0
1
0
-1
0
-1
-2
-1
-1
1
1
3
2
1
2
1
0
0
1
1
2
3
2
1
0
0
1
1
1
1
0
0
0
0
2
3
3
2
1
2
2
2
1
1
2
4
2
2
1
-1
-1
-1
-1
-1
0
0
-2
-1
-1
0
0
-1
-2
-3
-3
-2
-2
-2
-3
-5
-6
-6
-5
-4
-4
-3
-2
-1
-2
-1
0
-1
1
1
-1
-2
-1
-2
-3
-2
-1
0
1
2
2
1
3
3
1
1
2
1
2
3
4
5
5
5
4
3
4
7
7
5
6
5
4
4
4
3
2
2
3
2
2
2
1
1
-2
-3
-3
-2
0
0
0
-2
-4
-5
-4
-6
-3
-4
-6
-8
-9
-9
-7
-7
-4
-3
-5
-7
-7
-7
-5
-3
-5
-4
-5
-3
-3
-2
-1
-1
0
-1
0
2
4
2
-1
-3
-2
0
1
2
3
2
2
1
0
1
3
6
6
7
6
4
6
6
8
10
9
5
5
5
7
9
10
8
5
3
3
4
6
5
5
3
2
1
1
-1
-1
1
0
-2
-3
-2
-2
-3
-3
-2
-3
-5
-3
-2
-1
-1
0
-1
-2
-4
-3
-3
-4
-6
-5
-4
-4
-3
-2
-3
-4
-5
-7
-5
-5
-6
-6
-5
-7
-6
-7
-5
-2
-2
-2
-2
-3
-4
-3
0
1
3
2
1
0
3
4
1
3
2
1
2
1
1
3
5
3
3
3
4
4
2
2
2
2
1
1
2
3
2
0
0
0
0
1
3
6
6
4
0
-2
-2
-3
0
5
7
5
2
-1
-3
-3
-2
-1
-1
0
-1
1
-2
-9
-11
-9
-5
-1
-1
0
1
0
-2
-3
-4
-2
3
3
0
-4
-5
-3
-3
0
2
2
-2
-7
-10
-6
-4
-1
1
7
13
13
6
-2
-7
-6
-3
-1
4
5
3
-3
-7
-5
3
8
6
7
17
22
13
-1
-8
0
13
20
12
0
-4
0
6
0
-6
-3
8
13
5
-4
-4
0
-1
-7
-9
0
12
14
4
-7
-6
5
11
11
12
13
11
2
-5
-1
7
11
7
2
-4
-10
-15
-21
-20
-16
-12
-12
-10
-1
8
3
-10
-18
-9
9
17
13
6
2
2
-2
-13
-20
-20
-6
5
-1
-16
-30
-26
-18
-15
-23
-26
-18
-13
-19
-31
-37
-27
-14
-8
-13
-19
-21
-16
-14
-13
-12
-7
0
3
5
5
5
2
-1
5
25
47
60
56
41
23
11
4
9
22
33
32
18
7
7
17
19
12
3
-2
-3
-9
-17
-17
-13
-9
-12
-12
-1
16
27
20
3
-1
17
43
56
50
39
31
27
23
22
29
36
39
32
22
15
11
6
-1
-8
-10
-11
-20
-28
-27
-20
-16
-22
-34
-36
-33
-27
-19
-18
-27
-39
-39
-20
-2
2
-13
-29
-33
-26
-15
-16
-24
-28
-15
5
5
-10
-19
-17
-21
-30
-23
-5
3
5
25
56
67
59
56
63
63
68
98
116
86
34
15
21
16
12
40
69
53
4
-22
-20
-23
-42
-61
-65
-46
-20
-13
-37
-61
-59
-40
-31
-25
-1
24
17
-24
-66
-70
-39
-9
-27
-85
-128
-121
-103
-130
-181
-202
-196
-198
-203
-197
-200
-229
-245
-227
-201
-180
-143
-87
-45
37
224
463
614
620
572
533
480
410
381
431
522
584
570
461
288
92
-100
-260
-342
-336
-299
-288
-313
-359
-433
-523
-556
-480
-307
-96
77
177
188
150
128
156
245
359
447
442
333
195
97
24
-78
-206
-321
-434
-555
-665
-739
-799
-846
-832
-780
-749
-739
-701
-627
-570
-516
-383
-70
488
1184
1628
1493
982
684
831
1122
1301
1419
1493
1344
963
562
258
-55
-379
-592
-678
-737
-806
-906
-1117
-1416
-1572
-1438
-1153
-860
-524
-139
118
161
174
346
648
1005
1383
1642
1633
1426
1247
1139
990
832
755
625
251
-263
-637
-857
-1083
-1277
-1318
-1283
-1325
-1400
-1435
-1486
-1493
-1232
-717
-268
-41
112
280
388
502
783
1133
1302
1301
1307
1280
1048
668
390
287
236
144
-21
-308
-737
-1151
-1382
-1446
-1439
-1366
-1223
-1104
-1064
-1044
-1028
-1029
-929
-588
-162
42
54
96
328
841
1756
2670
2722
1811
989
1038
1468
1572
1548
1733
1768
1344
766
372
-51
-598
-1005
-1170
-1230
-1170
-995
-1085
-1664
-2225
-2197
-1702
-1196
-755
-260
117
184
112
197
516
983
1552
2041
2185
1960
1635
1402
1196
1034
1024
1011
641
-68
-628
-827
-1034
-1463
-1818
-1838
-1745
-1773
-1832
-1872
-1920
-1823
-1360
-706
-277
-90
100
316
526
885
1398
1703
1636
1509
1503
1408
1067
632
313
200
261
213
-258
-1093
-1832
-2127
-2045
-1863
-1798
-1819
-1808
-1760
-1568
-718
802
1827
1379
409
555
1656
2302
2260
2437
3001
3218
2856
2374
1862
1173
515
123
-189
-572
-744
-731
-1148
-2105
-2885
-3029
-2840
-2514
-1856
-1075
-770
-929
-992
-773
-386
375
1495
2306
2315
1994
1956
2032
1960
1899
1942
1786
1268
745
451
21
-770
-1460
-1556
-1440
-1677
-2008
-2074
-2225
-2625
-2578
-1839
-1193
-1034
-861
-461
-206
14
616
1254
1433
1420
1613
1703
1344
944
816
729
564
407
159
-379
-1010
-1398
-1581
-1827
-2096
-2093
-1761
-1558
-1761
-2077
-2084
-1816
-911
1212
3437
3542
1537
287
1203
2468
2685
2932
3924
4386
3395
2167
1704
1344
510
-250
-487
-601
-798
-853
-1189
-2395
-3823
-4126
-3257
-2317
-1698
-1029
-586
-841
-1209
-920
-166
795
2096
3233
3279
2481
2035
2107
2097
2044
2319
2561
2076
983
12
-564
-1073
-1715
-2083
-1896
-1710
-2014
-2555
-2979
-3362
-3439
-2652
-1451
-839
-718
-464
-321
-524
-174
1054
1867
1660
1522
1995
2116
1421
726
531
514
516
590
400
-396
-1430
-2090
-2216
-2064
-1849
-1732
-1884
-2310
-2644
-2515
-1386
945
3150
3178
1140
-92
931
2286
2428
2681
4080
4977
3928
2388
1855
1599
744
-120
-434
-591
-702
-562
-866
-2291
-3965
-4369
-3439
-2284
-1488
-870
-577
-943
-1503
-1431
-539
849
2315
3207
2997
2187
1871
2050
2105
2127
2537
2864
2335
1241
400
-139
-810
-1529
-1675
-1238
-1102
-1681
-2477
-3010
-3421
-3591
-2989
-1908
-1248
-1158
-1199
-1354
-1564
-985
437
1342
1222
1202
1696
1606
731
302
694
1081
1124
1015
488
-515
-1228
-1392
-1611
-1954
-1763
-1150
-1087
-1783
-2379
-2040
-121
2535
3682
2062
-76
168
2026
2787
2517
3147
4481
4465
2920
1833
1679
1346
458
-196
-468
-699
-734
-575
-1201
-2909
-4255
-4063
-2987
-2013
-1167
-455
-566
-1345
-1709
-1237
-129
1462
2954
3364
2676
2102
2107
2056
1917
2187
2642
2547
1839
1088
458
-241
-1119
-1853
-1880
-1415
-1358
-1923
-2524
-3026
-3659
-3841
-3029
-1990
-1435
-1125
-965
-1285
-1364
-251
1027
1088
741
1259
1799
1242
458
529
909
917
811
584
-271
-1329
-1637
-1485
-1774
-2272
-2156
-1656
-1662
-2088
-2187
-1161
1228
3499
3426
1068
-248
1339
3511
3836
3541
4405
5285
4365
2759
2231
2175
1435
360
-264
-747
-1172
-1130
-1183
-2425
-4329
-5132
-4422
-3282
-2379
-1508
-988
-1303
-1817
-1617
-619
917
2691
3868
3749
3055
2940
3083
2895
2733
2985
3069
2559
1864
1284
500
-629
-1879
-2706
-2672
-2252
-2259
-2839
-3475
-4114
-4731
-4556
-3419
-2281
-1694
-1403
-1369
-1610
-1146
365
1402
1237
1223
2065
2372
1557
979
1303
1679
1598
1288
546
-627
-1427
-1466
-1557
-2153
-2503
-2241
-1920
-2133
-2428
-2096
-101
2650
3746
1753
-541
220
3008
4309
3760
3910
5124
5195
3596
2520
2480
2137
1004
177
-216
-796
-1182
-1083
-1622
-3406
-4941
-4882
-3939
-3116
-2262
-1310
-1159
-1761
-2050
-1441
-108
1738
3288
3582
2946
2846
3217
3118
2873
3147
3375
2852
2246
2132
1816
765
-734
-2114
-2682
-2322
-1902
-2241
-3056
-3802
-4639
-5115
-4493
-3271
-2487
-2168
-1945
-1984
-1932
-860
565
934
700
1301
2199
2038
1373
1391
1832
1925
1806
1357
237
-976
-1265
-1065
-1434
-2258
-2576
-2178
-1968
-2233
-2418
-817
2019
3411
1437
-1173
-700
2319
4209
3925
3745
4753
5323
4232
2989
2677
2659
1881
863
195
-229
-467
-493
-999
-2563
-4244
-4585
-3911
-3213
-2656
-1830
-1442
-1902
-2384
-2052
-889
807
2310
2772
2366
2461
3108
3239
3011
3153
3291
2745
2272
2407
2301
1428
74
-1347
-2288
-2204
-1762
-2042
-2807
-3381
-4160
-5023
-4859
-3632
-2798
-2762
-2618
-2293
-2001
-1197
7
488
290
777
1689
1740
1278
1364
1762
1749
1568
1238
343
-687
-903
-665
-977
-2062
-2869
-2576
-1614
-1192
-1390
8
2739
3448
526
-1777
-49
3317
4373
3884
4108
4812
4521
3555
3068
2753
2263
1455
563
-381
-867
-711
-566
-1481
-3205
-4376
-4173
-3430
-2979
-2586
-1894
-1602
-1805
-1800
-1195
-111
1416
2688
2708
2000
2320
3384
3707
3373
3377
3235
2316
1562
1790
2086
1613
452
-1130
-2378
-2507
-2006
-2153
-2882
-3434
-3985
-4603
-4439
-3604
-3083
-3025
-2788
-2458
-2016
-918
258
326
-35
520
1368
1325
1194
1741
2007
1520
1275
1246
468
-476
-419
51
-489
-1739
-2607
-2477
-1850
-1370
-1386
54
2896
3877
658
-2576
-1167
2805
4402
3673
3646
4426
4248
3205
2840
2782
2476
1767
886
-351
-1089
-652
111
-600
-2647
-4149
-4028
-3283
-2836
-2456
-1746
-1489
-1775
-1893
-1493
-611
937
2479
2621
1554
1518
2841
3686
3409
3149
3030
2359
1583
1532
2012
2115
1435
-264
-2029
-2416
-1692
-1475
-2212
-3035
-3645
-4263
-4295
-3713
-3363
-3245
-2998
-2850
-2762
-1828
-347
-24
-569
-287
627
835
845
1587
2016
1422
1120
1466
1035
-71
-57
722
309
-1165
-1974
-1613
-1257
-1242
-1447
-585
2022
4184
2683
-1239
-2281
918
3984
4017
3131
3471
4122
3528
2489
2039
2182
2186
1409
-138
-1496
-1431
-224
181
-1342
-3505
-4284
-3654
-2823
-2275
-1587
-1125
-1469
-1984
-1965
-1254
229
2172
3082
2100
1049
1740
3052
3463
3314
3358
2928
1998
1498
1751
2131
1973
763
-1298
-2528
-1958
-1138
-1645
-2892
-3797
-4406
-4709
-4196
-3414
-3054
-3016
-3180
-3469
-2975
-1161
333
132
-416
28
665
837
1292
1968
1832
1396
1573
1529
530
-5
619
750
-502
-1573
-1359
-650
-592
-1100
-1504
-82
2817
3967
1224
-2066
-1319
2301
4180
3398
2764
3530
4055
3160
2059
1816
2366
2455
1345
-544
-1618
-880
446
194
-1812
-3647
-3917
-3385
-2767
-2067
-1422
-1550
-2182
-2506
-2306
-1440
557
2515
2442
857
555
1914
2930
3071
3327
3458
2695
1898
1963
2295
2335
1794
319
-1435
-1842
-873
-672
-1857
-3109
-3915
-4520
-4579
-3799
-3024
-2979
-3351
-3896
-4094
-2965
-1039
-149
-618
-812
-206
256
555
1121
1541
1576
1883
2108
1304
363
770
1605
931
-639
-1107
-208
532
137
-950
-757
1705
3927
2456
-1309
-2211
896
3648
3319
2181
2528
3397
3070
2033
1429
1715
2258
1953
251
-1481
-1318
365
991
-528
-2548
-3238
-2946
-2475
-1859
-1137
-976
-1496
-2048
-2332
-2034
-461
1694
2157
684
-95
977
2038
2149
2408
2937
2496
1587
1573
2116
2246
1932
1087
-336
-1256
-798
-262
-986
-2195
-2995
-3647
-4148
-3853
-3035
-2770
-3222
-3813
-4075
-3432
-1986
-921
-1015
-1406
-1103
-476
-16
423
829
1135
1625
1990
1393
400
589
1743
1841
483
-513
-45
1006
1191
343
-68
1480
3723
3370
107
-1887
39
3097
3633
2354
1911
2442
2402
1605
1026
1149
1589
1502
205
-1556
-1908
-372
884
23
-1988
-3044
-2832
-2302
-1726
-989
-594
-945
-1569
-1951
-1797
-626
1326
2224
1157
-13
513
1664
1975
2022
2432
2311
1441
1175
1804
2226
1947
1205
78
-983
-1028
-352
-418
-1417
-2397
-3074
-3624
-3708
-3072
-2540
-2788
-3434
-3859
-3641
-2695
-1575
-1132
-1474
-1694
-1336
-723
-240
109
532
1184
1654
1259
345
281
1350
2005
1223
136
191
1139
1659
1127
623
1512
3413
3806
1565
-756
-182
2339
3579
2747
1840
1936
2128
1683
1059
939
1229
1218
232
-1325
-1960
-875
551
387
-1277
-2625
-2749
-2273
-1742
-1006
-357
-457
-1223
-1857
-1859
-990
597
1789
1386
177
-20
848
1404
1470
1777
1944
1340
778
1225
2019
2101
1448
415
-574
-759
-36
377
-410
-1603
-2295
-2691
-2964
-2724
-2089
-1959
-2742
-3724
-4004
-3267
-2091
-1391
-1579
-2152
-2292
-1801
-1135
-742
-464
165
936
1023
342
1
708
1559
1509
844
654
1293
2124
2233
1702
1774
3061
3983
2798
647
307
1990
3281
2888
1985
1716
1712
1471
1111
860
709
501
-121
-1266
-2015
-1367
2
337
-821
-2139
-2552
-2284
-1731
-926
-213
-187
-799
-1355
-1448
-915
286
1475
1535
577
19
459
1026
1258
1537
1734
1288
579
569
1207
1640
1541
923
-47
-761
-648
-101
-102
-802
-1608
-2247
-2631
-2563
-2061
-1694
-2089
-3020
-3674
-3462
-2590
-1811
-1623
-1930
-2293
-2283
-1876
-1389
-974
-361
448
738
240
-150
323
1107
1322
1129
1153
1454
1904
2274
2355
2484
3219
4065
3533
1724
822
1819
3156
3232
2478
1923
1552
1180
979
950
756
282
-457
-1490
-2295
-1928
-638
44
-744
-2086
-2738
-2581
-2021
-1201
-409
-183
-641
-1214
-1375
-988
32
1220
1589
878
157
300
860
1208
1504
1745
1478
759
448
877
1450
1688
1380
512
-423
-654
-63
347
-100
-1004
-1739
-2049
-1989
-1682
-1452
-1721
-2459
-3161
-3285
-2758
-2058
-1713
-1943
-2527
-2914
-2716
-2099
-1502
-984
-387
-46
-282
-581
-268
513
1029
1173
1287
1437
1698
2154
2616
3073
3769
4465
4028
2347
1271
2015
3427
3736
2966
2115
1488
1040
904
983
863
369
-484
-1691
-2719
-2506
-1117
-100
-615
-2004
-2904
-2910
-2327
-1401
-489
-105
-384
-943
-1272
-1085
-111
1255
1878
1230
290
210
791
1229
1462
1623
1418
802
384
596
1075
1458
1458
787
-244
-805
-412
187
78
-667
-1434
-1792
-1758
-1551
-1439
-1616
-2077
-2641
-3006
-2889
-2400
-1931
-1844
-2251
-2815
-2996
-2610
-2014
-1488
-881
-344
-365
-769
-757
-83
647
1093
1440
1675
1713
1923
2409
3076
3967
4910
4879
3243
1589
1837
3446
4320
3808
2812
1884
1077
732
932
1109
799
-15
-1325
-2810
-3276
-2063
-451
-255
-1566
-2973
-3497
-3116
-2084
-843
-138
-285
-934
-1456
-1459
-592
960
2032
1625
430
-45
528
1242
1609
1804
1715
1140
520
547
1148
1639
1559
837
-122
-549
-114
495
305
-629
-1440
-1634
-1452
-1254
-1210
-1425
-2016
-2731
-3054
-2745
-2137
-1748
-1890
-2506
-3166
-3244
-2630
-1946
-1691
-1539
-1139
-882
-1016
-969
-355
362
680
869
1230
1594
1928
2310
2643
3127
4163
5139
4581
2674
1733
2833
4249
4278
3423
2690
1981
1211
933
1190
1269
800
-178
-1679
-3050
-2940
-1327
-136
-754
-2341
-3434
-3706
-3209
-1911
-511
-145
-881
-1715
-1982
-1550
-217
1530
2174
1131
-129
-146
667
1340
1853
2221
1907
967
398
711
1439
1930
1775
855
-251
-470
277
779
250
-743
-1366
-1546
-1487
-1258
-1108
-1479
-2370
-3167
-3275
-2741
-2113
-1909
-2316
-3058
-3521
-3324
-2729
-2221
-1818
-1320
-1001
-1190
-1439
-985
-26
622
785
960
1381
1833
2156
2323
2615
3561
4963
5420
4024
2242
2181
3575
4477
4203
3564
2917
2010
1183
1040
1409
1570
1061
-301
-2102
-3028
-2222
-720
-322
-1342
-2678
-3539
-3773
-3107
-1662
-500
-541
-1503
-2413
-2567
-1602
233
1652
1468
210
-555
-248
528
1381
2217
2465
1715
657
341
950
1875
2416
2062
921
-23
44
614
630
30
-490
-781
-1104
-1362
-1332
-1331
-1875
-2737
-3182
-2905
-2304
-2021
-2392
-3199
-3766
-3593
-2940
-2431
-2214
-1970
-1661
-1621
-1746
-1430
-521
350
638
603
795
1373
2061
2459
2383
2276
3053
4694
5608
4567
2646
1978
2821
3723
3859
3694
3391
2513
1248
482
677
1329
1583
750
-1012
-2428
-2282
-1030
-278
-697
-1678
-2649
-3374
-3267
-2033
-607
-284
-1099
-2131
-2641
-2162
-608
1036
1301
198
-745
-679
-100
589
1489
2171
1886
933
315
492
1198
1991
2263
1638
718
489
813
750
168
-217
-175
-196
-507
-874
-1233
-1788
-2447
-2782
-2517
-1954
-1778
-2392
-3421
-4040
-3829
-3104
-2434
-2137
-2153
-2306
-2444
-2342
-1761
-719
230
506
286
310
930
1748
2243
2316
2161
2289
3299
4820
5401
4162
2339
1773
2571
3460
3812
3850
3389
2063
549
55
790
1810
2001
898
-998
-2318
-2050
-790
-17
-298
-1238
-2379
-3234
-3015
-1664
-423
-378
-1253
-2127
-2493
-2029
-710
577
687
-244
-1001
-968
-478
231
1134
1711
1387
539
120
515
1300
1943
2079
1641
1049
807
874
798
499
296
274
176
-115
-529
-1060
-1732
-2288
-2326
-1898
-1603
-1984
-2895
-3703
-3974
-3676
-2987
-2302
-2084
-2446
-2932
-3045
-2580
-1516
-250
435
201
-193
146
987
1589
1858
2109
2295
2481
3220
4396
4811
3734
2243
1790
2471
3362
3877
3838
2997
1548
417
441
1409
2351
2345
1071
-842
-2021
-1574
-167
734
438
-730
-2098
-2949
-2617
-1289
-158
-140
-981
-1935
-2583
-2489
-1341
169
638
-288
-1408
-1686
-1188
-342
622
1222
979
208
-270
-55
699
1661
2278
2006
1071
401
478
864
1021
900
673
399
72
-356
-880
-1305
-1431
-1373
-1461
-1806
-2288
-2789
-3224
-3419
-3226
-2745
-2342
-2369
-2819
-3234
-3088
-2282
-1229
-460
-217
-297
-274
79
622
1081
1428
1785
2078
2230
2579
3462
4289
3922
2398
1311
1818
3177
3892
3573
2735
1725
849
740
1609
2601
2685
1643
23
-1283
-1364
-143
1171
1265
110
-1360
-2394
-2551
-1660
-316
290
-381
-1682
-2701
-2892
-2030
-557
299
-243
-1434
-2021
-1783
-1161
-306
628
1009
503
-280
-484
110
1125
1938
2021
1402
723
518
654
783
815
805
704
423
-56
-631
-1096
-1308
-1339
-1354
-1445
-1742
-2326
-2941
-3135
-2812
-2345
-2142
-2323
-2693
-2844
-2521
-1895
-1278
-739
-298
-169
-317
-231
369
1076
1398
1426
1479
1644
1997
2710
3518
3605
2622
1490
1415
2408
3304
3311
2691
1985
1401
1173
1608
2389
2663
2007
810
-270
-656
-77
1004
1500
841
-447
-1571
-2085
-1751
-697
143
-150
-1276
-2221
-2552
-2336
-1540
-509
-188
-935
-1861
-2066
-1621
-885
9
655
508
-231
-739
-577
178
1261
2085
1945
875
-163
-355
173
795
1098
984
506
-201
-902
-1281
-1121
-661
-495
-946
-1745
-2396
-2572
-2235
-1712
-1526
-1866
-2400
-2675
-2490
-1920
-1230
-762
-700
-890
-994
-747
-121
638
1080
950
527
377
758
1445
2137
2732
3050
2641
1528
713
1192
2530
3324
3018
2262
1679
1308
1284
1817
2505
2593
1904
882
52
-137
501
1420
1634
848
-306
-1189
-1554
-1257
-422
244
37
-913
-1919
-2448
-2225
-1293
-346
-250
-955
-1592
-1686
-1449
-974
-188
491
448
-212
-770
-714
-29
879
1370
1053
254
-301
-349
-140
117
390
488
165
-507
-1133
-1352
-1151
-869
-863
-1162
-1554
-1819
-1868
-1774
-1669
-1637
-1632
-1633
-1630
-1527
-1248
-929
-778
-750
-614
-288
118
454
578
445
271
387
848
1380
1755
2003
2177
2090
1586
1037
1105
1911
2691
2699
2090
1545
1350
1410
1696
2089
2222
1828
1118
488
226
479
1069
1425
1070
170
-738
-1223
-1054
-338
333
298
-431
-1289
-1833
-1878
-1333
-462
-4
-354
-1051
-1451
-1395
-977
-283
349
435
-35
-584
-798
-591
-21
616
819
401
-280
-695
-691
-429
-156
-76
-249
-595
-988
-1305
-1388
-1229
-1067
-1113
-1288
-1446
-1549
-1571
-1488
-1381
-1352
-1335
-1230
-1060
-889
-745
-654
-618
-508
-205
219
565
686
529
201
66
442
1161
1749
1964
1912
1654
1184
774
899
1669
2492
2645
2032
1260
934
1151
1647
2108
2263
1905
1141
403
154
526
1209
1625
1306
355
-598
-953
-619
32
519
471
-114
-885
-1412
-1442
-939
-174
249
-77
-828
-1277
-1116
-622
-125
216
272
-17
-482
-826
-841
-472
55
311
43
-516
-957
-1108
-1033
-852
-687
-654
-793
-1103
-1512
-1798
-1722
-1368
-1076
-1029
-1136
-1266
-1393
-1449
-1326
-1024
-688
-479
-445
-514
-559
-501
-339
-96
199
475
607
518
265
45
101
514
1091
1484
1516
1295
1054
903
873
1060
1523
2014
2095
1660
1136
1013
1331
1790
2097
2092
1714
1089
569
463
793
1242
1383
980
233
-386
-565
-344
25
271
186
-238
-741
-1007
-941
-635
-238
10
-118
-519
-787
-666
-290
81
302
299
52
-307
-557
-576
-371
-54
143
-13
-497
-1019
-1288
-1233
-988
-781
-804
-1071
-1451
-1781
-1898
-1703
-1296
-971
-942
-1169
-1422
-1477
-1260
-876
-551
-431
-478
-547
-531
-386
-151
74
201
220
182
158
213
344
436
424
402
508
716
881
929
923
942
968
962
966
1084
1324
1514
1488
1305
1193
1285
1503
1672
1661
1443
1118
844
713
738
857
939
816
451
16
-267
-289
-91
146
206
-3
-340
-596
-664
-523
-209
119
221
28
-251
-367
-241
34
274
309
100
-236
-529
-665
-571
-318
-156
-320
-770
-1251
-1530
-1516
-1267
-1006
-988
-1267
-1656
-1921
-1903
-1579
-1102
-764
-766
-1021
-1266
-1286
-1020
-574
-174
-21
-136
-346
-450
-319
21
382
534
399
139
-27
-4
162
381
569
662
626
506
400
412
593
893
1165
1236
1069
814
706
870
1220
1548
1658
1513
1244
1026
967
1066
1225
1296
1151
818
484
329
380
517
562
420
133
-128
-204
-89
88
172
105
-61
-202
-217
-95
91
222
206
58
-116
-192
-151
-78
-72
-195
-445
-727
-909
-923
-849
-829
-939
-1151
-1378
-1533
-1552
-1445
-1305
-1243
-1296
-1395
-1424
-1309
-1068
-790
-577
-498
-536
-595
-555
-382
-135
75
163
107
-27
-109
-43
149
338
397
298
138
26
4
65
204
393
515
451
227
40
79
360
720
951
949
747
490
370
525
919
1324
1454
1207
762
459
528
896
1256
1323
1047
613
270
201
420
741
893
723
319
-75
-224
-44
323
604
609
370
67
-125
-119
74
344
519
468
195
-145
-356
-363
-256
-194
-264
-472
-769
-1052
-1207
-1181
-1049
-959
-1020
-1229
-1465
-1576
-1509
-1307
-1071
-890
-827
-869
-913
-837
-612
-322
-89
-4
-66
-163
-167
-53
92
190
218
182
84
-29
-82
-54
5
29
2
-49
-78
-70
-51
-51
-56
-25
58
157
220
249
273
311
377
482
608
690
677
603
556
590
683
776
811
762
659
580
580
637
700
725
689
606
524
490
510
547
575
583
560
516
475
443
414
393
399
434
455
415
301
142
-11
-113
-173
-233
-319
-442
-604
-778
-917
-982
-990
-989
-1006
-1042
-1092
-1128
-1111
-1027
-913
-812
-728
-645
-556
-472
-395
-299
-178
-63
8
30
25
19
32
62
80
63
3
-98
-213
-304
-336
-308
-264
-252
-291
-366
-428
-420
-327
-190
-77
-38
-63
-97
-70
54
234
387
447
410
336
300
330
408
489
530
507
435
380
390
449
513
549
549
533
531
556
595
634
674
717
746
742
705
653
612
598
615
652
669
616
479
299
149
71
41
12
-63
-195
-358
-502
-594
-630
-625
-617
-650
-730
-814
-836
-775
-661
-539
-446
-388
-356
-324
-273
-193
-90
13
79
87
59
41
51
63
57
30
-22
-108
-221
-335
-418
-462
-484
-512
-559
-617
-663
-678
-658
-609
-533
-452
-387
-348
-318
-264
-168
-42
81
166
192
166
135
141
191
252
294
302
266
196
134
117
153
212
255
262
249
249
284
355
446
540
624
681
704
708
720
753
807
858
877
842
749
617
491
409
373
340
266
141
-12
-157
-259
-301
-300
-292
-313
-365
-424
-448
-416
-328
-216
-107
-23
37
87
145
214
284
346
392
416
412
376
316
253
197
142
72
-32
-169
-324
-472
-592
-679
-741
-801
-873
-961
-1048
-1098
-1089
-1037
-967
-908
-871
-844
-801
-716
-587
-442
-325
-260
-233
-208
-158
-79
6
70
100
97
68
33
24
56
113
156
164
136
101
90
119
183
261
339
396
420
425
449
519
613
692
733
738
712
673
640
623
605
573
518
436
340
248
174
121
87
65
45
16
-23
-56
-55
-5
90
193
273
318
347
389
458
551
651
727
754
726
664
604
562
528
476
379
233
55
-121
-274
-390
-483
-572
-683
-822
-966
-1082
-1141
-1139
-1108
-1076
-1067
-1079
-1087
-1058
-974
-848
-713
-610
-562
-554
-540
-479
-370
-256
-184
-171
-199
-226
-222
-176
-111
-55
-31
-44
-70
-77
-51
9
84
158
215
255
282
312
365
442
522
581
600
589
570
552
543
543
542
517
459
379
305
257
233
219
201
170
128
93
79
96
144
210
270
307
329
368
435
521
607
675
717
730
731
735
738
730
695
638
555
450
344
243
135
11
-119
-237
-346
-450
-553
-648
-732
-798
-835
-849
-858
-871
-885
-891
-885
-855
-796
-732
-682
-655
-644
-634
-608
-562
-515
-489
-486
-491
-495
-489
-474
-448
-415
-385
-362
-341
-314
-271
-207
-121
-25
64
141
210
274
339
412
485
540
569
581
582
569
543
518
485
433
361
277
194
120
61
12
-34
-81
-126
-153
-156
-128
-75
-2
77
149
223
308
416
540
663
772
852
900
930
958
981
992
982
938
859
759
657
558
463
365
256
128
-7
-133
-238
-316
-370
-407
-443
-486
-521
-535
-529
-513
-495
-476
-462
-456
-449
-434
-422
-416
-421
-437
-461
-491
-520
-542
-556
-570
-590
-616
-646
-666
-661
-633
-593
-551
-512
-472
-425
-369
-291
-196
-100
-21
33
70
109
154
208
262
300
304
276
235
196
166
147
124
87
35
-20
-69
-102
-111
-99
-79
-62
-44
-20
20
80
159
249
338
417
487
550
608
669
727
780
817
832
825
801
772
744
713
679
632
562
474
381
301
233
178
127
72
5
-62
-108
-130
-138
-153
-178
-207
-240
-264
-276
-273
-267
-281
-315
-359
-398
-424
-438
-450
-467
-495
-528
-560
-587
-606
-611
-596
-570
-544
-525
-511
-489
-447
-390
-322
-258
-201
-158
-126
-100
-68
-27
18
54
69
63
48
37
30
29
26
15
-1
-23
-43
-55
-54
-43
-26
-10
7
29
58
98
150
211
272
326
372
415
457
498
536
570
594
602
598
584
565
545
528
513
492
456
405
351
302
271
252
237
209
166
125
93
73
63
58
39
8
-29
-65
-94
-116
-136
-157
-194
-242
-295
-336
-367
-394
-421
-453
-491
-523
-542
-555
-558
-550
-533
-513
-488
-460
-429
-394
-351
-302
-254
-208
-161
-117
-77
-43
-7
25
45
56
62
60
51
41
32
16
2
-16
-32
-48
-59
-63
-65
-65
-57
-43
-23
2
36
75
115
158
200
237
272
312
350
381
402
412
419
424
426
425
419
411
399
380
359
337
310
285
266
248
230
209
187
167
148
135
128
126
121
104
74
42
20
4
-18
-45
-77
-110
-145
-184
-223
-260
-296
-332
-373
-413
-452
-484
-505
-515
-520
-524
-519
-503
-479
-454
-434
-415
-392
-355
-307
-259
-216
-181
-149
-122
-95
-64
-25
7
25
32
34
36
45
62
79
93
102
104
96
91
100
127
158
181
200
213
228
244
262
289
319
343
358
360
356
350
345
340
338
330
323
308
285
262
243
231
217
208
200
186
167
147
136
132
132
131
127
116
105
95
84
66
45
23
-1
-32
-65
-92
-117
-147
-188
-232
-271
-306
-338
-365
-393
-421
-453
-478
-496
-507
-508
-503
-490
-481
-472
-464
-457
-438
-405
-365
-327
-301
-284
-265
-238
-202
-164
-132
-106
-89
-80
-66
-41
-7
29
58
75
89
106
133
169
207
244
281
310
332
352
377
406
435
454
464
467
467
465
461
451
433
413
391
371
352
331
310
285
256
231
215
211
207
195
181
166
155
154
157
160
160
154
142
127
112
100
88
71
50
24
-6
-40
-72
-102
-130
-163
-197
-238
-279
-315
-343
-370
-397
-426
-449
-467
-482
-494
-504
-511
-516
-520
-521
-517
-505
-488
-477
-475
-469
-454
-431
-406
-384
-367
-350
-335
-316
-293
-262
-226
-191
-163
-139
-110
-71
-26
24
75
123
169
215
259
300
345
390
432
471
502
524
538
549
557
559
558
556
548
532
510
486
464
444
427
415
401
379
359
343
327
315
313
316
316
306
293
278
267
260
255
244
225
200
174
146
118
90
64
33
-7
-52
-97
-137
-175
-214
-247
-283
-325
-367
-402
-427
-448
-471
-497
-522
-545
-562
-576
-586
-594
-599
-605
-612
-620
-625
-622
-617
-614
-614
-610
-599
-579
-557
-530
-500
-471
-439
-403
-362
-311
-248
-181
-120
-67
-11
52
118
184
248
307
357
402
443
479
511
541
572
595
609
613
608
602
596
595
595
590
578
561
542
527
520
518
515
509
496
481
465
450
440
429
412
389
362
334
308
282
251
219
186
148
106
67
28
-8
-45
-82
-121
-161
-193
-223
-254
-287
-317
-343
-368
-396
-422
-443
-461
-479
-499
-519
-540
-554
-567
-580
-594
-611
-625
-633
-637
-638
-636
-630
-622
-615
-606
-586
-556
-522
-486
-448
-406
-359
-309
-258
-203
-143
-78
-16
38
83
127
173
221
265
302
330
357
387
412
430
439
445
452
458
471
487
499
500
497
496
497
506
520
533
538
538
534
528
527
524
522
517
503
480
451
424
398
375
348
312
272
233
192
152
114
75
37
-1
-41
-82
-118
-151
-181
-213
-240
-264
-288
-314
-340
-363
-383
-403
-420
-437
-452
-465
-477
-495
-515
-530
-535
-537
-541
-548
-549
-547
-541
-531
-513
-488
-459
-430
-402
-372
-342
-302
-258
-213
-167
-125
-88
-58
-27
9
45
76
106
130
148
162
177
193
206
216
223
230
236
246
258
269
277
283
290
298
310
324
337
351
364
374
381
385
388
394
397
396
392
383
373
361
346
329
311
288
265
239
214
187
163
139
116
89
62
37
13
-13
-36
-57
-78
-101
-127
-152
-175
-197
-218
-238
-260
-281
-302
-317
-331
-344
-350
-354
-361
-371
-378
-381
-377
-367
-350
-332
-318
-304
-289
-271
-249
-224
-195
-166
-140
-118
-93
-68
-40
-16
2
17
31
48
63
76
83
89
95
102
112
118
124
128
131
133
136
144
154
161
163
161
160
166
174
180
184
186
182
174
167
164
161
158
151
138
122
108
97
87
81
75
66
52
39
26
18
13
10
3
-8
-19
-26
-35
-42
-45
-48
-54
-66
-77
-89
-95
-101
-108
-115
-124
-135
-141
-146
-150
-153
-155
-157
-164
-167
-159
-146
-128
-119
-109
-98
-83
-65
-46
-26
-5
14
27
35
46
59
72
81
86
89
90
90
91
93
93
92
90
88
87
86
85
82
78
77
81
87
93
94
94
93
95
101
106
109
111
110
105
98
94
91
87
77
65
53
43
31
16
1
-13
-24
-35
-48
-62
-75
-88
-98
-104
-110
-116
-122
-130
-138
-146
-147
-146
-145
-146
-150
-154
-158
-159
-157
-154
-149
-146
-147
-149
-153
-148
-141
-129
-117
-106
-97
-87
-77
-63
-45
-24
-2
20
38
54
69
89
110
129
146
158
168
176
182
189
193
192
188
186
183
176
174
171
166
156
144
133
124
119
120
117
110
99
89
80
74
69
63
57
47
39
30
22
16
10
2
-8
-20
-34
-44
-54
-66
-75
-84
-95
-107
-120
-127
-132
-137
-143
-148
-155
-161
-167
-171
-172
-169
-167
-165
-165
-164
-164
-162
-161
-159
-153
-145
-140
-137
-134
-129
-125
-119
-108
-94
-81
-69
-58
-48
-35
-19
1
21
41
59
73
84
100
119
136
148
159
171
181
186
191
194
196
199
199
198
195
191
187
182
179
176
172
168
162
155
147
141
135
130
125
117
108
97
89
82
76
69
61
53
39
27
15
4
-7
-18
-30
-42
-54
-65
-75
-87
-99
-109
-120
-128
-137
-146
-153
-161
-169
-176
-177
-181
-183
-183
-185
-185
-186
-189
-192
-192
-189
-184
-183
-182
-181
-179
-175
-168
-159
-149
-138
-129
-120
-110
-98
-83
-62
-38
-19
-4
8
19
32
48
65
85
104
116
125
133
138
141
147
156
163
166
167
169
169
167
168
169
168
169
168
164
162
159
159
159
158
156
153
148
140
133
128
124
120
114
105
92
79
70
64
56
47
36
22
10
-2
-12
-21
-31
-44
-52
-60
-70
-78
-91
-99
-108
-116
-124
-129
-133
-137
-143
-149
-155
-159
-162
-164
-165
-170
-175
-179
-179
-176
-172
-167
-166
-164
-160
-154
-146
-135
-122
-109
-99
-89
-77
-67
-54
-38
-22
-8
4
18
29
39
47
55
63
71
77
83
93
101
106
108
110
114
116
117
120
125
130
132
131
132
135
139
141
140
137
133
130
127
125
120
116
112
107
99
91
82
78
72
67
59
50
43
38
33
27
20
16
9
1
-6
-12
-16
-21
-27
-36
-44
-49
-54
-61
-67
-72
-73
-77
-82
-89
-96
-100
-104
-108
-110
-111
-109
-109
-113
-116
-115
-112
-111
-105
-98
-93
-92
-90
-87
-82
-74
-67
-59
-50
-45
-44
-47
-45
-41
-35
-32
-30
-30
-28
-28
-28
-26
-23
-17
-10
-7
-5
-2
7
17
25
30
35
40
46
51
54
60
67
76
77
78
78
78
80
82
84
86
86
88
91
91
89
88
88
88
87
85
82
81
75
69
65
64
63
61
55
48
40
33
29
27
23
19
14
3
-7
-14
-20
-23
-28
-34
-40
-45
-50
-56
-59
-58
-56
-56
-57
-60
-61
-62
-60
-56
-53
-52
-52
-50
-44
-41
-41
-40
-39
-40
-45
-47
-48
-47
-47
-49
-51
-52
-54
-56
-56
-54
-52
-52
-52
-50
-45
-38
-34
-27
-22
-21
-17
-10
-4
2
7
12
14
15
17
21
27
32
35
40
41
44
45
49
51
55
60
65
67
68
69
71
73
79
86
85
84
81
77
76
73
73
74
72
70
63
52
44
40
40
37
33
27
16
5
-4
-8
-11
-12
-14
-21
-30
-36
-36
-35
-35
-36
-36
-37
-37
-38
-38
-36
-36
-35
-39
-45
-50
-52
-52
-53
-57
-60
-66
-70
-73
-76
-77
-78
-81
-83
-84
-82
-80
-77
-72
-70
-68
-67
-62
-58
-54
-47
-40
-36
-35
-33
-32
-27
-22
-16
-9
-6
-5
0
8
14
22
28
33
39
43
48
54
64
71
78
84
86
87
90
96
100
102
103
104
106
102
99
95
97
95
94
93
89
82
71
61
59
59
57
52
46
39
31
27
26
24
22
21
18
14
10
5
4
6
5
2
-5
-13
-16
-21
-25
-30
-34
-38
-46
-54
-60
-65
-67
-70
-74
-77
-79
-81
-81
-82
-80
-77
-78
-76
-76
-79
-80
-78
-73
-70
-72
-74
-76
-77
-76
-73
-69
-68
-67
-64
-59
-53
-48
-42
-35
-32
-26
-22
-17
-10
-1
5
8
13
18
26
32
40
46
50
54
57
60
65
70
70
70
70
71
73
72
71
70
69
67
67
65
63
62
60
57
55
54
54
53
52
51
51
49
49
47
43
38
34
28
23
17
13
10
6
0
-4
-8
-13
-15
-18
-22
-26
-30
-37
-40
-42
-44
-45
-45
-42
-41
-43
-46
-50
-52
-51
-52
-53
-57
-59
-60
-61
-62
-60
-59
-59
-60
-62
-63
-63
-59
-55
-51
-48
-41
-35
-30
-25
-21
-17
-11
-6
0
5
10
14
16
21
27
34
41
44
45
49
49
50
52
55
59
57
52
50
50
51
54
54
52
51
51
48
46
43
44
45
44
41
37
33
33
33
32
28
23
20
15
11
9
8
7
5
-1
-6
-8
-6
-6
-7
-9
-10
-10
-11
-11
-9
-9
-9
-9
-8
-13
-17
-18
-17
-18
-21
-25
-29
-33
-38
-39
-38
-36
-35
-39
-42
-47
-46
-43
-43
-41
-39
-37
-37
-36
-32
-27
-22
-18
-16
-17
-17
-17
-14
-12
-7
-2
1
2
-1
-3
-1
1
7
10
7
3
1
0
0
4
7
8
6
2
3
2
5
6
7
7
6
4
0
-2
0
2
3
1
-1
-4
-4
-4
-4
-1
4
3
1
2
2
7
11
15
18
21
22
21
20
22
28
33
34
33
31
30
29
28
29
31
27
22
18
15
14
10
10
10
10
8
6
4
5
6
8
9
9
6
5
8
11
12
14
10
9
9
9
9
9
8
8
8
3
-2
-2
0
2
2
-1
-5
-10
-15
-17
-16
-15
-17
-20
-25
-30
-30
-31
-30
-30
-32
-31
-34
-34
-35
-33
-30
-28
-28
-30
-31
-31
-29
-28
-26
-22
-18
-18
-19
-17
-16
-11
-9
-7
-7
-6
-6
-3
2
6
10
11
12
11
11
11
12
16
16
14
12
10
8
7
8
7
7
8
8
8
7
6
6
10
11
11
11
13
14
17
19
20
20
23
26
27
26
28
30
32
30
27
27
26
25
25
24
23
22
20
18
14
12
9
3
1
-3
-7
-12
-17
-19
-21
-25
-28
-28
-32
-35
-38
-38
-37
-36
-36
-35
-33
-33
-33
-29
-26
-27
-27
-26
-24
-23
-19
-17
-11
-10
-9
-7
-6
-4
-2
1
3
3
4
4
4
5
5
6
11
12
11
9
9
10
10
9
9
7
7
8
8
7
9
10
10
12
11
13
15
17
17
20
22
26
27
25
27
31
34
37
40
42
43
43
43
42
40
40
40
36
37
33
30
27
23
20
18
13
9
1
-3
-7
-10
-14
-19
-22
-26
-31
-35
-39
-39
-39
-41
-42
-44
-46
-48
-48
-46
-44
-42
-41
-41
-41
-41
-41
-40
-40
-36
-35
-32
-30
-30
-31
-29
-28
-27
-27
-26
-24
-24
-26
-24
-22
-22
-18
-15
-13
-12
-12
-13
-12
-12
-12
-11
-7
-4
-3
-2
0
1
4
8
12
16
21
26
30
33
37
40
44
51
54
58
63
66
68
70
73
75
79
82
84
83
78
73
71
69
66
62
55
46
39
35
29
22
17
13
6
-3
-9
-13
-17
-22
-25
-30
-33
-38
-39
-39
-37
-35
-35
-36
-40
-39
-39
-41
-39
-35
-33
-33
-33
-31
-30
-30
-30
-30
-31
-33
-35
-37
-40
-44
-46
-46
-47
-49
-50
-48
-48
-50
-50
-51
-51
-52
-53
-53
-52
-51
-51
-52
-48
-44
-41
-38
-34
-29
-24
-15
-7
0
6
16
27
37
47
56
67
76
83
89
98
106
110
111
116
120
120
118
114
114
110
104
95
89
81
73
63
56
46
35
24
15
6
0
-3
-9
-15
-23
-31
-36
-38
-39
-42
-43
-41
-42
-42
-42
-39
-34
-32
-31
-32
-31
-29
-28
-28
-25
-23
-23
-23
-26
-26
-28
-27
-26
-29
-31
-34
-36
-40
-42
-44
-46
-46
-50
-56
-63
-66
-69
-72
-73
-74
-74
-74
-74
-72
-69
-68
-66
-62
-57
-52
-45
-37
-28
-19
-9
3
15
25
35
47
58
68
78
87
95
101
106
111
114
115
113
115
116
113
111
108
105
100
93
87
80
73
66
60
54
48
41
34
26
21
15
11
7
4
2
1
-1
0
-3
-4
-7
-8
-8
-11
-11
-11
-13
-16
-18
-24
-27
-30
-34
-37
-39
-44
-48
-49
-52
-56
-58
-61
-62
-64
-67
-70
-74
-76
-79
-80
-82
-85
-87
-88
-88
-89
-88
-85
-83
-83
-79
-73
-69
-68
-64
-54
-47
-38
-30
-22
-12
-2
8
16
25
36
44
52
58
65
72
78
84
89
92
94
95
96
93
90
85
81
78
74
68
63
58
51
43
38
33
26
21
14
11
9
7
7
9
9
11
10
11
11
14
18
19
20
23
26
24
24
23
21
20
19
17
11
5
1
-4
-11
-17
-24
-31
-40
-46
-52
-56
-62
-67
-71
-73
-75
-79
-80
-80
-79
-81
-81
-79
-76
-75
-73
-67
-60
-54
-49
-44
-37
-27
-18
-9
0
8
15
22
32
41
50
57
64
68
74
79
84
88
91
91
88
85
81
77
73
70
65
57
51
45
37
28
20
13
5
-1
-5
-11
-13
-16
-19
-21
-24
-28
-31
-34
-36
-35
-35
-34
-33
-31
-29
-24
-22
-20
-17
-17
-13
-12
-12
-13
-14
-14
-14
-16
-18
-19
-19
-21
-24
-28
-32
-38
-43
-47
-52
-56
-58
-61
-59
-56
-54
-49
-46
-42
-39
-35
-29
-23
-18
-13
-7
-2
5
12
22
32
39
44
49
53
56
60
66
71
73
76
79
79
79
80
80
77
76
73
69
65
60
54
49
44
38
31
24
18
11
2
-4
-9
-13
-18
-24
-27
-31
-35
-39
-42
-44
-44
-44
-42
-40
-39
-39
-37
-34
-34
-32
-29
-28
-26
-25
-24
-22
-21
-18
-16
-16
-15
-16
-14
-16
-19
-21
-22
-23
-28
-32
-34
-34
-36
-38
-39
-39
-38
-37
-38
-38
-33
-30
-25
-22
-16
-10
-2
5
13
22
29
36
43
51
56
63
71
77
81
85
89
90
92
93
94
93
91
87
82
80
75
69
60
54
47
40
30
21
12
1
-7
-14
-23
-31
-40
-47
-53
-59
-65
-66
-69
-72
-75
-76
-76
-75
-75
-72
-69
-67
-65
-62
-59
-57
-54
-50
-48
-46
-44
-44
-42
-42
-44
-43
-41
-42
-41
-39
-37
-34
-31
-27
-24
-20
-18
-16
-16
-15
-11
-8
-5
-2
0
2
6
12
15
20
25
31
36
43
50
58
64
69
74
77
82
85
88
93
96
98
100
102
104
105
106
104
105
103
97
91
87
81
74
66
59
50
41
31
22
12
5
-1
-9
-16
-25
-34
-42
-48
-51
-57
-61
-66
-69
-70
-71
-72
-73
-73
-75
-79
-79
-79
-78
-76
-76
-74
-73
-72
-70
-69
-68
-66
-63
-60
-60
-57
-58
-57
-55
-55
-54
-50
-46
-43
-42
-41
-38
-31
-26
-20
-16
-13
-10
-10
-6
-1
3
5
8
12
17
22
28
33
40
47
55
61
65
68
75
79
81
83
86
88
90
94
93
94
94
93
91
90
87
84
79
71
65
59
55
49
42
39
35
27
19
10
2
-4
-8
-14
-19
-25
-31
-37
-40
-41
-42
-43
-45
-47
-50
-53
-52
-53
-55
-57
-59
-59
-61
-63
-63
-66
-64
-65
-66
-67
-65
-65
-65
-63
-59
-57
-53
-51
-50
-48
-46
-43
-40
-35
-32
-28
-25
-22
-15
-9
-2
4
9
11
13
17
23
28
32
35
38
39
39
45
50
55
60
64
68
70
71
74
76
78
81
82
82
80
77
75
75
72
69
66
63
58
51
47
43
38
31
25
19
12
6
0
-6
-9
-15
-21
-25
-29
-34
-35
-37
-38
-41
-43
-45
-47
-48
-50
-49
-48
-50
-51
-52
-52
-55
-53
-53
-54
-55
-54
-52
-53
-53
-53
-50
-48
-47
-45
-42
-41
-38
-37
-36
-36
-33
-31
-29
-28
-23
-16
-12
-9
-8
-7
-4
-2
2
5
8
8
8
11
16
21
26
29
33
34
37
40
44
47
49
51
55
55
55
54
55
56
57
56
53
52
52
50
48
45
42
38
34
32
29
28
24
21
21
17
13
7
4
4
3
3
0
-7
-12
-15
-16
-20
-21
-20
-20
-23
-26
-28
-27
-22
-21
-26
-31
-32
-31
-31
-32
-33
-34
-33
-33
-34
-35
-36
-36
-32
-32
-32
-26
-22
-20
-21
-21
-21
-18
-17
-13
-9
-8
-6
-6
-5
-3
-1
1
2
2
-1
0
3
7
8
8
13
18
24
29
31
31
31
30
31
28
24
23
22
20
20
22
25
28
27
24
15
8
5
3
2
-1
-3
-4
-2
-2
-4
-2
1
4
-1
-9
-13
-8
3
9
4
-3
-2
1
1
-5
-14
-17
-11
-3
-2
-1
3
10
11
2
-6
-4
8
17
12
-3
-13
-9
2
8
8
3
1
-2
-12
-25
-30
-28
-24
-24
-26
-21
-14
-11
-15
-20
-16
-7
-3
-11
-20
-23
-14
-3
-1
-4
-2
6
14
14
7
1
1
3
7
10
17
21
18
10
6
13
24
27
21
14
11
15
13
7
-4
-11
-9
-3
-1
0
2
4
4
1
-1
-2
-9
-23
-35
-35
-29
-21
-16
-13
-12
-11
-12
-12
-9
-7
-5
-7
-9
-4
14
32
38
35
29
30
35
33
22
11
9
12
12
12
18
32
43
36
16
-1
-9
-10
-3
7
18
12
-22
-48
-23
68
171
183
67
-87
-152
-93
14
55
-2
-98
-147
-110
-11
99
156
107
-32
-163
-182
-81
38
66
-11
-106
-119
-32
75
115
66
-15
-73
-94
-86
-67
-44
-33
-43
-57
-52
-25
11
34
33
15
-5
-18
-21
-17
-2
25
49
56
45
22
7
10
27
42
46
34
5
-22
-38
-33
-14
12
35
42
28
3
-17
-28
-24
-5
14
26
23
13
9
21
36
38
32
28
38
47
34
12
13
22
15
3
3
17
31
20
-10
-24
-11
13
26
28
23
16
3
-14
-17
6
39
43
16
-6
-7
-2
-4
-12
-8
12
25
17
-5
-25
-22
-7
0
-8
-17
-14
-6
-9
-22
-33
-31
-17
-19
-31
-27
-3
20
12
-19
-56
-65
-35
-1
1
-34
-74
-83
-49
4
39
37
3
-44
-71
-54
0
53
59
13
-42
-58
-25
25
52
47
22
1
1
25
54
59
27
-24
-57
-34
30
75
53
-22
-91
-101
-50
17
53
43
-3
-50
-71
-52
-7
35
44
21
-5
-10
7
24
16
-14
-36
-21
18
46
33
-8
-42
-41
-7
35
56
40
1
-32
-32
-7
20
22
6
-8
-1
21
37
30
14
8
19
43
65
68
43
-3
-42
-39
7
56
58
10
-49
-69
-44
0
22
14
-9
-27
-28
-17
-5
-1
-9
-23
-29
-19
9
29
21
-9
-32
-15
35
79
81
40
-8
-30
-16
20
49
58
40
8
-18
-24
-8
13
16
-3
-27
-36
-27
-11
-3
-5
-13
-19
-20
-12
-2
1
-8
-24
-34
-23
4
28
30
8
-17
-25
-5
27
46
41
15
-10
-21
-12
5
14
10
-4
-9
3
24
33
19
-12
-36
-32
-3
25
24
-7
-43
-55
-34
9
37
30
-4
-37
-43
-23
8
22
9
-15
-29
-22
-2
15
16
3
-11
-19
-16
-9
-7
-12
-23
-32
-26
-6
13
15
0
-16
-21
-7
12
19
13
-1
-15
-24
-24
-19
-14
-12
-14
-26
-37
-39
-32
-23
-21
-28
-31
-24
-12
-3
-2
-10
-18
-16
-8
2
7
0
-15
-22
-10
14
36
42
32
18
11
13
23
30
34
36
33
29
29
32
34
31
25
28
41
55
55
40
26
25
40
56
62
57
48
39
36
37
38
36
33
27
22
19
22
23
18
8
3
7
16
20
15
4
-7
-7
-2
-2
-7
-14
-22
-26
-26
-24
-26
-31
-35
-38
-38
-36
-37
-43
-51
-56
-51
-44
-41
-44
-49
-52
-56
-58
-55
-49
-43
-40
-45
-51
-52
-46
-38
-32
-31
-28
-30
-33
-34
-37
-35
-28
-25
-25
-26
-21
-15
-7
0
5
7
12
16
18
19
18
20
26
33
40
48
52
53
54
57
61
67
68
67
65
61
58
58
58
55
47
41
37
34
35
39
40
38
30
26
30
38
41
34
26
21
15
11
7
2
-3
-11
-15
-18
-21
-23
-24
-22
-22
-20
-21
-29
-40
-49
-50
-45
-43
-46
-52
-55
-54
-47
-38
-35
-36
-38
-44
-45
-43
-38
-34
-33
-32
-35
-39
-38
-37
-34
-35
-34
-31
-30
-32
-30
-23
-16
-12
-12
-7
-1
7
15
19
17
16
17
20
22
23
25
27
30
33
36
42
48
53
56
56
58
59
55
50
48
51
54
52
47
42
38
38
40
40
41
39
36
34
30
27
23
19
16
11
6
3
-1
-3
-6
-8
-9
-10
-11
-18
-24
-28
-32
-34
-35
-34
-31
-31
-32
-35
-38
-35
-31
-29
-29
-31
-38
-46
-48
-46
-42
-41
-44
-51
-53
-50
-47
-42
-39
-39
-43
-47
-45
-37
-31
-29
-30
-30
-26
-18
-7
0
0
-3
-3
2
8
16
21
22
23
24
29
35
40
43
44
39
34
36
41
41
38
36
38
41
44
44
44
43
40
38
36
37
36
35
31
29
31
33
31
31
26
23
22
22
20
17
13
12
11
10
6
2
-1
-5
-4
-6
-7
-10
-11
-12
-16
-19
-20
-20
-19
-21
-23
-24
-25
-25
-26
-28
-27
-25
-26
-30
-30
-30
-27
-29
-33
-38
-40
-37
-31
-27
-27
-29
-28
-26
-23
-19
-19
-20
-21
-20
-18
-12
-7
-4
-3
-6
-5
-2
1
5
4
1
0
-1
2
4
0
-3
-1
2
8
14
16
15
14
16
17
23
30
32
29
24
21
21
21
25
28
29
29
28
26
22
19
20
23
27
29
26
18
8
4
5
7
9
10
9
4
1
-2
2
6
6
5
0
-2
-4
-3
-4
-3
-2
-3
-3
-5
-7
-7
-7
-9
-15
-17
-16
-15
-15
-18
-20
-22
-25
-25
-26
-28
-28
-26
-24
-24
-24
-21
-18
-14
-9
-4
-5
-6
-8
-9
-8
-7
-4
-3
-3
-5
-5
-2
2
4
6
6
4
3
3
3
5
9
12
12
8
8
7
9
12
16
19
19
19
18
16
16
16
16
19
17
13
7
4
2
-1
-1
1
4
6
7
8
8
11
12
9
8
8
8
6
3
3
1
1
0
0
3
5
4
4
3
2
-1
-2
-1
-2
-4
-8
-15
-18
-19
-19
-21
-22
-26
-29
-33
-33
-32
-29
-25
-20
-15
-9
-6
-4
-3
-5
-8
-10
-9
-10
-8
-6
-2
1
4
8
9
10
11
10
10
9
8
7
9
10
11
13
13
15
13
13
13
14
18
19
16
13
12
12
14
14
11
11
7
4
3
1
-2
-4
-5
-6
-5
-3
-3
-5
-9
-12
-12
-10
-8
-6
-5
-4
-5
-6
-2
2
2
3
3
2
-1
-5
-5
-1
1
3
4
6
5
6
5
3
-2
-7
-5
-4
-5
-6
-7
-7
-9
-9
-7
-7
-9
-11
-11
-11
-8
-3
-1
2
5
2
4
7
8
7
7
6
5
6
5
5
8
13
17
17
18
16
15
14
12
11
11
10
10
9
6
3
0
-3
-3
-4
-3
-3
-1
-2
-1
2
0
-2
-6
-6
-5
-3
1
2
1
-1
-3
-2
-3
-4
-4
-5
-8
-8
-7
-7
-7
-8
-10
-9
-10
-12
-11
-12
-14
-15
-13
-10
-11
-14
-14
-15
-14
-13
-12
-11
-11
-12
-13
-12
-12
-11
-8
-4
-4
-4
-4
-4
-5
-6
-3
-1
0
3
7
10
12
12
14
16
17
17
16
16
15
14
12
13
14
14
14
14
12
10
10
8
9
9
9
7
3
6
8
9
9
7
4
1
2
1
-1
-1
-2
-2
0
-1
-2
-2
-5
-7
-8
-6
-3
-2
