-5
-5
-4
-4
-3
-2
-2
-1
-1
0
0
0
1
1
3
3
2
3
3
2
2
3
2
2
2
3
3
3
3
3
2
2
1
0
0
0
0
-1
-1
-3
-1
-3
-2
-2
-2
-4
-2
-2
-2
-1
-1
0
0
0
-1
0
1
2
1
1
2
1
2
2
1
0
2
0
0
0
-1
0
-1
0
0
-1
0
-1
-2
-2
-1
-1
0
-1
1
0
0
0
0
0
-2
0
0
1
2
0
1
1
1
1
2
1
0
1
1
1
0
0
-1
-2
0
-1
-2
-1
0
-1
-1
-1
-2
-1
-2
-3
-3
-4
-4
-3
-3
-2
-2
-2
-1
-2
-1
-2
-2
-2
-2
-3
-1
-1
-1
-1
0
1
0
2
0
0
1
1
1
1
0
1
1
2
1
1
1
1
1
1
1
2
2
2
3
3
3
3
3
3
3
4
2
2
2
2
1
2
3
1
1
2
2
0
0
1
2
1
0
1
0
0
0
-1
0
0
0
1
1
0
0
0
0
0
1
2
2
1
-1
0
0
1
0
2
1
0
0
-1
-1
-2
-1
-2
-2
-2
-2
-1
-2
-2
-2
0
0
-1
-1
-2
-3
-2
-3
-4
-4
-4
-5
-4
-3
-2
-2
-1
-1
2
0
0
0
1
1
1
0
0
0
-1
-2
0
1
0
0
2
2
2
1
0
-1
-1
-1
-2
-1
-1
-1
0
0
-1
0
-1
-1
-1
0
0
1
1
1
2
2
2
2
1
1
1
-1
-1
-2
-1
-1
-1
-1
0
-1
-2
0
-2
-3
-2
-4
-4
-3
-4
-3
-4
-3
-3
-3
-3
-4
-3
-2
-2
-2
-2
-1
-1
0
-2
-2
-2
-1
-1
-1
0
-1
-1
0
-1
0
1
1
0
2
3
3
1
1
3
3
3
4
4
5
5
4
5
6
5
5
3
4
5
3
5
4
4
5
4
4
4
6
6
5
5
6
6
5
4
4
4
4
1
2
1
-1
-1
-2
-1
-1
-2
-2
-3
-4
-6
-5
-5
-6
-6
-5
-5
-4
-4
-4
-2
-3
-4
-2
-2
-2
-2
-3
-2
-2
-2
-2
-2
-2
-2
-2
-3
-2
-1
-2
-2
-1
-2
-2
-2
-3
-3
-2
-2
-2
-1
-2
-2
-2
-1
-1
-1
-1
-1
0
1
2
3
3
3
3
3
4
4
3
3
3
4
5
4
5
3
3
1
1
2
1
2
3
2
3
4
3
5
3
3
3
2
1
0
-1
0
-2
-3
-3
-5
-4
-2
-4
-4
-4
-5
-4
-4
-5
-6
-6
-5
-4
-7
-7
-9
-9
-9
-11
-9
-9
-8
-7
-6
-4
-4
-6
-3
-3
-1
2
0
-2
-2
-1
3
2
1
0
1
-1
3
6
3
5
6
7
9
9
11
8
6
10
9
7
10
11
12
11
11
11
9
10
9
10
13
12
11
11
11
9
10
12
9
7
5
5
9
5
4
2
3
5
0
1
6
3
-1
4
6
2
-5
-4
-6
-8
-10
-10
-6
-3
-11
-14
-10
-13
-14
-15
-17
-16
-14
-15
-13
-9
-12
-17
-13
-9
-13
-10
-5
-6
-7
-7
-3
-7
-8
-4
-2
2
-1
-1
7
6
1
-1
5
2
-6
4
5
8
9
1
4
10
10
6
8
17
8
2
9
10
13
6
4
11
0
-1
2
2
1
-6
-5
-7
-8
-5
-4
1
-4
-7
-3
-7
-6
-8
-3
0
-8
-9
-12
-14
-10
-16
6
16
0
-4
-14
7
-2
-31
-27
-22
-18
-13
-7
4
2
-16
-14
-14
-14
-20
-17
-7
-1
10
9
6
5
7
9
7
12
12
20
28
17
14
13
9
9
8
13
19
18
16
21
21
21
9
10
22
20
9
8
23
24
24
27
23
18
14
18
16
19
21
7
11
16
13
11
7
12
10
0
6
1
-10
-2
2
-4
-9
-5
-5
-11
-5
-8
-16
-11
-21
-17
-6
-10
-17
-25
-23
-12
-19
-21
-27
-22
-11
-22
-24
-24
-15
-31
-35
-17
-20
-16
-7
-16
-3
-5
-25
-21
-12
4
-13
-16
-14
-11
8
-19
-25
10
-10
-10
6
3
-3
-19
1
-1
-3
16
2
4
10
10
19
3
-3
-2
20
34
-1
6
22
20
17
0
13
2
-13
11
19
100
50
-39
-8
-11
-16
-27
-15
19
5
2
28
31
35
-18
-21
-19
-46
-19
-4
20
36
13
0
-17
-25
-16
20
35
-9
9
16
7
18
-32
-18
12
-4
-1
-2
29
15
-13
16
6
-1
4
-5
87
94
-15
-63
-44
-1
0
17
18
10
7
11
30
13
-9
-22
-60
72
83
5
36
-7
-27
-28
-62
-42
-55
-26
68
54
52
-4
-27
-19
-82
-77
-50
-7
31
34
59
64
37
-42
-33
30
-10
2
-8
-12
44
-15
-23
17
-53
-20
-22
-55
-9
-28
10
23
11
-13
-68
-38
-30
-8
57
25
-14
-13
24
2
-31
-19
-44
8
23
-26
51
4
-73
22
-16
-12
-15
-53
28
8
24
19
-43
10
-23
-2
71
-27
-28
19
37
104
24
-32
-26
5
18
8
43
-18
-34
11
12
32
-8
-1
17
-4
74
-16
-33
49
-35
4
64
-57
1
6
-21
25
32
41
-28
-5
6
-30
17
-17
-47
30
-36
-78
-22
6
-49
-12
43
-13
28
-14
-49
83
-12
-87
46
19
8
-34
11
61
-44
15
24
7
41
-80
-42
111
-6
-34
27
-5
-7
47
74
42
-2
-32
11
95
68
-41
-38
64
47
-47
17
12
1
-15
-33
42
-5
-99
-85
16
62
-8
-57
-6
3
-22
-37
-20
-25
-59
2
17
48
10
-2
5
-18
-17
-93
-40
113
58
43
245
-11
-156
-94
-47
16
78
-29
-56
226
118
-31
-4
166
-53
-234
-48
15
3
216
104
29
165
-199
-270
-79
-104
-182
-28
21
-107
-121
-20
-66
-170
-83
-74
22
68
-17
-43
84
5
-88
-36
13
-12
19
249
390
241
21
-25
-159
-58
-48
53
184
130
13
20
31
-94
-88
-118
51
4
6
238
174
-57
23
-53
-177
-19
-46
51
119
-5
-84
-72
-75
-214
-225
-46
-51
5
51
11
-115
-145
-123
-148
81
75
47
116
124
130
169
119
-3
7
48
134
85
208
111
-33
-75
-78
21
-7
-38
-19
100
17
-58
-34
44
-14
-100
-38
54
16
-29
164
189
129
61
-76
-1
-112
-113
17
-8
2
-40
-48
36
-4
-163
7
45
-150
-63
-51
-12
-31
-36
-80
58
78
-84
-25
-50
107
4
15
42
-63
-118
-112
-25
90
108
-81
-40
-113
-67
54
-67
-40
-9
-14
-43
-13
104
55
27
111
145
105
99
89
-46
101
4
-3
49
-41
37
-56
-97
-17
70
-16
48
-65
-107
27
-180
-113
-26
-66
-149
-87
112
141
13
-78
66
-95
-83
48
-25
119
22
-124
162
196
-80
-116
-3
53
-122
-50
223
78
-64
-45
-38
54
-39
-77
147
268
-48
-162
154
92
67
43
130
120
-132
-214
81
144
-35
-127
-64
78
-145
-91
-125
-145
-35
-94
-60
128
38
-46
81
68
-20
-16
29
-46
-59
67
123
-27
50
109
-55
-50
102
18
98
96
-29
2
33
-74
-159
82
40
-162
-107
139
67
-46
95
114
48
-75
35
111
-33
-64
-67
14
130
-57
-129
52
-15
-207
-111
68
30
-59
-40
106
134
23
-107
-68
55
37
-46
168
317
-8
-128
1
-106
-105
34
6
7
54
-39
-103
55
-71
-291
-184
-58
14
88
93
80
23
-95
-54
-28
48
41
-74
106
272
54
-58
32
-123
-112
43
153
180
56
-27
-15
51
105
-51
-91
45
-79
-126
72
98
-142
-201
-114
-1
-24
-112
-37
38
-29
-121
18
150
54
-115
-61
27
-30
-133
-83
83
-1
-63
124
150
44
-11
-110
-12
55
-42
-17
-16
-2
82
72
137
169
-42
5
175
175
182
148
-28
-74
-63
-83
45
-6
-48
8
-25
17
21
-117
-82
-72
-118
14
-31
-53
-24
20
110
105
115
57
-22
53
110
-39
-21
62
-97
-174
-40
-21
-72
-51
-49
2
23
-54
-59
23
66
4
-4
69
-4
-22
59
106
130
94
11
8
24
17
-36
-73
16
-32
-65
53
65
-35
-138
-162
-133
-140
-175
-102
48
8
-147
-112
-77
-129
-91
29
103
154
145
46
77
172
11
-151
100
218
-5
-3
232
246
55
66
112
-14
-128
-80
31
-1
-115
-189
-134
-80
-143
-135
11
9
8
102
94
90
79
2
83
298
231
42
81
177
99
51
210
182
-75
-154
-23
-50
-223
-270
-224
-155
-77
8
-15
-171
-246
-206
-171
-124
-68
-86
-89
-64
-3
5
-89
-129
-97
-51
-42
-11
-9
-70
-32
34
3
-40
-41
-80
-107
16
141
87
-56
-38
-35
-101
-31
134
183
86
41
131
211
155
224
337
242
140
240
308
246
228
303
347
394
469
404
228
191
255
203
245
347
163
-87
-41
29
-82
-174
-192
-238
-232
-119
-77
-209
-372
-444
-415
-311
-259
-311
-374
-370
-300
-208
-200
-313
-383
-357
-274
-151
-88
-134
-273
-354
-321
-239
-244
-290
-344
-343
-283
-219
-234
-315
-329
-321
-200
-18
32
-101
-232
-218
-102
93
266
400
444
360
357
472
535
486
585
725
866
1040
1121
1078
853
692
657
834
992
946
891
886
804
614
522
338
59
-104
-94
30
122
0
-312
-533
-572
-608
-650
-548
-453
-598
-652
-456
-433
-603
-688
-587
-477
-407
-358
-390
-525
-601
-592
-570
-477
-471
-609
-764
-814
-861
-904
-907
-899
-893
-853
-732
-745
-874
-1000
-1001
-820
-608
-501
-311
-122
-153
-175
-137
-48
109
207
295
475
620
606
731
962
1192
1381
1601
1719
1803
1949
2000
1997
1998
2052
2101
2194
2224
2203
2022
1712
1527
1375
1151
1053
874
469
119
-153
-544
-898
-1089
-1160
-1153
-1178
-1236
-1258
-1359
-1568
-1574
-1362
-1182
-975
-694
-543
-542
-540
-563
-653
-676
-597
-549
-529
-508
-601
-872
-1107
-1231
-1349
-1427
-1453
-1510
-1678
-1836
-1909
-1975
-1973
-1813
-1672
-1568
-1371
-1100
-948
-848
-694
-453
-186
48
304
477
519
522
802
1236
1682
2101
2550
2888
2909
2781
2646
2538
2416
2491
2778
3124
3250
3077
2779
2372
1909
1490
1264
1160
1075
897
624
300
-119
-665
-1120
-1233
-1095
-948
-813
-633
-567
-720
-933
-975
-853
-664
-462
-236
-23
116
12
-256
-373
-378
-469
-655
-737
-770
-1037
-1470
-1758
-1820
-1932
-2202
-2378
-2326
-2345
-2576
-2711
-2557
-2317
-2141
-1903
-1665
-1350
-1135
-1232
-1141
-715
-240
89
392
663
775
820
732
564
627
838
796
621
700
913
759
400
423
857
1316
1494
1645
1896
1921
1651
1457
1674
2086
2337
2594
2926
3132
3027
2684
2353
2104
1928
1848
1769
1687
1473
981
326
-315
-783
-1017
-1090
-1061
-999
-916
-1060
-1430
-1661
-1745
-1798
-1787
-1542
-1115
-821
-827
-974
-1012
-963
-1073
-1128
-844
-585
-678
-825
-730
-754
-1058
-1118
-968
-930
-987
-956
-828
-870
-923
-773
-684
-564
-458
-426
-282
-206
-243
-221
-141
-130
-188
-129
2
-59
-198
-260
-161
-62
-74
43
227
252
154
217
402
449
518
772
976
1080
1085
1054
1058
1047
1019
958
1007
1102
1108
1054
912
705
578
530
451
353
421
549
435
291
378
524
486
342
333
385
406
411
462
700
839
649
353
196
114
-108
-345
-401
-378
-390
-411
-345
-246
-370
-614
-682
-523
-403
-442
-410
-331
-378
-469
-557
-575
-584
-557
-394
-267
-275
-448
-662
-861
-1094
-1286
-1228
-1020
-969
-1096
-1078
-983
-1081
-1214
-1243
-1079
-867
-713
-537
-354
-233
-318
-492
-334
-23
75
101
309
585
585
381
268
258
220
142
214
472
665
723
733
838
952
863
649
581
735
964
1183
1484
1726
1776
1740
1709
1746
1751
1711
1673
1611
1576
1571
1567
1500
1218
846
559
358
204
51
-11
-89
-334
-640
-934
-1221
-1444
-1495
-1362
-1188
-1010
-905
-1002
-1080
-1006
-746
-760
-1095
-1011
-559
-410
-663
-698
-420
-573
-1116
-1248
-794
-512
-943
-1469
-1380
-1262
-1657
-1950
-1663
-1282
-1477
-1696
-1380
-1008
-1075
-1279
-1083
-701
-603
-534
-296
-190
-299
-354
-221
-144
-25
354
921
1393
1616
1764
1807
1480
1212
1503
2093
2437
2535
2768
2944
2811
2629
2645
2626
2287
1962
2009
2124
2011
1808
1555
1040
317
-80
-42
-33
-165
-250
-256
-535
-1062
-1300
-1196
-1169
-1258
-1027
-479
-294
-495
-446
-156
-196
-531
-453
-66
-64
-272
-271
-176
-426
-903
-1047
-957
-1078
-1343
-1548
-1611
-1824
-2167
-2188
-2067
-2095
-2187
-2096
-2053
-2140
-1920
-1556
-1478
-1478
-1196
-972
-1029
-1062
-788
-618
-737
-721
-290
148
-9
-185
-13
105
-114
-368
-17
760
1365
1679
2035
2365
2302
1925
1901
2324
2854
3268
3539
3761
3892
3854
3598
3286
3101
2950
2597
2132
1905
1922
1573
717
-74
-484
-814
-1369
-1648
-1409
-1255
-1631
-2045
-1948
-1669
-1770
-1876
-1445
-871
-584
-385
72
396
234
-24
152
523
618
546
497
302
-138
-533
-684
-799
-1021
-1346
-1712
-2079
-2340
-2455
-2537
-2733
-2899
-2707
-2434
-2529
-2643
-2207
-1848
-1876
-1743
-1340
-941
-817
-703
-627
-559
-385
12
263
94
153
575
722
365
248
515
762
731
881
1483
1899
1817
1814
2422
2787
2304
1880
2477
3408
3580
3311
3540
3773
3172
2300
2372
2997
2740
1703
1173
1397
1278
493
-22
116
-107
-1036
-1586
-1105
-572
-953
-1679
-1865
-1526
-1362
-1523
-1414
-926
-700
-944
-910
-224
248
-150
-739
-686
-227
-114
-299
-370
-375
-761
-1374
-1528
-1239
-1201
-1654
-2076
-2076
-1980
-2153
-2345
-2235
-2107
-2324
-2479
-2112
-1600
-1397
-1510
-1502
-1068
-670
-569
-522
-364
-77
154
197
143
279
609
735
502
151
143
491
859
1130
1316
1369
1294
1435
2000
2770
2862
2353
2054
2531
3204
3474
3612
3813
3592
2797
2367
2927
3470
2804
1560
989
1096
831
229
13
-91
-985
-2255
-2485
-1547
-1108
-1918
-2801
-2750
-2357
-2353
-2286
-1660
-1172
-1565
-2083
-1504
-362
-1
-354
-352
172
510
459
585
973
1008
437
-25
177
485
245
-271
-493
-496
-889
-1576
-1809
-1606
-1647
-2092
-2300
-2155
-2147
-2419
-2491
-2086
-1723
-1923
-2313
-2072
-1339
-1040
-1207
-1096
-628
-233
-169
-267
21
560
639
508
1082
2143
2580
2170
2130
3141
4189
3696
2485
2512
3810
4532
4152
3984
4531
4289
2662
1648
2794
4129
2951
502
-261
616
487
-1009
-1724
-1167
-1606
-3612
-4562
-2975
-1571
-2678
-4453
-4126
-2521
-2169
-2934
-2614
-1186
-742
-1405
-1038
725
1623
721
-31
1022
2576
2704
1840
1637
2044
1833
1087
993
1459
1208
80
-695
-392
-64
-790
-1948
-2347
-2103
-2171
-2638
-2889
-2837
-2951
-3305
-3365
-2821
-2323
-2443
-2823
-2622
-1894
-1297
-1156
-1054
-678
-306
-358
-442
141
967
1297
1249
1602
2182
2348
2125
2716
4198
5005
3877
2382
2514
3953
4693
4402
4305
4465
3584
1950
1808
3449
4005
1862
-498
-612
302
-256
-1742
-2131
-1795
-2775
-4528
-4498
-2752
-2312
-4024
-5126
-3811
-2077
-2074
-2752
-2154
-977
-817
-850
581
2445
2401
892
633
2404
3992
3731
2706
2527
2770
2329
1651
1692
1864
960
-584
-1179
-623
-569
-1825
-3109
-3199
-2902
-3316
-4015
-4037
-3709
-3908
-4382
-4097
-3102
-2626
-3122
-3435
-2640
-1448
-938
-943
-542
203
427
78
259
1306
2146
2030
1843
2375
3099
3013
2843
3863
5439
5326
3404
2261
3305
4738
4695
4066
4228
4236
2706
1157
1807
3407
2709
7
-1447
-661
-256
-1656
-2935
-2515
-2252
-3748
-5092
-4067
-2359
-2830
-4583
-4551
-2612
-1540
-2218
-2439
-1077
42
-164
-29
1614
2978
2399
1227
1737
3444
4048
3086
2366
2670
2754
1842
978
1075
1162
144
-1208
-1482
-1218
-1941
-3377
-3885
-3286
-3072
-3889
-4665
-4580
-4264
-4356
-4252
-3341
-2427
-2560
-3183
-2966
-1766
-709
-444
-251
414
863
466
80
762
2026
2517
2150
1986
2367
2487
2344
3226
5086
5769
3983
1963
2219
4103
4996
4541
4264
4350
3363
1781
1872
3666
4040
1710
-592
-495
445
-263
-1794
-2045
-1636
-2713
-4530
-4494
-2789
-2406
-4038
-4950
-3619
-2201
-2635
-3430
-2542
-1016
-785
-1112
-113
1567
1759
651
659
2409
3692
3089
2158
2468
3034
2390
1367
1483
2140
1543
-135
-998
-669
-877
-2180
-2997
-2480
-2113
-3158
-4549
-4764
-4148
-3995
-4185
-3676
-2767
-2803
-3759
-4038
-2916
-1510
-982
-902
-405
103
-231
-764
-124
1619
2764
2514
1902
1948
2321
2586
3536
5381
6327
4713
2267
2036
4197
5902
5656
4813
4539
3905
2560
2263
3808
4764
2992
254
-490
474
393
-1158
-2100
-1832
-2300
-4012
-4814
-3694
-2822
-3892
-5228
-4582
-2965
-2763
-3689
-3527
-2068
-1200
-1297
-770
772
1611
944
388
1413
2860
3002
2336
2506
3195
2830
1493
967
1673
1955
841
-397
-645
-800
-1770
-2597
-2233
-1685
-2461
-4057
-4737
-4222
-3762
-3929
-3859
-3259
-3078
-3752
-4202
-3450
-2119
-1422
-1318
-942
-291
-262
-754
-509
951
2386
2611
2100
1901
2229
2689
3659
5394
6540
5379
2936
2246
4224
6389
6474
5294
4506
3936
2872
2455
3688
4832
3442
480
-977
-228
229
-963
-2203
-2183
-2317
-3837
-5172
-4600
-3366
-3656
-4832
-4632
-3124
-2632
-3610
-3923
-2489
-990
-689
-581
415
1374
1194
735
1478
2879
3259
2586
2452
3127
3135
1916
999
1492
2171
1483
32
-739
-1001
-1698
-2442
-2216
-1601
-2148
-3836
-4952
-4641
-3896
-3724
-3709
-3315
-3034
-3435
-3906
-3452
-2230
-1311
-1037
-779
-286
-161
-510
-367
859
2311
2788
2308
1768
1779
2353
3656
5415
6250
4885
2543
1905
3765
5946
6314
5201
4030
3119
2318
2411
3727
4572
3131
441
-907
-355
102
-697
-1685
-1911
-2361
-3750
-4807
-4320
-3349
-3499
-4296
-4144
-3180
-2987
-3751
-3830
-2555
-1217
-842
-727
-76
612
670
686
1525
2681
2920
2395
2373
3034
3156
2253
1488
1773
2269
1762
566
-254
-634
-1159
-1608
-1450
-1202
-1953
-3527
-4537
-4206
-3389
-3146
-3387
-3467
-3414
-3564
-3683
-3204
-2234
-1501
-1284
-1111
-713
-514
-663
-484
562
1856
2377
1956
1329
1200
1796
3122
4839
5701
4559
2294
1428
3035
5373
6097
5090
3753
2822
2205
2356
3592
4625
3688
1313
-240
-7
534
79
-723
-918
-1216
-2526
-3906
-3923
-3010
-2760
-3348
-3546
-3069
-3079
-3879
-4104
-2932
-1529
-1113
-1325
-1145
-632
-323
-91
715
1805
2209
1757
1515
1998
2440
2095
1564
1715
2223
1989
931
-22
-354
-425
-506
-476
-561
-1336
-2715
-3665
-3448
-2615
-2262
-2646
-3163
-3390
-3473
-3473
-3096
-2282
-1630
-1529
-1622
-1410
-1123
-1019
-730
208
1340
1800
1413
928
972
1628
2718
4170
5107
4466
2549
1535
2756
4966
5834
4980
3796
3065
2471
2276
3232
4526
4197
2071
255
154
717
501
-104
-155
-268
-1648
-3453
-3830
-2734
-2031
-2487
-2993
-2870
-3024
-3872
-4146
-2942
-1481
-1218
-1780
-1872
-1426
-1137
-957
-190
970
1460
909
371
700
1336
1418
1222
1444
1823
1475
491
-175
-96
184
204
45
-288
-1062
-2097
-2659
-2353
-1664
-1479
-2052
-2798
-3090
-2954
-2757
-2536
-2099
-1647
-1568
-1746
-1666
-1310
-1038
-803
-185
719
1258
1075
644
683
1421
2431
3514
4340
4233
2941
1871
2567
4627
5916
5396
4186
3499
3104
2741
3180
4441
4809
3217
1029
193
634
835
345
48
-17
-1119
-3161
-4202
-3269
-1990
-2090
-3076
-3573
-3696
-4216
-4525
-3511
-1886
-1346
-2099
-2747
-2468
-1716
-1087
-372
609
1203
776
3
83
1023
1775
1823
1646
1627
1335
594
105
397
857
784
262
-307
-845
-1412
-1798
-1701
-1279
-1241
-1897
-2658
-2813
-2420
-2091
-2133
-2179
-1970
-1769
-1764
-1632
-1289
-1073
-1015
-716
-16
667
813
543
548
1150
1941
2698
3475
3842
3220
2194
2281
3845
5290
5147
4067
3462
3274
2905
2893
3834
4577
3586
1437
210
570
1039
627
112
78
-577
-2427
-3847
-3240
-1678
-1406
-2535
-3377
-3427
-3649
-4020
-3344
-1763
-973
-1766
-2797
-2649
-1688
-972
-481
342
982
562
-457
-538
686
1848
1874
1310
1057
885
396
111
561
1164
970
57
-665
-752
-725
-987
-1181
-989
-871
-1419
-2239
-2357
-1657
-1166
-1504
-1994
-1922
-1555
-1429
-1366
-1028
-691
-790
-1064
-779
70
657
497
171
361
963
1440
1845
2477
2824
2210
1333
1675
3190
4182
3737
2838
2556
2556
2360
2544
3479
3939
2736
853
221
1009
1534
1021
410
257
-456
-1985
-2696
-1633
-389
-805
-2237
-2864
-2572
-2564
-2834
-2267
-1099
-893
-1962
-2741
-2202
-1187
-744
-534
103
515
-177
-1136
-737
779
1646
1211
559
502
484
124
142
921
1422
765
-310
-610
-219
-93
-420
-558
-373
-558
-1322
-1773
-1336
-739
-912
-1538
-1714
-1401
-1298
-1534
-1518
-1128
-906
-1114
-1327
-1136
-694
-406
-351
-271
-69
97
196
472
1094
1829
2090
1640
1125
1446
2508
3268
3063
2463
2334
2626
2734
2718
3008
3230
2624
1535
1146
1684
2026
1427
564
276
177
-428
-1081
-934
-364
-496
-1388
-1982
-1801
-1577
-1811
-1915
-1435
-1025
-1369
-1986
-1975
-1327
-737
-547
-475
-387
-490
-774
-729
-97
611
719
255
-168
-204
7
232
373
355
162
-82
-282
-404
-399
-295
-284
-504
-745
-765
-708
-909
-1229
-1227
-921
-824
-1173
-1563
-1570
-1322
-1211
-1252
-1144
-955
-1073
-1389
-1236
-501
4
-224
-579
-309
300
588
662
1172
1959
2085
1362
914
1635
2799
3169
2706
2398
2525
2436
2080
2271
3114
3350
2271
967
791
1436
1643
1209
904
811
119
-1082
-1458
-512
409
23
-1089
-1662
-1622
-1640
-1603
-996
-326
-582
-1552
-1980
-1454
-786
-556
-461
-252
-319
-852
-1215
-802
-50
222
-24
-278
-435
-705
-831
-427
178
220
-344
-820
-835
-667
-533
-307
-61
-154
-653
-1081
-1008
-631
-422
-501
-666
-850
-1120
-1301
-1119
-691
-508
-722
-977
-993
-908
-823
-584
-225
-62
-189
-303
-164
140
433
712
1044
1358
1531
1489
1360
1415
1839
2386
2575
2295
1985
2032
2251
2306
2255
2331
2321
1849
1211
1102
1508
1599
1078
588
535
372
-271
-726
-412
53
-237
-1021
-1362
-1126
-1001
-1210
-1242
-953
-913
-1389
-1742
-1395
-778
-633
-939
-1113
-1047
-1075
-1149
-842
-257
-76
-556
-1088
-1040
-537
-131
-58
-157
-274
-403
-468
-288
109
347
150
-258
-442
-319
-179
-199
-269
-327
-513
-849
-1067
-938
-620
-501
-730
-1079
-1237
-1135
-893
-582
-274
-189
-452
-746
-585
23
548
650
551
557
660
802
1155
1714
1997
1654
1129
1136
1640
2001
1979
1935
1968
1741
1299
1234
1682
1941
1549
1015
942
1065
857
491
450
564
269
-315
-513
-242
-141
-474
-746
-676
-664
-1005
-1256
-1035
-699
-782
-1127
-1220
-1031
-938
-1006
-950
-748
-727
-920
-948
-648
-368
-389
-503
-395
-160
-84
-147
-113
42
120
90
98
190
190
-4
-255
-330
-242
-203
-321
-518
-719
-933
-1130
-1199
-1102
-983
-1019
-1201
-1346
-1316
-1122
-869
-650
-514
-463
-464
-411
-198
157
496
663
681
678
740
871
1125
1493
1775
1682
1287
1021
1208
1637
1887
1826
1627
1435
1282
1281
1498
1734
1664
1269
890
808
944
1052
1005
804
455
45
-223
-183
56
197
-2
-484
-952
-1102
-892
-574
-445
-585
-853
-1084
-1163
-999
-625
-285
-264
-569
-886
-900
-585
-172
112
169
-23
-389
-650
-512
-26
344
208
-314
-774
-883
-714
-485
-381
-516
-922
-1425
-1704
-1576
-1224
-1034
-1199
-1546
-1798
-1840
-1675
-1311
-872
-632
-736
-950
-895
-490
20
389
579
631
572
512
661
1068
1452
1521
1326
1152
1121
1141
1191
1385
1646
1662
1260
790
705
1015
1264
1198
988
857
757
630
653
912
1126
993
671
541
662
757
697
637
641
543
265
42
92
268
296
132
-37
-141
-215
-258
-200
-86
-64
-189
-321
-318
-204
-114
-124
-206
-305
-400
-472
-507
-498
-508
-598
-776
-959
-1079
-1143
-1193
-1253
-1337
-1462
-1599
-1678
-1671
-1645
-1672
-1734
-1748
-1666
-1516
-1375
-1277
-1194
-1066
-891
-706
-533
-327
-84
147
316
446
590
746
873
970
1105
1248
1301
1235
1178
1223
1296
1272
1158
1073
1042
947
761
614
669
783
777
578
366
279
314
370
438
554
637
603
492
539
774
996
1049
999
986
983
943
910
980
1066
1008
775
529
456
503
523
461
366
246
73
-97
-168
-145
-151
-259
-424
-556
-635
-718
-819
-914
-980
-1083
-1259
-1439
-1500
-1476
-1489
-1603
-1748
-1841
-1886
-1912
-1892
-1808
-1705
-1658
-1643
-1574
-1426
-1282
-1175
-1055
-856
-615
-436
-338
-256
-120
64
244
399
549
670
718
732
801
941
1062
1087
1058
1050
1050
1007
947
931
962
937
804
648
554
510
456
397
369
358
310
255
249
292
338
364
391
444
519
597
663
744
848
943
1002
1041
1079
1127
1181
1209
1202
1174
1153
1138
1088
987
856
738
639
548
451
336
175
-31
-231
-386
-506
-645
-819
-999
-1168
-1344
-1523
-1657
-1730
-1780
-1871
-1982
-2043
-2023
-1965
-1909
-1837
-1743
-1663
-1612
-1522
-1334
-1086
-876
-741
-641
-530
-399
-251
-63
155
326
378
346
340
426
569
692
759
762
700
592
529
581
689
728
650
521
418
354
344
397
469
482
380
210
98
118
212
273
252
183
103
34
25
111
230
274
233
190
218
301
418
553
675
723
706
719
820
958
1061
1121
1140
1121
1069
1048
1073
1088
1036
916
778
640
506
388
273
118
-93
-316
-504
-656
-800
-938
-1058
-1161
-1268
-1376
-1443
-1455
-1426
-1398
-1362
-1294
-1194
-1095
-1020
-944
-836
-714
-617
-536
-428
-302
-225
-211
-183
-107
-35
-13
-12
4
19
-6
-59
-79
-52
-38
-74
-120
-139
-156
-195
-216
-162
-67
-34
-72
-90
-53
-18
7
84
219
296
274
258
306
368
393
428
502
543
519
490
518
590
654
667
660
679
717
735
731
741
764
758
716
677
665
646
585
507
452
401
312
206
126
76
5
-99
-186
-258
-344
-422
-452
-439
-442
-484
-530
-549
-550
-533
-464
-361
-321
-353
-367
-332
-274
-189
-89
-34
-46
-88
-102
-70
-19
31
63
31
-81
-167
-159
-148
-194
-234
-242
-317
-450
-529
-518
-498
-510
-523
-512
-522
-552
-530
-437
-344
-294
-265
-238
-202
-137
-33
65
116
136
167
225
284
328
368
388
398
433
489
508
513
541
584
606
597
602
656
696
658
614
642
659
592
513
475
429
329
228
186
143
22
-111
-184
-240
-326
-384
-389
-428
-499
-521
-519
-528
-524
-476
-401
-353
-341
-309
-244
-205
-182
-86
31
35
-3
44
97
97
129
202
210
132
88
115
113
50
2
16
9
-77
-171
-207
-238
-296
-327
-298
-292
-369
-432
-417
-377
-348
-293
-229
-188
-153
-113
-72
-5
54
97
159
194
165
167
255
313
321
374
434
438
438
472
503
501
465
443
457
439
371
348
379
349
274
242
210
163
113
42
-47
-108
-164
-245
-310
-380
-470
-521
-541
-598
-633
-595
-589
-655
-654
-555
-486
-473
-451
-395
-319
-232
-144
-61
11
42
65
155
259
292
317
389
422
395
421
484
472
414
397
406
365
261
188
202
205
83
-47
-36
-31
-134
-197
-164
-198
-284
-302
-293
-311
-311
-292
-295
-288
-255
-213
-159
-106
-68
16
124
144
153
264
383
404
441
537
581
577
604
619
601
577
540
512
486
422
335
279
235
162
71
-13
-108
-196
-271
-345
-394
-455
-559
-617
-608
-642
-694
-680
-663
-699
-687
-602
-580
-595
-540
-453
-418
-401
-344
-260
-186
-141
-97
-7
88
116
160
270
318
309
367
443
438
425
456
451
408
408
407
347
312
339
331
264
196
148
115
101
68
9
-39
-86
-157
-192
-182
-206
-243
-232
-238
-284
-279
-232
-222
-210
-155
-116
-111
-83
-33
22
111
150
122
157
249
274
235
251
318
341
298
277
303
309
247
183
176
158
91
26
-18
-44
-77
-153
-224
-222
-199
-250
-330
-369
-362
-319
-297
-329
-350
-320
-302
-293
-227
-142
-121
-122
-75
3
62
90
131
206
285
323
309
302
365
438
444
422
412
394
352
314
295
277
245
177
100
50
-3
-78
-106
-82
-104
-190
-261
-287
-302
-300
-292
-318
-373
-409
-408
-401
-406
-409
-395
-367
-340
-356
-350
-278
-226
-211
-154
-72
-63
-69
-1
76
101
138
174
176
212
266
251
223
266
289
252
224
204
177
190
179
115
94
123
75
-8
47
107
8
-60
6
46
14
-6
-22
-22
30
42
5
47
134
138
125
205
257
237
292
350
315
323
383
357
325
382
398
323
288
279
241
226
183
104
95
96
-4
-92
-73
-99
-194
-220
-237
-328
-392
-398
-405
-433
-501
-584
-580
-534
-574
-620
-597
-605
-640
-621
-594
-611
-595
-550
-535
-509
-429
-355
-306
-243
-156
-81
-27
21
97
201
252
252
311
400
421
421
464
490
459
459
497
465
379
358
373
355
295
227
178
159
127
73
58
58
19
-15
-4
13
12
19
31
49
85
107
113
153
205
226
243
274
294
314
360
391
373
370
397
391
362
351
326
288
261
239
203
155
109
76
56
18
-48
-108
-150
-193
-234
-274
-329
-388
-412
-413
-444
-498
-525
-526
-542
-560
-561
-568
-600
-618
-597
-574
-581
-589
-568
-526
-502
-489
-452
-400
-359
-320
-272
-222
-190
-160
-92
-9
31
47
89
138
166
190
220
241
258
279
281
290
307
304
295
307
319
300
281
279
279
288
302
299
300
324
340
342
361
405
423
418
428
438
448
452
445
455
475
447
409
419
429
388
355
354
318
256
232
209
160
127
111
71
14
-9
-28
-72
-109
-134
-159
-195
-250
-294
-297
-315
-368
-396
-390
-412
-469
-492
-494
-519
-551
-573
-607
-632
-637
-644
-656
-653
-648
-647
-630
-609
-596
-568
-540
-524
-494
-445
-419
-398
-341
-274
-236
-198
-131
-71
-38
2
70
137
174
193
227
268
286
305
348
384
398
410
425
444
466
491
512
530
546
554
562
573
589
608
625
634
631
633
634
625
618
627
612
563
517
499
472
422
384
346
288
229
188
154
109
45
-16
-50
-77
-129
-180
-206
-234
-276
-309
-336
-367
-382
-396
-422
-439
-435
-451
-477
-471
-453
-463
-483
-489
-493
-499
-506
-517
-522
-517
-522
-541
-548
-530
-513
-509
-496
-478
-463
-444
-420
-387
-344
-314
-289
-241
-191
-161
-132
-78
-31
2
45
97
135
172
218
259
292
334
378
404
417
445
481
499
504
520
543
548
547
553
564
556
543
529
513
498
483
466
449
422
389
365
349
322
283
255
232
194
151
116
92
61
30
5
-17
-43
-70
-93
-111
-130
-154
-174
-195
-221
-234
-237
-249
-266
-270
-266
-276
-284
-283
-280
-289
-301
-300
-299
-305
-307
-308
-310
-310
-310
-308
-304
-299
-298
-300
-295
-288
-289
-283
-267
-252
-247
-242
-226
-208
-195
-175
-153
-134
-115
-86
-56
-31
-2
37
70
94
116
146
170
185
209
242
261
260
265
287
301
301
307
314
314
306
300
298
290
278
268
263
251
229
208
199
193
179
163
147
135
128
125
116
103
95
90
81
74
68
58
43
32
26
16
-3
-17
-20
-27
-41
-60
-70
-75
-90
-108
-119
-122
-130
-143
-147
-155
-169
-183
-179
-173
-183
-194
-198
-206
-211
-195
-185
-192
-196
-186
-172
-164
-159
-153
-146
-139
-128
-117
-112
-110
-100
-78
-54
-39
-27
-17
-3
17
42
67
84
100
114
135
157
177
195
209
220
226
226
221
217
216
209
187
165
149
132
113
96
77
58
37
17
2
-12
-26
-40
-46
-50
-61
-71
-73
-65
-55
-53
-54
-54
-49
-44
-35
-17
-5
-6
-10
-4
6
7
-2
-8
-10
-21
-39
-50
-58
-68
-80
-94
-113
-127
-135
-142
-151
-157
-159
-166
-170
-168
-164
-159
-152
-146
-137
-120
-106
-88
-70
-50
-27
-1
26
52
77
102
121
138
158
186
208
217
227
242
256
269
281
291
296
295
291
287
284
277
260
238
216
193
165
137
104
72
43
14
-20
-56
-90
-116
-139
-165
-188
-206
-223
-240
-253
-250
-244
-246
-244
-233
-222
-215
-204
-180
-156
-141
-124
-106
-89
-72
-57
-43
-36
-28
-21
-21
-27
-28
-24
-26
-34
-44
-52
-58
-62
-61
-62
-69
-75
-76
-76
-77
-73
-71
-72
-71
-62
-52
-43
-33
-21
-9
5
24
44
62
75
88
104
122
140
158
177
190
199
213
234
250
260
267
275
280
283
279
271
266
261
249
234
219
204
185
163
143
123
100
70
40
14
-7
-31
-53
-74
-95
-117
-132
-143
-153
-161
-169
-177
-185
-190
-190
-182
-176
-174
-175
-166
-156
-153
-149
-138
-128
-127
-129
-129
-125
-123
-124
-121
-115
-116
-125
-131
-128
-123
-124
-126
-128
-129
-127
-125
-122
-115
-104
-101
-100
-91
-77
-71
-66
-55
-39
-28
-24
-15
0
18
33
44
55
66
76
88
102
115
128
137
145
158
169
178
187
193
199
204
206
207
206
206
206
204
201
192
188
186
176
167
160
152
141
133
123
111
100
94
90
79
67
56
46
38
34
31
22
7
-5
-10
-16
-28
-37
-47
-60
-72
-80
-90
-103
-113
-124
-134
-144
-154
-162
-171
-179
-186
-193
-203
-209
-210
-210
-216
-222
-221
-215
-210
-207
-203
-196
-190
-186
-176
-163
-145
-132
-125
-118
-103
-88
-77
-64
-45
-29
-23
-14
3
21
36
50
63
74
85
99
111
126
139
148
154
162
174
183
187
192
202
207
208
209
211
211
211
209
204
197
190
187
183
174
164
155
146
135
127
122
117
110
101
93
83
74
68
64
57
44
32
19
6
-7
-15
-23
-37
-58
-75
-85
-96
-108
-121
-133
-148
-162
-173
-183
-192
-200
-206
-210
-217
-227
-232
-235
-236
-237
-237
-235
-232
-234
-233
-227
-220
-215
-211
-203
-194
-188
-179
-167
-153
-139
-127
-117
-100
-76
-54
-39
-24
-2
22
38
54
77
100
116
130
151
172
185
198
213
229
243
252
261
266
275
281
284
286
289
293
291
286
284
281
273
263
255
243
230
218
208
196
182
163
142
126
110
96
79
60
41
20
-5
-23
-38
-52
-72
-92
-107
-124
-141
-158
-172
-186
-201
-215
-223
-231
-241
-247
-250
-252
-255
-257
-255
-252
-251
-255
-257
-252
-245
-236
-227
-219
-215
-218
-219
-213
-203
-194
-188
-179
-168
-155
-143
-129
-114
-99
-85
-71
-52
-30
-9
10
27
47
68
88
110
135
154
167
180
196
212
231
247
261
274
287
299
308
311
315
319
322
325
328
327
318
308
298
291
281
268
252
235
218
195
175
156
137
116
97
78
58
35
13
-7
-27
-48
-71
-90
-105
-119
-134
-149
-159
-171
-185
-199
-205
-214
-227
-244
-256
-260
-268
-277
-288
-295
-301
-309
-312
-313
-313
-310
-309
-306
-301
-287
-272
-261
-249
-236
-220
-203
-180
-155
-133
-115
-100
-83
-62
-41
-21
-4
17
37
56
75
93
112
129
146
163
178
191
208
224
233
240
250
259
268
277
287
293
294
294
293
294
295
293
290
285
277
268
257
245
233
222
203
179
156
137
117
98
81
62
41
18
-3
-18
-34
-50
-66
-84
-100
-112
-120
-125
-126
-133
-144
-157
-166
-174
-183
-187
-191
-196
-205
-213
-215
-215
-212
-211
-213
-213
-210
-206
-202
-195
-186
-178
-170
-157
-144
-131
-119
-107
-93
-83
-75
-65
-52
-39
-26
-12
1
11
18
23
28
33
38
42
45
50
57
63
70
80
89
96
101
109
119
123
127
132
141
148
152
157
165
170
173
171
164
156
152
145
140
137
131
119
109
99
89
78
68
58
46
33
21
15
6
-6
-14
-21
-28
-38
-47
-56
-64
-74
-84
-91
-96
-100
-105
-112
-115
-120
-129
-135
-138
-139
-136
-135
-134
-132
-132
-133
-128
-117
-107
-99
-90
-77
-64
-52
-43
-32
-21
-9
4
20
35
47
53
58
64
71
78
81
80
79
75
72
70
69
68
67
63
57
49
43
38
32
30
28
25
24
23
25
27
28
29
34
35
38
46
50
52
55
59
60
61
62
65
67
65
56
48
42
35
26
20
15
11
0
-12
-22
-30
-38
-50
-62
-72
-82
-95
-108
-114
-115
-122
-133
-139
-144
-144
-143
-141
-138
-138
-138
-133
-122
-108
-95
-83
-72
-58
-45
-31
-18
-4
10
23
35
45
56
69
79
89
97
104
108
109
112
114
116
117
113
107
101
97
93
86
81
74
67
58
48
42
38
36
33
31
30
33
37
43
49
53
55
60
63
65
71
75
78
76
77
79
75
69
64
59
54
44
34
25
14
1
-16
-31
-45
-59
-76
-92
-107
-123
-139
-152
-162
-171
-182
-192
-202
-211
-219
-227
-232
-234
-237
-237
-230
-221
-212
-203
-190
-175
-157
-141
-123
-104
-87
-68
-49
-29
-7
16
36
56
74
91
103
118
134
149
163
172
178
182
185
186
185
188
188
189
189
187
185
183
178
175
174
174
176
175
173
171
167
163
158
152
145
140
133
128
120
110
101
90
79
69
59
48
34
17
0
-15
-30
-51
-70
-89
-104
-118
-134
-150
-166
-182
-195
-208
-219
-226
-235
-242
-250
-257
-263
-269
-270
-268
-262
-256
-251
-244
-232
-220
-205
-189
-172
-154
-135
-119
-100
-78
-57
-37
-19
1
19
38
55
69
82
92
102
114
125
135
140
145
149
150
149
148
147
148
146
144
142
140
139
138
138
144
146
146
148
150
153
157
162
164
167
169
170
170
170
170
169
162
150
140
133
124
111
98
83
66
46
26
5
-16
-35
-56
-78
-101
-124
-145
-167
-187
-204
-221
-234
-245
-256
-264
-269
-273
-273
-271
-265
-255
-244
-232
-216
-200
-182
-163
-142
-120
-99
-78
-55
-31
-8
12
33
50
65
79
92
105
111
112
114
118
119
115
107
99
88
77
69
62
58
50
40
28
20
15
8
2
0
0
0
-1
0
5
10
15
22
31
37
44
55
69
82
92
101
108
114
121
124
128
133
132
131
130
128
125
116
108
98
85
70
56
41
25
9
-8
-19
-34
-49
-65
-82
-97
-108
-119
-128
-134
-138
-143
-146
-147
-145
-140
-137
-131
-122
-114
-104
-92
-80
-67
-54
-45
-36
-25
-14
-3
8
16
24
26
28
30
30
29
29
26
20
15
9
2
-6
-16
-25
-34
-42
-49
-54
-56
-58
-59
-58
-59
-60
-59
-55
-48
-40
-29
-20
-12
-1
10
21
36
51
63
73
81
88
97
104
111
117
120
123
124
123
125
125
123
119
114
110
100
91
85
81
74
66
56
48
40
30
20
12
5
-4
-12
-20
-26
-29
-32
-36
-40
-43
-47
-49
-49
-49
-47
-49
-50
-51
-49
-44
-41
-38
-39
-39
-39
-38
-37
-38
-38
-38
-43
-47
-49
-53
-57
-62
-63
-65
-68
-72
-76
-77
-79
-80
-80
-80
-80
-79
-75
-71
-65
-58
-51
-45
-40
-33
-24
-16
-9
1
9
16
22
27
33
38
43
45
46
50
53
54
54
54
56
56
54
50
49
50
51
52
52
51
50
49
48
48
50
52
50
48
48
51
54
55
56
58
57
56
54
53
54
53
53
53
49
46
40
37
35
31
27
25
23
20
13
8
3
-2
-9
-18
-25
-28
-33
-39
-45
-51
-54
-59
-63
-68
-69
-71
-73
-72
-71
-70
-70
-69
-65
-62
-60
-57
-51
-48
-46
-44
-41
-37
-34
-31
-27
-27
-27
-26
-20
-14
-12
-13
-16
-17
-18
-20
-19
-20
-21
-21
-20
-19
-18
-17
-13
-11
-8
-7
-6
-2
3
10
16
18
21
24
28
35
40
45
50
51
54
58
65
72
75
77
78
77
78
78
78
77
76
74
71
67
64
64
58
54
49
42
33
23
15
9
5
0
-4
-13
-20
-27
-32
-35
-38
-40
-44
-50
-53
-56
-57
-56
-58
-60
-64
-67
-69
-69
-64
-62
-59
-59
-61
-60
-56
-52
-50
-49
-47
-48
-46
-45
-43
-40
-40
-43
-44
-43
-41
-39
-34
-31
-29
-27
-26
-24
-22
-18
-13
-7
-2
3
7
13
21
28
32
36
42
48
54
60
67
73
79
81
82
86
89
94
96
98
97
96
92
89
88
84
80
76
71
66
58
53
48
42
36
30
23
16
9
6
3
1
-4
-10
-17
-22
-23
-27
-28
-30
-32
-36
-39
-37
-34
-34
-35
-34
-34
-34
-32
-33
-33
-32
-32
-34
-34
-35
-36
-37
-37
-38
-42
-46
-49
-52
-53
-56
-56
-57
-58
-59
-60
-57
-55
-54
-49
-45
-44
-42
-40
-36
-33
-29
-24
-19
-13
-9
-6
-2
-1
2
6
10
14
19
23
25
30
34
37
41
44
45
46
46
47
46
46
42
39
38
39
36
34
30
27
23
20
16
13
13
11
8
7
8
5
4
2
1
-1
-2
-5
-5
-2
0
0
0
1
-1
-1
1
2
3
3
3
4
2
1
0
-1
1
-1
-2
-3
-3
-6
-8
-10
-13
-16
-21
-23
-22
-20
-17
-16
-13
-12
-11
-7
-3
-1
1
2
5
6
8
12
14
17
18
20
22
22
22
21
21
23
24
25
26
25
25
22
20
20
21
21
21
20
18
16
13
11
8
6
3
1
-1
-2
-2
-3
-6
-11
-13
-13
-13
-13
-14
-18
-20
-24
-25
-25
-23
-23
-22
-22
-20
-20
-20
-21
-22
-21
-21
-19
-17
-16
-15
-15
-16
-16
-19
-21
-23
-23
-24
-25
-24
-26
-24
-23
-21
-19
-17
-16
-15
-12
-10
-8
-6
-5
-1
0
3
6
9
12
15
17
18
19
21
22
24
28
29
30
29
30
29
29
31
31
31
30
27
27
25
25
24
22
20
18
16
15
14
10
9
5
2
2
-1
-2
-5
-8
-11
-15
-19
-20
-22
-22
-25
-27
-31
-34
-35
-36
-36
-35
-34
-34
-32
-29
-27
-26
-27
-27
-25
-22
-18
-14
-13
-12
-10
-10
-10
-8
-8
-6
-3
-1
0
2
5
6
10
13
16
18
21
24
25
26
28
29
32
35
37
38
39
40
40
42
43
43
45
46
48
49
50
48
45
43
41
39
40
37
36
33
29
26
24
22
17
12
8
6
5
2
-1
-6
-10
-15
-17
-18
-22
-27
-30
-33
-34
-36
-39
-40
-45
-45
-47
-48
-47
-47
-48
-51
-54
-56
-58
-57
-55
-54
-53
-52
-51
-50
-47
-45
-44
-41
-39
-38
-35
-33
-30
-26
-22
-19
-17
-13
-9
-4
-2
2
5
9
10
12
14
15
18
21
24
25
28
29
30
33
37
38
42
44
45
44
46
48
48
48
47
48
47
48
48
48
49
49
46
45
43
42
43
42
40
36
32
27
24
21
20
17
13
10
8
3
0
-4
-8
-12
-16
-20
-22
-25
-27
-30
-34
-40
-44
-49
-50
-49
-48
-47
-47
-47
-49
-50
-52
-52
-50
-47
-44
-42
-40
-37
-36
-36
-36
-35
-33
-31
-27
-21
-15
-12
-10
-9
-8
-6
-3
-1
2
5
9
8
10
12
12
13
16
17
18
20
22
24
25
27
27
27
29
30
33
37
40
41
41
43
45
44
45
44
45
47
49
50
50
49
48
45
43
43
41
38
36
33
31
26
23
20
16
11
7
3
-1
-6
-9
-14
-18
-21
-25
-27
-31
-38
-42
-47
-48
-49
-51
-50
-50
-51
-54
-55
-55
-54
-54
-51
-50
-48
-47
-45
-43
-42
-41
-39
-36
-33
-30
-28
-26
-25
-24
-22
-20
-16
-13
-10
-7
-6
-5
-2
-1
-1
3
4
6
9
9
12
16
19
21
24
27
28
29
30
32
35
38
40
42
43
45
46
47
48
48
47
46
47
48
45
43
43
42
40
37
32
29
26
22
18
15
11
7
4
2
-2
-6
-8
-12
-15
-19
-23
-25
-27
-30
-32
-34
-35
-36
-36
-36
-37
-38
-39
-39
-38
-37
-34
-34
-33
-33
-32
-31
-30
-31
-29
-27
-25
-21
-20
-18
-17
-17
-16
-15
-12
-10
-8
-6
-5
-4
-2
-1
1
2
3
3
3
6
7
9
12
13
14
15
16
20
23
26
28
30
34
32
34
35
36
38
39
39
40
39
39
39
39
38
36
32
31
29
27
26
26
24
21
18
16
14
11
8
5
1
-3
-4
-7
-7
-11
-13
-17
-21
-21
-21
-20
-22
-26
-26
-28
-29
-31
-31
-32
-32
-30
-30
-29
-29
-28
-31
-30
-30
-30
-27
-28
-29
-28
-28
-26
-25
-24
-24
-22
-22
-22
-21
-17
-16
-15
-12
-10
-9
-9
-5
-3
0
2
4
5
9
12
12
13
13
15
16
18
22
23
24
24
25
24
26
26
26
26
26
26
26
27
26
25
24
22
20
19
18
19
17
17
15
14
14
12
10
6
5
5
3
2
1
-1
-3
-4
-5
-5
-7
-7
-8
-10
-11
-11
-12
-13
-13
-14
-14
-16
-14
-16
-17
-18
-18
-19
-20
-19
-20
-19
-19
-18
-18
-18
-17
-15
-14
-15
-14
-14
-12
-11
-9
-9
-7
-7
-4
-4
-1
1
4
4
8
9
10
11
12
12
14
15
16
18
19
21
21
21
22
22
23
23
22
22
24
22
23
21
19
19
17
17
16
13
13
11
10
8
7
4
4
2
1
-1
-2
-4
-5
-6
-9
-11
-13
-13
-13
-13
-14
-15
-15
-15
-14
-16
-17
-16
-16
-16
-16
-15
-15
-14
-14
-15
-15
-13
-13
-12
-10
-11
-10
-10
-8
-8
-7
-7
-7
-5
-4
-4
-3
-3
-1
0
2
2
4
4
5
5
6
7
7
9
9
11
10
11
10
11
10
9
9
8
8
10
10
10
10
9
9
9
9
9
8
9
6
6
6
4
4
4
1
0
-1
0
-2
-3
-3
-3
-4
-4
-4
-6
-7
-8
-9
-9
-10
-9
-9
-9
-10
-10
-10
-10
-10
-10
-9
-8
-9
-8
-8
-9
-8
-9
-10
-8
-8
-9
-8
-8
-7
-6
-7
-6
-5
-4
-3
-3
-2
-1
1
2
3
4
5
7
8
8
8
10
10
14
15
16
15
16
16
16
17
17
17
16
16
16
17
18
17
17
16
17
16
15
14
15
13
12
11
10
10
9
7
7
6
4
5
4
2
1
1
-1
-3
-3
-4
-4
-4
-6
-8
-9
-10
-12
-12
-13
-14
-15
-16
-16
-16
-17
-17
-18
-21
-21
-19
-19
-19
-21
-20
-19
-19
-19
-18
-17
-18
-17
-16
-16
-14
-15
-14
-12
-12
-12
-9
-7
-5
-5
-5
-4
-2
-2
-3
-1
1
2
2
4
5
7
8
7
8
8
9
11
12
12
14
12
13
13
14
15
14
15
16
15
15
15
14
15
15
14
15
14
14
14
13
13
14
12
12
10
9
10
9
8
7
5
4
2
1
-1
-1
-2
-3
-4
-4
-6
-6
-7
-8
-10
-9
-11
-12
-13
-15
-16
-16
-15
-15
-15
-14
-14
-15
-15
-14
-14
-15
-15
-14
-14
-12
-11
-10
-8
-8
-8
-6
-4
-5
-3
-3
-2
0
0
1
4
4
5
6
7
8
10
10
10
11
11
13
15
16
16
16
16
16
17
16
16
16
17
17
16
16
15
16
16
17
16
15
14
14
13
13
14
13
11
10
9
7
5
4
2
2
0
-2
-3
-6
-6
-6
-8
-8
-9
-10
-10
-13
-14
-15
-16
-16
-17
-17
-18
-18
-19
-20
-21
-22
-23
-23
-22
-21
-19
-21
-20
-19
-20
-19
-18
-17
-16
-15
-16
-13
-13
-13
-10
-11
-8
-10
-9
-8
-8
-7
-6
-5
-3
-1
1
1
2
5
5
6
7
8
9
8
11
13
14
14
14
16
16
18
17
16
16
17
16
17
18
19
19
18
19
18
18
17
16
17
16
15
14
14
13
13
11
9
7
6
5
4
4
3
3
1
0
-1
-2
-4
-5
-5
-8
-8
-10
-10
-10
-10
-11
-12
-12
-12
-13
-12
-14
-13
-14
-11
-11
-11
-10
-10
-9
-9
-9
-7
-6
-6
-7
-6
-6
-6
-4
-4
-3
-3
-2
-2
-2
-1
-1
-2
-2
-2
-1
0
1
1
4
5
6
6
7
8
8
9
8
10
10
10
11
11
12
11
12
12
11
11
10
11
11
10
8
7
6
6
5
3
4
3
3
3
1
2
1
0
-1
-2
-2
-3
-4
-4
-5
-6
-6
-7
-6
-7
-7
-7
