3
2
1
1
3
3
2
1
2
1
2
2
3
3
3
4
4
4
6
5
5
5
4
3
3
4
2
1
1
0
1
2
3
1
1
1
2
2
1
0
1
0
0
-1
0
0
0
-2
-3
-2
-2
-2
-1
-1
0
0
0
0
-1
0
-1
-3
-3
-5
-5
-5
-4
-4
-5
-4
-4
-2
-1
-1
0
0
-1
-2
-2
-1
-2
-2
-2
-3
-2
-2
-1
-1
0
0
-2
-1
-1
-1
-1
-1
0
0
0
1
2
2
3
1
2
1
3
3
3
3
3
3
4
4
3
2
1
0
-1
-1
-1
-1
-2
-1
-1
-1
-3
-2
-3
-4
-2
-3
-3
-1
-3
-3
-2
-1
1
0
0
0
0
-1
0
0
2
2
1
1
0
1
-1
-2
-1
0
3
3
3
3
3
2
2
2
3
2
2
3
2
2
2
3
4
4
3
3
3
3
2
1
2
1
-1
-2
-2
-2
-3
-4
-4
-4
-5
-5
-5
-5
-5
-4
-4
-4
-3
-2
-4
-4
-4
-4
-2
-2
-1
0
0
-1
0
1
0
1
1
1
1
1
-1
-2
-2
-4
-3
-1
1
3
1
1
-1
0
2
2
3
3
3
2
3
4
6
4
6
5
7
7
6
7
6
4
4
5
5
5
6
6
6
6
6
5
6
5
5
5
3
3
3
4
3
3
1
-1
-2
-2
-2
-1
-2
-3
-3
-2
-2
-2
-1
-1
-2
-3
-3
-3
-3
-3
-5
-6
-6
-7
-8
-8
-9
-8
-10
-10
-10
-11
-12
-11
-12
-13
-14
-15
-13
-12
-13
-14
-14
-13
-12
-11
-10
-9
-8
-7
-5
-4
-3
-3
-3
-1
0
0
3
4
5
6
8
8
10
11
13
14
14
14
12
13
12
13
12
12
13
13
13
13
13
13
12
11
13
14
14
15
16
16
15
15
16
15
14
14
12
10
7
5
4
3
2
0
-1
-4
-7
-9
-10
-11
-11
-12
-14
-14
-14
-15
-16
-15
-17
-18
-18
-18
-18
-16
-16
-16
-16
-14
-14
-13
-11
-11
-11
-9
-7
-7
-6
-6
-6
-5
-5
-4
-3
-1
1
2
3
3
3
5
6
8
10
11
11
12
13
14
15
15
16
16
16
16
17
16
16
15
16
15
14
13
11
10
8
8
8
5
5
4
2
0
-1
-2
-2
0
-1
-2
-3
-5
-6
-8
-9
-10
-13
-14
-14
-16
-16
-16
-17
-18
-19
-18
-19
-19
-17
-15
-14
-14
-14
-13
-14
-13
-12
-12
-12
-11
-9
-10
-9
-9
-8
-6
-6
-2
-1
1
2
3
5
4
6
8
8
9
9
10
12
14
14
14
15
15
17
18
17
16
16
16
15
12
13
12
12
12
11
10
9
9
9
10
9
9
9
10
10
10
10
11
9
6
6
5
2
1
-2
-2
-2
-3
-5
-7
-8
-10
-10
-10
-10
-11
-11
-13
-13
-13
-12
-12
-11
-12
-12
-13
-11
-10
-10
-10
-11
-10
-10
-8
-7
-6
-6
-5
-4
-2
-2
-1
-1
1
3
4
4
5
7
10
9
10
11
10
8
9
10
10
7
7
6
4
2
1
1
2
-1
-2
1
3
1
-2
-1
-1
-1
0
4
6
7
6
7
6
3
-1
-5
-5
-6
-7
-6
-4
-3
-5
-7
-9
-11
-12
-12
-14
-12
-10
-8
-8
-8
-8
-10
-12
-13
-14
-9
-8
-6
0
4
4
1
-3
-4
-6
-8
-8
-5
-1
0
4
8
8
6
6
8
8
5
6
11
15
16
14
18
21
18
14
12
11
10
8
7
9
12
10
10
14
15
15
11
10
8
5
1
2
6
6
5
6
8
5
2
-1
-1
-1
-2
-4
-2
0
-1
-5
-7
-6
-9
-13
-13
-8
-7
-8
-5
-5
-4
-6
-9
-12
-12
-15
-19
-18
-12
-11
-12
-12
-10
-11
-17
-22
-22
-20
-18
-20
-15
-7
-3
-2
-1
1
0
-3
-3
-2
0
-1
-1
1
7
8
7
12
13
9
6
5
7
8
7
9
13
14
13
12
14
16
13
11
11
12
9
7
9
8
7
6
4
5
6
4
5
10
10
8
10
13
10
7
5
4
3
2
4
5
7
4
-1
-3
-7
-10
-12
-15
-13
-9
-8
-7
-6
-7
-9
-9
-6
-3
-2
-3
0
1
-1
-5
-3
-4
-10
-15
-13
-11
-10
-8
-5
-3
-6
-11
-16
-18
-16
-14
-11
-4
2
5
7
9
7
2
-1
-7
-6
-2
-4
-4
2
6
3
-1
1
5
4
-5
-6
-2
0
-2
-1
6
11
7
6
10
16
17
14
17
21
17
12
9
13
10
4
2
6
11
7
3
7
11
4
-6
-4
3
5
2
1
5
9
1
-4
0
6
5
2
3
5
6
-1
-11
-12
-14
-21
-23
-15
-8
-9
-13
-13
-2
4
-2
-3
4
5
-7
-15
-8
-4
-6
-4
5
13
5
-13
-24
-30
-36
-40
-28
-8
6
12
11
10
6
-5
-20
-32
-32
-20
-5
9
25
29
18
0
-15
-23
-24
-21
-14
3
22
24
19
21
14
-3
-15
-18
-12
-2
14
29
40
41
28
8
-4
-10
-7
1
12
16
21
29
31
32
30
19
5
-4
-7
-3
6
12
17
23
20
12
11
11
2
-6
-3
6
13
24
29
31
21
-2
-21
-29
-24
-15
-3
8
11
5
-1
-6
-14
-23
-27
-25
-15
-4
5
3
-8
-24
-29
-29
-31
-29
-20
-13
-15
-12
-2
4
-1
-7
-13
-18
-16
-17
-20
-18
-20
-24
-16
3
11
13
12
3
-11
-13
-5
-2
-3
1
1
3
5
8
7
0
-12
-18
-10
3
7
12
11
1
-8
-9
-3
-5
-4
-1
3
7
5
12
24
28
21
15
15
12
6
8
13
9
6
3
-2
-7
-7
-3
7
13
14
16
20
17
7
3
3
-3
-10
-10
2
16
24
26
21
5
-15
-19
-5
9
12
11
16
21
23
14
0
-17
-30
-40
-37
-6
31
42
41
31
6
-19
-37
-41
-33
-14
-1
9
35
47
30
3
-13
-27
-41
-42
-17
21
35
22
3
-9
-30
-52
-55
-35
-17
-9
-3
7
20
16
-1
-9
-8
-11
-20
-15
2
17
11
-7
-14
-5
-2
-15
-26
-18
-3
-10
-12
10
28
22
7
0
2
1
-13
-25
-12
13
18
22
31
22
-3
-14
-2
7
-1
-10
1
31
43
24
13
11
1
-15
-13
10
26
26
13
0
4
16
9
-2
-6
-17
-20
-1
22
30
9
-21
-33
-23
-13
-20
-20
-11
-7
-13
-9
6
8
-4
-11
-20
-18
4
23
18
1
-14
-20
-5
15
13
-3
-12
-17
-22
-14
-9
-8
-11
-16
-19
-11
5
15
11
-5
-14
-16
1
18
29
28
11
6
8
18
23
15
2
-3
-1
-5
-17
-19
-3
9
7
-1
3
21
26
13
-3
-3
6
7
-3
-8
6
21
15
3
-2
9
25
30
26
24
14
-11
-26
-21
-11
-12
-15
-3
13
18
11
2
-10
-21
-27
-19
-8
13
35
39
25
7
8
10
-4
-18
-14
16
37
36
9
-23
-49
-53
-41
-22
8
31
23
-8
-17
-7
-8
-31
-47
-40
-16
10
23
37
30
-11
-57
-62
-25
18
31
16
0
-4
-5
-19
-11
5
-5
-27
-26
-3
11
13
7
-5
-17
-20
-15
1
20
20
3
-10
-10
-12
-3
12
4
-21
-16
4
-2
-2
20
24
10
4
-7
-6
26
38
12
4
10
7
2
-1
5
20
33
21
4
11
22
7
-13
-3
3
-11
-22
5
31
31
15
0
2
0
-18
-31
-10
15
19
17
17
19
27
9
-31
-44
-31
-16
-9
5
30
46
44
16
-21
-39
-31
-24
-13
16
40
31
2
-18
-31
-37
-39
-44
-42
-9
29
32
20
6
-11
-34
-65
-81
-44
17
30
7
14
35
22
-18
-42
-23
1
10
15
19
28
33
26
5
-16
-32
-36
-26
-3
28
51
40
11
-3
-15
-38
-45
-23
8
37
55
50
52
53
38
-15
-59
-46
-1
32
30
24
38
48
3
-58
-56
-10
8
4
32
50
35
14
-4
-15
-4
-6
-33
-11
36
31
-2
-4
4
-13
-42
-59
-38
11
19
-18
-12
21
10
-19
-23
-16
-19
-32
-35
-16
12
14
1
0
3
-7
-13
0
17
15
2
-5
1
6
-15
-33
-8
28
24
1
1
1
-18
-33
-17
9
8
-7
1
34
35
-4
-29
-10
-7
-36
-38
0
34
21
-17
-18
5
11
-10
-21
-1
22
3
-28
-15
23
27
-4
-3
23
27
7
-29
-32
18
56
36
7
-3
-17
-28
-26
-23
4
25
8
6
43
46
2
-32
-50
-51
-38
-3
36
70
78
49
3
-29
-22
-23
-35
-23
-2
25
45
35
20
13
-6
-33
-38
-15
-9
23
68
54
17
11
39
22
-41
-65
-34
4
16
20
40
57
46
11
-34
-46
-40
-42
-37
-26
-4
26
53
57
52
19
-49
-89
-45
-3
-6
-15
6
38
38
8
-22
-25
-36
-70
-79
-38
10
38
47
30
8
-22
-67
-86
-64
-31
-2
35
87
101
50
-6
-23
-33
-72
-70
-11
31
24
-3
1
26
14
-18
-16
6
17
18
31
37
11
-37
-73
-53
10
51
65
56
33
24
12
-2
-13
-9
-14
-29
-23
-12
-1
1
18
47
52
23
1
-3
-5
-18
-41
-53
-25
4
-11
-26
-24
-4
13
10
8
16
18
26
33
-20
-71
-59
-7
9
10
23
29
16
-14
-7
9
-7
-38
-28
27
57
13
-43
-39
-19
-39
-30
38
75
51
-20
-57
-1
38
4
-46
-21
36
74
55
17
11
-12
-69
-74
-3
45
56
17
23
68
62
14
4
11
-25
-59
-48
-1
48
43
2
24
39
15
22
26
8
-5
-27
-16
20
-8
-61
-57
-30
-11
23
52
58
48
-18
-74
-29
-12
-66
-58
-21
24
39
-7
-26
21
47
-1
4
41
28
-15
-72
-103
-64
-54
-68
-26
12
45
56
43
-7
-52
-69
-46
2
-2
-23
1
-1
-20
7
-3
-5
17
17
13
22
0
-40
-14
13
-32
-51
-13
50
78
22
-9
22
41
24
2
3
23
41
13
-17
9
23
-7
14
47
60
25
-23
0
56
61
-22
-32
29
30
-35
-73
-24
29
7
-38
-3
58
63
-7
-60
-47
-10
-2
-3
32
31
-6
-8
12
8
-4
-35
-56
-3
54
32
6
34
25
-19
-27
-19
-19
-23
-23
-22
-6
-7
-7
12
32
42
5
-54
-46
6
-17
-51
-32
-5
-1
-4
-12
17
53
5
-66
-44
8
-8
-10
23
50
42
-5
3
60
39
-43
-76
-43
-16
1
7
34
81
65
4
-18
-1
-8
-17
-60
-59
1
15
7
42
53
-13
-41
-22
-14
-8
-14
-32
-14
-9
-33
-11
-1
3
19
17
2
-10
-12
2
26
-4
-45
-7
22
-6
-5
7
2
29
57
47
5
-8
0
5
15
36
52
37
15
7
-12
-22
-31
-62
-36
24
46
35
30
41
12
-28
-46
-33
-23
-44
-57
-28
34
79
39
-7
24
31
2
-12
-5
14
27
7
-7
37
63
38
10
3
-13
-30
-46
-17
24
-4
-37
-40
-28
24
41
-4
3
19
-2
3
39
-5
-64
-45
-49
-60
-11
-27
-37
6
12
15
40
62
24
-22
-18
4
2
-52
-52
0
-14
-2
4
-48
-22
19
-25
-52
-1
4
-34
10
49
48
48
-2
-43
-38
-11
32
25
-3
5
-9
-22
9
43
5
-37
-55
-83
-30
51
38
20
51
72
33
-15
-10
28
20
-30
-51
7
49
41
49
54
63
51
10
-22
-66
-52
-7
14
26
-10
-19
21
52
59
30
20
-20
-63
-1
57
66
23
30
36
-49
-115
-69
-33
-13
-41
-65
-55
34
93
34
34
43
-11
-76
-65
-33
-24
-73
-72
-41
-42
-42
13
61
28
16
12
8
32
18
-7
15
18
-24
-16
31
86
76
29
7
-37
-96
-118
-2
65
-7
-54
-23
10
69
52
-35
-36
4
22
3
72
140
73
-23
-69
-32
10
-14
-9
15
7
22
34
43
56
48
4
6
88
59
-37
-83
-82
-108
-131
-96
-41
8
15
39
90
75
8
-8
-26
-64
-59
-39
-32
2
35
5
-1
12
15
-52
-48
13
43
11
-75
-54
-34
-31
-13
-33
-50
14
35
15
44
78
31
-66
-75
-81
-44
10
41
77
76
92
76
29
10
34
17
-39
-16
30
-5
-50
-5
53
32
-43
-32
19
44
73
71
30
41
102
49
-29
-24
8
-15
-62
-112
-108
52
171
110
23
80
141
6
-115
-81
-57
-69
-82
-53
21
94
86
1
-33
-28
-133
-167
-37
105
115
-10
-70
0
24
-53
-124
-100
-57
-66
-18
28
89
110
40
-95
-136
-64
-51
-52
15
99
90
19
-27
1
31
21
-22
-62
-70
-69
-24
-5
56
74
3
-24
45
75
24
85
100
38
11
38
38
-33
-41
-28
-52
-63
-53
23
112
174
110
25
54
18
-128
-153
-40
44
52
15
4
70
104
-2
-53
-51
-87
-112
-149
-169
-99
23
13
72
156
80
6
12
42
-48
-105
-101
-60
2
13
-7
23
62
72
-44
-79
-69
-87
-32
49
25
-76
-9
98
68
-14
-66
-87
11
37
-15
43
147
202
119
30
8
-6
-31
-49
18
90
47
3
47
124
85
-44
-90
-6
33
-32
-71
11
87
62
11
71
135
74
-3
-86
-79
-37
23
20
-12
-2
-55
-54
-35
-63
-132
-130
-83
-33
48
18
-26
-30
-62
-184
-225
-52
37
71
180
195
111
11
-102
-102
-119
-91
-109
-115
46
100
137
144
131
75
-132
-276
-232
-3
186
156
57
-50
-33
-27
-85
-11
12
-69
-88
7
197
212
164
14
-125
-120
-67
22
57
119
165
46
-15
84
13
-83
-31
23
-99
-70
-2
-8
81
97
35
-13
-2
-12
-21
-10
-5
26
82
30
-23
-28
-27
20
-48
-37
24
-16
-25
50
6
-86
-55
-55
-20
-2
29
46
121
62
-45
-24
-67
-83
22
49
13
37
-10
-29
34
93
38
27
-44
-125
-134
-141
-38
68
42
-105
-45
117
84
20
-52
-73
-3
66
101
100
64
-52
-210
-184
-40
98
3
-4
178
127
16
0
-30
-112
-139
-108
-56
185
236
77
29
-18
-78
-79
-29
39
86
27
7
70
31
-130
-132
-92
-74
33
104
144
172
95
5
-71
-77
-170
-247
-185
-12
229
237
124
125
106
62
-71
-204
-148
-79
-64
-127
13
180
103
-15
-66
1
32
-69
-25
42
-35
-80
20
112
86
67
12
-47
-13
24
7
-95
-109
-31
19
33
102
133
-16
-115
-144
-117
37
123
54
-68
-128
-133
-1
101
71
55
-39
-48
68
76
19
18
-87
-229
-191
67
195
268
245
39
-58
-123
-71
-12
23
-8
-91
-128
-32
155
145
-17
-133
-99
-41
106
134
98
142
98
-66
-163
-102
-52
-50
75
136
98
80
38
14
-29
-40
-50
-64
-4
12
26
-38
-14
60
-40
-109
-123
-20
146
128
62
-6
-51
-103
-110
-27
-74
-64
-68
-107
-25
69
183
223
173
-7
-154
-163
-189
-163
-64
-19
34
23
28
60
20
-35
-96
-17
-47
-85
-30
84
290
282
79
-99
-210
-183
-111
43
87
25
9
56
91
145
118
110
-42
-192
-120
-33
116
141
206
26
-89
-67
-29
79
102
-24
-71
53
26
6
28
68
19
54
-27
-48
-1
-70
0
36
58
-62
-34
-4
-6
-7
-54
-82
-39
-58
-36
-3
-15
102
-16
-96
35
91
54
-9
5
-56
-68
-50
-141
-145
-66
-117
-42
53
83
160
98
-50
-126
-154
-199
-82
-19
-17
105
138
132
177
183
-64
-166
-89
-74
80
202
216
204
39
-126
-123
-106
13
114
85
-47
-11
24
-31
40
-66
-157
64
173
158
144
101
15
-37
-138
-227
-46
59
18
94
138
35
-4
-86
-58
39
-17
-63
-14
7
-135
-153
-144
-18
80
-34
-155
-76
102
142
84
-109
-81
14
-46
-92
71
92
-68
-82
-108
-23
20
32
52
29
-25
-124
-39
27
99
128
2
-66
10
6
36
38
-80
27
86
93
141
155
126
75
-78
-312
-299
-88
38
71
194
218
291
284
-42
-139
-131
-240
-194
-30
71
145
147
96
-5
-57
-84
-127
-49
-36
107
221
70
35
9
-151
-134
-187
-122
111
162
124
129
192
75
-36
-126
-186
-90
-57
-160
-92
68
71
29
-55
-56
41
-57
-171
-81
-30
-130
-148
-139
-18
126
119
134
191
189
99
168
66
-108
-97
-35
-4
49
-40
-142
-113
-159
-97
-62
-38
-3
40
-42
31
236
107
-39
-67
-13
34
132
88
68
53
-111
-175
105
235
130
43
-125
-92
-77
-73
-134
-162
-98
18
101
179
248
226
48
-137
-94
-49
11
-47
-120
-11
13
48
80
136
24
-87
-64
-56
3
-16
-122
-226
-188
-75
28
52
115
147
125
87
45
4
-102
-122
-156
-76
84
183
213
145
40
-17
1
-41
-109
-127
-78
-66
-5
64
95
74
-28
-76
-55
2
10
29
28
4
34
43
60
106
96
43
-11
-43
-30
-25
-56
-78
12
103
95
52
-2
-37
-55
-89
-113
-90
15
123
115
35
8
13
-46
-108
-77
41
136
88
-24
-25
41
42
-21
-34
-29
-53
-71
-30
101
148
3
-161
-204
-134
-63
-36
67
164
99
-70
-125
-42
13
15
-22
-59
-35
-3
40
122
119
37
-45
-123
-131
-59
16
15
-69
-132
-128
-9
134
169
141
69
-22
-100
-142
-109
-12
22
-28
-48
4
61
45
-12
-18
25
11
-72
-87
28
98
59
-33
-71
19
80
79
76
147
217
142
-41
-78
47
99
-18
-116
-67
-27
-44
-52
59
200
164
-4
-78
19
113
81
-19
-72
-62
-57
-72
-5
111
100
-56
-221
-193
-20
96
73
3
-54
-66
-28
13
53
62
-9
-127
-166
-88
95
212
69
-152
-191
-113
-102
-74
2
82
58
-34
-17
150
266
156
-31
-121
-68
9
-3
-30
26
43
-43
-135
-119
5
130
115
2
-32
29
73
35
-59
-51
86
152
92
77
155
241
216
29
-136
-124
-114
-183
-132
52
179
113
9
23
91
90
9
-76
-157
-198
-207
-162
28
180
87
-58
-38
47
101
82
-34
-147
-197
-235
-205
-108
-44
-39
-40
-82
-146
-168
-186
-156
-138
-165
-143
-81
-103
-100
71
228
268
239
152
40
-68
-117
-34
86
78
-42
-125
5
290
422
241
21
-62
-93
-82
28
249
411
361
213
178
246
299
294
165
-6
-62
-16
64
165
183
122
110
115
52
51
127
111
12
-90
-140
-132
-101
-62
-29
-20
-104
-269
-362
-298
-268
-414
-534
-429
-212
-120
-161
-140
-25
-84
-382
-562
-403
-139
-74
-231
-302
-163
-90
-150
-165
-139
-233
-406
-500
-373
-59
130
85
84
193
234
233
240
250
211
64
-64
114
546
909
1058
1046
954
823
620
392
293
272
211
207
287
367
503
662
610
378
136
-120
-326
-348
-235
-129
-63
-22
-25
-22
88
270
355
292
136
-98
-284
-323
-302
-319
-381
-506
-597
-545
-457
-419
-448
-602
-871
-1123
-1165
-935
-634
-449
-324
-182
-157
-211
-197
-191
-244
-334
-457
-528
-423
-196
19
93
-53
-278
-415
-476
-499
-468
-396
-303
-174
-73
56
315
461
349
110
-26
174
587
969
1328
1725
2095
2275
2288
2248
2128
1735
1097
574
326
190
105
40
-27
-32
-39
-90
-102
-156
-338
-541
-681
-658
-412
-67
264
590
845
995
1092
1017
691
249
-220
-692
-1138
-1442
-1478
-1304
-1191
-1203
-1183
-1117
-1092
-1160
-1218
-1145
-1085
-1184
-1240
-1001
-575
-307
-283
-306
-254
-242
-338
-369
-320
-363
-569
-814
-830
-551
-298
-291
-405
-461
-447
-421
-372
-271
-160
-102
-10
192
398
557
671
775
937
1225
1645
2245
2842
3092
3067
2946
2802
2496
1825
1029
389
-46
-366
-590
-538
-323
-146
-129
-130
86
218
135
-34
-220
-241
-106
138
563
1138
1575
1690
1654
1488
1070
435
-376
-1203
-1846
-2267
-2419
-2259
-1915
-1563
-1353
-1314
-1314
-1316
-1340
-1310
-1224
-1175
-1087
-859
-562
-203
67
96
-2
-138
-266
-425
-631
-806
-923
-1037
-1172
-1168
-1051
-908
-674
-577
-622
-580
-597
-666
-649
-475
-137
176
419
629
798
762
561
677
1036
1377
1688
1920
2712
3813
4250
4048
3521
2928
2124
1009
37
-536
-663
-817
-976
-645
-15
641
722
284
-2
-294
-654
-850
-726
-454
-217
161
644
1256
1700
1836
1840
1512
1060
499
-315
-1044
-1625
-2137
-2567
-2672
-2455
-2105
-1569
-1077
-754
-693
-928
-1073
-1102
-1123
-1034
-800
-497
-249
-96
-25
119
201
-31
-338
-576
-681
-608
-546
-621
-840
-1092
-1274
-1315
-1262
-1233
-1143
-1044
-986
-836
-610
-211
281
664
946
1163
1411
1403
948
558
585
916
1098
1506
2904
4432
5080
4892
4216
3211
1668
-44
-1387
-2100
-2056
-1742
-1263
-341
877
1652
1368
662
27
-723
-1343
-1539
-1298
-884
-408
263
1194
2287
3015
3078
2572
1658
541
-643
-1484
-1932
-2321
-2404
-2060
-1621
-1151
-648
-404
-574
-974
-1497
-1902
-1869
-1534
-1167
-863
-464
99
443
451
432
371
106
-250
-558
-752
-711
-610
-598
-570
-701
-1013
-1254
-1466
-1632
-1661
-1684
-1792
-1793
-1539
-1105
-578
-57
502
1019
1290
1538
1739
1641
1325
783
196
97
591
1318
2550
4167
5019
4886
4283
3378
2095
358
-1317
-2437
-2835
-2504
-1673
-518
728
1712
1608
501
-299
-744
-1230
-1432
-1274
-869
-245
666
1804
3035
3998
4163
3556
2395
998
-337
-1664
-2773
-3501
-3795
-3356
-2286
-1064
126
1115
1258
506
-422
-1191
-1697
-1869
-1819
-1444
-677
259
1105
1572
1570
1266
580
-543
-1607
-2188
-2413
-2461
-2337
-2043
-1612
-1206
-918
-654
-616
-837
-937
-1129
-1467
-1433
-1059
-656
-301
221
957
1391
1421
1310
1111
681
-25
-730
-1261
-1005
211
1354
2788
4877
6330
6346
5202
3901
2570
540
-1602
-3025
-3410
-2986
-2021
-583
742
1708
1622
258
-844
-1284
-1547
-1753
-1742
-1051
164
1665
3328
4928
5900
5577
4341
2571
622
-1117
-2846
-4206
-4938
-5037
-4283
-2898
-1284
147
1208
1744
1697
1475
1117
618
74
-525
-803
-731
-518
-213
-50
-85
-267
-626
-1311
-2275
-2969
-3225
-3275
-3113
-2546
-1636
-1001
-711
-345
-38
18
-116
-247
-339
-410
-294
-230
-340
-261
-4
-76
-473
-428
-139
-277
-484
-383
-68
97
292
1302
2628
3801
5334
6596
6555
5270
3584
1861
-143
-2012
-3319
-3738
-3126
-1926
-214
1347
2185
2277
1050
-720
-1772
-2082
-2097
-1995
-1209
243
1963
3783
5517
6911
6759
4933
2677
466
-1618
-3511
-4828
-5385
-5288
-4368
-2819
-974
617
1616
2034
1737
1322
1294
1254
819
183
-425
-1075
-1528
-1701
-1702
-1700
-2044
-2411
-2540
-2612
-2546
-2231
-1916
-1924
-1819
-1385
-916
-493
-235
-11
-20
-268
-74
436
714
608
327
-149
-828
-1163
-1285
-1362
-1344
-1348
-915
-125
792
1676
1934
1470
849
1388
2704
3642
4918
5980
5808
4364
2458
1375
110
-1700
-3104
-3694
-2904
-1310
671
2026
2029
1545
-66
-1876
-2418
-2245
-1745
-1542
-889
744
2797
5073
6681
7453
6796
4656
2334
-74
-2108
-3920
-5608
-6340
-6353
-5398
-3498
-1217
705
1488
1814
1803
1488
1111
463
91
-280
-760
-907
-943
-778
-759
-1133
-1885
-2703
-2881
-2915
-2908
-2516
-1857
-1111
-925
-779
-189
196
371
504
722
790
677
710
620
591
405
-190
-719
-1285
-1509
-1363
-1332
-1144
-774
-147
643
1409
2033
2100
1625
484
-59
1012
2041
3154
4761
5583
5099
3543
2323
1464
-96
-1850
-3195
-3423
-2787
-1505
217
927
1112
669
-793
-1608
-1624
-1230
-969
-895
43
1666
3564
5131
6216
6524
4989
2623
332
-1754
-3502
-5264
-6326
-6514
-6027
-4636
-2577
-321
1271
2193
2520
2110
1548
841
258
-56
-384
-432
-325
-293
-420
-574
-935
-1835
-2504
-2769
-2902
-2638
-1882
-773
-11
308
573
715
705
644
697
459
-57
-353
-643
-711
-389
36
157
-121
-219
-194
-56
194
276
456
603
632
536
387
400
7
-738
-1335
-925
564
1844
3479
5233
5661
4734
3014
1823
811
-741
-2072
-2880
-2586
-1808
-848
405
859
739
-441
-2151
-2595
-2208
-1283
-420
396
1710
2983
4333
5295
5796
5369
3165
541
-1891
-3811
-5217
-6496
-6723
-6188
-5030
-2939
-309
2356
3915
4399
3933
2698
1606
531
-239
-692
-1024
-903
-754
-516
-242
-211
-622
-1481
-1950
-2230
-2385
-1997
-1270
-351
56
60
130
76
66
98
282
267
-40
-207
-448
-312
66
234
420
420
507
667
752
761
456
-50
-984
-1698
-1777
-1743
-1549
-1644
-1635
-1253
-441
1268
2780
4226
5494
5586
4829
3460
2717
2069
330
-1297
-2471
-2619
-2313
-2156
-1453
-1236
-1427
-2023
-2665
-2068
-1105
165
1239
1870
3024
4070
4968
5217
4713
3714
1337
-1161
-2971
-4137
-4720
-5170
-4662
-3677
-2396
-455
1368
2947
3530
3277
2659
1484
633
12
-427
-842
-1346
-1041
-534
-134
118
-8
-263
-1076
-1780
-2106
-2403
-2220
-1758
-1013
-377
142
820
883
693
514
303
126
-315
-463
-574
-706
-479
-136
663
1232
1318
1266
750
255
-393
-1148
-1814
-2766
-3305
-3366
-2936
-2146
-1503
-828
-682
-29
1710
3265
5240
7110
7735
6788
4781
3498
2147
-167
-2727
-4839
-5513
-5478
-4487
-2344
-587
516
321
-237
178
843
1612
1741
1302
1127
1357
2177
2866
3671
4010
2658
895
-410
-1092
-1819
-2990
-3639
-3982
-3866
-2863
-1050
1004
2150
2672
2588
1921
1281
420
-395
-1328
-2135
-1863
-1050
-150
730
1457
1555
777
24
-591
-1292
-1949
-2349
-2329
-2405
-2316
-1683
-1035
-628
-278
286
683
728
807
952
1000
754
704
946
897
829
779
370
-492
-1504
-2228
-2875
-3479
-3661
-3353
-2818
-2082
-868
429
1180
1405
2171
3764
4897
5753
6518
6272
4625
2188
496
-770
-2442
-3895
-4868
-4825
-3797
-1923
405
1826
2413
1942
655
-131
-252
267
230
-485
-257
922
2486
3789
4895
5323
3702
1239
-686
-2040
-3157
-4231
-4631
-4603
-3992
-2147
274
2316
3229
3204
2372
773
-590
-1461
-1960
-2214
-1896
-392
1381
2786
3788
3836
2550
256
-1949
-3785
-5313
-5902
-5403
-4277
-3037
-1345
633
1742
2018
1951
1712
1238
695
641
685
471
386
765
1336
1420
1203
704
-488
-2100
-3495
-4163
-4453
-4360
-3728
-2835
-1459
98
1534
2284
2039
2294
2843
3195
4206
5345
5602
4206
2306
1354
336
-1103
-2569
-3378
-3417
-3319
-2156
-290
1122
1599
583
-664
-1323
-1236
-370
120
446
1226
2457
3808
4937
6061
5814
3536
726
-1514
-2862
-3891
-4382
-4197
-3997
-3281
-1809
191
2001
2822
2776
1712
287
-732
-1257
-1175
-1036
-570
591
1963
3173
3582
2998
1241
-1347
-3712
-5573
-6488
-6159
-4932
-3341
-1796
-42
1626
2550
2658
2219
1566
839
356
316
657
982
762
406
259
185
22
-428
-1120
-2095
-3027
-3512
-3565
-3121
-2388
-1679
-1279
-903
-114
595
959
875
811
1558
2484
4059
6509
7954
6962
4019
1596
148
-1724
-3440
-4255
-4009
-3329
-2231
31
2211
3257
2165
-942
-3466
-4110
-2885
-1081
369
2114
3775
5101
6225
7400
7789
5414
1339
-2193
-4228
-4915
-4876
-3896
-2899
-2426
-1539
-53
1531
2238
1869
511
-1469
-2558
-2250
-880
703
1780
2722
3292
3323
2861
1498
-845
-3605
-5690
-6782
-6893
-5640
-3388
-1190
69
844
1718
2089
1807
1317
953
686
483
660
1052
1258
977
263
-446
-980
-1196
-1400
-1945
-2523
-2847
-2951
-3030
-2658
-1677
-694
-32
240
489
648
349
66
390
1853
3308
4266
5856
7173
6809
4608
2188
755
-1007
-2921
-3965
-3584
-1964
-644
361
1027
1134
342
-1906
-3642
-3754
-2686
-1118
242
2337
4891
6677
7412
7421
6947
4774
1354
-1420
-3025
-3783
-4373
-4392
-3859
-3307
-2376
-1287
-367
78
-66
-577
-1245
-1248
-516
549
1543
2178
2855
3170
2779
1922
413
-1753
-4157
-5770
-6212
-5927
-4914
-3302
-1480
-110
789
1720
2196
1999
1527
1082
839
601
498
502
189
-304
-569
-603
-680
-642
-489
-814
-1678
-2545
-2933
-2775
-2404
-1905
-1212
-467
294
1049
1502
1393
748
287
971
2285
4069
6447
7936
7379
5371
3406
1770
-268
-2189
-3575
-4239
-3969
-2918
-1245
65
470
-417
-2535
-3999
-3668
-1813
454
2403
4473
6455
7854
8451
8372
7172
3965
-85
-3329
-5219
-5842
-5673
-5021
-4482
-3950
-2894
-1511
-310
278
279
-298
-920
-685
320
1625
2594
2944
3099
3050
2419
1141
-673
-3000
-5239
-6493
-6550
-5513
-3739
-1732
-69
885
1464
1824
1619
798
-185
-923
-1202
-877
-121
748
1235
1089
891
953
915
564
45
-620
-1652
-2784
-3435
-3257
-2385
-1399
-550
50
379
485
306
-40
-515
-523
1012
3265
5316
7509
9393
9510
7176
3933
1145
-1435
-3517
-4697
-4806
-3956
-2680
-1407
-864
-829
-1282
-2761
-4117
-3971
-2023
805
3559
6350
8710
9823
9255
7617
5462
2291
-1332
-4209
-5746
-6112
-5830
-4952
-4114
-3645
-3117
-2508
-1973
-1556
-1079
-651
-193
756
2000
3264
4169
4514
4317
3372
1845
3
-1975
-3975
-5728
-6585
-6407
-5515
-4223
-2667
-1107
-120
407
720
737
563
392
368
541
1014
1638
2061
2152
1952
1723
1493
1125
544
-288
-1308
-2461
-3426
-3888
-3640
-2795
-1878
-902
211
1202
1808
1789
1325
573
-290
-348
1573
4483
6749
8064
8192
6942
4472
1530
-1038
-3303
-4961
-5727
-5216
-3141
-589
1220
1323
110
-1648
-3448
-3758
-2322
-56
2371
4487
6405
7838
8335
7401
4939
1601
-1942
-4606
-5698
-5337
-4246
-3369
-2757
-2457
-2243
-1893
-1754
-1736
-1816
-1648
-831
607
2526
4038
4651
4395
3594
2659
1293
-415
-2280
-4148
-5531
-6309
-6123
-5086
-3925
-2835
-1895
-1026
-242
423
840
955
1047
1208
1587
2250
3060
3668
3499
2745
1984
1380
757
-77
-1159
-2289
-3220
-3937
-4292
-4040
-3161
-1996
-1062
-260
573
1166
1469
1446
1185
735
396
900
2712
4740
6061
6847
6713
5063
2358
-118
-1552
-2590
-3404
-3629
-2932
-1350
42
734
424
-708
-2420
-4273
-4359
-2446
194
2744
4582
5908
6367
5853
4660
2872
899
-1260
-2927
-3241
-2449
-1336
-923
-1089
-1674
-2503
-2972
-3071
-2750
-2224
-1498
-406
918
2456
3451
3557
2922
1803
871
218
-424
-1361
-2605
-3756
-4510
-4456
-3774
-2959
-2126
-1328
-566
57
716
1302
1331
943
758
1266
2328
3544
4420
4254
3061
1359
-334
-1714
-2804
-3534
-3843
-3783
-3378
-2806
-2219
-1818
-1613
-1441
-1166
-654
-19
471
860
1174
1436
1563
1481
1635
2774
4074
5148
6132
6083
4286
1540
-571
-1702
-2528
-2851
-2685
-2179
-1310
-588
-107
-342
-1243
-2781
-4305
-3854
-1361
1773
4617
6448
6938
6084
4712
3219
1714
526
-523
-1252
-1224
-456
187
-277
-1554
-3213
-4710
-5373
-4886
-3409
-1588
243
1662
2561
3185
3111
2278
1089
-35
-849
-1362
-1341
-1257
-1388
-1609
-1954
-2198
-2312
-2297
-2127
-1783
-1156
-485
166
849
1319
1593
1852
2197
2400
2363
1872
603
-830
-1961
-2899
-3563
-3550
-2768
-1956
-1396
-891
-620
-704
-1051
-1143
-936
-502
148
376
319
467
561
616
635
721
733
1294
2789
4349
5742
6249
4949
2517
454
-327
-498
-450
8
-6
-316
-491
-626
-1036
-1914
-3075
-4366
-4261
-1958
1122
3972
5976
6469
5412
3819
2780
2067
1596
1279
804
519
552
474
-440
-2023
-3644
-5143
-5816
-5070
-3309
-1408
-45
660
625
322
-52
-630
-930
-732
-293
286
1075
1656
1360
395
-856
-2046
-2732
-2923
-2713
-2176
-1237
-359
24
281
429
109
-315
-343
-85
77
94
-191
-880
-1478
-1735
-1612
-926
105
857
1090
1110
761
-247
-1504
-2364
-2573
-2179
-1328
-372
143
152
-25
-342
-330
116
864
1882
3639
5488
6827
7629
7178
4778
1574
-476
-1096
-1114
-821
-220
-84
-298
-730
-1284
-1824
-2404
-3205
-3660
-2315
584
3390
5245
5804
4723
2650
911
225
510
1397
2064
1985
1789
1514
381
-1635
-3605
-4979
-5740
-5445
-3934
-2088
-880
-623
-1214
-2082
-2562
-2582
-2325
-1415
34
1250
2253
3153
3392
2499
1023
-256
-1016
-1220
-1242
-1378
-1384
-1324
-1637
-2132
-2255
-2126
-2272
-2214
-1507
-558
255
735
767
568
625
968
1380
1972
2420
2142
1268
414
-339
-1236
-2027
-2394
-2198
-1521
-958
-778
-942
-1294
-1483
-1217
-160
1259
2429
3164
3955
5304
6059
5877
5062
3708
1794
243
135
1042
1582
1278
417
-482
-862
-1023
-1243
-1653
-1981
-2445
-2425
-1063
825
1711
1277
365
-454
-493
453
1862
3091
3801
3679
2709
1651
608
-939
-2934
-4371
-4734
-4396
-3779
-3205
-3124
-3690
-4485
-4813
-4173
-2816
-1273
145
1704
3152
3763
3693
3206
2521
1647
817
286
86
-22
-572
-1395
-1895
-2122
-2512
-2958
-3047
-2730
-2318
-1633
-728
-6
450
685
941
1391
1974
2227
2049
1827
1497
1142
929
887
741
295
-196
-665
-1026
-1373
-2057
-2846
-3222
-2903
-1994
-690
848
2026
2359
2161
2212
3354
4520
5101
5464
5586
4834
3451
2631
2129
1360
281
-703
-1302
-1213
-993
-1406
-2312
-3173
-4232
-5077
-4432
-2670
-1013
230
1497
2345
2893
3642
3949
3601
2973
2175
927
-175
-583
-1182
-2252
-3073
-3517
-3889
-4053
-3913
-3888
-3960
-3728
-3375
-2774
-1591
-520
59
626
1438
1767
1791
2157
2502
2563
2560
2399
1939
1467
938
59
-760
-1171
-1713
-2432
-2747
-2669
-2718
-2631
-2239
-2016
-1729
-990
-129
636
1441
2006
2176
2432
2986
3401
3667
3693
3054
1847
582
-507
-1679
-2381
-2674
-3007
-3185
-2788
-2201
-1889
-1625
-1358
-1195
-849
169
2106
4834
6840
7747
7541
6431
4458
2628
1946
1828
1733
1385
904
139
-919
-2378
-4060
-5455
-6158
-6285
-5301
-3114
-1058
-12
171
-20
-642
-768
33
1180
2453
3490
3952
3581
2990
2165
696
-739
-1552
-1984
-2390
-2715
-2992
-3577
-4275
-4834
-5096
-4775
-4051
-3334
-2364
-944
637
1852
2809
3634
4274
4828
5062
5042
4622
3722
2328
930
84
-513
-1339
-2246
-3042
-3886
-4632
-4801
-4319
-3548
-2543
-1462
-377
792
1764
2347
2711
3129
3480
3645
3910
3972
3415
2397
1257
123
-845
-1336
-1903
-2601
-3053
-3327
-3722
-3768
-3304
-2628
-1842
-839
352
2002
3975
4948
5152
4942
4431
3394
3090
3860
4362
4142
3393
2298
713
-838
-2303
-3596
-4438
-4838
-5257
-5086
-4222
-3762
-3955
-4204
-4021
-3603
-2235
-77
1952
3553
4433
4494
3969
3648
3373
2865
2512
2370
1874
849
-382
-1823
-3413
-4769
-5632
-5952
-5539
-4588
-3620
-2645
-1692
-1018
-424
413
1476
2662
4042
5233
5630
5331
4648
3701
2849
2274
1666
765
-233
-1261
-2270
-2811
-2948
-3215
-3490
-3446
-3164
-2787
-2099
-1315
-782
-261
379
1115
2070
3103
3643
3502
3185
2819
2202
1591
963
200
-880
-1801
-2367
-2676
-2774
-2888
-3044
-3142
-3055
-2865
-2273
-930
911
2119
3087
3931
4308
3930
3759
4199
4294
4147
3879
3408
2591
1547
82
-1614
-3109
-4278
-5361
-5806
-5432
-5067
-4843
-4522
-4040
-3672
-2899
-1560
-265
1203
2790
3820
4281
4708
4954
4683
4359
4219
3745
2761
1642
508
-655
-1609
-2431
-3238
-3838
-4159
-4563
-4768
-4466
-4104
-3713
-2636
-1057
510
1843
2702
2911
2846
3054
3439
4014
4707
5012
4504
3553
2518
1251
-163
-1344
-2338
-3147
-3443
-3378
-3332
-3308
-3311
-3373
-3144
-2367
-1505
-776
-12
855
1646
2334
2798
2851
2518
2031
1457
857
461
112
-420
-903
-1097
-1384
-1770
-2033
-2110
-2204
-2039
-1387
131
1628
2070
1734
1437
1318
1006
1307
2234
3105
3391
3194
2691
1829
594
-754
-1723
-1956
-1758
-1753
-1604
-1476
-2006
-3138
-4030
-4248
-3918
-2791
-1282
50
1146
1905
1986
1739
1863
2315
2808
3362
3968
3945
3128
1935
745
-239
-895
-1250
-1441
-1529
-1792
-2418
-2969
-3064
-3088
-3088
-2705
-1838
-909
-25
624
932
1125
1481
1912
2379
2912
3060
2659
2090
1730
1344
1040
870
642
211
-270
-750
-1336
-1708
-1934
-2131
-2121
-1851
-1638
-1610
-1512
-1472
-1521
-1290
-861
-539
-293
117
460
589
830
1124
1143
994
996
916
643
363
96
-257
-587
-675
-291
628
958
218
-614
-539
-201
-31
564
1404
1825
1640
1467
1331
998
414
-176
-321
-14
105
-293
-664
-964
-1538
-2179
-2285
-1893
-1324
-737
-440
-271
-40
72
-24
71
670
1330
1745
2074
2328
2186
1661
1266
1189
1171
900
462
84
-347
-1044
-1647
-1735
-1593
-1711
-1863
-1689
-1310
-959
-795
-704
-515
-163
275
682
1123
1395
1380
1397
1689
2022
2121
2117
2054
1757
1210
533
-157
-713
-1094
-1365
-1518
-1633
-1918
-2375
-2754
-2939
-2924
-2595
-2002
-1440
-1043
-691
-393
-238
-145
93
493
968
1352
1483
1375
1104
747
436
182
-105
-168
481
1301
1037
-87
-760
-546
-308
-197
282
943
1317
1312
1285
1403
1453
1154
782
902
1196
843
1
-595
-922
-1399
-1899
-2044
-1900
-1684
-1548
-1480
-1117
-493
-114
-33
445
1452
2239
2522
2625
2660
2421
1999
1757
1761
1741
1445
945
500
-58
-996
-1987
-2485
-2566
-2740
-3025
-2992
-2563
-2018
-1767
-1637
-1248
-565
164
733
1404
1990
2333
2557
2764
2857
2714
2526
2357
2012
1366
415
-622
-1412
-1964
-2402
-2783
-3031
-3204
-3400
-3423
-3325
-3097
-2646
-1939
-1192
-599
-19
511
987
1327
1556
1612
1530
1423
1209
851
386
-80
-401
-559
-799
-1167
-1143
-234
673
627
19
12
849
1707
2261
2634
2883
2804
2421
2151
2162
1939
1150
258
-89
-213
-741
-1392
-1724
-1762
-1930
-2257
-2396
-2268
-2035
-1908
-1627
-918
-76
523
970
1618
2416
3020
3327
3483
3517
3294
2773
2151
1535
785
-85
-826
-1412
-2073
-2842
-3366
-3475
-3406
-3431
-3553
-3409
-2679
-1621
-793
-269
307
1010
1634
2154
2488
2609
2551
2458
2390
2353
2254
1771
1024
399
-144
-946
-1904
-2489
-2602
-2531
-2450
-2414
-2344
-2199
-2064
-1880
-1489
-923
-526
-339
-93
169
317
307
288
341
415
316
3
-187
-172
-234
-372
-215
195
298
26
183
1220
2292
2060
939
755
1807
2553
2249
1965
2104
2019
1636
1507
1608
1259
275
-694
-934
-782
-1192
-2076
-2337
-1842
-1594
-1897
-2031
-1661
-1123
-689
-255
362
970
1143
996
1271
2073
2593
2531
2386
2341
2005
1350
755
313
-122
-621
-1071
-1311
-1442
-1735
-2150
-2346
-2319
-2398
-2502
-2205
-1367
-510
-149
-299
-228
382
995
1276
1373
1472
1276
1019
1055
1174
1030
590
190
89
117
-132
-695
-1045
-857
-658
-716
-906
-1172
-1530
-1838
-1760
-1482
-1183
-1006
-983
-945
-823
-741
-795
-667
-245
136
156
54
88
171
149
102
254
578
725
591
637
1554
2722
2591
1284
695
1581
2376
2168
1892
2028
1984
1543
1155
1061
744
-103
-1053
-1304
-893
-980
-1686
-1959
-1556
-1327
-1683
-1861
-1434
-639
64
449
787
1106
1030
609
582
1196
1665
1571
1370
1299
1072
512
-66
-361
-475
-651
-770
-599
-453
-744
-1150
-1128
-939
-1018
-1197
-1151
-866
-586
-621
-847
-827
-401
-72
35
347
692
625
290
295
588
668
504
433
603
758
561
71
-295
-359
-304
-351
-450
-587
-851
-1160
-1269
-1034
-744
-666
-751
-820
-873
-964
-1067
-1095
-912
-591
-396
-441
-495
-303
-76
94
335
652
876
751
559
858
2115
3090
2466
1203
1219
2239
2469
1877
1481
1368
1094
811
766
829
494
-412
-1253
-1200
-676
-804
-1256
-1280
-1023
-1155
-1709
-1983
-1665
-884
-372
-267
34
381
123
-462
-367
434
1059
1249
1340
1423
1370
1040
692
619
625
490
344
394
322
-92
-467
-683
-916
-1115
-1106
-965
-799
-769
-1115
-1523
-1268
-494
-97
-96
26
160
21
-23
357
696
684
534
479
664
853
627
108
-119
32
144
195
214
-103
-568
-714
-608
-526
-456
-374
-523
-751
-818
-948
-1197
-1351
-1292
-1126
-908
-823
-1094
-1296
-1045
-540
-99
169
291
325
435
749
1295
2460
3243
2595
1353
1199
1965
2072
1578
1263
1136
1086
906
502
204
-80
-706
-1553
-1492
-733
-663
-1073
-1343
-1307
-1249
-1360
-1405
-1161
-407
-2
-310
-257
323
418
-43
-19
795
1505
1701
1516
1192
1110
1087
920
943
1198
1191
769
519
558
366
-24
-378
-624
-609
-444
-543
-817
-925
-1073
-1461
-1411
-670
-269
-533
-948
-1207
-1132
-667
-126
-61
-158
28
260
644
1056
1000
644
621
960
1021
826
475
-184
-627
-513
-354
-508
-835
-1215
-1722
-1972
-1879
-1886
-1851
-1620
-1351
-1138
-916
-742
-849
-768
-261
296
663
728
585
452
559
792
872
1268
2032
2106
1266
502
635
1044
1141
1222
1234
1145
988
693
501
441
254
-286
-579
-119
211
-62
-500
-797
-888
-938
-944
-840
-416
115
82
-62
309
716
664
541
814
1253
1505
1496
1207
1014
1156
1263
1164
989
763
528
408
373
190
-86
-290
-586
-849
-935
-1015
-1100
-1111
-1156
-1381
-1579
-1504
-1337
-1095
-868
-948
-1061
-778
-225
53
0
21
130
255
284
194
243
421
511
347
129
-8
-251
-482
-635
-695
-694
-753
-909
-1136
-1181
-1184
-1258
-1140
-842
-660
-738
-771
-633
-491
-337
-293
-312
-161
82
225
240
387
544
460
427
548
1153
1780
1571
705
361
959
1372
1387
1462
1346
1022
868
891
924
935
812
289
58
511
743
475
28
-219
-202
-46
65
-84
-30
53
-103
11
526
805
509
260
358
539
687
669
478
371
412
390
312
257
82
-139
-186
-153
-200
-347
-643
-1023
-1134
-938
-797
-709
-688
-967
-1401
-1460
-1081
-809
-735
-780
-917
-902
-681
-456
-456
-510
-435
-316
-97
59
61
8
-4
139
337
507
416
78
-158
-243
-268
-302
-351
-446
-618
-743
-846
-839
-630
-423
-367
-374
-299
-248
-235
-147
-45
83
184
167
184
280
298
27
-71
153
522
1083
1278
778
106
263
950
1316
1529
1528
1171
875
920
1178
1329
1345
1122
754
799
978
982
878
581
327
253
346
257
14
-46
-222
-314
-36
243
74
-404
-674
-630
-380
-50
13
-189
-336
-351
-265
-193
-204
-270
-318
-292
-333
-369
-397
-673
-985
-946
-656
-524
-629
-821
-1143
-1354
-1086
-611
-411
-517
-717
-788
-628
-251
-78
-301
-517
-539
-427
-373
-405
-394
-315
-145
-38
-13
12
-129
-271
-183
116
340
322
244
110
-3
68
221
348
377
329
186
-29
-142
-185
-157
-36
89
95
-5
-91
-128
-151
-207
-235
-163
-7
-6
48
433
731
519
276
613
1128
1342
1390
1346
1260
1420
1727
1882
1902
1887
1622
1164
1042
1167
1192
1031
665
299
138
167
100
-15
8
-99
-331
-392
-365
-518
-796
-926
-918
-841
-706
-733
-964
-1159
-1175
-1043
-906
-827
-829
-839
-785
-729
-634
-529
-495
-487
-437
-411
-435
-381
-339
-463
-552
-424
-314
-404
-536
-590
-655
-710
-671
-581
-487
-395
-379
-467
-525
-477
-341
-162
17
116
152
174
159
162
267
388
437
506
599
568
462
407
392
381
440
477
342
89
-109
-171
-121
-49
-89
-188
-293
-387
-434
-401
-325
-253
-139
-15
28
259
637
756
539
417
654
904
1057
1199
1246
1266
1367
1512
1663
1841
1949
1721
1341
1162
1186
1345
1378
1114
716
406
224
46
-5
-48
-323
-637
-829
-975
-1153
-1267
-1348
-1516
-1565
-1421
-1322
-1418
-1565
-1565
-1388
-1128
-896
-728
-592
-530
-566
-510
-266
-35
-17
-214
-431
-481
-352
-287
-441
-576
-546
-546
-639
-642
-533
-458
-441
-372
-240
-87
-22
-133
-220
-85
176
377
442
396
308
333
474
581
626
645
626
590
619
685
673
578
462
394
421
477
438
255
36
-83
-81
-3
24
-22
-109
-250
-404
-481
-406
-297
-320
-452
-551
-498
-355
-195
138
537
656
447
329
566
918
1226
1466
1600
1725
1843
1866
1796
1773
1785
1602
1284
1033
907
830
611
259
-88
-363
-590
-778
-894
-1073
-1333
-1494
-1502
-1453
-1410
-1368
-1388
-1512
-1603
-1539
-1354
-1186
-1074
-982
-921
-883
-818
-702
-581
-473
-361
-270
-224
-196
-172
-188
-197
-103
2
-54
-212
-267
-183
-108
-62
-7
42
45
36
84
161
222
258
298
379
474
531
510
419
334
294
335
458
637
784
763
604
487
527
652
754
814
763
584
384
243
145
47
-26
-116
-283
-463
-578
-616
-638
-683
-719
-713
-656
-585
-518
-461
-407
-315
-176
-15
181
491
779
836
725
719
898
1120
1343
1521
1529
1395
1270
1250
1316
1401
1381
1101
641
223
22
59
119
3
-333
-784
-1172
-1366
-1307
-1166
-1105
-1132
-1229
-1331
-1356
-1269
-1161
-1124
-1081
-963
-803
-666
-570
-480
-437
-422
-335
-149
37
112
87
26
-11
44
173
282
293
203
54
-154
-341
-369
-221
-50
3
-63
-186
-302
-290
-102
141
303
362
386
400
408
443
497
534
537
504
444
380
363
387
386
357
352
373
362
290
197
112
59
26
-16
-92
-241
-455
-654
-777
-815
-776
-655
-544
-532
-546
-508
-414
-285
-99
123
304
427
485
493
520
632
865
1095
1154
1037
893
854
909
1053
1221
1255
1134
966
851
807
805
764
549
194
-169
-441
-570
-612
-666
-813
-1044
-1261
-1354
-1248
-1042
-868
-783
-794
-854
-842
-685
-469
-326
-285
-317
-365
-367
-296
-209
-180
-231
-290
-281
-199
-90
-27
-62
-187
-291
-273
-155
-35
4
-84
-288
-489
-543
-423
-242
-123
-119
-197
-245
-167
21
232
415
536
584
582
583
632
696
712
652
546
463
421
397
362
304
249
222
241
284
309
287
204
104
36
34
82
124
109
11
-130
-250
-292
-258
-203
-164
-157
-159
-127
-29
129
288
390
425
404
369
373
444
563
675
705
590
381
210
128
127
174
205
152
55
-5
-10
32
89
88
-33
-231
-404
-452
-373
-299
-358
-542
-746
-881
-898
-809
-715
-696
-739
-774
-735
-583
-360
-189
-159
-223
-290
-295
-226
-121
-56
-103
-237
-375
-454
-444
-368
-285
-253
-292
-348
-344
-241
-81
36
50
-24
-90
-63
34
114
142
144
149
181
281
441
590
678
709
721
748
811
902
971
978
945
895
837
776
711
626
504
390
336
341
360
343
278
183
82
7
-7
13
-6
-97
-209
-302
-354
-354
-331
-331
-385
-455
-507
-515
-478
-422
-365
-309
-256
-215
-179
-131
-45
58
122
129
121
130
132
112
87
52
-7
-54
-68
-68
-68
-77
-127
-249
-401
-501
-496
-413
-348
-368
-459
-561
-605
-550
-407
-268
-203
-215
-264
-280
-209
-65
75
145
142
100
53
46
91
145
140
72
-14
-86
-127
-126
-102
-101
-140
-184
-193
-149
-67
14
48
30
11
48
146
262
355
403
414
433
504
627
752
840
871
856
831
829
844
846
811
742
658
587
542
507
450
349
209
57
-64
-138
-189
-245
-322
-432
-549
-638
-688
-708
-715
-729
-762
-780
-753
-681
-602
-533
-478
-426
-357
-270
-176
-97
-54
-51
-60
-51
-16
27
52
29
-18
-49
-51
-23
8
20
-8
-59
-91
-93
-64
-23
2
-18
-78
-140
-181
-179
-139
-106
-113
-145
-166
-149
-87
-1
74
126
156
169
183
218
263
293
295
277
245
218
202
188
162
116
50
-25
-84
-111
-117
-124
-148
-179
-189
-169
-128
-79
-39
-19
-8
34
121
234
342
424
484
536
592
652
707
752
775
769
744
706
658
600
530
441
337
232
135
42
-50
-149
-249
-335
-389
-427
-462
-497
-538
-594
-646
-673
-677
-678
-693
-718
-741
-758
-761
-746
-699
-630
-558
-498
-441
-381
-304
-210
-111
-20
39
82
110
140
159
162
158
134
96
58
27
0
-21
-29
-28
-20
3
32
68
116
162
183
188
206
241
289
339
373
387
398
419
453
502
536
528
488
449
425
417
410
383
319
229
134
53
-6
-57
-109
-164
-225
-287
-343
-389
-417
-430
-424
-406
-388
-358
-312
-242
-152
-57
20
84
153
218
278
334
386
433
467
485
491
490
479
459
442
416
377
323
248
163
82
10
-57
-127
-214
-317
-419
-500
-564
-602
-617
-620
-626
-624
-613
-591
-559
-519
-481
-442
-404
-385
-366
-345
-322
-291
-251
-216
-181
-148
-114
-88
-54
-28
-1
29
44
49
47
49
68
110
150
186
201
193
171
159
170
197
237
271
289
293
297
310
335
365
397
434
453
467
476
482
489
495
509
515
501
463
394
324
249
174
114
54
-9
-79
-160
-244
-326
-393
-445
-490
-519
-535
-544
-545
-530
-489
-431
-363
-289
-226
-166
-90
-14
68
156
218
266
303
323
338
358
375
385
379
369
334
294
254
200
160
124
81
46
9
-35
-78
-138
-207
-278
-339
-388
-435
-478
-507
-537
-539
-530
-503
-456
-427
-408
-394
-374
-338
-295
-237
-180
-142
-107
-90
-71
-32
1
32
59
66
59
51
54
71
96
121
133
128
138
138
139
161
171
187
202
226
257
274
300
329
356
389
423
460
488
496
499
504
497
491
475
442
390
323
256
188
130
86
22
-59
-149
-248
-322
-365
-392
-398
-408
-430
-450
-460
-458
-444
-406
-358
-320
-277
-238
-205
-160
-105
-41
27
83
130
175
207
239
276
322
353
358
353
324
273
219
157
111
70
38
-6
-73
-149
-208
-270
-314
-327
-340
-346
-362
-377
-385
-377
-364
-337
-302
-275
-275
-267
-247
-230
-176
-142
-113
-91
-88
-79
-64
-37
-18
0
18
38
56
72
81
87
96
107
137
171
202
225
240
255
284
307
332
353
360
368
372
375
376
373
369
355
324
295
259
231
215
193
160
120
98
77
51
31
9
-22
-46
-72
-103
-127
-156
-185
-202
-211
-225
-239
-252
-263
-265
-255
-243
-233
-219
-207
-199
-185
-167
-145
-124
-104
-70
-41
-16
-1
20
38
63
89
110
116
114
107
103
112
120
116
97
68
31
-12
-56
-89
-116
-138
-154
-182
-200
-205
-218
-221
-218
-207
-197
-185
-172
-165
-148
-130
-117
-98
-93
-98
-100
-92
-77
-59
-37
-9
19
46
70
94
121
145
169
184
201
219
234
245
253
258
259
257
247
237
224
201
182
172
161
148
132
118
107
100
95
95
98
97
91
82
71
61
55
51
49
46
35
15
-1
-22
-41
-52
-64
-82
-103
-125
-146
-157
-167
-178
-188
-198
-201
-211
-211
-199
-186
-171
-160
-145
-130
-109
-95
-73
-48
-28
-12
2
8
11
14
14
19
30
36
37
45
42
32
18
2
-11
-14
-16
-23
-33
-46
-69
-81
-91
-102
-110
-118
-124
-127
-127
-121
-109
-85
-61
-43
-25
-9
10
30
58
83
104
119
132
135
142
149
154
163
171
180
185
187
179
168
152
139
133
129
119
102
85
67
57
56
48
38
29
9
-8
-14
-18
-14
-7
-7
-11
-9
-10
-1
11
24
30
45
51
45
46
44
41
39
39
31
19
-3
-20
-33
-52
-73
-95
-109
-123
-127
-135
-152
-157
-161
-162
-152
-144
-141
-128
-123
-119
-108
-89
-71
-52
-39
-36
-29
-22
-9
-2
9
18
12
6
-8
-10
-7
-13
-21
-36
-55
-68
-83
-93
-98
-106
-110
-117
-119
-108
-102
-93
-90
-85
-72
-57
-32
-5
22
46
70
88
111
129
150
170
185
199
208
211
217
222
220
209
190
172
156
140
130
116
99
80
72
67
57
55
51
49
47
55
56
61
58
65
66
67
70
72
72
64
59
50
41
28
20
11
-1
-15
-27
-33
-37
-49
-58
-69
-80
-90
-104
-115
-133
-146
-158
-175
-186
-201
-212
-222
-233
-236
-238
-233
-221
-208
-186
-171
-148
-124
-107
-85
-66
-47
-26
-9
5
13
15
15
15
7
1
-5
-14
-25
-32
-36
-46
-51
-63
-67
-67
-55
-37
-18
-5
10
21
37
59
76
98
115
134
148
165
180
190
202
212
219
223
235
239
244
241
229
218
204
191
188
188
182
174
151
130
110
96
78
67
62
43
28
9
-5
-14
-20
-25
-28
-24
-20
-18
-23
-29
-29
-22
-15
-17
-23
-36
-53
-68
-80
-96
-109
-119
-134
-159
-174
-187
-202
-211
-219
-229
-235
-241
-254
-260
-265
-267
-270
-262
-259
-251
-238
-223
-210
-193
-166
-143
-114
-91
-77
-59
-37
-14
7
28
45
57
66
75
83
92
106
114
120
126
121
113
106
105
103
105
107
102
97
100
98
100
106
115
123
130
140
150
162
173
186
199
207
215
225
231
234
236
240
238
225
220
207
197
179
159
146
126
105
84
65
46
29
10
-9
-29
-37
-56
-69
-77
-85
-94
-102
-112
-118
-124
-137
-146
-145
-146
-148
-148
-146
-151
-151
-150
-153
-150
-146
-146
-153
-158
-164
-174
-181
-181
-186
-193
-196
-197
-201
-201
-199
-196
-188
-185
-181
-171
-160
-143
-132
-117
-95
-78
-61
-52
-36
-21
-7
10
33
50
61
66
77
89
98
109
121
131
133
133
137
146
154
163
171
177
187
191
186
181
180
173
171
169
165
157
154
145
141
141
139
136
134
138
135
141
137
133
133
127
124
127
123
112
106
95
85
78
66
51
30
11
-9
-24
-36
-49
-65
-79
-94
-103
-107
-113
-119
-126
-133
-145
-154
-157
-157
-161
-163
-173
-176
-181
-181
-176
-176
-174
-173
-176
-175
-167
-160
-151
-146
-138
-132
-127
-122
-119
-115
-112
-112
-110
-108
-103
-98
-98
-95
-92
-94
-88
-75
-68
-64
-60
-48
-36
-17
10
31
57
80
98
116
139
160
180
188
202
215
223
226
230
229
226
225
221
219
217
213
205
195
184
171
164
151
135
126
117
100
77
67
52
38
24
16
2
3
4
-8
-5
-1
-3
-11
-7
-4
-9
-8
-2
-9
-14
-7
-10
-14
-11
-12
-24
-37
-42
-56
-63
-73
-84
-98
-107
-125
-139
-144
-155
-156
-154
-154
-152
-142
-135
-127
-119
-109
-109
-98
-82
-75
-63
-53
-39
-38
-35
-31
-36
-44
-54
-60
-66
-78
-85
-89
-99
-108
-107
-105
-107
-97
-89
-90
-81
-73
-66
-66
-45
-29
-18
1
7
14
29
43
55
71
87
107
120
136
153
169
180
188
203
216
217
215
218
215
210
202
196
184
172
163
141
120
111
104
80
69
60
37
22
10
3
-13
-18
-8
-15
-22
-24
-11
-10
-18
-7
-3
0
5
12
7
7
6
-1
-5
-4
-3
-17
-24
-33
-43
-51
-61
-74
-80
-83
-91
-102
-104
-101
-109
-113
-117
-116
-113
-121
-125
-120
-111
-115
-111
-101
-95
-90
-84
-82
-80
-75
-70
-65
-68
-58
-50
-50
-60
-53
-54
-64
-65
-64
-68
-74
-69
-77
-88
-88
-73
-70
-67
-52
-39
-36
-24
-5
3
27
48
61
81
101
119
127
142
165
176
192
202
212
230
232
230
229
221
219
207
205
194
173
153
137
120
107
92
59
41
33
19
13
22
13
-9
-19
-16
-28
-27
-20
-20
-28
-29
-22
-15
-14
-9
-6
-2
1
0
0
-13
-12
-15
-29
-39
-41
-49
-66
-80
-99
-105
-111
-129
-138
-148
-152
-162
-182
-177
-169
-165
-166
-171
-166
-161
-155
-146
-131
-107
-107
-92
-73
-67
-50
-45
-42
-41
-22
-10
-9
-8
-2
-13
-5
-4
-1
0
-9
-3
-16
-3
4
3
-1
-2
9
19
35
47
54
67
84
92
98
122
134
147
166
176
185
192
197
197
208
207
198
194
191
187
187
181
163
152
139
128
127
112
88
70
50
40
36
23
14
1
-25
-33
-20
-29
-48
-52
-60
-67
-68
-66
-68
-67
-77
-83
-76
-78
-76
-80
-84
-77
-82
-93
-103
-108
-109
-116
-119
-141
-152
-152
-163
-161
-167
-166
-183
-181
-180
-177
-162
-163
-159
-158
-144
-124
-106
-106
-91
-74
-61
-42
-13
7
13
12
20
42
49
56
67
62
66
68
73
72
72
77
82
79
86
85
74
74
79
89
74
88
89
82
86
95
107
103
106
123
135
151
153
147
151
159
175
169
176
181
167
153
158
161
157
138
123
109
97
88
65
43
26
4
-9
-24
-40
-54
-72
-83
-94
-107
-121
-128
-131
-136
-141
-126
-133
-142
-143
-133
-130
-133
-123
-115
-121
-116
-104
-113
-117
-120
-112
-126
-132
-127
-134
-147
-150
-143
-145
-156
-152
-154
-146
-132
-126
-114
-120
-103
-86
-79
-53
-31
-17
-3
20
45
66
89
106
111
134
151
155
172
176
188
184
172
175
176
162
150
147
148
123
113
103
91
89
73
61
49
50
42
35
48
45
33
31
35
47
57
50
71
72
73
85
88
95
84
81
81
68
72
69
45
40
28
16
1
-17
-17
-50
-59
-62
-83
-97
-104
-117
-128
-138
-130
-141
-151
-138
-142
-146
-136
-128
-127
-128
-122
-108
-114
-93
-85
-90
-75
-58
-57
-62
-51
-44
-51
-57
-47
-45
-52
-52
-54
-60
-58
-60
-64
-60
-61
-54
-44
-49
-47
-31
-33
-26
-4
8
11
28
52
60
74
93
103
120
132
142
155
160
172
171
170
177
181
173
154
151
144
123
110
100
91
77
66
55
47
40
32
24
22
14
7
7
8
12
3
0
-3
-1
5
3
3
10
7
12
10
11
8
4
-1
-10
-10
-18
-32
-36
-37
-50
-62
-80
-91
-102
-110
-108
-111
-112
-114
-122
-119
-124
-121
-118
-123
-115
-100
-102
-95
-80
-81
-81
-74
-61
-63
-51
-47
-43
-29
-24
-28
-30
-23
-20
-8
-8
-7
0
6
-1
-1
13
10
15
16
16
27
28
21
32
38
32
35
45
56
54
66
57
62
79
73
88
83
102
110
117
129
124
138
134
122
136
129
118
114
107
111
92
86
77
66
63
48
42
42
36
30
20
25
19
4
3
-14
-22
-22
-38
-45
-49
-53
-58
-55
-58
-60
-64
-69
-69
-68
-73
-74
-77
-80
-77
-82
-77
-86
-87
-90
-99
-96
-95
-95
-101
-99
-90
-104
-101
-104
-100
-93
-97
-87
-82
-74
-69
-66
-58
-49
-46
-42
-38
-28
-21
-16
-4
-1
10
12
17
31
31
39
33
41
55
58
67
61
66
71
71
78
81
87
91
79
84
88
91
94
79
94
74
78
71
61
77
60
71
73
79
85
78
75
82
79
78
68
74
73
56
52
42
48
36
23
24
8
9
-4
-19
-13
-21
-27
-39
-43
-34
-47
-47
-59
-46
-46
-59
-55
-59
-56
-54
-63
-62
-62
-62
-66
-78
-62
-74
-75
-77
-75
-65
-69
-63
-68
-69
-64
-66
-61
-52
-49
-44
-50
-39
-37
-38
-36
-52
-38
-38
-39
-34
-35
-38
-43
-37
-40
-41
-23
-16
-20
1
4
26
24
36
47
35
51
44
58
63
56
63
69
61
62
70
66
58
56
62
60
75
66
62
62
54
52
49
61
56
49
46
45
44
40
37
33
25
32
36
29
38
37
40
26
20
32
31
29
25
28
16
6
4
11
3
-5
-12
-17
-17
-22
-15
-21
-28
-39
-53
-53
-57
-55
-48
-56
-61
-65
-59
-63
-58
-49
-55
-57
-52
-48
-45
-45
-50
-50
-56
-53
-50
-38
-42
-48
-49
-53
-46
-39
-30
-32
-36
-25
-28
-34
-27
-15
-15
-24
-14
-6
-12
-8
-8
-11
-1
-9
-6
3
19
20
26
45
41
56
57
60
66
68
72
69
86
86
68
74
61
50
57
58
57
48
58
54
42
52
50
42
35
27
28
32
34
30
30
17
7
0
14
18
6
13
23
11
6
21
16
11
-6
-5
-10
-2
-4
-10
-10
-14
-24
-24
-29
-34
-33
-42
-48
-57
-49
-45
-60
-62
-56
-70
-73
-65
-63
-61
-60
-56
-54
-52
-44
-48
-40
-40
-40
-36
-39
-40
-34
-32
-40
-44
-33
-33
-37
-37
-33
-33
-36
-27
-20
-12
-2
-6
7
13
10
27
29
29
21
32
31
25
42
49
27
34
35
40
47
42
56
55
65
57
68
79
70
62
67
64
59
67
66
63
54
52
44
52
54
48
36
29
34
22
33
26
21
14
7
5
5
2
-3
-13
-19
-18
-13
-3
-15
-11
-7
-22
-12
-10
-22
-21
-28
-33
-42
-40
-35
-46
-47
-42
-57
-52
-57
-60
-49
-58
-54
-50
-44
-43
-52
-42
-46
-51
-49
-44
-29
-30
-29
-26
-35
-31
-37
-30
-24
-24
-19
-19
-9
-16
-8
1
-8
-2
7
3
4
7
18
18
8
21
23
21
26
30
30
27
32
33
35
37
40
39
45
41
38
51
42
39
47
40
40
46
48
48
40
36
25
25
26
17
23
27
18
15
21
15
12
11
11
5
1
4
-1
-2
2
-3
-7
-8
-6
-7
-15
-21
-15
-17
-25
-19
-21
-20
-29
-28
-30
-33
-30
-38
-35
-32
-39
-34
-32
-38
-31
-38
-38
-37
-34
-34
-40
-29
-30
-32
-20
-20
-18
-19
-8
-10
-12
-1
2
-2
-2
5
-3
2
9
5
8
14
14
13
15
19
18
21
19
17
17
15
7
17
15
13
16
15
29
17
20
21
23
27
28
36
39
35
36
32
35
34
24
27
21
16
17
13
16
10
11
10
4
7
8
5
4
2
5
0
2
11
3
5
1
0
3
-9
-4
-13
-10
-10
-21
-14
-18
-21
-18
-20
-18
-18
-20
-15
-19
-13
-19
-19
-17
-24
-20
-25
-25
-27
-26
-26
-26
-17
-18
-20
-13
-17
-21
-20
-22
-20
-22
-15
-18
-25
-14
-20
-16
-13
-12
-13
-14
-12
-12
-7
-4
-3
-3
2
-3
4
6
3
7
8
13
10
21
22
14
16
19
16
14
19
18
19
13
14
10
15
19
20
28
22
22
20
26
27
32
35
31
33
36
26
22
25
23
14
19
13
16
17
3
0
3
2
1
2
1
7
0
6
4
6
4
-1
3
-2
1
-3
-10
-13
-7
-16
-23
-18
-20
-23
-21
-22
-26
-24
-31
-25
-27
-21
-17
-18
-16
-25
-16
-19
-23
-13
-13
-15
-15
-19
-12
-12
-18
-9
-15
-13
-8
-11
-7
-9
-10
-13
-10
-8
-6
2
4
1
9
13
3
10
12
14
17
13
16
20
26
18
19
18
12
14
13
13
20
23
16
15
15
15
13
18
14
22
19
13
22
18
18
17
11
9
20
10
13
15
9
7
0
3
-3
6
0
-5
-7
-8
-10
-4
-10
-16
-9
-23
-23
-14
-16
-16
-11
-18
-23
-20
-18
-22
-20
-19
-21
-20
-20
-25
-15
-20
-27
-26
-22
-25
-21
-17
-21
-13
-22
-21
-16
-15
-7
-14
-16
-16
-12
-14
-9
-11
-9
-11
-11
-5
-5
9
1
10
18
17
24
18
24
26
24
25
33
30
32
30
31
30
26
30
28
30
29
25
23
23
23
23
19
18
20
21
10
16
19
10
13
13
10
10
11
10
8
2
8
9
14
11
8
11
-2
1
1
-4
-1
-6
-6
-2
-8
-10
-11
-18
-15
-22
-25
-22
-21
-22
-28
-17
-16
-20
-19
-19
-19
-17
-15
-18
-15
-12
-19
-20
-16
-17
-15
-17
-16
-11
-11
-15
-20
-18
-17
-21
-13
-16
-18
-13
-16
-12
-7
-11
-10
-12
-10
-7
-9
5
2
2
4
2
7
6
6
8
10
10
15
18
21
19
16
17
15
20
21
20
21
24
18
18
14
12
13
11
11
7
12
9
8
8
8
7
7
4
1
2
0
3
2
1
0
-1
-3
-1
0
-2
-1
-3
-1
0
-1
4
5
2
3
3
4
3
7
9
7
7
10
8
11
7
5
5
1
3
0
0
0
-2
-2
-3
-3
-6
-6
-8
-5
-9
-8
-9
-9
-9
-12
-13
-18
-16
-16
-15
-13
-10
-14
-18
-17
-17
-18
-17
-17
-18
-18
-18
-13
-10
-11
-14
-15
-12
-11
-9
-5
-3
1
-2
4
5
3
6
8
6
6
14
15
14
15
16
16
15
15
21
21
21
25
22
20
17
18
19
17
19
14
15
12
10
11
10
9
8
8
5
4
3
3
4
5
5
4
4
4
2
0
2
2
2
3
5
0
-2
-4
-2
0
1
-1
-3
-2
-3
-4
-4
-2
-2
-2
-5
-7
-7
-10
-12
-13
-13
-15
-19
-18
-17
-19
-21
-22
-20
-22
-22
-23
-25
-26
-25
-27
-29
-28
-28
-29
-30
-31
-31
-27
-27
-24
-22
-20
-20
-22
-19
-15
-12
-11
-8
-5
-5
-1
1
4
6
14
17
20
23
24
26
29
31
32
34
36
36
35
36
38
39
42
41
40
40
42
42
39
39
37
34
35
34
32
30
28
26
26
27
25
19
17
17
15
9
9
7
4
5
1
-1
1
1
-3
-5
-4
-7
-10
-10
-10
-8
-8
-11
-12
-11
-15
-17
-17
-20
-20
-20
-19
-21
-21
-21
-25
-27
-29
-31
-33
-35
-36
-37
-38
-38
-38
-39
-40
-39
-40
-40
-39
-38
-37
-37
-38
-38
-37
-33
-31
-29
-26
-22
-18
-17
-16
-11
-10
-8
-5
-4
1
4
5
9
15
18
18
20
24
28
31
33
34
37
37
39
38
36
37
40
41
42
44
44
43
42
41
38
39
41
40
38
35
35
33
29
27
25
23
21
19
16
13
11
6
1
-2
-3
-7
-9
-9
-11
-14
-14
-14
-14
-17
-19
-18
-19
-17
-17
-18
-17
-18
-20
-18
-16
-18
-18
-17
-18
-19
-19
-20
-21
-22
-23
-24
-23
-25
-26
-26
-27
-27
-26
-26
-26
-26
-26
-25
-24
-24
-20
-19
-19
-16
-13
-12
-9
-7
-4
0
2
4
6
7
8
11
15
16
17
20
21
22
23
25
26
27
25
24
25
25
26
24
24
24
21
21
21
22
22
21
22
22
21
23
23
21
20
18
20
19
17
17
17
14
13
10
8
7
3
0
-3
-4
-6
-7
-8
-10
-14
-15
-17
-20
-21
-22
-23
-24
-26
-27
-28
-27
-27
-26
-26
-26
-25
-22
-23
-24
-23
-22
-22
-23
-22
-20
