1
1
1
1
1
1
0
0
0
1
1
1
1
0
2
0
1
2
2
2
2
2
1
2
2
1
2
2
1
0
1
0
0
-1
0
-1
-2
-2
-2
-3
-2
-2
-2
-2
-2
-3
-2
-2
-1
-1
-1
-1
-3
-2
-2
-1
-1
0
-1
-1
-1
-2
-2
-1
-1
-1
0
0
1
1
1
2
1
0
-1
0
1
1
2
0
0
0
0
0
0
0
1
0
0
1
0
1
0
0
1
0
0
0
1
1
-1
-1
-1
0
1
1
1
1
1
0
-1
0
0
-1
-2
-2
-1
-1
0
0
0
-1
-1
0
1
1
0
1
0
1
0
1
1
0
0
0
0
0
0
1
0
-1
-1
-2
-2
-1
-1
0
0
0
1
-1
0
-2
-1
-1
-1
-2
-1
0
1
1
0
-1
0
0
1
1
2
3
2
2
3
3
2
4
3
3
2
3
3
3
3
3
3
2
1
2
2
3
2
0
1
0
0
-2
-1
0
1
0
1
-1
-1
-1
-1
-1
-1
-2
-3
-2
-3
-3
-2
-2
-3
-4
-3
-3
-4
-4
-3
-3
-3
-2
-2
-2
-2
-1
-1
0
0
1
0
-1
-1
-1
0
-1
0
1
-1
0
0
0
0
1
1
1
1
1
0
0
0
0
0
1
1
2
2
3
3
3
3
3
3
2
1
0
-1
0
0
-1
-1
-1
-2
-1
-2
-3
0
-1
-1
-1
-1
-2
-2
-2
-1
-1
-2
-1
0
0
-1
0
0
1
1
1
1
1
1
-1
0
0
-1
-2
-1
0
-2
-2
-2
-1
-1
-1
0
1
1
0
1
0
0
0
1
0
0
0
1
1
1
0
1
0
0
0
2
2
2
4
4
4
3
4
4
5
5
4
4
4
4
3
3
4
3
3
3
3
1
1
1
1
0
0
-1
-1
-1
0
-1
-1
-1
-2
-2
-1
-2
-2
-2
-1
-2
-3
-3
-3
-3
-3
-4
-2
-2
-2
-3
-2
-2
-1
0
-2
-2
-1
-2
-2
-1
0
-1
-1
0
-1
1
1
1
2
2
3
3
4
6
4
5
4
3
3
2
4
2
2
1
1
2
1
0
-2
-3
-2
-3
-3
-3
-4
-3
-3
-2
-3
-3
-3
-4
-3
-4
-5
-3
-3
-4
-3
-4
-3
-3
-3
-3
-2
-2
-1
0
1
1
1
1
2
1
0
1
1
1
1
2
3
3
2
4
2
2
4
4
3
3
2
2
2
2
2
2
2
1
1
0
0
-1
0
-1
-1
-1
-1
0
1
0
0
1
1
0
1
-1
-1
0
0
0
1
0
1
0
1
1
1
0
1
0
1
0
0
1
1
0
2
2
0
1
0
1
0
-1
0
0
-1
0
0
1
1
1
0
0
1
0
-1
-1
-1
-2
-2
-3
-3
-2
-1
-1
-1
0
0
1
1
1
1
1
0
0
1
-1
-1
0
0
0
0
1
1
1
1
0
1
0
1
0
1
1
1
0
0
0
1
1
1
0
-1
-1
-2
-2
-2
-2
-1
-2
-2
-2
-3
-4
-3
-5
-5
-6
-6
-6
-5
-5
-5
-4
-4
-3
-3
-2
-2
-1
-1
-2
-1
0
0
0
0
2
1
1
2
2
3
3
3
4
5
4
4
5
4
5
4
4
4
4
4
4
3
4
3
2
3
2
2
2
1
2
1
1
0
1
1
0
1
1
0
0
0
0
1
1
2
2
1
0
0
0
1
0
-1
-1
-1
-1
-2
-2
-2
-2
-2
-2
-3
-2
-3
-4
-3
-2
-2
-2
-1
-2
-3
-1
-2
0
0
0
2
1
2
2
1
0
0
1
0
0
-1
0
0
0
1
0
1
0
1
0
0
0
1
1
0
2
1
1
1
1
0
1
1
1
2
1
0
1
-1
-1
-1
-1
0
-1
-1
-2
-2
-2
-3
-3
-2
-2
-3
-2
-2
-2
-2
-1
-1
-1
-1
-1
-1
0
-1
-1
-1
-1
-2
-2
-2
-1
0
0
1
0
1
0
0
0
-1
0
0
1
1
0
1
1
1
2
2
1
2
3
2
2
3
2
4
3
4
4
3
3
4
3
3
4
3
3
3
3
1
0
0
1
1
1
0
1
0
-1
-2
-3
-2
-1
-1
-1
-1
-2
-3
-3
-3
-3
-4
-4
-4
-3
-2
-2
-2
-1
-1
-1
-1
-1
-1
-1
0
-1
-1
-1
-1
1
0
-1
0
-1
0
-2
1
0
0
0
1
1
1
1
1
1
0
0
1
1
0
1
1
1
2
2
3
3
2
3
2
3
3
3
3
1
1
0
-1
-1
0
0
-1
-1
-1
0
-1
-1
-1
0
1
1
1
0
0
1
0
0
-1
-1
-2
-2
-3
-3
-3
-2
-2
-3
-3
-2
-3
-2
-1
-1
-1
-1
-2
-2
-2
-2
-2
-1
-1
-1
0
0
0
-1
0
-1
-1
1
1
0
0
0
-1
0
0
0
0
0
2
2
1
1
2
1
1
1
1
1
1
2
2
3
3
3
4
3
3
3
3
2
2
0
1
1
1
1
0
0
0
-1
0
-1
-1
0
0
0
-1
-1
-1
-2
-2
-3
-2
-2
-3
-4
-3
-3
-2
-2
-2
-2
-2
-1
0
-2
0
-1
-1
0
1
1
2
1
1
1
2
1
1
0
0
1
-1
1
0
0
0
1
1
0
0
0
-1
0
1
0
1
0
1
1
1
2
2
1
1
1
1
2
1
2
1
1
1
0
2
0
0
0
0
0
0
-1
0
-1
1
1
1
1
1
1
1
-1
-1
-1
0
-1
0
-1
-1
-1
-3
-2
-3
-2
-1
-1
-1
-1
-1
-2
-2
-3
-2
-2
-1
-1
-1
0
-1
-1
-2
-2
-2
-1
0
0
1
1
-1
1
-1
0
2
2
2
2
1
1
1
1
2
0
1
2
1
-1
-1
0
-1
0
-1
0
-3
-2
-1
-3
-2
-1
-2
-1
-3
-2
-1
-1
-3
-1
1
0
1
-1
-1
-1
0
-1
-2
-3
-1
0
0
1
0
0
-1
0
1
1
2
1
2
2
2
1
1
1
1
3
2
3
2
2
3
3
3
2
4
3
4
5
5
5
6
6
6
6
7
5
5
4
4
5
3
4
3
2
2
1
1
0
-2
-2
-3
-4
-3
-5
-5
-7
-7
-7
-7
-6
-6
-6
-5
-5
-6
-4
-5
-4
-4
-4
-5
-5
-4
-4
-3
-2
-2
-1
0
1
1
1
1
2
3
2
3
4
3
4
3
4
3
4
2
2
2
1
1
0
1
1
1
1
0
0
0
-1
-1
-1
-2
-3
-4
-5
-6
-6
-6
-7
-6
-8
-8
-8
-9
-8
-7
-6
-5
-5
-4
-4
-5
-3
-3
-2
-2
0
2
3
4
5
6
6
8
8
9
10
9
9
10
11
11
11
11
10
11
10
9
10
7
6
4
3
3
2
1
0
-1
-2
-3
-4
-5
-7
-7
-8
-8
-8
-8
-8
-8
-9
-8
-8
-9
-8
-7
-7
-6
-5
-4
-2
-1
-1
-1
1
2
3
4
5
6
8
7
7
7
9
9
11
12
13
13
13
13
14
15
15
15
13
12
11
11
9
7
7
6
5
5
2
1
0
-3
-5
-6
-8
-9
-10
-12
-14
-16
-17
-18
-21
-21
-22
-22
-23
-23
-23
-22
-22
-22
-22
-20
-20
-18
-16
-13
-10
-9
-7
-5
-4
-1
1
4
4
6
6
6
9
9
11
14
14
16
17
19
20
20
19
19
20
20
22
23
23
21
20
18
17
14
11
10
9
6
2
-1
-4
-8
-11
-13
-15
-17
-18
-19
-21
-24
-27
-30
-29
-29
-28
-28
-25
-25
-25
-24
-22
-21
-20
-19
-17
-14
-11
-7
-3
0
2
3
6
6
8
10
15
23
31
35
40
44
48
49
51
53
55
58
58
60
61
57
52
49
46
44
39
38
33
27
19
13
7
0
-9
-15
-20
-26
-33
-41
-44
-49
-53
-57
-61
-64
-68
-70
-71
-72
-78
-84
-87
-85
-83
-80
-79
-80
-84
-85
-83
-78
-72
-69
-65
-58
-48
-39
-24
-5
19
43
71
99
121
135
142
148
157
171
185
199
213
224
229
225
211
189
163
139
124
109
91
68
41
14
-16
-48
-79
-107
-128
-146
-158
-165
-173
-189
-212
-228
-234
-240
-237
-224
-208
-199
-193
-187
-182
-186
-188
-175
-151
-132
-121
-111
-102
-102
-109
-111
-110
-106
-82
-15
68
132
159
161
162
162
172
197
232
271
309
365
431
460
430
360
292
241
220
235
258
249
204
146
98
48
-20
-95
-140
-144
-125
-94
-71
-93
-158
-223
-246
-230
-204
-174
-129
-79
-44
-24
-17
-34
-76
-102
-77
-16
39
69
78
63
28
-12
-32
-40
-53
-60
-33
5
12
-18
-66
-120
-170
-192
-173
-139
-118
-116
-116
-121
-144
-185
-219
-229
-223
-200
-150
-104
-88
-109
-140
-161
-172
-156
-102
-27
50
122
178
204
199
180
161
171
219
288
373
462
522
530
502
451
379
320
300
309
328
349
346
306
237
144
37
-47
-89
-108
-102
-79
-69
-98
-160
-233
-304
-352
-361
-336
-290
-237
-201
-184
-180
-198
-235
-253
-230
-179
-108
-33
23
45
38
15
-7
-18
-14
7
46
91
112
97
52
-21
-106
-175
-208
-211
-208
-214
-233
-268
-318
-374
-421
-446
-452
-435
-395
-332
-278
-261
-267
-259
-236
-203
-113
54
228
324
362
405
425
403
408
477
558
626
714
826
908
893
777
646
548
458
405
454
528
492
389
316
224
67
-81
-165
-215
-237
-212
-163
-139
-202
-350
-472
-511
-532
-546
-485
-381
-328
-308
-268
-260
-327
-410
-428
-361
-252
-145
-43
38
49
1
-15
29
56
58
107
205
290
321
315
279
200
98
56
96
129
95
50
15
-54
-159
-252
-316
-371
-415
-418
-372
-334
-367
-438
-466
-465
-467
-431
-341
-272
-245
-211
-160
-132
-135
-151
-94
73
245
337
402
444
392
307
317
378
407
447
543
679
794
813
715
584
449
306
265
381
477
447
398
370
277
131
5
-100
-185
-205
-151
-55
13
-50
-210
-332
-385
-435
-441
-355
-264
-224
-176
-111
-122
-239
-365
-416
-375
-281
-157
-38
23
4
-43
-68
-82
-119
-160
-139
-41
55
96
109
82
-17
-112
-109
-74
-68
-67
-53
-51
-73
-121
-207
-279
-309
-327
-287
-185
-138
-179
-208
-202
-214
-211
-165
-120
-80
-40
-6
23
33
-35
-90
40
217
245
263
345
314
186
186
254
234
227
305
435
599
669
570
470
416
265
176
353
503
423
390
482
427
268
197
123
8
-8
57
146
239
199
12
-88
-105
-222
-304
-218
-158
-194
-148
-54
-110
-273
-383
-447
-472
-415
-323
-247
-191
-196
-250
-259
-267
-336
-378
-325
-225
-147
-89
-58
-97
-192
-262
-260
-257
-267
-238
-208
-196
-182
-217
-296
-346
-370
-389
-318
-185
-134
-132
-98
-74
-94
-94
-45
-12
28
98
150
191
202
114
65
228
334
247
303
437
340
241
348
374
267
282
374
500
667
687
581
563
522
336
335
569
583
423
494
623
495
355
354
237
78
82
139
185
210
89
-69
-63
-100
-272
-310
-236
-306
-397
-304
-233
-368
-511
-535
-545
-566
-507
-405
-364
-366
-392
-390
-352
-374
-434
-422
-333
-255
-204
-135
-91
-150
-256
-267
-222
-253
-274
-206
-174
-184
-168
-183
-230
-257
-306
-324
-215
-98
-99
-70
23
8
-57
-31
44
34
23
87
129
163
161
80
159
326
279
184
320
377
193
217
400
365
320
429
548
670
761
708
652
702
597
465
636
805
652
532
660
635
413
352
354
209
93
141
180
147
65
-123
-243
-234
-332
-449
-372
-325
-466
-514
-401
-454
-649
-713
-686
-703
-694
-574
-462
-472
-503
-505
-492
-475
-495
-496
-409
-298
-244
-209
-134
-135
-232
-268
-204
-179
-214
-157
-66
-101
-133
-98
-114
-136
-141
-152
-102
10
53
39
87
135
89
83
168
201
198
202
250
257
242
225
180
350
430
290
333
477
339
185
325
383
283
369
466
543
655
611
517
531
484
289
313
531
512
366
391
489
325
116
167
124
-24
-19
98
141
89
1
-136
-171
-197
-332
-295
-183
-209
-268
-212
-126
-268
-455
-475
-458
-505
-495
-308
-227
-306
-337
-355
-393
-452
-513
-514
-454
-388
-379
-336
-262
-347
-488
-489
-449
-475
-503
-437
-339
-339
-376
-351
-288
-305
-394
-288
-111
-49
45
117
217
193
116
190
300
302
272
334
463
520
415
475
600
509
338
394
491
366
329
391
387
416
344
402
573
529
400
399
494
379
292
407
443
420
327
361
450
304
216
191
217
164
85
214
223
140
4
-60
4
-132
-182
-120
-109
-114
-210
-142
-140
-301
-379
-450
-427
-448
-463
-355
-316
-348
-443
-446
-412
-527
-571
-531
-488
-480
-498
-441
-431
-473
-577
-600
-515
-558
-560
-480
-401
-472
-458
-353
-366
-374
-264
-253
-121
64
14
112
188
192
113
213
371
286
300
381
449
412
394
582
522
343
410
455
367
378
455
397
413
486
444
576
693
578
511
605
629
493
560
670
605
499
491
596
455
313
343
309
231
180
232
213
80
14
-83
-125
-137
-211
-250
-204
-148
-275
-291
-195
-363
-506
-474
-446
-482
-509
-394
-391
-466
-459
-494
-513
-561
-631
-610
-576
-549
-580
-598
-510
-622
-698
-632
-626
-622
-626
-548
-446
-492
-506
-421
-375
-374
-381
-256
-160
-99
-8
81
198
166
129
192
301
215
289
399
375
425
481
451
429
544
501
409
540
611
471
528
623
533
509
595
566
612
711
707
671
707
691
540
567
624
512
516
477
483
440
312
365
283
208
121
84
147
10
-26
4
-133
-163
-190
-185
-226
-265
-225
-347
-303
-299
-432
-408
-416
-487
-517
-444
-431
-544
-495
-504
-592
-566
-596
-632
-614
-647
-641
-639
-656
-711
-644
-658
-711
-582
-569
-589
-465
-471
-511
-345
-377
-310
-277
-169
-165
-113
54
76
166
193
152
228
264
285
339
360
431
380
430
487
424
457
552
540
553
548
589
539
524
558
478
540
576
538
705
765
724
702
661
593
451
509
496
478
515
423
459
465
319
270
219
143
-9
32
145
-31
-8
-20
-196
-180
-228
-314
-331
-317
-323
-401
-304
-339
-509
-463
-522
-588
-545
-546
-502
-546
-532
-587
-583
-605
-717
-648
-656
-716
-642
-597
-697
-627
-572
-645
-660
-512
-575
-579
-374
-411
-349
-282
-243
-207
-146
-98
-17
-8
176
172
198
315
281
334
301
352
388
344
386
388
393
422
268
402
560
373
409
499
411
396
441
499
440
542
551
580
791
792
728
786
768
632
621
670
682
657
626
596
627
521
406
353
290
191
43
154
112
-30
-17
-140
-199
-262
-331
-357
-347
-305
-397
-399
-295
-434
-532
-459
-495
-550
-543
-477
-475
-491
-523
-572
-615
-639
-647
-661
-642
-634
-686
-744
-689
-679
-798
-750
-708
-744
-616
-564
-580
-430
-468
-492
-424
-362
-269
-264
-90
-30
-13
138
94
239
227
199
318
293
406
397
350
480
435
320
447
558
526
457
620
571
432
559
550
482
615
617
612
855
863
810
854
833
762
666
784
772
713
772
666
646
623
447
402
345
280
208
147
187
4
-73
-96
-240
-269
-349
-358
-366
-412
-349
-448
-478
-446
-579
-549
-484
-476
-533
-460
-386
-534
-539
-504
-590
-605
-652
-627
-585
-616
-653
-652
-707
-810
-795
-783
-811
-732
-823
-720
-616
-648
-590
-552
-473
-523
-473
-215
-207
-186
60
11
96
136
238
321
301
461
420
412
617
461
442
569
484
423
522
728
661
617
715
623
502
624
531
562
727
731
739
941
972
838
799
805
711
641
792
743
779
786
536
572
528
290
276
209
170
68
2
91
-72
-223
-317
-409
-378
-514
-442
-396
-460
-461
-539
-517
-528
-615
-575
-500
-479
-456
-475
-444
-482
-631
-627
-591
-593
-675
-566
-616
-655
-657
-766
-763
-821
-864
-864
-751
-707
-716
-651
-604
-625
-570
-494
-462
-333
-329
-70
-134
48
198
-10
233
282
218
340
485
449
414
494
577
338
538
430
347
581
391
610
709
598
648
545
521
536
502
645
647
769
804
829
1033
816
787
817
655
710
708
782
771
701
663
488
451
355
199
174
111
73
41
4
6
-206
-328
-393
-417
-434
-424
-356
-439
-460
-426
-491
-519
-430
-528
-570
-389
-394
-482
-392
-474
-615
-613
-588
-657
-587
-633
-658
-698
-721
-811
-801
-868
-931
-823
-789
-736
-671
-670
-632
-552
-618
-462
-432
-361
-213
-134
-95
174
79
109
350
222
176
460
349
344
495
398
359
482
405
301
378
412
284
397
609
447
483
555
517
504
562
643
710
745
907
887
1050
1108
918
961
923
765
836
903
895
835
801
700
544
517
352
189
173
109
50
54
15
-89
-278
-353
-419
-511
-491
-479
-572
-554
-496
-565
-546
-566
-637
-657
-602
-622
-608
-573
-667
-748
-738
-827
-752
-803
-842
-828
-898
-845
-907
-934
-916
-1002
-914
-855
-781
-649
-591
-603
-474
-378
-303
-233
-57
-102
-14
217
217
189
503
327
359
547
401
533
572
472
418
503
448
440
431
456
384
392
407
545
592
507
524
622
485
573
657
615
766
738
759
1011
995
926
908
787
772
712
725
797
726
630
572
478
429
274
214
85
-19
25
-67
-40
-82
-324
-384
-496
-496
-501
-633
-515
-546
-576
-477
-537
-543
-538
-704
-638
-565
-521
-658
-552
-555
-715
-642
-572
-827
-643
-702
-917
-743
-730
-864
-913
-720
-951
-868
-669
-712
-719
-414
-609
-407
-271
-170
-247
-52
55
-37
190
260
320
307
415
391
448
561
513
438
578
399
514
447
520
408
343
515
437
460
772
549
560
714
539
596
684
750
618
768
915
812
1003
1084
701
858
774
598
757
759
636
601
505
396
325
218
68
-38
-50
-139
-119
-122
-301
-424
-455
-640
-676
-499
-656
-622
-540
-577
-574
-503
-528
-656
-562
-559
-593
-467
-375
-611
-549
-594
-722
-638
-676
-689
-671
-761
-782
-712
-817
-867
-906
-867
-769
-744
-606
-515
-446
-490
-395
-160
-240
-189
131
-59
57
335
269
306
352
432
312
511
645
503
620
544
393
493
413
324
484
374
389
463
580
650
582
535
399
578
508
485
784
745
686
927
922
982
974
863
856
815
789
789
916
754
592
621
426
358
369
161
76
61
-101
-137
-115
-345
-445
-527
-659
-615
-537
-594
-625
-580
-644
-679
-538
-627
-658
-545
-645
-563
-426
-588
-608
-624
-811
-761
-777
-823
-754
-795
-970
-906
-769
-1136
-1024
-720
-1186
-911
-526
-838
-590
-427
-571
-436
-291
-191
-125
45
100
168
418
303
462
436
370
622
633
433
824
753
375
712
552
450
556
483
458
527
574
628
610
577
511
513
545
675
852
800
897
1066
947
1039
1072
956
993
869
864
1053
935
817
864
605
422
408
284
185
148
-73
-162
-162
-328
-461
-549
-591
-774
-737
-569
-617
-645
-736
-734
-774
-857
-671
-666
-780
-519
-654
-700
-512
-783
-805
-916
-972
-863
-933
-831
-811
-1027
-959
-1072
-1179
-1038
-956
-1017
-1025
-526
-595
-825
-226
-305
-687
-180
57
-132
165
428
237
325
608
433
400
789
570
583
809
748
713
571
600
533
402
616
679
544
722
753
538
609
787
567
561
904
814
940
1260
1033
1090
1309
924
922
1299
1053
880
1189
1066
761
831
710
396
370
289
104
148
37
-199
-328
-473
-619
-720
-780
-731
-739
-791
-725
-663
-866
-953
-860
-990
-938
-683
-728
-679
-550
-723
-786
-810
-834
-939
-924
-815
-944
-849
-928
-1032
-987
-1197
-1191
-1072
-1007
-829
-919
-807
-595
-806
-694
-385
-346
-396
-71
299
108
343
570
209
413
649
432
591
943
763
553
928
924
346
731
825
389
597
790
726
665
798
658
469
765
856
727
1019
1148
1099
1055
1250
1324
965
1132
1202
992
1298
1318
1079
1076
919
607
448
574
384
132
237
-34
-166
-237
-593
-618
-775
-971
-880
-805
-759
-853
-947
-925
-994
-1053
-1011
-822
-852
-941
-687
-798
-766
-687
-932
-868
-764
-913
-853
-639
-931
-1102
-999
-1103
-1217
-963
-1211
-1094
-911
-1100
-952
-752
-735
-856
-660
-469
-354
-159
-5
-8
237
144
361
578
388
734
659
500
944
828
664
824
858
761
681
953
968
928
1024
691
808
1000
783
1093
1115
1110
1269
1184
1377
1491
1273
1174
1283
1312
1240
1326
1395
1132
992
849
719
709
537
410
343
117
-60
-124
-358
-517
-653
-892
-854
-779
-891
-888
-981
-1049
-1079
-1099
-919
-933
-1005
-917
-951
-940
-834
-800
-863
-869
-767
-879
-814
-722
-1029
-1029
-1007
-1202
-1148
-1066
-1082
-1158
-1369
-1272
-1195
-1304
-1128
-933
-1024
-959
-619
-577
-570
-213
-255
-407
187
400
217
680
911
478
632
999
934
947
1160
1172
984
1290
1521
1150
997
1246
1070
890
1324
1623
1260
1267
1471
1220
1217
1357
1156
1189
1292
1226
1282
1409
1227
834
713
721
719
637
658
630
286
-93
-20
-25
-384
-498
-485
-616
-645
-592
-656
-860
-1089
-1147
-1057
-969
-797
-750
-918
-953
-921
-1008
-827
-765
-987
-823
-752
-851
-688
-785
-1107
-1113
-994
-1147
-1104
-772
-1166
-1367
-1151
-1426
-1428
-1125
-1168
-1243
-1048
-944
-1031
-813
-608
-951
-717
-150
-156
-58
183
374
175
238
776
705
824
1232
1138
1365
1752
1530
1267
1492
1648
1437
1709
2130
1958
1835
1662
1736
1828
1498
1460
1505
1356
1260
1285
1253
1073
814
422
362
705
524
356
392
145
-111
-261
-189
-181
-368
-504
-586
-428
-418
-552
-608
-758
-791
-832
-723
-459
-634
-853
-876
-909
-854
-798
-785
-873
-844
-868
-1051
-856
-783
-1106
-1245
-1107
-1000
-1175
-1176
-1123
-1422
-1383
-1257
-1450
-1209
-1154
-1383
-1397
-1146
-1025
-1322
-1171
-777
-870
-847
-523
-202
-278
-454
-2
309
397
683
784
1214
1485
1325
1485
1731
1883
1787
1922
2386
2474
2362
2250
2342
2452
2075
1974
2072
1875
1650
1517
1500
1259
919
574
330
407
317
64
-99
-153
-275
-655
-666
-427
-552
-790
-829
-546
-494
-668
-619
-584
-475
-378
-406
-281
-143
-269
-570
-467
-165
-289
-427
-408
-426
-567
-816
-780
-721
-969
-1207
-1150
-1137
-1253
-1249
-1544
-1817
-1448
-1464
-1759
-1409
-1131
-1449
-1747
-1440
-1190
-1308
-1120
-939
-1029
-735
-405
-488
-539
-171
43
-74
320
1201
1265
870
862
1147
1385
1501
1958
2267
2256
2315
2150
2308
2693
2381
1966
2072
2331
2154
1931
2060
1732
1096
706
720
929
668
269
-39
-390
-511
-563
-735
-813
-773
-1037
-1301
-911
-701
-891
-1034
-988
-642
-514
-420
-233
-233
-288
-453
-167
276
241
100
-61
-40
-79
-315
-225
-151
-330
-710
-907
-702
-940
-1399
-1561
-1538
-1542
-1649
-1575
-1589
-1802
-1960
-1992
-1758
-1608
-1440
-1299
-1325
-1144
-838
-662
-662
-578
-167
39
500
1138
1107
764
742
1138
1462
1697
2173
2299
2121
1998
2096
2489
2450
2063
1944
2067
2067
1981
2059
1873
1267
684
671
1063
973
532
228
-76
-505
-649
-395
-444
-802
-1062
-1217
-1075
-897
-930
-1070
-1214
-1069
-807
-592
-361
-307
-470
-665
-396
182
385
292
160
83
108
139
238
353
187
-238
-451
-288
-330
-747
-963
-966
-1251
-1538
-1360
-1238
-1587
-2027
-2044
-1807
-1702
-1705
-1605
-1582
-1522
-1406
-1141
-759
-492
-487
-209
488
831
639
732
1169
1375
1560
2006
2414
2502
2187
2056
2467
2737
2558
2364
2322
2192
1988
1822
1746
1614
1126
647
693
792
492
-31
-467
-706
-872
-983
-930
-799
-1030
-1558
-1754
-1461
-1095
-1170
-1373
-1204
-930
-897
-816
-463
-318
-594
-643
-160
442
524
164
85
197
93
97
459
649
181
-377
-413
-260
-360
-613
-724
-797
-1004
-1274
-1306
-1270
-1553
-1813
-1749
-1529
-1335
-1309
-1332
-1395
-1329
-1022
-770
-385
155
410
319
197
667
1200
1276
1454
1918
2330
2286
2131
2501
2773
2494
2235
2499
2760
2479
2245
2142
1884
1526
1139
1062
1139
890
450
66
-214
-540
-828
-1006
-1156
-1243
-1417
-1706
-1859
-1797
-1787
-2046
-2016
-1537
-1295
-1453
-1464
-1130
-1061
-1180
-896
-380
-106
-197
-217
60
166
43
115
369
428
201
119
180
52
-255
-470
-455
-476
-655
-802
-853
-973
-1214
-1312
-1185
-1112
-1086
-1105
-1142
-992
-812
-755
-275
278
246
-11
344
1053
1362
1403
1617
1946
2016
1880
2258
2896
2829
2286
2173
2484
2537
2381
2391
2398
1952
1242
1049
1376
1349
799
221
10
-43
-307
-663
-837
-988
-1422
-1778
-1617
-1305
-1425
-2045
-2380
-1997
-1588
-1614
-1672
-1465
-1469
-1778
-1590
-876
-490
-746
-1038
-752
-382
-382
-369
-156
-138
-465
-564
-214
55
-133
-508
-630
-568
-619
-638
-570
-602
-835
-1010
-924
-646
-416
-492
-764
-756
-425
90
504
515
197
105
466
1053
1572
1820
1768
1646
1596
1836
2432
2798
2594
2150
2000
2211
2458
2550
2425
2105
1577
1240
1516
1845
1569
882
324
143
172
169
4
-311
-825
-1396
-1487
-1077
-868
-1319
-1994
-2140
-1817
-1614
-1605
-1645
-1787
-2008
-2019
-1587
-1013
-931
-1373
-1636
-1316
-871
-643
-515
-565
-898
-1146
-945
-494
-307
-575
-955
-1059
-918
-752
-677
-793
-1068
-1254
-1138
-746
-349
-321
-669
-931
-621
103
830
992
560
192
487
1237
1903
2209
2176
1903
1705
1888
2494
3056
2979
2407
2015
2095
2379
2533
2430
2078
1540
1138
1236
1660
1676
1018
269
31
165
266
179
-58
-489
-992
-1146
-759
-362
-624
-1401
-1807
-1427
-907
-888
-1170
-1380
-1549
-1675
-1436
-865
-624
-1060
-1651
-1642
-1083
-758
-894
-1117
-1293
-1464
-1473
-1172
-879
-1036
-1520
-1757
-1531
-1174
-1116
-1318
-1526
-1590
-1474
-1174
-701
-328
-561
-1080
-1009
-75
934
1080
556
319
730
1287
1727
2245
2523
2183
1689
1853
2679
3232
2921
2294
2028
2073
2173
2371
2518
2184
1394
814
1015
1549
1503
850
235
27
44
87
153
104
-324
-987
-1206
-661
-127
-374
-1074
-1368
-1076
-787
-754
-718
-737
-1030
-1304
-1038
-438
-244
-655
-1108
-1094
-764
-536
-509
-642
-976
-1290
-1256
-968
-835
-1049
-1448
-1715
-1653
-1407
-1277
-1392
-1675
-1900
-1879
-1581
-1128
-750
-803
-1203
-1259
-512
536
896
475
177
599
1298
1732
2051
2368
2339
1901
1781
2451
3158
2978
2246
1891
2038
2132
2055
2012
1843
1230
516
486
1029
1103
375
-362
-468
-306
-362
-475
-404
-508
-1041
-1384
-893
-160
-254
-993
-1236
-682
-274
-453
-552
-267
-231
-629
-674
-60
346
-86
-703
-635
-177
-90
-350
-506
-596
-869
-1084
-910
-647
-816
-1343
-1606
-1418
-1195
-1301
-1529
-1638
-1676
-1763
-1650
-1109
-529
-661
-1226
-1191
-194
701
698
322
449
978
1318
1577
2165
2637
2384
1813
1925
2711
3172
2838
2280
2050
1935
1755
1783
1997
1750
875
132
201
617
473
-239
-811
-984
-1140
-1336
-1243
-1009
-1252
-1994
-2297
-1691
-1020
-1124
-1599
-1595
-1186
-998
-970
-635
-210
-283
-608
-391
317
679
387
75
234
510
523
450
435
238
-175
-366
-153
13
-273
-810
-1111
-1082
-1050
-1129
-1199
-1293
-1528
-1722
-1509
-924
-510
-696
-1043
-831
29
764
915
744
763
1060
1522
2095
2671
2874
2544
2124
2256
2845
3236
3065
2549
2026
1680
1646
1889
1997
1498
559
-117
-103
199
136
-404
-1038
-1489
-1758
-1805
-1578
-1402
-1736
-2445
-2747
-2309
-1741
-1716
-2026
-2078
-1857
-1685
-1537
-1178
-812
-847
-1080
-870
-195
263
146
-91
-9
234
351
402
511
469
136
-150
-43
227
139
-287
-557
-520
-541
-800
-963
-904
-960
-1264
-1271
-654
-93
-378
-963
-727
377
1083
900
661
1088
1651
1816
2077
2851
3418
3062
2436
2670
3536
3869
3398
2877
2651
2327
1976
2075
2406
2007
786
-139
-47
289
-44
-790
-1242
-1514
-2013
-2420
-2196
-1796
-2158
-3070
-3363
-2696
-2079
-2244
-2616
-2487
-2154
-2114
-2022
-1430
-861
-1005
-1433
-1188
-350
118
-86
-296
-118
90
81
119
323
292
-114
-450
-324
-37
-108
-489
-749
-759
-796
-973
-1031
-911
-899
-1095
-1032
-473
-21
-282
-693
-292
836
1514
1348
1074
1381
1854
2120
2548
3310
3713
3264
2678
2920
3734
4073
3656
3117
2802
2506
2291
2427
2641
2150
959
74
168
572
346
-443
-1119
-1539
-1961
-2233
-2031
-1760
-2182
-3098
-3456
-2935
-2374
-2466
-2808
-2763
-2516
-2414
-2243
-1718
-1280
-1427
-1734
-1420
-548
5
-112
-360
-283
-44
110
260
440
394
26
-313
-284
-60
-45
-363
-689
-845
-961
-1142
-1244
-1217
-1263
-1474
-1557
-1253
-764
-641
-771
-606
138
787
895
792
1105
1770
2271
2594
3055
3536
3617
3373
3454
3996
4409
4229
3747
3430
3235
3023
2854
2785
2455
1658
833
535
588
342
-351
-1044
-1477
-1801
-2132
-2268
-2257
-2484
-3042
-3380
-3122
-2665
-2603
-2857
-2900
-2635
-2379
-2196
-1834
-1357
-1186
-1306
-1201
-666
-131
-1
-77
-15
191
334
386
420
364
190
25
-14
-34
-163
-391
-623
-807
-930
-1014
-1122
-1319
-1543
-1630
-1487
-1178
-915
-932
-1141
-1089
-468
429
885
770
587
871
1480
2098
2669
3118
3222
2942
2782
3230
4008
4359
3954
3266
2845
2828
3041
3175
2977
2229
1215
544
569
851
686
-71
-1011
-1713
-2036
-2014
-1829
-1900
-2486
-3237
-3472
-3090
-2651
-2588
-2737
-2767
-2673
-2478
-2101
-1555
-1210
-1270
-1378
-1085
-409
138
278
174
109
230
480
762
883
746
446
152
-12
-7
87
66
-219
-670
-1026
-1126
-1127
-1194
-1349
-1480
-1523
-1483
-1286
-1088
-889
-678
-285
180
418
455
620
1160
1791
2215
2514
2784
3021
3029
3083
3412
3841
3915
3492
3042
2853
2877
2851
2647
2285
1682
1026
592
488
380
-98
-824
-1470
-1804
-1945
-2037
-2178
-2509
-2977
-3317
-3216
-2835
-2586
-2646
-2812
-2761
-2496
-2067
-1594
-1227
-1085
-1118
-979
-563
-26
332
423
388
370
555
864
1094
1015
681
414
307
330
344
280
46
-394
-766
-853
-706
-698
-984
-1315
-1462
-1401
-1268
-1105
-933
-877
-761
-431
227
719
776
623
779
1356
2008
2522
2846
2946
2778
2610
2904
3532
3889
3548
2884
2482
2438
2531
2476
2232
1646
832
217
116
286
87
-627
-1468
-1995
-2139
-2128
-2112
-2276
-2678
-3183
-3410
-3157
-2689
-2403
-2471
-2620
-2567
-2239
-1784
-1367
-1085
-991
-926
-682
-220
237
441
428
386
510
768
988
1021
815
522
300
257
325
338
173
-192
-488
-592
-587
-677
-911
-1115
-1208
-1200
-1137
-992
-774
-713
-641
-327
331
864
919
725
806
1336
1979
2508
2909
3051
2887
2668
2890
3470
3806
3483
2823
2425
2351
2396
2346
2092
1498
601
-100
-225
35
-38
-720
-1589
-2200
-2433
-2471
-2365
-2306
-2556
-3104
-3469
-3225
-2646
-2295
-2335
-2449
-2331
-2007
-1550
-1079
-744
-688
-762
-569
-59
454
622
535
437
463
626
861
1017
855
398
-12
-80
105
181
-6
-383
-735
-914
-940
-887
-914
-1067
-1233
-1297
-1181
-973
-742
-590
-576
-446
-11
766
1362
1433
1213
1238
1720
2301
2747
3047
3174
3077
2857
2948
3379
3667
3375
2688
2175
2032
2076
2060
1828
1288
430
-345
-596
-405
-348
-814
-1571
-2190
-2527
-2603
-2498
-2359
-2467
-2881
-3175
-3006
-2516
-2131
-2028
-1964
-1825
-1614
-1339
-923
-465
-282
-331
-284
104
610
864
832
678
561
537
623
792
790
484
9
-323
-363
-293
-361
-626
-966
-1187
-1252
-1229
-1262
-1455
-1650
-1697
-1545
-1292
-1047
-823
-695
-642
-363
274
1126
1511
1370
1168
1444
2117
2706
3125
3363
3372
3131
2947
3229
3669
3656
3042
2320
2031
2029
2044
1818
1335
581
-248
-718
-653
-469
-687
-1358
-2030
-2441
-2587
-2534
-2331
-2182
-2347
-2693
-2716
-2251
-1693
-1478
-1547
-1508
-1279
-915
-487
-34
231
134
-2
222
765
1144
1069
788
563
506
548
629
647
378
-116
-556
-679
-571
-571
-827
-1244
-1576
-1688
-1584
-1433
-1463
-1733
-2008
-2007
-1679
-1230
-835
-610
-569
-684
-546
89
1057
1621
1575
1356
1487
1887
2236
2570
2993
3274
3146
2789
2729
2951
3019
2683
2197
1900
1718
1552
1344
1088
631
-57
-640
-816
-709
-720
-1041
-1480
-1880
-2153
-2256
-2068
-1741
-1634
-1842
-2023
-1841
-1432
-1094
-877
-659
-467
-397
-290
69
558
778
680
609
768
1008
1107
1081
986
783
496
311
351
390
178
-267
-692
-939
-1082
-1223
-1370
-1493
-1606
-1747
-1862
-1917
-1949
-1995
-2032
-1923
-1677
-1338
-1072
-925
-910
-798
-377
391
1090
1342
1201
1071
1189
1513
1979
2522
2865
2795
2423
2239
2421
2640
2538
2112
1660
1340
1215
1221
1170
822
127
-591
-920
-777
-466
-384
-675
-1234
-1768
-1964
-1710
-1209
-872
-919
-1172
-1273
-1072
-692
-312
-62
27
13
81
348
717
933
875
736
750
949
1157
1189
1014
687
388
244
307
424
323
-89
-661
-1043
-1102
-985
-969
-1178
-1457
-1692
-1794
-1766
-1646
-1578
-1727
-1942
-1954
-1613
-1174
-951
-997
-1155
-1170
-888
-234
615
1110
990
500
278
569
1176
1779
2128
2135
1828
1563
1707
2119
2281
1914
1334
989
994
1178
1280
1098
503
-277
-757
-572
1
337
49
-658
-1303
-1555
-1321
-776
-323
-342
-809
-1169
-999
-447
15
147
84
-17
29
356
925
1332
1216
800
596
809
1175
1394
1364
1068
622
295
368
669
733
335
-287
-749
-894
-801
-673
-719
-1075
-1624
-1977
-1876
-1488
-1257
-1420
-1786
-2080
-2091
-1846
-1461
-1242
-1394
-1789
-1987
-1678
-948
-216
297
297
-97
-481
-271
467
1136
1353
1257
1224
1322
1545
1956
2358
2322
1773
1219
1176
1575
1958
1926
1519
919
425
265
508
824
786
279
-352
-698
-662
-442
-294
-393
-736
-1103
-1139
-764
-310
-188
-397
-563
-498
-182
213
576
778
675
445
442
736
1044
1152
1105
949
807
795
895
988
859
507
135
-59
-118
-183
-364
-674
-1016
-1268
-1371
-1375
-1447
-1654
-1948
-2185
-2269
-2258
-2213
-2224
-2323
-2459
-2488
-2405
-2218
-2019
-1753
-1454
-922
-391
-124
-148
-175
-1
373
835
1362
1881
2267
2410
2532
2745
2956
2964
2701
2406
2307
2497
2744
2793
2426
1728
1050
676
600
607
484
190
-280
-782
-1164
-1304
-1281
-1248
-1349
-1528
-1549
-1395
-1189
-1039
-931
-830
-717
-469
13
632
1037
1095
1024
974
1047
1308
1665
1953
2011
1839
1581
1447
1361
1174
885
511
129
-189
-384
-521
-792
-1301
-1934
-2416
-2676
-2785
-2847
-2970
-3208
-3550
-3818
-3824
-3599
-3332
-3218
-3239
-3245
-3109
-2827
-2436
-1851
-1242
-516
180
687
966
1191
1505
1925
2453
3023
3588
4151
4529
4718
4712
4521
4264
4012
3749
3473
3284
3156
2960
2481
1656
728
16
-391
-615
-870
-1207
-1628
-2087
-2486
-2711
-2751
-2672
-2609
-2575
-2444
-2116
-1699
-1300
-964
-733
-504
-108
522
1303
1915
2172
2245
2261
2292
2435
2672
2807
2679
2372
2017
1767
1580
1267
768
107
-616
-1231
-1632
-1907
-2248
-2777
-3470
-4135
-4560
-4702
-4630
-4515
-4437
-4432
-4473
-4410
-4178
-3825
-3456
-3116
-2726
-2201
-1560
-929
-431
-7
393
1097
2163
3150
3776
3904
3785
3796
4095
4552
4958
5225
5257
5187
5117
4995
4791
4288
3405
2401
1652
1337
1297
1186
680
-252
-1365
-2224
-2524
-2421
-2332
-2491
-2844
-3132
-3190
-2980
-2574
-2190
-2009
-1922
-1686
-1147
-386
326
756
875
902
1054
1538
2269
2893
3133
2908
2478
2161
2048
2038
1959
1664
1081
390
-161
-510
-805
-1339
-2134
-2993
-3698
-4117
-4282
-4348
-4529
-4845
-5128
-5181
-4930
-4485
-4031
-3669
-3433
-3175
-2630
-1805
-904
-183
272
640
1094
1675
2270
2692
2865
2874
2977
3358
4037
4748
5126
4949
4314
3511
2902
2664
2698
2752
2638
2362
2114
1966
1800
1450
801
-50
-862
-1312
-1260
-922
-704
-839
-1249
-1637
-1761
-1578
-1226
-959
-918
-995
-969
-680
-213
248
502
493
401
395
632
1041
1394
1520
1399
1143
887
730
605
402
81
-326
-732
-1053
-1284
-1510
-1817
-2201
-2580
-2865
-3055
-3182
-3249
-3268
-3231
-3144
-3017
-2859
-2707
-2537
-2287
-1947
-1512
-1058
-652
-284
66
445
896
1362
1745
1993
2160
2320
2560
2864
3104
3198
3143
3014
2894
2799
2679
2481
2192
1829
1477
1168
869
576
287
4
-282
-547
-777
-978
-1173
-1330
-1396
-1342
-1206
-1020
-827
-656
-529
-436
-359
-273
-163
2
278
620
952
1220
1374
1413
1366
1275
1190
1147
1112
1048
951
810
674
555
398
166
-152
-547
-947
-1271
-1503
-1659
-1782
-1914
-2060
-2224
-2373
-2447
-2463
-2453
-2401
-2305
-2142
-1958
-1800
-1649
-1493
-1275
-990
-643
-301
-14
233
465
726
988
1203
1360
1481
1602
1748
1910
2013
2014
1957
1874
1838
1830
1756
1586
1325
1045
807
664
606
537
391
133
-160
-374
-516
-585
-609
-640
-688
-723
-731
-711
-681
-655
-613
-523
-395
-212
34
287
503
642
677
628
535
444
428
508
661
819
919
927
852
703
486
209
-107
-401
-608
-679
-626
-543
-533
-626
-780
-941
-1076
-1175
-1267
-1366
-1439
-1437
-1312
-1100
-906
-804
-802
-833
-796
-651
-439
-241
-95
4
90
241
452
647
766
797
789
796
850
938
990
975
900
836
806
791
740
600
450
323
227
199
180
135
56
-15
-78
-133
-186
-260
-361
-471
-586
-660
-683
-677
-631
-560
-469
-341
-179
-44
22
12
-30
-64
-38
40
196
382
555
705
841
942
978
905
724
484
270
165
183
262
316
295
222
155
106
41
-95
-332
-609
-830
-929
-889
-760
-604
-484
-405
-344
-293
-280
-331
-438
-533
-545
-442
-205
90
373
582
700
739
710
644
547
436
337
282
296
362
437
475
454
359
205
24
-173
-371
-547
-671
-711
-677
-623
-568
-550
-590
-697
-834
-949
-1003
-943
-802
-602
-428
-327
-287
-296
-326
-370
-411
-397
-295
-67
256
601
872
1019
1019
921
794
710
682
709
776
869
996
1140
1267
1328
1276
1110
861
592
334
115
-52
-185
-289
-363
-389
-381
-361
-370
-430
-536
-664
-786
-863
-900
-878
-783
-603
-340
-20
306
563
708
740
684
595
507
462
457
493
572
688
817
911
927
835
618
292
-100
-487
-792
-977
-1035
-1011
-968
-962
-1034
-1185
-1379
-1582
-1750
-1850
-1849
-1744
-1561
-1331
-1112
-920
-760
-623
-491
-365
-248
-153
-59
36
145
261
350
424
462
473
488
562
717
958
1243
1513
1688
1755
1713
1611
1492
1378
1277
1200
1166
1218
1337
1475
1540
1449
1183
778
336
-62
-377
-612
-779
-875
-879
-791
-631
-472
-373
-376
-473
-626
-779
-898
-955
-935
-825
-610
-295
78
444
732
885
891
762
545
297
71
-104
-217
-255
-212
-87
98
279
380
343
126
-239
-682
-1114
-1454
-1663
-1729
-1669
-1504
-1277
-1041
-852
-764
-796
-930
-1108
-1254
-1294
-1185
-941
-599
-218
149
449
669
808
871
866
806
719
647
602
564
515
442
350
286
321
479
732
987
1160
1216
1172
1072
949
817
674
532
445
475
650
919
1174
1317
1308
1157
904
584
218
-185
-577
-887
-1017
-943
-718
-435
-193
-48
-22
-110
-279
-485
-698
-888
-1011
-1032
-941
-742
-464
-147
157
380
489
466
319
70
-234
-523
-755
-886
-893
-768
-526
-206
129
412
574
579
433
184
-103
-376
-604
-764
-819
-741
-526
-224
75
274
326
253
121
-10
-119
-210
-286
-329
-299
-171
40
266
437
514
510
459
376
237
16
-298
-668
-998
-1204
-1220
-1017
-634
-166
290
683
1009
1259
1396
1359
1139
817
536
434
559
851
1163
1375
1452
1429
1343
1171
864
385
-235
-881
-1406
-1697
-1741
-1616
-1398
-1148
-888
-639
-436
-334
-382
-574
-833
-1030
-1054
-870
-528
-123
275
650
1004
1326
1568
1658
1551
1281
929
599
354
202
117
73
69
123
223
330
374
309
131
-122
-400
-658
-868
-1022
-1111
-1133
-1075
-934
-720
-465
-210
1
134
199
222
233
240
217
145
42
-42
-54
14
116
180
162
76
-56
-238
-521
-948
-1488
-2009
-2320
-2284
-1922
-1384
-828
-312
182
654
1034
1220
1177
979
780
712
820
1059
1319
1498
1567
1554
1495
1386
1190
849
349
-234
-742
-1031
-1075
-981
-867
-781
-689
-524
-269
2
186
230
176
127
171
324
543
768
962
1131
1295
1461
1597
1655
1602
1439
1200
933
658
372
49
-305
-644
-911
-1067
-1124
-1121
-1099
-1081
-1062
-1036
-1006
-989
-1005
-1062
-1122
-1125
-1035
-841
-571
-264
38
309
551
768
934
984
865
599
262
-53
-303
-488
-636
-783
-941
-1095
-1237
-1386
-1591
-1895
-2302
-2747
-3121
-3286
-3136
-2673
-2012
-1294
-578
157
921
1640
2183
2480
2572
2588
2668
2870
3132
3331
3377
3285
3125
2958
2769
2496
2073
1498
866
304
-108
-404
-669
-934
-1155
-1264
-1224
-1069
-886
-748
-681
-649
-605
-515
-397
-277
-178
-87
37
231
507
820
1083
1214
1187
1042
829
567
247
-137
-549
-912
-1154
-1257
-1268
-1251
-1234
-1210
-1184
-1176
-1205
-1276
-1373
-1455
-1476
-1404
-1241
-1010
-740
-453
-179
66
277
454
576
616
557
414
218
9
-181
-330
-436
-522
-607
-698
-795
-912
-1065
-1265
-1493
-1721
-1904
-1986
-1919
-1676
-1249
-650
74
844
1588
2253
2806
3210
3453
3562
3592
3579
3527
3442
3332
3200
3016
2754
2414
2018
1591
1145
658
103
-511
-1103
-1585
-1912
-2116
-2240
-2291
-2251
-2113
-1900
-1654
-1425
-1239
-1106
-998
-879
-716
-496
-221
95
424
737
1014
1236
1360
1341
1165
869
511
146
-195
-494
-739
-925
-1066
-1182
-1289
-1403
-1517
-1631
-1734
-1820
-1874
-1880
-1817
-1687
-1493
-1239
-934
-595
-227
166
579
977
1309
1542
1673
1727
1730
1689
1590
1441
1268
1118
999
883
711
447
107
-252
-572
-817
-991
-1119
-1222
-1294
-1306
-1234
-1096
-938
-812
-725
-626
-443
-135
262
674
1055
1411
1765
2108
2398
2594
2683
2674
2585
2442
2270
2052
1760
1374
919
448
28
-312
-585
-844
-1115
-1385
-1624
-1823
-1993
-2141
-2258
-2322
-2314
-2223
-2053
-1815
-1531
-1223
-914
-616
-334
-73
162
365
527
658
775
878
952
981
962
898
783
607
379
131
-92
-262
-382
-473
-545
-605
-628
-606
-557
-503
-469
-452
-436
-392
-303
-172
-25
105
218
339
498
696
907
1096
1240
1334
1376
1359
1276
1133
945
738
536
352
191
47
-90
-232
-391
-562
-724
-867
-991
-1103
-1201
-1267
-1299
-1302
-1286
-1264
-1238
-1202
-1146
-1054
-902
-657
-319
77
484
879
1258
1613
1917
2135
2247
2269
2211
2084
1894
1641
1330
962
559
155
-215
-523
-767
-955
-1115
-1251
-1353
-1415
-1448
-1465
-1468
-1445
-1386
-1292
-1166
-1003
-815
-621
-440
-273
-106
67
242
406
559
709
872
1044
1193
1287
1306
1256
1148
989
783
549
312
95
-84
-224
-319
-372
-382
-361
-322
-279
-242
-220
-218
-237
-275
-329
-396
-476
-553
-600
-585
-487
-315
-102
120
335
528
675
757
769
725
646
541
413
264
105
-49
-191
-318
-440
-558
-665
-750
-805
-823
-800
-740
-644
-525
-384
-228
-69
73
171
219
220
182
109
13
-88
-162
-187
-154
-68
57
217
405
597
762
870
923
928
882
775
615
435
253
75
-99
-261
-396
-493
-541
-559
-555
-528
-465
-364
-241
-107
33
188
352
509
636
730
791
812
792
739
668
580
478
366
257
163
79
-7
-107
-223
-347
-473
-605
-747
-900
-1038
-1140
-1192
-1198
-1161
-1076
-940
-756
-542
-318
-101
86
236
338
401
433
446
449
439
420
397
382
376
375
364
349
336
329
325
319
315
308
286
244
191
143
103
56
-13
-98
-183
-259
-323
-384
-444
-497
-527
-519
-479
-419
-347
-267
-180
-94
-14
48
80
72
21
-63
-158
-246
-326
-400
-475
-540
-580
-569
-487
-344
-167
22
221
447
701
959
1187
1365
1486
1543
1544
1494
1402
1264
1069
822
540
253
-16
-250
-455
-640
-791
-896
-949
-966
-969
-962
-952
-942
-933
-910
-851
-753
-636
-515
-385
-226
-36
168
359
521
645
739
800
821
804
750
661
540
390
221
50
-111
-260
-406
-541
-647
-717
-751
-760
-745
-707
-636
-533
-402
-256
-108
36
166
272
347
397
434
457
463
465
485
548
655
786
915
1024
1109
1166
1184
1152
1053
884
653
378
79
-225
-525
-807
-1069
-1298
-1478
-1593
-1634
-1614
-1544
-1430
-1273
-1076
-845
-598
-349
-128
50
181
267
311
307
253
155
32
-92
-199
-277
-320
-330
-293
-199
-62
99
259
405
531
622
665
667
653
626
580
518
455
406
371
340
314
289
264
234
204
169
136
109
92
80
62
42
30
24
16
-4
-21
-24
-19
-20
-20
0
58
145
246
350
450
546
627
685
706
684
618
517
389
251
122
14
-71
-143
-204
-252
-291
-330
-385
-456
-535
-621
-708
-791
-859
-903
-925
-928
-916
-883
-824
-738
-635
-528
-424
-321
-215
-107
-9
74
144
205
254
282
286
266
226
159
68
-33
-133
-229
-313
-383
-433
-458
-452
-411
-348
-277
-214
-159
-108
-70
-40
-8
32
85
139
203
283
380
490
599
705
798
874
936
975
992
989
969
940
906
872
840
807
764
705
629
541
445
345
243
145
57
-21
-84
-132
-155
-152
-131
-112
-106
-113
-123
-136
-160
-203
-257
-311
-359
-409
-463
-521
-584
-659
-754
-863
-980
-1095
-1206
-1303
-1378
-1419
-1415
-1358
-1252
-1100
-908
-685
-443
-196
46
275
487
665
794
878
918
923
895
841
762
667
555
428
287
141
4
-118
-224
-312
-384
-431
-453
-447
-421
-377
-320
-247
-168
-88
-5
79
170
266
371
479
591
699
806
904
992
1070
1133
1169
1175
1158
1119
1059
976
873
761
644
526
408
296
187
82
-16
-105
-179
-238
-287
-331
-368
-403
-429
-449
-462
-475
-500
-530
-564
-594
-627
-667
-709
-742
-764
-781
-794
-802
-809
-809
-805
-800
-796
-794
-791
-787
-780
-767
-747
-714
-666
-601
-519
-419
-302
-175
-37
102
243
380
501
603
683
746
791
813
809
786
749
701
641
571
496
426
362
310
271
247
244
258
286
319
350
382
412
438
448
435
404
355
295
222
144
66
-10
-83
-149
-203
-240
-261
-263
-252
-230
-201
-169
-131
-91
-51
-11
28
67
105
142
181
223
265
302
331
349
357
358
349
329
296
245
176
85
-27
-157
-304
-463
-632
-798
-958
-1098
-1207
-1277
-1309
-1302
-1255
-1171
-1046
-888
-706
-509
-305
-102
96
283
458
613
745
855
944
1010
1054
1075
1068
1029
962
871
760
635
493
333
166
-4
-170
-328
-471
-593
-694
-773
-831
-859
-852
-811
-733
-627
-497
-345
-169
20
214
402
579
739
876
981
1050
1086
1086
1046
970
860
725
573
408
232
53
-125
-296
-458
-605
-738
-853
-953
-1035
-1092
-1123
-1127
-1098
-1045
-969
-864
-738
-585
-415
-235
-50
137
322
497
658
801
921
1011
1066
1085
1069
1022
944
840
710
558
394
223
48
-121
-281
-424
-547
-652
-733
-790
-819
-821
-799
-754
-691
-607
-506
-391
-268
-135
1
138
267
387
490
571
629
664
679
675
648
597
524
435
333
227
116
6
-99
-198
-286
-360
-418
-464
-497
-517
-524
-519
-502
-474
-434
-385
-328
-266
-191
-110
-27
52
130
200
261
312
347
366
371
363
342
307
263
213
160
108
56
3
-43
-80
-107
-126
-136
-138
-128
-107
-76
-38
5
49
95
140
184
223
255
280
296
305
305
299
286
264
234
195
149
98
39
-22
-88
-150
-208
-263
-312
-350
-373
-382
-379
-361
-332
-291
-238
-181
-117
-57
0
50
92
126
150
165
172
168
154
129
100
62
20
-25
-73
-119
-165
-203
-230
-246
-252
-250
-240
-222
-201
-177
-148
-116
-82
-47
-10
30
72
115
161
204
243
271
292
304
306
296
276
249
212
167
117
71
28
-13
-53
-88
-118
-140
-154
-164
-170
-170
-165
-153
-136
-116
-93
-66
-38
-10
17
41
61
74
85
88
88
85
75
63
46
26
6
-14
-33
-52
-67
-82
-93
-101
-108
-112
-111
-106
-97
-87
-75
-61
-45
-31
-18
-6
1
8
16
29
46
67
95
123
156
193
232
265
288
302
305
299
283
261
230
191
146
98
46
-3
-46
-85
-123
-158
-186
-205
-211
-207
-191
-164
-131
-90
-38
17
67
111
149
180
201
212
211
202
181
150
114
74
27
-23
-79
-134
-192
-248
-299
-345
-386
-423
-453
-478
-492
-496
-492
-480
-459
-431
-393
-350
-301
-249
-195
-140
-82
-23
36
92
145
194
238
276
306
330
347
355
354
345
329
311
290
267
242
218
193
170
148
127
108
90
73
61
58
62
73
89
111
142
175
211
247
282
314
342
362
374
378
374
363
341
310
272
226
177
122
60
-7
-75
-143
-206
-264
-316
-362
-402
-434
-453
-463
-467
-466
-461
-450
-432
-410
-384
-355
-327
-300
-273
-247
-221
-197
-178
-161
-147
-138
-131
-124
-119
-116
-117
-121
-123
-122
-118
-115
-111
-110
-109
-107
-103
-99
-99
-101
-103
-102
-98
-89
-72
-47
-18
17
60
108
160
212
265
319
372
420
467
506
537
563
579
586
590
588
585
574
559
542
522
499
471
440
401
356
305
249
185
114
39
-41
-118
-193
-263
-323
-369
-406
-426
-429
-417
-392
-356
-309
-256
-197
-138
-79
-26
19
52
74
85
82
70
48
16
-27
-76
-132
-189
-248
-308
-367
-421
-468
-510
-544
-570
-587
-593
-589
-576
-556
-526
-484
-434
-374
-306
-227
-139
-43
53
150
244
331
409
471
518
551
566
567
551
520
478
427
371
314
256
196
139
84
34
-11
-50
-84
-111
-134
-150
-160
-162
-156
-142
-122
-97
-64
-23
21
70
123
178
233
284
332
375
413
445
465
473
467
448
417
370
312
243
168
90
7
-74
-151
-218
-276
-324
-363
-392
-411
-419
-418
-410
-396
-376
-353
-325
-296
-264
-229
-193
-157
-122
-88
-56
-22
7
34
56
78
95
109
119
126
128
123
114
98
79
53
23
-11
-46
-79
-109
-134
-157
-174
-188
-195
-195
-189
-178
-163
-144
-121
-95
-65
-34
-2
33
67
101
136
169
200
224
241
252
257
257
252
243
226
205
182
155
130
103
72
37
1
-34
-68
-98
-127
-152
-170
-183
-187
-183
-171
-148
-119
-88
-54
-19
17
56
93
130
162
192
218
244
263
279
291
296
296
290
276
256
231
203
169
133
93
52
9
-36
-81
-128
-176
-224
-266
-305
-340
-369
-390
-404
-407
-402
-387
-364
-333
-298
-258
-220
-181
-143
-109
-80
-56
-36
-20
-8
2
10
17
21
23
24
23
22
18
12
7
1
-3
-5
-8
-7
-5
0
8
14
22
31
43
59
74
93
114
137
162
187
213
236
256
271
282
284
282
273
258
239
216
190
165
140
119
102
85
69
55
41
30
22
11
2
-8
-17
-27
-35
-40
-42
-41
-38
-33
-25
-16
-9
-5
-4
-3
-6
-11
-18
-27
-40
-53
-68
-83
-99
-116
-134
-158
-183
-210
-237
-261
-286
-307
-325
-338
-344
-345
-339
-329
-315
-294
-272
-246
-217
-185
-150
-115
-81
-46
-9
29
65
97
123
147
170
189
204
213
221
225
227
227
225
222
217
212
205
197
188
179
171
165
158
152
146
145
145
147
149
151
154
155
155
152
148
140
130
121
108
95
81
66
51
31
15
-2
-20
-39
-60
-82
-104
-125
-142
-156
-164
-168
-169
-170
-166
-159
-156
-150
-146
-142
-138
-135
-131
-126
-122
-118
-111
-104
-99
-92
-88
-85
-86
-89
-94
-99
-102
-102
-105
-106
-106
-106
-101
-94
-85
-74
-62
-47
-31
-11
10
31
52
73
94
116
137
154
168
178
186
191
194
194
191
187
180
172
164
157
151
145
136
127
116
103
88
73
55
37
19
1
-15
-29
-42
-51
-59
-64
-69
-73
-74
-76
-77
-75
-75
-71
-66
-58
-48
-38
-28
-19
-12
-4
3
5
8
7
7
6
7
7
7
7
6
4
-1
-9
-19
-29
-40
-54
-68
-81
-94
-106
-117
-125
-132
-137
-141
-145
-146
-145
-141
-135
-128
-119
-107
-92
-75
-55
-33
-11
14
39
65
90
114
137
157
174
189
201
211
218
222
220
215
209
198
185
169
148
127
102
77
53
29
6
-16
-38
-56
-71
-83
-94
-102
-110
-116
-119
-120
-119
-115
-110
-104
-94
-83
-72
-59
-46
-31
-19
-8
2
12
21
31
37
41
42
42
38
33
26
16
3
-9
-22
-34
-46
-57
-64
-71
-75
-75
-73
-67
-58
-49
-37
-23
-8
5
18
29
40
48
56
64
69
76
80
82
83
84
80
75
69
60
49
35
20
5
-10
-23
-39
-52
-63
-72
-81
-86
-89
-89
-86
-82
-73
-63
-48
-33
-18
-2
16
36
53
71
85
98
111
120
127
131
134
135
133
128
122
113
104
92
78
58
39
17
-4
-26
-51
-74
-94
-111
-127
-141
-152
-161
-167
-170
-169
-164
-159
-151
-141
-131
-118
-103
-86
-70
-54
-39
-26
-13
-1
8
17
21
24
27
27
26
26
23
20
17
13
8
4
1
-2
-4
-4
-2
0
4
12
20
28
36
46
55
65
75
85
95
105
114
124
135
142
148
152
155
155
152
146
139
129
118
105
92
76
61
45
30
15
0
-15
-29
-41
-54
-62
-69
-74
-76
-77
-75
-73
-70
-66
-63
-57
-51
-47
-45
-43
-42
-42
-46
-48
-51
-56
-62
-69
-78
-89
-100
-111
-123
-136
-148
-158
-166
-170
-171
-167
-161
-152
-138
-121
-103
-87
-69
-50
-32
-15
2
18
33
47
62
76
86
98
108
118
124
129
130
129
126
121
116
106
96
85
74
63
52
40
33
27
24
20
19
22
26
33
42
52
63
75
87
97
108
117
122
128
132
133
132
129
125
118
111
103
94
83
71
56
42
26
10
-7
-24
-42
-61
-81
-99
-116
-133
-146
-156
-164
-170
-174
-172
-171
-166
-159
-151
-143
-134
-127
-119
-113
-106
-99
-94
-91
-87
-84
-81
-77
-74
-71
-70
-69
-68
-67
-64
-61
-59
-57
-55
-52
-50
-44
-36
-29
-20
-10
5
19
36
52
69
87
106
125
142
160
178
194
209
222
234
242
249
251
252
247
238
227
212
193
172
147
120
93
64
35
7
-22
-49
-75
-97
-119
-138
-155
-168
-182
-191
-197
-200
-199
-196
-189
-179
-167
-150
-131
-108
-85
-61
-38
-15
6
25
42
55
63
69
71
70
67
60
52
43
32
21
9
-2
-11
-17
-23
-29
-32
-36
-36
-35
-34
-33
-29
-24
-20
-13
-5
3
15
25
36
46
57
66
74
81
84
85
86
83
77
70
59
47
34
19
6
-9
-23
-37
-49
-60
-69
-76
-81
-83
-83
-81
-79
-73
-70
-66
-61
-56
-52
-48
-46
-45
-42
-40
-41
-41
-38
-36
-35
-33
-33
-31
-28
-26
-24
-22
-20
-18
-15
-10
-6
-2
5
12
22
32
44
57
71
85
100
115
128
141
153
162
169
174
174
175
170
161
154
143
131
118
104
90
76
61
47
33
18
5
-9
-24
-38
-51
-63
-73
-81
-91
-99
-104
-108
-112
-114
-115
-115
-114
-112
-110
-110
-108
-109
-110
-112
-113
-115
-117
-118
-119
-120
-120
-118
-116
-109
-105
-97
-89
-80
-71
-61
-51
-40
-30
-20
-11
-2
6
14
19
28
33
37
41
46
50
53
56
61
66
72
79
85
90
96
102
107
111
114
116
117
117
119
121
124
125
125
127
127
129
130
131
130
130
128
124
121
115
110
101
93
84
74
64
53
40
29
16
4
-9
-22
-36
-46
-58
-70
-82
-91
-102
-114
-125
-138
-150
-164
-177
-193
-207
-221
-234
-246
-254
-261
-265
-265
-264
-260
-252
-241
-226
-211
-194
-176
-155
-132
-107
-81
-56
-31
-3
22
49
76
103
131
154
176
198
218
234
249
258
264
267
267
264
254
242
227
211
193
175
157
139
122
104
89
75
63
52
42
33
25
19
14
10
6
4
4
6
7
10
13
15
17
19
19
19
17
13
8
0
-11
-22
-36
-51
-66
-83
-101
-120
-140
-158
-177
-194
-209
-221
-233
-240
-247
-250
-249
-244
-238
-228
-215
-199
-181
-160
-137
-112
-86
-59
-30
-1
28
55
82
107
129
151
169
184
194
202
204
207
202
195
186
174
160
144
128
111
96
80
65
54
44
38
33
31
29
29
32
37
41
44
48
50
53
57
58
59
59
59
56
53
47
40
34
25
14
2
-11
-27
-43
-58
-75
-93
-108
-123
-137
-151
-162
-171
-177
-179
-180
-178
-173
-165
-154
-143
-128
-111
-94
-76
-59
-41
-24
-8
6
19
29
41
49
55
60
63
67
67
67
61
58
55
49
44
39
33
30
26
23
22
22
23
26
30
35
41
51
59
68
78
86
94
101
106
110
113
114
111
107
101
95
86
77
68
56
43
31
17
3
-9
-22
-34
-47
-60
-71
-82
-93
-103
-111
-119
-123
-127
-128
-128
-127
-123
-117
-108
-99
-90
-80
-70
-60
-52
-44
-38
-32
-27
-22
-20
-18
-15
-15
-14
-14
-12
-10
-8
-4
0
5
10
17
23
29
35
40
45
50
54
58
62
65
69
71
72
74
75
77
77
76
74
74
70
67
64
60
55
50
43
36
29
22
16
12
6
0
-5
-9
-12
-16
-16
-18
-20
-19
-20
-20
-19
-18
-19
-20
-21
-23
-23
-25
-27
-29
-30
-30
-31
-32
-33
-34
-37
-38
-38
-38
-38
-39
-40
-40
-40
-40
-39
-38
-36
-35
-34
-33
-30
-28
-25
-21
-19
-17
-13
-10
-6
-5
-2
1
4
5
6
9
11
13
15
17
19
22
25
26
28
28
29
29
29
29
28
28
28
26
26
25
24
23
23
23
22
22
21
21
22
21
22
22
24
23
22
20
20
18
16
13
11
9
5
4
1
-2
-3
-5
-5
-6
-7
-8
-9
-10
-10
-12
-13
-15
-17
-19
-19
-22
-23
-24
-25
-25
-26
-24
-24
-22
-20
-17
-14
-12
-9
-7
-7
-6
-5
-6
-6
-7
-8
-10
-12
-15
-15
-16
-17
-17
-19
-20
-20
-22
-24
-25
-27
-27
-26
-26
-26
-25
-25
-22
-19
-16
-12
-6
-2
4
9
15
22
29
34
39
44
49
52
54
56
56
58
58
58
55
53
50
47
44
42
40
37
34
31
28
26
22
19
16
13
11
8
7
5
5
5
4
4
4
5
4
3
4
4
4
3
1
-2
-6
-9
-14
-18
-23
-28
-33
-37
-41
-45
-49
-53
-55
-56
-58
-59
-62
-64
-65
-65
-67
-66
-68
-69
-66
-66
-62
-61
-58
-54
-49
-45
-40
-36
-31
-25
-19
-15
-10
-3
1
5
10
14
17
20
23
28
31
34
37
40
43
47
49
51
54
58
60
61
62
63
63
63
62
60
60
60
59
60
60
59
59
58
57
55
54
53
52
49
47
45
43
40
38
33
28
24
19
13
7
2
-6
-12
-19
-24
-29
-34
-39
-43
-46
-48
-51
-52
-55
-56
-57
-56
-57
-58
-58
-59
-58
-57
-58
-56
-55
-55
-54
-53
-52
-52
-50
-50
-48
-48
-47
-44
-43
-41
-40
-38
-36
-35
-32
-29
-25
-23
-18
-13
-9
-4
2
9
14
21
26
32
37
43
49
54
57
61
65
68
71
74
75
76
75
75
73
71
69
67
65
61
57
53
48
43
37
32
26
21
15
10
6
1
-4
-7
-11
-15
-18
-22
-24
-27
-29
-32
-35
-37
-39
-42
-44
-44
-45
-45
-45
-45
-45
-46
-46
-46
-45
-45
-42
-40
-40
-38
-34
-31
-27
-24
-19
-16
-12
-8
-5
-1
2
5
7
10
13
14
16
16
17
16
17
17
16
15
13
12
11
11
11
10
8
8
8
8
8
8
8
10
11
12
14
15
16
17
19
20
22
24
24
24
25
26
28
29
28
28
27
26
23
22
21
16
14
10
7
4
1
-1
-4
-8
-11
-12
-14
-16
-18
-19
-18
-21
-21
-23
-22
-23
-23
-22
-21
-20
-19
-17
-15
-14
-11
-9
-7
-5
-4
-2
0
-1
1
0
1
1
0
-1
-3
-4
-6
-9
-9
-11
-12
-12
-13
-14
-16
-14
-15
-13
-13
-12
-10
-9
-7
-4
-1
2
4
7
11
14
17
20
23
25
25
26
24
26
26
24
23
21
17
16
13
10
8
5
1
-1
-4
-6
-8
-10
-11
-13
-13
-15
-14
-15
-15
-13
-13
-10
-11
-8
-8
-6
-4
-4
-1
-1
0
1
2
2
3
3
3
4
3
3
0
1
0
0
1
1
-1
0
1
0
0
0
-1
1
1
1
2
3
3
3
4
4
4
5
5
6
6
5
5
6
5
4
3
2
0
-1
-1
-2
-3
-3
-3
-4
-5
-5
-6
-5
-8
-7
-8
-8
-10
-11
-11
-12
-12
-11
-11
-11
-10
-8
-6
-4
-1
2
3
5
9
8
10
12
12
13
14
15
16
15
17
18
20
22
22
23
23
23
22
21
20
18
16
14
10
7
4
0
-3
-6
-7
-11
-13
-16
-16
-17
-19
-20
-21
-20
-21
-20
-20
-19
-18
-17
-18
-17
-16
-16
-15
-14
-12
-13
-11
-9
-8
-9
-8
-7
-7
-5
-3
-3
-4
-3
-2
-1
1
1
2
2
4
5
6
6
6
6
7
7
8
10
8
8
8
8
7
8
7
8
8
7
5
5
6
7
7
7
8
8
9
9
9
9
10
10
10
9
10
8
7
7
5
4
4
4
3
3
2
1
-2
-5
-7
-7
-10
-12
-15
-17
-19
-20
-22
-23
-24
-24
-23
-22
-21
-20
-16
-14
-12
-8
-6
-4
-1
-1
0
2
2
5
6
7
8
8
8
10
10
12
13
12
13
13
13
13
13
12
12
12
12
11
11
11
11
10
10
11
11
11
12
12
12
11
12
11
11
10
9
9
8
7
7
5
3
1
-1
-3
-5
-6
-8
-10
-12
-13
-14
-14
-15
-17
-17
-19
-18
-18
-20
-21
-21
-21
-21
-20
-19
-19
-18
-18
-16
-15
-14
-13
-11
-10
-10
-8
-7
-6
-4
-2
-1
0
0
1
0
1
2
2
3
4
5
6
7
7
8
8
10
10
10
10
11
11
12
12
12
13
13
13
14
13
15
15
15
14
15
15
14
15
14
14
13
12
11
10
9
8
6
5
4
4
2
1
0
-2
-2
-3
-4
-5
-5
-5
-6
-8
-8
-9
-8
-7
-8
-8
-7
-7
-6
-4
-3
-3
-1
-2
-3
-5
-5
-7
-7
-9
-10
-11
-12
-12
-12
-13
-14
-15
-14
-14
-13
-12
-12
-13
-12
-10
-9
-8
-6
-5
-4
-4
-1
0
1
2
3
5
6
6
7
7
9
10
10
10
11
11
10
9
7
7
7
6
5
6
5
5
6
5
6
5
7
5
7
6
7
7
8
8
7
8
7
6
5
4
4
2
2
1
0
0
-2
-3
-4
-4
-4
-5
-6
-6
-6
-6
-5
-6
-5
-5
-4
-4
-4
-3
-1
0
2
3
3
4
5
6
7
6
4
4
4
4
2
2
1
0
-2
-2
-3
-3
-5
-6
-5
-5
-6
-6
-8
-8
-9
-9
-10
-9
-10
-9
-9
-9
-9
-9
-8
-8
-8
-7
-7
-6
-5
-5
-5
-5
-3
-4
-2
-2
-1
1
1
2
3
6
7
9
10
10
11
12
14
16
18
18
19
18
19
18
18
17
17
16
15
14
13
12
11
9
8
7
7
7
6
6
4
3
2
2
0
-1
-1
-2
-3
-3
-5
-5
-6
-7
-8
-9
-9
-11
-13
-13
-13
-15
-14
-16
-16
-18
-18
-18
-17
-18
-18
-19
-20
-21
-21
-21
-20
-20
-20
-21
-20
-20
-20
-19
-18
-16
-12
-11
-9
-7
-5
-4
-3
1
2
4
5
6
8
8
10
11
13
14
15
16
19
19
19
21
21
21
23
22
23
22
22
23
23
24
23
23
23
22
22
21
20
20
20
18
19
17
15
15
14
14
12
12
12
10
9
8
6
4
4
3
1
0
-4
-6
-8
-10
-12
-12
-16
-18
-20
-22
-23
-24
-24
-27
-27
-29
-29
-29
-31
-31
-31
-30
-30
-30
-28
-27
-26
-24
-23
-20
-17
-15
-13
-10
-7
-4
-3
0
2
3
7
8
9
10
11
13
14
13
14
14
14
13
13
13
13
14
14
14
13
12
12
10
9
9
9
9
8
9
7
8
8
8
9
8
8
9
10
8
8
7
6
6
5
3
4
3
2
1
0
0
-1
-2
-4
-4
-6
-6
-7
-9
-9
-10
-10
-9
-10
-10
-10
-11
-10
-11
-10
-10
-9
-8
-7
-7
-5
-3
-1
1
2
1
0
1
1
0
0
0
0
0
1
0
0
1
0
1
1
0
0
-1
-1
-3
-3
-4
-3
-3
-3
-2
0
1
0
2
2
2
4
4
6
7
9
10
12
13
14
14
15
15
14
13
12
11
11
9
9
9
8
5
5
3
0
-2
-2
-5
-6
-7
-8
-10
-12
-12
-12
-12
-13
-13
-13
-12
-12
-11
-10
-8
-8
-7
-6
-5
-3
-2
1
2
2
2
4
4
4
5
5
5
5
5
5
8
8
8
7
7
6
6
7
5
5
6
5
6
4
4
3
2
1
0
0
-2
-3
-5
-5
-9
-10
-11
-12
-14
-15
-15
-16
-17
-17
-18
-18
-18
-18
-17
-17
-16
-15
-12
-11
-9
-7
-5
-3
-3
0
1
2
3
5
6
7
9
10
11
12
13
12
13
14
13
12
12
14
13
13
12
11
11
12
12
12
12
12
12
12
10
9
10
9
9
9
8
9
9
9
9
8
8
7
6
6
4
3
1
1
0
-3
-3
-4
-5
-6
-7
-7
-9
-8
-7
-9
-9
-9
-11
-12
-11
-12
-13
-12
-13
-13
-12
-11
-12
-12
-13
-12
-12
-11
-10
-10
-8
-7
-8
-7
-7
-6
-6
-6
-5
-5
-2
-1
0
