-5
-5
-5
-4
-6
-5
-4
-4
-4
-3
-3
-2
-3
-1
-1
-1
0
1
1
2
2
2
3
2
2
3
3
3
2
3
3
3
2
3
3
2
2
2
0
-1
1
2
3
2
4
3
5
5
3
4
3
3
2
3
3
3
4
4
1
2
2
2
0
-1
-1
-1
-2
-4
-5
-6
-8
-7
-7
-7
-7
-6
-5
-5
-5
-5
-5
-4
-3
-2
-2
0
-2
-2
-3
-1
-2
0
0
1
1
2
2
0
1
-1
-1
-1
0
0
1
1
0
1
0
1
3
2
3
2
2
3
1
3
3
4
4
4
4
3
3
3
4
4
4
4
3
1
1
1
0
1
3
3
3
3
3
2
2
2
2
-1
0
1
0
-1
0
-1
-1
-1
0
0
-1
-1
1
-1
-2
-2
-2
-2
-4
-4
-5
-4
-5
-4
-2
-2
-1
-2
-1
-3
-2
-4
-2
-4
-3
-4
-4
-2
-4
0
0
-1
-1
0
1
1
4
3
1
2
1
1
2
2
3
2
3
2
2
1
3
0
0
1
3
4
3
2
1
3
2
2
3
3
4
4
3
4
4
3
2
1
-1
-1
0
-1
-1
-1
-1
-3
-1
-2
-2
-3
-3
-6
-5
-4
-5
-5
-2
-2
-1
-2
-2
-1
-3
-2
-1
-2
-2
0
-2
-3
-3
-2
-1
0
2
2
2
1
0
0
-2
-4
-3
-3
-3
-4
-3
-3
-2
-2
-1
-1
1
1
2
1
1
1
0
1
1
4
3
7
7
6
6
5
5
4
6
5
5
4
2
1
1
-1
-1
-1
-2
0
0
-1
0
2
0
0
0
1
1
-1
0
-1
0
1
1
0
-1
-1
-1
0
1
1
0
3
4
7
3
1
0
-1
-2
-1
2
1
1
-4
-6
-9
-9
-8
-5
-5
-6
-6
-4
-3
-2
-5
-5
-3
-2
0
1
1
-2
-4
-1
1
4
6
5
5
5
7
6
4
2
4
6
5
4
2
0
-2
1
2
4
4
4
3
5
7
7
4
5
9
6
4
6
5
5
3
-1
-4
-2
-1
-2
-2
-2
0
-1
-3
-2
-6
-9
-10
-10
-11
-9
-6
-8
-11
-12
-8
-12
-15
-9
-8
-11
-10
-5
-3
-8
-2
2
-3
-4
-6
-9
-6
-8
-6
-6
-5
-3
-4
1
0
-1
0
3
6
10
8
11
6
4
7
14
13
6
10
10
5
4
13
14
12
9
9
5
1
6
4
6
15
16
15
16
15
6
1
-2
-5
-4
3
8
8
1
2
5
-2
-1
3
3
-2
-4
1
-2
-3
3
2
-4
-2
-6
-10
-5
-5
-8
-9
-2
-1
-5
5
-1
-14
-17
-11
-9
-11
-13
-11
-14
-18
-18
-11
-3
-4
-4
-2
-1
0
3
4
8
2
-2
-3
0
-4
-5
0
0
-6
-2
10
7
1
2
2
-5
-4
5
6
4
5
3
5
6
0
1
3
-3
-8
3
16
12
11
14
13
4
-2
6
12
5
0
3
13
16
14
17
10
-1
1
5
4
4
6
0
-4
-4
-3
-7
-7
-7
-16
-16
-8
-12
-14
-7
-9
-19
-20
-10
-8
-8
-7
-8
-4
-5
-7
4
3
-6
-4
-5
-4
-4
-3
-5
-4
-6
0
-1
33
40
4
-4
-9
-21
-28
-19
-5
-4
-14
-3
-12
-9
-5
-20
-20
-25
-19
-2
10
17
19
17
21
14
24
35
39
39
20
13
20
3
-3
9
8
-7
-9
10
13
-1
5
6
2
4
1
9
7
-8
-6
4
14
20
17
25
28
12
3
8
16
12
6
12
6
-7
-6
8
7
-8
-3
1
-10
-9
-12
-19
-17
-23
-18
1
0
-8
-13
-21
-24
-33
-27
-16
-13
-15
-11
-6
-10
-23
-14
-2
-3
8
13
17
19
10
6
5
2
4
-1
7
12
-4
-4
-4
-10
-9
-8
-1
-7
-14
-4
-19
-20
-10
-15
-5
-9
-1
16
3
-3
0
-3
2
-1
2
5
-9
-5
3
3
9
1
1
11
-10
-18
-5
-1
7
1
48
87
48
23
10
-6
-30
-41
5
27
37
36
-33
-33
-33
-79
-59
-43
-43
-15
-7
16
12
-19
-26
-25
-13
8
33
65
64
39
31
3
-1
9
20
46
29
11
2
-16
-19
-30
-32
-6
-5
-2
12
16
16
5
-3
6
11
11
21
19
6
-8
3
21
27
47
42
11
-7
-19
-18
-8
-4
-3
-13
-35
-52
-56
-39
-43
-59
-47
-10
22
20
15
42
58
44
48
82
111
101
41
12
-9
-41
-63
-47
-20
-48
-65
-48
-70
-79
-85
-116
-82
-58
-62
-28
7
9
18
58
82
87
112
136
130
120
104
111
114
103
138
120
36
-13
-85
-102
-95
-155
-135
-120
-150
-143
-150
-134
-159
-189
-133
-97
-56
-26
-8
47
41
32
88
135
157
167
178
171
123
65
21
34
10
-25
-9
-8
-43
-88
-110
-105
-89
-81
-62
-27
-5
-24
-20
-1
10
13
25
57
78
84
75
44
16
12
12
15
14
14
-3
-29
-16
-26
-37
-26
-46
-44
-25
-42
-46
-17
2
-3
-1
45
70
31
2
17
35
18
22
54
76
51
26
37
28
-11
-22
-21
0
20
-4
-18
-3
-18
-30
3
45
32
0
17
35
30
15
4
12
17
1
19
29
-12
-50
-58
-45
-29
-21
-26
-26
-28
-53
-39
-2
-13
-3
22
20
42
58
43
33
1
-25
-9
2
3
9
-2
-39
-54
-62
-65
-59
-70
-62
-33
-49
-53
-34
-39
-34
-18
-10
17
28
20
47
90
73
47
63
54
24
41
54
36
39
-1
-32
-1
-7
-48
-24
-29
-63
-54
-39
-24
-30
-55
-51
-28
-15
27
31
9
16
10
5
48
79
70
59
51
43
36
36
7
-32
-31
-10
-21
-9
14
-16
-50
-50
-34
-21
-31
-39
-8
3
-10
-3
27
40
21
17
39
43
10
0
16
29
29
18
32
57
36
0
1
7
-12
-40
-15
12
-3
-27
-61
-77
-73
-84
-76
-37
-13
-36
-54
-14
23
23
29
49
49
43
39
53
75
67
44
35
47
63
48
-9
-22
-4
-36
-40
4
11
-7
-46
-89
-67
-51
-78
-63
-5
16
8
-3
14
18
-9
5
50
75
86
65
45
66
65
16
28
89
56
1
21
32
-26
-61
-59
-61
-39
-43
-56
-29
-34
-95
-101
-47
-22
-34
-22
28
49
25
21
34
7
-12
-11
4
54
52
-9
-14
13
-30
-67
-40
-28
-34
-22
2
29
37
1
-40
-36
-7
-19
-35
-4
16
-6
-20
3
15
0
-7
-7
10
36
43
33
44
62
31
2
33
44
0
-8
13
1
-14
-2
0
-5
8
-3
-19
-1
-2
-25
-6
27
26
21
20
-1
-10
12
12
-5
-3
-9
-21
-12
3
-10
-24
-16
-17
-24
-3
12
-13
-14
21
6
-11
9
-4
-27
-5
-3
-20
2
6
-32
-28
-8
-42
-63
-44
-44
-47
-16
11
7
0
-15
-33
-25
12
29
31
45
40
13
0
6
22
36
61
84
87
76
55
25
15
29
49
76
91
79
48
23
-5
-39
-53
-46
-42
-34
-7
-11
-53
-76
-67
-64
-37
14
30
21
21
24
18
24
46
46
47
54
24
19
42
28
4
25
41
5
-40
-60
-62
-59
-62
-46
-7
-17
-68
-90
-87
-106
-132
-115
-68
-22
-2
-23
-31
-29
-80
-107
-43
23
37
44
53
42
15
-8
2
32
57
66
74
94
92
49
15
25
52
52
38
33
12
-19
-34
-21
16
32
9
-6
6
-16
-52
-48
-39
-24
11
26
25
27
-12
-70
-52
9
39
65
107
112
79
30
-6
-9
18
38
62
85
53
-9
-53
-76
-69
-55
-49
-19
5
-22
-60
-67
-84
-113
-82
-27
11
38
19
-30
-61
-65
-67
-54
11
42
11
-4
-6
-14
-23
-28
-20
11
37
28
14
15
-10
-33
-6
34
56
48
21
0
4
6
11
54
80
48
17
21
20
6
5
11
25
45
41
23
12
-11
-52
-44
17
57
61
51
23
-13
-23
5
43
79
85
59
31
-11
-51
-53
-18
23
38
39
30
17
-8
-58
-84
-68
-34
6
41
44
1
-56
-89
-104
-77
-23
9
24
20
-19
-76
-93
-76
-71
-42
-16
-20
-19
-39
-83
-91
-67
-46
-14
38
39
2
-22
-45
-51
-19
27
67
83
47
-8
-4
9
-17
-25
9
62
90
66
24
19
20
-17
-24
38
83
87
70
48
12
-33
-33
18
80
99
65
34
23
8
3
26
53
47
27
23
20
-4
-46
-71
-66
-49
-16
50
106
79
-12
-67
-57
-14
11
5
2
26
19
-37
-64
-57
-93
-151
-144
-86
-47
-40
-76
-137
-126
-79
-101
-99
-17
1
-47
-30
40
73
41
-6
-6
33
38
30
63
72
39
46
94
110
90
52
12
28
56
35
24
68
84
63
67
59
6
-1
38
76
126
138
94
58
63
26
-23
5
55
47
-1
-3
66
61
-89
-196
-103
14
-52
-115
-22
36
-37
-151
-161
-46
5
-87
-117
-12
10
-96
-111
-41
-75
-89
-30
3
39
27
-63
-143
-107
-15
13
-14
-33
-24
28
3
-93
-77
12
40
28
32
45
89
89
0
-27
45
86
71
71
62
58
111
78
-41
9
150
118
-12
-35
61
108
29
-45
23
136
87
-51
-32
63
18
-70
-67
22
64
3
-45
-14
8
-51
-90
-39
1
-18
-21
-19
-26
-73
-111
-64
-19
-57
-93
-43
23
-18
-88
-61
-9
-40
-89
-38
49
39
-57
-95
-14
37
-32
-56
31
77
15
-63
-50
19
50
17
1
58
90
64
52
62
64
60
74
92
105
120
103
41
13
43
61
39
31
73
93
23
-48
-22
21
-25
-34
72
72
-38
-53
2
-9
-79
-88
-25
1
-51
-74
-35
-64
-148
-132
-29
-9
-81
-122
-77
-59
-131
-129
-25
7
-70
-90
-44
-38
-67
-61
-42
-55
-8
85
72
-39
-33
64
65
10
36
127
163
108
39
53
99
84
78
123
129
124
155
152
78
32
83
155
150
83
47
72
61
4
17
88
59
-28
-31
4
2
2
-24
-100
-93
-3
-17
-81
-60
-55
-142
-184
-127
-70
-89
-199
-244
-114
-48
-200
-311
-196
-110
-189
-230
-153
-95
-157
-204
-120
-34
-57
-69
2
31
-15
-15
53
101
105
100
97
88
106
153
174
163
151
187
243
246
197
178
195
208
229
226
205
224
279
277
193
136
154
160
94
64
150
188
64
-44
0
46
-3
-69
-106
-114
-99
-117
-153
-138
-162
-292
-366
-314
-265
-257
-249
-268
-295
-291
-343
-408
-318
-200
-212
-298
-319
-221
-139
-190
-274
-234
-150
-128
-91
-64
-82
-71
-40
-38
-14
51
105
104
84
104
166
192
168
208
315
389
375
357
423
502
489
459
525
608
595
555
562
561
524
476
441
415
383
352
291
173
69
21
-22
-91
-137
-148
-186
-273
-365
-418
-433
-412
-366
-368
-432
-453
-435
-441
-458
-498
-504
-403
-317
-340
-354
-313
-338
-415
-390
-307
-311
-351
-338
-336
-364
-366
-365
-401
-403
-362
-348
-343
-304
-245
-207
-193
-158
-43
117
224
292
406
555
684
780
889
1026
1104
1072
1028
1062
1122
1165
1196
1167
1080
1001
905
731
520
344
209
109
34
-44
-155
-306
-467
-581
-627
-634
-620
-591
-564
-552
-562
-588
-594
-582
-555
-489
-406
-347
-321
-299
-317
-427
-540
-536
-458
-426
-465
-510
-555
-636
-719
-762
-760
-721
-676
-660
-671
-686
-694
-681
-631
-553
-436
-251
17
307
542
704
770
728
675
756
991
1284
1515
1626
1641
1654
1695
1671
1518
1279
1058
955
974
1023
973
776
490
202
-31
-192
-286
-323
-330
-339
-370
-428
-511
-646
-788
-847
-772
-600
-423
-307
-261
-285
-358
-425
-442
-418
-380
-350
-351
-397
-452
-504
-566
-660
-765
-824
-839
-881
-994
-1118
-1148
-1068
-995
-1002
-1021
-993
-938
-874
-770
-602
-413
-242
-39
278
663
956
1042
952
855
927
1206
1551
1808
1913
1889
1798
1685
1595
1547
1505
1389
1214
1051
921
783
610
401
164
-69
-236
-278
-217
-162
-205
-335
-465
-537
-562
-549
-515
-475
-425
-380
-353
-342
-318
-262
-205
-194
-237
-296
-347
-395
-445
-491
-536
-604
-701
-808
-888
-950
-1027
-1133
-1245
-1313
-1303
-1236
-1197
-1239
-1307
-1317
-1231
-1086
-932
-796
-674
-539
-347
-52
356
816
1177
1275
1118
965
1090
1473
1840
2004
2036
2075
2104
2030
1862
1676
1484
1275
1121
1113
1166
1076
732
258
-138
-344
-342
-192
-19
45
-55
-247
-443
-593
-667
-634
-484
-295
-142
-67
-86
-198
-345
-426
-385
-271
-188
-187
-261
-373
-486
-580
-662
-762
-863
-918
-920
-913
-959
-1084
-1244
-1357
-1346
-1247
-1180
-1230
-1363
-1458
-1419
-1242
-1004
-818
-737
-713
-639
-454
-189
160
638
1158
1481
1446
1234
1192
1421
1745
1996
2194
2397
2492
2373
2133
1926
1773
1568
1339
1232
1240
1211
977
544
52
-338
-494
-398
-198
-93
-190
-414
-640
-799
-848
-797
-673
-529
-419
-357
-364
-435
-506
-527
-468
-366
-275
-237
-299
-436
-571
-649
-690
-757
-858
-952
-1018
-1045
-1073
-1151
-1275
-1385
-1388
-1299
-1239
-1280
-1352
-1352
-1264
-1129
-968
-806
-677
-587
-476
-270
12
356
790
1256
1556
1540
1353
1311
1505
1787
2019
2230
2453
2537
2380
2111
1905
1797
1644
1441
1307
1238
1116
830
435
67
-210
-366
-403
-366
-316
-348
-474
-631
-769
-831
-819
-736
-607
-491
-417
-402
-430
-421
-355
-265
-202
-207
-257
-340
-439
-520
-589
-661
-773
-922
-1042
-1104
-1115
-1133
-1225
-1375
-1486
-1473
-1368
-1307
-1344
-1414
-1432
-1374
-1262
-1112
-955
-806
-653
-447
-163
173
578
1022
1349
1407
1287
1284
1545
1889
2123
2268
2422
2532
2460
2272
2137
2071
1955
1736
1538
1417
1271
1016
666
322
46
-141
-219
-234
-264
-360
-517
-658
-749
-783
-763
-721
-641
-546
-467
-419
-411
-381
-294
-200
-128
-101
-122
-199
-342
-478
-549
-594
-687
-868
-1081
-1237
-1313
-1349
-1416
-1546
-1687
-1763
-1743
-1689
-1683
-1707
-1702
-1623
-1487
-1334
-1187
-1056
-918
-716
-427
-61
327
761
1202
1509
1555
1431
1429
1696
2096
2422
2622
2748
2764
2592
2354
2223
2204
2134
1914
1670
1496
1346
1098
722
323
-13
-234
-316
-306
-296
-368
-532
-683
-764
-768
-736
-697
-623
-524
-436
-382
-359
-312
-232
-168
-143
-159
-192
-247
-346
-454
-537
-622
-773
-1009
-1242
-1372
-1402
-1427
-1535
-1710
-1859
-1914
-1882
-1834
-1826
-1839
-1824
-1746
-1606
-1419
-1231
-1080
-940
-717
-358
86
537
986
1355
1523
1474
1419
1590
1963
2327
2552
2693
2788
2753
2577
2405
2327
2276
2140
1935
1750
1566
1317
975
600
260
-16
-201
-274
-280
-295
-363
-480
-594
-680
-728
-721
-651
-524
-397
-332
-322
-319
-271
-203
-178
-186
-200
-213
-242
-310
-398
-516
-706
-972
-1243
-1410
-1446
-1431
-1462
-1585
-1760
-1902
-1970
-1973
-1951
-1925
-1886
-1819
-1722
-1593
-1451
-1328
-1233
-1099
-826
-400
95
560
975
1291
1432
1407
1408
1627
2036
2417
2631
2711
2721
2654
2515
2409
2387
2351
2188
1930
1687
1489
1268
982
654
334
63
-114
-174
-168
-177
-244
-344
-425
-476
-509
-513
-474
-382
-279
-209
-179
-157
-129
-122
-169
-230
-254
-262
-299
-395
-526
-685
-906
-1188
-1454
-1599
-1607
-1588
-1637
-1769
-1932
-2060
-2140
-2170
-2159
-2095
-1991
-1873
-1748
-1610
-1458
-1326
-1224
-1070
-762
-307
193
634
1043
1389
1560
1539
1512
1710
2115
2487
2681
2744
2771
2739
2612
2496
2446
2385
2196
1912
1684
1539
1371
1092
747
416
143
-59
-162
-179
-165
-189
-261
-333
-368
-376
-376
-349
-278
-187
-136
-146
-171
-176
-177
-216
-261
-284
-321
-415
-557
-691
-815
-991
-1246
-1501
-1644
-1668
-1684
-1776
-1931
-2077
-2164
-2197
-2200
-2163
-2085
-1976
-1875
-1790
-1685
-1534
-1373
-1230
-1046
-749
-356
38
422
833
1283
1602
1655
1560
1592
1880
2272
2563
2696
2743
2741
2655
2520
2452
2429
2303
2004
1690
1527
1460
1309
998
643
359
153
-9
-107
-101
-40
-44
-146
-265
-309
-296
-295
-299
-265
-196
-159
-190
-237
-250
-233
-228
-262
-343
-488
-683
-875
-1024
-1141
-1276
-1450
-1617
-1732
-1812
-1915
-2057
-2177
-2215
-2165
-2072
-1994
-1945
-1904
-1836
-1727
-1577
-1385
-1193
-1044
-897
-663
-328
22
333
671
1112
1552
1745
1647
1519
1627
1948
2274
2480
2585
2607
2511
2329
2227
2265
2244
2002
1641
1414
1359
1281
1071
813
599
386
134
-72
-102
37
188
193
84
-2
-18
-28
-72
-112
-89
-22
-9
-93
-192
-221
-222
-291
-445
-622
-775
-934
-1116
-1272
-1362
-1447
-1609
-1825
-1982
-2028
-2053
-2148
-2254
-2247
-2108
-1947
-1860
-1839
-1798
-1687
-1522
-1335
-1136
-956
-807
-654
-432
-144
143
405
698
1065
1437
1633
1579
1437
1460
1711
2024
2234
2333
2347
2263
2119
2046
2102
2105
1895
1597
1449
1442
1346
1100
895
810
668
365
112
153
402
553
480
334
280
241
120
14
56
168
141
-54
-247
-318
-345
-445
-605
-745
-887
-1118
-1417
-1645
-1704
-1672
-1699
-1839
-2009
-2111
-2146
-2179
-2224
-2220
-2097
-1889
-1708
-1621
-1603
-1569
-1461
-1298
-1103
-882
-661
-498
-400
-288
-95
158
408
660
964
1312
1533
1475
1244
1160
1391
1770
2032
2118
2144
2140
2046
1922
1918
2002
1974
1785
1611
1569
1525
1338
1112
1017
984
831
601
512
627
748
702
531
390
301
168
29
-3
42
-13
-237
-486
-600
-629
-714
-886
-1064
-1226
-1449
-1721
-1893
-1850
-1701
-1666
-1807
-1984
-2073
-2096
-2119
-2108
-1971
-1742
-1564
-1506
-1500
-1455
-1379
-1285
-1141
-908
-643
-474
-448
-460
-378
-199
-8
159
366
643
911
1094
1163
1131
1069
1128
1386
1726
1948
1996
1960
1937
1933
1956
2054
2154
2121
1941
1753
1661
1604
1502
1406
1388
1344
1146
862
720
786
883
830
638
446
276
68
-126
-194
-181
-259
-499
-771
-941
-1029
-1147
-1325
-1496
-1638
-1796
-1960
-2048
-2011
-1928
-1928
-2039
-2146
-2168
-2116
-2032
-1903
-1728
-1581
-1529
-1526
-1465
-1311
-1123
-956
-790
-613
-466
-392
-355
-266
-104
58
160
231
353
546
776
1012
1198
1240
1153
1114
1276
1569
1790
1872
1905
1961
2004
2022
2067
2125
2087
1940
1803
1774
1816
1808
1718
1598
1452
1254
1058
976
1022
1063
962
702
393
133
-76
-211
-257
-293
-450
-761
-1111
-1350
-1456
-1520
-1608
-1726
-1861
-2031
-2210
-2312
-2274
-2144
-2060
-2082
-2134
-2116
-2020
-1889
-1753
-1607
-1467
-1368
-1298
-1189
-1005
-801
-637
-516
-403
-281
-175
-101
-44
22
80
104
123
215
422
702
983
1167
1154
973
840
966
1306
1634
1815
1894
1939
1939
1917
1962
2073
2121
2040
1956
1997
2104
2094
1919
1707
1559
1432
1283
1186
1194
1185
1002
654
313
91
-72
-235
-364
-461
-642
-983
-1376
-1628
-1685
-1673
-1733
-1880
-2058
-2236
-2396
-2483
-2418
-2230
-2059
-2015
-2048
-2049
-1985
-1874
-1722
-1516
-1291
-1113
-1004
-927
-819
-676
-518
-370
-240
-122
-24
32
38
23
3
-19
-20
57
261
549
813
956
914
719
565
690
1097
1531
1763
1807
1801
1817
1854
1960
2177
2392
2432
2313
2233
2281
2325
2213
2010
1875
1796
1631
1369
1168
1085
978
705
324
7
-198
-392
-610
-795
-962
-1209
-1552
-1842
-1947
-1912
-1921
-2075
-2290
-2433
-2473
-2457
-2384
-2240
-2062
-1950
-1936
-1934
-1857
-1697
-1494
-1285
-1084
-908
-786
-731
-694
-599
-424
-231
-92
-35
-23
-18
-4
7
12
-6
-45
-53
42
246
480
679
793
769
639
593
816
1243
1602
1753
1802
1900
2046
2172
2316
2517
2658
2600
2423
2354
2444
2507
2378
2125
1882
1642
1336
1041
898
862
722
370
-69
-413
-635
-827
-1006
-1150
-1309
-1562
-1867
-2080
-2138
-2122
-2147
-2231
-2308
-2345
-2363
-2362
-2294
-2141
-1950
-1800
-1717
-1662
-1581
-1440
-1251
-1042
-850
-706
-620
-569
-507
-393
-249
-133
-84
-69
-39
-2
30
45
44
-6
-115
-183
-90
167
462
702
849
848
708
620
828
1296
1732
1939
2022
2135
2264
2332
2429
2628
2787
2737
2556
2472
2495
2424
2152
1829
1595
1382
1078
769
626
572
352
-101
-549
-776
-874
-1033
-1230
-1347
-1462
-1720
-2055
-2230
-2182
-2082
-2073
-2104
-2095
-2093
-2164
-2246
-2198
-1973
-1686
-1486
-1420
-1428
-1411
-1300
-1097
-856
-657
-533
-475
-472
-497
-454
-279
-51
70
69
63
84
44
-60
-107
-54
-30
-68
-13
234
531
738
865
901
793
691
920
1485
1975
2097
2045
2110
2255
2302
2380
2652
2890
2766
2374
2136
2155
2117
1831
1523
1387
1221
803
331
156
203
94
-290
-670
-846
-992
-1270
-1519
-1555
-1535
-1698
-1975
-2100
-2029
-1939
-1935
-1942
-1914
-1918
-1992
-2044
-1960
-1749
-1509
-1344
-1284
-1287
-1281
-1179
-966
-709
-518
-431
-403
-401
-413
-362
-161
129
290
230
101
49
28
-5
31
137
150
20
-49
142
470
749
970
1074
934
697
802
1355
1898
2015
1909
1959
2135
2180
2188
2413
2656
2515
2047
1759
1827
1879
1632
1293
1121
960
563
95
-75
31
32
-273
-677
-939
-1121
-1337
-1474
-1398
-1278
-1392
-1719
-1951
-1920
-1759
-1652
-1621
-1615
-1664
-1792
-1904
-1860
-1649
-1388
-1206
-1147
-1177
-1223
-1197
-1043
-789
-535
-374
-338
-378
-407
-329
-117
143
293
276
189
138
114
99
165
301
344
199
67
178
493
768
979
1167
1180
906
681
957
1596
1986
1918
1791
1893
2011
1947
1958
2202
2312
1989
1543
1445
1574
1487
1143
895
828
619
169
-176
-155
-23
-159
-556
-891
-1031
-1135
-1274
-1304
-1185
-1166
-1415
-1746
-1845
-1705
-1558
-1543
-1589
-1627
-1698
-1827
-1923
-1843
-1569
-1256
-1134
-1232
-1352
-1298
-1080
-831
-598
-379
-250
-285
-368
-278
25
336
468
449
424
427
386
314
349
514
612
471
236
190
391
657
901
1150
1212
894
479
566
1187
1721
1736
1545
1557
1675
1641
1607
1847
2102
1948
1494
1254
1340
1352
1104
883
870
755
290
-200
-265
-27
16
-297
-648
-801
-933
-1176
-1307
-1130
-925
-1081
-1516
-1788
-1724
-1578
-1566
-1606
-1563
-1545
-1714
-1977
-2029
-1740
-1327
-1113
-1152
-1213
-1145
-990
-826
-593
-273
-17
23
-55
-4
243
516
660
712
752
748
640
488
463
607
728
623
344
146
132
233
388
661
953
913
451
65
295
950
1353
1268
1121
1220
1350
1283
1266
1559
1844
1688
1259
1092
1231
1244
987
808
850
730
244
-196
-138
166
159
-234
-603
-733
-844
-1079
-1194
-1020
-876
-1121
-1608
-1850
-1721
-1551
-1582
-1662
-1616
-1603
-1804
-2041
-1944
-1497
-1074
-973
-1066
-1065
-920
-748
-561
-256
102
301
284
259
398
618
757
834
936
1009
925
698
524
548
697
730
514
153
-88
-99
28
178
375
591
565
177
-191
-11
615
1049
978
810
946
1192
1188
1101
1333
1712
1710
1293
1024
1158
1308
1154
951
974
938
530
44
8
318
360
-74
-537
-653
-660
-884
-1155
-1130
-976
-1138
-1613
-1910
-1793
-1597
-1650
-1803
-1770
-1670
-1766
-1954
-1856
-1417
-1021
-950
-1013
-902
-649
-444
-283
-16
300
467
471
522
708
873
901
887
948
989
874
638
459
437
494
432
163
-187
-396
-389
-294
-198
-56
168
236
-36
-387
-291
290
800
849
728
870
1152
1209
1129
1357
1804
1910
1525
1211
1349
1584
1496
1252
1217
1205
843
298
136
402
508
94
-484
-707
-677
-831
-1195
-1346
-1206
-1212
-1611
-2026
-2022
-1770
-1703
-1858
-1881
-1714
-1652
-1791
-1801
-1428
-931
-705
-738
-673
-386
-102
19
132
396
697
831
809
816
899
932
872
824
838
794
581
280
99
101
113
-86
-450
-730
-777
-721
-701
-652
-424
-109
-46
-312
-522
-260
318
717
784
851
1115
1346
1341
1369
1739
2143
2103
1712
1545
1751
1899
1708
1448
1396
1298
860
324
180
369
334
-152
-673
-822
-827
-1099
-1510
-1595
-1384
-1392
-1797
-2136
-2040
-1764
-1724
-1851
-1771
-1480
-1327
-1417
-1396
-1020
-544
-347
-386
-292
28
315
389
427
614
853
929
841
761
755
744
662
557
471
374
184
-86
-305
-360
-331
-439
-739
-1030
-1092
-965
-840
-758
-562
-174
95
-47
-360
-228
437
1044
1161
1123
1373
1706
1699
1555
1847
2402
2483
1942
1522
1692
1966
1766
1317
1175
1195
826
124
-228
-30
96
-332
-924
-1096
-1032
-1289
-1775
-1858
-1481
-1312
-1704
-2156
-2100
-1713
-1529
-1594
-1496
-1156
-969
-1122
-1217
-871
-318
-59
-142
-137
154
439
451
370
479
723
806
637
433
379
401
329
168
70
56
-45
-339
-628
-660
-519
-535
-814
-1061
-1029
-839
-751
-694
-433
40
343
209
-76
48
651
1215
1378
1390
1581
1790
1742
1650
1949
2445
2484
1968
1543
1629
1838
1672
1283
1131
1135
824
175
-272
-209
-48
-260
-718
-988
-1060
-1272
-1638
-1742
-1456
-1233
-1444
-1850
-1938
-1661
-1390
-1337
-1290
-1059
-827
-852
-1008
-925
-515
-115
-8
-44
55
246
274
134
110
332
562
504
209
-22
-42
-12
-79
-157
-128
-119
-357
-726
-859
-656
-463
-571
-820
-883
-740
-613
-559
-358
77
505
574
327
208
536
1083
1402
1457
1552
1752
1791
1647
1687
2100
2422
2190
1647
1418
1590
1666
1386
1066
1001
921
464
-153
-380
-181
-97
-434
-872
-1033
-1075
-1328
-1650
-1620
-1286
-1161
-1481
-1851
-1809
-1458
-1221
-1197
-1108
-867
-758
-937
-1075
-798
-274
3
-90
-178
-33
132
74
-55
50
351
477
242
-108
-227
-115
-27
-61
-82
-56
-191
-554
-830
-694
-330
-209
-459
-718
-705
-538
-449
-337
-2
476
698
488
196
300
798
1233
1367
1415
1567
1639
1498
1434
1786
2279
2298
1795
1366
1394
1563
1462
1196
1102
1082
748
129
-260
-157
39
-117
-533
-819
-932
-1144
-1478
-1589
-1334
-1084
-1227
-1637
-1842
-1657
-1347
-1190
-1132
-1005
-881
-954
-1136
-1074
-652
-210
-111
-241
-244
-71
16
-73
-80
163
425
364
27
-209
-138
37
74
7
-34
-100
-330
-590
-596
-328
-136
-263
-555
-682
-601
-481
-401
-225
108
450
530
319
131
306
800
1232
1395
1419
1460
1460
1431
1574
1998
2335
2172
1665
1372
1494
1653
1534
1286
1177
1061
649
81
-182
-49
44
-221
-646
-910
-1067
-1348
-1641
-1617
-1319
-1207
-1511
-1901
-1943
-1660
-1391
-1302
-1231
-1074
-1007
-1143
-1233
-958
-437
-114
-154
-241
-107
100
119
39
139
417
560
398
123
17
87
143
126
117
101
-73
-393
-588
-476
-248
-240
-484
-704
-725
-641
-584
-507
-285
65
390
476
315
175
364
858
1330
1549
1565
1516
1475
1558
1878
2326
2487
2174
1700
1527
1656
1727
1556
1312
1135
889
445
-23
-245
-259
-334
-574
-857
-1108
-1400
-1737
-1914
-1798
-1581
-1562
-1776
-1987
-1980
-1767
-1493
-1284
-1138
-1027
-978
-983
-903
-612
-207
65
110
109
233
409
448
366
357
498
631
564
322
111
34
27
20
13
-47
-263
-583
-769
-680
-494
-483
-667
-834
-846
-748
-628
-495
-278
51
442
678
629
472
573
1038
1570
1853
1882
1825
1784
1820
2013
2340
2478
2193
1700
1449
1526
1562
1295
906
652
444
63
-422
-726
-798
-873
-1083
-1318
-1480
-1660
-1922
-2087
-1979
-1727
-1614
-1727
-1849
-1755
-1470
-1170
-960
-783
-604
-497
-488
-429
-173
200
448
475
443
508
594
553
410
358
469
569
453
158
-98
-210
-243
-259
-254
-287
-482
-793
-963
-841
-607
-529
-614
-690
-659
-577
-464
-284
9
376
767
1054
1086
909
852
1174
1709
2046
2017
1834
1733
1766
1876
2043
2125
1908
1421
1018
934
958
773
403
108
-88
-408
-886
-1250
-1296
-1196
-1209
-1367
-1542
-1693
-1871
-1986
-1852
-1499
-1227
-1227
-1358
-1333
-1082
-750
-484
-279
-119
-67
-128
-151
28
343
580
618
552
510
481
373
205
120
177
254
186
-49
-303
-446
-481
-464
-430
-434
-548
-726
-791
-635
-395
-296
-359
-411
-342
-201
-36
169
442
742
1045
1277
1307
1117
960
1137
1584
1905
1857
1600
1417
1403
1474
1569
1589
1363
890
453
320
386
336
78
-206
-419
-691
-1068
-1352
-1356
-1187
-1085
-1134
-1260
-1392
-1530
-1574
-1384
-1008
-717
-705
-863
-914
-717
-380
-91
67
107
38
-87
-128
26
301
489
463
304
161
91
34
-54
-127
-127
-84
-109
-259
-456
-575
-578
-509
-419
-362
-395
-498
-530
-368
-102
55
38
-12
34
163
305
445
611
821
1080
1328
1381
1138
809
785
1142
1514
1543
1271
982
838
817
887
982
888
515
90
-68
21
45
-133
-355
-486
-633
-897
-1134
-1149
-980
-824
-774
-802
-881
-1013
-1090
-945
-598
-311
-292
-466
-584
-504
-273
-10
167
192
55
-146
-245
-148
67
228
216
69
-74
-118
-108
-155
-257
-296
-214
-121
-156
-307
-428
-425
-323
-170
-31
-8
-120
-202
-60
247
439
376
231
220
342
460
522
554
596
693
904
1111
1020
588
227
364
827
1054
829
466
284
290
369
510
606
429
17
-256
-149
73
41
-204
-359
-371
-471
-725
-891
-773
-528
-411
-452
-519
-597
-719
-765
-572
-256
-128
-294
-524
-558
-385
-148
30
100
23
-179
-356
-349
-146
86
167
69
-81
-142
-93
-32
-57
-128
-132
-31
71
59
-46
-125
-107
9
177
285
225
63
52
291
543
513
271
117
180
309
359
329
267
230
345
649
829
535
-45
-271
108
600
644
309
34
15
115
255
436
464
173
-203
-228
75
232
12
-285
-333
-272
-394
-632
-660
-429
-234
-254
-346
-377
-431
-557
-560
-313
-64
-104
-352
-464
-317
-100
30
96
130
35
-198
-347
-215
93
288
236
56
-63
-56
26
97
84
-3
-47
35
151
155
50
-36
-10
123
272
312
182
22
71
330
485
310
-9
-129
10
176
198
92
-41
-108
24
355
525
191
-403
-574
-119
378
356
-7
-194
-77
80
169
265
256
6
-267
-185
157
270
-23
-335
-320
-155
-198
-408
-430
-202
-37
-97
-197
-185
-172
-246
-234
-23
171
94
-139
-188
14
232
294
253
210
129
-13
-83
56
305
408
262
42
-46
27
136
165
77
-58
-118
-57
38
55
5
-46
-64
-25
67
120
36
-77
-4
209
241
-28
-312
-291
-51
85
12
-151
-289
-365
-256
97
339
55
-549
-758
-307
195
167
-143
-205
-16
41
-39
25
160
65
-162
-120
192
291
-9
-277
-142
144
120
-145
-195
58
229
143
52
153
237
126
40
197
421
392
164
81
243
424
427
339
319
312
180
18
59
290
406
236
-18
-95
-19
22
-38
-120
-174
-207
-209
-182
-165
-176
-200
-223
-210
-144
-105
-186
-304
-264
-85
-46
-280
-521
-462
-206
-113
-278
-465
-510
-495
-442
-183
126
12
-575
-916
-507
114
173
-176
-243
21
81
-129
-88
266
397
131
-31
228
490
335
56
170
551
617
251
27
276
596
566
372
412
557
457
230
269
562
666
432
209
280
459
442
274
227
319
288
59
-96
9
165
98
-106
-191
-162
-194
-314
-368
-321
-284
-321
-375
-372
-320
-303
-362
-423
-386
-293
-284
-373
-411
-343
-317
-448
-599
-554
-365
-294
-450
-628
-638
-567
-577
-532
-257
-21
-253
-747
-806
-293
131
67
-74
69
206
41
-67
296
786
809
447
313
588
829
756
656
814
982
800
481
504
823
958
768
620
691
713
512
335
433
636
625
375
147
102
143
126
76
86
74
-96
-352
-447
-329
-218
-265
-387
-469
-528
-596
-620
-559
-459
-425
-484
-562
-571
-510
-479
-506
-497
-402
-337
-407
-522
-529
-449
-418
-464
-503
-485
-474
-523
-585
-571
-518
-556
-674
-633
-326
-76
-218
-542
-550
-187
144
244
295
357
292
197
397
888
1194
1024
699
685
994
1240
1231
1141
1130
1105
963
842
890
996
974
860
783
717
550
357
312
413
481
359
71
-202
-290
-190
-79
-107
-253
-438
-613
-714
-678
-546
-477
-555
-701
-810
-832
-771
-665
-581
-570
-620
-682
-694
-621
-522
-493
-530
-529
-452
-406
-466
-548
-539
-451
-383
-387
-445
-522
-579
-582
-524
-451
-455
-568
-654
-514
-159
82
-17
-246
-211
128
467
616
657
681
687
747
969
1303
1461
1324
1120
1158
1407
1571
1499
1350
1298
1287
1171
988
911
933
915
791
633
488
329
170
73
85
127
29
-238
-490
-534
-428
-395
-521
-686
-792
-872
-947
-946
-864
-833
-921
-1034
-1055
-977
-883
-839
-846
-860
-845
-803
-741
-672
-633
-633
-627
-567
-493
-483
-524
-522
-435
-334
-307
-351
-417
-450
-426
-364
-308
-307
-368
-447
-431
-220
86
242
136
-4
98
420
715
858
924
981
1009
1059
1234
1484
1618
1526
1388
1403
1537
1585
1482
1381
1357
1293
1104
900
825
824
745
586
432
311
153
-49
-177
-171
-137
-254
-514
-707
-700
-611
-628
-746
-844
-904
-982
-1045
-1014
-934
-925
-1009
-1071
-1019
-915
-869
-891
-915
-879
-795
-709
-648
-613
-596
-585
-545
-469
-392
-351
-311
-258
-219
-218
-221
-196
-157
-147
-174
-201
-194
-161
-155
-181
-192
-142
-65
-5
76
223
369
413
415
534
767
951
1015
1048
1157
1314
1416
1451
1496
1573
1588
1495
1397
1389
1399
1315
1152
1007
894
755
606
497
416
270
52
-154
-268
-306
-361
-493
-656
-763
-801
-828
-868
-898
-920
-956
-991
-988
-958
-937
-925
-900
-862
-840
-845
-856
-842
-781
-695
-639
-641
-664
-657
-606
-536
-475
-440
-424
-399
-351
-308
-290
-275
-243
-208
-198
-210
-227
-217
-174
-127
-108
-112
-104
-67
-21
20
70
136
207
288
418
582
712
775
820
912
1069
1218
1310
1360
1434
1530
1584
1573
1530
1486
1434
1373
1313
1240
1119
956
787
654
526
370
182
-3
-161
-283
-389
-506
-632
-743
-835
-913
-966
-996
-1014
-1028
-1037
-1033
-1012
-983
-954
-934
-915
-884
-832
-774
-733
-723
-725
-713
-670
-611
-573
-569
-571
-539
-472
-405
-366
-363
-375
-368
-322
-250
-194
-180
-183
-167
-124
-85
-77
-88
-77
-28
40
86
94
95
130
208
306
403
474
511
531
593
725
876
972
1001
1035
1125
1241
1309
1322
1308
1301
1301
1304
1304
1279
1199
1070
938
829
726
603
463
315
169
24
-122
-265
-395
-511
-621
-723
-799
-848
-889
-933
-963
-964
-957
-959
-964
-954
-923
-876
-819
-773
-757
-760
-749
-703
-637
-586
-570
-579
-571
-520
-449
-386
-350
-343
-347
-333
-284
-214
-167
-153
-152
-135
-103
-80
-74
-76
-60
-24
8
20
27
50
85
126
176
231
269
291
320
385
474
557
618
665
722
798
874
929
972
1015
1061
1093
1118
1142
1148
1118
1060
1002
946
875
779
665
544
429
315
183
35
-109
-232
-335
-425
-501
-584
-670
-739
-771
-779
-792
-813
-837
-852
-845
-810
-764
-731
-717
-706
-681
-645
-607
-577
-551
-514
-467
-424
-397
-382
-360
-320
-276
-246
-235
-232
-225
-204
-176
-154
-146
-155
-165
-160
-139
-111
-90
-81
-71
-54
-25
11
53
94
128
157
190
226
273
327
381
435
482
525
566
605
648
702
755
796
824
847
873
888
883
864
843
817
772
717
663
606
533
438
340
258
187
116
41
-36
-119
-205
-277
-327
-362
-400
-451
-499
-533
-551
-558
-563
-571
-580
-583
-580
-574
-559
-537
-513
-487
-460
-443
-434
-422
-398
-365
-335
-321
-314
-307
-297
-283
-267
-252
-249
-261
-272
-271
-256
-240
-226
-219
-217
-216
-205
-185
-161
-136
-105
-67
-32
-3
25
63
109
158
207
254
298
336
380
439
505
563
606
642
670
692
717
745
766
765
745
723
703
676
631
576
518
461
400
343
288
232
169
104
47
-7
-61
-115
-161
-199
-238
-273
-302
-319
-329
-342
-361
-376
-379
-373
-364
-352
-334
-325
-326
-325
-309
-283
-268
-264
-259
-251
-248
-250
-246
-238
-236
-248
-268
-290
-306
-312
-307
-305
-310
-324
-338
-346
-343
-330
-317
-305
-296
-287
-270
-246
-211
-174
-138
-100
-58
-14
31
78
129
183
239
296
342
381
421
462
500
531
552
560
558
554
549
537
523
503
478
449
420
394
367
332
299
271
245
216
192
169
142
112
80
53
32
14
-5
-23
-38
-49
-59
-63
-65
-68
-72
-81
-85
-88
-92
-99
-105
-108
-117
-136
-153
-164
-172
-184
-203
-227
-252
-270
-284
-297
-307
-324
-346
-369
-387
-393
-394
-397
-403
-406
-408
-411
-406
-391
-368
-344
-322
-297
-265
-228
-184
-138
-92
-47
-5
38
86
134
173
204
230
257
279
297
312
326
336
336
332
328
328
330
330
326
321
309
297
288
289
294
287
271
255
249
245
236
224
217
212
202
193
184
176
170
161
156
155
148
134
119
108
98
84
63
39
17
2
-15
-45
-73
-97
-120
-145
-174
-200
-225
-254
-281
-307
-331
-357
-383
-404
-420
-433
-452
-468
-476
-476
-471
-459
-441
-419
-399
-375
-345
-312
-275
-237
-199
-160
-120
-79
-45
-17
9
29
49
71
91
108
121
128
132
136
145
155
165
171
174
178
184
198
220
237
245
251
260
273
288
299
307
314
322
334
344
347
346
344
343
345
341
330
311
293
280
268
247
219
186
156
126
97
69
42
18
-8
-40
-71
-94
-118
-143
-169
-190
-211
-234
-260
-281
-296
-309
-323
-336
-346
-352
-352
-348
-342
-332
-314
-300
-292
-283
-263
-240
-216
-191
-171
-154
-142
-130
-114
-93
-77
-70
-63
-52
-40
-35
-36
-29
-19
-11
-2
9
21
26
34
51
73
91
103
113
126
144
165
181
193
208
224
238
245
254
261
262
260
257
254
247
234
223
209
198
184
166
146
125
105
86
71
56
41
22
1
-13
-23
-35
-51
-62
-68
-74
-81
-86
-96
-105
-114
-119
-123
-126
-130
-139
-146
-146
-140
-134
-135
-135
-135
-137
-136
-128
-119
-117
-121
-123
-119
-114
-112
-114
-111
-103
-95
-94
-95
-93
-89
-81
-70
-55
-46
-44
-41
-29
-10
7
22
36
43
52
67
85
98
112
126
139
151
163
169
174
179
185
188
183
180
174
166
153
145
142
132
115
96
84
74
66
54
40
30
23
15
5
0
0
0
-3
-6
-7
-9
-17
-22
-21
-20
-21
-28
-41
-50
-51
-52
-59
-65
-69
-78
-92
-102
-101
-102
-110
-118
-124
-126
-128
-130
-131
-129
-121
-115
-114
-113
-108
-102
-94
-84
-71
-59
-56
-52
-43
-30
-17
-8
0
5
9
14
22
30
39
47
56
62
69
74
80
85
89
94
94
93
93
91
91
93
94
87
83
81
79
74
70
67
63
57
55
49
45
41
37
38
36
36
33
28
23
22
21
16
13
10
1
-9
-14
-17
-22
-29
-34
-45
-57
-63
-66
-71
-83
-89
-92
-98
-102
-102
-102
-102
-100
-94
-91
-89
-84
-77
-69
-60
-51
-44
-41
-36
-25
-16
-6
1
6
8
12
19
25
28
27
30
35
38
41
45
48
53
55
56
55
57
62
62
63
62
62
62
63
66
68
64
63
63
63
61
60
60
53
47
43
40
34
27
22
18
18
17
9
1
-5
-5
-5
-9
-15
-23
-30
-34
-36
-37
-42
-50
-56
-60
-62
-65
-69
-73
-74
-72
-70
-72
-73
-72
-67
-64
-59
-57
-54
-53
-51
-46
-43
-41
-38
-34
-27
-20
-16
-14
-11
-3
7
14
14
18
24
27
28
31
37
40
40
39
40
44
48
48
47
49
52
50
49
51
56
53
48
48
50
51
48
45
44
45
45
41
35
33
32
28
25
24
22
12
5
6
10
8
-1
-11
-16
-19
-23
-30
-36
-38
-42
-47
-51
-55
-58
-61
-61
-61
-59
-62
-67
-67
-64
-58
-53
-53
-52
-51
-50
-46
-41
-39
-37
-36
-31
-25
-21
-20
-17
-12
-3
3
3
6
11
18
23
29
33
37
40
42
45
51
53
58
63
64
61
62
66
69
71
68
62
58
58
60
57
54
51
46
40
36
35
35
30
24
21
20
18
11
4
3
5
2
-6
-15
-20
-25
-29
-33
-37
-46
-57
-66
-68
-71
-74
-80
-85
-85
-88
-92
-96
-95
-93
-91
-92
-91
-91
-88
-82
-75
-65
-60
-57
-53
-44
-34
-25
-19
-12
-3
5
12
19
24
29
36
41
48
54
57
62
65
70
77
79
81
85
89
92
95
98
102
102
101
102
104
105
104
101
99
96
93
89
86
83
78
70
61
57
55
48
39
32
25
17
10
-2
-14
-23
-29
-37
-48
-56
-69
-82
-91
-96
-102
-113
-122
-129
-135
-138
-141
-146
-148
-150
-149
-149
-149
-148
-144
-139
-133
-129
-124
-121
-114
-107
-95
-87
-78
-70
-64
-54
-43
-32
-23
-15
-5
4
14
24
33
42
50
59
68
76
82
92
102
111
121
130
139
145
151
159
164
170
173
177
178
178
178
179
177
175
172
165
159
153
148
141
130
118
107
98
91
80
65
47
35
23
7
-9
-23
-40
-57
-70
-81
-92
-107
-120
-133
-141
-148
-156
-167
-176
-183
-187
-191
-198
-202
-206
-208
-204
-199
-196
-194
-189
-183
-174
-166
-160
-153
-143
-134
-124
-118
-111
-101
-90
-78
-66
-56
-48
-36
-24
-9
4
17
28
39
53
65
79
93
108
122
137
151
164
179
194
208
221
231
240
247
253
259
263
266
265
260
255
247
240
231
220
208
194
175
156
140
125
106
84
63
43
20
-2
-22
-42
-60
-79
-97
-115
-131
-145
-158
-168
-180
-191
-207
-222
-232
-237
-245
-251
-257
-263
-265
-266
-266
-262
-254
-246
-239
-233
-225
-215
-204
-191
-180
-167
-155
-144
-130
-114
-97
-78
-62
-44
-25
-7
14
34
54
76
95
114
133
153
171
190
206
225
243
259
273
286
298
308
320
327
332
334
332
328
323
317
306
292
273
252
233
210
186
160
133
104
72
41
11
-19
-46
-76
-103
-127
-151
-176
-197
-212
-225
-238
-251
-262
-271
-279
-285
-290
-293
-291
-292
-292
-290
-283
-275
-266
-258
-247
-236
-224
-212
-199
-183
-167
-151
-137
-120
-104
-89
-74
-56
-37
-17
1
18
36
56
79
100
120
141
159
178
194
211
229
246
260
272
281
290
298
305
311
316
318
318
316
313
309
301
293
283
266
248
230
209
187
162
136
106
73
41
8
-23
-54
-82
-112
-139
-167
-194
-221
-243
-260
-275
-288
-299
-308
-318
-325
-324
-321
-316
-310
-303
-298
-289
-276
-264
-249
-234
-219
-206
-191
-175
-155
-135
-115
-95
-78
-62
-45
-27
-9
10
29
45
59
73
88
106
122
139
155
170
181
192
203
219
228
237
243
248
252
255
258
260
259
257
252
247
241
236
228
220
211
198
183
165
150
135
118
95
71
48
25
2
-22
-47
-68
-92
-115
-140
-161
-180
-196
-211
-223
-234
-245
-255
-262
-267
-268
-267
-267
-264
-257
-250
-243
-234
-221
-207
-192
-177
-162
-146
-128
-110
-94
-77
-59
-41
-27
-13
3
17
31
43
57
71
85
97
108
119
128
140
153
161
168
172
177
182
186
188
188
188
189
187
186
184
180
176
171
164
156
147
138
130
124
115
104
89
76
66
54
41
28
14
1
-14
-29
-41
-54
-67
-80
-94
-106
-118
-128
-140
-151
-159
-167
-174
-179
-182
-184
-188
-191
-191
-186
-181
-174
-169
-164
-158
-151
-139
-128
-116
-104
-95
-85
-73
-59
-48
-37
-24
-10
3
13
22
33
46
58
68
78
87
94
102
109
117
125
129
132
135
137
140
141
142
145
144
140
138
137
134
130
126
121
116
110
103
98
93
86
77
67
60
53
44
34
23
17
8
-1
-13
-23
-32
-41
-53
-64
-72
-81
-91
-100
-108
-117
-126
-133
-139
-142
-147
-153
-157
-157
-155
-155
-154
-149
-144
-139
-134
-128
-118
-110
-102
-94
-82
-71
-60
-48
-37
-24
-10
1
13
24
36
46
56
65
72
81
88
97
104
107
109
111
114
119
119
118
119
118
120
117
115
114
115
114
111
107
103
98
95
90
87
83
77
70
63
57
50
42
37
30
23
14
3
-4
-10
-18
-27
-37
-46
-53
-62
-70
-78
-84
-92
-100
-106
-113
-116
-120
-123
-124
-125
-127
-129
-128
-123
-118
-116
-112
-108
-103
-97
-90
-82
-73
-65
-60
-51
-42
-32
-23
-12
-3
5
13
20
29
36
43
49
54
59
65
67
71
74
76
78
81
82
84
85
84
84
86
87
88
85
83
82
81
79
75
73
71
69
65
62
59
56
51
45
39
33
25
18
13
8
0
-5
-11
-20
-28
-35
-39
-47
-54
-61
-68
-72
-75
-77
-79
-81
-84
-86
-89
-89
-87
-84
-81
-80
-79
-77
-72
-69
-64
-59
-56
-53
-50
-45
-38
-32
-27
-22
-16
-11
-7
-1
5
10
16
19
22
26
29
33
36
40
43
46
51
55
57
59
59
60
62
63
63
63
63
64
64
65
62
61
59
57
55
54
52
50
47
46
41
38
35
34
33
29
25
20
15
9
5
1
-4
-12
-20
-26
-29
-30
-34
-40
-45
-49
-52
-56
-59
-61
-60
-61
-61
-61
-60
-61
-60
-60
-58
-54
-52
-51
-50
-48
-45
-43
-41
-38
-34
-30
-28
-25
-21
-18
-14
-12
-9
-6
-4
-2
-2
3
7
9
10
13
17
20
20
22
25
29
31
35
40
43
42
41
40
43
45
46
46
45
46
45
46
46
46
45
44
43
43
44
43
41
38
37
33
31
28
23
18
14
10
6
1
-3
-9
-15
-18
-20
-25
-31
-33
-36
-38
-41
-42
-42
-45
-46
-44
-44
-45
-45
-44
-43
-41
-39
-39
-38
-36
-34
-32
-31
-27
-25
-26
-26
-23
-20
-18
-17
-17
-16
-15
-16
-14
-11
-9
-8
-6
-4
-1
2
5
7
10
14
16
18
21
23
28
28
32
35
38
41
42
45
47
49
48
49
51
51
53
51
49
48
49
47
45
44
40
34
31
28
25
21
18
14
10
5
1
-5
-9
-11
-14
-19
-22
-26
-29
-31
-31
-31
-32
-34
-33
-33
-32
-30
-31
-30
-31
-30
-32
-33
-31
-29
-30
-31
-31
-31
-30
-33
-34
-35
-34
-36
-36
-35
-35
-34
-31
-30
-28
-26
-25
-23
-22
-18
-12
-9
-7
-3
0
5
10
14
18
21
24
28
31
35
37
39
40
41
44
44
46
47
48
47
44
44
44
40
38
37
37
36
35
34
31
28
23
19
16
15
12
8
6
4
1
-2
-2
-4
-5
-8
-10
-10
-11
-12
-12
-13
-13
-12
-15
-17
-17
-15
-16
-20
-23
-26
-30
-33
-36
-38
-40
-41
-45
-47
-46
-45
-44
-44
-44
-43
-41
-40
-37
-31
-27
-26
-23
-20
-15
-11
-7
-4
1
5
7
8
11
16
21
23
26
29
31
33
35
36
37
38
38
39
39
40
37
35
35
35
34
33
31
28
26
24
24
24
22
19
15
12
11
9
9
10
11
8
5
4
3
3
3
2
1
1
-2
-5
-5
-6
-6
-8
-12
-14
-16
-19
-18
-19
-21
-25
-28
-31
-30
-30
-30
-32
-33
-33
-34
-34
-32
-30
-29
-28
-27
-25
-24
-21
-19
-16
-13
-11
-10
-8
-7
-2
0
4
6
9
10
11
11
13
14
16
16
16
15
14
13
13
13
14
14
14
13
12
13
13
13
12
12
12
12
14
14
12
12
12
13
12
12
13
12
12
12
13
13
12
10
10
9
8
6
3
3
2
0
-3
-6
-6
-8
-10
-12
-14
-15
-19
-19
-18
-19
-21
-23
-21
-20
-18
-18
-17
-15
-13
-12
-10
-8
-5
-3
-3
-2
0
1
4
6
6
6
8
7
6
8
7
7
7
8
7
5
4
2
2
3
2
1
-1
0
-1
-1
1
3
2
1
0
1
2
4
5
5
6
8
8
6
8
8
8
8
9
9
10
8
7
7
8
7
7
5
4
3
0
-1
-3
-4
-6
-7
-7
-9
-9
-8
-7
-8
-8
-8
-9
-9
-7
-7
-7
-7
-6
-6
-6
-4
-2
-1
1
1
2
3
4
5
7
6
6
4
4
5
3
2
1
-1
-2
-2
-3
-3
-3
-4
-5
-7
-8
-10
-10
-11
-10
-11
-11
-11
-11
-9
-10
-10
-8
-5
-4
-3
-3
-2
0
2
3
5
5
7
8
7
9
10
10
9
11
12
12
10
9
8
7
7
7
5
4
5
5
3
3
2
2
0
-1
2
1
2
3
4
4
4
4
4
4
7
6
4
6
6
6
6
6
7
5
4
3
4
3
3
0
-3
-3
-4
-6
-6
-7
-8
-9
-12
-14
-15
-15
-15
-13
-16
-16
-16
-17
-16
-12
-11
-11
-10
-7
-6
-6
-4
-3
-1
0
1
0
1
2
3
5
6
8
8
7
7
8
8
8
8
7
6
6
5
5
6
6
5
4
4
3
5
4
5
6
5
5
6
6
8
7
8
7
8
7
7
7
8
9
8
9
7
7
6
6
7
6
4
2
0
0
-2
-3
-4
-6
-7
-9
-11
-12
-13
-14
-15
-15
-15
-14
-14
-15
-14
-15
-15
-16
-14
-13
-12
-11
-11
-9
-9
-7
-7
-6
-6
-4
-2
1
1
1
1
1
3
5
5
5
6
5
5
7
8
8
8
8
9
9
9
8
8
8
7
6
5
5
6
8
8
7
7
7
7
7
7
5
3
4
3
3
4
4
3
2
4
4
3
0
0
-1
-2
-3
-3
-4
-5
-4
-6
-7
-8
-10
-11
-12
-11
-12
-13
-12
-12
-9
-8
-8
-7
-7
-6
-6
-5
-4
-3
-2
-2
-2
-2
0
1
1
1
1
0
-1
0
1
3
3
3
4
4
5
6
7
7
5
5
6
6
6
7
9
10
10
13
12
13
12
13
14
13
13
14
14
13
12
10
10
9
8
7
7
5
4
3
2
1
1
0
-1
-3
-5
-5
-7
-7
-8
-9
-11
-10
-9
-11
-11
-13
-13
-15
-14
-15
-14
-14
-15
-16
-15
-14
-12
-12
-12
-12
-11
-8
-7
-6
-6
-5
-4
-5
-4
-4
-4
-2
-2
0
1
1
2
1
3
2
3
2
3
5
7
8
8
10
9
10
11
11
11
10
11
10
10
10
8
8
9
9
9
8
7
6
5
4
2
-1
-2
-3
-4
-5
-5
-6
-8
-10
-10
-11
-11
-11
-12
-13
-12
-11
-11
-12
-12
-11
-12
-10
-10
-10
-10
-9
-7
-6
-6
-5
-4
-3
-1
0
-1
1
4
4
5
6
8
9
