3
3
3
1
1
2
1
0
1
1
2
4
3
1
0
1
3
3
2
3
3
2
1
2
3
1
3
4
4
1
1
3
5
4
2
0
0
0
1
2
3
4
3
2
5
6
5
3
3
3
3
4
4
5
5
3
3
3
5
2
1
2
4
3
3
2
1
1
2
4
2
1
-1
0
-3
-5
-4
-5
-4
-3
-4
-3
-3
-4
-6
-5
-2
-3
-5
-7
-7
-9
-6
-4
-6
-6
-8
-7
-7
-6
-6
-6
-4
-4
-3
0
-2
-2
-3
-4
-2
-1
1
0
0
0
-1
-3
-3
-2
0
0
0
1
1
3
0
-2
-1
1
0
0
1
3
3
2
3
4
5
3
1
-4
-6
-7
-6
-4
-4
-5
-5
-6
-5
-6
-5
-4
-3
-3
-4
-4
-3
-3
-3
-3
-2
-2
-1
0
2
3
0
-2
-1
-3
-1
1
5
8
7
7
6
7
6
5
5
3
6
5
5
5
5
6
6
8
12
12
8
7
6
6
7
9
10
8
5
3
1
2
2
4
8
9
7
5
1
-2
-4
0
4
4
6
3
4
2
-3
-5
-6
-6
-3
-2
0
1
2
6
8
9
11
12
11
11
9
8
3
4
6
3
4
2
0
-4
-8
-9
-7
-7
-7
-12
-13
-14
-14
-13
-12
-5
-2
0
1
-4
-8
-14
-17
-13
-10
-3
1
1
0
-4
-6
-7
-7
-6
-4
-2
-1
-4
-7
-10
-11
-13
-13
-11
-11
-13
-15
-18
-18
-17
-15
-13
-6
-2
-2
-2
-2
-1
1
4
6
6
5
4
0
-1
0
3
5
7
4
-1
-6
-11
-13
-16
-15
-11
-5
-1
-1
-3
-6
-6
-4
-1
1
2
5
7
8
7
6
11
15
19
20
20
22
20
15
10
10
11
15
16
16
14
12
11
10
11
15
21
24
25
23
22
20
19
21
21
22
22
21
18
10
3
-3
-7
-7
-5
0
0
-4
-7
-11
-12
-10
-6
1
0
-3
-10
-17
-17
-20
-20
-15
-17
-19
-24
-29
-28
-29
-25
-18
-12
-7
-5
-4
-7
-13
-13
-15
-13
-6
-5
-5
-8
-9
-5
-4
1
8
16
23
24
22
19
17
24
29
32
30
25
22
20
21
18
12
6
0
-7
-11
-14
-19
-23
-28
-27
-23
-21
-23
-29
-39
-44
-44
-35
-21
-9
3
14
20
17
5
-7
-16
-20
-16
-11
-10
-19
-34
-50
-60
-61
-59
-53
-45
-40
-37
-37
-37
-34
-25
-6
19
43
66
86
106
126
140
144
136
120
103
84
68
55
46
47
53
50
27
-11
-54
-87
-101
-95
-80
-56
-32
-11
1
6
9
11
17
30
52
71
77
64
33
4
-11
-15
-17
-23
-36
-53
-74
-95
-121
-144
-157
-161
-153
-137
-120
-106
-94
-77
-53
-24
0
11
15
25
44
71
94
109
120
125
126
124
118
111
103
96
89
78
54
26
-1
-17
-18
-8
2
4
-3
-17
-31
-41
-42
-33
-13
10
31
45
54
59
65
70
74
78
79
77
72
66
57
38
14
-10
-34
-57
-79
-103
-125
-145
-156
-161
-171
-184
-198
-202
-189
-166
-133
-99
-70
-46
-28
-10
8
26
41
53
69
90
105
109
105
97
95
104
123
133
129
113
84
51
17
-15
-35
-37
-22
-2
11
13
2
-19
-35
-35
-16
13
43
60
64
67
75
88
100
107
103
89
71
49
26
6
-14
-30
-47
-59
-73
-95
-124
-156
-179
-187
-182
-173
-167
-173
-177
-174
-157
-123
-88
-61
-43
-28
-13
-2
2
-2
-9
-1
31
66
87
82
74
77
102
137
160
157
123
81
67
91
127
148
149
139
118
100
70
25
-15
-39
-30
2
35
47
29
-4
-31
-39
-14
22
55
74
87
95
93
84
72
66
80
98
103
84
52
23
-4
-27
-52
-84
-108
-124
-135
-145
-156
-167
-179
-193
-207
-213
-209
-191
-169
-141
-109
-84
-73
-76
-81
-74
-46
-8
21
22
8
-3
-5
-2
-10
-25
-39
-37
-31
-43
-67
-85
-82
-57
-31
-26
-41
-44
-19
21
57
70
71
83
114
149
172
184
199
217
249
270
259
208
135
89
115
204
291
312
248
152
80
58
72
85
89
94
102
112
99
52
-26
-111
-157
-150
-109
-80
-102
-159
-223
-247
-242
-229
-214
-195
-162
-126
-113
-127
-155
-163
-132
-82
-47
-56
-90
-114
-114
-99
-98
-113
-142
-167
-175
-173
-174
-178
-185
-170
-143
-119
-115
-128
-145
-144
-102
-13
93
164
180
173
200
274
366
426
433
430
479
563
613
578
491
419
388
378
348
276
176
74
-12
-79
-130
-181
-239
-299
-350
-365
-348
-324
-317
-311
-272
-207
-128
-51
3
41
80
139
194
216
208
182
152
122
78
16
-66
-142
-202
-240
-274
-340
-436
-533
-589
-591
-561
-518
-479
-435
-367
-283
-202
-134
-74
-13
62
167
270
342
369
356
338
339
365
372
340
292
240
190
149
112
67
8
-41
-49
-31
13
58
92
120
164
222
264
286
312
344
394
438
449
437
415
368
269
158
85
38
-17
-92
-180
-276
-374
-454
-522
-560
-558
-534
-505
-464
-414
-367
-332
-290
-239
-171
-88
-32
-13
11
58
67
8
-63
-107
-128
-116
-89
-78
-136
-250
-364
-420
-359
-240
-163
-147
-127
-8
215
474
651
634
525
507
649
835
918
893
796
680
570
456
373
269
99
-99
-248
-296
-316
-378
-495
-638
-684
-591
-419
-294
-258
-204
-98
53
230
356
406
412
461
553
601
575
463
337
254
178
81
-77
-280
-463
-606
-722
-858
-1001
-1097
-1116
-1074
-1022
-985
-983
-974
-867
-672
-490
-362
-260
-166
-46
134
330
427
464
557
738
991
1300
1518
1419
1039
751
741
831
844
761
650
489
286
75
-139
-355
-544
-690
-779
-786
-712
-669
-723
-815
-822
-660
-399
-136
113
340
514
633
739
840
934
1054
1184
1244
1185
1052
920
761
561
395
255
29
-274
-557
-786
-962
-1094
-1203
-1278
-1283
-1222
-1147
-1122
-1120
-1014
-762
-482
-233
-35
97
171
222
296
424
558
584
479
350
216
70
-124
-371
-571
-693
-799
-900
-969
-1030
-1125
-1168
-1070
-822
-521
-153
503
1215
1386
1004
791
1163
1729
2025
2121
2181
2141
1888
1570
1291
987
658
264
-215
-585
-675
-703
-1029
-1561
-1887
-1827
-1548
-1307
-1122
-930
-726
-482
-206
102
461
819
1103
1262
1378
1522
1616
1526
1278
1079
974
782
427
6
-374
-678
-926
-1115
-1288
-1419
-1433
-1425
-1523
-1635
-1536
-1276
-1030
-752
-398
-114
-10
48
258
555
781
889
858
711
586
548
425
104
-182
-308
-427
-656
-929
-1121
-1296
-1464
-1582
-1628
-1531
-1255
-964
-780
-556
-100
332
852
1743
2560
2486
1808
1698
2354
2891
2919
2866
2803
2425
1789
1304
897
459
-65
-739
-1479
-1898
-1832
-1731
-2072
-2638
-2942
-2719
-2248
-1829
-1461
-1077
-651
-232
249
810
1283
1625
1916
2145
2300
2430
2518
2267
1742
1419
1330
1065
486
-85
-497
-905
-1232
-1472
-1783
-2091
-2178
-2151
-2251
-2340
-2150
-1827
-1546
-1205
-683
-221
-50
34
300
772
1175
1286
1160
1083
1111
1060
843
571
285
-31
-361
-651
-869
-1084
-1426
-1932
-2235
-2013
-1498
-1137
-1077
-1031
-780
3
1388
2409
2144
1314
1345
2280
3035
3258
3385
3320
2807
2102
1759
1568
1156
500
-373
-1243
-1665
-1605
-1660
-2250
-2946
-3181
-2911
-2471
-2123
-1798
-1425
-983
-466
65
594
1075
1484
1900
2291
2587
2706
2675
2441
2063
1893
1899
1606
933
308
19
-225
-639
-1149
-1685
-2113
-2210
-2057
-2121
-2487
-2653
-2476
-2181
-1759
-1200
-788
-756
-773
-428
172
624
753
724
751
894
1028
929
639
417
259
94
-147
-449
-822
-1203
-1467
-1576
-1453
-1282
-1095
-894
-648
-333
425
1472
1989
1458
846
1267
2367
2975
2895
2866
2828
2467
1959
1647
1327
816
187
-439
-1031
-1322
-1394
-1673
-2302
-2713
-2583
-2306
-2172
-1966
-1600
-1157
-679
-183
243
619
1095
1625
2027
2282
2474
2586
2539
2399
2243
2052
1848
1503
937
434
231
52
-382
-960
-1480
-1811
-1937
-1997
-2186
-2475
-2574
-2382
-2156
-1998
-1720
-1431
-1303
-1130
-726
-277
52
271
359
385
516
674
613
375
274
329
252
-88
-502
-874
-1064
-1048
-1055
-1330
-1612
-1540
-1052
-428
-19
219
856
1829
2068
1291
830
1733
2988
3251
2917
2962
3123
2776
2183
1732
1291
835
380
-299
-1073
-1442
-1401
-1647
-2352
-2845
-2801
-2602
-2441
-2113
-1634
-1189
-771
-373
-16
524
1271
1918
2200
2377
2683
2945
2924
2689
2427
2273
2176
1919
1345
739
451
198
-314
-983
-1590
-2045
-2314
-2477
-2706
-2985
-3073
-2953
-2850
-2754
-2428
-1996
-1808
-1656
-1245
-656
-119
220
337
401
646
957
984
761
611
612
545
233
-137
-468
-704
-913
-1184
-1402
-1427
-1347
-1226
-975
-532
-5
917
2062
2229
1107
361
1394
3044
3535
3161
3104
3222
2895
2354
2037
1670
1172
659
-38
-768
-998
-803
-1069
-1995
-2638
-2562
-2272
-2086
-1805
-1440
-1194
-884
-437
-55
347
1005
1710
2045
2106
2304
2543
2529
2350
2202
2151
2030
1732
1243
836
647
268
-492
-1242
-1647
-1863
-2178
-2568
-2949
-3348
-3553
-3400
-3095
-2885
-2693
-2518
-2480
-2286
-1603
-703
-167
-102
-44
336
848
1130
1096
960
950
1027
1009
720
311
12
-131
-349
-722
-958
-921
-947
-1096
-958
-461
130
977
1907
1813
621
81
1278
2785
3086
2809
3024
3191
2730
2219
2098
1929
1540
1078
388
-383
-604
-364
-591
-1491
-2173
-2227
-2145
-2067
-1767
-1434
-1417
-1386
-1038
-606
-191
433
1085
1291
1269
1590
2061
2136
1954
1919
1952
1850
1712
1565
1352
1031
485
-311
-987
-1202
-1231
-1612
-2313
-2875
-3154
-3276
-3192
-2900
-2695
-2686
-2689
-2602
-2312
-1646
-833
-401
-460
-451
11
577
752
659
714
854
876
807
661
327
17
1
-21
-411
-656
-437
-300
-566
-629
-262
313
1415
2739
2582
771
-106
1415
3200
3260
2783
3069
3143
2303
1684
1791
1773
1368
880
1
-1049
-1208
-512
-531
-1681
-2560
-2440
-2143
-2051
-1725
-1293
-1267
-1304
-937
-448
-31
618
1339
1500
1360
1691
2170
2024
1674
1799
2000
1796
1592
1547
1236
674
126
-515
-1130
-1257
-1074
-1381
-2278
-2977
-3169
-3237
-3151
-2702
-2316
-2363
-2575
-2654
-2430
-1694
-712
-291
-601
-749
-192
499
656
546
696
932
863
587
390
311
287
302
129
-360
-607
-205
140
-244
-666
-459
3
869
2393
3065
1561
-208
424
2466
3186
2703
2748
2937
2199
1426
1595
1824
1519
1114
418
-778
-1319
-587
-50
-892
-2015
-2196
-1914
-1819
-1642
-1318
-1308
-1366
-988
-546
-404
-7
813
1201
934
1024
1678
1847
1365
1263
1717
1909
1756
1680
1495
994
518
143
-410
-847
-712
-565
-1189
-2164
-2687
-2873
-2899
-2449
-1811
-1834
-2510
-3001
-2850
-2139
-1216
-645
-768
-1118
-977
-360
120
291
513
798
800
511
296
352
558
679
575
285
39
77
237
47
-315
-216
188
262
665
2064
2842
1385
-523
-133
1849
2764
2336
2123
2176
1685
1095
1174
1516
1581
1332
521
-700
-1105
-238
435
-293
-1466
-1757
-1429
-1287
-1310
-1241
-1200
-1123
-805
-529
-519
-262
479
875
524
460
1184
1572
1074
815
1333
1766
1717
1606
1298
639
249
354
234
-314
-571
-535
-1069
-2029
-2450
-2397
-2414
-2220
-1772
-1876
-2646
-3135
-2806
-2040
-1351
-1025
-1099
-1308
-1235
-783
-210
246
552
627
410
147
179
535
897
883
585
439
522
468
168
-108
-125
120
440
487
509
1250
2282
1882
111
-517
1126
2749
2491
1605
1627
1875
1563
1392
1771
1943
1523
899
194
-379
-224
406
246
-817
-1446
-1176
-1057
-1477
-1672
-1360
-1123
-1055
-856
-660
-599
-276
256
357
204
636
1325
1310
934
1155
1693
1786
1617
1510
1165
657
524
596
277
-240
-472
-731
-1438
-2124
-2294
-2241
-2206
-2063
-2053
-2519
-3094
-3157
-2617
-1886
-1421
-1382
-1532
-1522
-1161
-526
64
316
270
216
283
408
603
911
1094
948
775
839
784
322
-132
-156
181
643
938
606
41
512
1878
2079
591
-305
823
2211
2098
1401
1516
2013
2047
1821
1663
1452
1299
1284
860
-11
-297
273
407
-517
-1336
-1232
-1055
-1483
-1878
-1682
-1347
-1169
-970
-938
-1184
-1042
-304
135
10
251
976
1167
775
824
1391
1665
1566
1464
1212
824
753
841
491
-69
-250
-401
-1112
-1866
-1921
-1658
-1732
-1993
-2098
-2239
-2569
-2779
-2497
-1830
-1324
-1358
-1666
-1639
-1051
-325
-56
-279
-382
28
527
596
457
570
796
813
792
895
786
356
24
-3
135
520
1016
874
117
238
1668
2366
1022
-435
114
1666
2192
1842
1849
2110
1931
1567
1513
1579
1550
1453
1025
254
-58
392
563
-223
-1053
-1096
-950
-1285
-1637
-1497
-1188
-1071
-1074
-1200
-1360
-1123
-487
-135
-216
-4
658
943
562
336
775
1367
1505
1225
875
733
796
741
385
45
-10
-111
-669
-1368
-1570
-1309
-1194
-1471
-1791
-1891
-1945
-2134
-2238
-1933
-1360
-1038
-1191
-1474
-1442
-1052
-608
-362
-297
-221
-58
81
122
170
280
359
461
704
837
448
-217
-428
-34
472
809
943
656
168
471
1656
2108
998
-31
607
1932
2236
1758
1675
1967
1913
1539
1332
1354
1422
1351
899
198
-78
253
352
-359
-1156
-1222
-943
-1053
-1362
-1326
-1098
-1070
-1130
-1103
-1070
-899
-407
32
54
123
651
997
641
349
856
1529
1491
1001
722
705
712
617
385
101
-52
-207
-704
-1303
-1381
-993
-901
-1322
-1666
-1648
-1689
-1975
-2035
-1513
-820
-684
-1244
-1857
-1814
-1063
-293
-167
-532
-674
-401
-218
-326
-310
31
359
452
396
137
-305
-433
33
497
460
390
662
683
251
408
1621
2429
1631
388
449
1520
2143
2028
1884
1892
1742
1500
1367
1271
1184
1205
1073
506
-66
-89
87
-174
-669
-810
-689
-744
-966
-1104
-1130
-1024
-747
-555
-692
-778
-375
159
269
213
463
703
497
252
479
814
728
426
325
369
342
208
-44
-344
-477
-435
-536
-849
-1026
-929
-868
-1018
-1150
-1131
-1145
-1262
-1254
-974
-637
-602
-974
-1414
-1452
-985
-412
-260
-643
-1083
-1080
-741
-484
-409
-351
-271
-217
-147
-92
-153
-181
75
415
409
222
407
807
829
777
1456
2379
2134
768
58
876
2017
2251
1890
1636
1421
1084
945
1108
1216
1141
994
629
45
-173
221
464
-8
-550
-495
-284
-537
-920
-840
-411
-101
-108
-431
-806
-719
-97
371
278
96
163
59
-371
-497
-37
371
225
-132
-254
-192
-163
-233
-336
-316
-106
33
-220
-670
-772
-404
16
148
31
-226
-576
-826
-729
-361
-123
-306
-789
-1227
-1384
-1255
-1076
-1139
-1412
-1520
-1311
-1123
-1187
-1242
-1018
-657
-386
-191
-64
-96
-134
88
446
615
685
949
1195
1096
1062
1656
2244
1702
461
139
1048
1781
1522
992
884
913
790
741
857
937
959
892
531
136
345
960
1014
389
30
266
369
43
-75
293
561
333
-129
-481
-550
-262
91
2
-455
-714
-701
-830
-1030
-842
-444
-485
-946
-1173
-906
-468
-198
-190
-325
-310
-31
226
212
169
420
797
886
646
362
161
-24
-152
-87
93
8
-579
-1352
-1754
-1681
-1516
-1585
-1894
-2191
-2187
-1916
-1726
-1741
-1609
-1100
-564
-399
-458
-376
-122
192
594
966
1006
799
787
1046
1188
1226
1604
2047
1584
290
-382
294
1215
1256
778
558
560
497
541
828
1116
1243
1236
1069
914
1131
1601
1725
1402
1138
1097
965
746
759
928
858
487
42
-384
-716
-780
-666
-737
-1036
-1274
-1418
-1662
-1836
-1608
-1196
-1088
-1237
-1199
-908
-648
-474
-233
125
513
785
793
655
735
1118
1409
1272
927
711
539
182
-221
-377
-349
-482
-955
-1576
-2024
-2190
-2238
-2312
-2416
-2451
-2280
-1969
-1785
-1773
-1597
-1091
-593
-383
-248
78
420
568
715
1013
1175
1010
824
890
997
955
1007
1279
1220
414
-479
-463
330
878
768
524
561
680
718
900
1371
1884
2139
2078
1875
1836
2106
2451
2501
2175
1665
1186
904
877
960
844
387
-286
-973
-1519
-1766
-1661
-1467
-1509
-1822
-2175
-2376
-2348
-2043
-1560
-1185
-1084
-1082
-966
-729
-399
71
600
933
973
877
820
851
994
1193
1256
1035
620
183
-210
-501
-575
-472
-502
-908
-1549
-2062
-2232
-2125
-1922
-1789
-1806
-1854
-1751
-1537
-1386
-1227
-816
-239
115
116
45
138
376
687
986
1054
778
397
256
338
403
437
659
953
759
-61
-720
-409
556
1207
1194
1010
1028
1116
1205
1557
2243
2862
3005
2653
2164
1971
2192
2509
2484
1981
1256
654
347
252
157
-96
-538
-1129
-1759
-2205
-2234
-1889
-1553
-1546
-1839
-2158
-2242
-1962
-1403
-855
-572
-512
-503
-499
-432
-116
459
924
983
748
482
285
232
390
585
533
189
-218
-537
-744
-802
-717
-640
-739
-1009
-1333
-1553
-1541
-1317
-1088
-1041
-1135
-1175
-1036
-807
-629
-485
-251
23
115
-27
-142
15
335
526
478
294
90
-68
-120
-63
4
39
208
560
661
144
-499
-367
575
1395
1487
1240
1220
1411
1604
1912
2434
2877
2883
2470
1995
1822
2006
2258
2167
1589
794
181
-80
-120
-135
-225
-467
-930
-1527
-1950
-1912
-1460
-996
-874
-1073
-1338
-1460
-1370
-1033
-516
-97
-62
-386
-736
-796
-488
-19
291
262
-2
-327
-598
-679
-452
-78
58
-186
-551
-749
-792
-752
-559
-240
-62
-263
-695
-983
-900
-554
-233
-144
-342
-671
-844
-746
-533
-352
-182
-29
-65
-337
-555
-426
-86
116
96
24
-24
-112
-261
-351
-291
-98
155
452
688
592
114
-275
8
849
1533
1620
1366
1204
1233
1399
1727
2177
2485
2420
1994
1450
1127
1229
1589
1740
1363
654
61
-168
-111
49
181
146
-171
-689
-1093
-1044
-541
-4
112
-249
-759
-1053
-992
-658
-295
-183
-440
-932
-1376
-1545
-1355
-934
-623
-694
-1082
-1473
-1612
-1448
-1081
-649
-305
-217
-416
-699
-766
-452
106
592
731
455
-11
-293
-174
159
343
221
-103
-451
-697
-760
-610
-363
-257
-401
-649
-774
-716
-527
-254
15
103
-40
-197
-180
-77
-16
97
348
570
608
590
614
539
350
369
772
1224
1303
1064
869
870
992
1195
1485
1730
1685
1305
880
775
1044
1403
1565
1419
1008
517
284
491
900
1113
986
646
223
-127
-153
221
613
534
-28
-662
-1046
-1158
-1060
-867
-846
-1224
-1836
-2294
-2382
-2159
-1798
-1512
-1496
-1704
-1885
-1836
-1538
-1068
-554
-169
-25
-107
-241
-195
139
622
982
1035
764
308
-47
-54
210
378
214
-167
-565
-861
-947
-787
-509
-321
-355
-571
-777
-766
-484
-70
273
414
333
136
4
59
262
484
616
578
356
137
187
440
488
168
-129
-8
335
466
345
295
418
561
702
939
1184
1231
1120
1068
1203
1497
1834
2011
1883
1549
1321
1393
1660
1871
1832
1516
1103
803
632
500
434
382
112
-447
-1004
-1298
-1409
-1510
-1606
-1721
-1999
-2382
-2586
-2480
-2213
-1955
-1783
-1738
-1764
-1714
-1498
-1141
-727
-358
-129
-79
-128
-110
58
319
539
612
513
298
59
-107
-117
-1
64
-88
-405
-677
-746
-607
-365
-123
10
-46
-224
-286
-96
247
562
737
720
520
270
174
295
452
456
276
18
-227
-368
-320
-155
-132
-420
-796
-839
-467
-92
-30
-111
-20
226
453
698
1018
1266
1339
1407
1665
2018
2267
2375
2381
2287
2159
2109
2154
2192
2086
1812
1467
1141
823
500
236
72
-133
-522
-973
-1290
-1502
-1738
-1927
-1947
-1916
-2026
-2211
-2252
-2116
-1925
-1751
-1593
-1485
-1430
-1328
-1116
-873
-694
-551
-401
-317
-341
-383
-329
-192
-88
-91
-187
-306
-401
-431
-369
-249
-176
-197
-222
-134
43
218
373
523
597
549
509
621
814
904
853
753
608
409
243
180
113
-62
-274
-435
-575
-748
-891
-915
-856
-865
-978
-1031
-869
-561
-315
-163
18
282
573
866
1175
1438
1630
1834
2101
2342
2471
2515
2525
2507
2441
2344
2233
2115
1962
1715
1378
1044
796
600
377
110
-178
-483
-797
-1069
-1253
-1379
-1481
-1555
-1615
-1701
-1805
-1844
-1758
-1610
-1524
-1543
-1585
-1546
-1419
-1275
-1168
-1096
-1047
-1026
-1033
-1030
-992
-929
-851
-772
-725
-716
-694
-604
-455
-303
-160
9
191
326
395
476
621
787
893
903
848
786
765
763
720
617
491
359
190
-19
-222
-378
-492
-601
-728
-838
-884
-872
-838
-800
-755
-694
-587
-410
-181
77
349
603
799
972
1204
1491
1729
1866
1970
2095
2192
2218
2201
2181
2141
2061
1949
1819
1674
1518
1340
1126
899
698
531
352
138
-83
-282
-451
-588
-710
-842
-995
-1134
-1245
-1329
-1378
-1393
-1415
-1486
-1584
-1641
-1636
-1600
-1566
-1543
-1527
-1524
-1529
-1526
-1490
-1412
-1317
-1236
-1170
-1077
-916
-714
-536
-407
-288
-138
30
178
298
419
548
646
696
727
765
776
715
611
539
521
507
439
313
158
2
-132
-236
-313
-373
-432
-498
-563
-601
-573
-469
-341
-261
-236
-188
-56
148
376
592
764
868
932
1034
1223
1444
1603
1672
1713
1764
1799
1802
1805
1820
1808
1727
1592
1456
1349
1250
1117
938
745
572
416
252
63
-131
-304
-445
-578
-733
-888
-1001
-1065
-1124
-1211
-1307
-1389
-1465
-1539
-1589
-1592
-1562
-1534
-1525
-1530
-1534
-1512
-1448
-1348
-1259
-1205
-1164
-1100
-993
-841
-671
-519
-403
-315
-239
-148
-26
111
229
297
329
359
402
448
475
472
456
456
463
435
357
270
214
186
150
100
47
1
-44
-93
-133
-139
-99
-43
1
18
18
24
66
157
288
432
555
643
706
788
923
1100
1266
1386
1458
1505
1546
1598
1652
1682
1677
1635
1547
1412
1257
1125
1024
919
773
581
372
169
-10
-159
-278
-399
-545
-713
-881
-1026
-1139
-1214
-1274
-1338
-1411
-1476
-1525
-1556
-1561
-1535
-1499
-1464
-1439
-1413
-1383
-1337
-1260
-1170
-1078
-992
-907
-827
-750
-655
-538
-423
-319
-228
-140
-56
15
87
165
237
300
355
401
436
461
479
498
511
520
511
486
464
438
411
370
306
236
178
137
106
87
78
63
31
-3
-9
29
108
204
289
343
393
467
578
718
870
1014
1111
1150
1172
1233
1340
1443
1500
1493
1427
1333
1234
1147
1073
1000
906
771
584
376
190
41
-87
-216
-360
-528
-708
-870
-988
-1071
-1144
-1224
-1312
-1395
-1455
-1477
-1466
-1444
-1417
-1383
-1341
-1290
-1233
-1167
-1089
-1008
-924
-850
-784
-724
-666
-608
-542
-469
-400
-346
-293
-227
-153
-86
-32
12
61
122
199
285
356
408
436
448
462
490
519
535
527
498
459
417
382
347
308
276
261
250
229
208
204
211
226
257
297
343
381
417
460
513
574
637
693
733
763
794
829
864
902
939
954
937
904
860
813
769
724
664
571
455
330
212
106
11
-78
-181
-302
-432
-560
-669
-752
-820
-886
-963
-1040
-1107
-1157
-1173
-1156
-1117
-1078
-1053
-1032
-1000
-950
-881
-807
-736
-672
-618
-576
-535
-477
-410
-349
-296
-252
-206
-162
-110
-50
15
73
122
156
181
207
247
297
338
354
351
345
348
359
363
354
330
305
286
268
251
245
243
240
229
224
228
239
262
293
322
349
371
388
405
430
463
492
520
540
551
557
564
571
575
571
561
539
503
455
409
373
336
290
238
179
107
31
-34
-81
-124
-171
-236
-311
-382
-444
-494
-541
-583
-621
-665
-717
-769
-805
-814
-801
-780
-771
-770
-764
-747
-720
-679
-616
-547
-486
-444
-409
-365
-302
-225
-148
-82
-29
15
55
97
151
216
272
303
313
316
325
344
366
378
380
373
354
324
301
299
309
304
274
236
208
193
190
190
188
184
171
158
150
157
177
197
206
209
213
223
237
253
270
286
297
299
297
296
304
313
312
300
283
268
250
223
194
172
142
98
41
-11
-52
-85
-122
-169
-225
-278
-324
-370
-409
-442
-470
-501
-530
-551
-564
-567
-568
-567
-565
-553
-531
-508
-490
-473
-444
-413
-386
-360
-329
-291
-251
-208
-166
-129
-93
-57
-16
27
72
114
150
180
214
251
287
309
326
337
348
363
374
378
374
374
374
365
347
329
313
294
271
253
236
214
186
154
128
111
104
96
88
78
71
68
65
63
63
73
84
93
94
90
88
96
104
110
107
101
97
87
79
69
57
40
17
-8
-36
-59
-80
-104
-128
-156
-184
-210
-236
-258
-277
-288
-299
-312
-324
-331
-330
-326
-324
-319
-315
-310
-305
-294
-279
-263
-251
-242
-237
-232
-220
-197
-174
-151
-132
-116
-100
-79
-48
-8
28
53
75
97
121
151
182
210
235
255
273
286
299
313
325
336
338
335
329
324
317
308
293
276
261
247
231
209
190
179
167
150
127
106
94
82
71
62
50
39
31
25
13
2
-6
-11
-19
-27
-37
-47
-59
-72
-81
-90
-101
-112
-125
-141
-155
-162
-170
-179
-189
-198
-209
-215
-217
-221
-228
-234
-234
-232
-229
-226
-223
-223
-224
-218
-209
-199
-192
-187
-182
-173
-168
-163
-157
-146
-130
-113
-102
-91
-78
-63
-45
-24
-5
14
37
59
78
94
112
133
154
170
189
208
221
229
237
246
258
270
276
275
272
272
276
274
269
267
269
267
258
248
239
231
220
209
194
180
166
150
132
111
95
80
65
46
29
15
-1
-19
-39
-54
-66
-82
-101
-118
-132
-142
-151
-165
-181
-194
-198
-199
-206
-213
-214
-212
-214
-215
-217
-218
-219
-220
-220
-215
-215
-218
-221
-217
-204
-194
-190
-189
-185
-176
-166
-158
-149
-140
-125
-107
-95
-88
-77
-62
-44
-27
-11
3
14
23
39
59
77
92
95
99
112
127
141
151
158
164
172
179
184
190
197
203
208
210
212
217
221
222
225
228
231
232
227
219
212
207
202
197
189
175
157
143
132
116
97
82
68
51
34
10
-6
-19
-32
-47
-65
-80
-88
-94
-99
-105
-113
-123
-127
-129
-128
-132
-136
-141
-149
-154
-156
-158
-162
-171
-179
-188
-201
-207
-204
-196
-194
-195
-198
-198
-196
-186
-168
-152
-138
-127
-119
-111
-101
-82
-64
-50
-40
-31
-26
-22
-17
-10
-3
2
7
7
6
10
16
24
34
46
58
67
76
85
102
116
130
140
149
155
159
166
170
176
182
192
192
190
186
183
183
181
176
169
162
151
140
126
111
102
92
78
63
50
37
27
17
3
-6
-10
-14
-20
-30
-36
-35
-37
-42
-47
-50
-54
-58
-64
-70
-76
-84
-92
-101
-107
-109
-111
-121
-135
-140
-139
-138
-135
-129
-123
-120
-118
-112
-99
-81
-66
-52
-43
-38
-34
-30
-21
-15
-7
-3
-4
-7
-11
-12
-11
-11
-13
-15
-19
-22
-24
-19
-12
-6
-1
4
9
17
27
32
38
44
52
58
62
62
65
69
76
79
80
79
78
75
70
67
66
65
58
51
45
41
32
23
19
19
21
17
12
8
10
14
17
15
12
12
12
13
11
13
15
15
11
3
-3
-10
-12
-16
-20
-26
-33
-42
-51
-55
-55
-54
-56
-60
-60
-56
-48
-44
-38
-28
-18
-11
-8
-2
3
6
6
2
3
7
7
3
-4
-4
-6
-9
-13
-13
-11
-12
-15
-19
-21
-19
-15
-11
-10
-10
-8
-7
-3
-1
4
9
11
7
5
6
11
13
13
12
10
12
10
11
10
10
9
4
1
0
-1
-3
-4
-3
-2
-1
-1
3
10
18
21
24
23
29
38
44
42
38
36
38
40
41
38
29
21
15
13
10
7
-1
-9
-13
-20
-27
-30
-29
-26
-26
-26
-23
-20
-17
-11
-3
6
15
20
24
23
26
31
34
35
33
32
29
26
21
16
15
12
8
4
-1
-7
-9
-6
-7
-10
-14
-14
-12
-12
-13
-14
-12
-11
-13
-15
-21
-25
-25
-25
-28
-31
-34
-37
-38
-41
-46
-50
-50
-49
-50
-56
-64
-70
-69
-70
-68
-66
-65
-61
-56
-50
-43
-37
-29
-19
-10
-1
6
11
18
23
26
25
22
23
24
24
25
28
28
25
23
21
18
17
15
14
13
15
20
26
32
37
42
48
57
64
68
73
77
80
81
84
87
88
87
87
90
95
99
101
99
92
84
78
78
79
76
73
66
59
50
40
30
18
10
2
-9
-22
-37
-52
-59
-62
-67
-76
-88
-96
-102
-106
-108
-108
-110
-112
-115
-116
-114
-115
-116
-114
-114
-118
-122
-123
-120
-120
-120
-117
-114
-109
-107
-107
-105
-97
-92
-91
-96
-97
-93
-87
-78
-69
-57
-43
-28
-13
-1
9
21
34
44
54
61
71
76
79
87
98
106
112
117
121
124
124
124
122
120
118
116
115
115
123
131
138
147
157
165
173
181
188
195
200
203
205
203
199
195
185
168
149
131
111
88
63
41
21
0
-21
-44
-68
-86
-103
-117
-129
-139
-148
-157
-161
-163
-160
-154
-151
-145
-141
-134
-132
-134
-136
-137
-136
-137
-137
-141
-145
-150
-157
-168
-177
-184
-191
-197
-200
-200
-200
-202
-200
-190
-172
-153
-136
-117
-96
-72
-49
-29
-11
7
23
40
55
67
78
89
98
104
106
107
107
103
98
94
91
86
79
78
79
82
87
96
106
113
125
139
157
174
188
199
212
222
227
229
225
223
220
215
206
194
179
160
141
125
105
84
61
39
18
-1
-18
-32
-44
-54
-63
-71
-77
-80
-79
-77
-74
-70
-67
-67
-70
-73
-73
-76
-78
-81
-91
-105
-118
-126
-134
-142
-152
-165
-175
-183
-191
-197
-201
-199
-194
-191
-188
-178
-166
-150
-131
-112
-97
-82
-66
-51
-39
-26
-12
3
10
11
16
20
26
29
29
25
24
22
20
18
21
25
32
37
45
55
67
77
90
104
115
124
138
151
162
169
175
180
182
185
185
186
180
174
168
163
155
145
134
123
111
96
83
70
57
44
32
24
19
15
11
5
1
-1
-4
-8
-12
-17
-24
-28
-36
-44
-53
-60
-67
-76
-84
-98
-111
-127
-137
-145
-151
-156
-163
-168
-174
-175
-171
-165
-158
-151
-144
-140
-135
-125
-113
-101
-90
-82
-73
-67
-61
-53
-47
-42
-40
-40
-41
-41
-43
-41
-37
-34
-33
-31
-28
-25
-23
-19
-12
-1
9
22
33
45
57
74
88
99
108
121
133
145
150
153
157
161
163
164
164
164
159
153
146
138
130
123
111
99
92
90
86
82
78
75
74
72
68
62
60
58
56
54
50
42
35
31
23
11
0
-11
-24
-35
-47
-59
-73
-84
-95
-103
-110
-115
-119
-121
-124
-126
-124
-122
-120
-115
-113
-110
-106
-98
-89
-83
-78
-73
-72
-70
-67
-64
-62
-61
-64
-65
-67
-66
-67
-66
-64
-64
-64
-64
-64
-62
-56
-48
-41
-36
-29
-23
-13
-1
9
21
30
38
45
53
63
73
84
92
94
95
96
99
101
104
101
97
93
88
86
82
81
79
77
75
72
71
72
74
74
74
72
68
64
61
58
54
49
42
41
39
33
24
18
9
1
-6
-13
-23
-34
-43
-53
-61
-67
-70
-72
-76
-80
-83
-84
-82
-80
-80
-78
-75
-73
-72
-67
-65
-61
-58
-55
-52
-48
-44
-43
-41
-40
-37
-36
-34
-32
-31
-29
-29
-28
-28
-30
-29
-24
-22
-18
-14
-11
-9
-5
0
9
16
22
27
31
33
36
43
48
53
57
56
57
57
58
60
60
58
57
56
50
47
48
50
49
48
49
51
50
48
48
48
49
49
50
51
49
48
51
53
50
48
47
44
37
28
17
9
1
-8
-13
-22
-29
-34
-43
-48
-51
-55
-60
-64
-66
-66
-69
-68
-68
-69
-68
-65
-59
-56
-54
-51
-46
-44
-43
-41
-37
-35
-29
-26
-26
-26
-24
-21
-22
-23
-20
-17
-18
-16
-13
-10
-8
-6
-3
0
0
0
1
1
4
7
8
9
8
9
9
11
9
7
8
10
10
9
9
10
10
9
8
12
13
14
15
17
19
21
24
30
32
35
41
44
45
48
50
51
55
57
54
51
48
43
39
36
33
28
22
17
11
4
-2
-6
-11
-17
-23
-27
-30
-33
-38
-39
-41
-42
-43
-42
-42
-43
-40
-38
-36
-34
-28
-23
-20
-18
-17
-14
-9
-8
-7
-5
-2
2
8
10
9
10
15
18
21
22
23
24
21
18
18
17
16
17
12
10
7
3
3
2
-2
-4
-7
-9
-10
-13
-12
-11
-13
-16
-18
-20
-22
-21
-20
-17
-16
-12
-9
-5
-1
2
4
6
11
14
17
21
20
22
23
25
24
23
21
21
18
16
13
10
7
4
2
-1
-5
-7
-9
-13
-16
-19
-22
-24
-25
-27
-28
-28
-29
-28
-25
-26
-26
-25
-23
-21
-19
-15
-13
-11
-10
-7
-3
2
5
7
11
13
18
21
25
28
31
35
37
40
40
40
40
40
38
35
34
31
28
24
18
15
10
6
0
-6
-8
-9
-14
-18
-22
-23
-26
-28
-31
-33
-35
-34
-33
-33
-35
-33
-31
-29
-25
-22
-18
-18
-17
-15
-12
-8
-4
-1
1
2
4
3
3
2
1
2
3
3
0
-1
-2
-2
-3
-5
-7
-8
-8
-11
-12
-12
-15
-16
-15
-17
-18
-16
-15
-12
-9
-7
-5
0
3
7
12
17
23
28
34
40
45
47
48
50
54
58
61
65
66
63
60
61
61
60
57
55
50
44
40
37
34
30
24
20
13
7
3
-1
-5
-9
-16
-22
-28
-32
-35
-40
-46
-50
-50
-54
-59
-63
-65
-66
-69
-68
-70
-68
-67
-65
-65
-63
-57
-55
-51
-51
-48
-46
-42
-36
-30
-24
-23
-23
-22
-18
-13
-9
-7
-7
-8
-7
-7
-9
-11
-12
-13
-12
-13
-13
-14
-13
-11
-9
-9
-6
-1
4
12
20
29
40
47
56
66
74
82
89
97
103
103
102
105
105
107
107
104
104
104
104
102
97
94
89
82
77
72
64
59
55
49
42
35
30
25
18
11
3
-5
-13
-20
-28
-38
-45
-54
-61
-71
-81
-89
-95
-102
-110
-118
-126
-131
-132
-132
-131
-130
-130
-128
-124
-118
-112
-109
-102
-97
-93
-87
-78
-71
-63
-58
-53
-48
-45
-43
-40
-38
-35
-32
-31
-31
-31
-29
-25
-22
-24
-22
-21
-20
-15
-7
1
11
21
31
41
54
68
83
96
106
115
121
128
132
138
142
142
141
141
140
137
132
128
125
122
119
115
111
106
102
100
95
93
89
84
80
77
72
67
61
56
50
43
38
30
19
9
-2
-10
-21
-33
-47
-59
-69
-78
-90
-101
-111
-118
-124
-131
-136
-138
-140
-139
-140
-143
-142
-139
-135
-129
-122
-115
-109
-103
-99
-95
-90
-87
-83
-78
-77
-76
-74
-70
-68
-65
-62
-58
-52
-47
-42
-37
-30
-22
-12
-2
10
21
32
43
53
64
76
86
95
105
114
120
127
131
133
137
136
132
129
123
119
116
111
105
96
89
84
79
75
69
65
61
59
56
56
56
57
57
55
51
46
43
38
32
27
21
15
9
2
-4
-11
-18
-26
-36
-45
-52
-58
-67
-72
-80
-89
-95
-99
-106
-109
-109
-108
-108
-108
-108
-105
-103
-100
-95
-92
-91
-88
-86
-83
-81
-80
-78
-77
-75
-73
-69
-67
-64
-58
-54
-53
-46
-39
-31
-22
-16
-6
4
11
20
29
37
48
57
67
76
82
89
93
96
96
97
98
97
92
88
84
84
82
76
69
64
60
57
55
53
53
52
50
49
47
45
45
46
49
50
49
49
49
49
46
42
38
36
34
29
22
16
12
4
-2
-8
-13
-19
-26
-29
-34
-42
-49
-52
-57
-61
-63
-65
-68
-71
-70
-70
-69
-67
-67
-68
-68
-67
-67
-64
-62
-63
-63
-64
-63
-59
-60
-59
-54
-50
-45
-42
-39
-35
-29
-24
-18
-12
-6
2
8
13
19
26
32
35
38
44
47
50
51
50
49
47
46
43
39
35
35
32
29
25
23
21
20
19
19
19
16
15
17
17
18
18
21
23
25
27
26
28
29
31
31
29
26
25
23
24
22
19
16
12
8
4
-2
-7
-9
-13
-18
-20
-23
-25
-27
-30
-30
-31
-35
-39
-42
-44
-44
-46
-45
-44
-42
-41
-40
-41
-41
-39
-35
-35
-34
-31
-31
-29
-28
-25
-22
-20
-18
-16
-11
-3
4
6
9
13
17
21
27
30
35
39
41
42
43
44
44
44
44
43
40
39
39
38
34
30
26
25
23
20
19
17
13
10
7
6
4
6
6
3
3
2
1
1
3
2
2
4
4
5
3
2
2
0
-3
-4
-4
-3
-5
-8
-8
-7
-8
-12
-15
-15
-15
-15
-17
-21
-21
-22
-24
-25
-26
-26
-27
-27
-27
-28
-28
-28
-27
-24
-24
-25
-23
-20
-20
-19
-18
-15
-14
-15
-12
-11
-9
-7
-3
1
4
7
9
10
14
19
22
26
26
28
30
33
34
33
32
31
29
28
27
25
25
23
19
15
10
8
7
4
2
0
-2
-3
-6
-8
-11
-11
-12
-15
-14
-16
-15
-15
-16
-19
-18
-18
-18
-21
-22
-20
-18
-17
-17
-17
-13
-11
-9
-8
-5
-5
-3
-1
-1
-2
-2
1
3
3
4
4
3
3
2
2
4
5
4
3
3
3
6
7
9
11
10
10
12
14
14
14
13
13
15
15
15
13
16
19
22
24
26
26
25
25
26
27
28
27
24
22
22
21
21
17
13
10
10
8
4
3
1
-1
-5
-5
-8
-11
-15
-18
-19
-21
-22
-23
-24
-24
-26
-29
-31
-31
-31
-32
-33
-34
-36
-33
-33
-33
-31
-29
-28
-27
-25
-22
-20
-20
-18
-16
-15
-13
-9
-6
-3
-2
-2
1
1
2
2
4
4
6
7
6
7
8
9
10
10
10
12
13
13
14
13
14
15
17
16
16
17
19
20
17
17
17
19
19
19
18
20
24
24
25
27
25
26
26
27
26
25
23
20
17
16
14
13
10
7
5
4
0
-2
-5
-6
-7
-9
-11
-12
-16
-20
-22
-24
-23
-24
-27
-30
-31
-33
-34
-35
-38
-38
-36
-35
-34
-32
-31
-29
-29
-28
-26
-26
-26
-25
-23
-22
-20
-16
-14
-13
-11
-7
-4
-2
-2
3
5
6
11
13
14
13
14
17
18
18
19
21
23
21
24
26
26
27
28
26
26
26
27
28
29
28
27
25
26
27
26
27
27
27
25
24
24
24
25
23
23
22
18
16
15
14
12
11
8
5
5
3
2
2
1
0
-4
-7
-9
-10
-12
-14
-16
-16
-20
-22
-25
-27
-28
-29
-30
-29
-31
-33
-34
-35
-37
-37
-37
-38
-39
-39
-40
-39
-38
-37
-36
-36
-33
-31
-29
-27
-25
-23
-21
-20
-17
-14
-11
-8
-5
-2
1
4
6
8
10
14
14
16
17
19
21
22
22
25
27
27
27
26
27
27
25
25
27
29
32
30
28
30
30
28
29
29
30
29
26
26
27
26
26
23
22
23
23
19
18
18
18
17
15
14
13
11
10
8
6
3
2
-1
-3
-3
-6
-9
-10
-12
-16
-19
-21
-23
-24
-27
-29
-30
-30
-31
-32
-34
-35
-38
-38
-38
-39
-37
-38
-36
-34
-36
-33
-29
-30
-28
-29
-25
-23
-21
-19
-17
-16
-13
-9
-5
-4
-3
0
2
3
2
5
9
11
12
13
15
16
16
18
20
21
23
23
21
22
24
25
26
25
22
21
22
23
25
23
23
21
23
24
22
22
22
22
21
20
20
18
18
15
18
17
13
11
10
11
12
13
10
8
5
2
1
1
-1
-3
-4
-4
-8
-9
-11
-14
-17
-19
-20
-22
-24
-26
-30
-31
-32
-32
-33
-34
-35
-37
-37
-37
-38
-37
-34
-32
-32
-31
-31
-28
-25
-21
-19
-17
-14
-12
-12
-8
-4
0
1
2
6
8
8
10
12
13
15
15
16
15
16
17
18
20
18
19
20
22
22
19
21
21
19
19
20
23
24
24
22
22
23
24
24
24
24
23
22
23
22
23
22
20
20
18
16
14
12
12
10
5
3
1
-1
-2
-5
-6
-7
-9
-11
-12
-12
-11
-13
-14
-14
-17
-18
-18
-20
-23
-24
-24
-24
-26
-24
-24
-26
-27
-29
-32
-33
-29
-29
-28
-27
-27
-26
-25
-23
-20
-16
-15
-14
-11
-11
-9
-7
-3
-1
1
4
5
7
7
6
7
9
13
12
12
10
10
11
12
13
14
13
13
14
14
14
14
14
16
17
14
12
12
13
15
14
17
17
16
14
13
14
15
12
12
13
10
9
8
8
8
8
6
7
7
5
4
5
6
5
3
3
3
2
2
3
5
5
0
-2
-2
-3
-5
-7
-8
-9
-10
-13
-17
-16
-16
-15
-17
-17
-19
-19
-17
-17
-17
-18
-16
-15
-13
-10
-10
-11
-9
-9
-5
-5
-4
-2
-1
-2
-2
0
1
2
4
3
4
6
5
4
5
5
6
7
6
5
6
6
8
8
7
7
7
6
6
7
6
6
6
8
7
6
4
5
5
6
9
8
7
4
3
3
4
3
3
4
5
4
0
-1
0
1
0
2
3
2
0
-1
-1
-2
-3
-5
-6
-6
-6
-7
-9
-8
-8
-11
-14
-14
-14
-14
-14
-13
-13
-16
-16
-15
-13
-11
-11
-9
-7
-7
-7
-6
-5
-2
-1
0
0
0
2
4
4
6
6
7
8
8
9
9
10
11
10
12
14
13
11
10
11
13
12
11
11
10
10
8
7
7
6
7
5
4
3
2
2
0
1
0
-1
-2
-2
-1
-2
-1
-2
-1
-1
0
0
-1
-3
-5
-3
-3
-3
-1
-1
-1
-2
-1
1
0
-2
-2
-2
-1
-2
-2
-2
-1
-2
-4
-6
-7
-8
-7
-9
-9
-9
-9
-7
-8
-9
-8
-8
-6
-5
-5
-4
-4
-1
-1
1
0
1
-1
0
0
1
3
3
4
5
4
3
2
4
6
8
7
8
9
6
6
5
5
7
8
8
7
6
7
7
5
6
8
5
2
0
0
-2
-4
-3
-2
-5
-8
-10
-10
-9
-9
-10
-11
-11
-9
-9
-9
-9
-8
-6
-7
-8
-7
-5
-3
-2
0
1
0
-1
1
2
1
0
1
2
4
3
3
3
1
-1
-1
-1
-2
-1
0
0
-1
1
2
3
4
6
6
7
8
7
8
8
9
11
9
8
7
9
8
7
7
6
5
5
5
5
6
6
8
8
5
4
3
4
4
3
3
3
3
3
3
3
3
2
1
1
1
1
-1
0
0
-3
-5
-4
-3
-5
-6
-8
-8
-9
-11
-13
-11
-12
-13
-16
-16
-15
-16
-16
-16
-18
-17
-15
-14
-14
-14
-13
-11
-10
-9
-10
-9
-6
-8
-8
-6
-5
-4
-3
-4
-4
-4
-1
0
-1
-3
-1
0
1
1
2
2
2
4
6
7
9
9
10
10
13
17
17
17
20
22
22
20
22
23
26
27
26
25
24
25
24
23
23
21
20
21
21
20
19
19
23
21
18
17
15
15
12
11
9
6
5
4
2
0
0
0
-2
-5
-6
-11
-14
-18
-20
-22
-24
-28
-30
-33
-37
-40
-41
-43
-44
-43
-46
-46
-47
-48
-47
-45
-45
-45
-46
-44
-41
-37
-34
-35
-34
-34
-32
-31
-28
-23
-20
-20
-18
-15
-13
-12
-9
-4
-2
1
4
9
16
19
23
24
29
33
37
40
41
43
47
50
53
54
55
58
59
59
60
61
60
60
62
63
62
63
63
61
57
57
56
54
52
49
45
43
41
38
35
29
24
18
13
10
7
2
-2
-8
-16
-23
-29
-34
-37
-40
-46
-50
-55
-59
-62
-66
-67
-68
-70
-72
-76
-76
-76
-77
-75
-73
-73
-71
-70
-69
-71
-67
-63
-59
-59
-57
-54
-52
-47
-44
-43
-39
-35
-33
-29
-25
-19
-12
-8
-5
1
4
8
12
19
26
32
36
41
42
45
48
50
55
60
64
68
68
71
72
76
78
78
79
78
75
74
73
72
70
68
69
66
62
57
53
51
50
49
47
43
40
39
38
34
28
24
20
17
13
8
2
-7
-12
-15
-18
-22
-28
-35
-41
-47
-52
-55
-58
-62
-70
-76
-80
-82
-83
-82
-85
-89
-93
-93
-89
-86
-82
-84
-84
-83
-78
-71
-64
-57
-54
-54
-52
-48
-44
-39
-34
-29
-23
-19
-14
-8
-1
6
10
14
19
22
28
34
40
45
49
52
56
59
62
67
70
72
74
75
76
78
76
74
73
72
73
68
65
64
62
59
54
51
48
46
44
45
51
51
48
42
32
25
23
24
22
16
9
2
0
-1
-4
-9
-16
-27
-33
-34
-35
-37
-43
-50
-55
-62
-66
-70
-73
-74
-74
-70
-65
-65
-68
-74
-77
-77
-73
-70
-69
-69
-67
-67
-68
-70
-68
-62
-56
-48
-43
-40
-39
-35
-25
-15
-5
0
0
2
6
15
24
31
31
31
39
50
60
65
63
52
45
43
49
59
63
58
50
42
43
45
54
62
66
63
57
53
54
56
57
61
64
68
67
65
59
52
49
45
45
45
41
37
33
29
23
17
9
1
-5
-10
-13
-14
-17
-24
-33
-37
-41
-41
-37
-33
-35
-42
-51
-56
-56
-53
-49
-45
-46
-53
-60
-65
-65
-58
-53
-51
-56
-64
-77
-84
-83
-75
-67
-67
-70
-68
-64
-57
-49
-44
-43
-44
-38
-24
-11
-7
-4
-1
8
20
31
39
44
43
39
37
41
50
58
59
53
46
41
35
33
31
30
28
28
27
28
27
26
25
21
19
19
24
34
41
41
30
22
24
36
51
65
71
64
45
25
17
25
44
63
71
64
45
20
3
7
29
49
49
28
-2
-28
-39
-34
-19
-12
-19
-38
-58
-72
-78
-74
-66
-64
-68
-71
-66
-53
-37
-35
-40
-48
-53
-48
-27
14
61
90
72
5
-66
-78
-1
121
194
153
23
-112
-169
-126
-35
25
12
-61
-137
-160
-123
-60
-21
-33
-76
-105
-87
-31
22
50
47
34
35
64
117
162
169
132
88
63
60
68
76
86
89
62
-1
-83
-142
-134
-71
-2
19
-24
-99
-165
-187
-143
-56
27
70
64
23
-23
-37
-5
60
127
157
150
132
124
119
108
84
58
36
25
21
16
-5
-41
-87
-133
-164
-162
-124
-77
-53
-70
-109
-145
-146
-107
-45
14
41
32
5
-9
1
32
76
112
124
109
74
36
15
29
64
83
62
26
-4
-26
-47
-60
-58
-48
-40
-37
-32
-28
-27
-34
-42
-45
-35
-9
25
61
79
59
15
-15
-10
22
62
96
108
81
27
-15
-21
3
36
60
62
40
-3
-41
-60
-52
-26
-9
-6
-10
-10
-12
-27
-49
-62
-55
-31
-1
25
27
2
-28
-43
-33
-13
10
37
57
47
7
-28
-24
7
26
25
15
12
8
-6
-32
-49
-49
-35
-13
1
-2
-14
-29
-44
-54
-48
-19
25
54
54
22
-19
-36
-20
21
66
96
101
74
26
-12
-17
4
34
58
70
63
41
7
-25
-42
-46
-37
-16
14
37
36
0
-54
-96
-99
-60
0
52
68
44
-2
-43
-63
-61
-41
-5
27
38
28
8
-9
-23
-38
-49
-40
-15
7
11
-6
-29
-43
-41
-27
-12
-6
-9
-20
-29
-28
-20
-7
9
19
15
-3
-22
-27
-16
1
17
27
30
24
7
-11
-20
-22
-17
-9
4
16
22
20
6
-7
-13
-10
5
24
43
53
48
31
15
7
10
19
28
34
36
35
26
11
-3
-9
0
16
30
32
18
0
-11
-12
0
17
35
43
33
14
-2
-6
-3
1
5
11
13
9
5
-4
-13
-21
-22
-15
-4
2
1
-8
-20
-30
-28
-15
0
9
9
3
-9
-19
-31
-33
-26
-17
-12
-15
-22
-27
-26
-21
-19
-20
-24
-30
-39
-43
-40
-32
-23
-17
-13
-15
-18
-24
-30
-32
-29
-18
0
17
27
23
10
-6
-15
-16
-9
6
24
35
33
18
-3
-14
-12
3
21
35
40
37
28
22
20
26
36
47
56
61
57
47
33
25
22
29
38
45
43
29
17
12
12
17
22
18
9
-1
-6
-7
-6
-9
-10
-8
-1
6
4
-6
-19
-28
-26
-14
-2
1
-9
-24
-37
-44
-43
-37
-26
-19
-21
-29
-38
-44
-46
-45
-36
-23
-10
-1
-4
-15
-30
-40
-40
-33
-22
-10
-5
-6
-10
-16
-24
-31
-31
-24
-11
1
8
8
3
-1
-4
-2
6
18
29
39
39
36
30
27
27
33
36
37
35
31
26
21
19
18
19
18
18
15
14
14
16
22
28
31
31
29
25
25
25
23
20
14
14
16
16
14
9
2
-5
-7
-7
-2
-3
-6
-15
-27
-34
-33
-24
-16
-14
-19
-28
-38
-43
-40
-34
-26
-20
-17
-19
-25
-28
-31
-31
-30
-26
-23
-21
-17
-17
-21
-23
-25
-26
-23
-19
-14
-11
-13
-16
-17
-13
-8
-2
0
-1
-4
-10
-13
-10
-2
6
13
17
17
16
17
18
21
25
29
36
40
43
37
37
38
40
43
46
47
46
43
37
32
28
28
30
30
31
28
22
15
11
8
5
4
6
7
5
-1
-6
-11
-15
-13
-8
-3
-2
-3
-7
-13
-16
-17
-16
-13
-11
-10
-16
-22
-24
-26
-29
-30
-30
-29
-25
-22
-20
-24
-28
-31
-31
-27
-22
-17
-15
-16
-20
-26
-27
-24
-16
-11
-8
-8
-7
-6
-8
-7
-5
-1
0
-1
0
2
3
4
7
8
11
13
15
16
15
13
15
17
18
17
14
13
11
9
10
12
16
16
14
11
9
5
3
2
2
4
8
11
12
10
8
4
0
-1
5
12
14
13
9
3
-1
-1
3
6
6
5
2
1
-2
-3
-4
-1
3
3
-1
-8
-13
-11
-7
-4
-1
2
1
0
-5
-9
-10
-8
-4
1
2
1
1
2
2
0
-3
-3
0
2
2
-1
-2
-4
-6
-4
0
2
1
0
-4
-8
-13
-13
-6
0
5
4
-1
-5
-7
-3
1
4
7
7
6
6
3
2
2
3
3
4
5
6
5
1
-2
-5
-4
-1
0
2
-1
-5
-6
-5
-5
-4
-4
-4
-3
-3
-2
-3
-5
-5
-5
-4
-7
-7
-6
-7
-6
-3
1
4
2
3
3
3
2
1
0
1
0
-1
1
2
3
2
0
1
2
6
6
5
6
4
5
5
3
3
6
6
2
1
1
0
1
0
-2
-1
-1
-3
-4
-5
-4
-1
1
4
5
3
3
1
-1
-2
-2
0
3
4
2
1
-1
-4
-4
-3
-1
-2
-3
-4
-5
-3
-2
1
1
-1
-2
-1
-2
-3
-2
-4
-3
-1
-1
-1
-3
-3
-3
-2
-3
-3
-4
-6
-4
-4
-6
-9
-10
-10
-6
-2
1
2
3
2
1
1
3
9
12
11
8
8
8
8
8
10
11
10
7
5
4
6
5
5
3
-1
-3
0
0
-2
-1
1
4
3
3
4
7
7
7
6
6
4
4
5
6
7
2
-2
-2
0
2
2
3
1
-4
-6
-6
-4
-3
-1
-3
-6
-7
-8
-9
-7
-4
-4
-3
-3
-3
-5
-3
1
3
3
1
-1
-2
0
1
0
-4
-6
-9
-12
-10
-7
-5
-5
-4
-4
-5
-6
-5
-3
-3
-3
-5
-3
-5
-6
-5
-3
-5
-7
-7
-7
-7
-2
0
3
2
2
1
2
4
3
5
9
8
7
4
3
5
6
8
8
9
8
8
7
3
0
-2
-1
-1
-1
-3
0
3
2
0
-2
-1
-1
0
