0
-1
-1
-2
-1
-3
-3
-4
-4
-5
-3
-2
-2
-2
0
2
1
3
0
0
2
3
4
3
3
4
5
5
5
5
6
6
7
8
6
4
1
-3
-6
-11
-13
-13
-14
-14
-13
-11
-12
-12
-12
-12
-12
-11
-7
-5
-4
-1
1
2
4
6
8
9
9
10
11
10
7
6
5
5
4
5
3
1
-1
-2
-2
-2
-2
-2
-1
-3
-5
-4
-6
-8
-9
-8
-9
-8
-8
-9
-8
-8
-8
-7
-9
-10
-10
-9
-8
-6
-4
-2
1
3
4
6
7
8
10
11
13
15
15
14
13
14
13
12
11
12
9
8
7
5
3
2
1
0
-1
-1
-3
-3
-5
-4
-5
-4
-5
-6
-6
-6
-7
-5
-4
-3
-2
-2
-1
-2
0
-2
-2
-1
-1
-3
-3
-2
-1
-1
0
1
2
4
5
5
6
7
5
6
8
9
8
6
5
4
3
3
3
0
-3
-3
-4
-4
-3
-2
0
1
3
4
5
5
3
2
1
-2
-2
-2
-4
-4
-4
-5
-5
-7
-7
-7
-9
-9
-9
-10
-8
-8
-6
-5
-4
-3
-1
0
2
3
3
5
6
6
7
6
8
8
5
4
2
-2
-3
-5
-4
-3
-1
-1
-1
-1
-2
-2
0
0
2
4
4
4
6
6
6
4
3
1
1
0
-2
-3
-5
-6
-7
-9
-9
-8
-8
-9
-9
-9
-6
-4
-4
-2
1
2
3
3
5
7
8
7
9
10
9
8
6
6
6
5
3
3
2
2
1
-1
0
0
0
-1
-1
-2
-3
-2
-1
0
1
1
2
2
2
2
-1
-2
-1
-1
-1
1
3
2
3
3
1
0
-1
-4
-4
-4
-3
-1
0
1
2
1
0
-1
1
1
0
1
-1
0
0
-1
-1
-2
-2
-4
-5
-5
-6
-7
-6
-6
-7
-6
-6
-5
-4
-3
0
2
1
2
2
2
3
4
5
5
7
7
9
11
11
10
10
6
5
6
3
6
3
3
3
3
1
0
-1
-2
-2
-4
-6
-7
-6
-7
-8
-6
-6
-9
-9
-5
-2
2
3
2
1
1
1
2
4
6
8
6
6
5
2
1
-1
-2
-5
-6
-7
-7
-6
-6
-6
-6
-6
-7
-10
-14
-15
-9
-3
1
4
6
6
7
4
3
3
3
6
8
10
11
12
9
6
1
-1
-3
-1
0
0
-1
-1
-4
-5
-5
-2
-3
-3
1
4
5
5
4
5
5
4
4
6
9
10
11
11
12
8
3
-1
-3
-3
-4
-4
-4
-3
-2
-4
-8
-11
-11
-10
-7
-3
0
2
-1
-1
-4
-4
-3
-2
0
2
5
5
5
2
0
-3
-7
-7
-6
-3
-1
1
2
3
2
-1
-4
-7
-8
-8
-9
-9
-12
-12
-12
-13
-12
-9
-6
-4
-5
-4
-4
-7
-8
-8
-3
3
8
13
15
13
13
11
6
4
2
1
3
4
7
8
12
14
15
11
8
8
10
8
8
9
8
8
10
9
6
2
-1
-1
-2
-2
-2
-3
0
1
-3
-7
-9
-9
-8
-9
-6
-3
4
11
13
11
7
5
-1
-7
-8
-7
-4
-2
-5
-7
-8
-9
-10
-13
-15
-15
-10
-4
-1
0
3
0
0
0
-3
-1
1
0
-2
-6
-9
-10
-8
-7
-7
-9
-9
-7
-5
-6
-4
-2
-2
1
3
5
7
8
10
5
-2
-5
-4
-1
-4
-7
2
8
6
5
7
7
1
-8
-13
-13
-4
1
5
12
21
29
26
23
21
15
5
-3
0
7
11
15
20
26
25
22
14
4
-5
-8
-7
-3
6
13
9
0
-6
-12
-10
-7
-5
-11
-15
-9
-5
-8
-12
-10
-9
-11
-12
-3
10
20
17
8
0
-1
3
2
0
1
4
1
-6
-11
-10
-16
-29
-37
-29
-12
-1
-2
-10
-18
-32
-39
-34
-16
2
8
5
4
8
8
6
4
0
-6
-11
-6
6
20
22
13
4
-2
-4
2
13
16
11
9
8
8
-1
-6
-6
-4
-5
-2
4
16
22
15
-3
-10
-1
-1
-5
-3
10
17
8
7
17
22
11
-3
-2
7
8
9
10
11
4
-1
0
2
0
-8
-22
-29
-18
-12
-14
-18
-11
-3
-3
4
18
23
13
-3
-16
-16
-12
-7
-1
5
5
-3
-4
6
9
-3
-19
-21
-10
-4
3
15
30
27
8
3
10
13
8
5
9
13
11
9
11
10
0
-17
-21
-13
1
9
14
17
8
-4
-11
-8
-2
1
-6
-11
-8
2
5
2
9
12
-1
-18
-14
7
18
7
1
3
9
8
2
4
7
-8
-24
-25
-15
-7
-11
-14
-13
-10
-11
-21
-22
-17
-22
-34
-36
-15
8
15
10
7
14
17
9
2
-2
-7
-8
-2
13
17
18
22
21
12
-2
-6
-4
-4
-12
-17
-5
9
8
-9
-21
-16
-4
-1
-1
10
18
10
-5
0
8
7
-2
-7
-10
-13
-19
-14
12
31
33
20
18
31
38
23
3
1
1
-18
-35
-26
-7
2
-7
-10
-7
-4
0
1
0
-6
-15
-15
-8
-1
4
14
25
26
18
6
8
14
14
-2
-15
-13
-3
0
0
5
11
16
10
19
26
29
20
10
1
-14
-21
-22
-1
14
18
6
0
0
-3
-19
-33
-28
-18
-6
-5
4
16
17
6
-3
-8
-12
-11
-8
-2
6
15
20
10
-3
-11
-20
-25
-28
-27
-22
-11
5
15
5
-3
-8
-8
-12
-14
-10
-8
-14
-16
-6
2
4
7
7
-5
-9
-11
-14
-10
-1
-4
-8
0
7
10
3
3
7
18
20
7
8
18
30
38
29
2
-12
-17
-19
-17
-13
-9
-12
-10
-5
6
17
18
10
2
-8
-8
8
17
18
9
1
-2
-2
-1
-3
-5
0
12
26
26
9
-8
-15
-12
-4
0
5
21
35
35
24
15
2
-26
-60
-69
-48
-16
9
22
20
9
-3
-7
-7
-3
0
5
13
18
13
7
2
-11
-26
-36
-22
10
40
49
43
32
12
-8
-16
-17
-11
-7
-11
-6
6
16
19
7
-10
-27
-35
-22
6
34
33
14
-13
-25
-30
-29
-35
-28
-9
9
34
48
48
35
7
-18
-46
-49
-21
14
41
48
46
46
11
-26
-27
-33
-13
0
14
23
-1
-26
-44
-52
-46
-47
-48
-27
-5
32
38
8
-19
-46
-53
-45
-18
18
40
46
48
29
4
-21
-46
-44
-40
-4
43
59
52
23
-3
-22
-49
-41
-22
6
42
45
53
47
16
-22
-60
-63
-22
14
47
52
38
30
3
-6
-8
-8
4
6
39
60
49
33
-4
-36
-26
-18
12
41
47
43
7
-14
-25
-38
-30
-34
-37
-12
6
18
-8
-34
-26
-35
-19
17
27
41
59
57
11
-33
-43
-58
-46
3
12
33
53
53
32
15
10
-20
-58
-57
-36
-19
29
62
75
54
20
-6
-36
-33
-24
-43
-26
8
11
3
18
14
-20
-36
-42
-54
-40
-10
3
21
28
8
-24
-32
-35
-53
-30
-1
-1
-12
1
13
-6
-5
1
-9
-14
11
10
11
10
-4
-20
-14
0
-14
4
53
69
43
22
-9
-42
-74
-62
-37
-6
55
78
72
61
34
-8
-44
-55
-70
-78
-27
58
116
137
107
39
-10
-47
-67
-71
-30
6
11
20
46
57
28
-25
-80
-110
-102
-63
-14
33
74
56
18
10
-3
-28
-27
10
47
44
40
35
9
13
0
-22
-14
-8
-15
-28
-13
20
11
3
-11
-31
-24
7
38
47
16
-32
-62
-42
-2
9
31
50
46
18
-10
-13
3
2
-5
-23
-19
23
32
6
9
28
3
-38
-26
-4
16
43
62
72
51
0
-31
-17
-11
-12
-21
-15
-12
-18
-10
19
32
27
8
-21
-64
-83
-65
-47
-24
3
5
37
72
51
17
-1
-16
-57
-102
-100
-74
-15
44
39
49
44
9
-28
-25
16
17
-18
-12
-27
-28
-18
-8
19
14
4
17
26
41
49
36
20
-31
-73
-75
-53
-26
-19
6
47
49
34
14
16
34
14
-25
-47
-40
-30
-32
-12
37
79
84
46
31
47
22
-29
-83
-54
-30
-62
-5
74
94
81
53
-1
-43
-91
-99
-87
-43
24
58
95
92
52
3
-19
-30
-46
-65
-46
15
45
49
36
40
19
-50
-82
-39
26
23
2
8
13
-5
-17
-3
44
55
-4
-48
-53
-28
-49
-73
-50
-21
10
55
94
94
58
20
-18
-61
-75
-69
-41
1
38
54
52
54
38
-3
-27
-23
-3
-3
-30
-25
2
24
8
8
50
63
20
-9
34
73
22
-61
-81
-47
-13
1
15
43
55
17
-26
-25
-13
-28
-18
-12
-5
8
26
15
-34
-53
-35
6
53
82
78
47
3
-21
-11
-6
-8
-42
-63
-34
21
52
36
0
-38
-69
-74
-62
-29
6
-1
-37
-68
-50
9
57
66
70
61
40
-19
-45
-24
-42
-93
-106
-40
49
84
75
69
39
-23
-86
-106
-80
-49
-12
20
41
60
54
24
-4
-48
-77
-56
-1
44
61
73
76
46
-8
-32
-13
5
-6
-5
13
53
60
6
-24
-16
-22
-50
-36
20
39
14
-5
-5
4
23
31
45
49
37
10
-19
-8
1
-9
-18
-26
-32
-4
28
34
15
-19
-41
-47
-21
1
2
-6
-18
-34
-44
-27
15
48
69
88
91
88
40
-37
-91
-78
-56
-37
-5
39
64
53
38
36
29
-18
-60
-65
-43
-11
0
-17
-18
-25
-20
41
120
148
105
46
2
-44
-60
-68
-78
-67
-63
-24
47
105
104
38
-29
-73
-115
-115
-70
-24
-11
-22
-2
32
54
50
36
58
81
63
38
0
-42
-105
-137
-100
-53
-6
46
62
49
40
26
6
-29
-65
-98
-95
-31
36
88
104
96
83
51
14
-6
-13
-32
-74
-91
-50
10
32
26
11
-30
-74
-90
-77
-50
-31
-17
6
33
46
36
16
-1
-35
-83
-83
-28
28
69
99
107
95
50
4
-40
-69
-83
-78
-50
-26
-22
-12
22
46
53
20
9
19
15
5
2
9
-4
-20
-25
-1
39
81
104
97
68
31
-6
-41
-49
-44
-28
-1
24
49
67
63
38
14
-11
-29
-40
-44
-39
-30
-13
-9
-4
0
5
23
37
46
48
36
6
-22
-40
-27
-7
-13
-29
-35
-18
-12
-12
-12
-10
-12
-20
-24
-8
17
36
41
17
1
-5
-5
-2
1
7
4
-9
-20
-31
-29
-22
-17
-10
-7
-13
-8
3
20
37
44
45
28
13
4
-1
-13
-33
-42
-27
-8
6
30
49
49
13
-24
-40
-46
-49
-55
-52
-40
-21
7
29
38
41
32
17
11
16
24
25
9
-6
-16
-11
5
24
33
32
16
-10
-34
-49
-59
-72
-84
-78
-40
8
43
57
61
62
55
41
29
26
16
-2
-27
-45
-50
-54
-59
-64
-60
-49
-35
-20
-17
-16
-19
-24
-30
-29
-10
16
33
36
35
33
36
34
33
33
24
18
7
-1
-1
-3
-5
-12
-12
1
10
10
9
10
2
-13
-21
-14
4
21
32
35
35
36
37
30
23
19
23
28
36
48
53
54
46
30
22
20
15
2
-11
-17
-17
-18
-16
-8
2
8
-4
-21
-35
-52
-80
-99
-99
-84
-67
-46
-20
5
26
28
17
17
24
31
37
43
52
58
47
27
7
0
-1
-10
-25
-39
-51
-60
-67
-69
-68
-67
-59
-50
-27
2
19
22
15
4
1
5
22
43
64
81
87
88
84
78
65
46
34
31
30
32
21
2
-19
-39
-58
-77
-86
-90
-95
-103
-101
-85
-56
-29
-8
11
37
61
73
72
62
50
35
23
22
33
51
62
51
25
-1
-29
-68
-104
-124
-129
-130
-119
-83
-45
-17
-4
4
7
11
14
16
14
19
32
51
77
105
133
148
143
121
94
57
7
-50
-95
-120
-127
-109
-76
-40
-14
-3
-4
-15
-22
-17
-18
-24
-13
10
45
83
118
139
141
122
90
52
11
-31
-77
-123
-157
-164
-139
-88
-27
19
48
50
30
-7
-44
-82
-115
-127
-109
-57
11
86
147
182
189
174
144
105
65
22
-17
-52
-71
-73
-61
-46
-33
-26
-26
-31
-41
-48
-52
-56
-53
-40
-11
21
56
83
96
88
67
51
45
50
55
57
50
30
-8
-47
-83
-108
-122
-121
-108
-77
-24
32
71
85
77
50
12
-15
-24
-20
-15
-5
10
37
77
121
147
146
115
59
-9
-76
-132
-163
-168
-148
-103
-34
37
91
109
96
57
5
-41
-72
-84
-77
-58
-31
-8
13
30
35
28
9
-13
-49
-96
-145
-182
-197
-194
-169
-126
-76
-26
10
21
14
-5
-32
-66
-92
-87
-44
27
99
160
204
226
227
208
192
181
171
154
132
120
122
135
142
141
138
132
125
124
125
119
106
78
52
46
60
86
106
102
74
33
-13
-52
-78
-92
-109
-130
-147
-160
-171
-197
-241
-300
-356
-382
-373
-332
-277
-214
-165
-145
-135
-130
-132
-148
-174
-205
-229
-242
-243
-233
-224
-221
-226
-239
-249
-251
-252
-263
-283
-293
-277
-222
-133
-16
112
228
327
403
473
548
635
730
830
924
1004
1052
1057
1017
937
829
697
544
380
232
121
30
-63
-154
-231
-289
-312
-275
-183
-67
34
98
135
165
207
254
279
264
211
136
49
-32
-113
-212
-340
-481
-600
-672
-704
-733
-794
-894
-1007
-1084
-1095
-1035
-923
-780
-626
-470
-329
-217
-151
-147
-204
-292
-368
-413
-426
-415
-393
-369
-349
-333
-316
-295
-280
-278
-275
-262
-230
-174
-71
113
415
831
1345
1891
2358
2655
2762
2696
2456
2044
1512
921
343
-130
-423
-531
-521
-468
-445
-491
-544
-536
-461
-366
-261
-120
70
343
708
1123
1484
1695
1717
1551
1236
835
381
-144
-733
-1296
-1734
-1978
-2026
-1922
-1744
-1568
-1415
-1280
-1140
-994
-867
-785
-736
-662
-515
-302
-82
88
171
164
92
-18
-146
-278
-416
-564
-691
-762
-772
-768
-789
-835
-884
-895
-848
-739
-605
-466
-320
-173
-26
127
282
420
570
821
1245
1833
2490
3040
3340
3368
3191
2834
2299
1626
874
111
-537
-923
-1009
-888
-699
-570
-549
-551
-474
-317
-174
-83
-33
13
141
439
911
1411
1775
1935
1903
1738
1498
1163
656
-28
-778
-1446
-1922
-2165
-2204
-2128
-2042
-1954
-1817
-1597
-1328
-1082
-907
-802
-688
-511
-275
-20
213
372
428
405
349
289
190
4
-270
-568
-823
-1006
-1140
-1242
-1309
-1350
-1349
-1272
-1114
-931
-758
-588
-406
-193
72
382
666
863
979
1031
1007
914
796
717
757
975
1365
1857
2341
2695
2805
2634
2216
1608
873
116
-515
-895
-972
-791
-461
-119
126
204
111
-85
-290
-469
-620
-682
-542
-164
392
1021
1593
1960
2053
1889
1499
910
187
-584
-1319
-1897
-2188
-2127
-1795
-1331
-854
-471
-240
-164
-225
-413
-686
-957
-1135
-1142
-942
-568
-151
163
302
264
91
-154
-420
-679
-896
-1019
-1032
-945
-783
-601
-477
-459
-508
-558
-580
-560
-505
-432
-343
-199
12
249
467
633
710
684
580
426
213
-64
-351
-526
-451
-50
650
1541
2479
3248
3653
3672
3373
2753
1814
696
-365
-1167
-1556
-1489
-1119
-682
-325
-134
-160
-331
-518
-689
-879
-1003
-889
-478
193
1038
1895
2529
2793
2707
2329
1695
860
-87
-1067
-1961
-2585
-2797
-2604
-2124
-1490
-828
-225
282
641
766
652
361
-4
-332
-504
-470
-305
-126
-29
-59
-205
-447
-790
-1207
-1590
-1825
-1876
-1729
-1383
-933
-548
-312
-180
-99
-37
51
182
313
421
539
675
778
801
709
451
42
-409
-811
-1151
-1423
-1607
-1691
-1631
-1321
-666
314
1483
2679
3746
4468
4655
4301
3517
2408
1095
-219
-1301
-1974
-2130
-1817
-1237
-630
-177
10
-92
-369
-643
-812
-857
-735
-360
288
1120
1989
2740
3215
3282
2912
2184
1222
153
-913
-1874
-2620
-3003
-2908
-2365
-1522
-555
378
1118
1551
1674
1539
1177
641
22
-562
-986
-1192
-1211
-1147
-1098
-1123
-1235
-1404
-1585
-1732
-1809
-1808
-1725
-1526
-1171
-670
-131
332
664
836
853
759
619
467
294
77
-176
-402
-519
-527
-539
-643
-804
-948
-1052
-1115
-1130
-1089
-1012
-890
-658
-195
610
1714
2912
3967
4684
4891
4526
3699
2600
1354
78
-1035
-1775
-2012
-1752
-1174
-570
-199
-169
-422
-805
-1088
-1095
-819
-389
128
794
1634
2554
3374
3897
3952
3516
2719
1731
654
-436
-1464
-2353
-2987
-3187
-2846
-2063
-1126
-332
157
330
258
19
-321
-695
-1025
-1233
-1227
-990
-618
-260
-44
-41
-223
-485
-761
-1044
-1316
-1526
-1648
-1697
-1665
-1505
-1230
-914
-598
-278
18
248
411
516
567
582
582
547
459
356
294
263
198
52
-180
-489
-822
-1112
-1334
-1483
-1563
-1552
-1382
-907
43
1470
3073
4396
5150
5300
4938
4176
3107
1793
349
-996
-1968
-2361
-2115
-1399
-617
-165
-141
-331
-448
-372
-180
4
118
248
553
1156
2013
2881
3433
3435
2901
2029
1016
-87
-1304
-2560
-3636
-4270
-4281
-3650
-2536
-1275
-226
425
722
829
811
599
140
-456
-965
-1237
-1247
-1028
-651
-235
53
117
4
-174
-400
-769
-1309
-1856
-2164
-2098
-1681
-1014
-227
541
1140
1467
1526
1411
1193
867
457
120
8
89
208
261
252
192
43
-212
-518
-791
-1024
-1280
-1569
-1797
-1863
-1780
-1601
-1199
-257
1394
3437
5254
6433
6885
6600
5574
3959
2032
29
-1832
-3295
-4064
-3941
-3029
-1841
-1003
-748
-825
-905
-894
-862
-822
-742
-567
-151
688
1957
3338
4369
4699
4276
3318
2084
691
-877
-2529
-3980
-4923
-5147
-4601
-3410
-1926
-595
322
851
1162
1329
1281
962
469
26
-194
-168
45
338
559
546
213
-346
-936
-1430
-1860
-2249
-2470
-2359
-1899
-1213
-446
311
992
1528
1829
1860
1669
1357
990
596
247
40
-30
-84
-234
-456
-647
-774
-915
-1168
-1541
-1903
-2102
-2099
-1957
-1721
-1441
-1185
-880
-201
1191
3191
5126
6283
6508
6083
5196
3833
2066
118
-1768
-3329
-4246
-4239
-3301
-1892
-779
-470
-772
-1102
-1124
-956
-784
-591
-259
318
1279
2708
4346
5595
5910
5191
3764
2088
431
-1209
-2849
-4263
-5101
-5165
-4485
-3220
-1671
-278
589
907
948
967
962
809
515
261
233
430
718
935
957
697
121
-675
-1456
-2019
-2335
-2492
-2471
-2140
-1477
-657
100
668
982
1043
938
787
628
425
167
-91
-217
-114
161
385
353
47
-398
-829
-1143
-1332
-1466
-1637
-1823
-1882
-1717
-1405
-1152
-1119
-1318
-1548
-1360
-260
1818
4219
6018
6785
6721
6130
5067
3466
1373
-951
-3039
-4363
-4559
-3614
-1992
-571
-98
-533
-1160
-1346
-1071
-658
-286
116
722
1731
3225
4910
6134
6292
5260
3454
1502
-199
-1672
-3114
-4476
-5401
-5546
-4832
-3455
-1801
-363
502
827
970
1240
1605
1802
1684
1368
1098
956
831
553
28
-744
-1689
-2615
-3247
-3377
-3060
-2553
-2013
-1363
-541
294
893
1150
1094
825
509
349
422
597
655
500
259
124
118
65
-209
-676
-1153
-1504
-1691
-1702
-1572
-1443
-1465
-1584
-1597
-1421
-1198
-1097
-1149
-1216
-1012
-150
1644
4171
6629
8108
8279
7444
6008
4109
1742
-925
-3431
-5194
-5795
-5134
-3489
-1543
-177
93
-456
-1038
-1113
-729
-194
354
1019
1969
3293
4879
6300
6937
6348
4591
2228
-51
-1855
-3248
-4447
-5421
-5887
-5591
-4547
-3028
-1457
-251
401
651
870
1274
1720
1898
1652
1117
543
86
-244
-540
-897
-1350
-1845
-2234
-2331
-2064
-1598
-1197
-936
-673
-288
149
496
670
664
552
484
588
828
986
852
425
-73
-427
-602
-739
-955
-1214
-1400
-1447
-1363
-1190
-1025
-1000
-1164
-1369
-1397
-1175
-853
-595
-430
-201
387
1679
3770
6144
7877
8307
7439
5691
3454
956
-1640
-4064
-5875
-6614
-6044
-4289
-1886
276
1374
1235
458
-145
-188
220
847
1568
2379
3335
4460
5563
6184
5807
4238
1797
-809
-2914
-4278
-5091
-5598
-5804
-5531
-4645
-3213
-1535
-55
866
1212
1314
1542
1943
2252
2188
1718
1020
312
-292
-773
-1148
-1421
-1628
-1791
-1830
-1660
-1371
-1198
-1289
-1519
-1636
-1486
-1086
-520
120
740
1277
1722
2067
2207
1943
1196
184
-695
-1158
-1230
-1121
-1019
-977
-969
-976
-1016
-1126
-1368
-1768
-2199
-2353
-1993
-1215
-352
337
817
1213
1766
2768
4346
6155
7410
7451
6256
4316
2088
-238
-2569
-4669
-6118
-6500
-5629
-3665
-1124
1164
2394
2318
1462
697
525
880
1449
2024
2567
3147
3826
4493
4774
4233
2695
430
-1934
-3758
-4749
-5091
-5120
-4970
-4530
-3655
-2351
-828
551
1456
1814
1847
1850
1940
1983
1744
1119
220
-689
-1344
-1624
-1590
-1411
-1267
-1277
-1433
-1612
-1736
-1862
-2028
-2099
-1864
-1235
-289
794
1785
2457
2714
2619
2257
1649
815
-129
-974
-1509
-1622
-1390
-1041
-786
-695
-763
-964
-1219
-1450
-1651
-1822
-1841
-1525
-848
4
775
1297
1541
1626
1844
2553
3881
5435
6430
6261
4937
2922
685
-1503
-3457
-4907
-5529
-5109
-3638
-1364
1145
3039
3586
2748
1258
54
-361
-35
705
1520
2222
2789
3264
3589
3501
2670
992
-1200
-3225
-4466
-4754
-4382
-3779
-3207
-2678
-2045
-1200
-188
765
1411
1678
1723
1778
1916
1965
1644
796
-462
-1791
-2803
-3238
-3070
-2499
-1853
-1402
-1238
-1267
-1369
-1483
-1538
-1394
-908
-52
1069
2254
3219
3694
3524
2748
1555
206
-1041
-1975
-2462
-2456
-2032
-1394
-783
-377
-240
-355
-641
-975
-1244
-1374
-1303
-960
-327
455
1134
1518
1574
1405
1254
1471
2333
3753
5142
5757
5270
3915
2114
173
-1696
-3245
-4192
-4297
-3494
-1924
45
1800
2630
2170
802
-587
-1282
-1115
-331
708
1687
2425
2897
3156
3174
2774
1772
241
-1420
-2653
-3133
-2993
-2638
-2390
-2298
-2248
-2086
-1698
-1071
-353
264
713
1057
1356
1535
1395
764
-318
-1582
-2653
-3213
-3107
-2383
-1320
-335
223
280
-19
-486
-951
-1211
-1050
-380
673
1849
2861
3436
3375
2623
1330
-189
-1564
-2509
-2882
-2638
-1860
-829
25
374
202
-262
-750
-1091
-1228
-1161
-914
-520
-24
495
898
1029
830
415
86
244
1224
2992
4983
6314
6366
5142
3105
788
-1404
-3174
-4288
-4566
-3924
-2452
-493
1371
2409
2127
688
-1081
-2235
-2284
-1274
387
2141
3489
4207
4353
4060
3349
2181
648
-944
-2165
-2720
-2641
-2266
-2004
-2131
-2655
-3285
-3605
-3342
-2563
-1530
-446
608
1557
2206
2335
1862
903
-318
-1531
-2402
-2622
-2101
-1064
55
860
1152
931
311
-512
-1219
-1456
-1081
-251
770
1749
2435
2559
1997
904
-382
-1542
-2375
-2736
-2496
-1638
-413
694
1262
1167
569
-248
-967
-1295
-1111
-583
-12
437
794
1064
1082
674
-86
-886
-1408
-1411
-664
1032
3485
5828
6889
6167
4174
1785
-456
-2304
-3518
-3877
-3354
-2114
-385
1530
3044
3308
1854
-729
-3024
-3838
-2977
-1054
1115
2899
3920
4089
3639
2926
2100
1054
-248
-1479
-2126
-1957
-1336
-988
-1419
-2579
-4002
-5094
-5309
-4367
-2532
-487
1164
2232
2805
2903
2397
1271
-134
-1265
-1741
-1487
-603
688
1899
2382
1775
376
-1095
-2107
-2572
-2546
-1974
-883
402
1428
1940
1907
1354
342
-863
-1746
-1857
-1230
-371
241
542
687
707
520
152
-240
-519
-616
-489
-140
302
567
404
-157
-784
-1120
-1118
-980
-862
-763
-654
-475
45
1306
3245
4956
5308
4121
2292
772
-191
-775
-1078
-1054
-664
64
1071
2192
2886
2304
87
-2857
-4856
-4859
-3161
-826
1202
2472
2968
2953
2769
2567
2175
1323
55
-1103
-1500
-1011
-298
-286
-1288
-2827
-4158
-4704
-4138
-2543
-585
860
1412
1392
1294
1214
872
140
-617
-856
-386
547
1582
2359
2430
1404
-571
-2610
-3671
-3405
-2302
-1043
74
1016
1651
1760
1305
461
-559
-1573
-2265
-2146
-977
730
1934
1992
1169
152
-615
-1009
-1002
-659
-231
7
61
149
323
306
-191
-1003
-1542
-1381
-672
41
346
188
-297
-889
-1162
-498
1369
3726
5216
5126
4025
2852
1880
930
64
-415
-392
-12
611
1446
2158
1890
-16
-2963
-5278
-5642
-4104
-1678
652
2341
3195
3263
2825
2235
1627
855
-134
-964
-1023
-155
948
1226
225
-1535
-3172
-4127
-4189
-3320
-1823
-410
297
316
150
98
-42
-514
-1047
-1084
-449
510
1358
1858
1828
1074
-324
-1753
-2383
-1877
-723
269
697
670
341
-295
-1137
-1842
-2096
-1886
-1389
-596
633
2034
2788
2277
842
-529
-1137
-972
-374
332
847
907
479
-136
-552
-678
-764
-962
-1053
-720
-24
578
663
174
-584
-1216
-1367
-680
1105
3669
5863
6455
5303
3393
1709
532
-178
-335
76
738
1265
1574
1749
1489
144
-2341
-4851
-5866
-4800
-2332
331
2208
2826
2238
962
-260
-866
-809
-451
-80
398
1186
2076
2364
1457
-484
-2654
-4221
-4741
-4129
-2671
-1048
-59
-45
-648
-1230
-1488
-1552
-1522
-1207
-437
591
1536
2240
2629
2519
1759
586
-404
-680
-256
285
318
-272
-1146
-1892
-2242
-2080
-1459
-631
68
484
787
1209
1621
1580
923
94
-286
12
756
1527
1934
1720
914
-102
-806
-936
-701
-543
-677
-942
-1076
-1023
-918
-904
-1008
-1094
-944
-369
776
2513
4466
5749
5550
4005
2146
863
324
310
577
863
929
730
440
191
-264
-1445
-3398
-5205
-5667
-4422
-2189
-98
1000
832
-171
-1119
-1257
-461
787
1825
2328
2463
2560
2577
2049
646
-1336
-3118
-3972
-3607
-2301
-805
55
-147
-1195
-2411
-3087
-2969
-2315
-1466
-489
670
1894
2945
3607
3720
3211
2237
1182
449
216
326
360
-27
-798
-1570
-1961
-1802
-1193
-449
75
210
76
-54
49
349
596
620
546
652
1051
1580
1917
1819
1258
432
-365
-903
-1133
-1205
-1323
-1586
-1908
-2116
-2081
-1790
-1364
-970
-661
-373
2
550
1386
2594
3957
4802
4510
3253
1835
884
493
453
503
465
314
144
28
-127
-674
-1995
-3869
-5324
-5410
-4030
-1951
-183
595
386
-206
-454
-27
888
1838
2470
2766
2982
3245
3282
2650
1249
-465
-1785
-2258
-1962
-1394
-1115
-1461
-2381
-3461
-4119
-3943
-2988
-1663
-291
1067
2355
3345
3797
3659
3074
2281
1519
953
686
715
835
733
255
-432
-1040
-1424
-1621
-1704
-1711
-1692
-1710
-1722
-1559
-1080
-356
363
896
1290
1668
1981
2062
1854
1468
980
376
-324
-997
-1513
-1846
-2077
-2265
-2347
-2237
-1949
-1567
-1158
-793
-554
-447
-325
112
1199
2887
4417
4865
4122
2947
2069
1678
1621
1648
1507
1075
413
-250
-728
-1233
-2344
-4152
-5735
-5944
-4558
-2369
-418
572
444
-318
-833
-435
860
2452
3678
4306
4560
4689
4586
3869
2360
372
-1476
-2637
-2923
-2626
-2358
-2576
-3257
-4006
-4329
-3894
-2789
-1490
-371
568
1397
2033
2427
2665
2814
2894
2937
2936
2855
2689
2373
1748
791
-301
-1311
-2171
-2843
-3229
-3286
-3123
-2899
-2641
-2199
-1445
-469
461
1117
1454
1530
1427
1313
1399
1727
2052
2045
1573
707
-350
-1350
-2081
-2513
-2726
-2715
-2400
-1810
-1211
-942
-1164
-1715
-2224
-2229
-1261
861
3550
5547
5954
5024
3685
2616
1997
1739
1603
1375
1035
687
400
44
-823
-2571
-4766
-6208
-5978
-4244
-1995
-311
206
-263
-938
-1000
-103
1513
3205
4381
4933
5149
5156
4665
3400
1561
-267
-1551
-2067
-1913
-1500
-1412
-2033
-3237
-4426
-4967
-4645
-3755
-2713
-1648
-520
546
1369
2002
2591
3119
3477
3648
3674
3571
3259
2566
1449
189
-860
-1622
-2192
-2514
-2521
-2416
-2483
-2719
-2862
-2698
-2235
-1644
-1057
-466
174
776
1223
1560
1931
2307
2484
2344
1942
1333
512
-436
-1253
-1712
-1844
-1863
-1896
-1891
-1828
-1890
-2246
-2698
-2822
-2348
-1234
588
2959
4983
5559
4599
3132
2090
1674
1729
2092
2529
2747
2543
1912
1002
-181
-1835
-3800
-5214
-5259
-4019
-2301
-934
-432
-880
-1801
-2374
-1971
-560
1394
3264
4589
5200
5142
4533
3490
2231
1126
509
406
545
545
60
-1077
-2691
-4297
-5354
-5515
-4848
-3752
-2548
-1318
-219
432
571
518
620
1022
1714
2542
3261
3609
3411
2712
1847
1208
785
271
-404
-988
-1372
-1740
-2197
-2617
-2900
-3055
-3065
-2786
-2102
-1163
-389
-74
-26
174
655
1241
1753
2072
2044
1616
1012
498
169
-38
-207
-349
-417
-418
-506
-870
-1518
-2258
-2822
-2998
-2644
-1608
169
2239
3530
3278
2015
964
749
1271
2299
3550
4476
4560
3772
2602
1572
574
-828
-2435
-3346
-3056
-2068
-1245
-1116
-1829
-3133
-4335
-4587
-3451
-1260
1132
2889
3664
3554
2899
2137
1609
1506
1812
2321
2717
2709
2142
954
-680
-2268
-3278
-3459
-2960
-2234
-1751
-1690
-1917
-2390
-3087
-3635
-3505
-2530
-1008
602
1866
2557
2778
2717
2494
2290
2288
2428
2453
2286
2026
1647
1045
200
-801
-1815
-2646
-3131
-3267
-3113
-2776
-2449
-2269
-2174
-1984
-1581
-933
-84
776
1402
1757
2041
2455
2922
3151
2890
2123
1126
242
-344
-698
-1027
-1486
-2084
-2694
-3115
-3091
-2346
-911
490
952
488
150
625
1653
2721
3579
4081
4087
3682
3114
2648
2320
1733
569
-752
-1527
-1657
-1691
-2054
-2801
-3778
-4564
-4686
-3916
-2482
-842
495
1110
1018
686
674
1179
2022
2949
3679
4003
3864
3312
2460
1439
494
-197
-589
-735
-895
-1435
-2448
-3605
-4560
-5254
-5558
-5170
-4002
-2368
-799
283
772
1021
1468
2166
2988
3856
4616
4959
4740
4182
3497
2674
1567
169
-1252
-2333
-2902
-3123
-3264
-3389
-3501
-3597
-3619
-3425
-2908
-2171
-1339
-473
396
1245
2002
2589
2856
2731
2334
1796
1262
882
736
654
285
-450
-1360
-2176
-2688
-2778
-2294
-1121
384
1314
1054
190
-314
-186
391
1268
2372
3396
4005
3986
3333
2393
1407
357
-605
-1095
-933
-486
-251
-488
-1306
-2435
-3461
-4009
-3833
-2942
-1547
-217
552
656
432
480
1047
2005
3044
3778
3985
3650
3070
2472
1816
1066
169
-760
-1543
-2186
-2855
-3641
-4330
-4771
-4968
-4735
-3930
-2680
-1352
-272
457
989
1686
2605
3429
4006
4371
4459
4125
3399
2475
1512
695
75
-507
-1107
-1645
-2133
-2606
-2975
-3116
-3084
-2957
-2710
-2342
-1771
-974
-201
292
520
669
793
897
1007
1040
995
986
1028
1092
1106
979
559
-78
-617
-965
-1180
-1259
-1169
-834
-209
409
505
16
-330
-112
529
1399
2270
2863
2945
2600
2076
1664
1648
1729
1409
745
19
-623
-1378
-2227
-2965
-3500
-3624
-3396
-2861
-1987
-996
-215
142
308
572
1003
1778
2748
3615
4105
3941
3143
1956
915
220
-305
-694
-1132
-1779
-2599
-3423
-3976
-4162
-3869
-3274
-2645
-1850
-856
111
753
1032
1164
1331
1765
2412
2991
3387
3465
3071
2238
1334
692
259
-59
-325
-621
-943
-1306
-1708
-2052
-2131
-1906
-1579
-1318
-1205
-1290
-1469
-1534
-1344
-867
-195
459
907
1159
1276
1218
1030
835
661
512
385
310
286
251
55
-480
-1227
-1853
-2097
-1771
-937
-69
330
305
363
670
1191
1897
2615
3106
3216
3028
2646
2184
1697
906
-196
-1193
-1818
-2085
-2236
-2361
-2553
-2882
-3158
-3249
-2902
-1977
-704
591
1584
2219
2472
2443
2461
2543
2604
2513
2136
1537
803
142
-354
-723
-966
-1251
-1569
-1808
-1942
-1907
-1759
-1574
-1486
-1436
-1167
-698
-136
424
817
1004
1075
1178
1274
1338
1521
1766
1910
1939
1897
1779
1483
1033
488
-85
-573
-991
-1384
-1718
-1954
-2088
-2177
-2244
-2289
-2317
-2207
-1904
-1410
-768
-105
491
978
1379
1689
1827
1777
1546
1135
597
-54
-719
-1291
-1700
-1917
-2026
-2047
-1945
-1682
-1246
-730
-116
653
1361
1750
1817
1984
2429
2872
3055
2851
2347
1705
1033
429
-133
-599
-1020
-1489
-1835
-1954
-1805
-1549
-1368
-1211
-1017
-685
-287
60
394
601
694
750
808
924
1038
1214
1366
1385
1306
1056
704
394
249
315
412
480
415
159
-209
-702
-1197
-1563
-1724
-1674
-1514
-1226
-880
-556
-240
33
331
696
1115
1483
1671
1713
1601
1329
992
647
327
-10
-383
-783
-1214
-1618
-1978
-2230
-2258
-2034
-1597
-1060
-549
-143
123
318
481
626
734
748
648
425
129
-219
-590
-949
-1263
-1477
-1576
-1579
-1531
-1436
-1256
-977
-616
-196
233
672
1118
1579
2029
2316
2260
1874
1473
1247
1155
1137
1151
1120
942
641
318
29
-169
-352
-589
-780
-840
-784
-773
-834
-911
-992
-993
-906
-730
-467
-163
168
437
636
794
951
1227
1577
1903
2111
2096
1829
1322
763
318
7
-194
-379
-575
-773
-930
-1004
-1032
-1019
-968
-864
-664
-369
4
344
523
526
415
297
153
-7
-148
-315
-520
-718
-810
-823
-832
-808
-720
-528
-231
86
323
391
380
377
397
443
455
419
285
47
-239
-576
-911
-1236
-1523
-1720
-1829
-1802
-1653
-1457
-1272
-1133
-953
-726
-473
-175
126
409
588
664
711
766
897
1071
1285
1544
1693
1562
1149
763
609
589
616
637
656
642
528
356
130
-81
-271
-467
-545
-478
-275
-72
-25
-76
-130
-48
156
367
583
723
790
825
819
806
765
764
786
745
705
661
580
428
240
131
76
78
101
80
38
-36
-123
-220
-343
-460
-579
-670
-718
-751
-797
-905
-1041
-1119
-1121
-1097
-1106
-1123
-1113
-1066
-958
-782
-552
-295
-48
156
300
416
527
620
675
678
636
550
415
232
39
-140
-308
-476
-653
-861
-1092
-1287
-1394
-1413
-1343
-1197
-1023
-844
-650
-429
-214
-20
150
295
438
591
749
873
924
893
787
667
576
564
691
861
893
706
485
392
361
374
443
536
615
633
627
598
574
544
413
283
284
444
674
781
760
630
456
315
199
206
288
344
357
279
166
44
-28
-20
-29
-11
35
38
-8
-72
-38
50
126
180
159
89
-39
-216
-392
-560
-690
-823
-979
-1115
-1221
-1269
-1310
-1377
-1412
-1378
-1267
-1131
-967
-759
-572
-402
-219
-14
194
355
454
464
416
357
278
213
187
202
217
172
79
-47
-153
-209
-242
-257
-263
-267
-260
-244
-219
-222
-236
-227
-212
-181
-129
-78
-67
-100
-124
-112
-55
35
113
156
164
143
96
22
-53
-84
14
277
554
656
579
495
506
596
748
941
1137
1301
1417
1499
1559
1576
1485
1287
1075
918
838
783
643
365
14
-298
-524
-634
-605
-522
-464
-440
-460
-524
-590
-567
-462
-327
-172
-48
-6
-39
-120
-203
-260
-293
-323
-380
-459
-554
-629
-645
-647
-659
-651
-609
-565
-552
-579
-669
-805
-903
-918
-880
-814
-745
-709
-728
-754
-716
-612
-457
-274
-72
152
370
560
691
765
812
868
943
988
958
853
679
495
355
279
242
204
150
54
-71
-175
-243
-270
-259
-220
-162
-122
-117
-153
-217
-286
-367
-446
-513
-575
-644
-714
-739
-707
-618
-455
-244
-14
213
429
676
958
1199
1302
1314
1379
1497
1609
1682
1691
1630
1508
1382
1273
1167
1059
892
679
483
336
243
127
-58
-308
-575
-789
-952
-1047
-1089
-1127
-1153
-1181
-1194
-1163
-1055
-860
-663
-499
-351
-221
-110
-38
20
92
169
228
218
137
3
-165
-354
-578
-819
-1025
-1156
-1206
-1203
-1151
-1064
-979
-910
-842
-745
-622
-471
-294
-112
72
258
435
561
609
603
577
569
599
675
785
878
912
875
785
680
599
548
497
409
277
99
-116
-341
-531
-670
-765
-828
-851
-841
-816
-776
-728
-667
-574
-433
-265
-105
27
132
201
244
287
359
473
618
798
984
1115
1161
1164
1210
1310
1441
1583
1695
1761
1757
1684
1558
1397
1224
1009
731
419
130
-98
-314
-553
-791
-1006
-1190
-1324
-1353
-1275
-1155
-1017
-905
-848
-809
-732
-613
-524
-469
-398
-327
-287
-297
-340
-400
-469
-514
-549
-592
-642
-682
-702
-733
-768
-786
-797
-807
-810
-784
-745
-714
-673
-613
-559
-503
-393
-204
24
276
544
789
983
1131
1243
1308
1340
1370
1381
1348
1262
1124
925
659
380
142
-44
-191
-316
-428
-525
-592
-613
-593
-539
-471
-401
-342
-304
-284
-267
-245
-220
-196
-160
-118
-86
-66
-47
-28
-13
14
66
142
238
369
531
682
799
887
960
1006
998
918
789
675
602
556
527
493
449
396
350
329
347
375
365
294
187
72
-19
-79
-140
-233
-349
-456
-564
-682
-794
-891
-951
-967
-953
-929
-892
-831
-770
-724
-679
-622
-556
-493
-452
-446
-480
-533
-590
-639
-666
-658
-619
-563
-497
-419
-316
-183
-27
140
314
493
658
790
873
910
903
860
790
706
615
528
456
385
299
204
123
69
37
23
32
43
40
25
0
-18
-23
-17
-38
-99
-175
-252
-325
-394
-444
-463
-451
-401
-314
-199
-45
135
304
416
464
476
463
434
409
395
386
364
319
256
198
192
235
277
283
286
324
392
478
584
696
784
830
834
790
700
573
414
233
35
-153
-295
-390
-461
-533
-603
-654
-688
-688
-645
-594
-549
-507
-462
-434
-432
-444
-482
-564
-666
-742
-776
-776
-751
-719
-700
-679
-640
-591
-549
-501
-417
-304
-212
-164
-151
-158
-186
-227
-257
-259
-224
-145
-52
27
106
212
334
452
586
754
938
1097
1208
1244
1194
1073
909
734
572
441
323
186
26
-130
-243
-307
-332
-324
-283
-213
-130
-39
57
138
195
239
267
275
272
261
228
156
65
-28
-108
-156
-159
-124
-69
-1
68
123
156
168
172
178
189
209
229
225
168
71
-28
-108
-156
-162
-132
-82
-17
66
153
220
266
284
276
244
195
140
73
-15
-138
-281
-423
-544
-624
-659
-672
-670
-641
-587
-529
-454
-346
-229
-140
-86
-66
-80
-117
-171
-243
-337
-442
-548
-646
-721
-758
-754
-716
-663
-597
-512
-405
-281
-146
-9
109
207
299
379
442
499
564
627
680
719
737
728
709
712
747
794
835
869
887
880
838
776
703
607
485
354
225
100
-15
-108
-184
-240
-257
-230
-182
-129
-66
5
68
126
179
218
231
212
156
65
-48
-167
-304
-465
-629
-759
-838
-867
-861
-831
-777
-699
-599
-479
-352
-225
-117
-28
61
146
210
241
242
222
200
191
184
167
146
118
82
42
20
37
88
145
180
177
143
77
-10
-100
-174
-216
-234
-245
-261
-273
-279
-280
-292
-304
-308
-302
-282
-252
-217
-199
-205
-233
-280
-334
-379
-408
-425
-442
-457
-449
-413
-341
-231
-91
63
230
407
584
744
878
987
1073
1145
1196
1219
1204
1157
1080
973
846
724
630
562
514
473
434
395
351
296
235
184
140
90
21
-58
-137
-215
-300
-394
-485
-560
-612
-657
-704
-742
-762
-774
-785
-785
-768
-745
-726
-710
-695
-682
-667
-652
-643
-637
-620
-584
-531
-471
-396
-288
-153
-22
85
169
241
316
394
461
505
529
534
518
480
435
391
345
300
255
201
147
114
97
90
99
130
172
222
274
306
306
282
245
204
160
124
89
42
-24
-108
-194
-261
-304
-329
-350
-365
-373
-377
-386
-391
-370
-313
-241
-172
-106
-33
38
104
169
239
319
407
495
575
638
689
719
722
706
685
664
629
574
498
408
315
224
141
63
-10
-74
-125
-172
-223
-270
-305
-338
-370
-393
-405
-406
-404
-410
-435
-471
-502
-529
-561
-589
-604
-610
-615
-622
-619
-600
-566
-518
-463
-392
-304
-206
-110
-31
24
62
98
136
172
201
222
229
223
216
210
206
198
186
174
168
164
168
190
228
269
315
377
438
481
505
509
499
488
486
480
458
429
391
333
259
189
127
66
-1
-75
-157
-236
-303
-348
-371
-388
-406
-427
-446
-454
-442
-408
-361
-298
-221
-139
-66
-4
49
100
149
197
243
283
309
312
294
261
225
194
171
150
119
81
55
36
21
13
13
15
17
20
20
15
14
19
27
29
31
29
14
-18
-57
-97
-130
-157
-179
-198
-208
-215
-224
-241
-269
-299
-324
-346
-364
-373
-366
-347
-326
-308
-296
-285
-264
-233
-198
-159
-114
-69
-35
-8
15
33
59
92
122
144
158
168
175
180
183
182
190
207
218
221
225
234
247
265
292
324
362
394
405
391
362
331
297
262
232
211
189
156
106
45
-19
-77
-125
-161
-185
-201
-205
-210
-220
-227
-226
-221
-208
-184
-155
-126
-95
-63
-35
-11
12
35
59
75
84
89
94
97
87
60
31
8
-6
-20
-28
-29
-22
-15
-9
-3
7
20
33
45
64
92
119
131
118
96
76
55
31
7
-19
-54
-96
-143
-197
-255
-308
-358
-399
-419
-414
-399
-390
-391
-391
-379
-351
-309
-253
-186
-115
-49
0
34
53
66
74
83
98
116
132
137
128
115
100
92
100
121
143
162
178
195
210
225
238
250
264
277
282
280
282
280
268
246
227
218
211
192
157
118
80
49
20
-6
-15
-9
0
-2
-15
-31
-43
-55
-65
-66
-53
-27
-1
18
30
35
37
30
19
13
10
4
-13
-37
-57
-74
-91
-105
-123
-138
-147
-148
-148
-150
-143
-132
-118
-102
-85
-63
-41
-21
-6
-2
-4
-4
3
8
7
-3
-28
-64
-104
-134
-149
-161
-176
-195
-215
-233
-245
-250
-250
-245
-231
-216
-204
-199
-191
-176
-151
-119
-80
-39
4
54
102
143
171
192
209
222
228
228
229
228
224
213
198
179
153
124
92
62
37
16
2
-13
-26
-28
-25
-17
-5
12
29
45
56
57
52
53
65
82
101
129
158
177
184
179
170
164
168
179
190
204
217
216
204
187
181
180
180
176
164
151
132
108
80
54
33
10
-20
-51
-82
-111
-140
-167
-200
-232
-260
-281
-297
-304
-302
-304
-311
-320
-324
-320
-308
-284
-257
-235
-217
-199
-183
-169
-165
-164
-168
-170
-171
-170
-162
-156
-148
-135
-120
-102
-85
-65
-47
-33
-19
0
21
43
69
92
113
134
158
175
186
195
204
207
212
220
227
237
242
242
235
226
220
224
227
224
215
207
198
187
171
147
110
79
57
42
31
24
14
-4
-32
-58
-77
-88
-84
-72
-57
-42
-25
-12
-8
0
19
47
75
98
118
132
138
135
124
108
92
82
75
64
47
17
-20
-66
-108
-139
-166
-193
-223
-257
-291
-315
-327
-332
-335
-336
-336
-331
-317
-291
-262
-240
-224
-211
-196
-183
-171
-158
-135
-101
-63
-26
3
20
32
42
51
61
78
97
110
125
138
149
154
161
167
173
178
179
173
169
173
179
177
171
164
163
165
165
163
161
153
144
141
144
147
147
147
145
138
130
119
109
100
95
88
84
81
76
64
53
43
35
28
19
13
6
-6
-24
-44
-57
-70
-83
-95
-106
-119
-132
-145
-158
-166
-167
-171
-181
-188
-193
-197
-206
-210
-208
-201
-194
-188
-180
-165
-152
-141
-129
-116
-104
-93
-84
-69
-50
-32
-25
-33
-41
-43
-42
-42
-44
-43
-44
-47
-55
-60
-55
-37
-18
3
23
44
64
84
103
127
157
183
204
216
228
241
252
257
252
241
231
212
185
153
127
105
84
68
55
42
27
13
1
-7
-6
-2
-1
-1
-1
0
-4
-7
-5
1
10
19
26
29
27
25
22
21
23
23
24
20
13
5
-4
-13
-20
-24
-25
-30
-40
-54
-62
-72
-80
-89
-99
-112
-125
-137
-150
-163
-170
-171
-175
-178
-181
-179
-179
-178
-175
-167
-154
-138
-117
-98
-81
-68
-55
-41
-25
-10
0
2
-1
-2
-2
-3
-2
1
8
19
31
46
60
66
68
69
78
95
117
136
151
162
171
174
174
174
179
181
171
156
148
143
142
144
146
141
134
127
121
111
103
95
82
64
49
40
33
22
14
5
-4
-9
-10
-13
-21
-27
-28
-28
-29
-31
-33
-35
-38
-35
-30
-32
-40
-52
-66
-81
-90
-92
-95
-100
-104
-106
-111
-118
-126
-134
-143
-149
-156
-158
-156
-153
-152
-155
-163
-169
-169
-164
-156
-145
-133
-119
-106
-90
-73
-57
-44
-34
-29
-22
-15
-10
-4
0
4
11
17
26
37
46
51
55
56
58
62
71
84
97
112
129
147
159
166
168
165
164
165
165
170
178
181
177
168
162
154
145
137
129
121
109
98
88
76
62
50
41
34
27
21
16
11
5
-3
-11
-18
-18
-16
-13
-14
-19
-26
-34
-40
-45
-51
-60
-67
-71
-71
-64
-61
-63
-71
-79
-86
-89
-96
-99
-97
-94
-94
-97
-97
-99
-104
-113
-119
-124
-127
-127
-127
-126
-129
-130
-131
-131
-130
-124
-119
-119
-119
-118
-113
-102
-84
-65
-47
-31
-14
0
11
19
23
32
39
48
57
64
71
74
76
80
87
95
98
98
98
105
111
120
126
132
137
141
143
146
151
155
155
149
142
134
133
133
133
131
126
118
107
94
85
78
71
65
57
47
37
27
22
19
14
7
-2
-13
-25
-36
-46
-55
-66
-72
-77
-82
-84
-85
-88
-90
-94
-95
-92
-85
-78
-70
-66
-61
-58
-56
-56
-50
-42
-40
-41
-45
-48
-56
-63
-74
-86
-98
-105
-113
-124
-132
-137
-135
-133
-130
-124
-118
-111
-105
-101
-99
-90
-81
-73
-66
-60
-58
-55
-53
-49
-41
-33
-24
-13
1
12
24
35
51
64
73
86
98
110
119
124
128
134
141
149
155
159
159
155
149
142
141
145
144
136
126
119
114
109
103
97
91
86
78
66
56
54
55
56
55
51
49
47
48
48
48
44
36
25
15
7
-3
-10
-17
-24
-36
-46
-57
-65
-73
-78
-80
-82
-86
-87
-85
-81
-78
-77
-76
-77
-76
-76
-77
-76
-72
-69
-66
-63
-61
-55
-52
-52
-53
-52
-52
-50
-55
-63
-69
-78
-84
-91
-96
-101
-107
-111
-115
-121
-128
-128
-128
-123
-115
-106
-96
-87
-79
-72
-63
-48
-28
-8
10
24
36
50
64
82
99
116
133
144
152
155
159
164
170
176
181
183
181
173
163
150
136
126
119
112
105
98
89
78
66
60
59
59
55
50
43
33
23
18
15
13
9
3
-6
-17
-26
-33
-38
-42
-39
-40
-39
-42
-47
-52
-57
-63
-69
-75
-76
-79
-87
-97
-107
-111
-115
-115
-109
-101
-94
-91
-87
-82
-76
-70
-63
-51
-38
-29
-21
-15
-8
-2
7
14
16
16
13
10
8
8
8
6
1
-6
-12
-18
-23
-28
-31
-34
-38
-43
-43
-45
-46
-45
-43
-38
-32
-26
-19
-8
3
16
30
42
54
67
82
94
104
113
119
121
120
121
120
119
118
115
108
99
92
86
79
72
66
61
53
44
38
31
24
15
7
0
-7
-11
-15
-21
-26
-31
-30
-30
-28
-25
-24
-27
-29
-30
-33
-37
-40
-42
-43
-47
-51
-59
-66
-70
-72
-70
-70
-72
-78
-87
-92
-93
-89
-86
-82
-78
-75
-69
-63
-56
-50
-43
-34
-22
-11
2
15
26
34
42
51
61
70
76
80
83
82
79
75
70
62
52
41
32
23
16
8
-3
-14
-23
-32
-40
-46
-50
-54
-58
-60
-61
-61
-56
-48
-39
-35
-31
-23
-12
-2
9
19
29
37
45
53
63
72
76
75
74
74
71
66
57
46
37
26
16
10
3
-1
-4
-6
-6
-6
-6
-4
-1
1
5
11
18
24
28
31
34
36
39
40
40
34
28
23
20
19
18
13
2
-14
-27
-38
-48
-59
-67
-75
-81
-87
-95
-98
-101
-100
-98
-96
-89
-82
-70
-61
-51
-36
-22
-7
8
21
33
43
52
59
66
74
77
79
80
80
76
67
57
47
35
25
17
8
-1
-11
-23
-35
-43
-50
-56
-63
-71
-74
-75
-75
-75
-74
-71
-67
-62
-55
-46
-36
-25
-19
-11
-2
9
19
27
35
41
46
53
60
65
70
74
78
79
79
81
83
89
93
95
95
94
92
85
76
70
66
64
64
61
61
61
59
52
44
37
31
26
18
12
5
-5
-17
-28
-38
-48
-57
-69
-82
-94
-106
-121
-135
-147
-155
-162
-167
-168
-171
-172
-170
-167
-160
-150
-138
-127
-114
-100
-82
-68
-55
-42
-29
-16
0
19
37
50
60
69
78
89
100
107
111
110
105
100
95
90
88
86
82
78
73
68
64
59
52
46
41
33
29
25
25
27
26
25
24
26
29
28
25
25
29
35
41
45
49
49
49
48
45
42
39
36
31
27
23
20
14
11
9
8
6
4
3
3
1
0
-2
-2
-2
0
-2
-6
-12
-20
-28
-37
-45
-52
-58
-64
-69
-75
-84
-96
-108
-120
-127
-132
-134
-131
-129
-127
-127
-127
-125
-120
-111
-105
-100
-99
-97
-96
-92
-85
-74
-59
-47
-34
-22
-10
-1
8
16
23
34
48
62
73
85
97
106
118
126
135
142
147
150
154
158
160
163
164
162
160
154
149
142
137
131
123
113
99
86
73
61
51
41
33
27
18
13
3
-5
-11
-14
-16
-15
-15
-17
-20
-26
-32
-36
-42
-48
-57
-67
-76
-79
-83
-87
-89
-91
-94
-94
-96
-95
-94
-93
-92
-90
-90
-92
-93
-95
-97
-95
-93
-90
-88
-86
-83
-77
-72
-66
-62
-61
-61
-59
-55
-54
-51
-48
-42
-35
-32
-30
-27
-24
-20
-16
-12
-6
0
6
12
18
26
36
43
47
50
51
51
55
58
62
69
75
79
82
88
94
98
104
109
113
117
121
122
124
123
122
122
120
118
114
109
104
97
92
88
88
85
82
80
76
71
67
59
48
37
26
14
4
-8
-21
-32
-42
-51
-59
-67
-75
-78
-82
-81
-80
-78
-75
-76
-75
-77
-79
-80
-83
-88
-94
-99
-104
-110
-117
-123
-128
-129
-126
-124
-120
-117
-113
-110
-106
-100
-94
-84
-76
-66
-58
-52
-47
-37
-29
-22
-15
-7
4
14
21
28
35
41
48
55
59
62
64
62
61
59
60
60
61
59
57
57
56
56
54
55
53
54
57
59
61
60
58
54
52
50
48
47
43
43
41
36
35
36
36
35
36
35
37
41
46
50
54
57
58
60
56
51
46
41
35
32
26
22
17
15
14
12
11
11
10
7
0
-3
-4
-7
-8
-10
-14
-20
-25
-29
-35
-43
-51
-60
-69
-77
-84
-86
-88
-91
-97
-101
-105
-107
-107
-107
-108
-110
-110
-110
-111
-112
-110
-108
-106
-102
-96
-91
-84
-77
-70
-64
-54
-43
-34
-26
-17
-7
3
11
19
30
40
50
58
65
71
77
83
88
92
97
100
102
103
102
102
99
93
88
84
78
74
68
62
59
59
60
60
63
66
68
68
69
70
69
67
68
65
62
60
56
53
46
41
35
27
19
12
7
2
-5
-8
-13
-15
-17
-19
-20
-22
-23
-25
-28
-31
-34
-37
-40
-42
-42
-44
-44
-45
-44
-47
-47
-50
-52
-54
-56
-59
-64
-66
-71
-78
-83
-88
-94
-96
-99
-100
-99
-95
-93
-92
-91
-87
-83
-79
-74
-69
-64
-59
-54
-48
-42
-38
-34
-29
-25
-19
-13
-7
1
8
18
25
31
37
43
50
55
62
67
72
76
81
81
83
87
87
88
91
91
93
93
92
94
95
95
94
94
92
90
86
83
80
76
72
65
60
56
51
47
43
36
31
26
21
17
12
9
5
0
-8
-16
-20
-27
-35
-44
-52
-58
-64
-68
-73
-79
-80
-83
-83
-86
-84
-82
-77
-74
-72
-66
-63
-57
-53
-48
-42
-37
-34
-30
-27
-26
-24
-20
-18
-17
-15
-17
-18
-20
-19
-18
-17
-15
-12
-9
-7
-9
-9
-6
-4
-1
1
3
7
10
14
15
18
19
20
21
21
21
22
22
19
17
16
15
16
16
16
14
14
13
14
15
17
19
22
23
24
25
27
27
31
34
37
38
40
41
40
43
45
47
48
48
47
44
43
40
36
33
29
26
22
17
10
4
2
-1
-5
-10
-13
-18
-23
-27
-32
-38
-40
-40
-42
-44
-47
-48
-50
-52
-52
-54
-52
-50
-50
-49
-48
-51
-50
-50
-48
-46
-44
-40
-39
-36
-34
-30
-26
-21
-17
-14
-10
-7
-2
1
4
6
9
13
16
21
25
29
31
33
33
33
36
39
42
41
42
41
40
37
36
33
29
26
22
20
16
14
13
11
8
6
6
6
7
5
4
2
3
2
3
3
4
5
4
5
2
2
3
4
6
7
7
9
9
8
8
9
9
11
11
9
7
6
4
3
2
0
0
-1
-4
-7
-6
-6
-5
-5
-4
-5
-6
-7
-8
-10
-11
-15
-16
-15
-16
-17
-19
-22
-23
-25
-27
-26
-28
-28
-29
-30
-30
-30
-29
-26
-23
-20
-19
-17
-16
-13
-11
-8
-6
-3
0
2
4
9
10
11
14
17
21
22
21
20
19
18
22
22
24
24
24
25
23
23
24
26
25
24
23
21
19
17
14
12
12
9
6
4
2
-1
-2
-2
-2
-1
-3
-4
-3
-5
-4
-4
-4
-4
-6
-7
-8
-11
-14
-14
-16
-15
-16
-16
-16
-16
-18
-17
-16
-14
-14
-12
-12
-13
-13
-13
-11
-11
-8
-9
-8
-7
-5
-3
-2
-1
0
-2
-4
-6
-6
-7
-8
-8
-7
-7
-7
-8
-11
-11
-11
-9
-6
-5
-4
-3
-2
0
2
6
6
7
9
10
15
15
17
16
15
15
15
16
18
17
17
18
18
18
19
20
22
23
22
22
23
24
24
24
24
23
24
24
23
22
20
18
16
13
11
9
7
6
3
2
1
-1
-4
-7
-8
-9
-9
-10
-11
-10
-11
-12
-15
-15
-16
-15
-19
-21
-22
-24
-27
-29
-28
-31
-31
-32
-32
-31
-32
-31
-29
-28
-27
-26
-24
-23
-21
-20
-20
-18
-17
-14
-12
-11
-10
-8
-9
-9
-7
-6
-1
2
2
2
2
3
4
4
4
6
7
7
8
11
14
15
14
15
16
17
18
19
19
19
21
22
22
23
21
20
19
19
18
19
20
21
20
19
19
18
19
20
21
21
20
17
17
17
16
13
12
10
8
7
4
3
1
-1
-2
-3
-3
-2
-2
-3
-4
-5
-5
-9
-9
-10
-9
-9
-10
-12
-14
-15
-15
-16
-16
-17
-19
-18
-19
-20
-19
-19
-18
-19
-18
-20
-20
-20
-20
-17
-16
-16
-16
-16
-15
-16
-14
-14
-12
-11
-9
-8
-7
-3
-5
-4
-4
-4
-2
0
3
6
9
11
13
13
14
15
18
18
18
18
17
17
18
17
16
16
15
13
13
12
11
11
11
9
10
11
11
10
10
11
10
8
8
10
10
10
8
6
4
2
3
4
5
6
6
6
6
4
1
-2
-3
-4
-6
-6
-7
-9
-9
-10
-11
-11
-12
-11
-12
-13
-13
-11
-11
-11
-9
-10
-12
-11
-13
-12
-12
-12
-12
-13
-13
-12
-11
-11
-10
-12
-11
-11
-9
-9
-9
-8
-10
-10
-12
-14
-13
-13
-13
-10
-10
-10
-9
-6
-4
-3
-2
-1
2
4
6
8
11
13
14
15
15
17
16
16
17
17
16
16
16
15
15
15
15
13
11
10
9
11
11
9
7
7
6
7
5
5
5
6
6
6
8
8
7
7
7
7
6
7
6
7
6
5
7
7
7
7
6
7
7
6
8
8
9
9
10
10
7
6
4
2
1
1
0
-3
-3
-5
-7
-9
-8
-9
-9
-9
-9
-10
-10
-11
-12
-13
-15
-17
-18
-20
-21
-22
-24
-24
-25
-26
-27
-29
-30
-31
-30
-29
-28
-27
-26
-25
-25
-24
-24
-22
-20
-17
-15
-14
-13
-10
-8
-5
-2
2
4
7
9
11
13
14
14
16
17
18
19
18
20
20
20
21
23
25
24
25
24
24
26
27
26
26
25
25
25
24
23
24
23
23
22
20
18
16
18
17
17
18
16
16
15
15
15
14
14
14
11
9
6
4
4
4
3
1
-2
-4
-6
-7
-8
-9
-11
-12
-14
-17
-21
-23
-22
-24
-26
-26
-27
-28
-29
-30
-31
-31
-31
-32
-32
-32
-33
-32
-31
-32
-32
-31
-31
-31
-30
-29
-29
-26
-25
-23
-21
-20
-17
-15
-13
-10
-9
-6
-4
-2
1
4
7
8
10
12
14
17
19
24
26
27
29
31
33
35
36
39
40
40
42
43
42
39
37
37
35
33
32
29
29
26
23
21
20
18
15
12
9
7
6
5
3
2
0
-1
-3
-7
-7
-7
-8
-7
-9
-9
-9
-9
-9
-11
-12
-13
-13
-15
-15
-16
-17
-19
-19
-19
-18
-18
-19
-19
-17
-17
-18
-17
-16
-15
-14
-15
-14
-15
-15
-15
-13
-13
-13
-11
-10
-8
-8
-6
-6
-5
-4
-4
-2
-3
-3
-2
-2
-1
-1
-2
-2
-2
-2
-2
-3
-3
-4
-4
-4
-1
-1
2
2
1
2
4
6
8
9
10
10
12
13
13
16
17
18
18
18
18
19
20
17
17
16
15
14
13
13
13
10
9
10
9
7
5
5
5
4
3
1
0
-3
-4
-5
-6
-7
-8
-9
-9
-8
-8
-7
-9
-8
-8
-8
-7
-5
-5
-3
-3
-1
-1
0
0
-1
-1
