0
-3
-3
0
2
-2
-2
-3
-3
-2
2
2
2
-2
-3
-2
1
4
5
5
3
3
3
4
4
3
3
4
6
7
9
7
6
6
6
6
7
9
8
6
6
7
6
6
6
5
3
4
2
2
5
7
7
5
6
3
0
1
2
2
2
0
0
2
2
1
0
-1
-2
-1
-2
-4
-2
-3
-3
-5
-7
-6
-5
-4
-3
-4
-5
-6
-5
-5
-6
-7
-6
-6
-6
-7
-7
-4
-1
-1
-2
-4
-6
-7
-7
-7
-6
-4
-3
-2
0
-2
-4
-4
-2
-2
-3
-2
-1
-1
0
0
2
2
1
1
1
-1
-3
-2
-1
2
1
1
2
2
3
2
0
1
4
4
3
1
1
1
1
2
0
-1
-2
0
0
-1
-2
-1
-2
-1
-1
0
1
0
-2
1
-2
0
4
4
4
2
4
4
3
2
2
2
3
4
3
3
0
3
3
3
5
2
0
0
1
1
3
3
2
5
5
4
4
4
2
2
2
0
-2
-1
1
0
1
2
1
2
0
0
0
0
0
0
0
2
1
0
-2
-3
-2
0
1
2
-1
-5
-2
2
3
1
1
2
1
1
2
1
0
-1
-3
-4
-3
-2
-3
-4
-7
-7
-5
-4
-4
-2
1
3
2
3
4
1
0
1
0
0
2
0
0
1
1
1
1
0
0
-1
1
0
0
2
1
1
0
-2
-3
-3
-3
-2
-4
-2
-1
2
3
2
1
0
1
0
-1
-3
-2
-1
-1
-2
-4
-1
2
0
-3
-5
-5
-2
-3
-2
-1
-3
-4
-3
-1
-3
-3
-1
1
0
0
-3
-5
-4
-3
-2
-1
-2
-2
1
4
3
2
0
-1
1
1
-1
-2
-1
1
1
2
3
1
0
-1
-2
-4
-1
-1
-2
-2
0
3
3
4
4
3
2
5
4
4
4
3
2
3
4
4
4
4
3
2
2
1
0
-2
-1
2
3
0
0
-1
-1
1
3
3
3
3
7
6
7
5
4
5
6
6
4
1
-2
0
0
2
1
-1
-1
-3
-5
-4
-3
-4
-2
0
0
0
1
0
0
-2
-1
0
1
1
1
2
2
0
0
0
-1
-1
0
2
4
3
2
0
0
1
-1
0
-5
-5
-4
-5
-4
-1
0
-1
-2
-2
-3
-5
-8
-6
-5
-5
-6
-4
-2
-1
1
2
1
-2
-2
-2
-3
-3
-5
-5
-1
-1
-3
-3
-3
-5
-6
-3
-2
-4
-4
-4
-4
-2
-2
0
1
0
-2
-1
2
3
1
1
0
-1
-2
-2
-2
-2
-1
0
0
-2
-1
0
0
3
3
1
-1
0
0
1
1
0
-1
0
1
1
1
4
3
3
4
6
8
10
7
7
8
5
3
5
7
8
8
5
3
4
4
6
5
4
5
3
2
2
2
2
2
2
2
-1
-3
-2
-1
1
2
3
3
3
2
4
4
2
-1
2
3
1
0
-1
-1
-2
-5
-4
-4
-3
-2
-1
-2
-5
-3
-1
0
-1
-1
0
-1
-1
-4
-5
-5
-2
-2
-4
-6
-5
-4
-5
-5
-4
-4
-5
-3
-1
-1
1
1
0
1
5
3
2
1
-1
1
3
0
0
2
0
-1
-2
-3
-2
-2
-1
-3
-4
-4
-4
-7
-6
-5
-3
-3
-5
-5
-3
0
1
0
-1
-1
0
0
-1
-1
-3
-1
0
-1
-1
-1
-3
-2
1
0
1
-2
-2
-1
2
1
2
1
2
3
5
3
1
2
4
6
4
3
0
0
4
4
4
5
4
5
0
1
2
-1
0
1
2
3
5
6
5
6
3
1
3
6
6
5
5
3
1
2
2
3
4
2
1
-1
-1
-3
-2
-5
-4
-5
-5
-5
-5
-3
-1
-1
-1
-1
-1
0
-1
0
0
3
3
2
2
2
5
3
0
-3
-1
-1
-3
-3
-3
-6
-6
-4
-2
-1
-1
0
-1
1
1
0
2
5
4
4
3
1
3
4
2
4
2
0
-3
-4
-2
-1
-2
-3
-2
-5
-6
-8
-6
-5
-5
-4
-3
-3
-3
-3
-1
-2
-2
-3
-4
-4
-4
-6
-5
-5
-5
-7
-8
-7
-3
-1
-2
-1
-1
2
2
1
0
-3
-4
-2
2
2
4
3
2
-1
-1
1
4
4
1
3
4
5
4
3
5
7
7
4
3
5
5
7
7
5
5
7
7
6
6
6
5
2
2
4
4
3
1
1
3
2
-3
-6
-7
-6
-5
-6
-8
-9
-7
-4
-4
-5
-6
-5
-3
1
4
2
1
0
1
0
2
3
2
1
-1
-2
1
2
1
0
-1
-3
-4
-3
-4
-3
-1
0
-1
-1
0
3
3
1
0
0
4
7
5
3
4
1
-1
0
0
1
1
1
2
2
4
5
2
1
1
3
3
3
3
0
0
1
2
5
3
1
0
-1
1
-1
0
0
0
1
1
-2
-5
-5
-5
-4
-3
-4
-3
-3
-1
-1
-3
-3
0
1
-1
-5
-7
-5
-4
-5
-6
-7
-8
-9
-5
-5
-6
-7
-4
-4
-4
-4
-4
-2
0
-2
-2
-1
0
-2
-2
1
2
3
1
-1
0
1
2
0
1
2
3
4
6
6
6
5
5
1
0
0
2
3
3
3
3
6
4
4
4
5
6
4
4
4
4
2
3
2
0
0
0
0
-1
-1
-1
-1
0
2
3
2
2
0
3
5
4
0
0
-2
-4
-2
0
0
-1
0
1
0
-1
-1
0
0
-2
-2
-2
-3
-3
0
1
1
0
0
2
1
-1
-1
-1
0
2
5
4
2
1
3
5
4
2
3
2
5
6
3
1
1
1
-1
-2
1
0
-1
-2
-3
-2
-4
-3
-4
-7
-6
-3
-2
-3
-4
-6
-7
-4
-2
-4
-4
-4
-4
-5
-6
-8
-7
-4
-3
-4
-5
-4
-2
-2
-3
-4
-4
-3
-5
-5
-3
-1
0
1
3
1
1
2
2
1
2
3
3
3
2
2
3
4
4
2
1
0
-1
1
4
4
5
5
4
1
1
3
2
2
1
0
3
5
5
5
6
4
3
4
3
4
4
4
4
1
0
0
-1
1
2
1
1
7
10
10
10
9
7
6
5
5
6
9
8
6
5
5
3
1
1
1
0
0
-2
-2
-2
-2
-4
-6
-10
-12
-12
-13
-13
-14
-15
-15
-13
-11
-11
-13
-12
-10
-11
-10
-8
-8
-8
-8
-5
-5
-7
-6
-4
-4
-4
-2
-2
-3
0
0
-3
-3
-1
1
2
0
1
2
3
5
5
7
3
2
4
6
9
10
11
10
12
12
12
13
16
17
18
16
13
11
13
14
13
13
10
9
9
11
13
12
11
10
10
9
9
11
9
6
6
3
0
-3
-8
-10
-8
-10
-12
-15
-15
-15
-17
-18
-18
-20
-17
-17
-19
-21
-22
-20
-21
-23
-24
-25
-24
-23
-22
-24
-24
-23
-23
-21
-20
-19
-17
-16
-15
-11
-6
-4
-3
-2
0
4
4
4
8
12
17
21
23
24
26
29
35
38
36
37
42
47
51
54
54
52
51
49
51
52
49
45
42
37
36
34
32
29
24
23
18
10
7
3
-2
-10
-21
-27
-35
-41
-47
-50
-54
-60
-66
-69
-71
-72
-70
-65
-65
-68
-72
-75
-75
-74
-71
-68
-66
-68
-70
-72
-67
-60
-52
-45
-41
-39
-38
-36
-35
-30
-25
-19
-12
-4
5
17
29
42
52
60
70
79
92
105
116
124
132
141
146
157
168
177
185
190
188
179
170
157
146
136
125
111
98
84
71
65
55
35
16
-2
-20
-40
-59
-77
-97
-119
-135
-148
-155
-157
-154
-156
-161
-168
-178
-190
-198
-207
-214
-218
-219
-218
-213
-211
-211
-210
-210
-210
-209
-201
-192
-185
-183
-186
-183
-167
-139
-98
-45
12
57
80
93
114
147
189
221
238
250
266
296
336
374
391
392
383
383
388
391
384
355
315
267
223
189
170
162
158
154
142
118
93
70
47
18
-12
-38
-53
-59
-63
-75
-92
-114
-131
-141
-150
-162
-175
-191
-212
-237
-269
-297
-319
-326
-321
-309
-295
-283
-278
-279
-285
-291
-289
-281
-262
-235
-209
-188
-169
-147
-114
-78
-45
-13
13
36
58
75
85
89
94
105
124
151
182
211
230
239
239
234
227
222
224
225
226
225
219
214
206
198
190
183
179
176
175
165
141
104
67
37
21
11
6
0
-6
-17
-37
-58
-75
-96
-113
-128
-144
-156
-165
-169
-178
-189
-200
-206
-204
-192
-176
-161
-152
-151
-158
-166
-166
-159
-147
-128
-111
-99
-90
-83
-75
-66
-56
-46
-33
-15
4
22
42
55
62
72
86
102
120
143
165
178
183
184
186
191
198
211
228
245
261
265
258
252
253
258
261
256
243
227
214
198
179
156
130
101
81
64
45
24
-4
-39
-77
-115
-152
-183
-206
-227
-245
-263
-281
-295
-307
-318
-324
-328
-331
-324
-320
-318
-319
-322
-318
-312
-302
-284
-269
-253
-241
-230
-221
-215
-204
-186
-162
-137
-110
-83
-58
-36
-15
9
39
70
102
138
172
200
227
252
278
302
322
342
360
378
392
404
409
408
403
397
391
386
378
363
343
319
291
267
246
224
199
179
158
135
111
83
57
27
0
-26
-54
-74
-94
-117
-146
-176
-204
-231
-251
-273
-288
-303
-320
-336
-350
-364
-378
-386
-388
-390
-386
-380
-374
-368
-360
-347
-336
-324
-308
-287
-262
-239
-221
-203
-185
-164
-138
-113
-87
-57
-25
0
27
48
72
96
121
146
171
201
230
259
286
309
332
354
375
393
405
419
432
439
443
439
434
428
421
413
400
388
371
350
327
299
267
233
199
168
137
104
68
37
6
-23
-49
-81
-108
-131
-151
-169
-187
-205
-226
-242
-256
-271
-282
-290
-296
-299
-302
-308
-312
-316
-317
-319
-317
-311
-304
-295
-285
-277
-267
-253
-236
-216
-194
-174
-153
-134
-114
-91
-70
-52
-36
-18
6
32
54
72
83
90
99
112
120
127
132
133
130
130
130
127
121
110
100
89
81
71
62
48
29
11
-7
-19
-27
-31
-31
-35
-37
-36
-32
-26
-19
-10
2
16
32
45
60
75
88
99
110
123
134
148
164
174
178
176
172
164
153
145
139
129
118
109
100
91
86
87
87
86
84
80
76
71
66
63
57
52
49
44
38
31
24
17
7
-9
-26
-37
-48
-59
-71
-84
-97
-109
-119
-121
-117
-112
-111
-110
-111
-116
-123
-128
-134
-139
-141
-142
-139
-136
-134
-137
-145
-151
-155
-161
-167
-178
-188
-195
-201
-206
-209
-212
-213
-212
-208
-206
-205
-207
-211
-210
-207
-201
-186
-168
-143
-113
-77
-35
10
59
106
153
196
238
277
315
346
375
400
422
445
468
491
506
508
503
493
476
450
418
378
337
301
267
233
203
178
160
143
127
106
87
70
55
37
15
-6
-25
-43
-53
-59
-69
-84
-100
-115
-134
-162
-192
-224
-259
-294
-322
-347
-369
-385
-397
-406
-413
-417
-415
-408
-402
-393
-383
-372
-358
-339
-318
-295
-267
-236
-204
-175
-152
-132
-114
-96
-78
-62
-49
-42
-34
-23
-8
8
23
32
33
25
15
10
8
5
-3
-9
-9
-5
18
58
105
160
212
249
277
312
354
402
449
482
499
514
533
566
604
635
650
643
626
602
571
523
459
377
284
196
127
76
40
14
-15
-54
-96
-137
-174
-201
-227
-251
-275
-294
-305
-309
-307
-304
-300
-293
-285
-278
-273
-275
-284
-298
-311
-328
-343
-350
-345
-328
-307
-289
-269
-254
-237
-217
-199
-182
-167
-146
-124
-98
-69
-37
-4
28
57
82
99
111
122
128
125
112
87
61
44
37
41
48
48
36
17
-6
-35
-66
-109
-160
-215
-269
-306
-319
-299
-248
-181
-107
-47
-10
21
65
122
182
223
240
248
272
335
423
512
565
580
581
585
598
600
568
485
364
240
135
63
23
8
7
3
-9
-26
-45
-58
-70
-85
-102
-113
-112
-99
-80
-62
-48
-40
-31
-16
3
14
12
-2
-28
-71
-121
-171
-208
-223
-214
-190
-172
-168
-177
-191
-205
-217
-227
-231
-224
-209
-185
-156
-129
-102
-80
-62
-46
-34
-24
-15
-16
-31
-63
-107
-142
-159
-155
-137
-120
-119
-132
-156
-190
-233
-287
-350
-412
-470
-514
-532
-520
-473
-398
-300
-197
-122
-68
-7
72
165
249
301
322
343
401
506
631
740
801
830
851
880
906
903
845
733
595
472
377
314
275
250
229
203
175
150
126
106
80
44
2
-28
-38
-35
-25
-21
-26
-31
-33
-32
-33
-44
-63
-92
-131
-190
-261
-331
-386
-411
-406
-386
-368
-358
-355
-365
-385
-407
-430
-442
-436
-413
-375
-336
-299
-267
-241
-217
-195
-171
-148
-129
-123
-140
-175
-212
-243
-253
-242
-222
-194
-168
-148
-142
-158
-199
-262
-333
-393
-427
-428
-396
-329
-236
-122
-12
66
125
196
286
393
485
540
561
573
608
687
788
871
925
965
1008
1049
1067
1030
929
773
603
452
335
260
222
204
189
161
121
75
29
-10
-54
-104
-150
-180
-192
-198
-209
-223
-235
-232
-209
-182
-163
-163
-187
-233
-304
-389
-479
-550
-587
-583
-552
-517
-489
-479
-487
-497
-514
-529
-524
-491
-432
-363
-299
-256
-225
-189
-143
-81
-19
32
73
101
115
108
81
51
32
29
44
68
88
100
100
77
22
-61
-164
-262
-334
-366
-355
-310
-240
-144
-48
23
69
115
184
277
374
436
467
488
530
606
701
785
837
870
916
970
999
970
867
700
506
325
182
82
32
16
15
10
-13
-57
-115
-167
-216
-260
-286
-288
-275
-262
-262
-280
-299
-299
-266
-210
-160
-131
-131
-156
-210
-287
-374
-448
-489
-487
-447
-393
-345
-304
-276
-267
-276
-292
-304
-294
-251
-195
-140
-97
-76
-64
-50
-36
-15
16
55
93
120
116
78
22
-38
-85
-109
-108
-83
-47
-20
-28
-82
-177
-293
-389
-457
-482
-460
-396
-295
-165
-39
27
37
56
122
244
382
474
505
512
546
633
744
823
845
858
896
952
1014
1020
922
726
490
274
113
27
12
37
74
82
69
48
3
-48
-107
-180
-229
-214
-158
-120
-127
-177
-236
-245
-202
-133
-75
-76
-110
-139
-175
-250
-362
-492
-603
-630
-562
-460
-380
-358
-386
-412
-430
-462
-485
-475
-449
-390
-300
-246
-236
-238
-249
-250
-221
-174
-112
-43
3
18
0
-71
-154
-191
-188
-159
-116
-85
-79
-93
-120
-170
-256
-354
-405
-368
-248
-77
125
286
305
238
223
311
482
667
781
795
763
790
916
1063
1108
1034
951
940
1029
1188
1273
1162
881
567
330
184
107
74
70
80
83
84
62
-17
-125
-221
-303
-345
-302
-212
-169
-200
-298
-428
-528
-554
-500
-413
-364
-353
-333
-313
-349
-456
-620
-812
-914
-838
-670
-527
-469
-509
-586
-647
-675
-658
-606
-559
-486
-345
-230
-194
-196
-246
-332
-372
-345
-262
-137
-8
100
147
79
-65
-137
-118
-79
-18
43
54
53
70
47
-46
-194
-318
-283
-78
193
490
686
654
533
502
566
705
865
964
1007
1052
1130
1261
1378
1342
1181
1032
943
976
1153
1269
1160
868
498
159
-56
-154
-180
-168
-183
-210
-159
-112
-194
-328
-487
-667
-722
-586
-398
-290
-295
-391
-497
-598
-690
-686
-632
-645
-610
-451
-351
-392
-501
-707
-945
-1040
-994
-839
-639
-565
-558
-525
-593
-715
-723
-706
-706
-574
-350
-178
-53
-27
-88
-126
-187
-245
-172
-57
68
284
452
402
241
121
36
43
141
189
197
209
191
199
184
4
-207
-250
-165
113
593
892
866
738
617
645
875
1056
1111
1123
1097
1186
1486
1681
1548
1266
972
794
903
1137
1202
1058
727
340
84
-79
-229
-304
-335
-373
-286
-113
-86
-176
-307
-545
-747
-750
-624
-436
-290
-327
-455
-564
-725
-824
-799
-851
-942
-835
-644
-530
-481
-625
-898
-1075
-1178
-1181
-991
-841
-793
-651
-536
-617
-721
-767
-810
-720
-510
-326
-183
-141
-172
-90
-29
-184
-334
-323
-262
-83
231
400
337
184
67
92
181
160
108
98
54
85
248
260
82
-79
-143
10
451
880
1024
942
764
668
854
1141
1252
1249
1185
1155
1383
1725
1820
1640
1305
974
912
1127
1322
1328
1083
642
287
128
-37
-167
-158
-193
-226
-74
101
78
-113
-381
-642
-834
-868
-638
-320
-253
-390
-474
-568
-757
-856
-855
-910
-954
-810
-523
-348
-505
-825
-1045
-1257
-1503
-1439
-1125
-1063
-1152
-1023
-927
-1149
-1431
-1445
-1281
-1180
-1010
-571
-203
-254
-331
-130
-113
-365
-334
7
266
440
710
890
705
346
214
293
241
97
210
383
247
59
146
204
6
64
852
1855
2318
2362
2443
2313
1715
1401
1726
1915
1686
1665
2057
2247
1814
1176
538
-347
-1219
-1385
-827
-348
-305
-360
-544
-1098
-1711
-1852
-1504
-1055
-467
498
1542
1989
1843
1651
1287
459
-108
214
795
977
1034
1055
459
-802
-1922
-2461
-2910
-3333
-3033
-2065
-1405
-1333
-1363
-1600
-2334
-2993
-2856
-2035
-1090
-183
764
1372
1255
648
164
-95
-402
-395
212
835
1011
858
516
-257
-1394
-2198
-2245
-1865
-1474
-850
-155
-105
-645
-1028
-1190
-1375
-1235
-465
615
1325
1721
1919
1814
1271
872
1296
2481
3851
4866
5235
4739
3688
2385
1154
297
-41
-54
201
694
1061
827
-242
-1801
-3176
-3941
-3858
-2809
-992
685
1453
1421
997
408
-138
-29
970
2402
3698
4761
5242
4561
2857
939
-722
-2048
-2522
-1939
-1037
-650
-930
-1816
-3327
-5010
-5960
-5776
-4778
-3156
-1046
813
1682
1540
795
-166
-1006
-1214
-451
995
2337
2954
2757
1695
-254
-2269
-3364
-3442
-3002
-2254
-1249
-553
-772
-1591
-2368
-3001
-3361
-2800
-1088
728
1951
2640
2725
1856
629
-12
65
430
1071
1999
2418
2011
858
-294
-1426
-2068
-1622
321
2998
4633
4673
3731
2437
632
-939
-1322
-358
748
1836
3082
3878
3285
1153
-1145
-2849
-3750
-3359
-1543
940
2644
2964
2071
488
-976
-1858
-1678
-268
1907
3830
5004
5094
3773
1282
-1236
-2983
-3673
-3115
-1605
154
1097
760
-723
-2837
-4790
-5789
-5285
-3576
-1274
1179
2845
3167
2302
703
-1139
-2541
-2781
-1941
-443
1134
1906
1375
-241
-2384
-4217
-4891
-4274
-2907
-1346
83
901
826
36
-938
-1691
-1909
-1266
341
2122
3197
3325
2598
1090
-704
-1786
-1998
-1453
-621
283
576
320
-510
-1484
-2057
-1847
-615
1830
5301
7543
7482
5827
4050
1993
-138
-1128
-265
1362
2374
3027
3506
2910
174
-3091
-5003
-5460
-4718
-2795
319
3096
3964
2804
1127
38
-822
-990
447
3066
5107
5966
5677
4045
973
-2517
-4934
-5685
-5014
-3463
-1215
528
686
-640
-2669
-4625
-5752
-5166
-3234
-637
2246
4322
4728
3685
1621
-908
-2947
-3792
-3384
-1916
-49
1014
881
-318
-2437
-4448
-5289
-4806
-3331
-1343
561
1809
2273
1607
203
-931
-1480
-1390
-251
1498
2918
3288
2706
1311
-640
-2269
-3171
-2975
-2265
-1069
-44
710
581
119
-188
-44
536
2650
6083
7830
7378
5647
4229
2013
-520
-2040
-1395
207
1080
1603
2553
2661
200
-2925
-4741
-4896
-4457
-3113
-13
3622
5233
4173
2779
1901
509
-850
-286
2171
4019
4376
3915
2847
325
-3234
-5774
-6318
-5647
-4460
-2247
297
1668
1093
-592
-2358
-3558
-3965
-3388
-994
2385
4671
5057
4141
2165
-816
-3855
-5630
-5387
-3720
-1861
-271
995
833
-907
-2829
-4015
-4192
-3400
-1802
349
2625
3772
3050
1589
230
-1125
-1952
-1612
-130
1494
2393
2335
1498
-68
-2252
-4006
-4526
-3966
-2823
-1164
532
1864
2496
2966
3314
4325
5599
5737
4971
4044
3461
2451
1120
46
-157
-14
24
45
616
681
-623
-2356
-3498
-3695
-3477
-2521
-555
1947
3349
3141
2745
2648
2176
1372
1344
2330
3077
2882
2239
1539
317
-1761
-3698
-4374
-4069
-3419
-2275
-577
707
622
-477
-1757
-2528
-2950
-3021
-2020
232
2340
3086
2877
1958
34
-2441
-4276
-4756
-3877
-2578
-1368
-40
734
133
-1116
-1938
-2413
-2708
-2376
-1236
457
1811
2187
1744
1122
162
-1040
-1464
-936
51
939
1559
1556
967
-438
-2072
-3248
-3544
-3526
-2856
-1503
-214
1069
2300
4031
5379
6511
6622
5757
4398
2986
1767
911
415
140
343
527
803
672
369
-803
-2439
-3906
-4730
-4468
-3342
-1184
1100
2970
3735
3657
3459
3101
2728
2595
3062
3664
3785
3302
2395
1103
-729
-2820
-4436
-4944
-4622
-3614
-2209
-886
-210
-532
-1420
-2445
-3073
-3234
-2606
-989
1275
3160
4045
3773
2292
12
-2386
-4047
-4551
-3790
-2447
-1090
-115
123
-457
-1508
-2499
-3273
-3631
-3280
-2105
-331
1362
2357
2617
2225
1188
-46
-754
-592
-9
651
1072
1074
557
-671
-2003
-3197
-3660
-3902
-3515
-2365
-499
1387
3241
5331
7174
8464
7868
5976
3716
2261
894
-54
-311
261
1017
1169
959
685
390
-1231
-3370
-4862
-5121
-4557
-3120
-478
2575
4697
4803
4138
3569
2980
2173
1758
2469
3196
3164
2324
1456
378
-1468
-3724
-5264
-5600
-5304
-4317
-2579
-545
496
212
-845
-1926
-2818
-3324
-2566
-333
2351
4046
4596
4009
2250
-524
-3459
-5376
-5823
-5113
-3816
-2022
-263
562
209
-773
-2023
-3241
-4073
-3763
-2030
443
2643
3955
4468
3887
2282
450
-658
-952
-774
-383
40
381
-41
-1252
-2734
-3679
-4359
-4571
-3875
-2081
561
3505
6492
8884
10475
9799
7174
3921
1400
-328
-1066
-822
177
1503
2160
2052
1383
431
-1659
-4206
-6081
-6478
-5372
-3161
-105
3108
5429
5753
4750
3610
2712
1929
1463
1872
2737
3213
2735
1698
450
-1242
-3462
-5328
-5948
-5577
-4544
-2946
-992
425
572
-360
-1549
-2368
-2740
-2365
-812
1611
3557
4254
3758
2212
-304
-3203
-5433
-6270
-5738
-4526
-2863
-945
462
658
-32
-994
-2065
-3082
-3385
-2384
-318
1877
3415
4339
4447
3392
1430
-395
-1328
-1527
-1347
-1017
-506
-255
-768
-1825
-2686
-3201
-3640
-3898
-3018
-743
2085
5121
8053
10756
11652
9652
5716
2197
-120
-1689
-2504
-1985
-180
1425
2048
1956
1776
453
-2488
-5843
-7444
-6985
-5267
-2389
1466
5387
7181
6625
5243
4112
2922
1546
1025
1863
2891
2869
2193
1450
290
-2016
-4792
-6613
-7022
-6519
-5282
-3050
-528
785
433
-737
-1859
-2647
-2965
-1830
922
3790
5327
5248
4143
2048
-1171
-4513
-6574
-6934
-6196
-4704
-2372
38
1310
1021
-187
-1608
-3058
-4066
-3627
-1499
1241
3387
4761
5317
4791
2945
507
-1155
-1871
-2039
-1984
-1427
-793
-726
-1619
-2697
-3434
-3908
-4177
-3218
-642
2585
5992
8855
11213
11706
9493
5406
1675
-821
-2338
-2960
-2175
-183
1568
2222
1762
1113
-322
-2893
-5611
-6820
-6106
-4179
-1444
2007
5472
7172
6762
5404
4225
3071
1648
942
1505
2441
2504
1734
831
-332
-2288
-4641
-6280
-6647
-6173
-5118
-3135
-775
820
1017
246
-696
-1503
-2075
-1665
163
2411
3884
4161
3545
1923
-862
-3999
-6298
-7217
-7020
-5977
-3861
-1280
559
1155
697
-329
-1745
-3091
-3293
-2061
64
2281
4188
5534
5661
4231
1950
-132
-1533
-2307
-2505
-1954
-1355
-1119
-1637
-2373
-3072
-3798
-4105
-3224
-1087
1832
5331
8885
11967
12476
9921
5633
1690
-1203
-2933
-3231
-1799
533
2205
2865
2735
2138
-6
-3351
-6245
-7411
-6733
-4689
-1411
2740
6155
7205
6433
5106
3908
2578
1305
1169
1963
2533
2209
1505
886
-359
-2572
-4831
-6143
-6326
-5844
-4608
-2436
-377
608
324
-516
-1200
-1787
-1904
-893
1094
3004
3929
3869
2942
863
-2166
-5176
-7083
-7589
-7079
-5627
-3240
-863
519
736
206
-723
-1934
-2827
-2519
-1084
781
2550
4090
5267
5255
3876
1884
105
-1287
-2303
-2713
-2365
-1906
-1946
-2402
-2782
-2798
-2859
-2549
-1268
830
3463
6274
9330
11262
10562
7350
3434
292
-1731
-2799
-2446
-498
1545
2667
2833
2698
1567
-1098
-4365
-6354
-6312
-4859
-2426
947
4602
6499
6204
4823
3575
2468
1073
343
913
2003
2273
1748
1221
539
-1124
-3455
-5123
-5631
-5326
-4594
-3047
-980
449
565
-32
-573
-1157
-1829
-1855
-540
1305
2730
3246
3088
2027
-378
-3421
-5714
-6650
-6755
-6212
-4781
-2745
-1060
-282
-222
-312
-857
-1841
-2400
-1791
-310
1245
2877
4542
5683
5365
3747
1840
321
-942
-2039
-2548
-2407
-2295
-2712
-2944
-2698
-2425
-2441
-2187
-1130
956
3422
6177
9233
10830
9773
6654
3436
977
-891
-2174
-1972
-391
1308
2023
2251
2345
1118
-1696
-4767
-6250
-5834
-4310
-2022
1378
4746
6290
5863
4665
3713
2467
866
122
753
1766
1852
1361
973
314
-1400
-3683
-5171
-5292
-4770
-3976
-2577
-797
482
482
-160
-577
-852
-1145
-984
68
1548
2472
2382
1658
292
-1908
-4424
-6171
-6595
-6160
-5229
-3839
-2133
-791
-323
-437
-540
-699
-990
-1052
-506
578
1762
2869
3839
4431
4113
2891
1380
34
-1123
-2191
-2927
-3385
-3679
-3909
-3923
-3440
-2412
-1132
420
2650
5126
7742
9517
9569
7803
4979
1960
-375
-1597
-1659
-519
1030
2373
2890
2766
1688
-613
-3464
-5644
-6260
-5027
-2412
770
3912
5775
5905
4721
3222
2036
1065
512
580
1221
1964
2306
2046
1283
-152
-2139
-4047
-5078
-4862
-3733
-2186
-824
51
321
60
-577
-1282
-1820
-1828
-1219
-35
1470
2631
3095
2358
359
-2132
-4347
-5843
-6294
-5835
-4691
-3194
-1936
-1228
-1054
-1177
-1635
-2166
-2240
-1717
-651
742
2171
3375
4196
4157
3330
2114
858
-248
-998
-1420
-1792
-2282
-3024
-3755
-4267
-4287
-3752
-2339
-262
2303
4921
7591
9663
9883
8148
5246
2371
244
-935
-1106
189
2041
3256
3251
2403
868
-1557
-4338
-6374
-6497
-4818
-2177
784
3792
5821
6018
4751
3076
2000
1335
1038
1334
2151
2877
2802
1935
610
-1051
-2970
-4542
-5141
-4494
-3039
-1385
-155
313
37
-723
-1610
-2319
-2484
-1922
-612
998
2375
3198
3237
2056
-362
-3099
-5238
-6236
-6175
-5313
-3741
-2043
-1093
-1142
-1664
-2177
-2701
-3144
-2913
-1809
-277
1167
2303
3203
3663
3178
2003
938
328
-41
-78
-67
-264
-905
-2156
-3454
-4029
-4001
-3484
-2042
36
2788
5459
8009
9693
9462
7128
3721
893
-621
-1004
-431
1374
3230
4177
3642
2299
532
-1968
-4771
-6628
-6451
-4386
-1368
1728
4698
6287
5685
3602
1461
459
323
713
1620
2925
3809
3475
2274
733
-1137
-3282
-5030
-5513
-4430
-2514
-638
641
947
219
-1361
-2942
-3743
-3584
-2551
-794
1188
2865
3750
3532
2141
-309
-3083
-5313
-6117
-5572
-4277
-2589
-1068
-477
-1036
-2200
-3413
-4190
-4451
-4008
-2650
-586
1387
2763
3533
3633
2998
1816
683
-2
12
278
383
144
-509
-1605
-2852
-3718
-4091
-3397
-1750
994
4221
7370
9774
10013
7914
4254
683
-1641
-2299
-1737
369
3236
5416
5929
4767
2581
-751
-4647
-7850
-8631
-6632
-2758
1538
5548
8186
7981
5311
1727
-783
-1729
-1412
29
2254
4338
4875
3775
1742
-757
-3581
-6020
-6901
-5708
-3116
-270
1955
2865
2215
-127
-2971
-4817
-5235
-4166
-1824
1048
3572
4911
4593
2983
362
-2669
-5261
-6417
-5890
-4317
-2283
-465
397
-96
-1678
-3607
-5025
-5586
-5141
-3724
-1549
779
2589
3657
3745
2950
1614
275
-423
-250
591
1541
1846
1219
-165
-2042
-3500
-4306
-4220
-2776
-521
2575
5695
8353
9656
8568
5420
1605
-1402
-2707
-2209
-341
2757
5383
6485
5706
3562
611
-2990
-6257
-7860
-7027
-4128
-134
3684
6708
7571
5797
2617
-477
-1997
-1962
-519
1839
4082
5235
4537
2590
73
-2607
-4992
-6153
-5602
-3484
-764
1518
2677
2061
112
-2672
-4885
-5550
-4684
-2460
446
3025
4500
4500
3027
756
-1954
-4258
-5452
-5175
-3671
-1896
-351
386
-110
-1674
-3652
-5294
-5958
-5535
-4211
-2311
-338
1279
2189
2411
2130
1521
971
676
917
1558
2281
2512
1756
233
-1751
-3671
-4849
-4965
-4137
-2050
457
3286
5846
7803
8521
7205
4446
1423
-518
-989
-45
1687
4186
5941
6140
4710
2231
-612
-3671
-6185
-7147
-5843
-2973
393
3169
5091
5412
3816
1449
-391
-629
401
2021
3790
5169
5400
3962
1496
-1076
-3268
-4816
-5307
-4483
-2474
-300
979
981
-246
-2155
-4231
-5424
-5114
-3306
-696
1857
3633
4242
3668
2031
-75
-2234
-3732
-4223
-3637
-2341
-1025
-174
-183
-1295
-3094
-4749
-5693
-5602
-4620
-3089
-1502
-290
385
658
795
972
1234
1611
2088
2506
2699
2575
1931
647
-1015
-2637
-3834
-4203
-3679
-2422
-611
1253
3147
4867
6446
7140
6109
4011
1847
538
278
918
2249
4042
5178
4962
3632
1767
-490
-3090
-5327
-6216
-5212
-2866
-47
2435
4078
4111
2552
620
-360
114
1505
3213
4804
5713
5305
3425
868
-1439
-3224
-4435
-4711
-3792
-1950
-269
342
-275
-1864
-3749
-5415
-5934
-4751
-2256
719
3142
4547
4680
3527
1538
-605
-2367
-3254
-3249
-2536
-1452
-624
-631
-1626
-3258
-4932
-5939
-6033
-5191
-3626
-1798
-443
103
95
-32
30
503
1282
2240
3099
3511
3345
2601
1411
-216
-2018
-3371
-3933
-3740
-2827
-1669
-324
869
1801
2761
3932
5606
6383
5789
4390
2988
2187
2030
2276
2973
3979
4218
3392
1991
480
-1403
-3457
-5002
-5175
-3784
-1591
505
2168
3127
2529
971
-113
108
1568
3305
4819
5877
5981
4650
2106
-439
-2313
-3629
-4226
-3885
-2671
-1152
-399
-844
-2179
-3927
-5502
-6204
-5290
-2945
37
2666
4220
4512
3613
1922
50
-1519
-2467
-2659
-2228
-1460
-887
-950
-1842
-3330
-4964
-6045
-6130
-5177
-3623
-2012
-820
-369
-430
-626
-508
168
1356
2444
3270
3694
3475
2611
1263
-220
-1748
-2849
-3339
-3157
-2423
-1504
-806
-81
709
1768
3184
5203
6542
6286
4949
3269
2266
2077
2488
3172
4245
4685
3957
2544
963
-1062
-3336
-5172
-5784
-4567
-2288
-37
1712
2648
1967
242
-922
-520
1471
3949
5990
7257
7357
5801
2904
7
-2067
-3349
-3863
-3460
-2303
-1015
-701
-1617
-3347
-5431
-7039
-7503
-6005
-2933
557
3370
4749
4725
3484
1633
32
-974
-1368
-1173
-645
-115
-167
-1123
-2849
-4849
-6512
-7311
-6763
-5061
-3032
-1454
-672
-768
-1399
-1864
-1584
-306
1703
3478
4503
4849
4237
2765
896
-779
-1903
-2437
-2350
-1937
-1247
-712
-872
-1026
-1026
-224
1329
3788
6332
7508
6906
4971
3132
2041
1904
2285
3391
4480
4703
3746
2099
-23
-2567
-4824
-6122
-5550
-3471
-913
1150
2310
2076
407
-1157
-1320
402
3177
5788
7551
8057
6912
4158
970
-1576
-2972
-3396
-2939
-1902
-925
-781
-1938
-3924
-6181
-7818
-8055
-6433
-3190
452
3229
4433
4099
2690
953
-326
-704
-362
318
913
1116
546
-1003
-3253
-5537
-7112
-7530
-6671
-4793
-2688
-1338
-1071
-1713
-2593
-3078
-2579
-971
1373
3587
4755
4804
3952
2665
1063
-202
-856
-994
-674
-398
-328
-704
-1426
-2375
-2901
-2293
-404
2149
5190
7180
7208
5651
3518
2119
1999
3012
4219
5523
6085
5278
3358
1016
-1650
-4013
-5251
-5127
-3566
-1300
382
803
207
-1453
-3159
-3333
-1355
2159
5795
8316
9003
8037
5640
2382
-317
-1581
-1751
-1203
-431
-31
-494
-2116
-4542
-7075
-8620
-8613
-7105
-4035
-578
1892
2802
2240
1054
114
-123
335
1315
2335
2739
2296
1206
-615
-2799
-4817
-6262
-6697
-6060
-4808
-3566
-2718
-2713
-3310
-3809
-3745
-2788
-1008
1183
3114
4233
4379
3638
2617
1825
1102
835
843
693
351
-268
-1081
-2121
-2978
-3406
-3084
-1729
425
2428
4765
6148
5982
4895
3724
3486
4094
5254
5841
6028
5474
3823
1568
-284
-1904
-3081
-3454
-3324
-2629
-1764
-1482
-1978
-2489
-3105
-3261
-1947
759
4096
6757
8022
7668
6268
4382
2291
1021
772
830
721
120
-1108
-2848
-4752
-6500
-7720
-7798
-6795
-5181
-3029
-1208
-413
-356
-618
-640
76
1327
2551
3461
3670
2916
1476
-61
-1675
-3043
-3966
-4586
-4764
-4571
-4312
-4238
-4258
-4511
-4668
-4274
-3266
-1725
8
1484
2349
2678
2642
2516
2477
2738
2997
2971
2676
1705
457
-871
-2029
-2739
-3019
-2527
-1969
-1276
172
1474
3001
4153
4538
4589
4613
4908
5311
5989
6274
5635
4531
3087
1410
368
-557
-1272
-1643
-1998
-2539
-3116
-3249
-3409
-3372
-3037
-2315
-709
1438
3567
5191
6053
6146
5443
4446
3428
2544
2012
1400
476
-675
-2083
-3539
-4897
-5924
-6424
-6368
-5618
-4688
-3585
-2555
-2052
-1677
-1233
-452
782
2002
2823
3083
2787
1866
594
-486
-1482
-2325
-2930
-3641
-4184
-4411
-4573
-4586
-4436
-4182
-3884
-3247
-2296
-1307
-147
805
1366
1907
2267
2613
3057
3451
3536
3058
2364
1148
-205
-1254
-1963
-2190
-2130
-2045
-1792
-1384
-333
733
2134
3980
4939
5400
5367
5379
5556
5663
5540
4897
4126
3133
1799
901
155
-799
-1644
-2554
-3292
-3680
-3708
-3514
-3151
-2320
-1573
-502
1160
2903
4459
5308
5578
5351
4767
3987
3041
2252
1495
430
-800
-2121
-3518
-4728
-5499
-5784
-5750
-5299
-4673
-4123
-3430
-2981
-2485
-1688
-664
575
1634
2380
2578
2307
1711
713
-243
-947
-1710
-2258
-2849
-3521
-3986
-4333
-4386
-4197
-3785
-3299
-2767
-2106
-1414
-718
8
670
1488
2217
2739
3139
3204
3105
2734
2063
1065
-8
-861
-1389
-1633
-1824
-1918
-1961
-1769
-1138
355
1879
3686
5241
5799
5658
5106
5001
5018
5213
5052
4364
3549
2476
1237
343
-548
-1436
-2178
-2941
-3359
-3387
-3081
-2809
-2333
-1538
-839
282
1698
3289
4622
5212
5219
4676
4061
3272
2339
1568
803
-175
-1274
-2485
-3648
-4332
-4608
-4685
-4726
-4569
-4435
-4146
-3539
-2946
-2144
-1151
-250
531
1082
1306
1193
791
263
-426
-844
-1272
-1841
-2168
-2636
-3156
-3564
-3668
-3346
-2860
-2396
-2085
-1823
-1470
-1095
-494
206
965
1699
2053
2259
2296
2198
2001
1528
906
29
-710
-1235
-1487
-1359
-1277
-1161
-793
-355
493
1893
3075
4529
5381
5513
5169
4681
4671
4586
4609
4192
3283
2355
1388
453
-278
-970
-1479
-1973
-2440
-2670
-2585
-2152
-1720
-1084
-458
90
974
2057
3257
4093
4381
4176
3540
2863
2125
1436
827
91
-703
-1590
-2466
-3269
-3726
-3807
-3943
-4023
-3942
-3750
-3325
-2752
-2325
-1853
-1342
-906
-413
-25
63
-179
-537
-1015
-1458
-1594
-1776
-1963
-2103
-2408
-2710
-2767
-2490
-2003
-1536
-1261
-1246
-1132
-806
-361
350
1041
1516
1762
1734
1603
1382
1050
679
140
-363
-884
-1296
-1324
-1236
-986
-764
-413
114
729
1760
2988
3797
4819
5505
5535
5269
4763
4680
4449
4056
3427
2531
1663
743
-89
-556
-944
-1256
-1594
-2017
-2161
-2006
-1643
-1215
-570
97
589
1180
1895
2575
2961
2993
2766
2422
2182
1844
1391
841
82
-781
-1581
-2111
-2494
-2720
-2744
-2928
-3136
-3261
-3317
-3115
-2858
-2667
-2455
-2173
-1812
-1511
-1334
-1326
-1522
-1710
-1870
-1897
-1666
-1452
-1402
-1490
-1588
-1638
-1577
-1260
-839
-602
-538
-500
-406
-145
272
711
990
1070
991
787
549
272
25
-188
-517
-818
-958
-1038
-923
-657
-252
186
638
1054
1401
1999
2900
3551
4382
5372
5565
5128
4368
3792
3368
2922
2691
2245
1614
1016
343
-148
-477
-695
-897
-1311
-1483
-1273
-923
-463
43
466
465
376
595
1021
1533
1954
2115
2019
1745
1371
911
357
-131
-590
-1038
-1315
-1505
-1638
-1696
-1816
-2208
-2736
-3048
-3102
-2975
-2800
-2674
-2639
-2666
-2642
-2612
-2561
-2507
-2559
-2450
-2193
-1840
-1439
-1163
-988
-967
-922
-837
-537
-35
386
658
759
675
578
610
727
751
646
487
161
-188
-524
-815
-946
-1059
-1062
-985
-830
-568
-268
32
328
810
1376
1921
2366
2759
3235
3701
4065
4632
4643
4120
3388
2602
2393
2342
2399
2187
1683
1175
525
2
-8
128
176
34
-269
-466
-446
-309
-251
-240
-429
-620
-582
-250
472
1083
1308
1096
784
676
487
428
428
396
352
100
-249
-664
-1129
-1578
-2090
-2482
-2749
-2972
-3079
-3334
-3651
-3900
-4064
-3967
-3610
-3126
-2684
-2403
-2280
-2108
-1676
-1081
-614
-227
109
357
585
795
1036
1260
1308
1176
924
628
501
490
392
138
-206
-476
-748
-947
-943
-901
-778
-610
-434
-350
-279
-129
38
400
979
1632
2133
2383
2403
2155
1956
2280
2566
3128
3645
3579
2969
2339
2517
2748
2575
2274
1844
1320
756
489
716
855
733
327
-324
-843
-931
-807
-759
-724
-816
-1232
-1437
-1038
-229
400
786
1020
989
987
1034
1067
1059
883
555
71
-450
-841
-1183
-1537
-1923
-2354
-2842
-3336
-3760
-4142
-4468
-4423
-4066
-3704
-3318
-3036
-2846
-2650
-2328
-1804
-1090
-228
409
717
771
790
1016
1316
1630
1887
1887
1565
1085
711
404
84
-105
-263
-426
-501
-599
-694
-735
-746
-732
-649
-432
-171
232
611
841
1035
1159
1317
1399
1301
1158
1046
1011
1096
1486
2195
2362
2529
2851
2887
2737
2590
2827
2938
2642
2214
1772
1487
1283
1029
827
539
215
-182
-595
-801
-831
-989
-1376
-1510
-1418
-1382
-1069
-519
138
552
621
629
589
729
820
693
585
385
4
-612
-1227
-1658
-1980
-2164
-2370
-2729
-3098
-3471
-3819
-4044
-4119
-3923
-3529
-3095
-2637
-2250
-1821
-1307
-824
-315
88
408
703
908
1177
1451
1558
1543
1421
1277
1118
904
742
563
440
300
63
-49
-149
-377
-535
-577
-443
-145
239
573
591
416
255
233
271
364
476
506
528
450
541
775
937
1034
1016
1242
1814
2086
2549
3078
3042
2595
2108
2074
2148
2064
1918
1549
1176
921
594
400
352
311
83
-278
-526
-566
-712
-1010
-1118
-1196
-1363
-1235
-880
-512
-300
-243
-247
-390
-381
-336
-518
-690
-860
-1110
-1290
-1377
-1456
-1613
-1775
-1887
-2167
-2481
-2604
-2619
-2614
-2585
-2414
-2113
-1798
-1489
-1237
-996
-651
-274
27
278
529
594
517
619
876
1114
1347
1568
1586
1339
1081
910
787
755
786
711
594
518
386
245
169
147
53
-43
-39
-11
-97
-192
-172
-202
-288
-190
73
316
560
738
776
781
851
854
863
1303
1658
1664
1860
2050
1948
1769
1840
2054
1948
1697
1452
1245
1202
1216
1183
1034
723
306
-221
-717
-834
-818
-1158
-1581
-1823
-2153
-2384
-2227
-1842
-1550
-1419
-1292
-1281
-1224
-924
-743
-742
-680
-642
-704
-773
-710
-583
-554
-495
-461
-671
-949
-1157
-1373
-1555
-1614
-1496
-1337
-1210
-1121
-1103
-982
-613
-253
-5
251
405
372
405
706
1109
1353
1528
1695
1659
1560
1571
1533
1327
1127
959
647
386
351
286
106
17
-67
-291
-453
-410
-334
-308
-170
3
-7
-115
-138
-151
-161
-50
100
119
45
-21
-215
-342
97
726
1078
1542
1976
2065
1976
2150
2492
2470
2221
1946
1573
1202
1016
922
709
375
-1
-607
-1218
-1562
-1768
-2159
-2579
-2730
-2901
-2999
-2738
-2366
-2077
-1813
-1469
-1138
-814
-302
131
347
571
830
988
1057
1125
1064
787
474
204
-156
-553
-816
-1099
-1452
-1643
-1637
-1501
-1303
-1106
-986
-865
-596
-280
-11
276
552
681
740
922
1207
1391
1527
1646
1635
1503
1424
1424
1352
1203
984
606
181
-24
-72
-43
77
180
145
9
-133
-289
-475
-589
-617
-742
-954
-1159
-1367
-1485
-1415
-1150
-869
-670
-434
-261
-175
50
604
1275
1739
2091
2250
2154
2015
2097
2286
2224
1918
1432
854
378
117
-35
-242
-569
-1008
-1556
-1989
-2167
-2189
-2250
-2460
-2694
-2879
-2800
-2277
-1489
-733
-171
231
486
692
993
1328
1551
1626
1567
1367
1119
949
831
713
597
377
21
-394
-732
-948
-1081
-1092
-1011
-930
-848
-804
-852
-888
-793
-540
-197
174
480
574
578
671
892
1203
1465
1600
1564
1348
1145
1129
1255
1371
1342
1119
747
351
74
-37
-57
-121
-395
-840
-1266
-1594
-1766
-1763
-1643
-1523
-1490
-1486
-1440
-1342
-1165
-907
-617
-344
-188
-120
-111
-91
66
509
1144
1618
1824
1706
1338
1056
1133
1406
1477
1189
609
-92
-624
-744
-535
-312
-350
-700
-1222
-1599
-1576
-1193
-771
-596
-709
-992
-1166
-926
-330
316
755
916
880
816
946
1224
1490
1665
1697
1554
1317
1147
1074
1027
964
808
457
-51
-597
-1055
-1344
-1440
-1354
-1222
-1131
-1101
-1150
-1196
-1089
-778
-354
53
339
434
408
501
838
1297
1717
1949
1878
1552
1193
977
932
930
797
392
-226
-792
-1117
-1175
-1084
-1023
-1093
-1322
-1597
-1710
-1618
-1416
-1238
-1165
-1157
-1146
-1119
-1086
-1020
-924
-825
-778
-701
-603
-602
-660
-641
-417
59
634
1021
1109
917
651
578
876
1313
1478
1262
834
465
377
655
1111
1354
1107
480
-218
-621
-609
-354
-195
-361
-695
-958
-934
-473
240
854
1170
1256
1288
1335
1491
1738
1908
1849
1587
1245
936
787
755
720
609
364
-11
-475
-925
-1260
-1468
-1530
-1426
-1236
-1083
-996
-919
-789
-565
-253
57
269
347
280
184
212
352
497
552
464
275
107
85
230
390
418
258
-46
-340
-534
-620
-656
-739
-902
-1111
-1300
-1383
-1386
-1394
-1455
-1584
-1723
-1758
-1650
-1520
-1493
-1539
-1540
-1428
-1200
-926
-723
-629
-587
-444
-129
475
1219
1724
1856
1766
1684
1742
2007
2337
2378
1981
1339
801
624
776
1049
1136
898
465
60
-108
25
315
474
296
-55
-347
-409
-174
211
548
701
740
780
857
1016
1174
1242
1213
1112
979
834
760
761
730
649
532
350
63
-332
-730
-1040
-1232
-1272
-1258
-1296
-1477
-1752
-1921
-1860
-1576
-1231
-958
-795
-762
-717
-514
-142
270
571
734
791
798
841
932
990
939
719
334
-134
-536
-851
-1119
-1343
-1512
-1648
-1802
-1958
-2062
-2116
-2097
-1996
-1833
-1631
-1451
-1334
-1295
-1214
-970
-592
-157
235
472
552
582
661
823
1070
1443
1713
1738
1606
1530
1612
1798
2045
2182
2048
1748
1470
1361
1423
1520
1526
1284
870
430
96
-41
-17
55
-10
-249
-506
-669
-645
-430
-111
205
446
618
732
833
1006
1235
1473
1625
1631
1508
1304
1093
895
660
335
-138
-740
-1352
-1854
-2160
-2282
-2305
-2351
-2467
-2571
-2553
-2342
-1918
-1373
-867
-530
-354
-245
-103
139
446
739
977
1116
1147
1123
1074
969
742
416
61
-285
-630
-970
-1262
-1506
-1696
-1816
-1866
-1860
-1812
-1741
-1624
-1410
-1106
-826
-649
-539
-465
-411
-344
-191
50
280
449
543
555
523
529
607
722
871
1099
1435
1707
1777
1688
1617
1591
1529
1483
1454
1358
1168
986
933
968
959
875
714
529
356
247
226
199
115
-62
-282
-378
-266
45
443
764
914
873
722
588
547
627
744
785
671
418
139
-88
-233
-323
-431
-613
-886
-1210
-1518
-1750
-1877
-1960
-2057
-2122
-2074
-1874
-1590
-1270
-912
-563
-285
-109
29
177
319
472
639
780
845
796
647
456
263
123
39
-38
-148
-311
-537
-798
-1017
-1143
-1195
-1199
-1182
-1155
-1081
-945
-769
-595
-423
-250
-96
37
175
352
533
643
680
608
427
214
37
-60
-48
41
132
170
227
432
723
916
949
989
1114
1222
1257
1262
1230
1115
982
992
1177
1366
1402
1269
1038
767
522
347
208
41
-199
-454
-592
-555
-405
-261
-188
-155
-129
-49
104
267
348
291
143
-19
-147
-220
-245
-262
-330
-473
-625
-745
-863
-1022
-1190
-1258
-1223
-1161
-1081
-947
-765
-650
-607
-510
-284
-23
150
248
326
365
373
410
483
520
457
323
189
100
60
61
54
-26
-183
-350
-449
-457
-372
-232
-95
-31
-64
-138
-201
-244
-273
-277
-247
-231
-275
-379
-488
-553
-564
-539
-513
-519
-534
-521
-475
-415
-349
-286
-253
-215
13
540
1137
1413
1302
1126
1091
1115
1176
1334
1422
1211
802
594
737
979
1053
951
762
503
247
126
126
52
-228
-595
-840
-884
-777
-606
-453
-384
-361
-301
-182
-54
47
111
146
176
235
313
384
419
389
296
216
201
197
108
-66
-195
-238
-263
-319
-353
-353
-399
-517
-570
-449
-273
-223
-289
-364
-413
-439
-372
-150
141
328
361
316
269
257
281
315
325
266
112
-104
-308
-449
-535
-585
-614
-635
-665
-709
-748
-769
-754
-708
-673
-690
-760
-829
-836
-770
-679
-628
-629
-628
-586
-540
-494
-404
-274
-181
-105
118
579
1072
1262
1146
1051
1146
1290
1417
1566
1590
1276
778
544
727
990
992
751
423
89
-156
-195
-114
-155
-430
-760
-877
-716
-399
-74
147
227
235
311
518
802
1063
1222
1233
1135
1046
1030
1053
1043
949
773
550
337
150
-79
-364
-590
-667
-657
-656
-643
-593
-570
-627
-661
-567
-438
-426
-523
-610
-671
-739
-753
-611
-361
-187
-164
-208
-227
-208
-147
-45
39
27
-110
-319
-528
-669
-711
-684
-657
-663
-716
-826
-999
-1163
-1200
-1101
-977
-919
-928
-965
-993
-958
-814
-594
-397
-271
-186
-118
-73
-17
119
298
410
479
681
1039
1275
1214
1048
994
967
858
820
877
782
459
243
402
728
852
755
670
630
568
590
788
936
771
389
179
290
522
727
887
945
844
686
665
808
973
1047
1006
879
748
724
834
964
965
811
598
408
236
61
-140
-378
-612
-805
-946
-1061
-1151
-1214
-1285
-1367
-1396
-1330
-1249
-1209
-1153
-1061
-986
-943
-837
-622
-405
-307
-293
-295
-334
-398
-435
-442
-483
-590
-714
-798
-858
-921
-972
-1004
-1028
-1012
-940
-871
-866
-895
-869
-770
-638
-489
-321
-194
-194
-267
-264
-163
-77
-31
53
162
191
131
124
215
297
335
483
840
1178
1234
1106
1069
1151
1227
1358
1553
1572
1270
906
861
1111
1318
1332
1254
1112
861
655
700
893
911
673
486
556
723
855
1015
1173
1177
1020
921
993
1085
1059
923
732
509
322
249
265
211
0
-269
-451
-536
-599
-695
-871
-1090
-1281
-1397
-1433
-1433
-1445
-1528
-1693
-1843
-1866
-1777
-1665
-1561
-1479
-1462
-1483
-1434
-1226
-934
-731
-671
-690
-725
-720
-635
-487
-357
-333
-399
-453
-451
-455
-496
-558
-622
-665
-654
-601
-569
-601
-645
-617
-502
-328
-123
40
95
90
173
404
678
899
1050
1130
1110
1041
1048
1146
1199
1115
1043
1162
1335
1319
1150
1009
901
798
845
1048
1172
1036
800
774
1014
1288
1433
1483
1442
1287
1134
1146
1250
1194
903
617
508
491
513
602
689
645
470
323
328
411
452
385
205
-21
-204
-269
-249
-285
-478
-760
-1003
-1158
-1262
-1367
-1511
-1664
-1791
-1865
-1871
-1835
-1804
-1804
-1834
-1835
-1770
-1662
-1529
-1367
-1222
-1149
-1118
-1050
-885
-691
-576
-559
-585
-626
-641
-598
-506
-444
-495
-594
-615
-534
-426
-344
-288
-241
-184
-70
113
303
426
489
557
658
794
949
1073
1101
1052
1012
1021
1046
1062
1061
1024
943
852
821
850
847
754
655
697
853
963
950
867
740
604
606
742
825
740
572
511
658
916
1145
1262
1222
1070
951
973
1061
1052
871
635
477
379
332
357
364
251
34
-169
-259
-275
-300
-379
-538
-736
-887
-935
-901
-885
-973
-1118
-1232
-1274
-1266
-1255
-1291
-1364
-1439
-1480
-1457
-1400
-1365
-1379
-1415
-1439
-1440
-1414
-1357
-1279
-1231
-1208
-1166
-1071
-911
-724
-547
-385
-272
-229
-186
-67
105
229
246
209
201
235
295
374
442
457
436
447
528
646
747
829
918
1003
1066
1129
1186
1205
1160
1089
1044
1009
949
840
686
512
358
262
231
214
158
78
84
236
425
508
493
434
355
364
517
681
710
621
528
558
711
867
929
877
747
617
556
558
520
368
148
-15
-85
-88
-28
37
18
-80
-181
-209
-171
-147
-187
-322
-521
-692
-767
-739
-708
-784
-958
-1123
-1204
-1225
-1231
-1248
-1271
-1300
-1324
-1300
-1215
-1112
-1035
-985
-945
-913
-895
-862
-781
-676
-601
-584
-593
-578
-502
-379
-247
-156
-137
-145
-86
55
211
299
326
351
412
509
633
745
791
759
703
692
721
740
725
690
647
601
572
586
621
610
547
476
439
441
456
446
396
313
235
207
216
210
162
117
154
242
282
251
187
101
52
115
218
252
210
171
233
422
643
796
853
827
771
744
769
783
693
503
321
211
150
129
118
59
-67
-225
-345
-390
-393
-406
-469
-575
-667
-689
-631
-539
-503
-548
-612
-636
-620
-604
-611
-648
-713
-796
-857
-877
-887
-909
-934
-951
-966
-980
-979
-932
-839
-734
-642
-557
-440
-290
-137
6
112
154
148
151
189
231
227
172
106
74
88
144
204
227
219
213
250
332
424
496
539
554
543
521
527
552
547
480
380
294
244
213
171
97
1
-90
-143
-143
-119
-109
-109
-56
77
220
304
335
333
336
410
545
645
661
626
625
719
873
991
1021
960
841
732
684
667
596
447
305
234
208
209
245
277
258
192
119
82
69
23
-77
-217
-358
-463
-506
-497
-511
-601
-731
-815
-835
-833
-842
-867
-903
-941
-957
-932
-884
-854
-848
-856
-881
-929
-985
-1006
-966
-905
-858
-823
-777
-705
-589
-431
-280
-182
-149
-130
-75
7
73
99
88
80
102
165
247
312
329
307
291
296
321
349
356
329
282
252
267
323
383
405
389
365
366
394
421
412
350
263
191
166
170
161
136
141
223
359
469
505
486
450
463
574
738
843
862
865
928
1075
1256
1382
1401
1313
1168
1043
962
875
724
516
321
178
87
44
40
7
-97
-234
-348
-410
-431
-466
-531
-621
-703
-733
-691
-617
-596
-661
-766
-852
-923
-994
-1066
-1141
-1227
-1303
-1332
-1309
-1259
-1204
-1151
-1115
-1099
-1089
-1060
-996
-902
-815
-761
-727
-674
-575
-427
-269
-151
-110
-131
-143
-101
-27
30
43
29
28
77
182
317
437
496
513
525
549
584
615
630
622
594
571
586
629
663
658
625
591
571
558
536
491
433
384
372
387
408
411
416
463
578
744
883
937
902
845
832
881
955
973
911
822
776
818
923
994
960
829
661
516
419
349
249
101
-69
-215
-304
-334
-332
-342
-398
-499
-620
-728
-799
-850
-898
-951
-997
-1013
-982
-923
-868
-850
-863
-898
-942
-990
-1032
-1064
-1093
-1123
-1154
-1173
-1166
-1140
-1105
-1078
-1075
-1089
-1090
-1047
-955
-845
-750
-672
-579
-448
-272
-77
86
184
227
271
339
409
457
469
458
455
484
543
611
643
633
614
613
632
658
677
677
657
639
660
722
782
809
801
790
796
824
853
853
801
720
649
608
588
555
499
442
420
457
543
632
676
654
606
590
611
647
665
625
535
453
413
421
437
408
315
188
49
-75
-169
-247
-331
-427
-525
-597
-632
-638
-620
-607
-628
-676
-735
-780
-800
-805
-806
-818
-842
-861
-865
-852
-837
-844
-876
-924
-967
-995
-1003
-997
-997
-1006
-1006
-984
-935
-878
-827
-783
-742
-686
-609
-517
-418
-329
-251
-160
-51
75
195
277
323
362
416
492
568
621
638
641
650
686
745
804
838
835
818
806
807
818
823
808
779
758
756
771
786
783
761
733
710
701
696
681
647
592
527
465
404
342
274
202
128
60
12
-15
-25
-28
-26
-36
-46
-40
-21
7
27
22
8
3
11
30
59
64
30
-33
-106
-167
-219
-274
-349
-439
-532
-603
-641
-649
-651
-669
-702
-731
-747
-739
-719
-707
-708
-720
-722
-696
-650
-607
-590
-594
-595
-568
-520
-471
-452
-473
-512
-530
-515
-476
-433
-406
-391
-373
-333
-260
-176
-99
-37
22
93
186
280
359
419
462
501
548
608
663
697
706
705
711
730
756
778
783
768
747
729
718
710
690
653
608
570
546
531
519
497
459
407
355
309
272
239
203
155
94
29
-29
-73
-111
-156
-209
-255
-284
-285
-263
-230
-203
-195
-186
-166
-135
-105
-86
-85
-90
-89
-72
-33
5
19
10
-17
-46
-62
-74
-99
-154
-234
-313
-362
-385
-389
-393
-410
-429
-445
-451
-451
-450
-458
-474
-478
-462
-441
-426
-421
-414
-394
-350
-291
-240
-218
-224
-244
-252
-241
-213
-190
-191
-203
-206
-184
-134
-75
-26
7
33
69
121
184
240
275
293
312
341
378
423
460
475
470
457
450
455
468
475
465
442
419
407
408
414
417
405
386
361
337
322
305
281
248
203
161
125
95
65
17
-39
-96
-148
-189
-222
-257
-300
-346
-372
-369
-333
-278
-219
-167
-122
-70
-4
63
117
146
143
128
122
134
161
183
181
163
139
124
125
120
93
42
-26
-100
-159
-198
-228
-256
-285
-304
-311
-303
-291
-291
-295
-295
-291
-282
-269
-259
-252
-237
-210
-176
-141
-112
-100
-103
-110
-114
-118
-126
-141
-165
-185
-198
-199
-190
-178
-171
-167
-155
-137
-113
-82
-47
-12
20
54
96
144
191
232
263
283
300
314
324
329
324
308
287
265
243
226
216
206
194
182
172
169
164
155
142
128
120
118
120
112
96
72
47
28
17
9
-4
-25
-52
-77
-88
-86
-70
-42
-8
29
67
103
137
165
180
190
191
192
196
197
197
195
187
175
166
152
127
93
54
7
-49
-103
-143
-174
-198
-214
-223
-227
-227
-227
-232
-243
-256
-270
-285
-302
-317
-330
-335
-329
-316
-303
-294
-289
-290
-296
-297
-291
-278
-257
-240
-225
-211
-194
-175
-157
-136
-117
-101
-88
-78
-62
-40
-20
-2
12
26
44
62
84
104
114
119
122
130
146
167
185
197
205
212
224
241
256
265
271
279
291
299
307
315
323
333
346
353
352
350
336
321
304
285
265
237
203
164
125
89
63
45
36
34
39
40
36
31
22
8
2
4
12
25
38
48
62
75
92
107
113
101
67
18
-39
-100
-154
-203
-252
-296
-340
-382
-417
-445
-463
-475
-486
-496
-503
-500
-492
-471
-440
-406
-373
-340
-305
-264
-219
-182
-151
-136
-127
-120
-107
-89
-68
-53
-52
-59
-65
-67
-68
-71
-73
-71
-71
-63
-49
-33
-16
-1
12
28
47
67
90
113
138
168
202
235
269
303
336
367
395
424
453
482
506
519
516
508
496
485
474
462
438
403
360
321
287
256
222
184
144
104
71
44
22
1
-23
-40
-43
-40
-36
-30
-30
-38
-50
-59
-64
-75
-94
-113
-130
-144
-154
-158
-166
-179
-198
-218
-238
-262
-286
-309
-333
-352
-364
-367
-365
-363
-367
-374
-381
-383
-382
-380
-379
-381
-381
-372
-346
-305
-260
-210
-162
-120
-81
-38
1
29
48
63
77
91
107
117
119
116
110
101
94
90
80
64
54
53
61
80
103
125
142
156
173
188
209
229
249
269
285
297
309
322
333
340
341
344
346
348
351
350
342
331
324
319
317
311
291
262
237
213
190
166
139
103
56
5
-40
-83
-128
-171
-212
-248
-273
-290
-295
-297
-303
-309
-311
-307
-296
-281
-269
-265
-264
-254
-242
-229
-218
-211
-208
-213
-222
-230
-239
-246
-256
-267
-272
-274
-267
-253
-240
-224
-211
-192
-169
-146
-124
-104
-84
-62
-41
-17
12
42
71
96
121
151
178
204
228
238
246
261
279
295
306
303
291
281
271
262
250
234
216
197
174
154
140
128
119
104
88
75
68
70
75
82
88
91
96
107
117
125
132
135
138
139
137
127
114
97
75
52
28
1
-27
-56
-81
-106
-124
-136
-149
-161
-173
-182
-190
-197
-204
-209
-215
-222
-229
-237
-239
-238
-240
-241
-244
-248
-245
-237
-229
-221
-211
-201
-191
-174
-148
-124
-102
-84
-70
-57
-49
-42
-32
-23
-17
-11
-6
4
14
27
43
61
78
96
117
137
157
179
200
219
236
252
262
271
281
290
293
294
289
279
268
256
241
229
216
199
181
163
148
131
116
100
85
64
44
30
22
14
2
-16
-39
-65
-85
-102
-121
-145
-172
-194
-209
-217
-222
-222
-218
-214
-207
-193
-179
-168
-153
-132
-113
-103
-96
-91
-87
-79
-70
-67
-66
-68
-73
-75
-74
-72
-69
-67
-71
-72
-73
-72
-68
-67
-68
-69
-67
-64
-61
-62
-58
-51
-43
-34
-26
-21
-12
-2
4
11
21
35
54
72
90
105
121
136
152
170
185
195
203
205
207
210
212
211
207
201
192
179
166
159
151
138
128
118
108
99
95
94
96
96
93
91
91
90
86
77
61
38
12
-11
-31
-55
-81
-107
-132
-151
-168
-185
-204
-223
-243
-262
-274
-278
-282
-290
-297
-297
-290
-280
-269
-258
-246
-233
-219
-199
-177
-156
-140
-122
-104
-81
-55
-32
-9
15
40
63
83
100
115
129
140
148
153
158
158
156
153
148
143
135
128
118
112
106
99
97
96
94
96
96
98
100
103
106
108
107
108
109
107
102
97
94
91
87
85
81
76
71
64
59
54
45
40
36
34
34
33
32
29
25
21
15
9
1
-7
-20
-31
-40
-46
-52
-59
-65
-73
-79
-81
-85
-90
-96
-101
-107
-114
-118
-123
-131
-134
-139
-145
-153
-163
-173
-183
-190
-194
-201
-208
-214
-213
-208
-198
-184
-169
-155
-138
-117
-95
-74
-55
-36
-15
4
25
49
70
90
112
133
153
169
184
196
204
213
220
227
234
233
230
225
222
218
212
202
189
172
153
138
123
108
90
71
56
43
27
13
1
-7
-14
-19
-24
-25
-27
-28
-27
-26
-27
-27
-29
-32
-35
-40
-43
-46
-53
-62
-70
-77
-83
-89
-95
-101
-103
-106
-111
-112
-107
-103
-98
-91
-81
-77
-76
-74
-68
-65
-63
-60
-56
-53
-46
-37
-29
-23
-18
-17
-18
-17
-14
-12
-8
-9
-11
-16
-19
-23
-25
-25
-30
-35
-37
-38
-35
-30
-24
-15
-8
-1
6
16
29
44
56
69
80
92
107
122
136
150
163
172
177
177
175
175
172
168
160
148
134
117
100
90
77
63
51
36
19
4
-11
-20
-29
-35
-41
-51
-59
-64
-67
-73
-78
-83
-87
-87
-88
-92
-93
-96
-97
-98
-98
-97
-96
-92
-86
-85
-85
-82
-78
-75
-71
-70
-69
-69
-67
-62
-59
-55
-48
-44
-40
-34
-27
-20
-13
-4
4
13
19
25
33
40
49
55
59
64
67
65
64
60
59
61
58
53
48
43
39
36
31
25
13
4
0
-1
-3
-6
-7
-7
-8
-6
0
1
0
0
-2
-2
-2
1
5
11
16
20
23
28
36
45
48
49
51
51
54
54
52
47
44
41
38
30
22
14
4
-6
-17
-25
-34
-39
-45
-51
-56
-60
-64
-67
-66
-66
-66
-65
-62
-59
-56
-54
-52
-47
-46
-43
-36
-28
-24
-22
-22
-22
-18
-13
-10
-11
-15
-17
-14
-6
0
4
7
7
10
16
24
30
38
43
46
54
58
62
70
75
78
81
81
85
90
92
91
93
91
84
80
78
74
64
55
46
33
22
10
-1
-11
-22
-35
-46
-56
-62
-68
-71
-73
-75
-77
-81
-82
-80
-78
-75
-70
-63
-57
-54
-49
-42
-34
-28
-22
-18
-14
-15
-15
-14
-15
-14
-15
-17
-22
-25
-24
-26
-28
-30
-33
-36
-37
-34
-33
-33
-31
-28
-23
-21
-19
-11
-4
2
3
1
4
8
12
16
17
19
24
28
29
32
34
34
34
37
40
41
39
40
43
46
50
54
58
60
61
63
65
67
67
69
73
76
78
75
73
71
70
69
66
59
54
47
39
35
27
19
14
6
-3
-14
-24
-36
-45
-54
-60
-69
-79
-90
-97
-100
-104
-107
-109
-108
-110
-111
-111
-113
-111
-106
-100
-95
-89
-83
-76
-71
-63
-55
-47
-38
-31
-20
-12
-8
-3
5
12
19
25
29
31
33
42
50
53
54
56
61
62
63
63
61
61
63
65
68
69
69
71
73
71
73
75
74
72
70
68
69
68
69
69
64
57
53
49
48
45
40
36
31
23
20
16
11
1
-5
-8
-13
-19
-21
-24
-29
-33
-37
-42
-48
-51
-52
-52
-53
-56
-61
-62
-62
-62
-64
-67
-71
-75
-76
-77
-78
-80
-83
-86
-90
-91
-92
-92
-93
-95
-95
-95
-95
-89
-86
-83
-79
-76
-72
-66
-59
-48
-39
-31
-22
-14
-4
6
18
30
37
48
59
69
77
82
90
95
99
104
105
104
105
107
112
114
111
109
103
101
99
96
94
92
89
88
86
83
81
79
74
73
70
64
64
64
61
55
49
42
36
31
27
21
16
8
-2
-8
-16
-22
-26
-31
-39
-46
-52
-58
-63
-66
-72
-78
-82
-84
-85
-85
-84
-85
-87
-87
-85
-82
-80
-79
-80
-80
-80
-78
-75
-72
-72
-70
-68
-67
-68
-70
-71
-70
-68
-65
-63
-62
-60
-54
-49
-48
-43
-38
-33
-28
-22
-17
-12
-4
6
16
21
25
28
36
45
55
60
63
70
79
85
90
96
102
106
109
113
112
114
115
113
109
102
99
97
95
95
92
86
82
79
74
69
62
56
50
46
41
36
32
29
25
19
15
7
-2
-9
-17
-23
-27
-35
-43
-47
-54
-62
-67
-72
-76
-79
-83
-85
-84
-87
-89
-90
-89
-90
-94
-97
-97
-97
-93
-90
-89
-91
-92
-89
-87
-85
-80
-77
-73
-68
-64
-56
-53
-50
-44
-36
-30
-26
-18
-13
-7
0
4
6
9
15
22
25
29
34
39
43
51
55
56
58
62
66
69
71
77
86
93
95
96
99
103
106
109
109
109
110
114
115
112
108
107
103
94
90
85
79
74
71
64
55
51
46
35
27
17
7
-2
-9
-17
-27
-34
-38
-43
-51
-60
-69
-73
-77
-81
-79
-80
-85
-88
-88
-91
-93
-95
-97
-99
-103
-105
-102
-100
-100
-99
-99
-98
-93
-89
-86
-86
-83
-77
-72
-68
-65
-58
-52
-44
-38
-36
-30
-26
-21
-13
-7
-3
2
6
14
18
22
27
33
39
44
49
50
52
57
61
66
73
75
79
83
85
86
87
86
83
84
86
84
79
78
76
75
73
72
71
66
63
64
63
61
59
55
54
49
44
41
36
29
24
18
10
3
-1
-7
-10
-13
-17
-25
-29
-33
-36
-35
-37
-41
-44
-49
-54
-55
-57
-58
-59
-61
-67
-70
-73
-73
-77
-79
-80
-78
-76
-77
-79
-78
-76
-71
-65
-63
-59
-56
-50
-46
-41
-33
-27
-22
-17
-14
-11
-9
-5
-1
2
7
13
16
15
15
17
21
24
27
32
31
31
34
39
39
40
42
44
45
48
52
54
57
60
64
61
60
62
64
65
63
61
57
55
56
56
52
46
41
39
35
29
24
20
14
9
5
3
0
-5
-6
-10
-12
-14
-14
-14
-15
-17
-20
-23
-24
-26
-27
-28
-27
-25
-24
-25
-26
-27
-29
-33
-36
-38
-39
-40
-43
-44
-43
-43
-40
-38
-39
-39
-36
-35
-31
-29
-27
-25
-24
-19
-17
-14
-15
-11
-9
-8
-5
-5
-2
2
6
6
7
10
15
19
21
24
26
26
27
28
26
24
21
20
21
20
17
15
10
7
7
6
4
4
6
7
5
5
5
6
9
9
8
5
5
8
12
10
7
8
8
9
10
11
8
5
5
6
3
2
3
2
0
-1
-1
-5
-8
-8
-6
-8
-8
-10
-10
-10
-9
-9
-12
-14
-16
-15
-13
-11
-8
-6
-3
0
2
3
0
1
3
3
2
0
2
3
6
8
8
5
2
1
1
-1
1
2
2
-1
-3
-4
-3
-2
-2
-2
-3
-2
-1
0
1
3
3
2
4
7
6
6
4
4
5
4
2
2
0
-2
-1
2
0
-2
-4
-9
-12
-13
-13
-15
-17
-16
-14
-14
-16
-16
-12
-12
-11
-10
-6
-6
-6
-1
1
1
2
5
8
9
12
13
13
10
10
11
12
12
12
10
6
4
4
8
12
13
13
14
14
14
15
15
19
17
16
17
19
21
22
21
22
22
21
22
25
24
24
23
21
20
18
15
13
9
6
7
6
1
-3
-8
-11
-13
-14
-16
-22
-26
-28
-26
-27
-28
-27
-30
-33
-36
-40
-41
-39
-39
-41
-44
-44
-42
-39
-37
-38
-40
-42
-42
-41
-39
-38
-38
-37
-36
-36
-34
-33
-32
-29
-26
-22
-18
-18
-18
-15
-8
-5
-1
2
6
12
15
16
19
22
23
27
31
36
39
42
45
48
49
50
57
60
58
56
58
59
57
56
55
55
52
50
52
51
47
43
41
40
38
33
34
30
25
21
20
17
15
14
11
6
3
1
-3
-7
-9
-8
-9
-10
-14
-19
-20
-22
-23
-27
-30
-33
-34
-34
-37
-38
-37
-39
-39
-40
-42
-44
-46
-43
-40
-44
-46
-44
-43
-43
-42
-43
-43
-41
-37
-35
-36
-32
-30
-30
-25
-21
-20
-16
-9
-4
0
1
3
4
8
9
9
7
3
4
9
14
17
18
20
22
23
24
27
27
29
29
30
33
37
41
42
41
40
42
45
46
46
47
47
47
45
43
40
39
37
33
28
26
23
19
14
9
3
1
-4
-8
-12
-13
-13
-15
-18
-22
-24
-28
-30
-31
-34
-34
-38
-41
-40
-40
-41
-43
-43
-45
-44
-42
-42
-42
-41
-42
-42
-40
-38
-38
-38
-38
-39
-39
-38
-35
-34
-29
-27
-27
-25
-23
-19
-15
-12
-9
-6
0
3
5
10
17
21
23
29
34
34
37
39
41
43
44
45
45
43
43
46
45
45
43
44
47
47
46
44
47
49
51
48
46
45
43
43
43
41
39
38
35
35
33
31
30
27
24
21
19
15
10
5
2
1
-1
-3
-8
-12
-16
-19
-21
-24
-27
-31
-34
-39
-40
-41
-45
-49
-51
-51
-52
-57
-58
-58
-55
-55
-55
-54
-53
-56
-54
-53
-51
-49
-47
-45
-43
-38
-33
-31
-31
-26
-22
-19
-16
-15
-13
-13
-13
-10
-7
-9
-6
-4
-1
1
2
5
6
10
15
17
18
19
21
23
27
27
32
34
34
37
37
39
41
40
38
39
40
41
41
40
39
39
38
38
36
33
29
27
27
24
23
23
23
21
15
13
14
14
11
11
11
10
9
8
7
3
1
1
-2
-3
-4
-9
-10
-11
-13
-14
-14
-16
-18
-19
-17
-16
-19
-25
-27
-27
-28
-28
-31
-32
-34
-34
-32
-31
-31
-29
-30
-28
-27
-28
-25
-22
-19
-16
-17
-15
-12
-8
-7
-8
-6
-3
-2
-3
-1
3
4
5
7
8
8
9
12
15
16
16
17
19
23
23
25
24
23
27
30
31
30
30
31
29
27
30
28
24
22
19
17
16
15
12
10
6
4
5
4
2
1
2
0
-1
-2
-4
-5
-6
-5
-7
-11
-13
-12
-12
-13
-15
-17
-18
-17
-16
-19
-22
-22
-23
-24
-24
-23
-24
-25
-26
-26
-25
-25
-25
-23
-19
-20
-20
-17
-16
-16
-14
-13
-12
-11
-8
-5
-5
-5
-4
-2
2
3
3
2
2
1
1
1
3
6
5
4
6
8
8
11
13
14
15
17
19
20
20
20
20
20
23
25
24
23
23
24
23
24
25
23
20
18
18
16
12
10
7
7
9
10
10
8
6
3
0
-1
-2
1
2
-2
-4
-6
-9
-10
-9
-11
-10
-9
-10
-9
-9
-8
-8
-10
-12
-14
-15
-15
-16
-14
-12
-14
-16
-15
-12
-11
-11
-8
-5
-5
-4
-5
-6
-2
0
1
2
4
4
4
6
10
11
7
4
4
4
4
3
4
3
1
2
3
4
5
4
6
4
3
1
2
1
1
1
1
1
-1
-1
-2
-3
-3
-3
-5
-7
-5
-3
-3
-6
-7
-8
-7
-6
-6
-7
-10
-10
-10
-10
-10
-8
-10
-14
-14
-13
-13
-12
-12
-12
-10
-10
-8
-4
-4
-3
-2
-4
-5
-2
0
0
-1
-1
2
4
2
3
5
5
4
5
6
5
3
6
11
10
7
7
10
11
15
16
17
17
18
20
22
22
24
24
23
24
24
24
24
26
22
18
17
14
13
11
9
10
8
4
5
8
7
6
5
2
-2
-6
-6
-6
-8
-8
-9
-12
-15
-16
-17
-20
-24
-26
-25
-25
-21
-18
-18
-21
-23
-23
-24
-23
-22
-18
-16
-19
-21
-20
-19
-17
-15
-13
-12
-10
-9
-8
-7
-7
-5
-5
-5
-4
-4
-3
0
2
2
2
3
3
2
3
8
12
12
12
10
10
14
16
15
16
16
17
19
19
18
18
18
17
15
14
15
14
14
16
16
16
15
14
13
13
14
10
8
11
13
11
10
10
11
10
10
9
7
3
3
1
-2
-4
-4
-6
-6
-10
-10
-12
-13
-15
-17
-20
-20
-18
-17
-19
-20
-21
-24
-25
-27
-28
-31
-30
-31
-33
-32
-30
-29
-28
-26
-24
-23
-19
-17
-14
-10
-9
-11
-9
-4
0
5
5
6
7
8
11
11
11
11
13
13
13
13
14
16
17
18
19
21
23
27
27
25
27
30
31
30
28
29
26
25
25
22
20
20
18
16
14
11
10
10
11
11
9
7
6
6
4
3
5
6
6
6
6
4
3
2
4
2
-3
-7
-6
-7
-10
-12
-14
-16
-16
-17
-17
-21
-21
-20
-24
-27
-29
-27
-27
-28
-27
-25
-26
-29
-30
-27
-26
-26
-23
-24
-27
-28
-27
-25
-25
-24
-23
-19
-18
-17
-14
-10
-11
-9
-4
-1
1
4
8
9
12
16
19
22
25
26
27
28
30
33
34
34
35
33
30
31
30
29
31
28
25
24
25
24
21
17
17
17
14
13
12
12
11
8
9
7
9
7
5
3
2
4
2
-2
-6
-10
-12
-13
-13
-12
-14
-19
-19
-17
-16
-20
-21
-18
-17
-17
-17
-18
-18
-16
-15
-17
-16
-14
-14
-14
-16
-17
-19
-20
-21
-20
-19
-19
-16
-17
-19
-20
-18
-15
-11
-9
-7
-6
-7
-5
-6
-6
-6
-3
0
0
0
0
-1
-1
1
4
5
5
6
10
13
16
20
23
25
25
28
31
33
36
38
39
40
42
41
41
39
38
36
35
34
30
28
24
20
19
20
18
15
14
10
6
3
1
-2
-4
-1
0
-7
-10
-11
-15
-17
-17
-19
-18
-21
-23
-23
-25
-29
-29
-29
-29
-30
-30
-31
-31
-30
-31
-32
-31
-29
-25
-23
-23
-21
-19
-15
-16
-15
-14
-16
-16
-14
-12
-12
-8
-6
-7
-10
-12
-12
-8
-7
-9
-8
-3
-2
-1
-1
2
6
6
7
10
11
11
14
14
15
14
16
16
15
15
18
18
18
20
24
23
20
20
20
24
25
28
30
30
29
28
28
28
26
27
27
27
26
24
24
23
22
17
14
13
11
9
7
5
4
2
-2
-5
-8
-11
-14
-17
-18
-19
-22
-25
-27
-32
-34
-36
-36
-34
-32
-30
-34
-38
-38
-38
-37
-36
-33
-31
-29
-27
-24
-23
-21
-21
-19
-15
-13
-11
-8
-3
-2
-1
-1
0
1
3
5
5
7
9
8
7
8
12
12
13
15
17
18
17
19
20
19
20
21
21
23
23
22
22
20
19
20
20
18
18
17
17
17
16
17
16
14
14
12
12
14
12
8
8
9
8
7
5
5
7
7
5
5
2
-2
-2
-1
-2
-4
-4
-6
-7
-8
-10
-12
-13
-13
-15
-17
-15
-16
-21
-21
-19
-18
-19
-21
-20
-19
-18
-17
-18
-17
-18
-19
-19
-19
-17
-13
-12
-13
-15
-13
-10
-11
-12
-9
-6
-4
-4
-3
-2
-1
2
6
7
9
11
13
13
12
14
14
14
14
16
15
14
13
11
12
12
10
10
10
8
8
7
7
7
8
6
6
5
5
6
5
3
1
1
1
1
1
2
3
3
3
1
-1
-2
-2
-4
-4
-1
0
-1
-1
-3
-5
-5
-2
-4
-5
-4
-3
-4
-4
-4
-5
-5
-5
-4
-4
-4
-3
0
0
-5
-6
-8
-8
-4
-3
-3
-5
-6
-7
-8
-6
-4
-5
-4
-5
-5
-5
-3
-2
-1
0
-1
-2
1
2
2
1
1
2
1
3
4
4
5
9
9
10
9
9
10
12
11
11
12
13
13
13
11
12
13
11
7
3
3
2
4
5
3
3
6
6
1
-1
-1
-2
-2
0
0
-1
-3
-2
-2
-3
-3
-3
-5
-7
-8
-5
-4
-5
-6
-7
-10
-12
-13
-12
-10
-10
-10
-9
-10
-10
-8
-7
-4
-4
-4
-4
-6
-3
0
4
0
-1
-2
-2
-2
0
1
-3
-2
1
3
5
3
3
4
4
2
2
4
4
4
5
3
1
0
-1
0
2
1
0
-2
-2
-2
-3
-4
-3
-2
0
-2
-2
0
2
2
1
-1
-2
-1
-1
0
1
2
2
1
0
3
2
3
4
1
1
2
2
1
-2
-2
-2
-4
-6
-4
-3
-2
-2
-2
-2
-3
-3
0
1
-3
-2
0
0
-1
-1
0
1
-1
1
2
4
5
5
5
4
4
5
5
5
7
8
6
3
2
2
0
-1
1
3
4
6
9
10
11
12
14
12
9
9
8
8
7
7
7
6
6
5
4
3
3
-2
-1
2
3
2
0
-5
-4
-2
-2
-3
-1
1
-2
-4
-6
-7
-8
-8
-9
-6
-4
-3
-2
-2
-3
-6
-9
-7
-8
-9
-11
-13
-13
-14
-16
-15
-14
-11
-11
-11
-11
-10
-8
-5
-3
-3
-2
-3
-4
-7
-6
-7
-11
-10
-10
-10
-9
-6
-3
-1
2
7
5
6
7
6
6
7
6
6
5
4
6
6
6
5
5
4
3
3
4
4
5
6
10
10
8
9
9
