0
-1
-1
-2
-1
-1
-1
-1
-2
-2
-3
-3
-3
-3
-4
-4
-5
-4
-4
-4
-5
-3
-2
-2
-2
-2
-1
-2
0
-1
0
1
0
1
0
1
1
0
0
2
1
2
1
1
0
0
0
0
1
1
2
2
2
2
3
3
3
3
3
3
3
3
3
3
2
2
3
2
1
0
1
1
1
0
-1
-1
-2
-2
-2
-1
-2
-2
-1
-1
-1
0
-2
-2
-3
-2
-2
-1
-1
0
0
0
0
0
0
-1
0
-1
1
1
1
0
0
0
-1
0
0
-1
-1
-1
-1
-2
-2
-1
-2
-2
-1
-1
-1
0
1
1
3
3
4
4
3
3
4
3
3
2
3
3
2
2
2
1
1
1
1
0
0
-1
-2
-3
-3
-3
-3
-2
-2
-2
-2
-3
-3
-2
-2
-2
-1
-2
-2
0
-1
0
0
1
1
1
1
1
0
-1
-1
0
-2
-2
-1
-2
-3
-3
-3
-2
-2
-2
-1
-1
-2
-1
-1
1
1
1
1
2
2
2
2
4
2
4
3
3
3
3
3
3
3
2
3
3
2
1
1
1
1
1
0
-1
-1
-1
0
0
0
1
1
0
0
0
0
0
1
1
1
0
1
0
1
1
0
-2
-2
-4
-5
-4
-4
-5
-5
-4
-4
-4
-3
-4
-4
-4
-4
-4
-3
-2
-2
-2
-1
0
1
1
1
1
1
1
2
2
2
2
3
2
2
2
1
2
1
3
2
1
2
1
0
-1
1
0
0
0
0
1
1
1
2
2
2
2
1
1
1
2
2
2
1
2
2
2
2
3
2
1
1
0
0
1
0
0
-1
0
-1
0
-1
0
0
-1
-1
-2
-2
-1
0
-1
-1
-1
0
0
-1
-1
0
-2
-2
-1
-1
-2
-3
-3
-4
-3
-2
-3
-2
-2
-2
-3
-2
0
-2
-2
-3
-2
-3
-2
-1
-1
0
1
1
2
3
4
6
6
5
5
5
4
4
3
3
3
3
3
2
1
1
2
2
1
0
1
0
0
-1
-1
-3
-3
-2
-2
-3
-3
-3
-4
-4
-4
-3
-3
-3
-3
-4
-4
-3
-3
-3
-2
-2
-3
-3
-3
-4
-2
-3
-2
-2
-3
-1
-2
-2
-3
-2
-2
-1
0
1
0
2
0
1
2
2
2
2
3
2
2
3
2
2
2
4
4
5
4
4
5
5
4
5
5
4
5
4
5
5
4
5
5
4
3
4
3
3
2
2
2
2
2
0
0
1
2
1
1
1
0
-1
-2
-1
-1
-2
-3
-2
-3
-3
-3
-5
-4
-5
-6
-6
-6
-7
-7
-6
-6
-5
-5
-4
-4
-4
-4
-4
-4
-3
-3
-3
-2
-3
-4
-3
-2
-1
-1
-2
0
1
0
2
1
2
1
1
2
3
2
3
4
5
5
4
4
4
4
4
5
5
5
5
5
6
5
6
5
4
3
3
3
1
2
1
1
1
2
1
0
1
1
1
0
-1
-2
0
-1
0
0
-1
-1
-1
-1
-1
-1
-2
-2
-2
-4
-4
-6
-5
-4
-5
-6
-6
-6
-6
-6
-6
-7
-8
-7
-8
-5
-5
-3
-4
-3
-3
-2
-2
-2
0
1
2
1
1
2
2
1
1
2
1
2
2
2
2
2
2
0
0
0
0
1
-1
-2
-1
-1
0
1
2
1
1
1
2
2
4
4
4
4
4
4
5
8
7
8
7
7
7
7
6
6
6
5
5
4
3
3
1
1
0
-1
-1
-1
-2
-3
-4
-3
-4
-3
-3
-3
-1
-1
-1
-1
-1
-1
0
-1
0
0
-1
-1
-2
-2
-3
-2
-2
-3
-2
-2
-2
-2
-1
-2
-1
0
0
0
1
2
3
3
3
3
3
4
3
4
2
1
0
-2
-4
-6
-6
-8
-8
-9
-11
-12
-12
-12
-12
-11
-11
-10
-11
-9
-7
-5
-4
-1
2
6
7
10
12
15
16
20
21
23
25
26
27
27
27
26
26
25
24
21
20
18
14
12
9
5
2
-2
-6
-8
-13
-16
-18
-21
-24
-28
-31
-33
-35
-38
-39
-40
-42
-41
-42
-41
-41
-42
-42
-42
-41
-40
-39
-40
-39
-39
-40
-38
-37
-37
-35
-32
-31
-29
-23
-19
-13
-7
1
9
19
32
44
56
69
81
94
106
117
126
135
142
146
149
148
147
144
139
132
122
109
97
82
66
48
31
13
-6
-26
-44
-62
-79
-95
-111
-124
-136
-144
-154
-157
-159
-159
-157
-154
-150
-143
-137
-129
-123
-117
-112
-107
-102
-97
-94
-90
-87
-83
-79
-73
-66
-58
-48
-36
-20
-2
16
38
62
87
112
139
164
185
205
223
238
250
261
265
266
263
254
243
230
213
194
172
149
127
102
79
53
30
8
-14
-34
-51
-66
-82
-94
-106
-115
-121
-127
-131
-133
-133
-135
-134
-132
-132
-131
-131
-130
-130
-130
-130
-129
-129
-128
-126
-124
-121
-117
-111
-104
-96
-87
-77
-71
-63
-53
-44
-36
-27
-19
-12
-6
-1
4
9
12
15
17
19
21
25
26
27
27
29
31
34
35
36
37
38
39
41
45
46
48
51
51
54
58
62
65
67
68
68
70
72
74
74
74
75
77
81
86
91
96
100
105
110
116
120
120
120
119
116
115
113
110
107
100
91
82
71
61
51
39
26
14
0
-14
-30
-46
-64
-82
-98
-114
-131
-148
-167
-187
-204
-219
-230
-242
-253
-260
-266
-265
-263
-259
-253
-246
-237
-224
-208
-188
-167
-152
-137
-121
-103
-83
-61
-43
-29
-18
-9
1
17
39
67
94
125
161
200
244
283
317
343
363
381
400
414
421
417
402
376
347
317
286
253
215
175
137
102
72
45
18
-10
-37
-62
-84
-103
-123
-145
-168
-189
-205
-216
-222
-228
-230
-231
-228
-217
-202
-187
-174
-166
-158
-148
-137
-126
-116
-111
-107
-103
-98
-88
-79
-74
-70
-64
-56
-42
-26
-13
-3
3
5
7
5
-1
-11
-26
-44
-59
-69
-75
-77
-76
-76
-71
-62
-49
-34
-20
-6
6
19
27
34
33
28
21
13
3
-6
-18
-33
-51
-66
-73
-68
-51
-25
6
45
92
143
194
239
277
309
338
368
398
423
437
437
423
401
380
360
340
311
275
238
201
168
136
98
55
10
-36
-77
-114
-147
-182
-219
-262
-299
-324
-335
-337
-338
-337
-329
-312
-287
-258
-239
-221
-209
-196
-185
-174
-160
-144
-133
-125
-113
-95
-73
-56
-43
-33
-19
4
30
50
62
67
67
60
45
25
3
-24
-54
-79
-94
-100
-98
-95
-92
-84
-69
-47
-25
-9
-4
-6
-15
-32
-50
-70
-89
-95
-84
-60
-30
6
59
119
177
231
281
328
369
409
444
474
493
490
458
410
364
323
284
233
181
136
107
89
76
64
49
30
8
-14
-30
-49
-82
-136
-197
-255
-304
-340
-370
-398
-420
-427
-412
-377
-333
-289
-248
-205
-159
-111
-71
-40
-23
-18
-17
-15
-9
-1
1
-1
2
20
48
78
98
107
108
98
86
68
44
5
-45
-99
-148
-189
-230
-270
-307
-328
-329
-310
-279
-241
-194
-146
-98
-54
-11
26
53
63
61
52
35
13
-20
-66
-99
-85
-25
45
107
182
285
404
514
597
653
686
713
738
757
771
765
716
622
512
425
369
310
225
126
44
-6
-28
-43
-71
-121
-183
-241
-279
-302
-325
-366
-429
-502
-558
-586
-589
-586
-586
-584
-558
-494
-403
-310
-236
-179
-128
-79
-31
11
46
63
59
43
38
51
69
74
70
73
95
132
172
200
208
200
183
160
128
82
22
-48
-119
-187
-248
-294
-323
-345
-365
-374
-360
-322
-275
-235
-197
-152
-103
-70
-59
-59
-61
-71
-101
-143
-179
-213
-249
-257
-199
-88
28
131
256
424
608
769
872
922
952
978
996
996
981
932
823
663
516
419
347
250
118
-14
-110
-154
-160
-166
-206
-277
-346
-393
-411
-422
-447
-497
-565
-629
-664
-666
-639
-604
-578
-552
-492
-378
-232
-110
-37
11
61
113
151
171
169
144
100
62
49
59
76
85
77
72
98
154
209
230
219
201
188
171
127
58
-26
-110
-190
-255
-299
-316
-321
-326
-326
-301
-247
-190
-154
-139
-117
-80
-49
-47
-76
-133
-212
-300
-388
-477
-575
-656
-653
-534
-357
-191
-26
184
445
708
921
1064
1152
1209
1241
1248
1242
1221
1139
956
721
539
446
373
244
68
-92
-183
-202
-196
-216
-280
-362
-426
-461
-472
-477
-494
-540
-606
-660
-657
-595
-511
-444
-400
-333
-203
-25
139
234
266
279
292
289
256
195
105
-10
-130
-218
-251
-248
-245
-262
-275
-248
-165
-64
-1
4
-18
-24
-9
-4
-34
-94
-157
-207
-236
-231
-199
-153
-112
-79
-36
36
119
166
154
111
84
77
51
-23
-144
-287
-433
-569
-694
-818
-932
-978
-879
-653
-393
-140
136
462
803
1093
1297
1413
1470
1491
1476
1436
1387
1306
1132
867
616
467
390
283
100
-101
-246
-310
-324
-351
-423
-526
-615
-663
-671
-653
-636
-643
-680
-715
-700
-612
-481
-361
-277
-196
-60
144
356
493
533
524
505
473
405
303
171
11
-168
-312
-380
-387
-388
-415
-445
-434
-357
-246
-161
-144
-173
-199
-187
-154
-139
-158
-195
-218
-201
-140
-54
33
104
157
206
270
346
393
367
272
167
96
28
-82
-253
-458
-658
-828
-965
-1094
-1227
-1323
-1268
-1014
-654
-307
28
421
871
1289
1608
1809
1909
1935
1903
1832
1768
1708
1573
1283
912
641
515
416
206
-103
-387
-567
-655
-715
-800
-927
-1050
-1123
-1127
-1063
-959
-856
-798
-780
-734
-591
-367
-147
-4
83
191
381
616
785
813
735
627
516
381
214
28
-181
-425
-661
-803
-823
-798
-808
-856
-864
-776
-604
-422
-298
-241
-195
-101
49
201
307
358
387
432
516
623
710
745
716
655
597
564
518
402
201
-40
-244
-398
-549
-739
-969
-1209
-1419
-1563
-1639
-1685
-1712
-1641
-1358
-875
-336
162
663
1214
1761
2204
2488
2627
2660
2615
2489
2308
2120
1904
1562
1071
576
227
2
-258
-647
-1077
-1405
-1572
-1622
-1645
-1689
-1740
-1718
-1580
-1343
-1053
-755
-477
-248
-61
154
449
771
997
1076
1081
1128
1245
1332
1263
1028
721
425
145
-158
-481
-803
-1120
-1419
-1633
-1695
-1638
-1553
-1494
-1416
-1239
-948
-594
-269
-28
151
347
599
869
1071
1165
1180
1166
1161
1160
1127
1026
847
618
382
176
-7
-216
-487
-800
-1067
-1237
-1334
-1427
-1538
-1641
-1693
-1677
-1589
-1450
-1302
-1146
-892
-409
275
966
1536
2034
2538
3004
3334
3452
3351
3083
2721
2299
1854
1423
983
439
-224
-840
-1242
-1450
-1649
-1954
-2288
-2500
-2496
-2303
-2037
-1802
-1593
-1325
-930
-433
93
591
1014
1317
1505
1663
1853
2027
2049
1846
1510
1197
975
740
364
-167
-730
-1216
-1604
-1919
-2169
-2347
-2471
-2527
-2446
-2162
-1717
-1245
-826
-426
28
556
1093
1539
1822
1950
2005
2056
2088
2021
1811
1483
1097
713
369
45
-293
-669
-1040
-1347
-1543
-1636
-1681
-1732
-1786
-1776
-1649
-1435
-1213
-1035
-890
-744
-568
-354
-130
45
163
331
732
1380
2026
2454
2708
2942
3174
3277
3128
2698
2074
1411
790
244
-198
-561
-968
-1488
-1952
-2114
-1974
-1787
-1781
-1923
-2005
-1839
-1421
-933
-569
-342
-92
296
802
1320
1772
2073
2161
2053
1884
1777
1684
1414
857
138
-490
-891
-1165
-1506
-1970
-2429
-2721
-2790
-2685
-2477
-2215
-1934
-1626
-1220
-647
46
715
1229
1585
1871
2172
2473
2660
2602
2303
1902
1541
1225
861
391
-156
-692
-1139
-1449
-1642
-1766
-1845
-1865
-1795
-1615
-1336
-1008
-715
-501
-342
-175
13
155
188
111
0
-78
-100
-114
-158
-184
-25
451
1124
1702
2065
2335
2622
2848
2852
2560
2027
1402
814
306
-82
-338
-546
-867
-1293
-1580
-1557
-1345
-1265
-1474
-1808
-1969
-1799
-1407
-1034
-793
-573
-205
352
993
1599
2073
2337
2345
2144
1896
1698
1440
922
129
-689
-1262
-1547
-1729
-2001
-2351
-2610
-2636
-2446
-2153
-1844
-1550
-1268
-968
-577
-27
615
1185
1581
1845
2099
2404
2686
2768
2535
2062
1539
1090
666
165
-424
-1015
-1497
-1806
-1925
-1898
-1793
-1651
-1478
-1252
-969
-658
-401
-264
-247
-258
-212
-113
-41
-54
-105
-120
-58
46
110
100
103
332
899
1587
2068
2302
2489
2709
2829
2697
2268
1613
889
229
-298
-639
-828
-1023
-1398
-1858
-2086
-1943
-1649
-1563
-1780
-2042
-2016
-1598
-966
-382
62
485
1038
1716
2394
2938
3241
3212
2805
2145
1485
936
345
-487
-1492
-2353
-2802
-2867
-2814
-2840
-2901
-2839
-2581
-2183
-1723
-1262
-850
-489
-112
401
1101
1861
2478
2866
3086
3232
3320
3255
2884
2143
1185
252
-522
-1178
-1784
-2316
-2687
-2808
-2667
-2329
-1894
-1445
-1035
-681
-374
-118
84
208
234
180
141
210
359
472
471
387
301
251
202
59
-193
-382
-206
418
1170
1688
1992
2308
2662
2855
2725
2269
1585
812
62
-540
-880
-1007
-1174
-1573
-2019
-2136
-1817
-1386
-1246
-1448
-1680
-1605
-1142
-474
129
583
1009
1535
2144
2725
3161
3321
3056
2334
1377
514
-151
-831
-1736
-2744
-3479
-3699
-3509
-3201
-2949
-2735
-2447
-2017
-1463
-857
-278
206
583
951
1463
2141
2820
3290
3468
3418
3254
3005
2586
1872
866
-259
-1271
-2033
-2553
-2886
-3047
-2999
-2726
-2256
-1659
-1032
-476
-57
224
394
486
540
566
530
438
374
401
470
479
385
207
-10
-224
-429
-654
-881
-959
-608
238
1220
1931
2378
2773
3127
3224
2907
2183
1207
204
-667
-1279
-1542
-1521
-1480
-1608
-1736
-1542
-1012
-508
-390
-655
-989
-1036
-668
-68
485
915
1360
1928
2566
3117
3401
3270
2627
1519
219
-939
-1858
-2709
-3608
-4369
-4652
-4311
-3535
-2663
-1911
-1287
-707
-124
437
914
1230
1352
1382
1507
1846
2328
2752
2955
2879
2580
2141
1571
796
-234
-1437
-2589
-3431
-3819
-3782
-3448
-2900
-2159
-1247
-245
692
1388
1731
1764
1598
1302
910
504
173
-67
-214
-231
-115
43
99
-13
-262
-572
-870
-1125
-1359
-1526
-1326
-408
1046
2383
3235
3776
4183
4326
3960
3003
1608
90
-1252
-2229
-2685
-2580
-2151
-1807
-1670
-1430
-812
-39
361
130
-484
-975
-953
-421
282
886
1417
2031
2731
3341
3640
3430
2575
1091
-724
-2369
-3521
-4268
-4843
-5233
-5139
-4317
-2885
-1283
48
932
1445
1735
1888
1920
1801
1514
1141
898
1001
1447
2008
2369
2322
1884
1237
506
-348
-1408
-2593
-3641
-4245
-4215
-3596
-2593
-1436
-276
805
1752
2466
2783
2600
1989
1172
369
-291
-735
-926
-916
-774
-512
-162
134
183
-94
-597
-1152
-1610
-1892
-1981
-1832
-1260
41
1976
3850
5018
5479
5494
5067
4043
2439
478
-1474
-3028
-3921
-3994
-3263
-2071
-1014
-444
-131
335
901
1056
464
-585
-1427
-1538
-858
247
1372
2349
3178
3803
4084
3890
3086
1554
-649
-3091
-5053
-6050
-6184
-5859
-5263
-4254
-2692
-747
1093
2334
2787
2600
2046
1386
832
492
329
280
406
858
1630
2425
2799
2462
1479
218
-985
-2053
-3035
-3840
-4235
-4025
-3171
-1818
-277
1112
2103
2620
2740
2580
2148
1410
488
-334
-798
-838
-563
-155
215
455
553
488
184
-419
-1249
-2084
-2665
-2823
-2522
-1870
-1005
37
1457
3336
5113
5949
5671
4743
3538
2088
429
-1272
-2748
-3692
-3922
-3375
-2126
-563
621
932
559
138
23
-46
-492
-1253
-1748
-1423
-215
1428
2933
3946
4369
4210
3525
2424
991
-774
-2830
-4853
-6189
-6322
-5396
-4032
-2701
-1436
-114
1196
2191
2587
2350
1668
840
166
-127
32
524
1082
1495
1815
2155
2364
2079
1121
-309
-1745
-2762
-3264
-3389
-3207
-2681
-1827
-762
352
1304
1877
1950
1571
985
510
236
4
-275
-418
-254
152
566
757
586
116
-444
-952
-1428
-1886
-2238
-2358
-2153
-1602
-753
215
1028
1551
2095
3067
4172
4597
4056
3018
1951
961
-17
-1027
-1990
-2655
-2852
-2529
-1665
-483
432
574
76
-414
-392
-7
180
-68
-350
-98
825
2052
3057
3532
3450
2907
2004
863
-355
-1598
-2955
-4342
-5276
-5248
-4314
-3030
-1873
-923
-16
900
1637
1975
1896
1545
1087
683
471
531
845
1208
1348
1271
1216
1202
933
221
-794
-1755
-2328
-2450
-2310
-2033
-1604
-1043
-416
207
718
995
996
755
427
278
384
485
370
173
114
192
256
168
-144
-598
-967
-1107
-1091
-1046
-1045
-1072
-1022
-771
-319
197
559
680
884
1663
2845
3600
3483
2787
1899
984
75
-854
-1771
-2444
-2671
-2353
-1415
-34
1185
1652
1349
787
508
548
461
-27
-569
-583
107
1201
2243
2888
3001
2591
1707
471
-877
-2152
-3392
-4568
-5294
-5117
-4024
-2473
-972
249
1231
2015
2458
2423
2009
1413
777
232
-85
-79
284
841
1230
1277
1145
956
549
-229
-1269
-2251
-2826
-2888
-2606
-2125
-1464
-704
6
588
997
1161
1071
779
393
133
156
314
341
239
213
326
467
478
247
-192
-609
-826
-901
-994
-1166
-1368
-1457
-1309
-962
-554
-185
97
420
1165
2380
3376
3539
3005
2187
1315
493
-295
-1097
-1705
-1835
-1410
-456
816
1857
2142
1663
830
97
-318
-616
-1050
-1417
-1251
-426
751
1871
2621
2816
2425
1515
224
-1192
-2434
-3366
-4011
-4235
-3775
-2632
-1144
302
1436
2122
2365
2197
1667
952
284
-236
-589
-684
-463
29
657
1151
1239
950
516
-6
-693
-1488
-2181
-2533
-2396
-1866
-1190
-514
126
645
963
1082
1013
747
367
18
-164
-96
147
345
364
320
356
442
435
235
-170
-643
-956
-1052
-1108
-1278
-1526
-1702
-1665
-1359
-885
-428
-100
178
675
1667
2922
3719
3643
2980
2157
1349
592
-124
-762
-1116
-1009
-417
557
1590
2132
1826
838
-351
-1294
-1820
-2066
-2139
-1873
-1076
135
1431
2471
3005
2882
2104
822
-668
-1974
-2790
-3100
-3038
-2595
-1688
-453
774
1694
2081
1864
1176
244
-675
-1321
-1594
-1597
-1382
-874
-110
705
1314
1482
1151
528
-109
-698
-1252
-1666
-1782
-1518
-913
-146
520
926
1077
1001
741
388
-3
-398
-681
-696
-426
7
437
693
736
689
626
464
137
-299
-742
-1096
-1253
-1223
-1171
-1234
-1350
-1359
-1159
-782
-382
-89
99
312
706
1461
2526
3377
3522
3074
2419
1725
1070
494
-71
-544
-678
-395
188
840
1178
860
-61
-1188
-2095
-2505
-2418
-2006
-1381
-514
570
1699
2615
3045
2847
2069
892
-395
-1430
-1946
-1950
-1672
-1260
-711
-56
497
739
578
27
-761
-1545
-2071
-2171
-1860
-1304
-660
46
786
1412
1737
1641
1164
526
-27
-424
-698
-793
-644
-285
157
513
646
523
223
-170
-592
-945
-1133
-1129
-933
-527
24
560
933
1067
994
816
589
275
-119
-510
-823
-998
-1006
-908
-833
-841
-892
-911
-840
-674
-505
-383
-275
-141
87
555
1416
2467
3203
3322
2964
2388
1733
1082
442
-188
-632
-721
-455
38
497
616
237
-504
-1359
-1995
-2130
-1803
-1247
-552
306
1213
1978
2419
2407
1988
1278
359
-632
-1388
-1677
-1566
-1270
-925
-620
-429
-386
-468
-674
-1002
-1355
-1587
-1557
-1210
-627
26
630
1119
1444
1572
1491
1169
672
189
-147
-341
-437
-422
-292
-114
-4
-29
-189
-458
-762
-987
-1034
-884
-607
-249
207
725
1167
1386
1341
1084
727
381
69
-232
-512
-726
-866
-908
-862
-796
-787
-871
-1020
-1162
-1202
-1113
-938
-733
-476
-136
280
777
1496
2474
3310
3556
3187
2529
1765
997
298
-292
-722
-857
-660
-226
252
506
346
-227
-990
-1668
-1964
-1791
-1260
-547
234
981
1583
1957
2013
1734
1159
374
-502
-1247
-1612
-1539
-1205
-822
-512
-342
-305
-350
-432
-575
-779
-965
-987
-762
-338
154
606
937
1103
1097
926
617
223
-150
-428
-571
-585
-498
-343
-192
-104
-115
-215
-371
-530
-580
-414
-71
278
546
782
1004
1128
1044
732
299
-99
-368
-519
-604
-658
-724
-810
-876
-885
-862
-864
-917
-996
-1046
-1001
-840
-585
-297
-15
267
538
823
1203
1856
2658
3157
3076
2574
1927
1201
475
-162
-648
-920
-916
-621
-98
409
587
283
-352
-1034
-1522
-1636
-1406
-927
-319
307
866
1308
1571
1547
1230
676
-10
-631
-973
-973
-762
-502
-266
-128
-153
-325
-524
-664
-801
-976
-1104
-1029
-710
-276
115
367
469
441
332
208
78
-45
-82
20
218
400
513
530
449
269
0
-273
-445
-468
-324
-14
358
607
651
571
434
205
-142
-537
-854
-985
-896
-673
-450
-309
-264
-273
-290
-324
-448
-673
-905
-1048
-1071
-958
-711
-383
-28
308
588
783
960
1241
1748
2299
2558
2389
1939
1387
762
183
-254
-495
-537
-356
43
542
874
773
214
-591
-1373
-1923
-2084
-1834
-1224
-405
437
1142
1617
1804
1652
1230
614
-46
-557
-776
-703
-459
-152
126
263
180
-91
-424
-749
-1070
-1354
-1517
-1476
-1246
-897
-499
-121
177
366
489
579
627
629
625
645
639
540
352
151
-22
-143
-203
-189
-129
-23
148
336
398
209
-159
-530
-785
-943
-1015
-947
-698
-312
97
420
575
540
327
3
-347
-686
-1012
-1265
-1327
-1165
-860
-495
-109
255
533
657
648
561
525
673
1131
1700
2051
2060
1838
1507
1070
635
297
113
59
108
242
389
356
-37
-751
-1525
-2079
-2257
-1999
-1367
-474
467
1235
1684
1781
1575
1139
596
44
-369
-511
-361
-1
397
683
754
544
33
-669
-1355
-1866
-2155
-2208
-2014
-1588
-1002
-378
183
599
822
875
829
738
632
547
517
518
519
485
433
361
250
118
-11
-114
-217
-335
-459
-591
-759
-948
-1066
-1027
-834
-559
-247
88
411
649
723
594
291
-103
-487
-775
-914
-924
-855
-713
-506
-290
-117
-3
52
37
-44
-134
-166
-42
336
1063
1902
2512
2670
2463
2017
1409
769
215
-145
-307
-259
-54
204
299
73
-508
-1225
-1803
-2032
-1844
-1309
-521
308
982
1353
1454
1334
1066
720
362
83
-19
111
402
700
815
670
235
-429
-1178
-1807
-2182
-2282
-2122
-1758
-1249
-693
-194
171
379
446
411
360
373
487
695
943
1124
1181
1087
886
597
267
-45
-298
-472
-608
-707
-777
-805
-841
-904
-963
-937
-788
-545
-263
25
300
495
570
485
275
2
-248
-415
-465
-407
-321
-256
-230
-237
-281
-343
-409
-469
-516
-485
-341
-10
497
1231
2027
2603
2740
2423
1846
1124
471
-20
-247
-250
-70
199
433
492
235
-347
-1127
-1801
-2123
-1948
-1358
-518
331
984
1334
1410
1296
1054
764
449
188
56
130
354
576
614
372
-111
-756
-1420
-1938
-2179
-2160
-1923
-1569
-1172
-792
-463
-197
-9
140
270
428
644
944
1276
1550
1646
1521
1229
833
420
33
-295
-554
-757
-934
-1056
-1121
-1138
-1150
-1173
-1153
-1047
-796
-441
-58
303
604
815
921
906
774
566
345
171
62
2
-44
-134
-284
-492
-700
-849
-914
-913
-873
-780
-593
-232
331
1139
1977
2579
2730
2430
1855
1132
509
110
-29
32
217
438
619
601
280
-383
-1215
-1920
-2247
-2036
-1386
-486
386
1016
1304
1325
1180
978
772
551
340
191
195
325
455
417
132
-378
-996
-1586
-1961
-2059
-1916
-1621
-1306
-1021
-783
-565
-351
-136
88
330
596
926
1321
1680
1905
1870
1581
1121
572
65
-351
-657
-884
-1072
-1230
-1335
-1365
-1327
-1292
-1256
-1180
-1023
-746
-382
28
434
784
1042
1212
1270
1226
1061
816
548
290
66
-154
-411
-696
-982
-1205
-1299
-1277
-1159
-1039
-898
-690
-330
262
1084
1906
2488
2636
2407
1936
1316
782
430
345
416
571
727
797
657
205
-553
-1430
-2127
-2437
-2198
-1505
-544
392
1045
1304
1251
1042
810
599
403
254
172
235
390
515
474
185
-307
-902
-1447
-1764
-1824
-1711
-1517
-1320
-1130
-963
-787
-565
-274
84
477
855
1241
1604
1856
1924
1717
1305
780
265
-164
-479
-675
-808
-914
-1033
-1158
-1267
-1334
-1396
-1427
-1356
-1130
-738
-250
269
762
1180
1461
1583
1550
1407
1150
832
489
157
-121
-366
-608
-846
-1067
-1219
-1277
-1249
-1180
-1125
-1035
-865
-523
80
977
1955
2699
2933
2686
2157
1436
776
337
235
349
564
807
915
766
270
-587
-1574
-2377
-2704
-2389
-1564
-481
504
1132
1271
1045
692
387
203
161
223
348
562
779
862
682
251
-325
-929
-1433
-1689
-1679
-1511
-1318
-1178
-1079
-1050
-1012
-876
-589
-162
330
814
1229
1555
1759
1785
1575
1183
722
294
-50
-293
-438
-531
-626
-791
-1030
-1311
-1549
-1692
-1738
-1653
-1367
-850
-200
454
1032
1457
1661
1646
1476
1252
1001
743
484
255
93
-41
-211
-502
-880
-1250
-1490
-1556
-1462
-1253
-991
-721
-453
-131
308
935
1620
2173
2429
2449
2307
1929
1427
955
637
455
348
347
390
372
136
-361
-967
-1547
-1921
-1943
-1659
-1163
-558
-8
332
460
494
486
459
440
448
529
677
790
801
671
363
-22
-422
-827
-1137
-1283
-1316
-1357
-1405
-1396
-1339
-1201
-957
-610
-165
256
616
955
1247
1426
1471
1386
1187
934
710
516
285
35
-257
-575
-898
-1222
-1452
-1553
-1551
-1461
-1280
-995
-605
-161
286
658
935
1119
1165
1119
1013
873
714
516
302
94
-115
-355
-630
-867
-1032
-1117
-1100
-990
-839
-688
-535
-401
-207
65
490
1070
1658
2074
2191
2160
1916
1466
1015
669
459
364
391
512
607
527
155
-383
-934
-1436
-1713
-1675
-1409
-1027
-597
-262
-93
-11
21
26
43
91
214
437
703
897
980
904
647
318
-60
-455
-788
-1013
-1161
-1261
-1286
-1258
-1172
-1023
-822
-578
-313
-77
154
411
650
819
919
943
866
735
591
435
249
34
-179
-371
-538
-679
-751
-739
-714
-681
-587
-412
-190
36
251
395
445
412
340
276
224
195
182
174
157
133
81
-48
-229
-364
-419
-410
-327
-188
-46
50
92
92
96
131
241
451
692
865
944
974
906
747
611
524
476
466
514
615
694
692
538
288
-22
-396
-725
-941
-1017
-998
-910
-801
-731
-678
-615
-531
-408
-264
-103
87
269
411
502
538
486
356
191
21
-150
-296
-409
-492
-522
-520
-492
-435
-368
-281
-188
-99
-10
68
123
136
122
102
65
24
-8
-41
-72
-100
-97
-70
-40
6
79
161
232
273
303
331
338
333
301
232
120
-24
-148
-232
-270
-268
-252
-245
-267
-318
-366
-395
-387
-320
-202
-52
121
289
420
460
383
220
25
-134
-232
-246
-159
-11
94
138
138
93
32
26
71
149
302
487
664
821
890
813
634
402
159
-16
-74
-53
1
43
4
-104
-210
-296
-342
-331
-299
-242
-141
-27
64
95
55
-50
-183
-305
-398
-427
-395
-316
-215
-125
-60
5
83
155
221
281
318
302
243
144
1
-140
-266
-372
-441
-465
-448
-381
-283
-191
-130
-94
-89
-94
-79
-38
34
125
219
285
304
260
159
30
-101
-214
-297
-324
-309
-274
-237
-212
-181
-148
-109
-60
14
104
191
263
287
247
151
28
-100
-190
-219
-176
-64
54
117
137
140
139
159
208
278
380
524
674
808
896
885
763
585
383
189
56
-5
-28
-41
-66
-122
-174
-204
-214
-213
-201
-191
-159
-103
-61
-62
-108
-183
-266
-331
-375
-379
-324
-225
-121
-35
20
53
85
121
145
158
151
116
67
6
-71
-169
-274
-380
-468
-521
-523
-475
-395
-320
-272
-244
-227
-206
-163
-91
1
96
192
282
341
342
265
138
0
-106
-154
-140
-81
-12
55
92
91
60
6
-45
-75
-74
-47
4
62
94
80
24
-59
-136
-187
-193
-149
-47
83
182
234
248
246
239
264
314
372
447
533
606
651
642
561
440
322
215
144
125
128
124
101
42
-49
-130
-193
-231
-247
-263
-272
-266
-266
-289
-335
-381
-416
-418
-383
-316
-222
-116
-18
63
124
163
191
208
208
188
155
111
47
-31
-127
-237
-342
-426
-483
-506
-490
-449
-383
-301
-213
-123
-37
45
128
211
278
328
364
374
355
307
238
162
92
41
3
-22
-49
-91
-143
-210
-287
-348
-382
-380
-349
-292
-229
-165
-109
-76
-67
-80
-98
-103
-76
-22
49
123
201
282
331
327
285
233
193
194
224
255
288
323
353
392
436
457
459
452
437
421
419
418
400
358
280
181
90
33
-6
-46
-113
-210
-320
-425
-517
-579
-596
-571
-508
-419
-324
-226
-140
-74
-27
1
24
60
108
152
178
173
130
48
-73
-211
-330
-409
-436
-411
-345
-268
-196
-137
-98
-77
-74
-79
-77
-50
5
77
151
206
231
228
207
169
125
77
29
-16
-58
-100
-144
-198
-259
-311
-338
-336
-301
-259
-212
-173
-138
-111
-92
-73
-61
-39
-4
47
105
161
205
235
261
274
262
223
179
148
132
147
186
234
297
372
451
517
564
583
583
578
558
525
492
451
402
337
250
137
20
-88
-194
-302
-407
-496
-550
-573
-581
-571
-549
-512
-451
-370
-276
-178
-84
-10
45
78
97
105
109
99
77
44
1
-45
-84
-114
-129
-132
-135
-144
-158
-174
-186
-190
-185
-173
-151
-118
-76
-21
36
78
108
121
123
120
114
106
96
83
62
34
-1
-34
-69
-107
-144
-179
-205
-220
-228
-231
-229
-223
-215
-194
-165
-133
-102
-75
-56
-38
-21
-1
35
73
111
146
170
190
211
230
246
272
310
359
429
502
561
599
611
589
548
497
438
387
351
319
270
199
106
2
-98
-196
-292
-376
-439
-476
-485
-480
-459
-430
-389
-333
-270
-201
-140
-90
-52
-27
-9
8
24
32
32
19
0
-15
-24
-28
-31
-37
-46
-58
-72
-90
-107
-120
-134
-142
-144
-139
-116
-84
-41
6
47
80
99
104
97
84
62
37
11
-12
-35
-55
-78
-104
-130
-162
-197
-236
-273
-303
-329
-341
-341
-328
-299
-253
-187
-109
-25
50
111
159
198
230
255
279
287
287
297
315
334
363
393
417
445
468
471
463
442
403
368
345
328
317
315
304
274
231
160
73
-13
-93
-163
-217
-256
-284
-299
-310
-320
-318
-300
-272
-234
-196
-164
-142
-123
-112
-105
-103
-102
-94
-76
-55
-31
-10
1
-2
-17
-50
-88
-124
-154
-178
-190
-196
-198
-194
-188
-178
-164
-137
-102
-59
-16
18
46
69
86
96
96
87
76
63
42
13
-25
-72
-122
-176
-227
-273
-308
-334
-345
-342
-327
-296
-253
-198
-138
-76
-16
41
97
143
189
232
273
319
363
393
411
428
435
434
442
445
448
458
465
465
459
438
396
351
299
247
207
167
121
78
27
-38
-102
-163
-221
-269
-308
-344
-366
-372
-370
-352
-323
-296
-266
-234
-211
-191
-173
-158
-142
-117
-91
-57
-18
19
49
70
69
49
16
-26
-70
-105
-130
-144
-146
-141
-130
-112
-92
-67
-35
-2
33
73
111
141
166
179
181
176
169
156
139
114
81
37
-13
-71
-133
-197
-256
-304
-339
-358
-362
-351
-325
-288
-239
-183
-130
-79
-39
-3
25
55
85
118
161
203
250
297
330
342
341
328
304
287
278
272
277
289
295
301
307
302
288
268
236
202
169
131
88
46
-1
-46
-86
-124
-160
-188
-213
-237
-254
-271
-285
-295
-301
-299
-290
-267
-237
-195
-148
-103
-58
-19
11
31
39
36
21
3
-13
-29
-42
-51
-58
-62
-59
-57
-57
-56
-55
-48
-36
-17
5
32
63
87
101
109
109
109
107
103
94
79
63
41
13
-21
-58
-97
-134
-168
-194
-209
-212
-200
-177
-155
-136
-124
-117
-113
-112
-104
-93
-71
-40
-4
37
72
100
117
127
127
124
126
131
142
161
185
213
246
273
292
301
296
282
261
234
202
176
151
130
112
92
64
34
2
-35
-67
-94
-119
-140
-154
-162
-163
-154
-142
-124
-103
-80
-58
-36
-18
-6
-2
-2
-5
-7
-10
-14
-16
-21
-28
-39
-46
-52
-54
-54
-59
-67
-73
-74
-75
-71
-65
-54
-39
-27
-23
-22
-24
-30
-36
-40
-45
-47
-46
-43
-37
-32
-30
-31
-39
-51
-61
-69
-68
-62
-55
-51
-52
-58
-67
-83
-98
-112
-121
-118
-107
-88
-70
-53
-40
-26
-13
2
25
62
106
153
194
223
243
259
270
273
271
260
247
234
219
203
184
164
143
119
88
55
22
-6
-29
-45
-59
-65
-62
-55
-50
-47
-43
-41
-33
-29
-25
-20
-18
-18
-19
-25
-38
-50
-62
-74
-83
-92
-99
-105
-110
-117
-119
-118
-111
-101
-92
-86
-77
-66
-54
-40
-33
-31
-33
-35
-36
-34
-31
-29
-25
-16
-1
14
29
44
54
60
63
60
56
53
51
49
49
48
46
36
15
-13
-45
-74
-96
-110
-116
-113
-105
-89
-69
-49
-30
-11
5
26
51
81
116
147
168
182
186
183
178
168
157
146
136
117
98
74
44
17
-5
-30
-53
-68
-78
-80
-74
-64
-53
-42
-36
-33
-31
-24
-15
-4
6
9
8
4
-3
-13
-23
-34
-46
-59
-68
-74
-81
-89
-95
-101
-103
-102
-93
-82
-67
-51
-36
-25
-16
-11
-7
-8
-11
-15
-15
-16
-12
-6
2
11
23
34
42
48
53
59
65
71
77
81
88
93
97
96
86
70
46
16
-15
-44
-69
-85
-91
-92
-86
-77
-65
-53
-41
-29
-18
-4
11
26
46
66
87
105
118
121
114
102
87
73
56
40
22
2
-17
-34
-45
-56
-62
-69
-72
-70
-65
-55
-42
-29
-19
-13
-12
-13
-6
2
12
21
27
28
25
15
1
-11
-23
-30
-37
-44
-47
-47
-45
-43
-41
-37
-34
-25
-14
-1
10
21
29
34
35
33
27
20
13
9
8
7
10
13
13
10
8
5
6
10
15
23
35
49
63
74
82
81
74
59
42
25
6
-12
-28
-41
-50
-51
-49
-46
-46
-49
-55
-59
-55
-47
-34
-20
-1
17
30
36
38
34
27
20
8
1
-3
-6
-7
-14
-23
-34
-44
-50
-51
-50
-43
-34
-26
-18
-13
-10
-6
-5
-6
-7
-7
-6
-1
2
4
-1
-8
-20
-30
-42
-51
-58
-62
-60
-58
-49
-41
-32
-24
-18
-12
-7
-1
8
18
29
41
55
65
70
70
65
58
52
47
42
42
42
46
51
55
58
62
65
69
77
87
99
113
123
132
133
131
125
113
97
79
61
42
27
13
0
-13
-27
-44
-59
-73
-87
-96
-101
-101
-94
-86
-80
-77
-75
-79
-84
-91
-97
-101
-102
-102
-98
-91
-85
-80
-77
-77
-78
-76
-73
-64
-55
-41
-31
-19
-12
-12
-15
-19
-21
-19
-14
-9
-2
4
5
3
0
-1
-1
0
0
4
9
18
28
37
43
45
46
47
49
52
52
54
57
58
60
61
63
61
57
50
43
35
31
30
31
37
42
48
52
53
55
57
59
64
70
77
87
97
105
111
109
103
90
73
55
35
18
6
-5
-12
-22
-34
-47
-59
-70
-79
-87
-94
-97
-95
-90
-84
-82
-82
-89
-95
-103
-110
-117
-121
-120
-117
-114
-112
-110
-105
-101
-95
-92
-89
-85
-77
-65
-52
-43
-35
-28
-23
-16
-9
-2
7
16
21
27
34
41
47
56
65
74
85
95
102
111
115
114
113
109
104
99
94
89
84
79
71
63
57
49
42
34
26
16
8
1
-5
-3
0
7
13
17
19
23
27
31
34
40
52
64
80
94
104
110
109
101
87
70
51
32
15
-1
-12
-20
-27
-32
-44
-55
-68
-78
-85
-92
-100
-106
-109
-114
-113
-114
-119
-124
-128
-131
-135
-141
-144
-147
-148
-149
-146
-141
-133
-122
-111
-101
-91
-80
-70
-59
-51
-46
-42
-38
-30
-20
-12
-1
8
19
29
37
45
54
64
76
91
104
116
128
136
140
143
141
140
138
136
132
126
115
102
89
75
62
49
39
32
25
21
19
16
13
13
12
12
12
14
18
25
31
39
49
60
72
84
91
96
97
94
88
77
63
47
34
25
19
14
6
-2
-11
-20
-30
-40
-49
-56
-61
-65
-72
-75
-78
-82
-88
-96
-104
-114
-118
-128
-136
-143
-152
-158
-161
-161
-158
-151
-144
-136
-128
-119
-111
-102
-93
-86
-76
-63
-50
-38
-28
-18
-11
-2
6
14
22
27
36
47
57
67
79
92
102
113
119
121
119
118
117
116
114
109
102
93
84
74
64
56
47
38
33
30
27
25
25
25
27
28
30
34
38
44
51
58
66
73
79
86
91
93
93
90
83
76
67
57
50
42
37
30
24
17
10
3
-5
-14
-20
-25
-33
-38
-44
-51
-60
-67
-77
-88
-100
-112
-124
-136
-147
-157
-166
-177
-183
-187
-188
-188
-187
-184
-179
-172
-166
-157
-148
-140
-130
-121
-111
-97
-81
-66
-51
-37
-24
-13
-1
8
13
19
29
43
61
85
107
127
143
155
160
159
155
150
144
137
132
127
125
122
117
108
95
83
74
71
68
66
66
65
66
67
68
69
69
71
75
78
83
92
101
110
118
123
122
119
111
100
87
75
63
54
51
52
55
56
51
43
32
19
6
-4
-13
-20
-28
-36
-49
-64
-81
-101
-123
-145
-169
-188
-204
-217
-225
-235
-243
-250
-258
-263
-266
-266
-264
-257
-248
-235
-219
-200
-182
-164
-146
-129
-112
-96
-81
-66
-49
-33
-19
-8
1
6
13
23
37
56
78
104
130
154
173
185
189
189
182
176
172
171
172
173
174
172
166
157
143
129
115
101
92
84
78
76
73
73
72
72
70
68
67
69
73
81
88
95
100
102
99
93
81
64
49
37
30
27
30
35
40
41
37
28
18
8
0
-5
-9
-13
-16
-21
-31
-48
-71
-95
-121
-146
-170
-189
-203
-213
-219
-224
-233
-244
-254
-262
-266
-268
-265
-256
-241
-222
-199
-174
-149
-127
-110
-96
-86
-75
-62
-50
-40
-34
-27
-19
-10
-1
11
22
36
57
82
109
137
163
184
198
204
202
202
201
199
202
207
210
215
216
213
201
185
166
145
124
104
87
77
68
61
55
47
41
32
28
25
24
25
27
32
37
40
43
39
31
22
11
4
-2
-4
-2
4
10
17
23
25
24
19
12
5
-2
-8
-13
-22
-30
-42
-55
-73
-95
-116
-137
-158
-174
-186
-196
-204
-210
-218
-226
-233
-237
-238
-235
-229
-217
-199
-176
-152
-129
-110
-97
-85
-79
-74
-69
-63
-57
-49
-41
-34
-24
-12
-1
14
29
46
66
90
114
136
151
163
172
176
177
177
174
175
175
176
174
173
170
164
154
142
126
112
99
87
79
71
67
64
63
63
64
66
65
64
63
59
54
52
51
48
42
33
22
12
5
2
1
2
5
12
18
25
30
34
34
31
27
22
16
8
2
-10
-24
-39
-56
-73
-89
-105
-120
-134
-149
-163
-172
-181
-187
-189
-190
-188
-184
-179
-171
-160
-146
-134
-122
-113
-104
-95
-89
-84
-83
-82
-83
-85
-86
-85
-79
-71
-60
-48
-34
-17
5
27
47
67
83
97
109
118
127
134
138
143
144
145
145
142
136
126
115
102
90
79
70
65
59
56
52
51
51
53
57
61
65
68
70
72
71
70
65
59
51
45
39
32
31
29
29
28
27
29
32
38
42
45
45
45
44
41
36
27
18
8
-3
-13
-27
-38
-47
-58
-70
-82
-96
-108
-118
-131
-143
-153
-159
-161
-158
-153
-147
-140
-132
-126
-121
-117
-115
-112
-107
-103
-101
-99
-96
-95
-92
-90
-85
-78
-67
-53
-34
-16
2
20
36
51
62
73
83
92
102
109
116
121
126
126
124
122
115
108
99
90
80
72
67
62
58
54
49
45
42
39
38
40
46
51
56
61
64
62
57
51
44
36
32
27
24
27
25
27
28
29
30
30
29
30
29
26
24
22
18
12
8
2
-3
-8
-15
-20
-27
-33
-40
-48
-57
-66
-76
-86
-95
-103
-108
-110
-112
-112
-111
-109
-105
-102
-102
-101
-103
-103
-103
-99
-95
-90
-84
-80
-74
-69
-65
-58
-49
-40
-32
-20
-11
0
13
23
32
37
42
46
51
57
61
66
70
72
73
73
72
69
67
61
56
48
45
45
44
43
42
40
39
38
39
39
41
45
48
53
57
57
57
54
50
44
37
33
33
34
37
40
45
47
49
46
43
41
38
34
30
28
25
23
23
21
18
13
7
3
-3
-9
-16
-23
-28
-33
-37
-43
-50
-58
-66
-72
-79
-84
-85
-86
-85
-86
-87
-89
-91
-93
-94
-94
-93
-90
-84
-77
-70
-67
-63
-58
-54
-49
-44
-36
-30
-23
-14
-6
0
7
11
15
20
24
31
35
38
41
43
45
47
49
50
50
49
49
47
45
43
40
37
33
31
31
33
33
33
34
34
37
39
38
35
33
29
27
24
22
22
23
24
27
31
33
36
38
38
35
34
32
32
35
33
31
29
28
28
25
24
21
20
17
12
8
2
-3
-8
-13
-19
-23
-28
-30
-34
-39
-43
-50
-53
-55
-56
-57
-57
-59
-62
-63
-62
-62
-59
-56
-53
-51
-49
-48
-48
-46
-45
-41
-37
-32
-28
-24
-20
-17
-14
-11
-8
-6
-5
-3
0
2
7
11
14
16
19
23
25
25
22
20
17
14
12
13
12
13
13
15
16
17
17
18
18
16
16
13
13
13
14
13
13
14
18
21
24
27
29
30
30
30
30
31
31
30
28
28
28
28
28
26
24
20
18
17
17
16
14
14
12
11
10
9
7
7
5
3
2
-1
-3
-6
-8
-11
-14
-16
-18
-19
-20
-21
-23
-24
-26
-28
-30
-32
-34
-33
-33
-31
-28
-26
-25
-24
-25
-25
-27
-29
-31
-32
-33
-32
-28
-25
-23
-20
-17
-12
-9
-6
-5
-4
-6
-7
-9
-8
-7
-5
0
4
7
8
9
9
9
6
4
3
3
4
5
6
6
8
8
9
10
11
11
15
19
23
27
30
35
39
41
43
45
44
43
42
41
38
35
34
32
30
29
29
29
27
25
23
20
17
12
8
5
3
2
1
-1
-2
-2
-3
-5
-5
-8
-11
-13
-17
-20
-20
-22
-26
-31
-34
-39
-39
-40
-39
-38
-37
-35
-35
-36
-38
-39
-39
-40
-41
-39
-36
-34
-29
-26
-23
-20
-17
-15
-13
-11
-12
-13
-12
-14
-13
-12
-11
-10
-8
-7
-5
-3
-3
-3
-4
-4
-4
-3
-1
1
3
5
6
8
8
11
13
15
19
22
25
29
33
36
38
40
40
41
41
39
38
36
35
34
33
33
33
33
32
29
27
23
20
18
17
15
15
13
11
10
11
11
10
10
9
9
9
8
6
3
0
-4
-6
-10
-13
-15
-18
-18
-19
-20
-20
-21
-21
-22
-23
-25
-25
-26
-27
-27
-26
-24
-22
-20
-18
-16
-17
-14
-13
-11
-12
-11
-10
-9
-9
-8
-7
-8
-9
-11
-10
-9
-9
-9
-8
-7
-8
-7
-8
-8
-9
-10
-10
-10
-8
-9
-7
-6
-7
-6
-6
-3
1
4
6
8
10
12
14
14
14
15
16
16
16
18
17
17
18
18
17
17
18
17
17
15
16
16
15
14
13
12
13
13
12
12
10
9
10
9
9
6
3
-1
-3
-7
-10
-13
-14
-15
-14
-13
-14
-13
-11
-12
-14
-14
-15
-16
-15
-14
-14
-13
-12
-10
-9
-9
-10
-10
-9
-10
-9
-9
-9
-8
-9
-9
-10
-10
-10
-8
-8
-7
-5
-4
-4
-2
-1
0
1
0
0
-2
-1
0
0
1
1
1
3
3
5
6
6
8
8
10
11
12
14
15
16
17
16
17
19
20
21
21
21
21
20
23
21
20
19
19
19
18
16
16
16
16
16
15
15
15
15
13
13
11
9
5
3
-1
-3
-4
-7
-10
-12
-13
-15
-15
-16
-16
-16
-17
-18
-20
-22
-22
-23
-24
-25
-27
-26
-26
-25
-25
-26
-23
-24
-25
-24
-22
-21
-19
-17
-15
-14
-11
-10
-7
-5
-3
-2
0
1
2
2
2
1
0
-2
-4
-4
-5
-6
-7
-6
-6
-5
-3
-1
0
-1
1
2
3
4
5
5
7
8
11
12
14
15
16
16
16
16
16
17
16
16
13
13
12
11
11
11
12
13
11
12
13
13
14
15
15
14
15
15
12
11
9
8
6
8
9
7
6
5
4
2
0
0
0
-1
-3
-3
-4
-6
-6
-9
-10
-11
-11
-11
-12
-13
-11
-12
-11
-9
-9
-8
-7
-8
-8
-9
-9
-9
-8
-7
-7
-5
-4
-2
0
1
2
4
2
2
2
1
1
0
1
0
0
0
0
0
-1
-2
-3
-3
-4
-5
-4
-5
-4
-3
-3
-2
0
0
2
3
4
3
3
3
2
2
1
-1
-2
-3
-4
-3
-3
-3
-3
-3
-2
-2
-2
0
0
1
1
2
2
2
4
5
7
8
7
8
9
10
10
10
10
8
8
7
6
6
4
3
1
1
-1
-3
-4
-4
-5
-5
-5
-5
-3
-3
-3
-4
-5
-5
-7
-9
-10
-11
-13
-13
-14
-11
-9
-8
-5
-5
-3
-3
-2
-1
-2
0
0
0
0
-1
-2
-3
-6
-6
-8
-9
-9
-9
-9
-9
-8
-8
-8
-7
-5
-4
-3
-2
-2
0
1
3
5
6
7
7
7
7
7
8
8
9
10
12
14
14
14
14
13
14
14
15
16
16
17
18
18
17
16
15
14
13
