-5
-4
-2
-1
-1
0
2
2
4
4
5
6
5
6
6
6
6
5
5
4
4
3
2
1
1
0
0
1
-1
-1
-1
-1
-1
-1
-1
-1
0
1
1
1
1
2
2
2
3
2
3
3
3
2
1
0
1
1
0
1
0
-1
0
-1
-1
0
-1
-1
-1
-2
-3
-2
-3
-2
-2
-1
-2
0
2
1
1
1
1
1
3
2
1
2
1
1
0
-1
-2
-3
-3
-3
-4
-4
-5
-5
-5
-5
-5
-4
-4
-3
-2
-1
0
1
3
2
2
4
5
6
5
5
4
2
3
2
2
1
1
-1
-1
-1
-2
-2
-3
-3
-3
-5
-3
-3
-3
-4
-4
-3
-3
-3
-2
-2
-1
-1
-1
1
1
0
0
0
1
-1
0
-1
-1
0
-1
-1
0
-1
-1
-1
-2
-3
-2
-2
-2
-1
-1
-1
0
0
0
2
2
3
4
4
5
6
6
5
6
6
6
4
3
4
4
3
1
-1
-1
-1
-2
-1
0
-2
-1
-1
-1
-1
-1
0
-1
0
1
3
4
5
5
5
6
5
4
4
3
2
3
3
2
2
1
0
-1
-2
-3
-2
-2
-3
-4
-4
-4
-5
-4
-5
-5
-4
-2
-1
0
0
1
2
3
2
3
2
2
2
3
3
2
2
0
-1
-2
-2
-2
-3
-3
-3
-4
-4
-5
-6
-5
-5
-5
-4
-5
-3
-3
-3
-2
0
1
2
1
1
1
2
3
2
1
1
2
0
0
0
0
-2
-1
-1
-1
-2
-2
-2
-3
-2
-2
0
-1
1
0
1
2
3
3
2
3
3
2
3
3
3
2
2
1
2
2
2
2
0
-1
-1
-2
-2
-1
-1
-1
-2
-2
-1
-1
-2
-2
-1
-3
-2
-1
-2
0
1
1
0
1
2
2
1
3
3
2
1
2
1
2
2
1
1
0
-1
0
-1
0
0
0
0
-1
0
-1
-1
0
1
-1
0
1
-1
0
2
2
2
3
2
2
1
0
1
0
0
0
0
0
-1
-1
-2
-3
-2
-2
-2
-1
-1
1
1
0
2
1
3
2
2
2
2
2
3
4
3
2
2
1
2
2
1
1
1
1
0
-2
-2
-3
-4
-5
-5
-4
-5
-5
-6
-6
-6
-6
-6
-4
-4
-3
0
-1
0
0
3
4
4
4
4
4
4
3
3
3
2
3
1
0
0
-1
-1
-1
-1
0
-2
-1
-1
0
-1
0
-1
0
0
2
3
3
2
3
3
2
2
3
2
0
0
0
0
-1
0
-1
-1
-2
-2
-4
-4
-4
-4
-4
-5
-5
-4
-5
-4
-3
-3
-1
-1
0
-1
1
1
2
2
2
1
1
2
1
2
2
2
2
2
2
1
0
0
-2
-2
-2
-3
-3
-2
-2
-2
-1
-1
0
-1
0
1
2
3
2
4
4
4
3
4
4
3
4
5
3
4
3
3
2
2
1
1
0
0
-2
-2
-2
-2
-3
-2
-2
-2
-2
-2
-1
-1
-1
0
0
1
1
0
1
2
1
1
1
1
0
1
0
-1
2
0
-1
-1
-2
-2
-2
-3
-3
-3
-2
-1
0
-1
-1
-1
0
1
1
1
1
1
2
0
0
1
0
-1
-2
-1
-3
-3
-3
-4
-2
-2
-2
-2
-2
-3
-3
-3
-2
-1
0
1
1
2
2
3
4
4
5
4
5
3
4
4
4
4
3
2
2
2
0
0
-1
-2
-4
-3
-5
-5
-5
-5
-5
-5
-5
-4
-4
-3
-2
-1
-2
-1
-1
-1
0
1
0
0
1
0
0
1
0
0
0
0
-1
-2
-2
-3
-3
-2
-3
-1
-1
-1
-1
0
0
1
1
0
1
2
2
3
2
4
3
4
4
4
5
4
3
3
3
2
2
3
3
1
2
1
2
2
0
2
1
1
0
0
0
0
0
1
1
3
3
6
5
5
5
4
4
2
2
1
1
1
0
-2
-3
-4
-6
-5
-7
-7
-8
-9
-8
-8
-8
-7
-8
-7
-7
-8
-6
-5
-5
-3
-2
0
0
0
1
3
3
3
5
4
4
4
4
3
3
2
1
2
2
1
0
0
0
1
0
0
0
2
3
2
3
4
5
6
5
5
6
7
6
8
7
7
8
7
6
5
3
3
1
1
0
-2
-3
-4
-6
-6
-7
-8
-8
-8
-9
-7
-7
-8
-6
-5
-4
-4
-3
-2
-2
-2
-1
0
0
0
2
1
1
1
1
0
-1
-2
-3
-4
-5
-6
-6
-6
-6
-6
-6
-6
-6
-6
-4
-3
-3
-3
-3
-2
-1
0
3
3
5
4
5
6
6
5
5
6
5
5
5
6
6
6
4
4
3
3
3
1
0
-1
-1
0
-1
0
1
1
0
0
0
0
-1
0
0
2
1
1
1
1
0
1
0
-1
-1
-2
-3
-4
-4
-5
-5
-5
-6
-5
-5
-4
-2
-1
0
2
3
5
7
7
9
11
12
13
14
14
15
14
14
15
15
14
15
14
13
12
9
8
7
5
3
1
0
-2
-3
-4
-5
-6
-8
-10
-10
-12
-12
-14
-14
-15
-16
-15
-14
-15
-17
-16
-16
-15
-16
-15
-15
-12
-12
-13
-12
-11
-10
-10
-8
-7
-5
-4
-2
0
4
5
6
9
11
13
15
17
18
18
18
19
19
18
18
16
14
12
10
7
5
0
-3
-6
-8
-10
-12
-14
-15
-14
-15
-14
-12
-9
-7
-5
-1
0
2
5
6
7
8
7
6
5
4
1
-1
-5
-8
-12
-16
-17
-20
-22
-23
-24
-24
-25
-24
-23
-20
-17
-12
-9
-4
1
7
12
19
23
26
31
35
37
40
42
43
44
46
45
45
45
42
42
40
39
36
36
34
31
29
27
25
23
18
14
8
2
-4
-12
-21
-29
-37
-46
-56
-65
-73
-82
-89
-95
-99
-104
-104
-104
-103
-100
-96
-90
-82
-74
-63
-54
-43
-31
-18
-7
3
14
26
37
48
56
66
74
80
87
92
98
102
105
107
107
106
103
99
94
89
83
76
68
58
46
36
24
13
1
-10
-21
-31
-40
-49
-56
-61
-65
-68
-69
-68
-65
-63
-57
-52
-45
-39
-32
-24
-17
-10
-4
3
9
14
18
22
25
27
27
26
26
24
22
18
14
11
5
0
-6
-12
-18
-24
-29
-35
-40
-45
-49
-53
-58
-63
-65
-67
-68
-69
-67
-65
-63
-59
-53
-47
-40
-32
-24
-15
-6
3
13
23
32
41
49
58
65
72
78
83
87
90
93
94
94
94
91
90
86
82
76
70
62
54
45
36
27
16
7
-2
-12
-19
-28
-36
-43
-50
-56
-60
-63
-66
-67
-66
-63
-61
-59
-56
-51
-46
-41
-37
-33
-29
-26
-23
-20
-19
-19
-18
-17
-18
-20
-22
-23
-25
-26
-29
-29
-29
-29
-28
-26
-23
-20
-17
-12
-8
-1
6
12
20
27
34
42
48
55
61
65
70
73
76
79
80
81
80
78
75
71
67
62
54
49
41
33
26
16
8
0
-9
-18
-24
-31
-37
-41
-45
-48
-48
-49
-49
-48
-44
-41
-38
-34
-29
-23
-19
-16
-11
-7
-6
-4
-3
-2
-2
-4
-5
-6
-10
-12
-16
-20
-25
-29
-34
-38
-43
-48
-54
-58
-63
-67
-70
-71
-72
-72
-71
-68
-64
-57
-52
-43
-35
-23
-11
2
14
28
43
58
72
85
98
109
121
131
139
144
148
149
148
145
140
133
123
113
100
87
73
58
40
24
8
-7
-22
-38
-52
-65
-78
-88
-96
-103
-107
-110
-111
-113
-110
-106
-102
-96
-89
-81
-72
-64
-53
-42
-35
-26
-17
-11
-4
2
8
11
14
17
18
17
17
16
11
8
3
-2
-7
-13
-19
-23
-29
-34
-37
-39
-42
-43
-44
-42
-39
-34
-29
-23
-17
-7
1
11
22
32
42
55
66
78
88
99
107
115
122
125
128
129
127
124
120
110
100
87
74
61
46
29
14
-1
-15
-29
-40
-48
-57
-62
-65
-64
-62
-58
-53
-46
-37
-27
-16
-7
2
9
13
17
19
19
15
9
1
-10
-23
-36
-50
-64
-78
-92
-105
-116
-125
-133
-137
-140
-141
-141
-136
-133
-128
-121
-112
-103
-93
-81
-71
-59
-49
-37
-26
-11
5
20
36
54
71
91
112
131
150
168
186
202
218
232
241
246
248
244
236
225
210
191
167
140
114
85
55
25
-6
-35
-63
-88
-110
-129
-146
-159
-168
-173
-176
-175
-172
-166
-159
-151
-138
-127
-114
-101
-90
-76
-64
-51
-37
-24
-11
1
15
27
39
50
61
70
79
87
93
99
103
103
101
96
90
79
67
52
36
18
-2
-22
-43
-65
-87
-106
-123
-137
-149
-158
-164
-167
-165
-161
-153
-143
-132
-117
-102
-85
-68
-49
-33
-18
-3
11
23
33
41
48
52
57
60
62
65
69
74
79
88
95
105
117
131
145
158
171
184
195
207
214
220
222
219
212
202
188
172
151
127
102
75
49
22
-4
-30
-55
-74
-91
-104
-115
-123
-126
-127
-125
-122
-116
-109
-102
-94
-88
-81
-76
-72
-70
-72
-73
-78
-81
-87
-94
-101
-108
-115
-120
-126
-128
-131
-133
-133
-130
-124
-118
-110
-101
-92
-82
-71
-59
-48
-37
-29
-20
-10
-1
6
13
17
20
24
26
29
31
31
32
33
33
33
34
37
38
41
45
51
57
64
73
84
94
106
119
133
148
164
179
192
206
219
230
241
248
251
251
248
241
231
217
201
180
156
128
102
72
42
10
-22
-52
-83
-112
-139
-166
-189
-207
-224
-239
-249
-257
-263
-266
-267
-268
-266
-262
-255
-251
-246
-239
-231
-221
-214
-203
-193
-183
-171
-157
-142
-128
-113
-95
-79
-61
-44
-27
-9
8
23
39
54
66
78
89
98
105
113
121
129
137
142
150
159
168
178
190
201
213
228
241
253
266
275
282
288
290
290
284
276
264
246
226
202
177
151
120
92
63
35
9
-16
-37
-58
-75
-89
-102
-111
-120
-126
-131
-136
-142
-147
-153
-160
-170
-179
-190
-203
-215
-229
-241
-253
-266
-276
-284
-290
-295
-294
-290
-283
-273
-259
-240
-217
-193
-166
-138
-110
-82
-52
-26
0
21
41
56
68
77
83
86
86
84
78
74
69
65
58
54
54
57
61
70
85
99
120
143
168
194
221
246
271
295
316
333
348
357
362
359
352
339
319
295
268
237
202
166
130
94
59
24
-8
-39
-68
-93
-113
-130
-145
-156
-166
-172
-177
-179
-180
-182
-183
-185
-186
-187
-187
-188
-188
-189
-190
-188
-186
-185
-183
-182
-179
-175
-171
-167
-162
-158
-154
-151
-147
-144
-140
-138
-138
-138
-139
-138
-137
-137
-135
-132
-126
-118
-109
-96
-83
-66
-47
-26
-6
17
42
68
94
123
148
176
207
236
265
294
322
348
371
393
410
424
434
441
442
440
433
421
403
379
349
316
278
236
192
143
93
43
-9
-58
-106
-152
-195
-232
-266
-296
-320
-340
-353
-360
-363
-359
-349
-336
-317
-295
-269
-240
-209
-177
-144
-110
-76
-46
-17
13
38
59
79
94
107
114
115
110
99
81
58
31
-1
-39
-79
-119
-159
-196
-232
-264
-291
-312
-326
-334
-332
-323
-309
-288
-261
-230
-196
-161
-121
-81
-43
-3
36
73
109
143
177
210
242
274
309
342
376
408
438
467
492
511
524
531
527
515
495
467
431
389
342
290
238
184
129
75
24
-26
-72
-113
-149
-179
-203
-222
-236
-245
-249
-250
-250
-244
-241
-234
-229
-223
-216
-211
-205
-199
-194
-188
-180
-172
-163
-152
-142
-127
-113
-98
-81
-63
-46
-29
-12
2
12
17
16
7
-8
-28
-54
-84
-116
-150
-182
-213
-238
-255
-266
-270
-265
-253
-231
-205
-176
-143
-110
-76
-42
-11
18
44
66
85
97
106
114
120
126
131
139
152
168
190
216
246
278
314
349
382
412
436
451
461
461
452
437
416
389
355
320
282
242
200
162
122
83
48
16
-12
-36
-59
-77
-92
-104
-115
-125
-135
-145
-157
-174
-192
-210
-232
-253
-276
-298
-318
-336
-349
-357
-359
-355
-342
-324
-296
-265
-228
-186
-144
-100
-58
-18
18
47
66
75
75
63
43
12
-24
-65
-108
-148
-182
-209
-228
-238
-236
-227
-211
-190
-169
-144
-120
-95
-69
-44
-20
3
22
38
50
59
68
77
86
99
117
139
166
197
232
272
315
363
409
453
490
522
541
548
546
536
514
488
453
412
367
321
271
221
168
116
66
20
-19
-55
-85
-112
-134
-149
-165
-179
-193
-204
-221
-236
-255
-275
-296
-319
-342
-366
-386
-400
-409
-410
-405
-392
-370
-337
-296
-247
-194
-138
-80
-21
33
82
125
159
183
193
188
170
137
92
37
-24
-91
-156
-214
-261
-298
-322
-328
-321
-302
-274
-243
-213
-180
-150
-120
-91
-65
-41
-22
-8
-2
-3
-6
-12
-14
-13
-4
16
47
90
140
204
277
360
446
533
612
682
736
769
782
773
748
706
653
585
510
426
338
252
167
86
15
-45
-91
-125
-149
-163
-168
-167
-162
-156
-151
-151
-156
-167
-185
-211
-243
-279
-317
-357
-397
-435
-466
-489
-500
-499
-483
-453
-410
-351
-283
-209
-134
-56
17
83
137
182
214
230
229
211
179
133
74
3
-73
-155
-232
-299
-355
-394
-415
-414
-392
-355
-309
-260
-211
-169
-132
-101
-72
-49
-29
-14
-8
-9
-18
-30
-47
-60
-63
-55
-31
11
69
140
224
318
420
527
634
731
813
872
902
904
878
831
767
689
602
506
404
299
202
109
26
-44
-96
-131
-151
-160
-161
-157
-152
-145
-135
-131
-132
-142
-159
-187
-226
-270
-319
-369
-418
-466
-506
-537
-556
-561
-549
-519
-471
-404
-322
-227
-127
-26
70
156
229
286
328
353
359
342
303
247
175
88
-10
-116
-224
-329
-421
-495
-546
-573
-572
-542
-492
-424
-350
-278
-211
-154
-109
-75
-53
-40
-35
-40
-55
-79
-105
-132
-154
-165
-155
-123
-64
15
117
238
371
516
662
803
933
1046
1130
1182
1190
1161
1098
1006
894
770
637
497
357
221
98
-11
-105
-179
-232
-261
-276
-279
-272
-260
-250
-241
-237
-240
-252
-275
-307
-348
-399
-454
-510
-560
-605
-639
-659
-664
-651
-620
-571
-501
-413
-310
-195
-75
39
146
238
311
366
402
422
423
404
364
304
226
135
35
-74
-187
-293
-387
-464
-519
-554
-564
-551
-516
-460
-393
-323
-257
-198
-154
-123
-108
-111
-124
-147
-177
-205
-229
-248
-257
-257
-239
-193
-120
-22
99
245
405
575
750
921
1079
1214
1320
1395
1427
1416
1360
1265
1139
988
821
644
469
297
135
-9
-127
-221
-288
-329
-346
-346
-334
-314
-295
-281
-272
-271
-277
-299
-334
-379
-435
-496
-562
-626
-680
-720
-740
-737
-714
-670
-607
-523
-422
-307
-182
-49
82
200
299
376
428
455
457
439
399
339
260
167
60
-57
-177
-294
-401
-496
-569
-618
-637
-634
-613
-571
-514
-441
-362
-283
-212
-151
-105
-71
-53
-52
-61
-80
-102
-126
-141
-149
-150
-135
-96
-27
69
187
327
489
660
828
993
1144
1272
1369
1432
1458
1436
1366
1252
1101
921
720
513
312
118
-64
-227
-357
-446
-506
-541
-550
-531
-491
-438
-384
-337
-298
-268
-250
-252
-274
-311
-354
-408
-473
-537
-590
-625
-636
-626
-603
-561
-499
-412
-311
-205
-96
21
137
241
320
380
415
424
400
351
283
204
120
22
-88
-205
-318
-415
-499
-567
-618
-642
-632
-593
-535
-467
-385
-294
-197
-104
-25
42
97
137
153
141
112
70
19
-47
-115
-169
-201
-210
-194
-138
-36
106
273
464
670
880
1081
1265
1417
1522
1581
1605
1588
1507
1359
1163
939
691
421
151
-98
-318
-514
-680
-793
-848
-857
-830
-776
-692
-583
-457
-329
-225
-152
-100
-65
-58
-89
-140
-198
-261
-326
-393
-447
-479
-484
-466
-443
-414
-360
-281
-196
-124
-66
-1
68
118
138
127
104
64
9
-67
-156
-239
-312
-375
-439
-499
-536
-542
-523
-496
-459
-399
-307
-193
-86
6
91
184
277
346
377
384
382
359
305
212
100
-18
-143
-268
-391
-487
-537
-539
-490
-385
-228
-22
220
491
770
1030
1268
1477
1639
1735
1766
1747
1676
1530
1314
1050
763
457
145
-147
-407
-631
-816
-944
-1004
-1001
-953
-866
-746
-603
-446
-288
-145
-43
22
62
69
39
-21
-84
-143
-207
-269
-319
-348
-355
-335
-307
-285
-265
-230
-185
-160
-164
-173
-171
-170
-190
-232
-277
-319
-363
-404
-450
-479
-483
-465
-436
-403
-351
-275
-177
-73
23
115
212
325
428
499
536
555
566
548
493
407
308
194
63
-86
-252
-420
-594
-746
-870
-961
-1000
-976
-878
-694
-421
-89
269
641
1039
1426
1756
2021
2216
2326
2340
2265
2119
1886
1569
1192
782
342
-103
-490
-798
-1053
-1279
-1444
-1497
-1436
-1305
-1144
-968
-770
-544
-308
-96
50
150
224
257
234
165
99
58
14
-53
-121
-172
-187
-165
-156
-200
-283
-340
-367
-421
-520
-629
-701
-731
-758
-792
-812
-787
-719
-631
-556
-475
-344
-170
4
145
251
361
483
597
673
699
703
720
727
684
588
476
380
271
119
-63
-237
-392
-541
-713
-912
-1097
-1243
-1344
-1413
-1458
-1432
-1288
-1036
-670
-202
326
870
1418
1984
2508
2912
3188
3343
3344
3183
2908
2563
2113
1531
878
227
-409
-988
-1452
-1787
-2032
-2210
-2270
-2167
-1925
-1591
-1218
-851
-500
-137
245
590
828
957
1023
1033
974
864
739
603
444
260
73
-117
-291
-424
-564
-778
-1040
-1263
-1422
-1567
-1710
-1807
-1820
-1747
-1590
-1369
-1115
-812
-448
-57
292
583
876
1163
1376
1475
1470
1399
1280
1123
929
689
408
146
-64
-255
-451
-624
-737
-806
-870
-925
-939
-911
-888
-889
-912
-935
-933
-906
-862
-817
-740
-564
-266
179
755
1344
1864
2353
2859
3308
3579
3630
3476
3108
2575
1996
1400
716
-69
-845
-1521
-2093
-2518
-2714
-2701
-2601
-2470
-2205
-1744
-1149
-516
85
590
977
1328
1696
1988
2080
1997
1835
1618
1307
942
593
237
-172
-598
-992
-1346
-1654
-1893
-2106
-2364
-2608
-2722
-2687
-2574
-2413
-2138
-1703
-1132
-457
241
886
1475
2020
2464
2709
2741
2631
2412
2036
1514
931
334
-266
-835
-1323
-1707
-1968
-2055
-1970
-1814
-1638
-1364
-955
-511
-118
228
545
780
902
945
893
699
412
123
-183
-518
-786
-880
-813
-658
-356
153
769
1325
1781
2218
2580
2746
2706
2492
2123
1627
1144
747
336
-148
-605
-919
-1125
-1281
-1333
-1258
-1158
-1107
-1050
-895
-634
-338
-65
136
283
469
723
969
1093
1087
1034
945
798
580
302
-9
-341
-698
-1076
-1436
-1707
-1884
-2036
-2198
-2301
-2247
-2049
-1801
-1515
-1134
-630
-43
562
1114
1536
1817
2001
2056
1925
1623
1237
826
366
-123
-543
-839
-1023
-1148
-1213
-1174
-1017
-736
-404
-134
47
192
367
513
552
516
444
315
114
-123
-346
-576
-838
-1084
-1312
-1508
-1588
-1470
-1177
-832
-418
231
1120
2034
2769
3334
3812
4118
4128
3855
3360
2686
1886
1082
322
-453
-1194
-1783
-2202
-2535
-2782
-2798
-2587
-2337
-2137
-1885
-1451
-870
-249
357
912
1428
1945
2424
2755
2853
2752
2514
2104
1492
728
-79
-853
-1601
-2307
-2913
-3344
-3553
-3580
-3483
-3265
-2915
-2428
-1871
-1318
-741
-64
693
1405
1980
2413
2696
2822
2799
2591
2198
1680
1103
513
-103
-692
-1164
-1509
-1778
-2007
-2108
-1995
-1719
-1369
-1011
-669
-325
61
472
803
996
1107
1135
1030
770
450
139
-242
-729
-1223
-1593
-1769
-1752
-1539
-1122
-558
157
1120
2291
3361
4037
4373
4520
4370
3800
2957
2038
1041
-29
-935
-1503
-1845
-2114
-2275
-2277
-2233
-2191
-2012
-1717
-1537
-1514
-1381
-960
-349
336
1088
1872
2593
3193
3625
3785
3558
2967
2095
984
-287
-1545
-2618
-3441
-4022
-4319
-4291
-3966
-3428
-2813
-2211
-1646
-1143
-727
-415
-160
168
657
1246
1861
2475
3024
3359
3409
3197
2727
1999
1041
-50
-1138
-2106
-2816
-3166
-3191
-2984
-2564
-1854
-945
-55
692
1257
1583
1626
1460
1197
860
479
139
-135
-378
-582
-653
-624
-705
-936
-1176
-1341
-1457
-1499
-1314
-832
-136
722
1849
3228
4467
5167
5337
5138
4488
3326
1885
411
-1036
-2348
-3180
-3383
-3230
-2978
-2574
-1962
-1389
-1001
-654
-340
-241
-355
-366
-52
524
1257
2081
2872
3496
3883
3970
3628
2747
1428
-125
-1735
-3227
-4439
-5231
-5517
-5313
-4699
-3799
-2719
-1608
-649
76
566
835
933
938
962
1140
1544
2099
2677
3162
3405
3261
2711
1859
795
-425
-1699
-2798
-3497
-3731
-3507
-2856
-1922
-932
14
896
1592
1930
1893
1556
993
324
-251
-582
-695
-664
-500
-248
-34
62
69
-55
-448
-1043
-1586
-1900
-1955
-1727
-1127
-162
961
2098
3329
4586
5361
5262
4491
3388
2012
427
-1036
-2106
-2826
-3179
-2923
-2077
-1114
-434
3
244
121
-286
-632
-809
-976
-1046
-686
207
1419
2687
3783
4472
4581
4088
3075
1580
-290
-2260
-4028
-5346
-6042
-6064
-5461
-4359
-2955
-1516
-246
750
1353
1524
1390
1118
805
544
485
763
1371
2107
2722
3064
3064
2619
1670
342
-1097
-2381
-3384
-3996
-4022
-3425
-2394
-1147
133
1202
1876
2198
2218
1856
1160
377
-274
-735
-965
-874
-516
-97
258
499
500
183
-319
-848
-1465
-2132
-2565
-2567
-2169
-1463
-486
709
1910
2852
3563
4249
4723
4479
3495
2280
1150
50
-941
-1536
-1738
-1808
-1703
-1185
-472
-103
-166
-370
-688
-1162
-1458
-1269
-800
-341
241
1154
2269
3285
3968
4139
3697
2719
1427
-28
-1551
-2986
-4134
-4843
-5009
-4623
-3834
-2815
-1700
-679
78
576
881
978
917
853
845
865
968
1241
1638
2014
2250
2220
1846
1151
216
-848
-1849
-2563
-2924
-2962
-2639
-1884
-836
181
972
1459
1575
1383
1067
687
195
-294
-577
-650
-598
-390
-50
224
293
238
89
-257
-741
-1148
-1436
-1695
-1812
-1596
-1153
-684
-150
579
1436
2151
2600
2999
3493
3735
3336
2478
1575
674
-342
-1235
-1694
-1850
-1918
-1709
-1050
-332
3
103
198
138
-97
-160
73
307
443
766
1391
2084
2600
2820
2644
2011
1026
-129
-1366
-2602
-3673
-4394
-4626
-4303
-3516
-2461
-1284
-116
849
1496
1835
1868
1605
1206
838
496
168
8
148
477
779
922
879
672
323
-194
-863
-1507
-1895
-1973
-1798
-1345
-617
166
778
1189
1388
1309
1014
626
152
-385
-791
-928
-887
-771
-545
-251
-39
66
131
86
-180
-559
-882
-1144
-1359
-1402
-1199
-839
-410
94
697
1345
1921
2369
2817
3277
3371
2798
1860
1018
241
-648
-1406
-1716
-1704
-1541
-1043
-185
514
656
450
162
-243
-665
-811
-678
-526
-319
228
1122
2053
2723
2953
2636
1820
715
-484
-1672
-2748
-3561
-3940
-3762
-3048
-2013
-892
173
1021
1463
1475
1190
719
162
-320
-618
-736
-641
-262
321
900
1363
1641
1612
1243
637
-95
-837
-1370
-1553
-1429
-1086
-501
290
1030
1455
1485
1155
535
-240
-1009
-1657
-2065
-2127
-1867
-1419
-836
-129
567
1066
1285
1219
891
413
-67
-485
-827
-1030
-1005
-737
-300
208
656
998
1252
1366
1293
1269
1500
1655
1279
578
90
-142
-371
-524
-422
-259
-166
152
799
1261
1096
519
-102
-702
-1193
-1312
-1032
-616
-177
416
1219
2056
2658
2803
2366
1402
145
-1111
-2164
-2939
-3413
-3524
-3186
-2437
-1477
-514
326
911
1095
875
427
-39
-368
-467
-360
-145
167
635
1178
1597
1767
1642
1202
558
-114
-742
-1298
-1629
-1594
-1264
-814
-318
198
594
685
432
-66
-690
-1312
-1761
-1896
-1680
-1157
-441
345
1110
1731
2081
2125
1885
1357
631
-78
-637
-1046
-1264
-1244
-1097
-946
-740
-442
-265
-385
-595
-624
-568
-520
-101
894
1879
2274
2330
2455
2482
2165
1693
1257
742
185
-40
157
298
30
-435
-812
-1128
-1381
-1389
-1138
-847
-597
-242
307
906
1330
1465
1256
699
-48
-728
-1229
-1598
-1796
-1701
-1328
-819
-264
279
696
874
786
463
21
-322
-449
-468
-491
-417
-145
241
604
883
990
821
455
129
-107
-433
-862
-1109
-1026
-788
-539
-258
3
59
-106
-316
-465
-608
-743
-716
-425
48
581
1107
1525
1715
1665
1415
964
313
-414
-1036
-1471
-1717
-1767
-1625
-1425
-1293
-1178
-987
-818
-841
-919
-782
-409
67
803
1989
3249
3981
4039
3751
3265
2513
1525
504
-405
-1100
-1383
-1141
-629
-283
-295
-554
-917
-1306
-1617
-1736
-1642
-1410
-1046
-448
394
1271
1924
2186
1990
1424
693
-38
-713
-1231
-1451
-1351
-1040
-602
-98
370
659
676
392
-128
-689
-1088
-1281
-1348
-1269
-947
-408
201
770
1176
1269
1067
771
470
58
-474
-926
-1089
-971
-714
-394
-54
209
322
342
344
304
199
109
118
245
447
671
824
802
577
215
-218
-688
-1145
-1513
-1746
-1801
-1632
-1289
-938
-716
-597
-501
-429
-425
-434
-288
124
755
1527
2532
3697
4546
4594
3928
2950
1850
636
-581
-1551
-2132
-2262
-1887
-1095
-291
83
-52
-493
-1060
-1603
-1935
-1924
-1599
-1039
-245
804
1965
2929
3431
3358
2738
1726
563
-537
-1411
-1912
-1993
-1754
-1328
-805
-297
62
163
-41
-516
-1100
-1580
-1817
-1782
-1481
-922
-198
553
1224
1697
1795
1496
1023
571
122
-395
-870
-1080
-931
-536
-82
313
573
643
546
365
145
-114
-376
-572
-643
-572
-379
-145
-4
-27
-176
-384
-599
-759
-826
-832
-786
-617
-318
-22
124
95
-58
-273
-503
-659
-624
-319
200
801
1507
2462
3468
3929
3513
2549
1469
391
-651
-1468
-1899
-1955
-1630
-901
36
724
833
429
-242
-946
-1483
-1678
-1466
-903
-94
876
1903
2782
3248
3169
2557
1504
198
-1077
-2056
-2577
-2609
-2256
-1676
-1010
-378
98
345
341
82
-392
-906
-1229
-1261
-1038
-624
-97
440
912
1266
1363
1091
614
225
-28
-294
-612
-811
-713
-344
73
364
506
518
392
164
-74
-264
-413
-553
-655
-652
-519
-319
-149
-71
-75
-108
-120
-84
-7
57
55
29
21
-12
-151
-403
-743
-1101
-1364
-1432
-1266
-835
-152
642
1431
2340
3359
3992
3742
2820
1722
638
-376
-1117
-1400
-1320
-962
-317
536
1227
1342
819
-93
-1077
-1867
-2275
-2184
-1627
-729
324
1379
2288
2845
2899
2409
1455
219
-1001
-1925
-2383
-2322
-1839
-1148
-457
110
481
622
505
136
-445
-1080
-1531
-1640
-1452
-1105
-659
-143
343
692
861
813
573
335
248
218
88
-133
-281
-242
-64
100
182
216
210
175
166
192
162
-6
-284
-567
-751
-796
-737
-615
-442
-229
7
244
447
562
517
302
-7
-319
-609
-880
-1137
-1346
-1396
-1221
-919
-564
-70
607
1267
1791
2410
3131
3459
2996
2061
1125
319
-334
-702
-710
-477
-78
487
1093
1369
984
16
-1136
-2126
-2783
-2976
-2560
-1601
-368
873
1975
2796
3157
2998
2348
1294
54
-1036
-1739
-1938
-1644
-1034
-389
112
397
422
179
-297
-928
-1597
-2116
-2305
-2111
-1636
-1005
-290
420
963
1234
1251
1066
754
486
377
331
198
0
-106
-40
141
308
382
347
221
92
15
-89
-343
-724
-1073
-1277
-1306
-1165
-885
-483
-19
424
768
986
1058
930
580
89
-380
-727
-968
-1112
-1145
-1048
-831
-537
-260
-81
76
284
512
733
1205
2005
2674
2698
2191
1649
1196
727
259
-17
-76
-17
155
439
620
370
-362
-1270
-2054
-2538
-2572
-2060
-1119
-35
998
1859
2423
2596
2398
1860
1021
43
-822
-1384
-1502
-1170
-622
-163
87
147
-32
-441
-965
-1468
-1889
-2126
-2069
-1699
-1110
-429
239
786
1103
1126
897
557
261
141
246
474
636
650
609
597
576
476
258
-43
-372
-607
-679
-663
-710
-857
-1007
-1065
-1003
-830
-565
-231
150
513
784
934
950
789
464
71
-288
-565
-758
-849
-836
-750
-630
-510
-411
-383
-402
-378
-234
53
577
1516
2594
3207
3094
2616
2079
1440
708
69
-296
-400
-284
27
407
555
180
-674
-1653
-2426
-2771
-2592
-1897
-874
238
1246
2030
2480
2537
2233
1616
755
-168
-863
-1158
-1010
-575
-119
140
151
-81
-538
-1113
-1657
-2068
-2302
-2293
-1990
-1412
-690
4
550
896
992
834
547
327
316
537
913
1241
1373
1294
1087
799
435
0
-485
-907
-1176
-1214
-1081
-940
-919
-996
-1045
-995
-858
-649
-346
79
569
998
1278
1366
1241
918
516
108
-267
-567
-754
-845
-865
-830
-765
-722
-715
-754
-810
-786
-580
-111
684
1878
3041
3626
3462
2962
2331
1528
648
-97
-513
-618
-428
-37
358
411
-101
-1026
-1985
-2664
-2864
-2525
-1698
-595
568
1582
2289
2578
2459
2043
1367
525
-278
-763
-842
-537
-67
276
310
50
-426
-1075
-1736
-2253
-2533
-2566
-2324
-1799
-1078
-325
324
776
990
960
762
590
608
846
1226
1617
1818
1691
1267
709
114
-445
-953
-1360
-1565
-1531
-1306
-1048
-903
-915
-977
-963
-853
-664
-386
1
532
1095
1500
1636
1534
1232
787
322
-113
-518
-862
-1081
-1155
-1145
-1074
-995
-911
-851
-821
-744
-577
-170
494
1611
2953
3935
4075
3520
2728
1753
714
-257
-866
-1037
-827
-357
198
583
403
-448
-1614
-2646
-3190
-3122
-2404
-1216
179
1494
2454
2931
2847
2389
1694
878
11
-655
-919
-731
-199
317
510
271
-277
-1051
-1873
-2532
-2900
-2945
-2670
-2094
-1285
-390
428
1019
1331
1373
1183
923
787
927
1312
1749
2017
1903
1411
671
-104
-796
-1339
-1674
-1797
-1671
-1374
-999
-754
-771
-979
-1185
-1204
-1006
-613
-55
652
1452
2106
2395
2248
1795
1135
408
-246
-774
-1118
-1289
-1238
-1089
-916
-830
-838
-914
-1020
-1050
-966
-678
-127
742
2031
3398
4244
4159
3427
2461
1340
272
-578
-954
-899
-528
-49
358
478
-24
-1095
-2302
-3182
-3435
-2956
-1829
-332
1171
2340
2944
2940
2402
1601
783
46
-562
-837
-671
-166
440
783
623
-33
-979
-2018
-2867
-3295
-3269
-2833
-2087
-1173
-230
612
1229
1508
1474
1201
824
620
710
1094
1617
2038
2116
1723
985
35
-894
-1608
-2033
-2158
-1994
-1615
-1181
-833
-726
-879
-1128
-1238
-1066
-598
105
936
1793
2514
2830
2672
2112
1311
422
-371
-980
-1349
-1441
-1349
-1149
-970
-857
-920
-1028
-1142
-1219
-1163
-921
-458
231
1200
2459
3740
4473
4300
3459
2378
1123
-61
-895
-1184
-1023
-585
-93
253
297
-190
-1181
-2293
-3087
-3250
-2642
-1420
82
1449
2404
2751
2559
1977
1202
472
-86
-413
-423
-88
364
700
687
216
-661
-1648
-2529
-3105
-3189
-2803
-2083
-1213
-372
302
774
1038
1053
874
658
498
616
1020
1585
2088
2343
2160
1448
430
-709
-1692
-2313
-2491
-2305
-1814
-1180
-659
-369
-373
-612
-874
-908
-634
-56
760
1616
2379
2897
2922
2424
1577
611
-292
-962
-1348
-1480
-1396
-1231
-1131
-1142
-1272
-1479
-1603
-1595
-1425
-1057
-500
163
916
1767
2687
3625
4248
4144
3281
2187
1040
-41
-831
-1154
-1026
-709
-356
-150
-138
-455
-1184
-2109
-2830
-3023
-2522
-1421
-36
1273
2192
2530
2360
1847
1169
547
147
-21
-15
201
484
618
475
-13
-837
-1739
-2474
-2899
-2923
-2548
-1865
-1103
-406
108
427
597
639
612
627
720
950
1365
1799
2127
2167
1867
1151
132
-909
-1814
-2342
-2410
-2092
-1527
-883
-391
-163
-178
-347
-572
-603
-306
270
1031
1805
2425
2769
2680
2068
1142
159
-675
-1251
-1481
-1446
-1262
-1068
-1001
-1122
-1334
-1545
-1643
-1487
-1143
-644
-25
593
1089
1532
1981
2590
3141
3349
2987
2221
1451
574
-239
-815
-996
-884
-669
-409
-196
-121
-355
-940
-1676
-2237
-2374
-1939
-994
134
1162
1844
2028
1832
1371
868
469
296
268
305
451
585
572
322
-197
-991
-1760
-2336
-2575
-2442
-2022
-1395
-776
-238
112
296
395
418
487
633
817
1058
1365
1606
1652
1463
1043
385
-422
-1175
-1733
-1978
-1811
-1363
-824
-333
-48
34
-44
-208
-321
-261
60
528
1056
1569
1875
1892
1521
789
-12
-653
-1065
-1230
-1175
-982
-764
-655
-729
-1053
-1353
-1517
-1457
-1100
-567
87
672
1064
1174
1174
1208
1377
1753
2108
2273
2074
1725
1192
493
-128
-589
-767
-795
-686
-484
-303
-266
-542
-1055
-1606
-1958
-1907
-1334
-423
549
1318
1643
1612
1335
1015
768
654
662
645
683
742
722
530
104
-555
-1285
-1867
-2233
-2294
-2094
-1628
-1066
-573
-212
4
196
354
506
697
862
970
1111
1216
1240
1085
824
457
-80
-606
-1007
-1176
-1074
-801
-516
-276
-149
-142
-234
-351
-413
-354
-118
230
627
1006
1172
1101
852
435
-14
-346
-517
-582
-532
-408
-323
-372
-574
-884
-1145
-1190
-1087
-789
-403
-24
234
287
174
19
-2
178
777
1626
2432
2714
2557
2093
1253
328
-475
-833
-840
-613
-231
127
331
177
-418
-1219
-1990
-2402
-2221
-1537
-545
456
1187
1505
1483
1270
1035
879
891
910
940
989
964
794
407
-183
-899
-1574
-2109
-2344
-2283
-1927
-1402
-823
-326
-21
167
242
291
344
451
529
652
838
1006
1113
1057
947
618
191
-232
-539
-665
-668
-543
-398
-250
-187
-208
-264
-334
-338
-242
-53
127
254
318
274
258
187
70
-59
-116
-65
-3
115
138
79
-115
-416
-735
-966
-989
-894
-676
-495
-377
-359
-499
-620
-737
-528
-121
711
1765
2625
3039
2812
2316
1396
439
-309
-631
-498
-173
301
670
764
378
-488
-1535
-2483
-2927
-2716
-1903
-765
360
1210
1573
1603
1353
1099
895
820
852
904
1016
1018
953
638
116
-558
-1242
-1763
-2056
-2032
-1752
-1292
-771
-360
-133
-80
-102
-91
-79
10
115
305
564
804
990
1044
1053
926
719
434
126
-133
-253
-232
-161
-78
-112
-221
-366
-503
-598
-669
-679
-681
-621
-465
-262
53
335
534
597
569
527
431
366
239
121
-5
-178
-397
-618
-770
-921
-1052
-1205
-1294
-1319
-1340
-1281
-1125
-754
-249
482
1453
2355
2966
2944
2626
2064
1325
647
177
155
243
436
626
669
432
-298
-1271
-2212
-2798
-2831
-2283
-1343
-378
384
804
923
848
755
697
720
881
1029
1225
1380
1471
1395
1014
444
-260
-829
-1222
-1380
-1289
-1130
-950
-839
-808
-886
-1002
-1061
-1078
-1022
-919
-704
-347
127
645
1141
1613
1869
1891
1693
1373
1046
778
564
356
190
-8
-233
-462
-713
-975
-1254
-1476
-1608
-1558
-1311
-948
-444
49
438
668
731
702
606
534
474
447
444
383
225
-29
-321
-647
-1003
-1366
-1608
-1671
-1605
-1402
-1163
-853
-467
-15
678
1452
2121
2317
2232
2017
1557
1078
712
680
766
910
1084
1210
1167
687
-86
-947
-1710
-2220
-2285
-1925
-1374
-801
-402
-230
-236
-233
-110
133
467
768
1127
1457
1699
1814
1690
1353
893
518
184
-114
-368
-618
-865
-1132
-1429
-1702
-1905
-2024
-2047
-1968
-1782
-1535
-1132
-574
54
677
1263
1782
2103
2215
2149
1960
1712
1466
1212
945
674
377
95
-195
-511
-890
-1289
-1645
-1911
-1963
-1822
-1513
-1112
-716
-409
-233
-102
20
159
328
516
710
838
891
889
827
609
245
-140
-459
-648
-721
-709
-698
-731
-840
-977
-1040
-1000
-758
-277
271
628
768
866
928
1008
1124
1246
1361
1425
1469
1501
1525
1376
984
464
-99
-570
-834
-886
-853
-819
-851
-941
-1025
-1012
-829
-493
-103
170
359
502
612
729
815
819
745
654
533
369
182
-5
-233
-458
-684
-894
-1035
-1111
-1099
-1012
-873
-748
-608
-415
-195
62
355
630
823
914
934
892
834
814
830
831
731
570
424
296
117
-135
-425
-706
-945
-1086
-1115
-1060
-962
-856
-722
-587
-470
-355
-248
-154
-92
-47
24
87
162
257
314
309
242
156
40
-121
-310
-534
-750
-937
-1047
-1045
-909
-692
-381
18
337
466
515
608
704
855
1060
1202
1258
1267
1269
1283
1290
1159
846
452
17
-339
-483
-471
-413
-340
-293
-342
-383
-332
-216
-48
92
187
270
350
428
498
492
348
155
-14
-176
-321
-392
-413
-436
-472
-531
-560
-527
-441
-314
-170
-72
-46
-9
59
94
122
192
268
319
373
432
489
531
516
416
238
13
-181
-259
-269
-304
-372
-468
-608
-742
-819
-826
-759
-626
-458
-301
-181
-127
-108
-88
-60
-5
92
199
284
348
350
261
93
-110
-343
-591
-788
-893
-893
-811
-691
-559
-411
-241
0
330
604
765
867
938
972
1016
1060
1034
961
894
858
845
786
599
287
-76
-412
-608
-591
-428
-205
-4
90
74
53
117
240
356
405
389
346
295
261
234
164
21
-145
-284
-400
-472
-487
-458
-454
-517
-608
-656
-631
-524
-351
-145
15
120
195
242
251
251
303
391
467
517
556
556
480
352
205
21
-184
-356
-472
-536
-592
-668
-745
-815
-867
-871
-788
-645
-470
-251
-33
140
263
353
426
475
480
456
424
369
281
159
-5
-217
-435
-630
-791
-898
-936
-903
-842
-766
-670
-527
-316
-37
316
676
900
958
940
893
834
816
828
811
774
739
687
621
489
243
-47
-306
-484
-496
-320
-81
141
326
401
356
286
246
226
220
192
172
192
233
279
299
241
80
-106
-272
-421
-523
-567
-560
-531
-491
-431
-336
-209
-93
2
63
69
72
126
222
321
431
536
578
567
511
415
284
128
-33
-179
-317
-447
-534
-589
-668
-790
-907
-996
-1030
-975
-837
-621
-369
-115
135
346
466
491
457
383
291
221
181
153
120
66
-36
-199
-422
-643
-823
-950
-1005
-968
-840
-661
-451
-244
-53
127
297
463
620
714
718
697
676
641
626
629
580
493
420
371
350
345
304
221
134
56
30
114
246
353
431
447
377
284
222
188
169
137
79
20
-25
-66
-89
-117
-181
-242
-263
-241
-185
-103
-21
31
38
5
-24
-15
17
74
140
191
225
269
309
313
281
223
132
19
-78
-156
-216
-268
-325
-387
-453
-526
-596
-643
-681
-705
-695
-638
-538
-396
-228
-59
92
212
295
340
334
280
200
101
-8
-113
-208
-302
-385
-464
-536
-589
-616
-619
-599
-553
-480
-365
-220
-61
90
204
264
276
255
222
206
227
291
378
442
450
408
332
238
161
119
106
139
226
347
477
585
636
618
550
450
355
295
268
260
244
186
85
-18
-90
-124
-118
-89
-54
-14
21
50
82
119
152
185
211
218
219
219
211
191
161
123
90
74
73
76
73
47
-5
-71
-138
-200
-237
-251
-263
-288
-335
-400
-473
-530
-560
-563
-534
-474
-393
-304
-225
-167
-128
-98
-77
-57
-39
-16
3
0
-35
-110
-220
-343
-443
-509
-533
-516
-475
-433
-398
-376
-357
-330
-287
-231
-163
-88
-17
43
100
144
152
119
65
16
-8
22
110
231
358
465
527
528
488
438
392
370
389
439
507
590
649
652
595
470
304
156
59
12
28
92
158
215
278
325
366
404
420
403
364
316
277
265
259
225
167
93
19
-32
-53
-66
-84
-105
-117
-106
-71
-23
23
52
42
-6
-68
-132
-197
-248
-297
-351
-408
-466
-528
-592
-654
-702
-726
-718
-676
-606
-520
-435
-357
-289
-237
-204
-182
-172
-169
-173
-173
-172
-169
-173
-190
-214
-243
-261
-259
-231
-187
-153
-144
-170
-216
-258
-268
-238
-178
-103
-31
23
62
91
122
160
203
247
306
386
485
608
720
767
739
654
542
444
385
342
298
269
245
238
262
283
267
229
184
152
185
284
403
506
564
552
492
438
387
337
270
164
34
-69
-117
-107
-61
-16
-8
-21
-40
-55
-43
-3
49
101
135
141
132
117
83
23
-67
-191
-335
-468
-576
-646
-680
-697
-711
-725
-732
-714
-651
-555
-452
-361
-294
-254
-223
-199
-187
-189
-198
-202
-193
-172
-158
-160
-189
-243
-301
-338
-344
-320
-275
-229
-197
-179
-159
-135
-99
-56
-14
27
67
119
184
249
297
326
344
361
383
407
428
438
424
391
347
298
257
234
218
200
184
170
165
176
203
240
286
335
385
440
490
521
534
526
490
438
373
302
233
166
105
55
23
8
10
27
42
60
83
115
158
209
262
301
324
323
299
256
187
92
-25
-157
-300
-432
-538
-616
-669
-702
-725
-734
-723
-690
-640
-583
-528
-477
-423
-366
-306
-251
-206
-182
-178
-189
-218
-262
-314
-378
-444
-502
-545
-570
-575
-557
-529
-492
-454
-415
-365
-297
-215
-123
-24
76
184
290
382
454
501
527
539
546
545
543
541
530
504
461
401
330
262
205
160
132
124
136
170
219
267
308
342
369
394
424
462
496
525
539
528
491
432
354
266
171
79
4
-40
-54
-43
-25
-13
-10
-9
-2
19
59
113
177
239
286
308
307
280
223
142
41
-62
-151
-212
-251
-276
-300
-329
-366
-403
-438
-464
-478
-479
-465
-441
-411
-387
-375
-380
-402
-445
-494
-543
-582
-605
-612
-607
-599
-592
-587
-584
-578
-564
-536
-485
-413
-325
-230
-134
-49
21
78
122
164
208
256
308
358
400
425
434
421
394
362
326
297
276
258
248
248
255
267
280
287
296
315
347
391
441
487
523
548
558
552
526
484
425
360
288
215
141
75
17
-32
-69
-100
-122
-130
-129
-117
-93
-57
-6
60
136
213
280
329
351
345
314
263
204
145
89
45
9
-27
-66
-107
-149
-194
-235
-272
-301
-320
-332
-336
-338
-341
-352
-372
-401
-438
-478
-514
-542
-558
-568
-574
-575
-574
-566
-551
-532
-509
-483
-457
-425
-384
-327
-261
-192
-131
-86
-60
-46
-37
-26
-7
21
60
107
159
209
250
281
300
306
315
328
341
362
385
407
428
446
460
473
480
483
480
472
459
443
423
397
361
318
273
226
178
128
74
21
-24
-61
-86
-104
-111
-106
-95
-78
-54
-21
19
64
113
154
187
208
215
210
192
164
132
101
75
51
33
17
6
-10
-31
-54
-75
-90
-98
-99
-100
-103
-109
-116
-127
-145
-169
-202
-239
-280
-322
-360
-392
-415
-429
-436
-435
-432
-431
-431
-433
-435
-433
-427
-413
-390
-359
-328
-296
-264
-234
-209
-185
-162
-131
-90
-41
16
72
126
175
219
254
280
304
320
336
345
349
345
334
318
297
275
254
239
234
231
231
231
228
220
211
199
181
162
149
141
137
134
129
122
110
93
75
60
49
47
55
68
79
88
90
88
79
66
53
42
34
33
40
51
63
75
86
92
100
108
116
125
135
141
144
142
133
117
97
65
28
-17
-66
-116
-162
-205
-241
-274
-304
-330
-352
-370
-385
-397
-406
-411
-411
-406
-398
-389
-377
-368
-362
-358
-353
-343
-327
-302
-264
-221
-177
-134
-97
-62
-29
3
40
81
124
165
200
221
225
213
187
155
122
95
78
71
74
84
92
96
95
91
91
92
100
111
126
143
162
178
188
194
189
179
164
151
141
138
137
137
139
141
142
139
132
120
106
94
86
85
95
111
131
150
166
177
187
195
205
217
232
247
261
267
266
254
232
200
164
124
85
44
7
-28
-63
-94
-125
-158
-193
-229
-262
-286
-305
-314
-323
-331
-341
-353
-367
-384
-400
-411
-419
-421
-419
-412
-403
-391
-379
-362
-341
-317
-285
-247
-206
-165
-122
-80
-41
-6
24
46
59
61
58
47
37
27
23
23
27
35
47
57
62
65
64
66
71
82
101
123
147
170
189
198
202
199
194
192
191
192
194
200
208
213
216
213
204
194
183
175
171
175
185
198
208
218
225
229
235
241
248
259
272
288
304
314
316
305
281
245
205
161
120
79
44
11
-19
-47
-75
-105
-137
-175
-210
-243
-269
-286
-296
-302
-306
-314
-326
-341
-359
-380
-398
-414
-425
-431
-431
-427
-420
-413
-404
-392
-375
-352
-324
-289
-251
-214
-178
-149
-123
-104
-88
-79
-68
-58
-43
-23
-6
13
27
35
43
50
54
59
67
78
90
107
124
140
155
168
176
185
191
197
202
205
209
214
221
229
235
239
238
232
225
221
216
213
214
216
223
234
244
254
261
268
269
270
270
273
279
284
285
284
276
259
235
205
168
128
89
53
23
-1
-21
-41
-61
-81
-101
-123
-143
-158
-167
-173
-178
-181
-186
-195
-208
-226
-248
-275
-298
-321
-342
-355
-365
-373
-380
-388
-393
-394
-390
-377
-358
-335
-306
-273
-243
-214
-189
-171
-157
-146
-137
-125
-109
-94
-80
-65
-53
-41
-34
-30
-28
-27
-21
-9
7
27
50
73
96
115
131
145
159
172
186
199
212
226
238
245
245
241
233
227
221
218
220
223
229
238
245
250
255
261
269
276
282
288
294
297
297
292
283
267
248
226
200
171
143
117
89
60
34
12
-8
-25
-40
-55
-66
-74
-82
-85
-87
-89
-90
-94
-97
-106
-117
-131
-149
-167
-187
-207
-227
-243
-263
-278
-293
-307
-317
-324
-327
-326
-321
-310
-295
-279
-263
-250
-238
-229
-222
-215
-208
-202
-195
-187
-177
-166
-154
-143
-135
-128
-121
-112
-99
-85
-69
-47
-24
-1
25
50
72
91
108
123
136
151
165
178
190
200
208
215
219
222
221
222
227
233
243
254
265
274
279
283
284
282
281
281
279
279
275
268
257
241
220
199
177
154
136
121
107
94
78
65
50
35
22
8
1
-4
-7
-9
-12
-21
-32
-45
-61
-80
-101
-121
-141
-159
-176
-193
-207
-221
-234
-245
-254
-259
-260
-258
-252
-243
-235
-226
-221
-219
-216
-215
-216
-218
-221
-224
-223
-221
-219
-216
-213
-208
-206
-198
-189
-178
-163
-146
-126
-106
-86
-66
-47
-28
-10
7
27
47
68
89
107
122
134
145
153
159
166
175
188
202
217
230
243
255
264
271
274
275
277
278
279
280
277
273
269
261
250
235
218
197
180
162
144
127
113
98
84
71
57
44
34
23
15
7
2
-4
-11
-19
-28
-38
-50
-62
-75
-86
-96
-105
-113
-122
-129
-136
-147
-155
-162
-167
-171
-173
-174
-174
-173
-172
-172
-173
-178
-184
-193
-203
-210
-213
-214
-214
-213
-211
-208
-205
-203
-199
-195
-187
-179
-166
-153
-136
-119
-102
-86
-71
-58
-45
-30
-15
5
24
42
59
75
86
94
100
105
111
118
128
140
155
170
185
195
201
206
210
212
214
217
221
224
227
230
232
231
226
217
207
194
181
168
156
144
133
122
110
97
82
68
54
39
28
19
14
8
0
-8
-18
-30
-40
-51
-59
-65
-67
-65
-63
-62
-64
-68
-76
-84
-92
-97
-99
-99
-98
-98
-98
-100
-104
-111
-119
-125
-131
-138
-142
-146
-147
-147
-148
-151
-155
-159
-164
-165
-164
-159
-152
-145
-135
-126
-118
-108
-99
-89
-77
-67
-57
-47
-35
-25
-14
-3
5
13
19
23
27
33
42
52
63
76
88
101
111
120
128
133
135
139
145
153
160
167
172
176
177
175
170
166
159
153
147
141
136
130
122
109
96
84
73
61
52
42
34
26
19
13
8
2
-6
-14
-25
-32
-38
-41
-44
-47
-48
-49
-52
-56
-60
-66
-70
-74
-75
-73
-70
-65
-61
-59
-60
-62
-65
-70
-75
-77
-78
-80
-78
-78
-78
-81
-87
-94
-101
-106
-110
-109
-107
-103
-95
-88
-83
-81
-78
-74
-70
-64
-55
-46
-37
-28
-19
-14
-8
-4
-1
1
3
5
10
16
24
34
43
49
52
55
58
63
68
74
79
86
93
98
105
112
114
114
114
110
109
108
106
105
102
97
90
87
81
76
71
64
60
56
53
49
48
44
42
38
33
30
25
22
17
11
5
-1
-5
-7
-10
-13
-18
-23
-29
-33
-37
-40
-43
-46
-49
-52
-54
-56
-58
-58
-57
-56
-55
-53
-50
-53
-56
-61
-66
-70
-73
-76
-80
-83
-86
-86
-86
-86
-86
-88
-88
-87
-85
-81
-77
-71
-67
-63
-57
-52
-48
-43
-38
-35
-29
-24
-19
-16
-11
-7
0
5
9
12
18
23
29
35
38
42
46
50
54
59
64
67
71
76
80
82
83
86
86
84
82
81
80
81
81
81
79
75
73
72
70
70
67
63
61
60
60
57
57
56
55
51
46
40
34
29
24
19
12
6
1
-5
-9
-14
-20
-25
-32
-37
-40
-43
-46
-47
-47
-49
-52
-54
-57
-59
-60
-63
-66
-68
-69
-68
-68
-69
-70
-70
-70
-71
-71
-72
-73
-71
-69
-67
-65
-60
-57
-53
-50
-48
-47
-44
-40
-37
-34
-30
-26
-23
-21
-19
-15
-12
-10
-7
-2
3
7
11
16
23
29
34
41
47
51
57
61
61
65
65
66
67
68
69
70
71
70
69
67
65
63
61
61
60
60
60
58
56
54
51
48
46
45
44
41
35
32
28
21
16
11
6
2
-3
-8
-11
-14
-18
-21
-25
-28
-31
-33
-34
-36
-38
-41
-44
-45
-47
-46
-46
-47
-48
-47
-48
-51
-51
-54
-55
-58
-60
-62
-61
-59
-57
-55
-52
-49
-47
-44
-40
-39
-34
-30
-26
-22
-18
-14
-13
-12
-12
-12
-11
-12
-12
-14
-14
-12
-9
-5
-1
1
5
9
14
17
21
24
29
35
39
44
49
51
54
55
57
59
60
61
60
61
60
58
57
56
55
52
49
48
45
46
45
44
45
44
42
41
39
36
32
30
27
22
19
14
12
10
7
4
1
-2
-8
-11
-15
-19
-20
-24
-24
-26
-28
-28
-32
-33
-35
-35
-35
-36
-36
-39
-43
-44
-46
-48
-50
-54
-55
-56
-56
-55
-55
-56
-54
-51
-50
-49
-47
-42
-39
-37
-34
-32
-30
-28
-26
-21
-20
-20
-20
-19
-20
-18
-15
-12
-8
-4
-1
2
5
8
11
14
17
21
26
31
36
40
44
44
44
43
43
44
46
48
49
50
52
52
53
53
53
53
53
53
53
52
53
53
52
49
47
44
40
36
32
27
23
20
18
14
12
8
4
1
-2
-5
-8
-11
-13
-16
-19
-21
-24
-26
-29
-30
-32
-33
-32
-33
-34
-36
-38
-40
-42
-43
-44
-45
-47
-48
-48
-47
-45
-41
-39
-37
-36
-36
-37
-36
-34
-34
-34
-33
-34
-33
-33
-32
-32
-32
-33
-35
-34
-34
-33
-32
-29
-26
-21
-18
-12
-7
0
5
9
13
18
22
29
33
36
37
38
39
42
44
45
46
47
46
47
48
49
51
53
53
56
57
56
58
58
56
54
53
52
49
49
48
46
44
42
40
38
34
31
25
19
13
6
2
-1
-5
-9
-14
-17
-18
-21
-24
-26
-27
-27
-28
-28
-29
-31
-35
-35
-37
-38
-39
-41
-41
-41
-42
-42
-40
-40
-39
-38
-36
-36
-36
-37
-37
-37
-40
-40
-42
-43
-42
-40
-40
-39
-40
-40
-40
-39
-38
-37
-36
-34
-31
-29
-25
-20
-16
-13
-10
-6
-3
0
3
8
10
10
13
15
19
22
25
28
31
34
38
40
43
46
50
55
59
62
68
72
74
75
75
75
73
75
73
72
72
70
69
65
64
60
56
53
48
42
36
29
22
17
11
4
-2
-9
-16
-21
-26
-28
-29
-28
-27
-27
-28
-30
-32
-34
-35
-37
-38
-37
-38
-38
-39
-41
-43
-45
-46
-48
-47
-50
-51
-52
-52
-52
-53
-54
-56
-55
-54
-51
-50
-48
-48
-48
-49
-49
-49
-49
-47
-44
-42
-37
-34
-31
-29
-28
-27
-26
-23
-21
-18
-14
-13
-8
-5
-2
1
3
7
12
17
24
32
38
45
51
59
63
68
75
79
83
86
88
92
95
96
96
95
94
92
89
86
82
76
71
67
61
57
52
47
41
34
29
22
17
11
7
4
-1
-4
-5
-6
-7
-9
-10
-12
-16
-18
-24
-28
-32
-38
-43
-47
-50
-53
-55
-58
-59
-62
-63
-63
-62
-58
-55
-52
-49
-47
-45
-43
-42
-42
-41
-41
-41
-41
-42
-42
-46
-48
-51
-53
-55
-56
-55
-53
-49
-47
-45
-44
-43
-43
-41
-39
-36
-32
-26
-20
-14
-9
-2
4
11
18
24
30
36
42
46
51
54
58
62
66
68
72
74
77
79
80
81
81
82
84
84
85
83
82
80
78
76
74
71
67
62
56
48
42
36
30
25
20
17
13
10
6
4
-1
-5
-12
-16
-22
-27
-31
-34
-38
-42
-46
-50
-53
-56
-57
-57
-57
-57
-56
-54
-52
-49
-46
-41
-40
-39
-40
-40
-39
-40
-42
-44
-45
-46
-48
-50
-52
-55
-55
-56
-56
-54
-52
-47
-42
-37
-34
-32
-30
-31
-28
-24
-20
-14
-9
-4
1
3
6
9
9
13
15
19
24
30
33
35
36
37
40
42
44
46
49
54
59
62
68
71
75
76
77
78
78
78
76
75
73
72
67
64
58
54
48
43
38
34
29
25
21
18
17
13
10
7
3
0
-5
-7
-13
-17
-21
-25
-30
-33
-35
-37
-40
-40
-41
-39
-39
-38
-36
-35
-36
-37
-38
-40
-42
-43
-45
-47
-47
-48
-49
-51
-52
-53
-53
-55
-55
-54
-54
-51
-50
-48
-45
-42
-41
-40
-38
-36
-37
-35
-32
-31
-29
-27
-24
-20
-16
-14
-10
-8
-3
0
2
6
10
14
17
19
22
25
27
30
33
35
38
43
49
53
58
61
62
61
62
62
59
59
58
58
57
55
54
55
52
49
48
47
44
42
41
42
43
43
44
42
40
39
35
31
28
21
16
10
5
1
-6
-9
-15
-18
-21
-25
-28
-29
-31
-32
-31
-33
-34
-36
-36
-37
-38
-40
-41
-40
-41
-41
-39
-40
-42
-43
-45
-47
-48
-50
-52
-53
-53
-54
-53
-52
-51
-51
-51
-48
-46
-43
-41
-37
-32
-28
-25
-20
-16
-11
-9
-5
-1
3
7
9
12
15
18
20
22
21
23
23
25
27
30
32
34
38
40
43
44
46
47
47
47
48
50
52
52
52
51
49
48
45
44
42
40
39
39
37
35
34
31
28
25
20
17
12
7
4
1
-2
-5
-8
-11
-13
-16
-18
-19
-19
-21
-20
-22
-21
-22
-25
-25
-28
-29
-31
-33
-34
-35
-38
-38
-39
-40
-42
-43
-44
-45
-46
-46
-45
-45
-42
-42
-39
-37
-37
-34
-32
-28
-26
-24
-22
-19
-16
-12
-10
-7
-5
-1
1
3
5
7
11
14
17
19
20
22
23
23
27
29
29
32
35
38
40
43
45
45
44
44
44
41
41
41
41
40
38
35
33
32
28
25
24
22
21
20
17
16
14
15
13
11
8
8
6
5
4
4
3
1
0
-3
-4
-7
-10
-14
-17
-18
-20
-21
-23
-24
-23
-24
-26
-30
-32
-34
-35
-35
-35
-34
-35
-35
-35
-36
-36
-38
-37
-36
-34
-33
-30
-27
-24
-23
-22
-23
-23
-23
-24
-23
-22
-21
-20
-17
-13
-12
-11
-11
-10
-8
-7
-4
-1
3
6
8
11
14
15
17
21
22
26
30
33
37
39
42
43
42
41
41
40
38
38
39
38
37
37
35
32
31
29
27
25
24
24
23
21
20
20
18
16
15
13
12
11
9
7
6
4
4
2
0
-1
-3
-6
-9
-11
-14
-14
-15
-17
-18
-20
-20
-20
-18
-19
-22
-23
-23
-24
-24
-25
-24
-23
-26
-25
-26
-27
-27
-27
-26
-25
-25
-23
-23
-21
-21
-20
-19
-19
-19
-17
-16
-16
-14
-13
-11
-11
-10
-9
-8
-7
-6
-4
-3
-1
0
2
2
3
3
4
6
8
8
9
11
11
14
14
16
16
15
16
17
16
18
18
19
18
18
20
19
19
17
17
18
18
19
17
17
18
18
19
19
18
16
14
13
12
13
13
13
12
11
9
6
4
2
0
-1
-1
-1
-2
-3
-4
-4
-5
-4
-5
-6
-7
-6
-8
-8
-9
-9
-10
-9
-9
-10
-10
-11
-10
-10
-11
-12
-11
-11
-11
-12
-11
-11
-12
-12
-14
-14
-14
-14
-15
-15
-15
-16
-14
-14
-13
-12
-12
-9
-10
-8
-8
-8
-8
-6
-5
-4
-4
-3
-3
-3
-3
-2
-2
-2
-1
1
1
3
3
3
5
5
5
7
9
10
10
12
12
12
12
14
14
15
16
17
17
17
17
17
18
18
17
17
17
17
16
15
14
15
14
14
14
12
12
10
7
7
5
6
6
5
5
4
2
0
-1
-3
-4
-4
-5
-7
-6
-8
-8
-8
-9
-10
-10
-11
-12
-12
-13
-15
-16
-17
-17
-17
-16
-17
-17
-16
-16
-17
-18
-18
-19
-18
-19
-18
-16
-15
-15
-15
-16
-16
-14
-13
-12
-11
-10
-8
-8
-7
-8
-6
-5
-4
-3
-2
-1
0
0
1
3
4
4
4
6
8
9
10
9
11
12
13
14
16
15
16
17
18
19
18
20
21
22
22
22
22
23
23
21
22
21
20
20
19
18
16
14
13
12
10
10
8
8
7
8
6
5
3
2
1
1
2
1
0
-1
-2
-4
-5
-5
-6
-7
-9
-10
-12
-11
-13
-14
-16
-15
-16
-19
-19
-20
-21
-22
-22
-22
-23
-21
-22
-22
-21
-20
-19
-17
-19
-17
-15
-14
-12
-11
-10
-9
-9
-9
-9
-8
-7
-5
-6
-4
-4
-5
-5
-4
-3
-1
0
3
4
5
8
9
10
12
13
13
14
14
16
17
17
18
19
21
21
21
21
19
19
18
18
17
17
15
14
13
11
11
7
7
7
6
7
6
5
5
5
5
5
4
1
1
0
-1
0
0
-2
-3
-5
-7
-8
-11
-11
-12
-12
-11
-11
-12
-10
-11
-12
-13
-14
-14
-14
-13
-13
-14
-15
-16
-15
-14
-12
-11
-11
-12
-11
-12
-11
-11
-12
-10
-9
-8
-9
-8
-8
-6
-6
-5
-5
-5
-2
0
2
3
5
6
7
8
8
11
13
15
16
17
16
15
14
14
15
17
16
17
18
19
21
21
