-1
0
-3
-1
-1
-3
-2
-1
0
0
1
2
2
3
4
2
1
2
2
3
4
1
0
1
3
4
2
1
1
1
3
2
1
1
-2
-2
1
0
1
2
1
-1
-2
-2
0
2
2
1
-3
-4
-2
3
3
0
-1
1
3
1
-1
-2
-2
-2
-1
-3
1
2
2
1
0
-2
-2
-1
-4
-4
-2
0
-1
-1
0
0
0
1
0
3
3
4
4
4
1
-3
-3
-1
0
-2
-4
-4
-4
-3
-3
-3
-3
-5
-7
-4
-3
-3
-2
-1
0
0
-1
0
1
2
1
1
1
0
0
0
-1
0
1
3
1
0
-2
0
-1
0
2
2
2
3
2
1
3
2
0
-1
-1
-1
0
1
2
1
1
3
2
3
-1
0
3
2
1
-2
-2
0
1
2
0
-1
-1
2
2
2
2
0
1
2
0
0
0
2
4
3
0
-1
-1
0
-1
-1
1
2
2
-1
-2
0
2
1
1
3
1
1
2
1
1
2
2
2
2
0
-2
0
-1
-2
-4
-4
-2
-1
1
2
-1
-1
-1
-1
-1
1
1
-2
-2
-2
-4
-4
-3
-2
-1
-3
-5
-5
-3
-2
-1
-2
-2
-2
-2
-3
-2
-3
-3
-3
-3
-1
-3
-2
2
5
4
4
5
2
0
-1
-1
2
5
6
3
2
4
6
3
4
5
4
4
2
2
1
0
0
1
0
-2
-4
-3
-1
-1
-2
-2
-3
-5
-2
-2
-2
-2
-2
-3
-6
-6
-4
-4
-6
-4
-5
-6
-4
-5
-3
-2
-1
0
1
-2
-4
-3
0
3
1
1
0
0
2
4
2
1
1
3
2
0
1
2
3
4
3
1
1
2
1
3
3
5
7
7
6
4
2
2
3
4
3
3
3
2
3
3
4
4
2
2
1
1
-1
0
0
1
2
2
1
0
3
3
2
2
1
1
1
3
3
3
3
3
3
4
1
0
0
-3
-5
-6
-2
-2
-3
-4
-7
-5
-6
-6
-6
-4
-5
-6
-5
-3
-4
-4
-4
-5
-7
-7
-5
-4
-4
-5
-4
-4
-3
-1
0
0
1
2
1
-1
0
0
-1
-1
-1
-3
-2
-1
1
0
-2
-1
1
1
-3
-2
0
0
1
4
3
2
1
5
4
2
0
0
1
1
1
2
1
2
4
4
2
-1
-1
-2
-2
-2
-1
-2
-1
-2
-3
-3
-5
-4
-4
-3
0
0
-1
-3
-4
-6
-4
-1
1
0
1
2
4
7
7
6
6
7
7
6
2
3
4
6
6
4
3
4
6
5
7
9
8
6
5
4
1
0
-1
1
1
3
3
2
2
1
2
2
1
0
-1
-1
1
1
-1
-4
-2
0
0
-2
-4
-5
-5
-4
-6
-6
-4
-3
-3
-4
-6
-6
-4
-2
-2
-1
0
0
3
0
-1
-2
-1
-3
-2
-2
-2
-1
-1
-2
-2
1
0
-1
-1
-1
-3
-5
-4
-1
2
1
-2
-4
0
0
0
-2
-1
1
-1
-1
-1
-2
-1
1
0
-2
-4
-5
0
2
2
0
-1
-2
-2
-1
-1
1
1
2
3
2
3
2
0
0
2
1
-3
-3
-2
0
-1
-1
1
0
0
-1
-1
-1
-2
0
0
1
-2
-3
-3
-3
-1
0
3
4
0
-2
1
-1
2
3
4
2
-1
-1
2
3
5
5
4
2
1
4
4
5
3
2
0
2
2
3
2
2
2
5
4
0
1
3
5
5
6
7
6
4
3
3
2
1
3
2
2
4
1
-2
-3
-3
-2
1
1
-1
-4
-4
-4
-5
-3
-3
-2
-3
-5
-5
-4
-3
-4
-5
-7
-7
-6
-1
-2
-1
-2
-3
-4
-3
-3
-4
-3
-2
0
2
1
1
1
0
-2
-3
-3
-1
-3
-3
-2
-1
-1
-1
-1
-1
-1
-2
-3
0
2
3
3
2
2
2
0
2
6
6
4
3
2
2
3
4
3
5
2
0
1
2
1
0
1
0
-2
0
1
2
-1
-2
-1
0
-2
-5
-3
-4
-4
-4
-4
-3
-3
-4
-7
-5
-4
-7
-6
-5
-3
-2
-1
0
2
3
2
0
0
2
2
1
4
3
1
1
0
1
1
-1
0
1
3
2
2
1
2
3
1
2
6
5
4
1
1
4
7
6
3
2
2
3
4
4
4
4
4
4
5
5
5
3
3
0
0
3
4
4
5
5
5
6
5
3
1
2
2
2
0
-2
-1
-1
1
0
-2
-2
-2
-4
-6
-7
-5
-4
-5
-4
-4
-4
-4
-4
-6
-10
-9
-7
-7
-7
-4
-3
-3
-5
-6
-6
-7
-8
-4
-2
-1
0
-1
-1
-1
-1
-1
0
0
0
2
2
-1
-2
0
0
1
1
1
1
2
-2
-3
-3
-4
-2
-1
0
0
-1
-2
0
1
2
3
4
7
5
1
3
4
3
3
1
1
3
3
3
4
3
-2
-2
0
0
1
2
3
1
0
-4
-3
-3
-3
-2
-1
-2
-2
-4
-4
-3
-1
1
1
1
2
3
1
1
4
3
0
0
0
-1
0
1
3
4
5
4
1
1
-1
-2
-1
2
5
2
1
4
6
5
4
6
9
12
9
7
6
5
5
6
6
4
2
1
3
3
4
2
-3
-1
0
3
3
3
1
2
1
3
3
2
2
1
-1
-3
-4
-4
-4
-4
-5
-4
-6
-7
-8
-8
-8
-8
-5
-6
-6
-6
-4
-5
-6
-6
-7
-7
-7
-4
-1
0
-1
-1
-1
-3
-5
-4
-1
0
-2
-5
-6
-6
-6
-6
-6
-6
-7
-5
-4
-4
-4
-3
-3
-1
-1
-4
-2
0
3
4
6
5
4
3
4
4
6
3
2
3
7
8
8
9
9
5
2
-1
-2
-1
-1
0
3
3
3
1
-1
0
-1
-1
-2
0
0
0
-1
0
0
-1
1
2
-1
-1
1
2
3
4
5
3
2
0
-1
-3
-3
-2
0
3
-1
-3
0
2
3
2
4
2
1
-1
1
3
6
8
7
6
6
3
2
-1
-3
-1
1
2
1
2
2
2
-2
-3
-1
-2
-3
-3
-2
0
-1
-2
1
2
0
1
0
1
2
4
5
5
3
3
4
5
0
0
0
0
-1
0
-1
-2
-4
-6
-7
-3
-3
-5
-6
-6
-3
-4
-4
-3
-5
-4
-5
-4
-1
0
-1
0
0
-1
0
1
2
1
-1
0
-1
-3
-1
0
-1
-5
-5
-6
-7
-6
-7
-8
-10
-10
-10
-9
-5
-1
0
-1
-3
-3
-1
1
4
4
5
5
6
8
7
6
4
6
7
7
9
8
3
0
-3
-4
-5
-3
0
0
2
7
10
10
6
4
4
2
3
4
5
4
1
-1
-1
-3
-2
0
2
4
3
2
-2
-4
-3
-4
-9
-12
-11
-7
-5
0
0
-3
-5
-5
-4
-6
-3
0
6
8
9
11
7
4
3
4
4
2
2
3
0
-4
-4
-1
1
5
7
6
7
8
6
5
5
1
-4
-8
-8
-5
0
3
5
3
0
-6
-13
-14
-15
-12
-10
-7
-6
-8
-9
-8
-5
-5
0
4
9
11
9
10
12
15
11
7
6
8
10
16
23
27
26
26
27
22
17
16
17
19
24
25
26
25
20
16
15
10
6
0
-2
-6
-9
-12
-15
-18
-21
-27
-31
-35
-39
-39
-35
-32
-34
-36
-40
-44
-46
-46
-46
-43
-40
-37
-39
-41
-40
-41
-43
-49
-54
-59
-62
-61
-57
-51
-50
-53
-56
-58
-61
-60
-59
-56
-48
-36
-27
-20
-12
-6
-5
2
13
29
48
68
86
102
112
124
135
140
142
143
145
151
159
167
176
177
169
157
146
138
136
137
135
129
122
114
101
89
80
72
60
51
43
34
28
19
11
1
-14
-30
-47
-66
-83
-94
-104
-113
-127
-144
-163
-182
-204
-222
-240
-253
-266
-279
-287
-286
-281
-270
-255
-243
-238
-238
-242
-244
-240
-228
-210
-186
-169
-157
-143
-133
-128
-119
-104
-89
-70
-54
-39
-23
-6
10
26
41
59
85
127
189
262
332
389
419
427
431
433
445
482
528
566
592
603
607
597
583
558
514
462
414
375
349
332
296
230
143
57
-17
-59
-64
-51
-43
-47
-69
-114
-165
-204
-234
-258
-271
-273
-269
-255
-244
-253
-288
-345
-409
-466
-501
-515
-515
-510
-516
-535
-568
-609
-646
-664
-662
-640
-603
-555
-505
-461
-424
-402
-392
-379
-352
-307
-242
-165
-95
-46
-18
-3
-2
1
20
56
94
137
184
225
266
301
329
341
348
368
410
478
566
660
746
793
797
771
748
753
790
839
875
885
870
848
830
807
759
681
591
497
417
362
319
270
193
86
-39
-163
-250
-289
-285
-261
-247
-257
-291
-337
-373
-400
-420
-430
-432
-417
-390
-360
-335
-334
-363
-416
-481
-542
-581
-589
-579
-567
-575
-609
-659
-710
-741
-749
-735
-707
-665
-617
-567
-524
-490
-467
-447
-423
-388
-334
-261
-179
-94
-30
2
13
17
29
62
114
173
225
266
297
316
328
336
339
336
328
325
337
366
404
440
462
471
476
489
522
579
646
695
710
692
668
662
677
711
744
753
737
715
695
681
654
604
526
427
325
234
156
96
32
-44
-133
-217
-282
-321
-328
-325
-327
-340
-358
-373
-380
-378
-371
-362
-351
-331
-303
-282
-277
-285
-308
-337
-371
-407
-440
-465
-479
-492
-507
-529
-565
-603
-632
-646
-650
-644
-628
-605
-582
-558
-534
-511
-482
-437
-377
-309
-232
-149
-68
0
47
79
97
115
148
201
253
295
325
332
319
288
248
209
181
165
150
138
128
114
94
69
43
24
26
69
158
273
398
525
625
672
679
680
698
743
823
915
980
1017
1029
1019
987
935
855
747
641
565
497
429
352
241
91
-70
-208
-315
-379
-384
-347
-308
-283
-282
-312
-364
-424
-476
-511
-514
-473
-405
-342
-308
-310
-345
-405
-471
-524
-564
-587
-593
-591
-600
-633
-696
-779
-858
-906
-925
-914
-863
-792
-717
-662
-629
-620
-621
-604
-548
-456
-335
-193
-48
70
143
174
173
159
158
185
232
287
343
382
401
387
341
273
202
150
131
143
180
218
233
216
177
126
85
94
177
323
509
704
874
990
1032
1020
993
976
985
1027
1092
1161
1213
1247
1245
1187
1071
918
762
632
545
483
416
319
171
-21
-228
-419
-561
-643
-653
-606
-532
-464
-425
-434
-486
-571
-661
-720
-722
-652
-529
-399
-307
-275
-300
-376
-473
-563
-630
-665
-661
-629
-608
-617
-660
-737
-831
-915
-958
-953
-895
-798
-689
-601
-552
-544
-562
-578
-561
-502
-387
-224
-49
94
175
198
178
143
117
121
158
219
301
387
446
450
395
300
192
106
70
80
125
183
230
243
204
133
60
32
75
201
397
618
817
950
984
950
890
843
838
883
961
1045
1125
1208
1267
1251
1132
939
733
568
487
474
466
419
295
111
-102
-313
-482
-601
-641
-595
-506
-410
-349
-346
-403
-503
-610
-687
-699
-623
-472
-297
-147
-61
-64
-151
-288
-424
-523
-574
-569
-520
-460
-433
-473
-564
-690
-822
-925
-968
-931
-841
-729
-620
-542
-513
-539
-591
-626
-608
-515
-358
-153
50
199
265
247
185
119
78
89
151
259
369
440
449
388
270
114
-35
-142
-186
-151
-74
-5
19
-23
-119
-239
-330
-334
-238
-42
221
531
805
950
942
880
837
855
948
1098
1265
1411
1537
1642
1690
1616
1423
1157
916
775
748
760
758
688
508
240
-78
-373
-598
-712
-693
-589
-469
-379
-363
-416
-530
-659
-766
-827
-796
-663
-458
-257
-119
-72
-108
-219
-377
-513
-583
-581
-513
-430
-372
-388
-493
-654
-823
-955
-1046
-1070
-1015
-907
-792
-725
-716
-751
-823
-888
-915
-872
-755
-576
-354
-143
12
71
38
-38
-96
-79
14
155
294
399
457
449
395
300
172
50
-41
-59
-5
85
159
170
122
35
-63
-133
-134
-33
173
448
745
1022
1208
1231
1150
1079
1078
1157
1295
1458
1619
1750
1829
1841
1769
1594
1337
1061
851
772
759
745
694
541
271
-81
-425
-684
-833
-849
-779
-674
-578
-530
-545
-633
-773
-922
-1029
-1033
-909
-681
-419
-210
-101
-95
-157
-280
-445
-593
-665
-642
-575
-502
-464
-506
-634
-827
-1000
-1100
-1134
-1095
-981
-835
-733
-710
-728
-764
-812
-843
-814
-710
-546
-307
-33
185
286
281
227
166
139
171
240
313
382
448
472
417
298
137
-13
-100
-129
-119
-78
-35
-33
-72
-119
-173
-226
-273
-230
-26
260
538
802
1040
1163
1138
1064
1053
1108
1189
1314
1492
1633
1712
1740
1705
1581
1365
1092
832
664
586
547
513
430
239
-42
-323
-560
-771
-900
-874
-747
-620
-515
-440
-451
-562
-681
-739
-757
-735
-625
-419
-180
5
107
145
99
-51
-253
-402
-464
-469
-430
-346
-301
-394
-577
-731
-827
-914
-978
-969
-900
-831
-751
-640
-568
-603
-677
-696
-657
-609
-512
-311
-76
88
175
223
217
165
128
155
205
234
246
262
260
209
86
-67
-197
-312
-416
-457
-417
-387
-401
-404
-369
-386
-444
-359
-81
194
430
719
970
1035
1015
1048
1118
1160
1218
1372
1565
1712
1821
1897
1874
1724
1453
1132
889
757
669
603
568
479
256
-20
-250
-463
-668
-777
-736
-636
-544
-433
-326
-306
-385
-461
-496
-538
-545
-419
-199
-2
142
252
291
207
24
-157
-302
-427
-489
-462
-426
-461
-567
-692
-811
-940
-1076
-1161
-1128
-1000
-830
-668
-529
-452
-505
-671
-790
-794
-742
-663
-526
-306
-97
22
38
-49
-200
-289
-287
-282
-265
-169
-46
-41
-163
-294
-413
-592
-780
-815
-668
-519
-452
-399
-350
-372
-429
-247
289
891
1355
1807
2220
2318
2058
1778
1666
1519
1329
1380
1766
2171
2309
2243
2005
1447
624
-112
-515
-671
-673
-461
-142
-8
-206
-535
-822
-1095
-1245
-1016
-414
262
820
1293
1582
1450
971
488
172
-50
-115
126
510
713
656
454
93
-485
-1080
-1412
-1472
-1398
-1268
-1115
-1054
-1190
-1446
-1697
-1848
-1817
-1524
-1022
-493
-13
369
535
420
148
-60
-182
-231
-84
230
460
407
157
-123
-497
-931
-1221
-1299
-1287
-1260
-1147
-1014
-1054
-1255
-1456
-1521
-1454
-1255
-868
-372
-1
220
339
368
360
413
856
1778
2752
3511
4072
4345
3923
2751
1521
672
95
-287
-238
244
676
719
427
-116
-926
-1814
-2472
-2610
-2097
-1096
-10
868
1455
1655
1394
925
713
908
1417
2104
2817
3273
3169
2459
1349
34
-1149
-1924
-2229
-2129
-1828
-1505
-1400
-1641
-2073
-2519
-2799
-2728
-2112
-866
674
1935
2552
2507
1931
1003
55
-515
-536
-162
394
916
1115
816
66
-952
-2006
-2791
-2956
-2519
-1739
-785
69
451
172
-439
-955
-1253
-1216
-666
216
1028
1475
1455
969
76
-863
-1574
-1959
-1934
-1602
-1212
-840
-656
-824
-1477
-2102
-2358
-2208
-1270
640
2907
4477
5329
5760
5222
3393
1459
464
166
8
279
1171
1855
1829
1107
-145
-1608
-2888
-3746
-3931
-3114
-1356
339
1383
2082
2373
1865
831
358
783
1600
2577
3597
4111
3736
2639
1114
-630
-2067
-2781
-2911
-2652
-2043
-1344
-1134
-1485
-2052
-2615
-3013
-2828
-1787
-8
2016
3691
4406
3874
2594
979
-623
-1727
-1891
-1169
-272
401
859
822
73
-1172
-2396
-3065
-3109
-2461
-1220
272
1580
2011
1419
332
-674
-1362
-1623
-1184
-131
845
1210
1005
303
-821
-2106
-3167
-3682
-3556
-2908
-1999
-1224
-795
-813
-1214
-1639
-1742
-1280
19
2192
4608
6564
7619
7559
6003
3111
533
-973
-1677
-1768
-1133
177
1013
931
276
-876
-2241
-3581
-4550
-4466
-3097
-715
1637
3373
4565
4656
3440
1864
937
853
1283
2133
3249
3751
3320
2089
177
-1822
-3394
-4238
-4403
-3904
-2651
-1340
-541
-254
-520
-1249
-2050
-2148
-1289
382
2511
4312
5047
4577
3268
1245
-952
-2422
-2834
-2514
-1711
-543
440
774
379
-634
-2037
-3228
-3554
-3080
-1928
-119
1656
2578
2396
1624
523
-753
-1562
-1586
-948
-66
748
1063
713
-133
-1320
-2665
-3691
-3921
-3574
-2869
-1712
-467
307
189
-243
-694
-979
-347
1291
3659
5899
7541
8046
6607
3709
774
-1521
-3044
-3650
-3090
-1618
-144
981
1384
829
-477
-2291
-4220
-5228
-4506
-2040
917
3668
5879
6551
5445
3179
1101
-211
-757
-360
678
1861
2683
2573
1492
-350
-2454
-4320
-5492
-5386
-3988
-1971
31
1487
2035
1545
283
-859
-1282
-686
694
2297
3679
4363
4004
2511
350
-1698
-3152
-3833
-3624
-2513
-815
723
1458
1141
41
-1348
-2628
-3282
-2829
-1350
445
1818
2543
2644
1937
521
-1000
-1987
-2216
-1848
-1015
95
982
1216
442
-1000
-2445
-3464
-3895
-3697
-2565
-869
475
1037
1027
802
560
635
1570
3485
5542
6554
5759
3814
1798
-307
-2383
-3783
-3900
-2922
-1560
73
1735
2798
2494
521
-2218
-4316
-4804
-3742
-1424
1781
4748
6181
5754
4189
2141
7
-1763
-2590
-2296
-1219
177
1357
1974
1676
319
-1769
-3873
-4959
-4623
-3126
-1015
1184
2861
3274
2398
992
24
-214
58
613
1414
2202
2469
1970
917
-260
-1529
-2805
-3535
-3153
-1734
-43
1255
1903
1689
642
-835
-1971
-2272
-1813
-919
103
1081
1759
1877
1398
598
-360
-1333
-2102
-2294
-1765
-899
-79
290
96
-714
-1917
-2983
-3525
-3262
-2374
-1138
-7
820
1570
2427
3408
4544
5799
6376
5453
3327
1311
-102
-1256
-2075
-2385
-2179
-1769
-1261
-430
474
959
290
-1560
-3497
-4409
-3944
-2490
-186
2467
4450
4928
4179
3060
1864
578
-694
-1442
-1517
-1119
-421
468
1276
1427
538
-1187
-2997
-4110
-4184
-3286
-1723
67
1441
1977
1822
1482
1417
1466
1428
1345
1352
1371
1214
949
658
253
-436
-1246
-1822
-1815
-1299
-626
-39
242
140
-357
-927
-1105
-861
-439
-102
199
597
1004
1279
1279
962
293
-624
-1473
-1908
-1771
-1256
-770
-539
-656
-1140
-1934
-2701
-3058
-2972
-2539
-1859
-827
550
2337
4417
6469
7882
7757
5904
3036
492
-1264
-2367
-2710
-2323
-1454
-681
-83
543
946
601
-893
-2972
-4635
-5047
-4042
-1997
663
3122
4599
4662
3770
2644
1545
467
-504
-1060
-1258
-1245
-960
-311
431
679
202
-865
-2107
-3067
-3422
-3005
-2060
-892
-15
413
663
1037
1616
2002
2129
2014
1619
917
150
-195
-151
-39
-160
-464
-681
-760
-691
-536
-338
-345
-656
-1021
-1083
-612
99
727
980
939
895
870
848
787
730
513
-23
-536
-844
-1041
-1159
-1094
-888
-858
-1235
-1685
-2000
-2332
-2541
-2495
-1904
-996
113
1757
3859
6382
8435
8764
7137
4153
1237
-1127
-2903
-3612
-3108
-1824
-595
364
1212
1736
1229
-490
-2930
-5039
-5836
-5109
-3005
-230
2468
4339
4824
4180
2933
1659
456
-627
-1349
-1713
-1699
-1483
-961
-344
13
-11
-581
-1423
-2319
-2836
-2712
-2276
-1706
-1212
-806
-422
76
874
1732
2355
2427
1940
928
-230
-1001
-1220
-927
-549
-112
245
426
513
473
326
-210
-953
-1513
-1612
-1122
-273
778
1491
1665
1475
1193
942
546
213
-2
-24
-6
-90
-210
-379
-365
-405
-530
-770
-991
-1042
-1397
-1721
-1983
-1848
-1340
-607
930
3046
5600
7895
8956
8234
5668
2471
-444
-2834
-4353
-4519
-3385
-1576
258
1738
2744
2537
1041
-1572
-4432
-6097
-6132
-4452
-1932
833
3392
4755
4749
3621
2113
556
-1030
-2259
-2899
-2819
-2319
-1496
-585
118
415
20
-861
-1943
-2673
-2850
-2692
-2237
-1643
-1069
-618
-123
689
1707
2322
2294
1781
850
-257
-1169
-1405
-1024
-456
165
680
1126
1378
1241
798
-3
-957
-1654
-1857
-1387
-356
833
1672
1855
1597
1263
859
337
-115
-231
-8
217
398
554
570
480
215
-139
-534
-972
-1203
-1257
-1352
-1404
-1258
-834
-441
262
1824
4048
6520
8208
8209
6360
3449
544
-2027
-4003
-4741
-4074
-2565
-911
715
2298
3097
2388
178
-2760
-5125
-6219
-5777
-3922
-1175
1748
3797
4491
3977
2800
1412
-254
-1891
-2941
-3248
-3012
-2415
-1342
9
1024
1229
548
-613
-1788
-2638
-3002
-2890
-2358
-1732
-1257
-795
-40
1009
1804
2022
1708
998
-34
-1100
-1616
-1448
-900
-218
538
1244
1711
1823
1562
904
-118
-1105
-1684
-1634
-941
86
1058
1598
1683
1535
1166
526
-228
-702
-742
-519
-141
346
850
1138
1086
767
298
-303
-885
-1379
-1728
-1616
-1145
-483
96
916
2370
4213
6301
7787
7800
6114
3311
603
-1671
-3416
-4109
-3671
-2472
-1062
287
1720
2661
2354
685
-1996
-4410
-5667
-5498
-3891
-1486
1197
3335
4209
3966
3116
2062
644
-1088
-2473
-3129
-3240
-2914
-2030
-742
522
1072
645
-460
-1742
-2632
-3136
-3299
-3000
-2396
-1666
-788
275
1277
1716
1413
626
-348
-1146
-1664
-1787
-1265
-309
682
1445
1919
2089
1761
958
-99
-1067
-1579
-1534
-962
-107
783
1402
1446
1115
731
359
-88
-568
-929
-1023
-775
-273
285
752
1103
1210
983
522
-30
-435
-668
-925
-1001
-876
-498
474
2406
5258
7881
9116
8503
6143
3003
-81
-2808
-4644
-5291
-4645
-2963
-950
1257
3317
4306
3576
1034
-2235
-4896
-6227
-5855
-4020
-1169
1823
3902
4835
4780
3986
2599
586
-1640
-3288
-4019
-3973
-3341
-2191
-697
443
721
193
-845
-1900
-2746
-3288
-3329
-2892
-2215
-1461
-500
737
1641
1682
1012
-1
-974
-1717
-2114
-2015
-1349
-247
782
1423
1779
1815
1446
642
-336
-1055
-1381
-1310
-885
-218
469
857
863
742
625
456
193
-144
-495
-837
-974
-733
-197
455
948
1083
952
713
396
8
-465
-760
-668
-379
389
2159
5095
8241
9849
9257
6829
3506
175
-2799
-4866
-5561
-4904
-3271
-1178
1150
3488
4821
4224
1769
-1466
-4085
-5491
-5379
-3683
-880
2039
3903
4521
4414
3829
2645
859
-1197
-2974
-4099
-4442
-3901
-2629
-1051
142
371
-231
-1221
-2176
-2885
-3306
-3229
-2701
-2029
-1188
-31
1266
2016
1709
577
-894
-2202
-3036
-3224
-2610
-1390
-77
911
1426
1567
1325
586
-402
-1215
-1515
-1317
-824
-132
598
1092
1062
572
21
-337
-425
-203
194
521
569
200
-393
-747
-726
-477
-176
178
461
406
249
163
134
50
-3
509
1999
4572
7608
9612
9538
7483
4368
1048
-2129
-4412
-5133
-4518
-3143
-1408
788
3130
4477
4131
2158
-630
-3125
-4577
-4466
-2865
-284
2413
4171
4678
4289
3362
1974
173
-1562
-2743
-3385
-3587
-3208
-2187
-966
-245
-255
-796
-1639
-2494
-3097
-3291
-3021
-2357
-1552
-662
410
1508
2072
1620
412
-970
-2108
-3014
-3630
-3451
-2434
-1206
-269
390
879
937
405
-370
-952
-1123
-928
-490
40
531
859
876
701
589
512
302
45
-135
-277
-510
-860
-1150
-1196
-1025
-803
-630
-454
-234
40
256
290
351
521
772
1605
3604
6542
9055
9761
8498
5840
2601
-535
-3042
-4322
-4351
-3413
-1857
-89
1831
3406
3729
2511
178
-2179
-3650
-3901
-2736
-443
2244
4245
4871
4557
3727
2443
892
-657
-1812
-2470
-2738
-2602
-2066
-1146
-279
-147
-841
-1916
-2908
-3603
-3902
-3586
-2643
-1574
-868
-323
506
1464
1911
1553
583
-706
-2013
-3072
-3603
-3470
-2810
-1988
-1348
-921
-541
-266
-300
-525
-568
-311
60
434
751
960
915
603
356
346
411
398
344
254
2
-487
-1146
-1820
-2169
-1960
-1417
-810
-269
117
232
40
-269
-359
-152
390
1763
4328
7578
10114
10827
9571
6634
2811
-1015
-3996
-5364
-5109
-3615
-1471
738
2784
3992
3506
1385
-1501
-3886
-5005
-4566
-2436
772
4046
6281
6838
6104
4556
2488
324
-1489
-2462
-2588
-2228
-1670
-1019
-280
110
-377
-1563
-2912
-4052
-4726
-4712
-3883
-2414
-855
262
943
1482
1853
1710
952
-159
-1266
-2167
-2802
-3004
-2676
-2005
-1413
-1191
-1215
-1274
-1343
-1452
-1483
-1206
-586
210
948
1295
1269
1053
615
152
-102
-146
-50
160
440
558
276
-383
-1281
-2121
-2521
-2376
-1723
-872
-307
-52
-6
-198
-391
-319
109
1179
3222
6303
9272
10579
9858
7395
3996
315
-3028
-4929
-5174
-4120
-2206
-96
1995
3499
3494
1790
-1161
-3974
-5442
-5227
-3185
145
3878
6770
7734
7095
5487
3255
806
-1371
-2648
-2877
-2383
-1545
-685
111
532
85
-1201
-2786
-4082
-4776
-4806
-4051
-2526
-803
443
1159
1713
2184
2183
1487
408
-738
-1739
-2468
-2827
-2698
-2222
-1689
-1365
-1261
-1089
-849
-719
-683
-607
-387
-154
79
328
496
531
345
109
36
-16
-86
-114
-95
-131
-329
-607
-1012
-1414
-1551
-1462
-1211
-880
-713
-849
-1248
-1694
-1948
-1778
-1023
381
2667
5825
9116
11200
10993
8463
4707
877
-2415
-4602
-5224
-4258
-2266
-110
1783
3216
3536
2158
-676
-3818
-5880
-6029
-4164
-852
3057
6521
8299
8004
6272
3967
1652
-458
-1999
-2547
-2160
-1320
-475
174
473
78
-1158
-2863
-4393
-5150
-4903
-3790
-2119
-386
807
1169
1096
1136
1198
903
325
-163
-546
-977
-1302
-1366
-1330
-1517
-1975
-2353
-2323
-1866
-1154
-308
551
1110
1055
447
-370
-982
-1199
-1120
-840
-389
196
648
772
667
355
-222
-941
-1446
-1461
-1081
-526
15
330
128
-738
-2006
-3134
-3720
-3689
-3008
-1754
13
2594
6016
9570
11839
11601
8806
4527
432
-2501
-4185
-4504
-3542
-1774
43
1323
2268
2576
1518
-920
-3885
-5787
-5691
-3679
-224
3707
7053
8594
7794
5580
3111
1204
-121
-977
-1122
-729
-195
52
-151
-607
-1511
-2925
-4433
-5452
-5384
-4179
-2238
-162
1392
1978
1489
534
-104
-359
-435
-363
-76
214
200
-112
-557
-1071
-1753
-2574
-3164
-3132
-2376
-1157
211
1466
2131
1884
799
-532
-1485
-1877
-1778
-1435
-863
-112
518
843
811
482
-133
-943
-1491
-1426
-766
157
805
954
416
-628
-2009
-3193
-3837
-3899
-3348
-2244
-525
2106
5503
8834
11032
11098
8861
4840
910
-1871
-3400
-3716
-2985
-1422
306
1449
2032
1917
724
-1392
-3976
-5669
-5550
-3395
102
3742
6654
7907
7005
4655
2173
662
207
245
562
965
1138
658
-447
-1864
-3373
-4792
-5882
-6257
-5500
-3586
-1136
962
2131
2125
1096
-255
-1112
-1109
-532
294
1052
1394
1206
466
-686
-1875
-2829
-3379
-3411
-2746
-1514
-115
1189
2115
2348
1645
187
-1274
-2122
-2175
-1559
-783
-161
255
382
272
61
-170
-393
-561
-378
212
867
1223
1005
369
-720
-2202
-3515
-4168
-4008
-3174
-1932
-384
1159
2945
5124
7407
9099
9097
6982
3605
651
-1030
-1888
-2238
-1656
-439
760
1115
957
660
-218
-1880
-4071
-5373
-4723
-2418
720
3856
6257
7034
5518
2877
820
295
819
1458
2107
2477
2163
733
-1466
-3552
-5187
-6249
-6622
-6029
-4316
-2032
51
1372
1803
1236
-281
-1735
-1976
-952
526
1817
2682
2791
1926
345
-1421
-2761
-3331
-3310
-2814
-1734
-262
1014
1610
1653
1248
327
-1047
-2217
-2415
-1627
-550
166
397
415
282
-36
-203
-25
382
723
1007
1328
1479
1169
248
-1056
-2285
-3193
-3724
-3733
-3175
-2214
-1192
-263
545
1577
3211
5321
7545
8794
8073
5327
2184
-1
-1288
-2023
-1899
-896
407
1126
998
593
-315
-1712
-3713
-5396
-5291
-3221
-63
3024
5394
6459
5360
2768
549
-69
950
2341
3403
3775
3150
1400
-1249
-3932
-5939
-7002
-7008
-6032
-4173
-1829
205
1261
1216
302
-1277
-2764
-2970
-1460
885
2955
4172
4151
2787
584
-1641
-3153
-3637
-3163
-2183
-965
429
1522
1892
1444
416
-851
-2174
-3131
-3056
-1883
-217
1010
1290
1034
563
111
-80
205
854
1379
1769
2012
1868
1216
23
-1570
-3012
-3951
-4189
-3732
-2722
-1434
-364
227
534
760
1473
2881
4947
7294
8388
7235
4432
1792
246
-677
-1278
-1070
-376
368
486
87
-319
-1124
-2385
-4141
-5214
-4264
-1778
997
3287
4717
4955
3515
1444
429
1044
2732
3996
4216
3407
1660
-816
-3581
-5851
-6945
-6799
-5793
-4294
-2529
-774
330
288
-598
-1835
-2879
-3060
-1912
560
3193
4825
4986
3704
1484
-916
-2573
-3069
-2602
-1554
-397
460
1040
1164
721
-192
-1390
-2386
-2926
-2924
-2068
-597
735
1205
843
371
211
564
1300
2127
2659
2674
2285
1663
609
-713
-1864
-2755
-3290
-3360
-2909
-2125
-1424
-1022
-937
-969
-575
10
1100
2830
5376
7916
8617
6948
4045
1768
437
-340
-684
-71
761
1088
521
-461
-1048
-1825
-3014
-4327
-4732
-3507
-1459
424
1998
2988
3120
2163
1180
1456
2733
4130
4706
4126
2526
185
-2473
-4642
-5817
-5761
-4791
-3590
-2345
-1410
-1017
-1260
-2117
-3011
-3617
-3576
-2487
-493
1983
3991
4662
3963
2277
224
-1446
-2033
-1357
-96
925
1386
1209
655
-112
-1075
-1842
-2361
-2604
-2661
-2429
-1603
-496
239
311
177
353
940
1851
2881
3561
3472
2617
1394
231
-784
-1603
-1871
-1733
-1383
-1149
-1334
-1864
-2555
-3073
-3372
-3131
-1893
-73
1826
3812
5996
8018
8598
7020
4048
1532
393
266
428
968
1860
2038
1018
-759
-1948
-2577
-3333
-4129
-4371
-3493
-1901
-554
479
1375
1857
1682
1257
1803
3222
4404
4579
3779
2217
88
-2251
-4000
-4618
-4201
-3123
-2041
-1368
-1290
-1892
-2964
-4077
-4545
-4075
-3117
-1750
5
1780
3021
3305
2831
1905
760
-203
-562
71
1355
2420
2539
1604
265
-1013
-2182
-2991
-3135
-2868
-2705
-2707
-2368
-1461
-369
470
1048
1590
2200
2660
2990
3080
2740
2049
1171
450
-131
-562
-860
-1010
-1088
-1278
-1740
-2462
-3285
-3855
-3855
-3280
-2151
-529
896
1929
3157
4957
7100
8239
7579
5192
2547
911
306
522
1328
2380
2484
1177
-818
-2153
-2902
-3786
-4657
-4922
-4252
-2985
-1448
384
2150
2972
2359
1083
612
1142
2132
3085
3758
3677
2397
206
-1933
-3121
-3246
-2747
-2137
-1863
-2062
-2810
-3821
-4544
-4545
-3856
-2974
-2081
-1140
-49
1161
2189
2725
2719
2289
1623
1109
1254
2180
3159
3095
1810
-49
-1800
-3194
-4010
-3995
-3507
-3030
-2715
-2239
-1220
138
1304
1901
2055
2113
2074
1870
1613
1604
1775
1774
1429
774
193
-246
-702
-1311
-1990
-2598
-3159
-3460
-3095
-2314
-1571
-1126
-912
-602
-332
486
2296
5185
7999
8741
6844
3835
1979
1483
1605
2020
2764
2988
1711
-412
-2104
-2769
-3137
-3947
-4756
-4802
-3777
-2134
-499
1057
1859
1206
-404
-1373
-434
1830
4053
5317
5292
4001
1779
-571
-2136
-2421
-1818
-1267
-1415
-2173
-2932
-3555
-4043
-4278
-4158
-3801
-3466
-3075
-2317
-1152
322
1767
2744
3244
3258
2898
2567
2583
2845
2502
1233
-471
-2063
-2957
-3029
-2374
-1503
-1142
-1345
-1844
-2015
-1436
-314
730
1202
1244
1020
801
804
1125
1677
2061
1984
1423
783
404
173
-107
-610
-1257
-1791
-2179
-2319
-2318
-2114
-1816
-1820
-2167
-2271
-1713
-726
947
3627
6800
8549
7699
5151
2991
2526
2997
3355
3385
3117
2012
-212
-2440
-3049
-2418
-2360
-3379
-4354
-4447
-3901
-3156
-2123
-955
-360
-554
-812
52
2100
4039
4808
4351
3365
2353
1384
740
603
662
413
-352
-1532
-2787
-3775
-4340
-4670
-4912
-4896
-4652
-4325
-3724
-2648
-1206
352
1879
3277
4000
3767
2956
2148
1769
1737
1692
1450
1074
702
324
-9
-148
-475
-1359
-2473
-3109
-3090
-2627
-1845
-895
-203
-18
-145
-316
-206
304
1108
1880
2376
2581
2576
2384
1998
1371
449
-597
-1565
-2349
-2896
-3132
-3084
-2909
-2613
-2100
-1650
-1451
-1342
-546
1338
3981
6434
7520
6825
5211
4027
3606
3457
3260
3014
2392
1137
-435
-1613
-2168
-2583
-3461
-4732
-5714
-5783
-4858
-3268
-1333
77
176
-697
-1195
-491
1054
2791
4346
5322
5458
4808
3648
2331
1170
409
-206
-1003
-2078
-3164
-4020
-4588
-4936
-5187
-5265
-4967
-4299
-3344
-2246
-1109
-45
881
1748
2341
2548
2633
3077
3916
4515
4449
3800
2766
1529
365
-417
-925
-1493
-2122
-2644
-3074
-3541
-3792
-3444
-2567
-1579
-879
-497
-247
175
983
2065
3137
3741
3652
2963
1979
964
-30
-763
-1052
-1065
-1240
-1704
-2187
-2627
-3010
-3262
-3239
-2941
-2254
-1013
816
2766
4539
5784
5946
4917
3670
3406
3787
3844
3387
2862
2234
1097
-492
-1802
-2321
-2322
-2590
-3366
-4024
-4130
-3968
-3747
-3079
-2072
-1390
-1046
-316
1002
2436
3677
4558
4726
4218
3546
2885
2098
1398
1064
677
-266
-1616
-2780
-3538
-3926
-4109
-4369
-4687
-4789
-4574
-4100
-3278
-1976
-537
699
1886
2960
3475
3416
3380
3561
3533
3271
3049
2759
2136
1287
442
-528
-1632
-2628
-3365
-3816
-3768
-3040
-1983
-1085
-579
-560
-905
-1142
-804
126
1342
2427
2836
2293
1250
474
205
237
349
384
80
-624
-1431
-2080
-2495
-2581
-2280
-1834
-1503
-1255
-859
-289
639
2072
3629
4283
3631
2529
2179
2690
3175
3183
2994
2797
2167
944
-218
-640
-749
-1363
-2452
-3237
-3437
-3300
-2757
-1786
-1023
-1232
-2057
-2376
-1574
123
2061
3512
4037
3723
3017
2207
1477
1165
1341
1577
1374
572
-585
-1645
-2303
-2600
-2809
-3062
-3330
-3542
-3499
-2976
-2163
-1459
-900
-238
439
829
1079
1585
2233
2617
2654
2542
2328
1930
1477
1044
606
191
-46
-117
-146
-241
-499
-986
-1555
-1902
-1920
-1707
-1414
-1128
-957
-889
-821
-765
-786
-783
-611
-228
282
783
1100
1113
902
612
313
72
-83
-205
-308
-458
-764
-1274
-1670
-1552
-980
-253
738
1936
2523
1870
932
1035
1917
2416
2369
2481
2688
2218
1067
261
340
678
424
-332
-972
-1421
-2005
-2509
-2389
-1899
-1711
-1745
-1409
-741
-193
198
583
841
1028
1402
1849
2037
2073
2234
2300
1875
1109
492
194
51
-115
-435
-1041
-1886
-2665
-3008
-2923
-2840
-2976
-2987
-2565
-2111
-1976
-1685
-704
586
1472
1956
2404
2710
2664
2507
2547
2669
2567
2217
1802
1468
1157
583
-389
-1471
-2245
-2683
-3001
-3249
-3369
-3334
-3127
-2766
-2307
-1748
-1001
-239
258
488
762
1192
1628
2009
2257
2170
1546
578
-250
-623
-613
-574
-735
-916
-892
-738
-568
-152
488
753
400
199
820
1769
2286
2443
2612
2591
2033
1293
1127
1571
1951
1653
800
-169
-1084
-1870
-2233
-2022
-1693
-1704
-1905
-1961
-1828
-1478
-804
41
743
1302
1740
1839
1693
1880
2587
3180
3139
2671
2134
1521
756
-33
-787
-1590
-2484
-3367
-4049
-4443
-4571
-4390
-3748
-2801
-2098
-1831
-1440
-472
743
1661
2252
2776
3251
3550
3596
3412
3079
2709
2266
1646
957
340
-252
-897
-1455
-1842
-2242
-2802
-3390
-3769
-3809
-3478
-2832
-2016
-1139
-328
172
247
137
243
705
1314
1745
1741
1367
910
564
306
127
15
-241
-800
-1387
-1606
-1470
-1132
-435
524
988
572
143
670
1791
2519
2706
2784
2716
2181
1395
986
1118
1321
1123
553
-119
-803
-1494
-1947
-1978
-1919
-2129
-2381
-2243
-1708
-904
131
1137
1744
2017
2247
2356
2270
2370
2808
3042
2625
1787
920
144
-473
-845
-1137
-1656
-2501
-3430
-4036
-4080
-3763
-3387
-2890
-2167
-1505
-1120
-665
190
1143
1796
2165
2335
2320
2351
2674
3032
3011
2677
2280
1795
1113
331
-487
-1370
-2123
-2486
-2490
-2377
-2335
-2384
-2425
-2332
-2087
-1799
-1437
-919
-391
-87
67
266
486
698
997
1252
1118
635
260
174
65
-247
-586
-871
-1208
-1477
-1454
-1143
-690
104
1223
1847
1317
425
562
1675
2409
2287
2052
2053
1765
1032
626
912
1214
849
88
-488
-896
-1299
-1329
-734
-133
-241
-784
-1061
-928
-496
309
1258
1748
1683
1550
1495
1293
1082
1248
1627
1694
1253
481
-349
-956
-1141
-1026
-989
-1313
-1957
-2549
-2777
-2740
-2660
-2369
-1676
-975
-742
-671
-163
665
1287
1644
1895
1873
1483
1095
1080
1304
1466
1441
1220
851
416
-75
-573
-915
-1047
-1197
-1531
-1901
-2162
-2251
-2038
-1493
-991
-874
-973
-992
-922
-789
-426
145
610
757
614
288
-81
-328
-352
-190
23
9
-352
-784
-928
-838
-724
-510
-104
274
559
988
1443
1436
1055
1019
1502
1871
1756
1489
1376
1301
1158
1063
1110
1196
1123
798
275
-312
-818
-1025
-766
-289
-79
-217
-383
-413
-346
-52
508
955
1041
1037
1164
1163
899
710
797
884
682
232
-269
-610
-676
-546
-471
-646
-1037
-1458
-1661
-1574
-1373
-1215
-1094
-1040
-1131
-1211
-956
-352
284
727
924
810
487
307
525
966
1269
1228
838
289
-151
-348
-393
-404
-451
-633
-967
-1271
-1366
-1251
-973
-585
-282
-323
-677
-1015
-1075
-877
-609
-439
-414
-478
-561
-605
-524
-315
-134
-117
-198
-238
-241
-216
-88
102
170
136
158
316
583
1144
1882
2124
1515
778
746
1179
1309
1070
873
726
421
138
260
712
1026
912
558
201
-149
-478
-503
-116
263
221
-65
-189
-113
75
389
655
606
384
366
542
650
716
873
966
807
478
127
-179
-283
-110
68
-150
-757
-1345
-1547
-1362
-1037
-803
-680
-643
-748
-943
-958
-620
-174
59
39
-91
-284
-472
-491
-263
107
448
572
416
200
185
289
237
66
12
56
-23
-284
-618
-915
-1045
-951
-778
-732
-845
-1025
-1233
-1398
-1409
-1258
-1028
-787
-535
-332
-223
-186
-144
7
290
587
748
802
808
680
416
323
503
642
543
672
1165
1306
646
59
439
1194
1210
630
311
405
455
417
642
999
1072
790
485
305
130
-51
-49
110
152
-5
-133
-97
57
364
699
736
441
288
547
823
786
677
718
758
666
613
645
508
186
-8
86
115
-260
-813
-1076
-1056
-1128
-1367
-1434
-1270
-1192
-1349
-1461
-1295
-991
-755
-620
-550
-555
-589
-534
-310
69
494
758
696
421
248
280
319
219
83
19
-93
-413
-855
-1139
-1141
-990
-872
-860
-958
-1144
-1262
-1154
-873
-619
-477
-383
-300
-218
-57
216
482
619
624
541
359
185
245
537
723
583
345
240
154
83
457
1189
1420
701
-30
115
636
682
485
640
900
732
431
575
970
1112
971
891
828
529
122
-2
167
288
210
130
179
322
553
746
739
622
746
1110
1249
995
705
581
460
271
190
194
5
-316
-443
-312
-289
-575
-887
-952
-923
-1085
-1356
-1415
-1279
-1276
-1505
-1681
-1605
-1399
-1225
-1068
-922
-866
-866
-753
-426
22
378
453
259
58
68
190
202
91
36
70
21
-236
-594
-828
-846
-769
-720
-686
-671
-750
-855
-802
-573
-373
-259
-100
99
211
229
314
535
778
927
921
755
502
331
325
379
355
306
288
223
74
190
643
896
500
70
283
727
662
370
483
722
537
280
562
1080
1223
1074
1111
1233
1107
884
926
1106
1040
726
497
436
391
368
383
303
90
-5
137
256
214
230
380
430
280
133
109
54
-68
-129
-121
-275
-654
-1029
-1231
-1396
-1652
-1854
-1813
-1680
-1700
-1847
-1894
-1776
-1608
-1439
-1249
-1073
-994
-947
-736
-311
116
325
311
224
112
3
-11
97
178
99
-45
-127
-216
-380
-477
-400
-276
-258
-276
-231
-168
-113
2
140
181
138
161
294
434
540
677
834
929
915
861
776
603
423
372
414
318
79
-99
-176
-331
-405
-112
310
248
-164
-218
206
549
690
1001
1378
1328
966
943
1347
1672
1659
1569
1466
1135
629
372
462
539
373
204
198
159
54
93
267
278
129
99
158
37
-195
-261
-201
-285
-468
-497
-432
-516
-717
-774
-707
-766
-965
-1079
-1104
-1249
-1493
-1524
-1293
-1130
-1248
-1439
-1475
-1424
-1408
-1328
-1120
-996
-1123
-1270
-1093
-665
-318
-179
-119
-92
-112
-53
210
535
697
685
619
497
304
191
293
476
531
472
444
443
380
320
366
444
447
451
561
685
676
604
597
622
584
510
433
300
113
-8
-4
35
38
13
-55
-178
-270
-245
-138
-14
143
269
205
6
-52
110
288
410
595
847
995
1033
1158
1404
1554
1499
1402
1395
1378
1235
1038
869
652
339
86
-4
-51
-176
-358
-539
-711
-857
-902
-860
-817
-844
-901
-923
-880
-776
-608
-397
-271
-306
-414
-472
-494
-548
-613
-663
-728
-848
-1020
-1208
-1399
-1577
-1677
-1622
-1428
-1262
-1228
-1250
-1216
-1123
-986
-753
-463
-265
-178
-78
117
349
546
709
845
932
946
943
983
1028
1003
933
885
836
722
583
489
431
385
397
483
577
608
584
538
483
468
529
625
679
655
551
353
83
-154
-266
-310
-384
-469
-489
-499
-584
-673
-650
-535
-410
-214
103
381
467
472
578
771
956
1117
1203
1117
903
774
869
1087
1212
1122
864
567
317
174
159
164
11
-314
-619
-770
-797
-731
-601
-473
-448
-532
-616
-605
-513
-419
-359
-329
-368
-487
-550
-470
-366
-387
-503
-602
-691
-814
-938
-1022
-1088
-1163
-1202
-1150
-1080
-1090
-1138
-1097
-957
-818
-697
-548
-409
-331
-257
-111
55
145
174
216
304
417
552
705
836
891
861
819
831
889
974
1074
1145
1132
1045
965
913
849
760
664
570
468
370
321
330
342
289
165
12
-136
-247
-280
-217
-123
-98
-180
-303
-372
-350
-264
-151
-34
55
89
77
77
143
292
468
578
584
513
408
314
289
316
302
201
74
31
96
193
235
193
111
16
-84
-146
-161
-209
-340
-466
-531
-576
-619
-626
-608
-607
-621
-622
-608
-583
-536
-468
-407
-399
-453
-487
-420
-310
-258
-269
-298
-349
-424
-471
-479
-498
-554
-619
-672
-705
-716
-693
-635
-564
-521
-500
-451
-348
-192
-1
192
352
470
569
666
773
881
963
1016
1071
1121
1126
1079
1023
973
899
827
783
730
647
562
501
451
390
317
248
197
161
138
135
144
134
90
37
-21
-85
-111
-73
-22
-34
-97
-164
-203
-205
-181
-159
-173
-219
-265
-279
-233
-122
-14
16
-16
-37
-34
-35
-19
8
-15
-123
-260
-338
-325
-261
-212
-207
-222
-241
-272
-286
-269
-257
-291
-327
-328
-311
-276
-218
-166
-134
-119
-126
-164
-214
-238
-225
-182
-127
-100
-98
-90
-90
-116
-147
-157
-154
-160
-184
-242
-322
-394
-449
-476
-459
-419
-381
-327
-244
-156
-85
-32
11
45
82
133
208
311
412
481
537
614
682
702
701
732
779
802
814
824
812
771
718
665
615
564
508
451
404
365
313
255
205
162
116
74
42
20
20
35
27
-6
-38
-50
-61
-81
-103
-129
-154
-191
-239
-302
-378
-463
-542
-589
-606
-623
-652
-692
-726
-756
-784
-790
-755
-675
-573
-475
-386
-319
-289
-285
-254
-190
-139
-117
-111
-109
-97
-67
-18
44
101
151
195
242
287
314
323
320
311
311
321
323
300
269
241
211
184
172
166
131
69
9
-47
-102
-146
-155
-128
-99
-104
-123
-135
-149
-163
-145
-96
-47
-2
62
131
167
185
221
275
327
382
449
504
522
508
497
497
486
457
423
383
323
260
239
250
248
219
188
163
135
107
96
97
93
76
55
25
-26
-84
-135
-167
-196
-239
-289
-356
-449
-545
-610
-645
-669
-678
-663
-634
-611
-589
-557
-515
-466
-421
-370
-313
-277
-265
-255
-248
-255
-256
-243
-230
-202
-128
-24
79
169
220
230
237
272
308
342
376
388
355
319
304
286
274
277
282
286
289
280
265
263
261
238
212
201
182
156
146
126
68
-7
-76
-133
-185
-229
-270
-303
-328
-342
-334
-294
-240
-205
-187
-181
-191
-208
-196
-153
-88
-9
71
130
168
205
266
354
454
541
596
613
602
582
577
594
613
622
622
604
562
502
435
362
280
190
98
15
-56
-121
-175
-219
-251
-277
-303
-330
-356
-381
-404
-423
-442
-463
-493
-531
-571
-610
-642
-656
-657
-652
-640
-625
-608
-594
-589
-583
-569
-539
-498
-455
-412
-377
-353
-338
-329
-317
-294
-257
-208
-151
-90
-24
52
143
239
332
410
477
538
611
689
746
761
735
687
636
604
608
627
625
589
532
466
405
364
334
306
269
223
180
149
124
103
88
78
69
61
58
63
78
106
146
186
220
247
263
265
251
236
226
225
222
194
140
71
-1
-69
-121
-156
-189
-234
-279
-312
-337
-359
-375
-389
-402
-394
-370
-354
-351
-361
-381
-411
-445
-479
-510
-537
-562
-590
-617
-631
-638
-630
-606
-571
-540
-506
-463
-425
-392
-355
-293
-216
-155
-116
-75
-29
14
81
170
233
263
294
347
420
515
603
644
659
664
645
614
607
575
505
463
458
437
408
410
409
391
372
350
317
294
285
276
280
293
266
215
198
190
162
133
120
104
70
30
-14
-68
-125
-182
-225
-252
-289
-345
-393
-413
-421
-433
-438
-436
-438
-437
-418
-376
-335
-305
-278
-238
-196
-163
-129
-80
-21
31
80
130
172
198
217
238
253
253
250
258
264
245
219
203
190
171
153
144
125
102
77
43
-2
-55
-106
-151
-191
-226
-263
-300
-331
-364
-398
-424
-436
-447
-453
-441
-423
-406
-390
-378
-372
-358
-332
-308
-280
-232
-182
-150
-128
-98
-71
-46
-15
15
40
57
67
80
108
138
158
179
220
265
298
327
371
428
485
537
578
597
598
589
589
605
612
594
570
555
538
506
473
451
416
368
329
305
274
219
154
93
40
-7
-37
-40
-36
-40
-54
-62
-56
-52
-60
-76
-92
-119
-153
-175
-190
-214
-247
-283
-309
-330
-348
-355
-358
-369
-389
-408
-422
-444
-475
-507
-529
-546
-563
-567
-555
-538
-530
-520
-499
-473
-446
-418
-393
-374
-368
-364
-352
-339
-339
-355
-363
-349
-314
-270
-224
-166
-91
-12
60
122
182
233
273
332
408
458
478
502
541
591
659
734
793
837
870
879
883
894
872
812
767
735
675
617
589
560
520
474
415
344
292
249
205
174
148
92
21
-15
-48
-111
-173
-212
-249
-288
-320
-357
-404
-447
-489
-521
-533
-544
-565
-584
-586
-592
-610
-620
-610
-594
-585
-565
-523
-470
-415
-354
-293
-245
-211
-182
-146
-94
-47
-22
-3
27
51
67
95
134
156
168
187
201
204
204
203
197
193
186
171
163
170
171
160
153
146
128
117
118
108
73
31
0
-23
-40
-58
-76
-93
-108
-125
-136
-127
-108
-96
-79
-56
-44
-44
-39
-23
-4
9
26
45
66
86
99
105
99
89
80
91
116
131
131
127
126
126
133
147
155
157
152
148
150
152
149
139
131
118
101
92
88
87
81
73
70
71
77
89
104
117
120
120
122
128
137
141
140
134
125
109
92
87
92
92
82
68
47
18
-9
-32
-56
-80
-113
-162
-213
-258
-302
-342
-375
-406
-438
-468
-488
-501
-507
-506
-504
-502
-505
-514
-517
-508
-496
-484
-466
-442
-420
-399
-377
-354
-324
-292
-256
-217
-172
-128
-89
-48
-3
40
87
138
189
235
280
326
366
401
440
477
514
559
607
650
684
712
725
732
750
770
778
778
779
770
752
734
714
682
637
586
537
481
419
357
291
230
170
109
47
-6
-56
-107
-161
-215
-276
-341
-397
-439
-478
-513
-546
-584
-623
-658
-680
-695
-704
-714
-727
-732
-729
-724
-714
-693
-667
-641
-617
-591
-563
-538
-513
-480
-445
-404
-364
-326
-285
-242
-197
-152
-109
-64
-16
31
80
121
158
193
228
259
283
310
339
371
402
431
457
476
495
516
535
553
563
566
565
562
560
553
542
529
514
496
478
453
425
398
373
345
315
283
249
215
183
148
111
75
43
9
-32
-79
-126
-171
-203
-228
-254
-283
-308
-326
-337
-341
-346
-351
-360
-368
-373
-375
-371
-366
-366
-362
-356
-352
-346
-340
-335
-334
-334
-329
-315
-290
-260
-230
-197
-168
-139
-107
-73
-42
-12
14
42
70
97
123
139
151
164
179
195
212
229
241
255
271
289
305
316
322
322
320
316
303
281
251
222
196
171
143
120
98
71
40
12
-7
-20
-34
-45
-62
-81
-103
-124
-139
-149
-158
-170
-183
-194
-205
-213
-218
-219
-218
-221
-217
-209
-203
-198
-194
-186
-178
-169
-155
-141
-129
-117
-101
-82
-58
-30
-1
27
56
78
98
120
141
161
180
200
221
239
252
259
266
274
281
282
286
288
284
275
270
265
259
253
242
228
209
194
187
180
175
167
154
135
109
75
43
9
-30
-68
-100
-128
-155
-178
-202
-225
-246
-261
-276
-290
-303
-317
-330
-345
-362
-376
-386
-389
-385
-379
-372
-364
-361
-355
-345
-334
-320
-302
-285
-269
-254
-241
-226
-208
-184
-159
-137
-117
-95
-77
-51
-19
5
29
52
73
93
114
140
170
199
227
252
271
297
324
350
374
397
415
426
432
436
443
456
470
477
478
475
472
464
455
447
436
423
409
393
375
359
340
320
297
263
228
188
146
107
69
30
-9
-44
-79
-115
-149
-185
-226
-268
-312
-349
-377
-402
-423
-443
-456
-461
-466
-471
-478
-488
-501
-510
-522
-528
-530
-528
-523
-517
-508
-494
-472
-445
-415
-384
-353
-324
-297
-275
-247
-218
-186
-152
-118
-86
-60
-37
-15
10
40
72
107
135
160
184
211
235
256
278
301
320
333
347
357
373
387
405
424
437
446
456
460
458
449
435
417
403
386
365
346
329
309
293
280
263
242
217
198
184
172
161
149
134
123
107
86
68
51
34
13
-7
-24
-40
-53
-71
-91
-111
-135
-162
-186
-209
-232
-251
-265
-282
-298
-306
-310
-312
-316
-323
-331
-337
-343
-351
-360
-364
-364
-365
-364
-363
-359
-355
-345
-329
-315
-302
-289
-271
-250
-224
-201
-181
-159
-135
-109
-82
-60
-42
-27
-8
11
27
48
71
92
112
128
138
145
154
164
181
200
216
231
246
260
282
303
321
335
343
354
365
371
373
374
373
372
368
362
351
341
331
319
302
283
260
236
217
200
181
161
137
106
75
46
23
2
-21
-40
-57
-73
-89
-107
-127
-144
-165
-187
-207
-228
-247
-260
-270
-279
-287
-291
-293
-296
-300
-300
-306
-308
-307
-305
-300
-291
-282
-275
-265
-254
-241
-227
-213
-200
-186
-169
-148
-126
-105
-85
-65
-49
-30
-9
7
13
20
27
34
40
48
56
64
73
87
104
117
127
133
138
146
159
172
186
200
212
222
232
235
235
232
231
226
218
208
200
192
184
173
164
157
148
139
126
121
114
104
93
81
70
61
51
40
28
19
6
-10
-22
-32
-44
-55
-64
-75
-91
-109
-127
-143
-156
-166
-179
-193
-208
-218
-219
-216
-212
-205
-196
-189
-182
-171
-160
-146
-133
-120
-105
-93
-82
-70
-57
-43
-26
-11
1
13
26
46
65
84
102
116
129
145
157
163
167
171
175
180
182
181
177
174
168
160
148
132
117
103
86
66
46
29
15
4
-6
-16
-29
-43
-58
-75
-90
-103
-115
-126
-136
-144
-155
-168
-182
-195
-202
-206
-209
-210
-210
-205
-202
-194
-186
-176
-163
-149
-138
-124
-107
-93
-75
-56
-39
-22
-9
6
23
37
50
65
80
93
105
114
123
134
146
159
169
175
185
193
206
216
227
237
245
252
258
263
266
266
265
263
258
248
233
217
198
184
173
158
139
122
105
85
67
45
22
-1
-23
-42
-57
-72
-89
-108
-122
-137
-153
-171
-183
-192
-204
-217
-230
-243
-253
-259
-261
-266
-270
-276
-280
-281
-277
-273
-274
-278
-282
-287
-286
-283
-282
-279
-273
-265
-254
-238
-221
-202
-185
-168
-147
-126
-102
-77
-51
-22
10
40
70
100
131
159
183
210
234
256
277
293
309
323
337
349
355
362
368
368
365
360
357
353
351
344
341
334
325
316
308
298
286
273
254
233
215
194
171
147
122
98
73
48
25
1
-23
-47
-72
-97
-122
-145
-166
-184
-205
-223
-238
-254
-270
-285
-300
-316
-332
-350
-363
-375
-385
-391
-395
-401
-403
-400
-395
-387
-375
-359
-341
-323
-303
-281
-260
-235
-211
-188
-165
-141
-112
-86
-61
-36
-7
19
42
63
79
97
115
133
154
174
192
205
219
231
241
252
265
280
292
303
313
318
322
327
331
333
332
329
324
317
308
297
287
275
263
249
234
217
201
188
173
157
141
125
107
89
72
52
35
15
-5
-21
-40
-60
-78
-97
-117
-132
-149
-164
-181
-194
-207
-219
-228
-233
-237
-240
-244
-251
-255
-257
-254
-250
-247
-245
-244
-245
-245
-240
-234
-233
-232
-226
-219
-209
-200
-192
-180
-168
-155
-142
-131
-120
-109
-94
-76
-56
-38
-18
1
17
37
54
67
80
96
113
129
143
156
168
180
192
199
202
207
214
219
222
223
222
220
219
217
209
202
194
189
183
177
171
165
156
145
136
128
117
110
103
95
85
76
67
58
51
43
32
24
15
7
-1
-8
-14
-22
-33
-45
-57
-71
-83
-94
-104
-113
-123
-134
-141
-146
-148
-152
-157
-161
-160
-158
-159
-159
-155
-151
-148
-142
-136
-131
-131
-128
-123
-122
-117
-108
-99
-91
-83
-77
-71
-61
-55
-49
-42
-34
-28
-21
-14
-9
-4
3
11
16
18
24
32
44
52
59
67
75
79
82
88
90
91
95
102
105
107
109
108
109
108
105
106
104
102
99
97
93
88
83
81
77
73
65
58
50
43
38
32
25
19
11
4
-1
-2
-7
-12
-13
-13
-17
-21
-23
-22
-22
-21
-23
-26
-29
-33
-35
-33
-30
-29
-32
-40
-44
-45
-46
-48
-47
-46
-46
-47
-47
-47
-48
-48
-44
-39
-39
-41
-41
-38
-35
-30
-25
-23
-24
-22
-21
-20
-19
-18
-15
-13
-11
-12
-16
-18
-20
-19
-20
-19
-19
-18
-16
-15
-16
-17
-15
-13
-12
-11
-9
-9
-13
-16
-16
-13
-13
-13
-13
-13
-14
-14
-10
-6
-3
0
3
6
11
15
18
25
32
41
47
53
57
57
58
59
60
64
66
67
66
67
68
68
67
66
66
62
64
65
67
69
69
70
71
71
67
64
66
68
65
61
56
51
49
43
36
28
24
18
10
3
-3
-9
-16
-26
-37
-49
-57
-62
-65
-72
-78
-82
-87
-91
-98
-105
-109
-111
-115
-120
-122
-123
-124
-128
-127
-126
-126
-127
-125
-121
-116
-112
-110
-104
-99
-91
-84
-78
-68
-62
-57
-50
-42
-33
-24
-12
-3
6
17
23
30
39
46
52
60
69
78
84
93
99
106
112
116
117
120
123
125
127
127
128
128
126
124
123
122
119
116
117
115
112
109
104
99
93
86
79
75
69
61
51
43
33
24
14
4
-6
-15
-22
-28
-35
-42
-47
-50
-54
-58
-61
-60
-58
-62
-65
-68
-72
-74
-75
-78
-82
-87
-90
-90
-92
-94
-91
-87
-86
-86
-88
-91
-90
-88
-86
-81
-78
-76
-73
-71
-72
-68
-64
-63
-63
-62
-57
-54
-49
-42
-37
-30
-25
-22
-18
-14
-9
-1
8
16
26
37
43
48
49
51
62
70
74
74
77
80
84
84
82
81
81
80
79
77
74
71
71
74
76
75
77
76
71
69
70
68
67
68
67
64
59
53
48
43
37
32
29
25
17
13
10
6
1
-6
-14
-19
-22
-26
-32
-35
-37
-41
-45
-50
-51
-53
-58
-58
-58
-58
-58
-57
-55
-53
-52
-51
-51
-48
-46
-45
-45
-45
-46
-44
-42
-42
-47
-47
-48
-53
-58
-62
-65
-66
-66
-68
-68
-70
-71
-69
-65
-59
-53
-51
-51
-48
-43
-37
-32
-28
-25
-17
-10
-1
10
19
28
34
43
53
57
61
68
74
78
82
87
93
100
105
109
111
112
114
117
116
116
114
114
113
111
108
103
96
89
84
80
72
64
55
46
38
34
30
24
19
14
11
4
-3
-6
-11
-13
-21
-31
-39
-48
-55
-63
-72
-81
-90
-96
-103
-108
-114
-119
-120
-121
-123
-122
-119
-114
-108
-105
-101
-97
-92
-85
-78
-69
-61
-56
-48
-41
-33
-25
-20
-16
-9
-1
2
4
6
10
11
12
12
9
10
10
10
15
17
21
22
26
27
29
33
36
38
42
42
39
37
36
38
40
45
47
47
47
48
49
51
50
49
49
49
48
47
46
45
43
41
37
33
30
28
29
26
18
16
14
9
8
8
5
1
-1
-5
-4
-8
-10
-11
-11
-12
-8
-7
-6
-5
-3
-1
1
3
7
12
13
16
18
14
10
7
6
6
4
1
-2
-7
-11
-13
-13
-14
-16
-14
-13
-10
-6
-5
-5
-5
-5
-5
-3
-5
-5
-8
-11
-13
-18
-20
-24
-31
-36
-40
-47
-53
-57
-62
-64
-66
-66
-67
-64
-66
-65
-66
-67
-66
-62
-56
-55
-51
-48
-45
-39
-36
-34
-31
-28
-27
-25
-22
-17
-6
0
3
8
17
27
33
41
49
60
67
73
78
84
92
101
103
104
105
105
104
102
102
101
97
94
93
88
83
79
77
75
72
69
69
63
59
53
44
36
30
25
20
12
3
-4
-13
-23
-28
-34
-41
-52
-61
-68
-75
-80
-83
-89
-94
-99
-103
-107
-110
-113
-118
-119
-122
-120
-119
-116
-114
-112
-112
-107
-101
-96
-89
-83
-79
-74
-69
-66
-59
-54
-49
-40
-33
-23
-14
-5
4
11
17
25
34
43
49
54
59
68
76
85
94
97
105
112
113
117
124
127
132
136
138
138
137
134
134
133
132
128
123
119
112
107
102
96
88
79
69
62
53
44
38
30
23
15
2
-7
-18
-28
-36
-43
-53
-64
-71
-78
-90
-102
-106
-110
-116
-120
-124
-128
-132
-131
-132
-131
-127
-127
-128
-128
-126
-122
-120
-116
-113
-108
-104
-101
-97
-92
-85
-76
-68
-59
-50
-42
-32
-20
-9
-1
5
11
17
22
31
42
50
61
70
76
83
88
92
94
96
99
99
97
97
95
95
94
90
84
79
77
75
72
67
62
61
59
55
51
49
48
46
41
34
27
22
20
16
12
3
-2
-6
-10
-12
-16
-21
-25
-27
-30
-33
-35
-35
-35
-35
-37
-38
-39
-41
-40
-38
-39
-38
-39
-40
-40
-42
-38
-37
-37
-36
-35
-35
-35
-35
-32
-30
-27
-22
-16
-13
-13
-10
-5
0
3
8
10
11
11
13
15
14
16
18
15
15
14
12
9
7
8
10
10
8
8
9
11
14
13
10
12
13
12
9
7
9
11
9
8
8
7
5
0
-1
-2
-6
-6
-4
-5
-6
-5
-6
-8
-10
-12
-13
-12
-11
-9
-10
-7
-8
-7
-7
-5
-2
-1
1
3
3
3
5
8
9
10
10
11
12
11
13
17
21
21
21
24
22
22
22
22
23
25
26
25
27
25
25
23
20
19
17
16
15
11
3
-1
-2
-4
-8
-12
-15
-16
-18
-21
-24
-26
-26
-27
-30
-35
-40
-42
-42
-42
-42
-38
-40
-44
-44
-41
-41
-39
-41
-44
-44
-44
-45
-43
-37
-33
-31
-29
-26
-23
-20
-16
-12
-9
-5
-1
3
6
10
16
20
21
21
25
27
27
31
34
35
36
39
41
42
42
44
48
51
53
53
52
51
50
54
54
53
51
50
47
44
42
41
40
39
37
34
33
30
28
26
24
20
14
10
10
11
6
5
4
1
-2
-4
-8
-11
-15
-19
-23
-27
-31
-36
-37
-40
-44
-48
-51
-54
-58
-61
-63
-66
-66
-65
-63
-62
-63
-65
-64
-63
-60
-59
-59
-58
-52
-47
-46
-45
-39
-36
-35
-32
-30
-24
-19
-16
-13
-11
-8
-5
1
8
12
18
21
22
26
30
33
33
36
40
40
42
47
49
51
51
52
52
55
57
58
56
57
57
55
55
54
55
56
53
52
50
49
48
46
44
39
35
34
30
26
22
18
13
9
4
2
0
-1
-2
-5
-6
-6
-8
-13
-17
-18
-18
-21
-23
-23
-22
-22
-24
-26
-27
-29
-30
-31
-32
-32
-32
-35
-35
-36
-39
-41
-39
-40
-42
-43
-45
-46
-46
-46
-46
-45
-43
-40
-40
-40
-40
-40
-39
-38
-37
-37
-35
-33
-29
-27
-25
-22
-18
-13
-9
-7
-3
1
5
10
15
18
22
25
28
32
35
37
38
38
39
42
44
45
50
51
51
50
50
50
51
51
52
53
55
54
53
52
49
44
41
38
36
32
29
24
20
19
15
12
10
8
3
0
-5
-8
-9
-12
-14
-15
-14
-16
-18
-20
-24
-28
-30
-31
-31
-32
-32
-31
-30
-31
-31
-30
-31
-34
-32
-31
-29
-29
-32
-32
-31
-28
-27
-27
-24
-22
-21
-22
-19
-16
-15
-14
-14
-13
-13
-11
-10
-9
-10
-9
-8
-7
-6
-5
-4
-2
-1
0
1
4
4
5
9
13
15
17
22
23
22
26
29
29
28
28
29
29
27
28
30
28
27
26
22
19
19
19
20
20
15
15
15
15
12
12
12
10
10
7
4
0
-3
-1
-3
-4
-4
-4
-6
-6
-7
-9
-10
-10
-10
-9
-10
-9
-7
-8
-7
-7
-5
-6
-7
-8
-10
-9
-9
-7
-6
-8
-9
-8
-6
-7
-8
-6
-4
-3
-2
0
1
-1
0
-2
0
0
-3
-5
-6
-8
-8
-11
-11
-13
-14
-15
-18
-18
-20
-23
-24
-21
-21
-22
-23
-25
-24
-21
-25
-25
-23
-22
-21
-19
-17
-17
-16
-14
-12
-10
-7
-3
-1
1
4
5
6
4
8
11
13
16
18
22
22
25
27
28
30
32
34
36
40
41
38
41
42
42
42
41
41
42
43
42
41
42
42
39
39
38
39
36
33
29
25
23
22
19
16
16
13
10
7
5
3
1
-3
-6
-9
-14
-18
-21
-26
-30
-32
-34
-37
-41
-44
-48
-51
-51
-52
-54
-54
-54
-54
-58
-60
-58
-56
-56
-51
-50
-52
-51
-51
-53
-50
-46
-44
-42
-40
-39
-35
-30
-24
-18
-17
-15
-10
-4
-2
0
3
8
11
14
16
17
19
24
27
30
34
36
39
41
41
40
48
53
54
54
57
56
56
56
56
56
54
55
54
53
53
51
48
47
44
44
41
38
34
30
26
23
20
16
14
9
4
-1
-5
-9
-13
-13
-17
-21
-24
-27
-33
-35
-34
-34
-37
-39
-42
-45
-47
-48
-50
-50
-49
-47
-47
-46
-46
-44
-47
-48
-43
-42
-41
-41
-39
-35
-34
-30
-30
-31
-27
-25
-23
-19
-17
-14
-9
-5
-3
0
5
10
18
19
20
19
21
25
29
33
38
41
42
43
45
43
41
41
43
44
43
45
44
41
39
35
35
35
35
31
28
29
26
23
21
20
20
17
16
16
12
7
8
5
3
1
-1
-4
-7
-7
-7
-9
-12
-19
-22
-22
-22
-23
-21
-22
-25
-27
-25
-23
-24
-24
-27
-25
-25
-27
-27
-27
-25
-23
-21
-21
-25
-24
-24
-23
-22
-20
-19
-19
-19
-17
-15
-14
-15
-14
-14
-15
-12
-12
-10
-11
-13
-12
-11
-9
-11
-10
-7
-5
-4
-5
-4
-2
-2
1
5
8
8
9
10
12
15
17
19
20
22
24
23
24
23
21
23
24
22
24
23
24
26
26
26
23
23
24
26
26
24
24
22
18
17
19
21
20
18
16
14
11
9
12
12
10
9
4
2
2
2
3
1
0
-1
-4
-5
-5
-6
-9
-13
-14
-16
-18
-19
-17
-18
-19
-21
-23
-24
-24
-22
-21
-22
-21
-21
-22
-23
-25
-25
-25
-25
-25
-23
-22
-21
-19
-18
-17
-15
-15
-13
-11
-10
-9
-10
-11
-10
-7
-5
-3
-3
2
3
4
6
6
8
9
11
12
11
12
13
17
17
18
20
20
19
22
21
19
21
24
26
26
26
25
21
20
20
21
22
23
22
22
18
15
13
11
10
9
7
5
2
1
1
-1
-2
-5
-7
-8
-8
-9
-9
-9
-10
-12
-13
-12
-14
-14
-15
-15
-17
-19
-18
-19
-18
-19
-19
-18
-18
-18
-18
-16
-17
-19
-20
-19
-17
-16
-12
-9
-8
-9
-10
-9
-9
-6
-4
-1
-1
-4
-6
-3
-1
-1
-1
-2
-1
-1
-2
0
2
5
7
8
7
8
11
12
10
9
9
9
7
9
13
14
16
16
14
12
12
14
15
15
17
18
17
15
14
15
14
12
11
11
11
12
14
15
14
13
13
9
9
10
10
10
10
7
5
2
3
5
4
2
1
0
-1
-2
-4
-5
-6
-6
-7
-10
-10
-11
-10
-10
-11
-12
-10
-11
-13
-16
-15
-10
-12
-13
-14
-15
-15
-16
-17
-15
-16
-19
-21
-18
-16
-17
-15
-14
-14
-16
-15
-16
-14
-13
-13
-13
-14
-15
-13
-8
-8
-8
-4
-3
-3
-2
0
0
0
-1
0
1
2
4
5
6
7
4
3
4
7
9
8
8
7
10
10
10
10
11
13
14
17
18
20
19
16
17
21
20
20
21
22
23
23
22
20
21
21
19
18
18
19
19
18
14
12
11
8
7
10
8
5
3
0
-2
-3
-3
-4
-5
-5
-8
-10
-10
-8
-8
-10
-11
-12
-12
-15
-14
-13
-13
-18
-17
-14
-15
-14
-16
-17
-14
-14
-17
-19
-19
-18
-17
-18
-16
-14
-16
-16
-16
-15
-14
-14
-15
-14
-15
-12
-9
-9
-8
-6
-5
-5
-7
-6
-3
-2
-2
1
2
1
1
2
6
8
7
6
7
7
9
11
13
14
13
15
16
18
19
19
21
21
22
21
19
19
18
18
17
16
16
15
12
11
12
11
10
8
6
6
6
4
4
2
3
1
2
-1
-6
-4
-5
-8
-8
-7
-10
-11
-8
-9
-11
-10
-10
-11
-13
-13
-13
-14
-12
-12
-16
-15
-14
-14
-12
-13
-11
-11
-13
-13
-11
-10
-8
-9
-10
-10
-12
-10
-3
-2
-5
-7
-5
-2
-1
1
2
1
0
4
6
7
7
8
8
7
6
8
8
8
8
9
11
9
10
12
12
14
13
13
13
12
11
11
13
15
13
13
14
13
11
12
12
11
10
9
10
9
8
9
9
7
5
5
3
-1
-2
-5
-3
-2
-3
-4
-5
-7
-8
-6
-7
-9
-7
-6
-7
-9
-8
-10
-10
-10
-10
-9
-8
-10
-10
-9
-11
-12
-9
-9
-8
-8
-8
-5
-4
-6
-8
-11
-9
-5
-4
-5
-7
-7
-5
-4
-2
0
0
-3
-8
-8
-8
-10
-7
-7
-6
-4
-4
-4
-3
-4
-4
-4
-3
-6
-4
-1
-1
-1
-1
1
0
0
-3
-2
-1
1
3
2
4
6
8
5
4
3
4
6
9
12
12
11
11
12
13
12
9
11
12
12
12
10
10
8
10
13
13
13
11
9
9
7
6
6
9
9
9
6
6
8
8
7
7
6
4
4
5
6
7
6
4
3
2
2
2
1
0
-2
-3
-4
-2
-2
-2
-4
-7
-9
-9
-8
-8
-11
-13
-11
-8
-8
-12
-14
-14
-12
-14
-13
-14
-14
-15
-16
-14
-13
-14
-14
-14
-14
-14
-14
-13
-15
-15
-12
-13
-12
-10
-6
-5
-5
-4
-7
-5
-4
-3
-3
-4
-1
2
1
1
4
5
6
8
8
9
11
13
13
14
13
14
16
18
19
20
18
19
20
18
15
14
13
14
15
13
14
12
10
10
11
12
11
8
8
9
8
6
2
4
3
0
0
-2
-4
-4
-6
-9
-9
-11
-13
-11
-11
-13
-12
-12
-13
-18
-20
-17
-17
-15
-15
-15
-16
-17
-14
-13
-17
-16
-13
-11
-13
-12
-10
-10
-7
-6
-5
-4
-1
-3
-2
-1
-1
1
5
7
8
10
11
10
7
7
10
10
9
9
9
11
13
13
13
13
12
10
10
12
13
11
14
14
12
11
11
14
14
11
12
12
10
8
7
7
7
7
7
5
5
4
3
3
1
0
-3
0
1
-1
-1
-3
-4
-5
-6
-8
-8
-9
-9
-7
-6
-7
-8
-8
-10
-13
-12
-12
-13
-11
-11
-9
-10
-14
-16
-15
-13
-13
-14
-13
-11
-13
-14
-16
-14
-14
-13
-11
-8
-7
-8
-7
-7
-8
-6
-4
-4
-2
-1
1
2
1
0
1
2
2
3
3
4
6
7
7
7
8
8
9
12
11
9
9
13
12
12
14
13
13
14
14
16
13
12
11
10
10
12
12
13
13
10
6
4
4
2
3
3
3
-2
-1
2
-1
0
0
-2
-3
-3
0
0
0
-1
0
1
0
-1
-1
-1
-1
-2
-2
-4
-5
-5
-2
2
1
-1
-4
-3
-2
-4
-3
-1
0
-2
-6
-4
-4
-5
-6
-6
-6
-7
-5
-5
-5
-6
-8
-8
-7
-8
-6
-3
-2
-1
-2
-3
-3
-3
-5
-6
-6
-4
-2
0
-2
-3
-2
-3
-3
-1
-1
-2
-4
-3
-3
-2
-2
-4
-3
-3
-5
-7
-6
-5
-4
0
4
5
2
2
3
6
7
6
4
7
7
6
8
7
6
4
2
2
4
3
4
5
6
4
3
3
3
4
3
0
1
2
1
3
4
2
2
2
3
4
5
4
3
3
4
3
5
6
6
4
2
1
2
1
-1
-1
0
1
0
-1
-3
-4
-4
-3
-3
-3
