-1
-1
-2
-1
-2
-2
-1
0
0
0
0
0
0
-1
-2
-2
-1
1
2
0
-1
0
1
2
3
4
4
3
4
4
3
2
2
2
2
1
0
1
1
1
-1
-2
-2
-2
-2
-3
-2
-3
-2
-3
-4
-5
-5
-5
-4
-5
-5
-6
-5
-6
-6
-5
-7
-5
-5
-5
-5
-5
-5
-5
-5
-4
-4
-2
0
0
0
-1
0
0
-1
0
-1
-1
1
1
1
0
0
1
2
3
4
4
3
2
2
3
4
5
4
4
3
3
3
1
1
2
1
2
2
3
4
4
4
6
5
4
3
4
2
3
3
2
3
2
4
4
3
3
3
1
0
0
1
0
0
0
-2
-1
-1
1
1
0
-2
-3
-2
-1
-1
-1
-1
0
-2
-1
-1
-1
-2
-2
-2
-2
-1
-1
-1
-2
-3
-2
-3
-4
-5
-3
-3
-2
-3
-3
-4
-3
-2
1
1
2
1
1
0
0
0
2
3
2
3
4
5
5
4
4
3
3
4
5
5
5
4
4
3
3
1
0
0
0
1
1
0
1
-1
-1
0
-1
-1
0
-1
-3
-2
-3
-4
-4
-4
-6
-5
-6
-7
-7
-7
-7
-7
-7
-8
-8
-7
-7
-6
-6
-5
-5
-5
-5
-4
-2
-2
-4
-3
-3
-3
-2
-2
-2
0
-1
1
3
3
2
2
3
3
2
1
2
2
2
2
4
5
6
5
3
3
4
4
3
4
5
4
3
5
5
3
4
4
6
8
8
8
7
5
5
4
3
2
-1
-1
-1
-1
-1
0
1
4
5
5
5
4
3
1
-1
-2
-2
-2
-1
-2
-2
0
-1
-2
-4
-5
-5
-4
-4
-3
-3
-3
-3
-3
-4
-4
-3
-2
0
2
2
3
2
1
0
2
4
4
4
4
4
1
-2
-6
-10
-11
-11
-10
-8
-6
-4
-3
0
1
-1
0
-1
0
2
2
1
1
2
2
3
4
5
7
6
6
3
3
2
0
-1
1
1
0
0
0
-1
1
3
3
4
5
7
7
7
3
0
-4
-7
-8
-7
-5
-5
-4
-3
-3
-2
-3
-4
-5
-3
-3
-1
1
2
3
0
0
-2
-3
-2
0
-1
-1
-3
-4
-7
-10
-14
-14
-12
-11
-8
-5
-6
-6
-6
-5
-3
-3
-1
0
3
8
13
14
17
18
16
14
11
10
8
6
6
4
3
0
-2
-5
-4
-4
-4
-4
-4
-5
-4
-3
-3
-2
-1
-1
1
6
8
12
15
14
12
14
14
15
17
13
13
16
16
14
7
1
-2
-6
-9
-8
-10
-8
-8
-15
-16
-16
-21
-16
-13
-14
-8
-10
-10
-4
-8
-10
4
7
7
12
10
9
12
8
5
6
8
1
-2
2
-6
-13
-11
-15
-17
-16
-18
-20
-13
-17
-17
-3
3
2
9
11
10
12
10
10
15
16
18
27
31
31
24
16
11
4
-3
2
5
-3
-10
-16
-13
-14
-16
-15
-15
-13
-14
-9
0
3
-2
-3
-4
-8
-9
-9
2
6
-2
0
5
4
4
7
-1
-3
-6
-12
-5
7
3
-3
-3
-8
-12
-8
-8
-16
-23
-23
-25
-15
4
3
-4
-4
-16
-13
1
-3
-1
12
11
18
33
25
21
17
-4
1
27
35
36
40
23
-4
-7
-6
-3
6
-9
-22
-1
-2
-12
1
-6
-21
-19
-15
2
28
25
14
15
14
12
12
17
20
2
-6
15
22
22
17
-13
-17
-19
-43
-25
-10
-26
-15
-13
-17
-7
-32
-45
-22
-37
-36
3
12
16
29
3
-8
6
-12
-7
14
9
19
32
26
13
-2
-19
-29
-27
-16
-8
7
11
5
6
-5
-21
-22
-20
-27
-18
7
16
31
29
11
18
14
0
17
33
28
34
29
15
33
46
13
12
30
-4
-14
17
8
-14
-6
-14
-16
11
2
-18
-4
-23
-60
-27
3
6
29
8
-24
-18
-15
-19
15
34
10
14
34
19
13
1
-32
-30
-19
-31
-11
18
-2
-38
-40
-56
-57
-32
-40
-26
-9
-34
-25
7
-10
-18
-12
-12
-2
16
18
25
29
13
17
15
14
24
11
21
33
10
4
-2
-10
-11
-22
-1
6
-11
1
8
-5
10
26
1
1
4
5
23
43
37
32
42
28
24
22
10
-5
-7
-12
-13
19
10
-2
40
17
-28
23
10
-43
-2
-3
-19
2
-9
-44
13
-1
-63
-9
-7
-39
-19
2
-7
12
14
-31
-12
19
-18
-8
42
-14
-28
0
-13
5
23
-15
-25
28
-33
-48
19
-21
-15
-27
-73
-9
30
-24
8
42
6
-1
-8
-10
21
10
-39
18
52
26
51
58
38
-22
-45
1
15
18
22
28
64
8
-61
-1
13
-23
-12
14
-12
-18
12
-14
-16
27
-14
-19
37
30
34
32
27
8
-29
3
21
8
11
1
3
21
-43
-47
7
-2
-8
-14
22
-15
-47
-33
-39
-64
-49
-11
-15
-30
6
28
-47
-22
-7
-3
7
5
18
13
70
14
-17
34
-11
-6
35
-60
-31
41
-8
0
13
37
-21
-38
-8
-9
32
-26
16
71
-27
-6
52
14
2
-23
11
19
-17
55
-7
3
38
-43
15
53
-1
11
16
-30
-32
3
18
-14
15
44
-12
19
32
3
-6
23
-19
-90
11
25
-1
47
-20
-11
63
-52
-36
-1
-67
-72
-24
-16
-33
30
-2
-8
4
-53
-10
-7
-49
-27
2
38
28
44
50
-32
19
-1
-70
1
7
12
39
-13
-13
40
-5
-71
-17
-4
-35
-13
-21
67
2
-75
27
17
-46
9
32
24
62
22
29
11
19
32
-4
37
16
58
46
32
94
16
-31
48
-55
-24
60
-31
10
50
-7
-55
16
9
-52
8
-44
-57
55
-47
-36
52
-2
-39
-28
-22
-54
-31
43
-40
38
111
-121
-33
120
-43
-25
22
18
23
-4
10
14
36
-17
-75
-30
-38
-18
-9
-15
33
-92
-53
-10
-114
14
-28
-73
11
-28
83
13
-6
85
24
-29
-42
44
82
49
37
37
98
46
-86
93
44
-96
24
-10
37
6
-85
9
1
-56
-102
-18
30
11
-59
-13
90
89
-90
-41
142
31
-7
34
119
88
-35
48
76
-64
-9
-18
-11
45
-64
17
78
-39
-34
-79
-10
-22
-135
-36
49
-25
-86
65
17
-90
66
-53
-102
114
-74
-45
121
-86
-5
131
-40
-103
56
-20
-69
84
-50
-87
85
-60
-87
-18
3
-64
-104
78
9
3
31
-17
54
-49
-86
95
-10
-54
38
57
41
6
71
-75
42
86
-118
41
130
-7
61
98
9
134
60
-70
71
113
-79
-30
95
28
-14
-7
50
-65
35
-3
-71
20
27
-44
-76
120
12
-57
67
-1
-13
99
-47
-70
78
26
-32
-99
44
57
-123
-61
61
-3
-40
-20
-88
24
35
-120
-160
14
32
-185
4
31
-87
-52
88
-23
-121
137
-62
-91
199
20
-144
203
94
-170
-6
144
-93
-74
128
-136
87
84
-190
56
100
-43
-158
159
-25
-180
189
-1
-59
92
17
-27
49
32
-16
17
123
-136
14
197
-184
92
99
-85
32
39
104
-29
49
2
-42
54
-58
-59
30
44
-110
-93
57
44
-135
37
22
-109
98
-12
-55
42
78
-107
-49
140
-71
-110
75
13
-83
-3
51
-27
-42
48
-96
48
82
-115
-59
135
17
-111
58
-8
-28
30
87
-92
10
180
-99
-59
158
-79
-94
3
-11
-29
26
107
-189
116
176
-260
67
145
-170
-30
108
125
-106
116
148
-114
163
-9
-37
68
127
-119
-45
200
10
-154
126
10
-263
151
-34
-97
55
-32
-173
101
22
-201
61
-28
4
-21
99
-50
-95
198
-77
-102
94
52
-88
50
66
10
13
94
-137
-82
114
-236
13
38
-50
-40
-28
28
-98
-96
45
-24
-246
87
-22
-27
187
-138
10
207
-81
-149
194
45
-127
120
134
-81
80
174
-127
60
35
-60
-24
19
47
-85
57
27
-107
-52
-1
43
-116
11
39
-53
60
26
68
36
23
29
-44
68
181
-184
35
323
-148
-56
199
-31
-128
50
-3
-136
193
-61
-232
272
8
-207
37
5
-73
-79
-97
90
-126
19
114
-228
174
-2
-78
-54
-15
127
-113
47
26
-60
99
-69
-71
72
-48
75
-80
-61
102
-7
62
-93
-69
126
-8
-151
148
65
-125
-5
12
17
-13
-106
25
148
-86
63
48
9
80
-131
23
145
-174
2
301
-134
-6
174
-34
17
-19
-17
-36
197
-25
-191
197
86
-163
-68
129
-50
-157
104
52
-151
180
47
-264
147
119
-206
-102
248
-111
-132
156
2
-84
-76
78
-88
-152
213
19
-284
248
-38
-295
304
-185
-198
217
-35
-154
53
182
-93
-108
113
-60
-89
116
-83
-102
91
167
-236
60
304
-281
-21
168
-115
-28
89
-79
57
-11
-83
95
-56
-38
136
-83
43
188
-216
34
274
-108
-129
109
160
-46
-149
215
122
-205
83
146
-159
76
3
-141
219
-46
-81
178
19
-109
-20
60
-4
-22
-132
56
126
-184
0
98
-52
14
-22
-162
355
-77
-336
502
-146
-211
197
-81
-83
100
-11
-145
149
89
-124
-49
140
-132
-189
39
81
-143
-125
200
-18
-89
9
41
-35
-31
57
-112
134
-106
-40
191
-136
57
16
122
-96
1
157
-55
-35
103
-25
-206
189
-58
-177
81
105
-278
89
281
-397
10
155
-115
-164
221
-22
-157
220
39
-247
83
338
-424
149
242
-253
198
173
-183
-30
336
-233
-36
338
-194
46
101
-78
-67
191
-209
-246
121
-32
-128
-116
239
-9
-274
249
87
-390
429
6
-257
385
-147
-102
242
4
-281
86
283
-286
107
284
-199
73
33
-246
12
-19
-136
-52
157
-42
-73
118
98
-271
18
96
-188
-66
262
-136
-62
333
-177
-62
112
-64
12
64
150
50
-143
181
122
-243
86
-22
-164
86
-72
-122
279
-109
-156
99
31
-67
-76
168
-83
122
-6
-147
148
130
-357
129
109
-91
-66
19
388
-326
20
333
-418
83
209
-376
147
241
-447
154
255
-361
-7
222
-202
-116
143
-6
-170
120
264
-434
277
182
-465
288
115
-234
75
59
42
-152
159
44
-225
272
-198
-136
276
-24
-22
-113
273
-93
-323
303
37
-316
152
197
-197
-26
448
-106
-186
418
-433
83
292
-353
45
210
-49
-366
373
35
-407
402
-70
-360
410
-40
-233
347
-165
-100
-164
159
-118
-211
286
-154
-77
225
-52
-233
296
-185
-134
145
-171
162
-117
13
56
-3
-54
-15
85
-26
-143
146
-35
-230
271
-148
-135
42
-66
2
103
-233
19
247
-263
108
104
-49
141
-62
80
114
-13
177
-123
135
128
-126
152
-9
39
30
-66
56
211
-318
148
151
-231
34
44
36
-152
129
-26
-77
23
179
-105
44
182
-286
191
135
-185
39
285
-246
160
37
-78
143
-239
85
-181
47
121
-356
181
198
-354
42
52
-20
-246
-13
188
-343
83
122
-51
-72
258
-128
15
166
-220
53
27
-74
47
-72
56
145
-426
233
-40
-255
178
-133
-15
-74
55
43
-253
278
-76
-315
456
-222
-74
379
-429
195
143
-304
257
22
-218
292
-225
-47
272
-289
117
119
-231
201
198
-88
66
-10
242
-107
-159
505
-254
-112
129
-158
258
-205
142
11
-131
226
-513
270
269
-595
377
-36
-13
179
-455
523
-71
-364
320
-193
128
39
-112
135
-29
-23
-317
236
-45
-239
163
-249
169
-241
33
158
-320
147
-50
-194
198
-18
-126
142
-41
31
22
-10
-52
88
-75
-35
179
-17
86
51
79
-8
-151
155
-23
-47
-58
99
102
-328
317
16
-286
264
-81
-202
257
42
-97
107
-89
338
-214
111
254
-334
243
14
-97
57
213
-129
-82
301
-168
-291
446
-75
-537
607
-208
-131
242
-297
171
-74
3
77
-33
156
-112
-59
303
-40
-294
65
306
-393
-24
400
-428
40
42
-72
-81
-180
396
-478
-1
359
-449
238
-139
112
-40
-425
535
-473
2
378
-537
304
-27
-80
25
-81
-14
-167
257
-300
161
55
-94
312
-273
229
103
-383
457
-135
-174
466
-312
152
-24
-171
355
-305
133
-38
-32
75
-153
300
-269
67
203
-379
416
-62
-451
670
-328
-208
525
-333
243
-116
111
36
-170
112
-92
183
-402
465
-93
-424
624
-381
42
119
-179
267
-373
208
-73
-286
435
-458
65
148
-229
88
-183
371
-439
203
214
-559
534
-195
-32
86
-10
88
-276
507
-395
117
270
-630
490
-132
-88
306
-354
554
-532
169
403
-751
675
-216
-115
119
0
325
-609
623
-104
-646
761
-269
-209
374
-18
21
-398
542
-167
-645
1053
-548
-207
574
-52
-113
-133
760
-490
-595
1070
-607
-353
831
-393
-288
463
-155
-267
156
219
-345
-74
334
-188
-127
225
110
-356
300
60
-408
205
118
-146
-191
356
-134
-406
511
-367
-49
253
-223
-9
-20
98
-166
-77
332
-279
88
158
-202
53
63
-11
-167
314
-55
-456
595
-305
-224
449
-346
47
-66
143
-218
-77
474
-596
264
309
-476
232
153
-158
-41
247
-93
-205
275
-147
-17
142
-57
157
-106
63
-101
76
-38
19
91
-68
165
-143
51
224
-408
127
237
-510
316
18
-87
79
82
69
-441
219
-2
-430
294
166
-402
291
243
-196
-149
421
-28
-468
458
-30
-426
564
-246
-138
256
-413
210
-239
46
176
-301
129
67
-141
-94
131
-169
-132
375
-246
-36
507
-254
82
312
-202
47
100
-76
-156
183
-4
-95
74
121
-96
-218
583
-416
-101
585
-575
179
286
-312
79
191
-62
-136
151
104
-60
-127
244
-2
-567
503
-252
-172
357
-148
54
52
216
-68
-202
501
-429
-161
445
-535
154
-13
133
-100
-120
349
-372
-12
90
-113
-93
239
-87
-392
629
-358
20
331
-491
476
-345
-117
436
-524
365
-68
-273
109
-132
48
-340
301
31
-282
404
-207
-44
121
20
-66
-106
206
43
-203
178
341
-453
-7
622
-780
154
628
-948
331
443
-640
230
90
-199
-4
-132
353
-390
258
361
-449
258
218
-258
178
88
-79
-209
84
202
-471
503
-96
-215
325
-515
236
-25
-194
260
-37
-44
105
1
-46
260
-133
-206
387
-320
-68
439
-557
363
-69
-186
208
-343
277
-47
-86
213
-343
274
-144
-188
381
-341
59
161
-22
-29
38
352
-312
99
277
-606
386
-69
-348
477
-238
-55
382
-282
228
50
-244
188
-255
62
-50
5
-20
-29
47
-208
-57
230
-36
-330
535
-334
-15
242
-164
128
188
-146
-184
320
60
-120
-42
550
-697
155
500
-796
323
185
-209
-44
-19
3
40
-203
325
-393
30
484
-553
342
-29
69
-12
7
104
-199
38
139
-298
145
438
-518
307
175
-383
174
-120
-213
185
-192
175
40
-217
538
-402
-36
359
-536
276
-44
-398
370
31
-190
151
162
-316
-181
268
-280
-113
434
-512
124
511
-488
224
281
-323
110
81
-101
2
74
166
99
-494
312
23
-498
475
-87
-297
450
-144
-35
405
-312
64
-40
-66
-286
110
112
-156
258
-171
-135
130
-43
168
-278
63
120
-202
172
22
32
121
-24
22
8
-187
175
130
32
-174
222
-34
-265
349
-353
152
181
-428
341
-106
-356
366
141
-474
398
-239
-172
176
4
124
-27
-56
78
-13
-232
332
-104
102
38
-163
145
111
-222
192
175
-484
24
393
-233
87
45
-192
-35
-39
-313
53
14
-187
193
205
22
-99
220
-17
-221
37
6
46
19
245
-48
68
138
-286
380
-314
-357
671
-649
-162
791
-852
240
159
-145
31
-114
302
-348
324
-143
-421
700
-313
-255
393
100
84
-155
254
124
-340
79
17
-44
-130
198
-190
-27
-29
-287
367
-490
354
86
-579
784
-363
-75
570
-410
100
58
-26
89
136
-9
-268
259
-149
-211
277
-567
516
-525
-183
702
-397
63
76
297
-516
166
504
-470
423
309
-274
203
395
-269
-204
326
-94
-517
826
-243
-590
1116
-756
-64
-110
-344
164
-479
30
44
-130
186
97
-337
230
-54
-54
130
98
-35
-88
286
-140
278
-56
278
109
-409
574
-225
-294
565
-203
-689
387
72
-828
567
101
-942
862
-692
-241
894
-961
365
68
-492
679
-207
62
602
16
-345
217
314
-760
667
-64
-480
805
-459
57
407
-369
-1
-146
-126
-172
-160
126
-311
247
216
-279
-24
132
311
-288
566
-221
-229
572
-597
402
280
-439
469
307
-469
301
-81
350
20
-400
-106
63
103
-709
235
213
-436
-193
298
-182
-32
425
-107
-391
444
-131
-550
908
-358
-238
315
-111
-101
188
81
-487
570
-101
-281
338
-114
18
102
-413
560
-263
-547
418
74
-15
-4
510
-227
-198
146
-195
-139
-245
260
-277
-109
626
-463
531
401
-861
83
71
-374
-215
547
-106
-395
709
-139
-21
76
131
213
-528
538
330
-723
656
-19
-664
404
-201
-221
217
459
-344
9
545
-476
-150
246
-608
-77
328
-248
-1
320
352
-507
149
514
-692
322
237
-291
444
-234
-82
340
69
-212
-133
337
-621
-151
432
-557
129
-43
-568
-103
341
5
-429
689
-201
-890
1369
-552
-585
1075
-517
-13
621
-274
-127
528
-218
-345
301
165
-158
-196
171
126
-79
54
140
-524
-31
131
-403
382
280
-319
141
196
-478
106
-162
143
73
-506
489
57
-496
888
456
-1095
853
464
-1034
579
651
-597
84
479
-910
-56
189
-183
-153
-87
78
-595
512
166
-922
513
216
-437
211
217
342
301
-38
281
-301
110
13
82
-109
-295
589
-909
575
92
-886
264
-416
219
-1
-183
430
-202
187
234
-772
778
-125
-539
414
158
-6
-173
747
-773
-32
802
-1039
516
527
-1399
770
330
-1178
1044
-508
-518
707
-472
343
502
-213
92
-92
153
-107
-221
629
-383
-122
436
59
-344
816
358
-1398
1276
-148
-1680
1613
-500
-789
518
-677
-139
479
238
-664
732
51
-970
740
-234
-305
639
-662
471
449
-12
398
-103
101
-591
85
5
-351
28
168
-296
-53
415
-665
297
306
-670
-42
710
-383
-71
549
-345
-145
410
-295
-270
824
-427
-97
282
204
-399
99
184
-572
242
29
-77
77
-2
-223
188
206
-410
-150
403
-727
472
348
-612
665
452
-585
-108
342
-572
-89
482
-236
-325
762
-153
-348
359
149
-188
-52
721
-312
-294
753
-272
-537
493
-562
-302
700
-547
445
-160
-96
169
-617
451
48
-502
118
-1
-83
88
274
-169
98
-2
-279
345
241
123
-159
155
286
-210
-357
1007
-203
-1050
839
-230
-481
368
156
-393
-217
288
-501
311
54
86
-275
179
681
-839
-1
653
-883
-239
991
-873
433
142
-957
469
-124
-135
-121
434
481
-207
553
519
165
-226
-153
-71
-308
74
62
172
265
-626
-306
373
-457
-574
174
-204
88
143
-296
351
176
-352
-71
374
-287
76
306
176
358
223
-44
-231
582
-294
-777
635
418
-363
243
274
33
-96
-20
-342
-318
190
-112
-155
762
61
-771
97
61
-686
-40
52
-494
653
-53
-189
293
-226
-203
-259
-163
-36
516
47
2
624
-322
-110
384
-546
235
335
-561
273
564
-93
-231
183
-178
-620
31
16
-392
55
210
-330
-305
537
-551
-370
803
-263
-112
787
267
168
486
-90
-40
199
-287
52
296
-117
381
90
-340
482
-470
-472
228
-770
-15
112
-426
279
-113
-237
328
49
24
242
162
-216
417
-98
-137
618
-608
130
376
-842
492
194
-934
513
38
-512
310
94
-438
62
212
-451
108
325
-347
361
63
108
209
-94
383
-226
-83
366
-233
195
-290
-172
460
-325
-62
254
-57
-468
129
260
-445
477
72
-737
624
-199
-499
80
153
20
-239
619
247
-400
473
-260
-404
549
-429
-208
535
-54
-276
492
489
-610
252
-257
-561
700
-444
-115
663
-409
-510
329
-80
-586
240
12
-672
707
324
-693
1137
92
-1165
660
552
-643
89
953
-668
173
1100
-877
48
820
-839
-233
283
-346
-328
50
-8
-464
-77
-197
24
165
-347
361
552
-337
350
358
-251
-88
246
24
-556
1029
-44
-1133
1462
-298
-1442
1057
14
-1301
714
319
-1202
348
628
-1151
-6
898
-965
-143
1217
-381
-679
964
459
-835
678
663
-981
651
69
-932
645
368
-561
247
433
-345
51
-61
-210
-11
-698
-91
561
-391
130
461
-218
328
123
-516
-125
133
-129
-456
229
617
-157
-447
800
340
-752
323
235
-368
294
210
-405
636
313
-977
507
375
-606
141
15
-245
479
-633
-683
781
-199
-932
247
697
-648
-1
455
-406
215
473
-457
27
828
-543
-499
1082
145
-684
468
506
-293
204
205
-218
114
-164
-424
223
147
-254
-205
7
-381
-284
-328
-171
306
-437
-169
716
308
-552
133
261
-373
153
151
107
645
13
-365
646
209
-829
26
134
-57
142
-64
-135
309
-242
-873
133
560
-351
-465
694
557
-190
123
283
-31
96
-144
-78
757
491
-424
4
835
-103
-632
56
330
-258
-553
284
278
-268
-207
-279
-424
70
-506
-651
354
-66
-637
-433
-114
-226
-575
-381
28
10
-419
-237
156
56
-314
-280
116
129
-245
35
510
149
7
121
174
230
204
151
285
476
360
114
581
953
283
99
664
600
321
621
832
461
698
681
425
838
541
-126
151
604
-131
-374
287
35
-861
-611
-110
-467
-636
-777
-1012
-847
-461
-1040
-859
-205
-1188
-1197
-297
-409
-570
-203
-578
-844
-345
-396
-467
-2
-211
-839
-434
0
-167
-520
-597
-527
-927
-863
-351
-131
-2
95
68
384
941
947
716
1034
1262
1050
1567
2051
1919
1898
2071
2034
1857
2056
1865
1344
1409
1244
699
822
694
-208
-424
-307
-925
-1042
-898
-1510
-1679
-1317
-1468
-1486
-1100
-1439
-1661
-1274
-958
-892
-611
-342
-544
-724
-324
151
-143
-202
-7
-1
-164
-116
-96
-231
-653
-1339
-1198
-981
-1039
-1118
-1129
-1021
-1425
-1888
-1650
-843
-182
184
347
564
661
503
539
1131
1317
1375
2080
2550
3101
3662
3501
2949
2323
1555
1503
2079
2452
2378
1830
1266
760
14
-176
-239
-816
-1124
-1084
-1153
-1270
-1293
-1594
-2165
-2469
-2316
-1755
-1197
-984
-900
-737
-635
-741
-592
-294
-434
-347
41
219
284
292
-99
-473
-407
-626
-814
-654
-921
-1621
-1802
-1609
-1755
-2135
-2202
-2260
-2233
-1747
-808
203
761
394
-153
118
683
988
1453
2317
2866
2876
3174
3949
4184
3442
2767
2488
2299
2425
2558
2629
2270
1093
-138
-470
-188
-374
-885
-800
-770
-1289
-1585
-1488
-1552
-1974
-2297
-2017
-1234
-688
-713
-522
-196
-360
-435
-52
375
261
-50
206
382
228
16
-178
-234
-534
-854
-817
-935
-1464
-1959
-2224
-2324
-2367
-2595
-3032
-2881
-2647
-2670
-2106
-1498
-1045
-351
196
449
623
897
1342
1752
2256
3006
3779
4246
4272
4182
4006
3909
3632
3178
3063
2754
2201
1698
1240
779
-87
-704
-711
-1030
-1281
-1267
-1317
-1583
-1828
-2008
-2132
-1877
-1604
-1308
-772
-525
-431
-258
-78
254
405
568
747
727
766
737
601
300
-12
-299
-598
-797
-1028
-1194
-1585
-2186
-2518
-2709
-3011
-3228
-3508
-3673
-3567
-3277
-2756
-2532
-2127
-1257
-481
142
658
868
1083
1626
2248
2907
3976
4769
4571
4324
4407
4429
4111
3628
3287
2853
2505
2210
1758
1302
463
-699
-1247
-1286
-1317
-1406
-1378
-1401
-1829
-2003
-1920
-1759
-1563
-1399
-994
-398
46
227
394
647
683
771
1243
1396
1198
981
753
456
-67
-363
-423
-694
-1137
-1618
-1819
-1915
-2590
-3460
-3581
-3377
-3883
-4158
-3705
-3638
-3922
-3680
-3055
-2525
-1721
-611
440
1132
1180
846
1409
2630
3102
3456
4683
5453
5157
4915
5109
5180
4537
3545
3138
3317
3219
2389
1635
1018
-288
-1481
-1606
-1197
-1388
-1983
-1979
-1827
-1982
-2245
-2215
-1789
-1625
-1619
-1018
-76
309
167
304
868
1131
1218
1510
1513
1109
773
660
476
187
-105
-480
-828
-1340
-1928
-2227
-2495
-2988
-3395
-3451
-3496
-3908
-4228
-4264
-4348
-4242
-3693
-3052
-2439
-1367
21
991
1006
518
653
1705
2915
3790
4753
5708
5708
4998
4838
5344
5374
4440
3555
3437
3527
3019
2074
1273
2
-1609
-2274
-1888
-1480
-1793
-2286
-2371
-2397
-2552
-2669
-2308
-1819
-1775
-1607
-805
92
421
496
952
1593
1988
2133
2114
1894
1476
1299
1326
1077
577
116
-388
-1005
-1693
-2250
-2593
-3041
-3578
-3696
-3420
-3550
-4291
-5044
-5124
-4818
-4463
-3843
-3094
-2386
-1329
222
1249
1063
619
989
2216
3560
4571
5475
6086
5692
4735
4673
5633
5866
4723
3528
3192
3194
2650
1715
732
-675
-2231
-2800
-2141
-1585
-2061
-2740
-2911
-2864
-2849
-2647
-2054
-1622
-1609
-1340
-429
664
1120
1150
1545
2147
2494
2573
2434
2096
1590
1320
1288
1099
718
117
-636
-1422
-2068
-2534
-3038
-3558
-3929
-3945
-3859
-4132
-4785
-5404
-5544
-5191
-4604
-3795
-2989
-2244
-1103
505
1573
1291
802
1350
2708
4045
5066
5932
6315
5802
5026
5154
6098
6265
5055
3716
3229
3150
2692
1819
690
-865
-2419
-2885
-2223
-1780
-2354
-3151
-3295
-2993
-2761
-2485
-1957
-1701
-1797
-1541
-533
679
1190
1152
1418
2038
2413
2295
2030
1759
1360
1110
1184
1210
670
-269
-1161
-1861
-2351
-2715
-3193
-3672
-3962
-4114
-4157
-4295
-4767
-5375
-5447
-4736
-3738
-2873
-2435
-2285
-1721
-167
1614
2236
1847
1834
2724
3974
5006
5699
5974
5658
5046
4993
5946
6761
5914
3900
2393
2040
2182
2034
1345
-9
-1724
-2910
-2890
-2202
-2097
-2820
-3448
-3254
-2581
-2045
-1702
-1653
-1922
-1994
-1257
185
1412
1745
1488
1360
1652
1978
2063
1821
1277
780
646
739
504
-216
-1061
-1805
-2331
-2571
-2705
-3042
-3623
-4036
-4036
-3808
-3773
-4043
-4294
-4231
-3764
-3041
-2299
-1913
-1800
-993
919
2643
2736
1875
1798
2804
3977
4785
5379
5710
5400
4641
4542
5488
5926
4636
2720
1794
1997
2311
2043
1074
-506
-2205
-3076
-2548
-1570
-1530
-2380
-2949
-2682
-2137
-1834
-1714
-1743
-1880
-1715
-780
620
1512
1433
891
806
1365
1834
1680
1049
443
191
248
367
200
-291
-989
-1778
-2329
-2506
-2655
-3135
-3594
-3621
-3348
-3169
-3277
-3639
-3973
-3971
-3471
-2603
-1833
-1652
-1585
-469
1548
2656
2137
1396
1785
2973
3990
4648
5204
5358
4764
4067
4475
5635
5644
3948
2174
1757
2231
2393
1780
588
-966
-2423
-2844
-1985
-1101
-1389
-2411
-2846
-2317
-1690
-1588
-1745
-1875
-1873
-1418
-299
951
1514
1062
362
462
1308
1806
1393
563
24
23
219
238
14
-451
-1203
-1960
-2266
-2239
-2453
-3106
-3604
-3345
-2761
-2687
-3061
-3371
-3527
-3585
-3280
-2476
-1640
-1482
-1710
-1025
986
2622
2337
1253
1297
2470
3564
4124
4532
4851
4652
4010
4021
5099
5604
4284
2371
1740
2360
2720
1983
699
-505
-1603
-2220
-1698
-679
-708
-1915
-2813
-2482
-1721
-1567
-1818
-1805
-1520
-1110
-439
440
1017
830
250
293
1140
1711
1280
358
-155
1
432
554
245
-179
-730
-1448
-1924
-1886
-1905
-2512
-3163
-3032
-2296
-2017
-2663
-3570
-3953
-3730
-3277
-2715
-2159
-1896
-1920
-1589
-286
1321
1760
973
520
1415
3005
4101
4299
4094
3999
4037
4288
5002
5628
5016
3249
1974
2261
3082
2796
1311
-149
-963
-1367
-1300
-776
-566
-1362
-2537
-2729
-1854
-1201
-1582
-2183
-1992
-1234
-541
-32
408
622
409
137
422
1041
1063
267
-439
-186
671
1035
518
-206
-660
-1039
-1411
-1499
-1413
-1787
-2629
-3007
-2465
-1876
-2191
-3103
-3558
-3372
-3119
-2922
-2544
-2195
-2329
-2533
-1752
257
1915
1588
228
87
1549
3030
3514
3709
4201
4424
4038
3916
4840
5555
4573
2817
2357
3275
3548
2332
895
80
-603
-1215
-820
217
35
-1607
-2864
-2471
-1545
-1509
-1903
-1754
-1240
-1083
-1048
-472
285
373
-106
-285
235
778
588
-102
-403
90
721
792
402
-30
-470
-998
-1273
-1010
-882
-1580
-2536
-2655
-2021
-1812
-2456
-3220
-3528
-3646
-3599
-3014
-2308
-2287
-2794
-2777
-1479
487
1523
1027
216
501
1771
3100
4059
4571
4605
4190
3780
4270
5494
5777
4341
2623
2308
2902
2805
1770
753
-18
-992
-1530
-814
15
-716
-2414
-3081
-2363
-1660
-1589
-1564
-1288
-1206
-1312
-781
370
1003
603
11
92
636
1039
1023
677
356
400
802
1059
786
122
-606
-1139
-1267
-1154
-1420
-2271
-3057
-3174
-2880
-2739
-2979
-3449
-3871
-4033
-3735
-2966
-2392
-2651
-3251
-3026
-1542
608
2134
1923
601
195
1586
3604
4766
4837
4525
4140
3630
3733
5025
6058
4949
2534
1317
1885
2500
1923
776
-246
-1218
-1776
-1119
22
-209
-1865
-2969
-2388
-1128
-498
-499
-603
-695
-732
-233
873
1625
1259
325
14
688
1490
1416
517
-229
-198
255
502
289
-326
-1303
-2221
-2289
-1668
-1613
-2711
-3826
-3788
-3035
-2608
-2761
-3201
-3773
-4128
-3602
-2327
-1565
-2140
-3031
-2665
-962
1104
2579
2653
1289
89
952
3467
5309
5157
3982
3235
3004
3169
4162
5333
4800
2325
405
843
2217
2224
805
-509
-1076
-1252
-873
79
407
-709
-2090
-2005
-599
475
433
-29
-213
-192
69
852
1635
1469
435
-269
128
928
951
120
-611
-638
-343
-295
-580
-1011
-1592
-2274
-2478
-2001
-1754
-2514
-3567
-3619
-2755
-2164
-2338
-2665
-2797
-3017
-3042
-2185
-1038
-1017
-1987
-2136
-789
593
1197
1751
2105
1288
130
833
3198
4304
3044
1745
2181
2936
2585
2414
3340
3500
1666
-6
700
2278
2077
510
-197
198
285
58
566
1322
924
-283
-504
601
1463
1142
508
529
856
862
736
858
938
396
-537
-850
-270
141
-412
-1214
-1321
-1114
-1506
-2125
-2063
-1639
-1865
-2514
-2467
-1969
-2265
-3176
-3135
-1898
-1128
-1621
-2248
-2166
-2016
-2097
-1564
-441
-139
-1092
-1906
-1442
-374
430
1228
1800
1096
-409
-567
1081
2459
2175
1335
1322
1668
1527
1616
2607
3175
2138
771
915
2075
2614
2284
1915
1724
1284
962
1533
2510
2555
1537
678
762
1295
1431
1109
824
632
209
-345
-496
-198
-234
-1077
-1864
-1642
-1016
-1193
-1926
-2126
-1930
-2211
-2575
-1952
-894
-1020
-2202
-2593
-1739
-1161
-1443
-1405
-596
-320
-1102
-1655
-1154
-461
-466
-637
-433
-387
-943
-1541
-1603
-1428
-1419
-1229
-404
375
44
-1148
-1801
-1187
-43
667
919
1125
1218
858
578
1443
3112
3884
3140
2218
2431
3310
3683
3589
3583
3300
2423
1962
2749
3656
3145
1664
850
1006
1078
619
256
120
-521
-1594
-2035
-1496
-1096
-1750
-2708
-2736
-1998
-1644
-1999
-2282
-2097
-1966
-2067
-1761
-885
-459
-1080
-1704
-1201
-164
96
-351
-486
-182
-191
-534
-522
-184
-358
-1183
-1706
-1463
-1286
-1884
-2706
-2924
-2617
-2437
-2244
-1476
-762
-1336
-2679
-2736
-1060
446
563
409
1211
2173
2182
2193
3458
4929
4846
3804
3766
4786
5172
4569
4194
4341
3981
3048
2804
3356
3224
1884
683
476
396
-272
-858
-804
-851
-1654
-2533
-2627
-2253
-2172
-2321
-2167
-1740
-1636
-2024
-2357
-2133
-1559
-1167
-965
-623
-210
-287
-834
-965
-336
268
254
79
152
-64
-913
-1586
-1378
-909
-1068
-1631
-2034
-2534
-3334
-3721
-3237
-2713
-2979
-3479
-3322
-2711
-2171
-1543
-843
-730
-1129
-815
765
2450
2998
2874
3016
3280
3450
4235
5749
6510
5495
3916
3582
4383
5025
5022
4634
3724
2167
877
875
1660
1776
738
-616
-1461
-1710
-1598
-1318
-1104
-1308
-1990
-2648
-2614
-1852
-1170
-1219
-1604
-1650
-1408
-1278
-1112
-540
40
-67
-593
-626
-180
-88
-444
-501
-172
-217
-787
-1160
-1148
-1402
-2101
-2498
-2243
-2029
-2379
-2883
-3082
-3179
-3352
-3201
-2571
-2107
-2243
-2427
-2054
-1347
-741
-59
865
1485
1306
954
1442
2662
3586
3774
3717
3747
3616
3362
3630
4508
5035
4421
3196
2474
2514
2657
2492
2179
1699
825
-133
-388
117
473
58
-646
-933
-859
-831
-836
-641
-467
-702
-1078
-982
-443
-141
-341
-549
-383
-149
-227
-429
-428
-380
-579
-792
-660
-509
-898
-1632
-1969
-1778
-1637
-1835
-2095
-2259
-2547
-2906
-2930
-2562
-2280
-2385
-2558
-2455
-2155
-1798
-1385
-998
-855
-890
-712
-180
433
869
1117
1186
1091
1128
1626
2318
2529
2136
1758
1823
2055
2155
2239
2341
2101
1401
916
1214
1868
1976
1363
645
317
371
647
1063
1362
1156
514
47
235
871
1373
1449
1220
886
589
556
918
1354
1335
790
204
1
88
118
-18
-283
-701
-1236
-1615
-1615
-1493
-1673
-2177
-2624
-2782
-2775
-2726
-2611
-2495
-2587
-2821
-2822
-2427
-1944
-1708
-1644
-1479
-1174
-872
-579
-238
42
178
344
668
974
1066
1017
1009
1034
1046
1114
1263
1257
943
530
334
348
353
288
228
134
-105
-387
-443
-209
74
182
178
232
370
532
757
1133
1601
1916
1948
1876
1972
2228
2433
2510
2562
2598
2464
2181
1945
1825
1644
1289
890
588
304
-60
-446
-768
-1048
-1355
-1643
-1837
-1934
-2033
-2184
-2361
-2516
-2559
-2494
-2378
-2228
-2029
-1814
-1698
-1664
-1534
-1244
-928
-682
-445
-199
-68
-95
-57
205
505
604
520
425
357
250
181
271
367
250
-56
-306
-370
-343
-358
-392
-418
-488
-601
-655
-549
-347
-219
-203
-139
71
353
542
632
759
925
1068
1222
1460
1714
1791
1671
1594
1661
1717
1663
1609
1593
1481
1218
973
879
785
547
278
127
-7
-295
-638
-830
-879
-915
-977
-1004
-1008
-1073
-1156
-1111
-920
-709
-575
-501
-430
-332
-200
-29
150
266
297
259
195
165
164
140
65
-42
-136
-225
-342
-488
-618
-713
-790
-843
-859
-866
-902
-973
-1011
-972
-875
-756
-638
-527
-429
-336
-229
-79
98
265
405
534
646
742
815
878
939
965
956
923
886
841
769
679
570
451
324
189
77
-16
-112
-241
-381
-491
-542
-543
-534
-532
-544
-566
-552
-477
-356
-233
-158
-101
-3
129
263
386
480
542
577
628
738
857
883
807
705
644
639
637
615
553
408
213
72
36
36
-29
-182
-334
-428
-474
-477
-439
-402
-420
-480
-499
-439
-359
-299
-234
-141
-42
19
56
96
129
137
142
194
265
271
200
104
51
39
34
18
-23
-123
-274
-409
-490
-515
-530
-574
-633
-701
-793
-877
-900
-860
-805
-773
-760
-730
-675
-632
-579
-483
-359
-216
-73
48
150
226
287
370
478
587
684
747
780
787
783
792
806
813
808
757
665
571
497
444
387
301
214
143
64
-12
-68
-99
-110
-120
-114
-75
-24
25
77
130
198
293
397
488
555
607
670
740
780
785
760
730
714
693
634
513
349
202
86
-12
-110
-239
-414
-629
-827
-956
-1037
-1115
-1201
-1292
-1383
-1468
-1531
-1535
-1486
-1433
-1379
-1295
-1189
-1088
-994
-872
-705
-518
-338
-172
-38
59
152
268
413
549
656
729
765
768
760
763
763
735
673
608
552
493
426
349
265
191
146
133
140
133
104
82
90
142
229
323
404
459
496
536
602
699
804
892
926
904
849
786
745
730
714
667
575
438
268
105
-16
-105
-188
-304
-448
-593
-719
-810
-868
-914
-966
-1020
-1062
-1076
-1068
-1044
-1011
-975
-942
-901
-835
-755
-683
-626
-566
-485
-384
-286
-220
-197
-190
-170
-117
-50
11
40
29
0
-18
-4
29
61
75
74
70
92
144
211
271
321
382
461
541
602
653
707
774
846
917
987
1031
1034
1017
993
965
934
879
809
730
643
557
473
389
298
198
88
-23
-127
-213
-291
-361
-424
-485
-535
-571
-596
-606
-601
-594
-591
-598
-609
-611
-594
-576
-567
-582
-614
-640
-643
-615
-579
-566
-588
-630
-664
-654
-602
-533
-483
-470
-490
-508
-483
-403
-288
-191
-133
-96
-53
15
105
203
305
396
470
544
629
713
783
840
894
944
987
1018
1029
1005
952
901
863
819
750
658
567
480
398
317
241
164
81
9
-44
-80
-112
-149
-173
-185
-184
-169
-144
-122
-114
-110
-100
-80
-61
-66
-90
-125
-166
-204
-242
-279
-326
-394
-483
-573
-658
-741
-814
-878
-934
-987
-1046
-1078
-1073
-1055
-1040
-1017
-974
-912
-836
-742
-615
-470
-336
-216
-77
74
230
395
567
734
871
970
1046
1121
1195
1264
1318
1345
1329
1281
1214
1139
1074
1014
939
841
724
596
471
354
248
160
81
-3
-80
-149
-220
-279
-308
-310
-303
-294
-282
-264
-255
-257
-251
-217
-178
-152
-136
-129
-144
-174
-206
-233
-259
-296
-346
-402
-471
-550
-618
-678
-736
-791
-840
-875
-899
-924
-945
-945
-934
-906
-850
-775
-688
-596
-495
-382
-260
-137
-11
121
259
400
534
651
754
846
924
989
1042
1085
1107
1102
1080
1064
1042
998
926
838
747
655
577
516
455
374
273
179
108
52
10
-12
-29
-60
-106
-148
-165
-166
-162
-153
-141
-137
-146
-167
-182
-188
-198
-217
-233
-249
-274
-318
-375
-428
-470
-506
-536
-570
-610
-669
-733
-769
-774
-766
-768
-766
-752
-730
-693
-634
-563
-491
-427
-360
-273
-169
-65
39
143
236
326
411
498
587
663
719
765
803
835
866
890
904
901
875
834
795
759
720
676
626
572
508
436
364
305
253
193
128
59
-5
-65
-118
-164
-205
-244
-285
-317
-341
-358
-371
-384
-398
-410
-413
-413
-423
-439
-447
-444
-428
-411
-404
-413
-435
-451
-448
-433
-413
-405
-405
-405
-394
-373
-342
-312
-288
-259
-228
-195
-158
-114
-70
-21
29
79
131
180
223
269
320
365
409
446
470
488
507
531
550
551
545
545
548
537
520
501
474
437
395
359
326
280
215
151
89
32
-28
-87
-138
-197
-267
-330
-372
-398
-424
-454
-484
-503
-515
-517
-508
-493
-471
-442
-409
-371
-335
-300
-262
-218
-165
-111
-57
-11
30
74
123
173
214
241
257
270
282
294
300
297
282
259
238
220
203
184
163
139
114
96
89
83
79
78
77
77
74
72
87
106
122
127
133
140
140
132
128
122
114
102
83
59
30
-12
-60
-106
-150
-193
-241
-298
-358
-413
-459
-494
-527
-552
-578
-602
-617
-607
-578
-544
-504
-459
-403
-340
-272
-191
-102
-13
69
150
239
320
391
450
508
564
604
630
646
651
648
632
605
569
527
477
422
370
320
274
221
162
108
67
34
10
-13
-29
-37
-36
-26
-8
15
34
53
77
103
128
141
148
153
154
146
129
104
65
10
-44
-97
-155
-225
-303
-384
-466
-546
-623
-686
-737
-786
-836
-872
-888
-885
-866
-833
-785
-727
-668
-605
-522
-420
-304
-186
-74
31
131
228
324
420
504
568
615
642
661
676
668
644
607
560
508
452
396
338
274
207
149
102
64
33
10
-6
-9
1
25
62
96
131
171
220
274
327
374
413
443
461
479
493
495
479
445
400
345
281
208
125
30
-74
-184
-291
-392
-487
-577
-658
-728
-784
-827
-850
-851
-832
-806
-765
-711
-643
-553
-457
-356
-251
-149
-49
49
142
223
292
348
390
416
423
421
403
372
324
266
201
130
56
-15
-78
-142
-207
-265
-315
-348
-364
-358
-336
-310
-276
-227
-164
-93
-16
71
163
252
333
409
484
547
595
634
664
685
685
664
625
572
510
437
362
281
187
81
-28
-127
-217
-298
-370
-441
-499
-543
-570
-577
-570
-548
-515
-467
-408
-341
-264
-192
-118
-42
32
110
178
231
271
302
323
331
325
304
272
234
183
132
77
14
-54
-116
-173
-218
-256
-303
-339
-353
-353
-335
-296
-260
-224
-177
-137
-82
-5
62
133
199
242
294
346
376
403
419
407
389
367
321
266
215
146
66
-9
-86
-159
-237
-314
-385
-447
-497
-535
-555
-554
-545
-522
-505
-479
-412
-342
-260
-159
-76
-13
66
149
223
313
403
451
492
516
518
528
529
508
460
405
366
318
250
178
108
34
-35
-95
-156
-190
-213
-244
-256
-248
-241
-212
-173
-148
-105
-35
38
107
170
212
253
303
343
384
427
459
444
426
411
374
324
272
204
105
8
-76
-151
-225
-304
-393
-472
-548
-602
-656
-683
-680
-696
-694
-669
-637
-585
-506
-440
-394
-348
-282
-215
-128
-28
65
143
185
249
296
319
346
354
359
340
308
289
279
254
208
180
148
102
54
9
-18
-32
-50
-43
-38
-33
-29
-26
14
67
110
130
182
230
233
264
294
326
348
373
390
383
396
385
353
333
289
217
155
109
80
0
-68
-86
-164
-211
-234
-247
-380
-353
-280
-564
-681
-518
-548
-641
-424
-327
-402
-343
-215
-388
-374
-284
-321
-273
-190
-186
-72
157
200
75
151
287
202
116
153
263
153
76
216
201
134
265
343
231
200
257
93
91
189
76
60
227
166
138
230
286
247
299
291
171
191
223
160
176
200
180
158
154
139
101
139
47
-4
17
-6
-91
-111
-106
-134
-232
-294
-341
-359
-386
-379
-342
-374
-399
-474
-514
-460
-498
-539
-420
-401
-476
-432
-319
-326
-308
-243
-242
-208
-131
-121
-86
-29
31
58
96
175
174
230
287
284
300
343
382
382
416
443
438
447
437
408
412
398
409
446
463
400
325
373
359
284
300
336
285
303
269
166
175
230
204
154
140
53
43
56
22
-12
29
56
-72
-155
-162
-193
-376
-342
-385
-548
-536
-471
-505
-524
-504
-653
-698
-675
-732
-732
-646
-612
-613
-605
-608
-522
-566
-492
-393
-384
-236
-178
-181
-88
47
24
16
187
253
231
333
361
443
532
547
550
561
583
546
544
609
539
569
615
542
547
544
506
488
515
408
284
316
344
314
303
242
247
269
131
157
208
87
117
124
19
9
64
8
-27
1
-96
-211
-156
-201
-310
-292
-358
-472
-499
-475
-554
-647
-589
-637
-795
-691
-723
-757
-692
-722
-697
-727
-663
-535
-507
-478
-386
-303
-287
-162
-9
-115
1
131
16
246
342
265
400
434
432
483
520
551
563
552
439
481
540
430
551
510
443
505
361
326
390
334
224
218
333
266
224
353
249
254
277
202
207
242
304
191
182
236
85
123
102
45
102
-78
-26
-78
-289
-295
-350
-429
-510
-405
-468
-602
-433
-556
-787
-620
-646
-719
-613
-589
-641
-733
-513
-489
-563
-340
-354
-403
-275
-117
-207
-175
66
-159
-124
207
103
217
313
290
323
305
434
417
471
487
401
434
385
450
483
404
460
407
337
368
265
339
277
233
342
277
358
291
228
286
180
157
196
313
276
163
283
88
82
216
-97
55
177
-158
-111
-68
-261
-286
-174
-338
-514
-256
-471
-622
-355
-608
-570
-503
-598
-425
-509
-437
-340
-469
-571
-395
-245
-317
-140
-120
-273
-64
-43
-111
89
3
71
116
-30
201
220
58
146
177
103
147
230
276
114
68
135
25
-80
235
206
-21
227
94
-33
196
213
191
323
269
224
287
154
345
440
198
405
505
184
409
460
134
278
238
70
126
233
186
22
20
29
-89
-297
-32
66
-357
-29
-104
-515
-74
-130
-589
-82
21
-586
-97
-39
-478
-90
99
-370
-34
101
-353
-31
41
-79
-212
71
44
-141
-9
75
-170
-320
-150
-231
-138
-67
-56
-374
-162
-379
-501
-207
-363
-71
-214
-269
-42
-167
-281
-7
-171
-192
296
182
125
438
321
158
268
243
261
404
357
620
341
347
533
262
252
369
187
72
320
-108
118
177
-10
218
-225
-10
75
-307
71
98
-427
48
284
-382
293
456
-322
119
322
-364
445
534
-7
438
243
-1
119
270
73
101
134
38
-256
-108
-80
-204
-509
-227
-345
-868
81
-501
-833
-53
-666
-1135
-192
-496
-820
-41
-379
-544
-471
17
-428
-11
145
-82
-69
-155
244
-58
31
634
65
-122
619
-62
-42
584
-22
-175
268
-25
-44
227
142
-66
-38
-145
-51
-51
52
215
97
-157
308
34
2
713
-46
485
662
-52
625
731
388
817
726
212
673
587
401
604
654
301
406
239
1
419
-185
205
-56
-524
-44
-326
-623
-118
-267
-989
-461
-399
-1084
-328
-138
-782
-474
-234
-991
-419
-89
-467
-13
-46
-290
-383
-63
49
-187
192
121
-151
129
150
-170
29
218
-142
-90
-11
-153
83
276
-348
48
-237
-620
161
-23
-204
189
-36
-328
23
289
-112
499
426
-151
344
315
211
671
758
218
561
509
80
722
625
165
707
342
-299
477
244
-109
208
73
-357
-425
242
-565
-71
-24
-631
-642
-200
-380
-500
346
-423
-627
-383
-415
-663
158
200
-372
201
-177
-476
-11
76
-163
233
116
243
196
331
533
-91
126
-20
-226
230
374
426
86
170
-129
-328
-84
-178
84
-107
5
-41
-357
203
12
-305
286
-153
-130
482
7
165
493
30
-226
339
-92
-163
677
-76
-119
339
-178
-214
286
-274
-33
-285
-218
88
-338
55
-17
-505
-257
-176
-569
-62
-240
-124
-290
-291
-152
-423
-127
-459
3
-277
-107
184
-129
211
136
-81
87
368
-78
490
663
128
591
517
-86
497
645
-45
559
552
162
234
691
-72
187
343
-295
218
55
362
113
105
228
-259
162
84
-117
206
-148
189
-206
-8
267
-259
108
-182
-209
-53
-279
101
-400
-28
-386
-246
-187
-502
-78
-413
-495
-216
-583
-328
-313
-546
-230
-619
-220
-443
-234
-289
-252
-182
-331
-164
-247
-114
33
-116
173
-50
29
-92
331
-14
321
260
223
225
326
338
133
618
156
492
338
598
365
565
253
471
309
341
369
256
521
350
318
329
229
395
3
218
278
-42
248
-70
49
107
-156
89
-414
-16
-181
-535
-27
-424
-228
-608
-278
-385
-670
-210
-640
-733
127
-1009
-232
-371
-554
-180
-740
-9
-749
-31
-299
-476
61
-240
-262
-83
-159
-38
-148
159
39
19
183
-139
296
149
207
231
323
199
351
407
340
421
596
272
388
743
264
932
336
612
596
386
640
463
605
285
667
-74
648
189
100
424
-86
295
-89
-81
-104
-32
-481
64
-467
-402
-94
-557
-471
-404
-353
-868
-277
-562
-711
-69
-786
-449
-404
-683
-413
-385
-659
-129
-558
-401
-48
-595
35
-349
-105
-438
54
-256
-138
186
-398
291
-187
-21
194
10
81
280
24
214
418
51
622
162
644
111
745
326
526
848
173
1019
318
738
678
573
610
676
539
236
756
249
129
602
78
-125
623
-523
355
-244
-194
8
-751
298
-803
-27
-352
-479
-257
-572
-210
-638
-508
-165
-858
-325
-392
-729
-214
-581
-523
-263
-747
-168
-721
-276
-401
-449
-38
-707
117
-572
-86
-129
-521
286
-385
58
-213
321
-337
446
-25
28
435
23
563
-24
941
-21
735
409
439
835
395
930
494
759
693
744
417
1032
432
355
890
-45
746
95
432
100
379
33
-112
356
-437
286
-333
-306
-65
-499
-260
-357
-339
-395
-306
-483
-460
-385
-427
-580
-254
-662
-521
-233
-927
48
-787
-224
-380
-607
18
-782
-4
-383
-418
-179
-447
-149
-403
-27
-181
-388
48
-119
-360
358
-241
92
235
-41
473
-87
695
262
244
769
274
588
713
575
649
652
659
685
445
889
409
544
701
272
705
221
501
162
210
265
-91
145
12
-38
-78
-2
-224
-158
-239
-188
-432
-233
-356
-452
-260
-562
-212
-624
-359
-588
-493
-514
-533
-416
-633
-243
-758
-285
-546
-381
-499
-293
-385
-394
-192
-339
-75
-440
25
-384
-60
-105
-101
83
-65
153
-33
266
203
153
399
271
352
349
474
465
498
602
569
585
679
646
616
691
533
678
546
411
797
181
548
414
67
424
103
62
202
48
0
107
-284
159
-308
-111
-180
-318
-170
-385
-57
-647
65
-526
-384
-272
-465
-314
-406
-375
-531
-205
-670
-258
-501
-442
-399
-514
-379
-406
-338
-494
-148
-538
-237
-320
-351
-193
-209
-125
-216
185
-331
230
-39
10
341
-71
462
108
357
453
348
396
469
408
259
606
433
437
475
558
222
624
298
216
555
76
385
153
269
214
187
158
86
195
-112
241
-78
111
-21
60
-174
73
-115
-268
86
-484
188
-489
-62
-209
-296
-31
-474
-153
-293
-343
-255
-368
-264
-285
-423
-250
-317
-361
-81
-499
-54
-429
-99
-339
-159
-45
-447
186
-374
120
-82
20
67
11
240
-28
291
94
390
49
434
274
255
404
228
499
187
689
28
576
272
241
396
97
419
-36
293
148
35
260
30
-26
127
-77
-81
-5
-66
22
-262
-39
-95
-205
2
-339
12
-339
-126
-274
-215
-66
-392
-138
-297
-201
-140
-355
-78
-123
-384
57
-336
-198
21
-338
-51
-188
-87
-206
-128
42
-177
9
-23
-54
78
17
31
165
88
185
28
245
218
132
434
39
410
265
177
518
145
427
251
309
310
250
256
209
269
226
-8
209
54
146
-54
-7
-12
-179
-69
-229
-132
-136
-182
-340
-150
-227
-250
-219
-223
-103
-364
-88
-311
-91
-224
-208
-126
-297
-53
-258
-65
-182
-40
-214
-160
-165
-33
-202
-185
5
-212
-36
-141
-58
-53
-47
-16
-176
208
-97
139
132
196
195
95
288
133
351
75
446
230
305
385
156
456
211
249
295
140
295
240
123
348
128
144
139
45
131
-65
117
-67
-65
174
-305
38
-95
-203
-82
-331
55
-328
-119
-101
-222
-33
-232
-106
-210
-194
-75
-239
-219
91
-401
-61
-106
-169
-75
-310
88
-490
139
-227
-252
93
-237
-71
-138
-129
81
-244
87
31
-278
459
-348
318
83
30
352
-125
446
-19
246
303
83
266
245
170
296
161
322
85
101
369
-239
387
5
22
293
-321
391
-308
37
181
-377
278
-269
1
-88
-89
-34
-206
-60
18
-347
135
-152
-204
201
-386
200
-342
160
-51
-301
302
-362
57
-94
-149
8
-116
-95
3
-213
149
-252
-13
117
-339
227
-296
173
-95
-20
160
-189
311
-164
189
51
95
229
-81
367
10
237
141
250
19
309
102
139
267
-10
376
-256
425
-214
41
68
-117
-67
-123
151
-533
194
-344
-132
-171
-272
13
-524
132
-449
-124
-212
-93
-249
-154
-31
-307
68
-180
73
-267
194
-199
66
43
-74
230
-261
373
-184
180
54
94
145
-33
283
-90
242
52
130
-76
319
-84
89
308
-222
472
-90
254
76
217
259
-14
417
82
139
288
143
169
183
186
159
119
178
125
-1
218
14
-117
101
-95
-200
-74
-110
-265
-200
-146
-281
-245
-216
-255
-314
-273
-227
-388
-232
-294
-121
-388
-158
-113
-300
-46
-122
-189
59
-194
17
-149
149
-86
-112
311
-283
255
28
20
199
41
127
82
122
233
-78
227
212
-118
401
-26
203
97
203
201
-64
453
6
103
298
111
132
249
150
217
67
387
-93
276
170
-53
291
-248
374
-302
17
57
-338
53
-286
-61
-357
-34
-276
-351
-83
-466
-198
-370
-133
-397
-267
-129
-306
-235
-138
-154
-357
163
-375
5
-95
-87
-17
-184
223
-345
221
-121
85
-85
145
164
-221
494
-238
229
125
76
130
120
184
140
212
210
310
51
438
150
224
192
322
162
182
435
-80
470
140
253
309
98
417
-72
368
9
201
-4
236
-69
-57
194
-349
265
-387
83
-244
-205
2
-474
-3
-301
-252
-289
-187
-370
-227
-230
-264
-272
-273
-106
-509
83
-486
23
-354
-145
-101
-400
114
-241
-163
31
-171
-68
-91
58
-73
-37
51
-112
98
-55
156
-70
276
-29
25
265
27
211
246
57
400
-100
466
87
177
464
-67
576
-99
490
89
225
404
51
324
152
267
-29
352
-68
189
-35
171
-142
110
63
-179
175
-360
227
-486
148
-238
-208
-58
-317
-88
-425
156
-582
150
-458
-142
-144
-333
26
-364
-20
-257
-113
-234
-52
-233
-13
-171
-43
-62
-210
190
-273
122
-78
-15
-16
-159
287
-392
402
-107
5
240
-125
296
-45
264
103
97
142
190
102
203
165
154
236
181
155
211
161
328
-42
321
31
142
187
-116
328
-172
136
34
-130
125
-93
-66
84
-251
41
-151
-67
-25
-200
51
-142
-145
38
-313
40
-143
-158
56
-326
185
-425
54
5
-458
338
-476
318
-432
198
-198
-64
64
-195
194
-298
380
-378
268
-86
49
-9
110
5
118
26
56
155
-215
465
-160
271
72
90
142
-71
375
-143
228
112
-37
231
-27
146
71
-68
238
-242
88
73
-222
119
-71
-94
48
-132
-25
-52
-259
264
-467
230
-213
-72
19
-191
109
-304
128
-135
-93
58
-120
-115
75
-324
208
-309
-15
50
-441
304
-380
137
-119
-66
119
-332
208
-222
71
8
-83
136
-83
118
144
-12
387
-80
223
265
-44
416
-8
303
121
114
312
-24
321
-22
150
34
65
74
-11
46
96
-129
71
-7
-166
169
-332
174
-200
-68
28
-280
158
-178
-28
-49
-155
49
-158
-60
42
-226
-11
-39
-157
34
-244
115
-339
7
-82
-191
38
-182
-55
-73
-197
30
-136
-136
94
-262
147
-141
36
46
-100
227
-133
189
102
5
245
19
254
33
187
179
157
155
248
78
254
95
154
212
-10
221
-98
132
-13
-21
126
-184
170
-148
-50
41
-154
45
-195
39
-153
-35
-98
12
-125
-48
-21
-136
30
-78
1
-135
93
-194
-8
-2
-70
4
-67
-24
-149
19
-229
70
-200
-66
-2
-230
156
-150
-4
-67
10
-61
-37
49
-1
40
54
24
0
232
-58
192
52
196
53
176
113
158
203
75
238
41
234
110
98
186
75
26
134
16
93
-10
7
-20
-85
3
-187
44
-178
-67
-78
-215
14
-219
-109
-28
-257
-27
-155
-206
-6
-188
-106
-22
-217
-42
-123
-224
72
-282
22
-203
-13
-83
-160
7
-197
12
-143
-111
-17
-14
-89
4
-25
65
11
-22
178
-101
271
-100
247
70
61
339
-38
361
71
264
140
351
154
248
284
182
321
177
193
289
91
188
220
-3
297
-24
114
52
-16
47
-153
38
-188
-46
-48
-280
86
-298
-150
-25
-366
21
-281
-179
-49
-312
-71
-165
-252
74
-300
-62
-73
-224
8
-279
21
-210
-96
-119
-163
-43
-153
-111
-100
-100
-173
-53
-150
8
-184
30
-114
9
88
-153
228
-16
141
104
140
207
158
191
254
144
265
204
197
274
244
181
221
279
70
306
38
153
129
5
82
60
22
79
-82
17
55
-132
107
-115
20
-60
-68
-41
-45
9
-139
69
-144
-29
-61
-134
3
-70
-177
-27
-62
-134
-26
-152
-41
-123
-145
-88
-114
-132
-36
-221
-76
-46
-231
5
-148
-111
9
-253
107
-150
-24
90
-161
150
-25
56
16
113
65
79
110
177
67
201
138
70
164
48
155
-5
215
24
38
92
-13
30
-28
43
-93
6
-60
-50
-67
7
-79
-84
70
-153
-34
34
-44
-11
14
-44
8
-5
-54
46
-98
60
-96
36
26
-53
88
-103
109
-65
26
23
-61
139
-114
55
55
-54
98
-33
-13
90
-16
37
151
-69
127
4
65
41
82
68
67
95
1
135
-44
145
104
-66
238
-77
74
113
-55
30
-6
-3
-102
13
-97
-97
-41
-145
-146
-103
-235
0
-255
-152
-39
-332
-25
-174
-181
-83
-165
-127
-130
-121
-65
-94
-36
-46
-154
57
-195
64
-64
-53
69
-122
140
-7
83
87
102
56
128
106
93
165
199
112
149
248
27
324
76
195
247
55
334
86
220
209
66
233
129
136
169
106
164
93
57
84
58
53
38
63
-41
23
-22
-161
10
-161
-109
-55
-232
-46
-227
-208
-146
-280
-218
-255
-267
-178
-250
-280
-182
-298
-196
-199
-223
-130
-217
-134
-191
-66
-169
-76
-57
-124
10
-93
-31
69
-89
77
39
-44
194
-55
175
81
94
161
83
243
125
198
250
123
272
168
188
342
109
353
186
251
344
112
346
142
209
199
78
277
37
163
114
-54
144
-95
-20
44
-122
65
-166
-88
-67
-282
-64
-280
-138
-164
-330
-103
-299
-177
-192
-310
-132
-308
-255
-188
-346
-107
-323
-198
-155
-298
-14
-271
-27
-134
-132
-48
-178
8
-118
-51
9
-57
-4
7
-22
131
-2
148
145
67
306
-12
375
90
243
311
125
382
213
281
325
279
287
319
226
327
185
287
197
184
261
60
261
40
164
108
-4
157
-51
82
-15
-59
41
-126
13
-74
-143
-22
-216
-125
-140
-228
-96
-245
-186
-138
-292
-121
-306
-202
-258
-284
-197
-320
-151
-330
-211
-203
-276
-138
-249
-162
-147
-171
-88
-131
-128
0
-191
49
-72
-24
104
-59
172
5
157
103
116
189
117
176
196
145
207
207
177
248
179
249
128
266
147
161
245
90
255
80
171
140
80
198
75
85
106
41
-5
90
-45
-11
8
-26
-67
-13
-54
-130
1
-176
-64
-106
-145
-44
-167
-79
-161
-122
-150
-190
-97
-200
-91
-125
-178
-97
-151
-159
-96
-170
-68
-155
-97
-37
-131
19
-80
-23
9
-75
71
-32
88
51
65
131
36
149
52
118
127
107
112
181
93
164
146
54
234
19
171
93
76
116
54
82
40
97
2
52
18
43
-10
97
-74
51
-19
-117
37
-147
-5
-88
-98
-25
-133
-53
-88
-114
-40
-134
-62
-63
-76
-17
-114
-27
-78
-75
-51
-77
-9
-65
-12
-13
-102
29
-75
-58
89
-110
54
59
-86
116
39
44
77
88
39
77
130
22
146
99
68
123
87
114
83
66
125
5
114
68
33
123
20
46
15
6
34
-30
31
-23
-24
-18
-46
-29
-79
-30
-80
-131
-19
-144
-94
-29
-169
-52
-107
-118
-94
-100
-103
-114
-62
-120
-62
-81
-139
-51
-88
-141
-8
-127
-73
-4
-102
3
-64
-26
-47
-29
-14
6
6
61
10
48
112
-13
145
69
118
102
131
123
153
141
119
172
95
162
135
114
126
182
32
155
125
0
173
24
49
100
24
31
36
32
-21
25
3
-14
-23
-15
-35
-39
-43
-46
-87
-51
-60
-136
-21
-107
-105
-43
-157
-84
-97
-148
-101
-113
-129
-101
-85
-127
-76
-85
-123
-69
-79
-86
-51
-56
-30
-29
-47
13
-38
28
-1
22
54
30
73
44
59
62
54
62
83
55
87
62
82
86
86
88
102
97
61
121
60
98
122
44
81
102
37
63
94
6
65
43
0
41
16
7
-12
-11
-47
-30
-30
-71
-13
-80
-44
-46
-88
-55
-57
-107
-74
-51
-108
-47
-89
-57
-108
-63
-86
-85
-32
-101
-33
-67
-33
-53
-39
-43
-23
-17
-24
-16
10
13
-8
51
2
25
39
6
55
27
37
40
28
38
26
38
47
22
55
50
48
71
55
78
48
78
58
55
84
42
74
42
38
67
-9
62
10
-5
43
-40
8
12
-47
5
-16
-62
-3
-64
-29
-42
-23
-66
-27
-26
-95
9
-85
-56
-11
-97
-41
-36
-84
-25
-84
-49
-56
-101
4
-104
-21
-26
-72
-7
-20
-24
-22
17
-8
4
30
20
12
68
-21
77
29
34
93
8
96
41
50
70
65
46
62
81
56
57
40
58
45
48
32
34
33
50
11
15
46
-32
25
-11
1
11
-6
19
-30
27
-15
-12
24
-31
11
-39
1
-10
-36
25
-34
-41
1
-75
-41
-16
-96
-19
-73
-54
-70
-56
-50
-102
-1
-100
-48
-21
-63
-7
-24
-40
-7
-1
-38
44
-3
1
35
6
-1
31
27
-4
35
-18
3
21
-10
35
-9
21
25
12
25
42
32
23
45
20
20
27
6
12
46
-23
26
7
15
18
-16
50
-11
26
-10
9
42
-23
30
31
-8
37
8
47
34
6
51
-26
58
-21
-31
56
-61
5
11
-22
0
16
6
-27
37
6
-54
32
-16
-68
50
-51
-28
30
-72
-19
-4
-10
-56
-21
10
-81
3
-19
-59
0
-50
-21
5
-44
8
-12
-5
3
-39
31
-42
-11
-10
-47
21
-51
3
1
-36
20
-27
1
-9
-21
17
-17
23
54
-22
71
14
24
65
-21
68
4
28
18
24
55
-14
48
23
-5
56
-11
30
44
-18
80
12
43
43
-2
46
-1
35
6
17
39
-6
31
1
1
27
-38
4
-8
-36
-3
-33
-15
-27
-29
-47
-37
-3
-79
-24
-18
-65
-31
-44
-57
-30
-52
-71
-53
-42
-51
-76
-12
-41
-71
-13
-55
-40
6
-26
-30
9
18
-52
43
23
-26
43
5
0
62
-1
12
58
8
29
37
43
27
58
41
25
70
51
32
91
55
63
77
63
96
84
85
88
54
92
63
29
84
19
26
32
12
32
-2
26
-16
-6
-6
-35
2
-13
-44
-9
-37
-51
-24
-52
-35
-67
-50
-69
-60
-54
-90
-74
-78
-110
-93
-84
-108
-89
-95
-97
-91
-62
-90
-79
-51
-64
-88
-37
-35
-71
-4
-32
-35
14
-16
-5
25
30
20
13
57
40
18
74
42
56
69
35
86
95
85
90
106
98
96
108
100
110
141
70
100
136
72
105
100
74
98
48
50
80
34
37
25
5
6
-6
-29
-5
-6
-67
-44
-35
-76
-46
-57
-95
-32
-105
-103
-47
-129
-72
-80
-133
-80
-84
-124
-77
-102
-128
-103
-114
-91
-97
-70
-95
-77
-65
-81
-35
-61
-34
-34
-41
0
-34
-14
24
-11
7
43
9
38
58
34
58
74
75
43
90
97
65
103
83
102
112
91
100
120
103
88
100
100
89
88
77
78
77
39
74
43
51
69
-6
51
46
-4
54
12
-22
27
-3
-39
30
-18
-59
-13
-51
-68
-27
-69
-58
-54
-109
-54
-77
-75
-60
-86
-77
-68
-97
-49
-46
-106
-21
-68
-84
-29
-71
-63
-41
-53
-59
-35
-62
-29
-26
-52
-7
-15
-21
6
9
-23
42
1
10
54
25
61
40
39
56
49
43
77
37
44
58
11
37
59
47
25
59
25
42
52
8
63
53
4
26
33
4
26
32
26
19
20
-13
-30
22
-17
-25
-12
-21
-24
-52
-13
-20
-42
-36
-41
-63
-32
-45
-54
-8
-58
-65
-25
-45
-45
18
-36
-57
6
-50
-41
24
-13
-28
16
-14
2
34
14
42
39
24
11
27
44
34
25
29
33
16
24
28
31
24
17
18
39
10
-5
48
20
6
29
17
18
37
17
12
41
16
-8
-1
21
3
-12
-14
6
1
-49
-33
-13
-38
-27
-28
-39
9
-39
-56
-21
-19
15
-31
-48
1
6
-28
0
20
-4
11
-11
-12
35
5
-24
47
12
-8
18
-9
22
19
19
26
16
33
3
9
57
18
19
50
11
12
19
23
24
14
3
-20
32
-14
-31
7
-18
8
-27
-51
-2
-11
-36
-36
-23
3
-44
-42
-17
-36
-27
-40
-47
-31
-15
-45
-58
-25
-51
-66
-32
-31
-19
-31
-64
-30
-24
-19
-13
-26
-12
-18
-18
1
-1
6
14
6
9
20
13
23
43
2
26
57
20
39
39
30
49
42
46
40
50
37
17
45
39
35
44
37
40
30
10
20
28
24
4
4
7
-20
12
-3
-2
23
-2
-13
-13
-4
-3
14
17
2
-11
-13
-18
7
-10
-28
1
-16
-24
-23
-20
-12
-32
-23
-30
-39
-14
-26
-34
-9
-11
-16
2
3
-4
-3
12
6
14
6
-10
26
17
21
36
19
11
25
25
24
37
23
11
22
30
9
21
35
10
4
12
21
10
-1
-2
-10
1
12
-8
-6
-3
-20
-9
1
-2
-4
-16
-31
-24
-12
-22
-21
-9
-36
-32
-25
-38
-15
-15
-28
-34
-30
-34
-33
-24
-19
-25
-25
-22
-30
-22
-13
-15
-23
-14
-25
-33
-13
-16
-17
-4
-12
-7
-3
0
8
1
0
2
14
25
29
28
28
30
23
24
34
27
34
36
25
40
28
17
27
21
27
27
18
18
22
8
6
18
2
3
-2
-12
1
-3
-11
3
-2
-3
1
-7
7
9
-2
-1
6
-11
-5
-3
-14
3
-5
-10
-3
-6
-6
-5
-19
-9
-7
-26
-12
-10
-13
-12
-15
-19
-12
-4
-15
-6
-4
-9
-1
-4
-2
11
3
5
12
9
19
13
17
20
20
16
17
20
19
26
22
20
20
11
13
9
4
8
10
-1
1
2
0
1
-3
-6
-5
-5
-12
-7
-11
-8
-2
-4
-1
-1
-1
1
3
2
3
2
1
3
1
1
3
-4
0
1
-2
-3
0
-5
-4
1
-12
-7
-9
-17
-16
-14
-22
-17
-13
-22
-15
-14
-17
-20
-15
-17
-16
-14
-15
-8
-15
-12
-13
-8
-4
-11
-12
-8
-10
-12
-8
-9
-6
-4
-9
-4
8
-2
3
2
-6
4
3
5
13
12
5
10
13
18
27
26
25
29
24
25
29
32
37
30
20
23
19
16
20
14
14
14
8
13
12
5
2
1
2
4
6
1
4
3
-3
-3
-4
-1
-3
-7
-11
-10
-11
-15
-12
-15
-15
-20
-25
-22
-20
-23
-22
-18
-24
-22
-23
-21
-11
-16
-19
-15
-17
-15
-13
-15
-11
-9
-14
-9
-8
-8
-8
-5
-6
-1
1
2
5
2
10
9
10
19
19
18
26
29
24
30
28
28
30
25
22
26
27
21
23
19
20
17
12
13
10
13
6
8
6
5
6
2
7
2
3
4
2
3
-2
-1
0
-2
-2
-4
-5
-9
-13
-13
-18
-17
-20
-21
-23
-29
-28
-30
-31
-32
-30
-33
-34
-35
-32
-33
-32
-26
-28
-26
-25
-25
-21
-18
-18
-14
-12
-7
-7
-3
-6
-1
3
5
11
10
12
12
13
19
22
20
21
22
28
29
32
29
31
36
31
32
33
33
31
32
33
35
36
32
30
27
23
27
24
24
24
17
15
14
10
13
8
7
5
-2
-2
-7
-9
-10
-15
-17
-19
-21
-25
-24
-27
-29
-26
-31
-30
-33
-35
-32
-32
-33
-33
-34
-32
-30
-34
-32
-34
-32
-29
-29
-27
-23
-19
-19
-15
-12
-5
-4
-1
1
2
6
7
10
16
15
16
20
22
24
26
27
29
33
33
36
36
38
39
39
36
37
34
31
32
25
25
20
18
18
15
11
8
4
3
2
-3
-3
-5
-11
-13
-14
-15
-17
-17
-21
-22
-24
-27
-30
-29
-32
-34
-33
-34
-33
-31
-31
-32
-28
-27
-24
-24
-21
-20
-19
-17
-17
-14
-14
-11
-11
-7
-6
-4
-2
0
0
2
5
4
6
8
6
10
12
13
15
13
15
18
20
22
23
23
25
24
26
28
25
26
26
26
24
26
26
26
23
22
25
23
23
22
17
16
16
16
17
16
10
13
11
9
8
4
2
-1
-3
-6
-8
-12
-12
-14
-18
-18
-20
-19
-19
-21
-19
-21
-21
-22
-22
-22
-24
-21
-21
-20
-17
-20
-18
-19
-18
-18
-19
-17
-18
-16
-16
-16
-14
-15
-12
-12
-10
-8
-7
-5
-4
-4
-2
-2
-1
-2
-2
2
5
6
7
8
8
11
11
9
11
13
14
14
12
11
14
15
15
15
15
14
13
11
8
11
8
8
8
8
6
4
3
3
1
-2
-2
-6
-6
-8
-8
-7
-9
-9
-10
-8
-11
-10
-15
-12
-12
-14
-12
-13
-11
-8
-7
-6
-4
-3
0
3
2
3
4
4
6
7
8
10
12
13
13
13
13
13
15
13
13
11
9
8
9
8
6
7
7
4
6
4
4
3
4
3
2
1
-1
-1
-1
3
-1
1
0
-1
1
0
0
0
0
0
0
-1
1
1
0
1
1
-1
2
-1
1
3
1
3
1
2
0
3
0
1
2
-1
-1
-2
-3
-2
-4
-6
-6
-10
-7
-7
-7
-6
-7
-7
-6
-6
-5
-4
-4
-3
-4
-1
-2
-1
0
0
-2
-2
-3
-3
-5
-7
-6
-8
-8
-9
-12
-11
-10
-10
-11
-13
-16
-12
-14
-12
-10
-10
-8
-7
-8
-7
-5
-5
-4
-4
-2
0
-1
-2
