1
1
3
3
3
3
4
5
2
0
1
1
4
3
3
1
2
4
3
2
0
0
0
1
2
1
1
0
-2
1
0
-2
-3
-5
-5
-5
-4
-6
-7
-6
-7
-7
-5
-5
-5
-6
-7
-6
-5
-6
-5
-3
-3
-3
-2
-3
-1
-2
-2
-1
-1
0
-1
-2
-2
-1
0
0
-1
1
0
-1
1
1
1
2
1
1
2
1
1
1
1
3
2
3
3
3
3
4
4
3
2
3
4
6
6
7
5
3
4
6
5
7
6
7
8
8
8
9
9
8
9
10
10
9
10
8
7
8
6
6
6
5
4
3
5
4
4
1
2
0
-1
-2
-4
-5
-5
-5
-4
-4
-4
-4
-4
-5
-6
-6
-7
-8
-8
-7
-5
-8
-10
-9
-7
-8
-11
-12
-10
-10
-9
-7
-7
-4
-3
-1
-1
-1
0
0
-1
0
0
0
2
2
2
1
1
3
2
1
1
2
4
4
4
5
4
2
1
3
3
4
4
4
4
5
4
3
1
2
4
3
3
2
0
0
0
-3
-2
-3
-3
-6
-6
-6
-8
-9
-11
-11
-9
-8
-6
-6
-6
-6
-7
-8
-5
-5
-7
-6
-5
-3
-3
-3
-3
-4
-3
-3
-3
-1
0
1
0
0
2
2
3
2
4
6
5
3
5
6
4
3
3
6
7
7
7
8
8
6
4
7
8
7
7
8
8
7
5
5
7
7
6
9
10
9
8
7
6
7
8
7
4
5
4
3
4
3
2
1
2
2
1
-1
-2
-2
-3
-2
-1
-2
-1
-2
-3
-1
-1
-5
-6
-4
-4
-4
-5
-5
-5
-7
-7
-6
-5
-6
-7
-7
-8
-10
-12
-11
-8
-7
-9
-8
-6
-8
-11
-8
-4
-3
-4
-4
-2
0
0
-1
2
5
5
2
2
5
7
3
2
5
3
2
1
-1
-2
0
-1
2
5
3
-1
0
2
2
3
2
1
1
-1
4
9
9
7
6
6
4
2
3
3
1
-3
-3
-1
-1
0
-1
-2
-2
-6
-6
-4
-3
-5
-6
-4
-3
-3
-2
0
2
2
-1
1
4
4
3
4
5
3
-1
-2
4
6
4
3
4
4
3
1
2
2
-1
-3
-2
3
4
0
0
1
-1
-3
-2
1
2
-1
-4
-6
-5
-5
-4
-3
-6
-8
-5
-3
-2
-2
-3
-3
-2
-1
1
7
9
8
5
3
3
3
3
4
3
5
5
2
0
1
1
0
-1
-3
-3
-2
1
1
-2
-3
-3
-2
3
4
1
6
6
2
-1
2
3
3
5
5
4
1
-2
-4
-3
-1
-5
-9
-6
-2
-3
-5
-3
-4
-8
-8
-5
-5
-4
-7
-4
1
3
1
-1
2
1
-1
0
1
0
1
2
3
3
-2
-5
0
3
-1
-3
4
4
2
6
7
3
-1
-2
1
8
6
-1
1
9
2
-6
1
4
-3
-7
-2
2
1
0
-3
0
1
-5
-8
1
3
-5
-7
-1
-2
-8
-6
1
-1
-6
-4
0
1
0
-2
-1
4
2
1
2
2
-1
2
5
2
0
3
4
3
3
3
-1
-4
-1
1
-3
-3
0
1
1
3
1
0
1
-1
-1
0
-1
-3
-1
4
1
-6
-3
2
1
2
3
3
0
-3
-1
5
5
-2
-2
4
3
2
4
5
-1
-5
-2
1
-2
-7
-10
-3
5
0
-6
2
9
4
0
6
5
-1
-1
4
7
4
1
-1
3
7
-1
-4
5
5
-4
-7
-4
-6
-8
-6
-9
-8
-8
-12
-10
-6
-6
-8
-5
-2
1
3
3
3
3
4
6
10
7
3
4
4
3
2
1
1
0
1
1
2
1
1
-1
0
-3
-4
-3
-2
-1
-1
-4
-8
-1
5
4
1
5
12
14
11
9
11
8
0
-5
1
2
-7
-11
-2
4
0
-7
-9
-8
-6
-8
-9
-5
0
-2
-5
3
5
1
0
6
8
5
5
5
-1
-1
4
0
-10
-9
-1
-4
-10
-6
-3
-5
-4
-4
-4
-5
-6
-7
1
8
-1
-9
-1
5
-4
-5
5
3
-6
2
14
5
-1
10
17
5
-1
4
8
5
2
2
6
11
3
-6
8
15
-4
-14
9
15
-9
-6
12
9
0
4
10
8
2
0
3
7
-1
-12
-4
5
-5
-16
-6
6
-8
-18
-1
8
-11
-19
3
4
-15
-14
2
1
-10
-9
-3
3
3
-4
-5
0
-3
-11
-5
5
-5
-18
-6
7
-4
-17
-2
3
-12
-6
6
-2
-18
-7
5
-9
-10
3
-1
-1
6
4
9
11
6
1
11
23
4
0
24
20
-1
10
26
14
2
16
20
6
4
11
12
7
-1
3
11
6
-2
2
10
10
-2
-1
11
8
-6
-12
6
13
-9
-14
3
1
-11
-1
5
-11
-4
8
-6
-6
6
-3
-14
-5
-9
-22
-14
-6
-14
-10
-3
-7
-9
-6
-9
-14
-12
-6
-2
-14
-8
5
-4
-15
-5
14
-1
-6
5
6
2
2
6
10
1
1
-2
4
8
-12
0
5
-6
2
-2
-6
-1
0
0
4
12
2
-1
19
8
1
16
3
5
15
9
3
5
16
17
1
-2
5
7
-1
-16
-5
-1
-17
-16
-13
-11
-9
-20
-18
-6
-2
-18
-18
9
-5
-20
6
5
-22
-6
12
-6
-11
7
-6
-9
10
-8
-18
5
1
-19
-8
9
-5
-10
6
0
-5
1
-1
-7
-3
7
5
-1
5
14
14
28
18
4
25
25
0
12
28
10
3
21
21
6
13
20
5
5
9
15
17
18
9
0
27
22
-7
17
25
1
2
3
11
5
-15
-7
5
-10
-24
-7
0
-21
-11
-4
-13
2
-10
-25
-1
-13
-29
-6
-1
-15
-10
1
-5
-8
-2
-4
-11
-12
-19
-9
-5
-25
-11
-2
-17
-18
-4
-11
-11
-3
-13
-9
1
-14
-21
13
5
-25
-5
18
-11
-10
24
1
-1
9
-1
5
5
-10
-2
1
1
0
12
14
3
4
-7
14
19
-27
-9
47
-2
-24
41
10
-18
38
19
3
48
21
-21
22
29
-26
-17
38
1
-15
29
27
-6
-12
3
-15
-37
-10
9
-17
-21
3
-8
-20
-16
-14
-15
-2
3
-26
8
17
-33
-20
33
-1
-32
15
34
-15
3
19
-20
11
4
-9
36
5
-32
4
14
-33
-23
33
14
-12
25
32
26
-4
-14
13
-3
-11
9
30
27
11
-12
3
30
-24
-47
56
29
-56
35
69
-36
-26
32
-21
7
73
8
-6
55
-3
-58
12
6
-68
-12
50
11
15
25
-22
-45
-11
4
-15
-15
-10
19
10
-26
-11
0
-42
-43
8
30
14
-38
-10
28
-36
-75
23
53
-20
-18
18
14
-21
-28
-58
2
29
-58
-20
74
14
-86
-30
51
-14
-54
45
32
-22
41
28
-40
4
35
-48
-10
109
10
-66
34
31
-76
-21
52
-48
-38
58
4
-55
18
3
-66
-35
39
-7
-16
43
24
-3
-12
15
22
-16
17
72
25
11
48
18
7
19
-21
-17
39
26
-34
9
31
-44
-71
0
-20
-36
2
8
13
5
-16
-7
11
-15
-41
37
52
-8
0
31
14
-26
9
26
24
3
13
3
27
26
-70
-74
38
9
-87
37
80
-48
-73
43
15
-39
26
-37
-33
48
-6
-45
57
51
-42
-21
104
56
-4
27
-5
24
4
-38
-3
43
1
-60
12
80
-5
-46
-20
11
40
-26
-49
29
20
-57
-43
71
9
-62
24
33
-3
17
30
-14
-38
-14
-1
-31
0
6
-38
-6
20
4
-44
7
15
-73
-8
30
-61
-39
45
-24
-69
-4
59
-39
-60
44
21
-14
-4
9
-5
17
-32
-41
24
16
-52
-10
94
-3
-36
27
-6
-27
-26
-63
9
37
-55
-12
85
88
-53
-19
91
-12
-55
22
40
-11
5
44
5
-28
7
-67
-46
43
-29
-52
24
30
-58
-17
53
-62
-44
77
20
-12
75
58
14
18
46
68
40
-5
-16
47
4
-39
17
23
-31
8
44
-34
40
23
-115
-37
35
-64
-72
33
6
-87
-30
54
-43
-30
3
1
42
33
40
39
-5
12
23
9
41
72
56
27
78
77
-19
-23
-28
-28
-34
-15
13
-28
-43
-8
-29
-78
8
23
-82
-42
94
28
-68
11
24
-67
-13
86
19
32
92
16
-35
19
58
-75
-66
100
18
-42
88
8
-46
-12
-7
-61
-32
41
-72
-86
47
-8
-129
-17
27
-62
-56
33
47
-6
-14
1
5
2
7
-8
40
8
-15
1
-9
28
-21
-53
1
42
-4
-54
0
33
-141
-69
26
-43
-15
2
38
31
26
-10
-22
50
-15
-81
67
92
-14
27
79
-8
-39
46
-2
-13
99
35
-73
62
59
-79
-3
9
-96
-4
63
-35
40
64
-46
-55
72
-9
-93
44
42
-38
41
55
5
29
-29
7
-4
-19
12
-9
-8
2
32
-16
-35
22
17
-94
40
70
-54
47
18
-50
6
75
7
-68
68
39
-128
-36
69
-32
-89
-42
1
-69
-55
9
-89
-26
19
-122
-24
151
-14
-87
121
117
-29
15
158
85
21
85
29
29
75
-41
-65
68
27
-115
-48
134
-65
-172
46
-10
-86
-22
-10
10
32
30
-1
102
96
-54
47
184
-12
17
151
34
-22
36
44
0
-43
9
9
-65
-9
-38
-32
-43
-114
-77
-14
-58
-72
-117
-27
5
-146
-83
56
5
-126
-71
90
4
-92
41
66
-34
-16
17
69
13
-40
2
-13
14
-50
-14
34
-36
-63
-24
-27
-28
-73
-33
31
-38
23
29
9
47
-19
33
101
20
16
83
122
12
-54
116
107
-87
-15
105
82
-58
-18
104
15
-54
-18
90
-3
-60
91
47
-65
38
49
-63
23
30
-72
55
117
-94
-70
165
-31
-173
64
122
-155
-34
129
-68
-62
48
-34
-101
31
-21
-77
34
39
-108
-52
89
-33
-109
15
115
-48
-100
107
93
-60
-4
109
-7
-100
-24
87
-15
-140
33
71
-70
-78
-5
-32
-51
-87
-85
52
19
-81
29
96
-24
-14
19
31
54
-45
26
166
-2
-97
139
101
-119
-44
153
42
-65
94
73
29
44
-101
-26
157
-60
-131
124
155
-102
-85
164
45
-164
-51
83
-26
-126
-35
70
-27
-107
-2
-25
-1
34
-76
12
108
-91
-44
94
27
-54
-28
108
10
-107
38
19
-79
-68
-15
-44
-143
-39
23
-99
-26
-19
-18
39
-38
16
71
-1
21
-6
13
107
-11
37
115
62
-13
16
103
5
-147
2
52
-63
-13
-8
96
13
-121
58
13
-55
-1
12
102
29
11
78
-22
62
-66
-107
140
16
-115
87
129
-35
-60
30
5
-90
-49
6
32
-37
12
58
-58
-22
50
-47
-58
64
33
-54
37
60
31
24
-20
27
12
1
32
-47
48
28
-63
-56
-22
-6
-86
-117
46
-6
-33
-30
-22
87
-98
-29
6
-37
80
-18
-54
143
78
-92
-6
139
-24
-211
111
99
-221
-16
94
-109
-154
98
-45
-205
26
14
-123
-4
16
14
18
55
144
6
95
234
31
65
257
196
-20
144
247
-73
-38
169
-49
-188
66
5
-145
-53
-2
-227
-174
-72
-233
-231
-51
-30
-112
-42
56
8
-4
2
31
45
142
86
117
231
104
63
138
3
9
112
-35
-47
41
71
-128
-85
-39
-144
-206
-122
-100
-154
-103
-25
-57
-78
45
11
-98
49
150
-26
58
202
24
29
146
68
-9
77
76
-52
-19
132
-66
-173
70
-12
-225
-87
71
-57
-104
107
37
-52
33
61
31
37
132
10
-11
207
51
-113
179
54
-132
-11
63
-79
-106
12
-63
-106
-54
-87
-69
-37
-22
-87
-3
81
4
130
163
65
201
117
16
49
39
41
-117
70
100
-88
9
36
-171
-96
-100
-200
-177
-75
-20
-193
-9
127
-25
-51
51
109
53
53
138
151
121
87
14
53
117
-94
-109
40
26
-123
-188
-44
27
-281
-268
-10
-62
-199
-103
90
-15
-21
127
51
87
264
-2
70
334
69
-41
189
194
-31
-15
163
6
-116
46
-39
-177
-25
-107
-130
-50
-127
-42
-25
-58
-1
18
29
23
28
106
63
43
51
21
100
-20
-45
111
46
-48
-20
99
9
-147
-19
-7
-143
-102
-114
-37
-29
-159
-47
-36
-103
-31
6
-56
41
90
-39
79
140
20
-10
140
97
-59
154
165
-66
67
89
-41
-49
-64
104
-33
-142
169
-9
-175
39
14
-115
-44
40
-1
-4
104
1
-12
78
-102
-99
24
-52
-80
-43
41
89
-9
-6
87
71
-116
-9
166
-23
-123
102
146
-63
-34
192
62
-112
-31
-11
-101
-71
-7
-148
-83
90
-107
-89
221
13
-162
12
176
-46
-137
308
195
-188
91
284
-2
-65
111
220
-95
-21
196
-83
-88
42
-287
-159
-25
-306
-321
12
-37
-411
-105
113
-207
-213
87
47
-52
37
138
187
107
185
285
166
171
252
161
117
119
-60
150
2
-211
-46
84
-204
-261
-15
-98
-158
-193
-155
18
0
-359
79
254
-234
-27
247
64
69
139
187
196
87
49
25
105
-26
-230
141
23
-150
71
29
-30
-131
-124
23
-43
-199
-119
35
45
-138
97
151
61
1
-6
255
57
-136
151
94
-77
-50
23
49
-70
-86
-82
39
-11
-160
32
98
-212
-80
50
-78
-47
67
-30
151
366
-164
115
451
-235
-76
366
-58
-190
223
89
-321
93
213
-406
-51
207
-444
-114
154
-273
-196
76
-80
-232
49
126
-135
-59
154
93
-52
90
262
79
-26
135
16
-53
42
-121
-23
112
-77
-153
125
10
-206
-49
-16
-11
-141
-69
75
-3
-31
56
124
84
14
138
127
-152
137
12
-150
115
13
-68
50
116
-99
-55
102
-148
-178
90
-104
-120
52
-41
28
-25
18
-22
-51
98
-39
-30
183
48
-10
82
202
13
-117
214
87
-244
143
174
-174
143
61
-33
7
-38
-76
27
-12
-59
-72
-71
-3
-99
34
-145
85
148
-325
151
269
-301
25
372
-196
-35
137
-42
-118
23
91
-194
7
50
-200
-9
117
-221
-105
-31
-129
-95
54
85
-61
-28
239
73
-7
306
152
-36
219
37
-138
140
-69
-316
121
54
-248
38
214
-218
-277
207
-79
-377
211
245
-371
266
471
-258
30
356
-149
21
426
56
-64
306
46
-384
3
153
-397
-140
102
-154
-40
-52
-246
-96
-91
-544
-32
184
-207
-66
369
113
-52
188
261
-71
39
379
-3
178
271
-129
27
160
-152
-346
86
96
-545
-29
285
-353
-386
37
-33
-135
-189
199
60
2
22
8
402
-10
-70
299
252
-24
52
111
60
-148
-281
22
167
-238
-439
160
9
-286
-217
74
234
-281
-41
154
225
62
-246
60
302
-37
30
354
193
-4
-203
150
30
-67
-43
-51
53
-17
73
56
-33
-162
-64
3
80
-49
136
144
-143
-16
19
121
-35
-211
208
149
-213
-13
25
-111
-199
-191
166
91
-190
-43
246
68
-214
168
251
-126
52
126
133
176
-41
-56
81
25
-358
-120
200
-432
-288
53
-313
-22
-110
-394
47
-77
-309
5
330
-29
-126
690
182
-198
649
127
-20
478
99
121
448
97
-265
226
327
-641
-238
377
-282
-374
-68
88
-286
-480
-130
-90
-74
44
-281
231
371
-391
1
393
66
-219
259
318
-86
144
115
-171
279
23
-442
268
198
-304
-145
335
-211
-437
324
76
-207
159
0
-138
35
-126
-57
12
157
-308
-139
341
-263
-168
-97
-41
64
-254
99
471
-219
64
175
45
54
85
322
-181
286
313
-97
295
121
-454
13
-20
-358
-178
-5
-216
-551
26
-118
-347
-105
-194
-216
24
85
31
378
213
-212
398
484
-41
387
357
183
313
178
330
232
-127
-227
-118
-73
-346
-265
-36
-338
-285
-220
-165
-34
-317
-241
24
-31
-19
108
249
245
0
311
582
118
27
469
342
-159
246
274
-29
50
-182
-305
160
-238
-740
-9
41
-599
-495
133
-173
-512
-279
-20
51
-36
-108
263
423
-50
4
641
453
-58
294
549
270
174
156
163
179
-185
-302
119
30
-481
-260
26
-234
-468
-292
-182
-171
-349
-313
144
38
-371
103
362
-12
28
244
354
204
139
342
449
132
-36
258
312
-112
-48
105
-11
-93
-240
-69
27
-267
-457
-151
-136
-493
-297
27
-166
-221
108
42
-51
30
-44
39
123
-57
99
369
153
30
273
421
42
-120
172
238
-90
-166
360
236
-338
-180
143
-26
-453
-314
7
-142
-286
-116
176
45
-503
-221
117
-160
-267
-82
290
127
-64
249
440
226
-263
41
476
51
-77
205
470
182
-296
189
453
-268
-408
102
182
-328
-220
140
41
-143
-473
-103
282
-351
-517
191
328
-188
-178
513
281
-278
-70
252
327
-64
-12
470
321
-24
-8
249
174
-388
-220
279
36
-156
-53
56
0
-358
-327
107
-190
-432
-86
130
48
-173
-111
183
-9
-328
143
318
-136
-192
317
208
-177
28
126
12
-94
-65
197
255
-147
-134
263
59
-249
7
168
-53
-225
-19
268
15
-170
-35
103
-42
-349
21
204
-276
-294
60
139
-70
-150
136
127
-106
-93
159
312
-119
-157
301
224
-137
-19
286
72
-200
72
241
76
-228
-121
215
-84
-261
-46
71
-168
-354
27
187
-108
-186
-73
139
-16
-286
31
238
-85
-240
233
401
-29
-74
302
227
-130
-78
176
132
-115
-156
126
176
-240
-207
111
-40
-281
-57
199
21
-179
-73
36
-46
-172
-48
149
81
-71
87
329
123
-149
38
170
-43
-163
117
261
-4
-49
124
171
-44
-134
61
94
-93
-83
21
46
-66
-151
-73
18
-52
-125
33
125
-26
-85
51
45
-96
-108
-18
-45
-104
-16
67
-36
-54
21
-12
-11
20
-8
-28
-40
-23
31
41
29
7
73
108
49
43
60
-57
-111
-23
-19
-11
16
-10
-27
-17
-44
-31
-1
-35
-96
15
72
-34
5
104
22
-50
41
92
101
102
93
151
137
48
55
84
32
6
-7
6
41
-40
-102
-58
-38
-159
-153
-54
-182
-299
-173
-149
-181
-81
-83
-42
38
-2
-43
33
74
9
50
208
212
153
177
148
94
23
2
58
56
-1
1
-6
-76
-133
-162
-187
-183
-168
-106
6
33
-17
-41
23
33
-3
125
242
200
192
177
167
173
142
130
150
170
126
83
116
46
-104
-65
-56
-129
-109
-87
-104
-106
-130
-182
-194
-179
-166
-109
-4
37
27
36
26
-12
-9
26
21
25
68
91
55
28
9
-87
-150
-149
-135
-119
-172
-197
-149
-169
-212
-173
-86
-67
-107
-80
11
72
46
56
127
139
90
125
263
326
264
263
313
288
247
264
304
226
123
102
118
92
39
67
146
82
-36
-52
-23
-87
-192
-167
-84
-52
-87
-52
-5
-58
-163
-151
-47
-61
-132
-98
-8
-23
-91
-98
-122
-189
-218
-211
-170
-162
-238
-274
-240
-266
-327
-333
-355
-414
-449
-471
-458
-459
-506
-531
-507
-445
-382
-310
-257
-263
-221
-95
47
234
504
843
1152
1369
1439
1365
1327
1308
1276
1334
1429
1482
1495
1455
1282
940
547
132
-246
-437
-502
-516
-543
-701
-972
-1208
-1331
-1369
-1310
-1153
-935
-693
-467
-291
-179
-175
-216
-146
67
326
540
682
707
581
343
90
-59
-131
-217
-334
-454
-609
-877
-1190
-1397
-1545
-1700
-1796
-1728
-1572
-1484
-1488
-1443
-1329
-1285
-1193
-718
359
1429
1881
1928
1937
1955
1934
1938
2162
2463
2546
2632
3023
3317
2960
2109
1146
300
-271
-474
-256
-13
-305
-894
-1269
-1527
-1854
-2111
-2198
-2034
-1603
-1011
-395
39
67
-131
-219
-98
229
673
1073
1330
1510
1629
1521
1146
726
367
123
-27
-165
-349
-742
-1269
-1624
-1674
-1646
-1852
-2192
-2391
-2394
-2312
-2185
-1988
-1928
-2027
-1905
-1364
-724
-446
-489
-473
-362
-288
26
1308
2938
3480
3113
2828
2831
2617
2121
1965
2280
2414
2299
2697
3431
3229
1866
274
-941
-1760
-2152
-1812
-1082
-898
-1390
-1866
-2039
-2232
-2472
-2480
-2147
-1456
-444
720
1688
2022
1686
1256
1272
1715
2247
2652
2902
2917
2722
2324
1679
862
-73
-907
-1323
-1383
-1508
-1906
-2480
-2993
-3336
-3434
-3374
-3406
-3578
-3520
-2960
-2199
-1585
-1263
-1140
-931
-494
210
888
1162
1086
997
1118
1312
1407
1191
625
104
-42
240
914
1410
1593
1552
1159
664
441
416
354
336
594
1116
1729
2124
2037
1554
807
62
-405
-501
-233
177
448
490
239
-251
-779
-1137
-1210
-962
-455
177
866
1432
1563
1320
887
435
228
439
1038
1668
1898
1787
1411
799
25
-771
-1409
-1861
-2024
-1911
-1722
-1674
-1945
-2315
-2552
-2685
-2660
-2492
-2161
-1715
-1273
-801
-347
-96
-36
60
308
594
848
905
747
567
418
350
261
-2
-378
-752
-1159
-1653
-2023
-2175
-2230
-1988
-942
817
2047
1947
1269
962
1024
1072
1280
2061
3144
3926
4564
5308
5453
4163
1973
307
-209
-58
321
886
1132
402
-999
-2201
-2959
-3614
-4255
-4225
-3083
-1458
-251
368
438
-185
-1169
-1573
-814
533
1669
2571
3510
4069
3726
2680
1459
407
-328
-585
-284
206
200
-398
-1096
-1754
-2475
-3199
-3751
-3893
-3530
-2814
-1994
-1414
-1278
-1457
-1590
-1338
-722
-73
303
508
795
1155
1385
1313
977
561
179
-14
86
212
-76
-802
-1475
-1762
-1741
-1409
-346
1325
2319
1961
1199
1046
1288
1182
976
1530
2642
3383
3803
4496
4867
3692
1364
-443
-972
-881
-748
-240
376
-43
-1550
-2818
-3124
-3220
-3747
-3860
-2723
-1007
119
603
906
668
-282
-851
-35
1545
2578
2982
3469
3952
3691
2579
1345
397
-391
-759
-448
23
-242
-1279
-2278
-2779
-3009
-3264
-3554
-3710
-3557
-2935
-1994
-1244
-1061
-1338
-1449
-938
25
967
1527
1590
1405
1373
1592
1719
1413
786
232
-35
-127
-289
-750
-1646
-2669
-3168
-2867
-2283
-1731
-706
1081
2502
2411
1453
1048
1326
1513
1831
3061
4689
5312
4992
4963
5169
4113
1499
-947
-1808
-1536
-1076
-412
207
-424
-2613
-4701
-5187
-4678
-4608
-4750
-3749
-1679
-21
641
945
911
63
-798
-60
2189
4004
4387
4413
4871
4941
3934
2481
1316
357
-390
-405
206
289
-817
-2319
-3148
-3344
-3563
-3999
-4309
-4175
-3495
-2384
-1302
-862
-1208
-1706
-1507
-486
661
1317
1417
1277
1222
1377
1618
1492
765
-54
-300
-66
21
-293
-887
-1641
-2293
-2406
-1971
-1584
-1456
-557
1408
2753
2400
1462
1414
1913
1938
2014
3125
4392
4290
3500
3665
4175
3023
229
-1940
-2161
-1638
-1448
-1136
-766
-1548
-3613
-4981
-4421
-3422
-3659
-4109
-2764
-215
1366
1748
2025
2089
1215
379
1386
3569
4480
3859
3703
4557
4612
3080
1241
7
-980
-1773
-1604
-667
-547
-1827
-3172
-3405
-3150
-3497
-4180
-4314
-3658
-2509
-1143
169
671
68
-720
-568
551
1475
1571
1274
1130
1243
1405
1462
1023
-103
-1276
-1670
-1347
-1099
-1330
-1932
-2682
-3346
-3367
-2792
-2078
-1408
163
2401
3512
3020
2344
2544
2697
2294
2562
4185
5413
4872
4058
4466
4521
2259
-1035
-2778
-2578
-2320
-2390
-1709
-1085
-2270
-4733
-5698
-4552
-3667
-4152
-3893
-1364
1490
2376
2331
2766
2656
1232
510
2370
4906
5382
4584
4809
5584
4607
2199
589
-108
-983
-1683
-1094
43
-308
-2228
-3658
-3744
-3762
-4438
-4777
-4104
-3081
-2171
-1301
-405
-272
-1237
-1900
-1193
199
906
935
1002
1160
1040
706
508
111
-873
-1713
-1546
-993
-1084
-1747
-2383
-2762
-3267
-3363
-2757
-1854
-1084
437
3025
4681
4240
3049
2891
3488
3553
3436
4285
5310
5024
4226
4500
4863
2945
-783
-3350
-3395
-2601
-2576
-2436
-2012
-2706
-4728
-5823
-4791
-3632
-4178
-4465
-2084
1613
3501
3507
3585
3541
2426
1524
2973
5581
6299
5261
5084
5985
5480
2922
487
-701
-1692
-2568
-2166
-853
-871
-3017
-5142
-5533
-5209
-5672
-6225
-5550
-4096
-2832
-1805
-709
-226
-1152
-2226
-1605
292
1529
1683
1846
2261
2209
1536
992
556
-540
-1762
-1654
-471
-31
-840
-1823
-2304
-2770
-3245
-2834
-1805
-1082
-524
1666
4817
6032
4529
2719
2652
3245
3144
3199
4497
5406
4534
3456
3929
4072
1310
-2961
-5003
-4048
-2964
-2959
-2464
-1681
-2656
-5043
-5778
-4038
-2675
-3133
-2650
790
4521
5497
4829
4590
4115
2502
1602
3407
5981
6305
4945
4492
4787
3355
180
-2338
-3339
-3982
-4494
-3833
-2445
-2643
-5007
-6968
-6701
-5605
-5423
-5368
-4094
-2139
-823
-97
809
1171
198
-674
331
2434
3411
2982
2558
2539
2027
929
197
-182
-1132
-2214
-2103
-971
-735
-2067
-3454
-3809
-3665
-3515
-2694
-1336
-654
-606
1135
4709
6703
5218
2895
2934
4262
4336
3932
5099
6283
4967
2987
3518
4828
2551
-2660
-5557
-4438
-3140
-3665
-3481
-1955
-2273
-5272
-6775
-4501
-2150
-2945
-3703
-468
4270
5739
4665
4594
5007
3325
1152
2457
6077
6989
4715
3731
5039
4492
524
-3127
-3920
-3998
-5059
-5091
-3048
-2176
-4763
-7666
-7245
-5111
-4860
-5932
-5301
-2844
-976
-207
984
2118
1308
-573
-321
2438
4370
3693
2434
2528
2841
1956
774
295
-489
-2109
-2849
-1591
-284
-1036
-2877
-3522
-2926
-2462
-2131
-1363
-795
-800
521
4112
7127
6572
3912
2893
3868
4282
3712
4006
4833
4009
2324
2692
4368
2985
-2181
-6295
-6104
-4354
-4083
-3883
-2428
-1971
-4128
-5655
-3663
-1128
-1837
-3317
-854
4249
6776
6059
5588
5792
4085
1433
1846
4933
5832
3431
1992
3245
3179
-615
-4631
-5689
-5590
-6511
-6636
-4374
-2691
-4493
-7082
-6370
-3667
-3186
-4640
-4177
-1184
1140
1763
2817
4250
3506
996
717
3670
5667
4056
1742
1846
2714
1665
-213
-855
-1343
-3335
-5030
-3858
-1521
-1732
-4203
-5222
-3632
-2167
-2257
-2049
-757
-225
-616
1104
6107
9689
8094
4570
4230
6345
6446
4272
3387
4330
4037
2437
2689
4323
2613
-3243
-8006
-7846
-5736
-5644
-6036
-4373
-2543
-3418
-5306
-4669
-2539
-2531
-3706
-1552
4034
7892
7612
6369
6446
5806
3244
1906
3793
5610
4511
2792
3257
3717
581
-4381
-6769
-6369
-6258
-6917
-6059
-3924
-3466
-5138
-5890
-4432
-3355
-4157
-4354
-1874
1502
2924
2856
3391
4011
3248
2137
2758
4256
3911
1922
1183
2321
2599
546
-1839
-2717
-3054
-3930
-4262
-3098
-2033
-2827
-4155
-3673
-1744
-844
-1489
-1635
-404
645
1004
2419
5790
8271
7342
5079
4816
5952
5246
2785
1678
2596
2813
1429
945
1999
1308
-2753
-6800
-7381
-5895
-5486
-5489
-3706
-1528
-1857
-3782
-3652
-1320
-182
-894
-9
3849
7276
7645
6829
6832
6160
3450
1264
2246
4212
3606
1156
85
379
-890
-4063
-6289
-6435
-6350
-6946
-6497
-4314
-2756
-3591
-4995
-4356
-2408
-1523
-1639
-775
1387
2975
3233
3504
4273
4185
2704
1565
2061
2852
2291
968
455
458
-400
-1930
-2892
-3136
-3635
-4314
-3904
-2526
-1833
-2261
-2392
-1383
-307
-265
-474
120
1126
1595
1800
2780
4398
5858
6313
5899
5013
3851
2653
1474
485
55
310
698
768
555
280
-732
-2872
-5077
-5811
-4940
-3732
-2512
-862
706
932
-93
-578
111
695
732
1661
4163
6431
6698
5714
4682
3228
848
-1166
-1312
-482
-414
-921
-823
-633
-1981
-4611
-6476
-6765
-6391
-5905
-4546
-2331
-842
-810
-1114
-676
-182
-552
-793
444
2669
4313
4804
4751
4119
2522
646
-222
12
52
-530
-826
-458
-420
-1547
-3157
-4119
-4380
-4265
-3584
-2232
-824
-170
-12
338
686
494
90
501
1681
2607
2877
2955
2944
2283
1306
1383
2750
3628
2941
1729
1415
1455
669
-478
-860
-556
-524
-357
891
2392
2082
-244
-2373
-2724
-2101
-1660
-1029
222
1117
718
-90
-79
201
-487
-1545
-1077
961
2591
2774
2317
1815
683
-1095
-2051
-1372
-258
50
23
525
913
70
-1640
-2831
-3133
-3216
-3127
-2265
-833
-11
-244
-641
-530
-415
-824
-1163
-653
369
1036
1156
1103
866
186
-540
-635
-229
-60
-319
-431
-151
-37
-404
-871
-958
-834
-764
-419
378
1084
988
347
113
455
727
602
520
775
802
292
-247
-525
-957
-1680
-1609
147
2273
3011
2326
1635
1413
819
-64
-21
1248
2370
2587
2953
4059
4357
2476
-464
-2118
-2103
-1817
-1581
-712
355
2
-1882
-3223
-3049
-2777
-3535
-3906
-2263
287
1648
1750
1866
1954
945
-510
-408
1366
2720
2530
2093
2508
2654
1300
-668
-1682
-1935
-2503
-2958
-2137
-663
-413
-1604
-2460
-2190
-1984
-2559
-2736
-1517
76
702
697
958
1149
518
-294
-94
879
1372
1125
1081
1466
1463
715
-13
-203
-321
-681
-716
-93
376
-113
-1060
-1421
-1169
-1000
-1099
-1030
-829
-990
-1462
-1637
-1429
-1315
-1247
-294
1759
3649
4270
3786
3118
2494
1702
1203
1668
2777
3431
3371
3363
3585
2976
900
-1627
-3107
-3458
-3452
-3187
-2474
-1866
-2351
-3550
-4026
-3392
-2680
-2456
-1820
-84
1929
3161
3676
3981
3867
2981
2096
2248
3141
3553
3107
2590
2335
1581
-70
-1886
-3100
-3893
-4680
-4979
-4284
-3212
-2825
-3085
-3076
-2625
-2377
-2505
-2277
-1222
121
1093
1778
2476
2933
2774
2253
1925
1855
1683
1390
1334
1520
1422
757
-152
-868
-1339
-1702
-1889
-1839
-1786
-1952
-2091
-1893
-1447
-1091
-997
-1006
-958
-814
-555
-254
-175
-288
-114
928
2703
4191
4734
4417
3765
2954
2048
1385
1283
1612
1896
2112
2522
2920
2458
721
-1702
-3752
-4890
-5138
-4531
-3374
-2304
-1931
-2142
-2329
-2273
-2211
-2212
-1766
-464
1462
3434
4970
5772
5595
4469
3015
2070
1894
2117
2254
2203
1978
1401
290
-1277
-2927
-4324
-5240
-5419
-4760
-3588
-2556
-2091
-2093
-2293
-2476
-2493
-2134
-1244
-16
1197
2161
2833
3129
2917
2290
1578
1066
802
766
990
1350
1480
1073
201
-749
-1445
-1831
-1947
-1855
-1696
-1583
-1517
-1365
-1111
-920
-931
-1113
-1283
-1335
-1227
-1057
-975
-1026
-1005
-541
670
2317
3584
3944
3519
2855
2296
1911
1748
1902
2236
2522
2827
3279
3588
2980
1107
-1387
-3360
-4245
-4154
-3421
-2500
-1848
-1757
-1956
-1985
-1797
-1745
-1892
-1663
-508
1471
3613
5202
5770
5206
3902
2650
2067
2100
2252
2164
1867
1523
1096
305
-1037
-2746
-4362
-5396
-5562
-4910
-3846
-2950
-2607
-2744
-2912
-2786
-2420
-1989
-1444
-612
490
1573
2401
2893
2989
2671
2100
1655
1519
1564
1598
1596
1559
1296
682
-123
-803
-1315
-1845
-2410
-2769
-2805
-2724
-2683
-2583
-2274
-1953
-1925
-2187
-2414
-2353
-2083
-1745
-1356
-733
261
1816
3740
5268
5708
5109
4229
3634
3296
3050
3065
3413
3777
3853
3759
3556
2728
733
-2026
-4285
-5240
-5107
-4448
-3640
-2864
-2444
-2463
-2522
-2274
-1929
-1819
-1582
-449
1716
4106
5753
6304
5931
4931
3726
2848
2575
2616
2443
1925
1422
1063
480
-784
-2634
-4496
-5850
-6409
-6143
-5250
-4237
-3609
-3474
-3488
-3298
-2926
-2524
-2045
-1274
-132
1168
2327
3186
3594
3435
2817
2137
1756
1666
1628
1526
1404
1202
761
61
-765
-1600
-2479
-3293
-3753
-3714
-3392
-3042
-2649
-2090
-1504
-1239
-1330
-1467
-1359
-1054
-649
-123
625
1571
2758
4312
5859
6673
6343
5373
4489
3931
3532
3219
3136
3125
2971
2697
2503
2086
769
-1560
-4018
-5475
-5673
-5019
-4038
-3041
-2341
-2088
-1982
-1683
-1260
-1129
-1204
-785
651
2792
4738
5791
5753
4839
3516
2300
1540
1143
802
392
57
-101
-312
-980
-2265
-3908
-5449
-6431
-6610
-6041
-5059
-4065
-3291
-2725
-2265
-1872
-1575
-1328
-1000
-364
639
1770
2715
3317
3595
3531
3093
2367
1647
1186
1022
1018
979
820
498
5
-641
-1384
-2133
-2797
-3268
-3408
-3095
-2356
-1388
-548
-76
-16
-199
-386
-403
-175
243
771
1427
2336
3633
5083
5988
5847
4879
3802
3034
2492
2030
1707
1599
1568
1506
1454
1328
733
-652
-2539
-4125
-4800
-4579
-3828
-2897
-2037
-1452
-1188
-1097
-1050
-1082
-1223
-1214
-625
682
2314
3609
4112
3790
2915
1835
860
191
-87
-71
82
247
341
218
-322
-1326
-2583
-3712
-4381
-4463
-4032
-3299
-2510
-1870
-1509
-1431
-1551
-1730
-1835
-1743
-1337
-574
436
1461
2244
2634
2600
2251
1786
1454
1419
1649
1907
2011
1942
1753
1414
826
11
-847
-1530
-1933
-2009
-1726
-1180
-601
-260
-238
-440
-753
-1104
-1424
-1588
-1483
-1103
-505
283
1216
2177
2951
3299
3174
2770
2364
2081
1916
1844
1917
2144
2381
2477
2393
2112
1524
553
-646
-1679
-2241
-2332
-2176
-1980
-1853
-1863
-2042
-2314
-2530
-2578
-2443
-2112
-1535
-687
279
1063
1458
1475
1288
1067
943
1053
1453
1994
2391
2442
2179
1727
1095
239
-751
-1681
-2398
-2864
-3074
-3051
-2874
-2752
-2849
-3124
-3408
-3540
-3451
-3099
-2452
-1503
-359
818
1851
2592
2982
3084
3058
3065
3161
3299
3403
3403
3246
2853
2163
1186
39
-1075
-1929
-2428
-2603
-2564
-2424
-2279
-2244
-2385
-2685
-3007
-3213
-3159
-2740
-1939
-884
173
1038
1734
2428
3194
3894
4295
4349
4203
4005
3800
3558
3272
2914
2455
1940
1531
1318
1101
536
-514
-1777
-2806
-3350
-3480
-3393
-3250
-3120
-3004
-2802
-2376
-1738
-1110
-704
-452
-75
609
1453
2145
2491
2528
2400
2249
2167
2151
2070
1744
1177
548
33
-381
-879
-1580
-2415
-3182
-3730
-3988
-3974
-3754
-3400
-3004
-2577
-2079
-1481
-856
-307
191
761
1496
2276
2928
3349
3532
3491
3216
2755
2206
1634
1036
418
-152
-638
-1088
-1598
-2142
-2600
-2872
-2983
-2995
-2892
-2605
-2120
-1547
-1026
-631
-333
-60
249
635
1130
1667
2084
2236
2145
2033
2138
2514
2943
3108
2875
2374
1797
1205
596
26
-382
-540
-434
-52
528
1041
1103
561
-336
-1146
-1564
-1577
-1308
-894
-426
27
406
649
665
370
-215
-870
-1236
-1072
-463
229
662
721
503
121
-346
-781
-1094
-1239
-1212
-971
-475
132
525
408
-199
-996
-1611
-1852
-1701
-1211
-503
240
796
1037
948
588
53
-511
-879
-884
-524
11
464
644
482
14
-638
-1285
-1714
-1781
-1462
-873
-208
342
638
615
326
-71
-342
-340
-97
273
691
1126
1441
1445
1077
500
-56
-473
-709
-732
-569
-413
-455
-673
-789
-541
59
701
1074
1158
1175
1309
1522
1718
1894
2138
2472
2851
3289
3725
3900
3456
2325
936
-125
-616
-728
-749
-830
-1011
-1360
-1850
-2359
-2770
-3141
-3543
-3801
-3609
-2838
-1793
-962
-574
-506
-489
-359
-58
421
983
1472
1792
2016
2246
2394
2257
1711
919
192
-250
-434
-522
-633
-794
-1001
-1287
-1650
-2030
-2373
-2678
-2903
-2908
-2552
-1879
-1160
-642
-373
-217
-64
81
238
474
881
1433
1986
2391
2531
2349
1848
1173
562
208
130
163
153
84
-4
-150
-473
-1000
-1561
-1955
-2065
-1908
-1543
-1082
-719
-562
-527
-329
278
1252
2216
2832
3083
3213
3327
3313
3135
2905
2796
2772
2813
2972
3171
3075
2281
863
-670
-1777
-2332
-2530
-2604
-2659
-2711
-2790
-2871
-2938
-2986
-3127
-3358
-3408
-2942
-1882
-588
493
1152
1450
1545
1535
1531
1626
1782
1888
1918
1970
2092
2127
1838
1089
-9
-1139
-2013
-2510
-2666
-2574
-2330
-2056
-1907
-1986
-2237
-2511
-2757
-2881
-2692
-2053
-1038
53
968
1574
1858
1844
1590
1277
1094
1176
1513
1952
2277
2298
1969
1400
707
2
-567
-901
-1011
-973
-795
-539
-371
-471
-911
-1464
-1819
-1812
-1424
-781
-81
405
604
690
901
1477
2315
2952
3098
2922
2928
3151
3208
2905
2424
2104
1913
1812
1908
2099
1976
1118
-330
-1698
-2559
-2948
-3114
-3229
-3255
-3211
-3101
-2967
-2890
-2893
-3117
-3405
-3301
-2481
-975
612
1687
2081
2015
1854
1691
1600
1622
1682
1744
1752
1802
1927
1835
1247
112
-1241
-2313
-2896
-2973
-2733
-2335
-1890
-1672
-1725
-1996
-2300
-2488
-2588
-2435
-1822
-672
718
1854
2494
2616
2396
2062
1727
1550
1601
1831
2196
2549
2712
2475
1811
934
17
-699
-1072
-1075
-825
-632
-539
-544
-692
-1046
-1594
-2029
-2130
-1819
-1134
-314
407
724
594
323
223
711
1721
2677
3109
3025
2956
2953
2745
2268
1692
1354
1185
1125
1319
1577
1411
385
-1294
-2863
-3825
-4053
-3823
-3468
-3052
-2757
-2584
-2540
-2590
-2556
-2586
-2616
-2371
-1469
167
1806
2784
2943
2608
2220
1832
1605
1660
1849
1997
1903
1686
1451
1045
353
-741
-1906
-2712
-2983
-2729
-2264
-1735
-1329
-1277
-1525
-1888
-2032
-1851
-1476
-873
-59
918
1854
2509
2798
2652
2260
1875
1593
1497
1523
1701
1962
2049
1802
1154
327
-433
-1039
-1385
-1467
-1299
-1059
-986
-1011
-1070
-1196
-1484
-1870
-2009
-1766
-1195
-460
246
735
745
364
0
-34
607
1807
2902
3252
2904
2576
2385
2002
1245
448
178
262
428
739
1139
1090
29
-1710
-3162
-3774
-3679
-3269
-2745
-2144
-1708
-1484
-1424
-1473
-1522
-1669
-1782
-1474
-379
1355
2915
3659
3469
2765
2064
1515
1228
1181
1192
1195
1205
1194
955
346
-572
-1642
-2526
-2958
-2837
-2297
-1723
-1192
-692
-421
-528
-794
-847
-662
-284
352
1238
2223
2902
3057
2821
2311
1649
1001
550
352
305
411
551
529
157
-599
-1391
-1960
-2271
-2293
-2030
-1546
-1071
-776
-644
-631
-706
-903
-1072
-946
-542
-11
498
846
934
644
69
-474
-707
-620
-53
1249
2676
3209
2616
1771
1243
682
-119
-666
-305
565
1152
1477
1802
1784
747
-1180
-2863
-3481
-3209
-2563
-1813
-942
-348
-398
-857
-1343
-1479
-1438
-1337
-699
751
2693
4139
4430
3796
2671
1492
492
-24
215
804
1176
1079
631
75
-793
-2136
-3610
-4589
-4543
-3620
-2252
-806
343
955
837
227
-274
-393
-41
695
1731
2901
3765
4012
3548
2524
1210
-95
-1048
-1444
-1241
-667
-189
-161
-624
-1411
-2263
-2916
-3152
-2843
-2047
-1010
12
834
1302
1333
962
378
-101
-238
41
658
1396
1922
1840
1119
49
-1026
-1836
-2303
-2368
-2103
-1737
-866
705
2123
2268
1145
79
-349
-395
-200
417
1598
2482
2557
2438
2530
2278
912
-1121
-2495
-2715
-2135
-1244
-369
264
-25
-1050
-1924
-2135
-1683
-1266
-939
-157
1245
2837
3634
3393
2491
1241
117
-570
-383
501
1091
985
438
-115
-660
-1538
-2593
-3374
-3410
-2610
-1447
-161
892
1470
1420
712
-4
-217
125
726
1484
2488
3241
3187
2297
1144
228
-691
-1634
-1998
-1525
-764
-508
-764
-1096
-1414
-1872
-2459
-2518
-1722
-593
325
891
1332
1594
1390
840
352
195
146
93
288
673
897
472
-578
-1689
-2502
-2962
-3170
-3121
-2909
-2691
-2359
-1922
-1125
565
2372
3116
2555
2048
2543
3104
3052
2747
3092
3663
3384
2905
3039
3032
1590
-1125
-3122
-3490
-3167
-2913
-2708
-2215
-2018
-2532
-2759
-2305
-1490
-1002
-834
34
1660
3375
4301
4098
3353
2278
1281
849
1030
1660
1858
1380
791
241
-380
-1430
-2647
-3350
-3544
-3176
-2411
-1478
-661
-481
-628
-686
-426
258
991
1642
2111
2354
2421
2018
1232
419
-167
-463
-706
-653
-276
-101
-539
-1486
-2248
-2509
-2529
-2332
-1743
-740
181
584
641
509
257
-64
-168
331
1123
1717
1820
1448
831
-104
-1140
-1926
-2270
-2188
-2116
-2012
-1742
-1524
-1580
-2070
-2476
-2367
-1869
-514
1974
4611
5784
5009
4090
3801
3403
2557
1777
2011
2380
2019
1721
1965
1857
-47
-3108
-5070
-5328
-4654
-3724
-2583
-1209
-777
-1430
-1953
-1733
-932
-470
-67
1179
3127
5038
5753
5257
4198
2661
1241
467
732
1644
1913
1335
375
-547
-1555
-3106
-4573
-5295
-5154
-4304
-3224
-1948
-837
-445
-630
-1031
-1070
-610
133
1197
2399
3481
4027
3743
2931
1810
700
-27
-250
53
394
430
112
-476
-1201
-2021
-2677
-2890
-2562
-1797
-818
68
581
507
-24
-537
-684
-389
144
662
990
972
574
28
-544
-1149
-1685
-1960
-1790
-1388
-910
-467
-322
-610
-1275
-1731
-1469
-708
758
3028
5092
5635
4538
3385
2673
1724
500
-247
253
1000
1017
1005
1291
798
-1369
-4091
-5301
-4913
-3901
-2628
-1072
520
844
-4
-554
-295
348
641
1175
2749
4748
6070
5914
4797
3426
1637
-100
-972
-651
153
122
-682
-1571
-2468
-3660
-5168
-6008
-5716
-4784
-3508
-2121
-607
524
745
552
480
784
1340
2033
3007
4037
4798
4850
3937
2556
1208
182
-446
-798
-864
-849
-1082
-1684
-2499
-3174
-3608
-3815
-3614
-2869
-1691
-620
-131
-39
-76
-153
-262
-112
619
1623
2335
2530
2405
1944
968
-254
-1135
-1371
-1253
-1056
-761
-408
-252
-566
-1156
-1699
-2087
-2187
-1819
-750
1302
3596
4763
4226
2971
2160
1432
527
9
394
1185
1320
1069
1223
1184
-109
-2383
-3867
-3783
-3042
-2073
-711
793
1420
619
-325
-326
296
815
1233
2273
3622
4343
4117
3234
2237
949
-719
-1874
-1890
-1063
-473
-642
-1149
-1939
-3077
-4312
-4860
-4187
-3004
-1903
-785
421
1425
1729
1591
1494
1434
1381
1512
2286
3460
4050
3695
2509
941
-510
-1475
-1795
-1871
-1905
-1886
-1847
-1814
-1993
-2383
-2761
-3029
-2938
-2265
-1097
117
862
1187
1235
1157
1116
1165
1463
1801
1878
1730
1468
1121
475
-462
-1311
-1828
-1936
-1772
-1409
-893
-620
-831
-1327
-1732
-1823
-1712
-1375
-684
223
1325
2645
3759
3967
3049
1903
1071
370
-15
241
1064
1541
1220
817
748
429
-663
-1916
-2433
-2302
-1900
-990
318
1228
1002
77
-379
-236
48
282
766
1607
2307
2628
2609
2281
1547
245
-1112
-1673
-1279
-559
-197
-231
-463
-1045
-1958
-2685
-2668
-2049
-1452
-865
35
1081
1747
1770
1503
1157
617
82
6
545
1180
1412
1178
569
-207
-926
-1456
-1834
-2100
-2185
-1944
-1418
-876
-521
-397
-452
-665
-823
-627
-110
440
802
1009
1155
1173
1039
915
840
655
270
-69
-70
94
45
-320
-775
-1094
-1308
-1410
-1252
-872
-576
-617
-782
-674
-392
-313
-559
-790
-697
-411
129
1250
2572
3065
2350
1427
1175
1111
718
365
547
926
855
705
1012
1196
389
-1178
-2283
-2420
-2075
-1445
-441
639
1067
607
21
-161
-108
-36
221
1008
2030
2719
2880
2592
2015
1038
-188
-990
-980
-415
73
244
235
-116
-935
-1896
-2399
-2241
-1854
-1414
-703
179
709
549
55
-404
-898
-1325
-1273
-499
529
1120
1236
1142
882
274
-515
-934
-813
-462
-201
25
329
447
83
-568
-1063
-1289
-1433
-1436
-1045
-403
24
42
-31
52
107
-8
-54
213
573
684
598
567
606
463
106
-226
-396
-520
-727
-898
-919
-877
-946
-1153
-1286
-1202
-1027
-937
-919
-821
-649
-320
549
1963
3112
3280
2762
2337
2061
1631
1288
1373
1610
1420
1029
1047
1186
629
-629
-1723
-2214
-2353
-2080
-1104
186
837
528
31
16
318
634
1062
1807
2619
3104
3220
3082
2690
1868
668
-395
-895
-891
-747
-717
-862
-1342
-2226
-3208
-3801
-3791
-3445
-2978
-2344
-1577
-881
-466
-260
-110
-41
-4
203
717
1371
1870
2104
1993
1481
809
271
-38
-250
-502
-718
-911
-1152
-1468
-1767
-1938
-2080
-2216
-2125
-1708
-1113
-560
-125
200
354
434
630
1032
1489
1757
1872
1879
1734
1432
1089
827
562
218
-107
-329
-493
-747
-1114
-1434
-1599
-1601
-1523
-1404
-1243
-1084
-968
-864
-638
-212
318
968
1982
3160
3823
3616
3004
2580
2200
1692
1353
1416
1503
1145
676
587
597
85
-881
-1646
-1868
-1715
-1213
-307
556
794
369
-69
-109
63
308
718
1340
1830
1860
1527
1008
291
-665
-1572
-1934
-1697
-1267
-993
-952
-1173
-1805
-2696
-3320
-3331
-2847
-2151
-1301
-335
369
484
199
-56
-123
-122
20
503
1213
1751
1805
1430
714
-266
-1206
-1657
-1466
-934
-398
-19
109
-146
-767
-1444
-1793
-1672
-1184
-416
543
1469
2023
2055
1689
1143
659
487
814
1477
2031
2138
1832
1271
533
-278
-930
-1240
-1279
-1172
-943
-646
-548
-836
-1346
-1736
-1826
-1615
-1087
-279
559
1141
1376
1381
1298
1148
1001
1020
1443
2348
3245
3525
3046
2193
1316
394
-362
-571
-323
-94
-104
-46
146
-37
-791
-1667
-2180
-2277
-2019
-1189
-7
748
650
49
-420
-680
-841
-691
-106
676
1219
1423
1399
1023
176
-899
-1672
-1808
-1469
-973
-530
-336
-588
-1338
-2229
-2787
-2859
-2538
-1916
-1028
-120
441
556
407
174
-120
-347
-222
310
961
1415
1618
1586
1189
483
-163
-366
-145
240
686
1092
1233
952
409
-77
-421
-645
-616
-171
571
1173
1336
1126
701
186
-271
-421
-172
228
500
599
639
588
294
-191
-625
-849
-890
-784
-480
-70
166
75
-156
-247
-182
-84
86
422
817
1049
1086
1031
878
523
41
-293
-308
3
565
1155
1418
1131
453
-232
-704
-892
-820
-581
-259
37
270
336
150
-211
-632
-1013
-1224
-1048
-462
168
435
310
-53
-555
-1075
-1297
-1026
-496
1
387
683
727
340
-307
-877
-1199
-1248
-1018
-521
7
246
82
-373
-875
-1247
-1379
-1183
-708
-123
347
553
528
345
101
-79
-71
222
693
1144
1463
1589
1474
1058
499
104
5
140
389
640
768
593
146
-328
-666
-837
-862
-674
-268
171
473
607
579
386
88
-92
7
289
584
786
879
804
537
213
-17
-126
-186
-225
-196
-105
-43
-87
-247
-452
-631
-710
-624
-377
-53
205
313
280
130
-125
-418
-630
-689
-631
-449
-29
560
973
931
573
254
52
-130
-209
-70
191
338
321
306
292
106
-272
-640
-794
-735
-539
-266
-60
-70
-356
-771
-1072
-1127
-926
-562
-103
371
680
705
446
64
-278
-529
-613
-475
-165
152
321
327
180
-106
-425
-626
-606
-424
-185
71
281
377
330
222
175
207
326
527
788
1048
1180
1125
870
510
196
32
50
206
385
465
361
119
-132
-346
-513
-584
-514
-291
-3
279
508
597
519
366
283
326
413
510
605
641
564
385
177
-44
-303
-567
-772
-877
-889
-825
-722
-669
-697
-729
-702
-626
-541
-433
-298
-193
-146
-137
-155
-232
-365
-461
-450
-314
-38
347
703
844
750
563
382
183
-5
-99
-115
-133
-178
-157
-49
25
3
-97
-209
-293
-307
-192
-27
60
18
-129
-295
-416
-414
-260
-25
238
492
711
840
829
715
522
272
47
-56
-8
108
215
273
192
-55
-399
-702
-896
-991
-947
-737
-424
-112
141
339
431
392
297
254
330
503
738
983
1142
1152
1048
909
788
685
597
508
403
285
167
16
-195
-452
-699
-867
-930
-874
-726
-564
-422
-310
-221
-159
-123
-82
-41
-14
18
70
145
190
170
100
-4
-123
-230
-297
-320
-351
-419
-522
-641
-752
-827
-844
-817
-782
-761
-746
-721
-684
-637
-586
-526
-437
-276
10
422
879
1236
1408
1410
1287
1095
908
803
781
778
761
765
795
757
557
199
-233
-634
-917
-1008
-930
-794
-699
-678
-698
-724
-713
-604
-388
-92
241
581
887
1088
1123
991
739
469
278
240
358
541
671
638
414
59
-328
-659
-893
-995
-944
-765
-535
-319
-155
-74
-97
-172
-188
-75
159
462
769
998
1065
968
789
605
442
303
219
188
162
114
34
-96
-285
-513
-699
-780
-753
-646
-500
-374
-331
-373
-439
-473
-456
-383
-262
-126
-25
10
-9
-64
-140
-217
-262
-236
-150
-38
55
97
70
-16
-126
-211
-239
-205
-132
-67
-16
31
55
22
-76
-188
-265
-281
-231
-110
45
170
217
192
130
54
-9
-23
45
186
341
457
504
484
409
296
179
82
28
21
64
146
236
291
273
178
42
-74
-121
-83
18
133
218
253
244
207
164
127
109
112
139
197
262
297
282
224
161
123
124
164
235
309
348
337
294
256
231
209
175
139
96
40
-37
-125
-217
-309
-412
-521
-619
-683
-711
-722
-731
-740
-743
-725
-682
-607
-497
-357
-208
-73
32
98
136
164
196
235
272
292
280
233
155
50
-71
-188
-277
-329
-352
-369
-392
-416
-438
-465
-495
-511
-494
-444
-369
-268
-140
-8
99
176
236
276
295
307
330
360
371
355
339
333
320
288
241
207
198
216
264
324
355
339
306
288
294
317
358
407
450
476
496
522
530
503
441
378
344
343
371
409
422
385
300
198
116
65
37
9
-41
-113
-206
-310
-415
-508
-566
-585
-565
-509
-427
-344
-297
-295
-321
-354
-363
-339
-284
-207
-131
-79
-66
-93
-138
-180
-218
-257
-286
-297
-292
-289
-297
-329
-384
-443
-480
-464
-395
-302
-211
-142
-109
-107
-113
-102
-61
2
77
158
232
272
269
228
160
81
24
20
69
145
207
230
210
155
85
19
-24
-36
-25
4
47
93
128
137
112
65
26
20
59
126
192
225
210
158
106
86
120
199
303
409
498
559
586
583
544
474
394
337
318
324
336
337
309
245
157
78
22
-12
-35
-49
-59
-77
-108
-146
-176
-194
-203
-200
-183
-149
-114
-102
-123
-172
-238
-296
-331
-335
-316
-295
-286
-294
-312
-337
-362
-383
-385
-368
-345
-328
-315
-306
-309
-327
-352
-366
-360
-332
-295
-264
-243
-233
-221
-202
-174
-143
-118
-88
-41
31
113
187
236
258
262
262
275
300
328
344
352
352
343
318
280
246
215
187
168
171
195
218
229
226
206
173
129
93
77
67
60
54
45
26
-8
-43
-68
-78
-69
-49
-25
-8
1
4
8
18
38
75
131
198
256
292
306
297
268
226
185
165
163
166
160
141
105
50
-14
-75
-128
-168
-194
-196
-181
-164
-168
-207
-262
-317
-351
-350
-312
-246
-181
-139
-126
-138
-161
-184
-190
-179
-160
-147
-140
-134
-136
-153
-184
-225
-263
-292
-293
-267
-224
-185
-168
-167
-168
-165
-152
-135
-115
-86
-39
21
89
158
218
262
283
301
331
377
425
466
492
497
482
452
421
390
352
310
272
236
197
150
96
44
3
-20
-29
-28
-28
-36
-54
-78
-103
-125
-143
-149
-145
-138
-127
-118
-114
-119
-133
-148
-163
-168
-165
-158
-153
-165
-189
-223
-256
-274
-269
-237
-187
-125
-59
2
54
100
131
152
169
192
223
263
304
340
366
369
339
284
218
156
107
73
58
43
14
-36
-99
-165
-223
-266
-294
-301
-289
-271
-258
-251
-249
-251
-255
-250
-230
-192
-141
-76
-9
47
88
118
146
167
180
186
188
188
180
171
157
133
98
58
17
-15
-42
-59
-70
-77
-83
-83
-75
-61
-40
-14
12
41
68
96
121
144
162
171
175
176
175
166
148
121
91
61
30
-5
-53
-105
-154
-195
-220
-233
-239
-242
-251
-251
-242
-224
-208
-191
-167
-135
-96
-55
-11
29
58
72
78
89
112
141
172
198
220
235
232
216
197
176
156
140
131
127
124
116
99
81
63
38
13
0
-2
1
2
-2
-14
-27
-43
-58
-67
-76
-82
-86
-90
-95
-103
-109
-120
-132
-139
-139
-137
-133
-127
-122
-119
-116
-110
-90
-62
-28
7
38
61
77
88
96
101
107
109
108
111
113
118
117
109
94
69
41
16
1
-8
-19
-32
-45
-62
-84
-106
-129
-150
-163
-164
-150
-129
-110
-97
-91
-90
-87
-80
-67
-50
-27
0
23
40
51
50
42
30
23
20
23
31
41
45
39
28
11
-1
-9
-10
-5
6
22
42
57
67
68
63
60
67
87
112
132
141
142
140
136
130
123
122
123
121
109
88
63
38
13
-5
-16
-25
-31
-37
-43
-53
-70
-89
-104
-110
-111
-110
-103
-93
-83
-80
-84
-92
-99
-102
-99
-89
-76
-65
-56
-50
-42
-28
-17
-5
10
32
59
86
109
127
135
140
139
138
135
132
129
123
109
89
64
35
7
-21
-47
-70
-87
-92
-91
-87
-88
-94
-104
-111
-112
-106
-94
-75
-59
-45
-32
-22
-19
-23
-27
-26
-22
-17
-10
-8
-13
-28
-50
-73
-94
-110
-121
-127
-129
-130
-126
-116
-102
-91
-77
-59
-38
-8
23
54
80
100
116
134
155
172
191
209
218
221
217
209
190
167
144
121
96
71
47
24
-1
-30
-56
-74
-80
-81
-79
-75
-71
-65
-64
-64
-62
-57
-48
-41
-29
-13
3
15
21
20
13
1
-13
-24
-35
-47
-58
-65
-64
-63
-60
-49
-34
-22
-8
12
42
70
91
112
133
154
167
177
186
193
189
176
162
147
127
93
55
17
-22
-56
-84
-104
-117
-129
-142
-160
-175
-187
-193
-192
-191
-185
-179
-171
-160
-153
-147
-146
-147
-146
-142
-132
-119
-105
-94
-80
-63
-42
-25
-13
-2
5
12
19
31
49
62
73
85
103
125
152
180
210
235
252
258
264
268
267
260
253
242
225
199
165
134
97
54
9
-31
-61
-85
-102
-118
-131
-140
-143
-138
-124
-105
-82
-58
-39
-15
11
33
47
51
51
49
42
30
9
-23
-68
-116
-164
-206
-244
-274
-294
-307
-310
-304
-280
-243
-201
-157
-105
-42
28
100
166
222
268
308
344
373
388
389
375
345
299
243
181
112
41
-29
-93
-154
-214
-270
-311
-349
-379
-403
-416
-414
-397
-369
-339
-302
-260
-208
-148
-83
-17
44
100
149
187
218
235
246
252
255
255
250
238
214
179
140
106
75
47
28
20
20
25
31
40
56
74
88
109
142
182
220
251
274
288
286
271
250
225
191
149
101
46
-13
-78
-147
-211
-263
-299
-319
-328
-327
-318
-304
-290
-275
-255
-229
-197
-160
-122
-87
-57
-34
-16
-2
5
5
4
4
0
-11
-20
-32
-45
-59
-73
-80
-78
-69
-54
-34
-9
21
48
70
90
110
128
142
156
166
173
174
171
166
157
145
132
118
106
96
87
78
65
47
28
8
-11
-31
-45
-61
-80
-104
-128
-148
-167
-182
-191
-192
-185
-172
-152
-132
-113
-93
-72
-45
-13
20
57
95
132
161
182
200
209
208
198
185
170
152
131
103
70
36
-3
-40
-70
-93
-110
-120
-125
-125
-126
-128
-130
-130
-124
-115
-104
-87
-73
-59
-49
-43
-39
-34
-26
-20
-11
-6
-2
-3
-6
-9
-13
-21
-33
-37
-37
-33
-30
-29
-29
-34
-40
-43
-35
-20
-2
18
39
63
85
104
121
137
153
165
174
185
195
200
195
181
166
148
128
108
92
79
66
54
42
28
12
-5
-23
-37
-45
-49
-49
-47
-47
-48
-51
-57
-67
-77
-84
-89
-94
-101
-108
-118
-132
-144
-157
-161
-158
-145
-128
-111
-95
-74
-50
-26
-7
10
32
51
71
87
103
114
112
103
92
84
74
63
47
33
20
5
-13
-32
-47
-60
-69
-70
-65
-57
-49
-44
-40
-39
-38
-35
-27
-15
-4
8
14
16
16
14
13
12
10
10
10
7
-1
-13
-25
-34
-44
-51
-53
-48
-40
-30
-18
-8
4
15
24
34
47
62
78
93
106
112
115
117
119
118
111
102
95
85
73
58
45
32
18
4
-7
-16
-23
-30
-35
-37
-41
-45
-43
-36
-26
-21
-18
-15
-15
-16
-20
-27
-34
-41
-50
-58
-66
-72
-79
-82
-80
-76
-70
-67
-60
-53
-48
-46
-42
-38
-28
-15
-2
12
22
33
39
42
46
49
52
52
52
50
47
40
30
22
16
7
-2
-11
-15
-16
-19
-23
-27
-26
-28
-24
-19
-11
-4
2
11
17
20
19
19
21
22
22
24
26
26
23
18
11
4
-2
-8
-13
-14
-10
-4
1
5
8
13
16
23
29
36
42
47
50
55
61
64
58
49
41
35
25
12
3
-4
-12
-22
-32
-37
-40
-40
-38
-32
-28
-20
-15
-7
2
9
15
20
22
25
27
24
17
6
-6
-19
-31
-42
-50
-55
-63
-73
-81
-85
-88
-88
-85
-79
-73
-65
-54
-43
-35
-31
-27
-21
-15
-6
1
6
7
6
4
5
4
3
4
8
14
17
15
11
12
12
13
14
17
24
29
32
37
44
49
50
53
56
60
61
59
59
56
50
40
32
29
24
19
14
11
6
0
-5
-12
-16
-18
-20
-18
-15
-12
-11
-12
-11
-10
-11
-11
-7
-2
4
8
11
12
13
10
5
2
-3
-5
-10
-7
-4
-1
-1
-4
-6
-5
-3
0
5
11
17
20
20
21
19
21
21
22
23
24
24
22
17
12
5
-2
-7
-10
-12
-15
-17
-16
-15
-19
-25
-28
-31
-33
-35
-37
-38
-38
-40
-42
-45
-51
-58
-64
-66
-63
-60
-57
-60
-62
-63
-60
-52
-40
-28
-17
-7
4
16
28
40
50
58
66
72
78
82
82
80
75
65
53
41
30
19
9
0
-9
-18
-26
-32
-39
-44
-47
-48
-45
-39
-31
-22
-14
-7
-1
9
20
32
42
47
54
55
57
54
48
42
36
28
20
13
8
3
-1
-6
-9
-12
-14
-19
-22
-19
-16
-12
-5
1
8
15
19
26
36
47
54
61
64
66
65
60
55
50
42
33
23
13
4
-9
-22
-32
-43
-54
-61
-63
-61
-59
-58
-55
-53
-52
-48
-41
-38
-34
-32
-29
-26
-25
-27
-31
-38
-44
-48
-49
-48
-49
-50
-53
-56
-55
-51
-48
-41
-34
-28
-17
-9
-1
5
8
12
15
18
23
27
32
32
31
31
31
31
29
26
23
21
18
15
15
16
15
13
14
17
23
26
31
35
40
43
43
44
46
48
48
45
44
40
35
30
26
23
21
15
11
7
3
-3
-7
-11
-13
-16
-16
-14
-12
-9
-5
-2
1
4
10
17
26
32
38
44
44
41
40
35
32
29
25
18
10
2
-7
-14
-22
-29
-33
-37
-41
-44
-48
-48
-50
-53
-54
-52
-50
-50
-49
-47
-47
-48
-51
-52
-51
-50
-51
-54
-59
-61
-64
-64
-64
-63
-61
-59
-54
-50
-42
-35
-26
-15
-6
2
14
24
33
39
44
48
51
54
56
57
59
60
61
61
58
58
59
57
55
54
53
53
49
47
44
41
39
38
39
40
40
37
34
32
31
29
25
20
16
14
10
10
8
1
-5
-10
-13
-17
-20
-20
-18
-19
-22
-24
-27
-27
-29
-29
-28
-28
-28
-25
-23
-21
-20
-20
-22
-22
-20
-20
-19
-15
-13
-14
-20
-23
-25
-25
-25
-25
-21
-17
-15
-17
-18
-18
-18
-20
-21
-20
-18
-17
-18
-19
-22
-24
-29
-33
-34
-35
-35
-35
-35
-33
-32
-32
-31
-27
-23
-18
-10
2
12
21
27
35
44
51
55
60
66
69
71
69
67
62
58
52
47
44
42
42
42
41
41
41
42
40
40
41
42
42
41
38
34
28
24
20
17
11
3
-4
-8
-10
-15
-18
-22
-23
-26
-29
-31
-29
-29
-31
-33
-34
-35
-35
-37
-40
-42
-42
-40
-41
-40
-40
-40
-40
-37
-34
-31
-29
-28
-23
-20
-17
-14
-15
-11
-9
-9
-10
-10
-9
-5
-2
-2
0
2
3
5
4
3
3
3
4
6
8
7
8
10
9
5
1
1
3
4
5
4
2
1
-3
-7
-7
-7
-7
-5
-1
3
6
6
8
12
14
16
21
25
26
26
26
26
27
25
22
20
20
19
17
16
17
18
16
18
20
21
24
24
23
23
24
20
16
13
11
7
5
3
0
-4
-10
-12
-14
-18
-24
-27
-31
-33
-34
-35
-34
-33
-32
-30
-25
-23
-21
-17
-17
-16
-13
-10
-8
-8
-9
-8
-7
-7
-9
-8
-8
-10
-9
-7
-7
-8
-8
-9
-7
-5
-2
1
3
8
14
20
24
27
32
35
40
43
46
48
48
45
40
34
27
19
12
6
0
-7
-14
-17
-18
-19
-18
-19
-17
-13
-8
-1
4
7
8
10
15
20
23
26
29
31
30
27
20
13
6
0
-8
-17
-23
-29
-35
-41
-46
-48
-47
-47
-44
-39
-34
-27
-20
-11
-4
3
9
14
18
19
18
18
14
5
-4
-15
-27
-35
-43
-50
-53
-56
-58
-62
-63
-64
-60
-54
-47
-34
-21
-9
-1
10
19
26
30
35
41
45
45
44
45
42
38
31
21
15
7
-1
-5
-5
-6
-6
-7
-7
-5
2
9
20
31
41
52
61
69
76
78
79
77
77
77
73
67
61
52
43
32
22
11
4
-1
-7
-11
-16
-16
-16
-15
-15
-13
-10
-4
-1
0
3
2
2
1
-2
-5
-9
-16
-21
-27
-35
-42
-49
-56
-63
-69
-74
-75
-75
-74
-72
-67
-61
-55
-53
-48
-41
-35
-30
-22
-14
-9
-9
-8
-5
-6
-8
-10
-11
-13
-15
-20
-22
-23
-27
-29
-28
-24
-17
-11
-4
2
10
20
27
32
41
52
61
70
74
77
79
79
78
73
67
60
53
47
40
31
22
14
7
3
0
2
4
9
12
19
25
27
28
31
33
34
34
35
36
39
34
26
18
11
3
-7
-18
-25
-32
-39
-47
-53
-57
-60
-61
-60
-58
-56
-52
-48
-42
-37
-34
-30
-25
-20
-19
-19
-17
-18
-21
-25
-29
-34
-38
-41
-43
-45
-49
-49
-51
-51
-48
-46
-41
-34
-27
-20
-11
-2
7
17
24
29
34
36
37
38
39
40
39
35
30
27
23
21
21
21
22
24
23
25
26
25
27
29
29
31
36
41
46
46
47
47
45
43
41
40
40
37
34
33
31
28
24
20
16
13
11
7
4
3
1
-3
-5
-5
-6
-7
-9
-8
-11
-12
-14
-16
-15
-15
-15
-15
-15
-14
-15
-15
-18
-18
-19
-20
-21
-22
-23
-26
-27
-28
-29
-29
-28
-28
-28
-27
-30
-31
-31
-32
-32
-32
-31
-28
-23
-20
-21
-22
-22
-22
-21
-18
-15
-10
-10
-10
-9
-8
-8
-8
-6
-4
-3
-2
-2
-3
-3
-4
-4
-5
-5
-6
-5
-3
-2
0
0
3
3
5
8
10
13
17
20
23
25
27
29
30
28
29
29
28
26
23
19
16
13
10
9
7
5
5
6
6
6
6
8
12
16
19
19
18
19
21
22
21
22
21
19
16
14
13
11
9
8
8
6
5
2
2
4
4
2
4
5
5
7
9
8
9
8
8
6
7
8
8
6
4
1
-3
-7
-7
-8
-10
-14
-20
-22
-24
-28
-29
-32
-33
-35
-36
-36
-36
-35
-35
-36
-34
-31
-29
-29
-27
-25
-25
-25
-23
-22
-22
-21
-22
-22
-21
-23
-23
-22
-20
-18
-15
-15
-14
-12
-7
-3
2
4
8
10
11
14
18
21
22
24
28
32
33
33
33
33
33
33
35
35
33
32
30
27
26
27
27
26
27
26
27
28
29
29
28
25
24
25
26
25
23
22
19
15
11
7
4
3
2
-1
-2
-2
-4
-6
-10
-10
-12
-10
-10
-10
-9
-10
-13
-15
-17
-19
-22
-24
-26
-27
-30
-30
-32
-33
-36
-40
-42
-42
-42
-43
-41
-40
-38
-40
-40
-38
-33
-30
-26
-24
-19
-18
-19
-20
-21
-19
-20
-21
-20
-17
-16
-16
-15
-12
-8
-7
-2
3
8
12
16
21
28
34
36
38
42
45
48
48
50
53
54
52
50
50
50
47
44
45
44
43
42
38
36
34
31
29
28
29
29
28
25
24
22
17
15
12
10
6
3
-1
-4
-7
-12
-17
-20
-24
-26
-30
-32
-35
-37
-38
-38
-38
-38
-39
-38
-36
-35
-34
-31
-30
-31
-31
-31
-33
-32
-29
-26
-25
-24
-23
-22
-22
-22
-21
-20
-21
-20
-17
-12
-11
-10
-7
-4
0
3
5
7
9
8
9
11
12
12
11
10
9
10
8
5
6
8
9
9
8
8
9
8
7
8
12
16
18
19
20
22
23
25
25
26
27
27
27
27
27
26
26
22
23
23
24
23
22
20
18
18
18
18
17
15
14
13
12
10
6
2
-2
-6
-10
-13
-15
-18
-20
-24
-25
-27
-29
-30
-31
-30
-31
-30
-29
-27
-24
-22
-21
-20
-19
-18
-17
-16
-17
-18
-18
-16
-13
-11
-9
-10
-12
-12
-12
-11
-9
-6
-3
-3
-4
-4
1
5
7
9
10
12
14
16
19
21
21
20
19
18
17
16
13
11
9
7
7
6
5
2
-1
-2
-1
1
3
3
0
-1
0
0
2
4
5
4
3
4
6
6
7
7
5
2
0
0
2
3
0
-3
-5
-6
-6
-7
-6
-5
-5
-4
-5
-3
-2
-1
-1
-3
-4
-4
-3
-2
-3
-1
-1
-2
-2
-1
-1
-3
-3
-4
-3
-3
-4
-2
-2
-2
-3
-4
-3
-3
-3
-2
-2
-1
-1
-1
-1
0
1
3
3
6
9
11
11
13
14
13
14
15
16
16
16
16
16
17
16
14
12
11
7
4
4
2
0
-3
-4
-6
-8
-9
-10
-11
-11
-11
-12
-11
-11
-11
-10
-9
-8
-9
-8
-9
-10
-9
-9
-10
-10
-11
-10
-10
-10
-11
-13
-13
-13
-14
-13
-14
-12
-11
-9
-7
-7
-7
-7
-5
-1
2
1
2
4
8
9
9
8
10
12
11
10
10
10
10
11
10
8
6
5
3
4
3
2
2
1
2
0
-2
-2
-2
-2
-2
0
2
2
2
2
1
3
5
4
4
7
10
8
8
6
7
7
6
5
4
3
2
2
1
0
-2
-3
-5
-4
-3
-3
-1
1
2
1
1
3
4
5
6
7
7
5
4
4
3
4
4
2
3
3
3
1
1
2
-1
-2
-1
-2
-1
0
-1
-1
1
-1
-1
-1
-1
-1
-3
-3
-4
-4
-1
-2
-2
-1
-1
-3
-4
-6
-7
-8
-8
-7
-8
-8
-11
-13
-14
-13
-13
-13
-12
-13
-13
-14
-14
-13
-11
-9
-9
-6
-4
-4
-3
-3
-3
-2
-2
0
1
3
2
3
5
6
8
8
9
10
11
9
9
9
9
8
8
8
8
10
10
11
12
13
13
13
10
9
9
9
10
11
10
8
7
6
7
7
5
4
3
2
0
0
-1
-1
-1
-2
-3
-3
-1
-1
-4
-5
-6
-5
-5
-5
-5
-5
-6
-6
-7
-8
-10
-10
-10
-9
-9
-12
-12
-12
-12
-11
-11
-11
-10
-10
-9
-9
-9
-8
-7
-8
-6
-3
-2
-3
-5
-6
-6
-5
-5
-2
1
2
1
2
4
4
4
6
7
9
9
11
13
14
13
14
14
14
16
17
18
19
17
16
13
11
11
10
10
10
9
9
7
7
7
3
2
0
0
0
-1
-1
-1
-3
-3
-4
-5
-5
-6
-4
-4
-5
-5
-6
-4
-4
-6
-7
-8
-8
-10
-11
-10
-9
-9
-8
-8
-6
-6
-7
-6
-6
-6
-5
-2
-2
-2
-3
-2
-1
1
2
2
1
1
1
1
1
0
-1
-2
-3
-1
-3
-3
-6
-7
-6
-4
-3
-5
-5
-5
-4
-5
-5
-4
-4
-5
-5
-2
-3
-4
-4
-4
-2
0
0
1
2
3
3
-1
-1
0
0
-2
-2
-1
-1
-3
-3
-3
-4
-5
-5
-3
0
0
0
2
1
-1
-1
0
1
2
2
2
1
0
3
5
4
3
4
6
7
7
8
10
10
10
9
9
11
12
14
13
13
13
14
12
12
11
14
14
13
14
12
13
11
11
9
8
9
9
9
10
8
8
7
4
2
1
1
2
2
1
0
-2
-3
-3
-5
-7
-9
-10
-10
-9
-8
-9
-9
-10
-12
-12
-12
-10
-9
-9
-10
-9
-9
-10
-10
-11
-12
-12
-14
-13
-13
-14
-13
-14
-15
-15
-15
-14
-12
-8
-6
-7
-7
-9
-7
-5
-5
-6
-5
-6
-6
-4
-3
-2
-1
-2
-4
-4
-3
-3
-4
-4
-2
-2
-3
-2
-3
-2
-2
0
1
3
4
6
7
8
8
7
5
8
12
13
11
10
13
12
13
13
15
17
18
16
16
17
17
17
17
16
15
15
15
14
14
14
13
11
10
9
9
9
8
9
8
7
6
4
3
2
1
2
-1
-1
-4
-5
-6
-7
-9
-10
-9
-9
-10
-9
-9
-11
-13
-15
-18
-17
-15
-13
-14
-14
-13
-14
-16
-17
-16
-15
-17
-18
-20
-19
-20
-18
-18
-16
-14
-12
-10
-7
-5
-3
-2
-1
-1
1
1
2
7
7
7
4
4
6
6
7
8
9
10
11
11
10
12
13
14
15
17
18
17
17
18
18
17
19
21
21
21
22
21
21
21
20
20
17
14
13
11
8
8
5
2
-1
-2
-2
-4
-6
-8
-9
-10
-11
-11
-11
-11
-12
-12
-13
-15
-16
-17
-19
-20
-20
-22
-22
-19
-19
-19
-18
-17
-17
-19
-20
-22
-21
-22
-21
-21
-21
-20
-18
