10
11
10
9
9
7
4
1
-2
-2
-2
-3
-4
-5
-7
-10
-12
-14
-15
-17
-18
-20
-20
-17
-15
-13
-10
-7
-5
-4
-1
3
6
7
8
9
8
7
8
6
7
6
5
3
4
4
4
1
-2
-3
-3
-4
-4
-5
-6
-6
-6
-4
-2
-3
-2
-1
2
5
8
9
9
11
13
11
10
9
6
7
8
9
10
9
7
2
-2
-4
-5
-7
-10
-12
-13
-12
-9
-5
-4
-4
-3
-4
-2
1
4
6
9
11
12
14
12
11
8
6
6
7
6
6
3
2
0
-3
-5
-4
-4
-6
-10
-13
-17
-19
-18
-17
-15
-14
-13
-10
-6
-5
-4
-1
-2
0
2
5
8
8
8
8
6
9
11
12
12
11
11
11
9
6
4
1
-1
-5
-8
-9
-11
-13
-12
-9
-6
-5
-3
-7
-9
-9
-7
-4
0
2
4
6
7
7
8
6
7
10
14
14
10
7
2
-1
-3
-4
-4
-3
-2
-3
0
1
1
2
0
1
1
-1
-4
-5
-6
-6
-3
-2
0
0
0
0
1
2
2
3
2
0
-2
-4
-6
-9
-8
-7
-7
-4
-1
-2
-5
-8
-13
-16
-15
-14
-9
-7
-5
-5
-4
-3
-1
2
5
6
6
7
8
9
12
13
17
17
17
17
19
18
18
18
15
12
10
9
7
7
5
5
7
8
8
7
5
3
-2
-5
-5
-3
-1
2
2
0
-3
-7
-9
-9
-8
-5
-4
-5
-5
-7
-10
-13
-15
-14
-12
-9
-6
-5
-5
-8
-9
-11
-12
-11
-9
-9
-11
-11
-9
-7
-5
-4
-3
-4
-7
-11
-10
-8
-4
-2
1
1
0
0
0
-1
-2
3
7
9
11
10
8
5
3
2
3
5
8
9
9
9
7
6
5
5
8
12
16
19
24
22
20
14
13
13
13
11
8
6
5
3
4
7
4
0
-4
-8
-11
-14
-14
-13
-12
-14
-16
-15
-13
-8
-3
-1
-1
-3
-3
-5
-8
-13
-19
-20
-17
-13
-9
-6
-5
-4
-4
-6
-6
-7
-5
-4
-3
-2
-4
-6
-7
-6
-3
3
8
13
16
18
17
17
15
12
9
7
6
7
3
7
6
11
13
9
7
5
1
-2
-5
-5
-5
-6
-3
-4
-3
-3
-1
4
6
10
14
14
14
11
11
9
10
12
13
17
16
12
12
12
7
2
-4
-5
-7
-7
-9
-15
-19
-24
-28
-29
-28
-27
-26
-25
-23
-20
-19
-18
-15
-13
-12
-9
-6
-2
3
7
11
13
13
14
11
9
8
8
6
7
5
2
0
0
-1
-3
-7
-8
-7
-8
-6
-8
-8
-10
-10
-7
-2
-1
6
8
15
19
22
23
25
25
25
24
23
25
23
22
19
18
18
15
9
1
-6
-14
-18
-21
-25
-30
-30
-31
-28
-28
-25
-22
-19
-13
-9
-5
-1
1
2
7
8
13
15
19
23
22
18
15
13
9
4
-2
-6
-6
-7
-11
-14
-19
-20
-23
-28
-31
-32
-30
-28
-23
-19
-15
-12
-6
2
7
11
17
22
28
31
36
39
39
40
37
36
30
23
18
14
10
5
0
-2
-8
-15
-16
-18
-18
-18
-15
-12
-7
-5
-7
-9
-5
-1
2
7
16
24
25
22
18
16
13
12
17
19
19
15
8
0
-7
-13
-21
-29
-32
-35
-36
-36
-35
-33
-36
-37
-38
-38
-33
-27
-16
-4
4
9
14
20
24
27
29
25
25
20
17
16
14
12
12
11
4
0
-4
-4
-8
-12
-18
-23
-29
-31
-29
-23
-16
-14
-8
0
11
19
26
27
24
22
20
20
22
26
30
31
26
21
12
8
3
-1
-7
-13
-16
-17
-21
-19
-19
-20
-24
-31
-30
-27
-19
-8
2
9
15
15
14
18
21
16
16
18
19
22
19
14
9
5
2
-4
-7
-10
-17
-24
-28
-33
-39
-39
-38
-33
-28
-19
-14
-10
-8
-5
-4
1
7
10
11
11
20
29
35
38
34
28
22
16
11
11
9
4
0
-2
-4
-6
-13
-24
-34
-40
-33
-24
-14
-8
-3
3
10
17
21
25
30
35
44
44
38
31
25
24
26
28
26
20
15
10
1
-4
-13
-20
-26
-30
-22
-16
-12
-18
-28
-36
-37
-27
-23
-15
-14
-13
-5
3
10
12
11
10
10
6
8
13
15
8
-8
-19
-22
-16
-16
-20
-23
-19
-17
-17
-21
-25
-28
-30
-25
-18
-15
-12
-7
-3
2
3
6
10
16
25
26
29
31
28
23
15
16
19
18
16
7
-2
-3
-1
2
-2
-12
-19
-18
-16
-20
-13
-7
-2
0
-1
3
21
36
28
15
6
8
17
28
22
11
4
5
10
3
-3
-6
-13
-22
-18
-12
-12
-12
-27
-41
-41
-31
-19
-13
-5
-3
7
13
28
33
20
7
11
32
38
35
20
13
18
16
3
-2
4
-6
-21
-25
-13
-1
-1
-17
-29
-31
-28
-17
-26
-32
-25
-16
5
19
29
26
16
17
18
28
37
31
28
36
50
46
31
20
6
-17
-20
0
14
11
-10
-21
-35
-35
-31
-30
-28
-30
-25
-12
2
13
2
-10
-4
-10
-4
13
18
16
0
-4
1
5
12
0
-3
-5
-7
-8
-16
-15
-21
-46
-58
-45
-40
-38
-27
-13
-16
-11
3
0
3
3
4
24
29
23
19
25
48
61
44
34
36
34
19
7
4
-14
-18
-22
-29
-16
-8
-4
-2
-19
-48
-62
-38
-12
-5
-14
-10
8
6
2
9
14
5
6
25
35
40
43
33
19
0
-25
-25
3
30
15
-20
-18
-3
-23
-45
-55
-47
-37
-20
-1
2
22
26
12
7
8
25
40
38
41
31
36
62
61
59
36
19
18
9
15
-8
-34
-35
-29
-27
-21
-27
-27
-29
-28
-18
-37
-45
-39
-29
-33
-35
-11
7
8
1
-5
11
46
48
17
3
8
32
10
-1
10
4
-1
-4
39
55
41
12
-12
-11
-8
-14
-6
2
-30
-39
-13
18
18
-15
-37
-34
-9
7
13
27
7
-6
5
12
24
25
1
-3
6
2
-5
10
18
-5
-17
-24
-15
-4
-24
-49
-50
-36
-31
-40
-38
-13
17
-11
-32
-20
-8
-25
-17
-1
2
10
12
25
30
27
24
53
73
40
-5
-13
16
20
-13
-31
-7
9
-12
-6
7
3
0
8
20
15
16
15
25
31
-7
-18
17
35
28
16
13
34
18
-15
-24
-22
-7
-48
-46
-7
-4
7
-28
-23
-15
-32
-32
-31
-15
-15
-12
21
62
76
29
-33
-16
20
16
-5
-3
16
22
17
-5
-17
-6
-25
-43
-15
36
53
10
-35
-57
-61
-42
-29
-21
-19
-15
32
28
21
39
28
7
-28
-13
20
30
16
-16
-18
2
14
40
67
36
-14
-58
-42
8
20
-11
-31
-2
6
-18
-29
0
36
50
9
-3
38
48
6
-7
-12
-19
-28
-23
15
59
86
38
6
6
0
-6
-8
3
1
-45
-74
-23
52
49
16
16
33
18
-36
-53
-6
22
-20
-57
-33
-1
18
-7
-42
-47
-47
-25
-12
27
26
21
-2
-16
6
6
-19
-44
4
44
38
6
-26
-70
-55
-39
-3
30
2
-2
1
7
8
-10
-39
-60
-30
28
50
91
76
45
45
26
-14
-42
-45
-61
-86
-74
-7
86
78
25
26
48
30
-37
-54
-19
40
-9
-70
-14
43
6
-19
11
58
79
64
56
61
32
-56
-98
-75
-67
-67
-40
22
117
95
-24
-84
-77
-59
-47
-64
-43
-5
34
47
72
102
51
-15
-45
-9
20
17
5
23
37
8
27
24
-7
-33
-60
-39
-16
-11
-12
0
26
7
-24
0
35
48
38
24
69
61
1
-20
-55
-55
-40
6
49
36
32
-5
20
28
-24
-37
-55
-43
-59
-53
-7
91
126
79
42
26
7
-64
-89
-102
-78
-24
-29
2
46
61
29
-66
-83
-109
-65
16
55
76
-8
-41
-18
64
96
94
55
25
-1
6
3
-6
6
-67
-88
-59
3
42
54
35
18
0
41
31
29
12
-43
-87
-122
-95
-44
12
51
109
127
149
110
57
-9
-88
-104
-95
-41
-8
-17
32
66
64
-13
-101
-132
-84
10
18
-28
-70
-70
-55
-8
-11
17
47
97
112
95
86
9
-67
-172
-149
-63
39
56
59
41
-12
-5
-47
-64
-79
-83
-60
-13
61
55
47
24
29
51
70
84
64
49
-21
-67
-93
-47
4
59
60
69
144
177
123
11
-87
-162
-182
-163
-94
-40
4
76
167
195
132
15
-68
-127
-150
-122
-116
-52
-7
29
88
116
100
50
61
47
12
11
-24
-69
-94
-81
-46
-42
-21
46
111
130
70
12
-7
-50
-79
-103
-100
-72
-69
-42
15
97
141
92
29
-15
-27
-57
-64
-25
49
111
111
87
71
59
-12
-117
-177
-147
-52
21
86
140
115
33
-14
-38
-49
-89
-132
-116
-68
-4
-17
-5
12
12
43
69
114
98
23
5
7
1
-42
-73
-44
-9
54
125
145
135
115
73
41
-31
-72
-145
-204
-221
-205
-162
-108
13
115
205
227
202
105
18
-77
-188
-236
-196
-76
13
113
184
234
259
266
160
-15
-152
-220
-221
-207
-136
-60
31
78
98
147
139
40
-106
-242
-236
-155
-120
-79
-39
40
32
36
83
128
176
138
77
30
-4
-55
-89
-92
-56
-31
-6
49
131
161
105
62
34
-8
-64
-145
-211
-194
-150
-86
-18
77
165
164
162
154
86
-53
-204
-222
-142
-45
41
87
105
94
35
3
19
22
28
4
38
73
50
0
-52
-45
-47
-60
-47
-54
-10
32
52
64
78
82
36
-20
-48
-64
-115
-132
-127
-34
18
81
164
185
170
80
-7
-40
-48
-48
-42
-52
-60
-69
-23
33
80
107
127
151
119
39
-52
-89
-123
-161
-163
-147
-74
22
116
177
144
79
-7
-34
-63
-81
-105
-149
-153
-133
-47
43
87
92
104
149
204
184
128
17
-108
-195
-223
-207
-205
-168
-40
74
140
190
209
169
26
-86
-152
-148
-138
-90
-21
37
99
136
152
148
137
78
3
-39
-75
-105
-124
-135
-148
-134
-86
-7
96
187
230
163
74
-42
-65
-113
-164
-143
-109
-23
7
64
137
155
119
27
-8
36
45
38
15
-38
-64
-41
36
82
57
17
5
11
-6
-22
-40
-61
-82
-88
-63
-62
-68
-60
-65
-38
10
68
128
131
85
-1
-90
-141
-136
-100
-42
23
63
102
127
117
81
35
-24
-74
-92
-49
-19
26
89
48
-1
-40
-23
8
-10
-22
17
73
115
145
129
81
-38
-149
-217
-192
-93
2
53
105
125
78
19
-34
-70
-87
-88
-41
52
119
165
147
103
64
17
-30
-51
-56
-53
-71
-103
-126
-165
-135
-105
-58
-36
-12
50
105
134
121
73
-36
-77
-113
-111
-34
51
106
112
145
185
160
86
-21
-139
-225
-233
-152
-50
-12
-11
-22
-32
-4
37
74
76
78
60
45
37
-22
-77
-135
-118
-42
66
213
319
358
291
124
-26
-144
-243
-294
-322
-236
-122
-25
90
182
203
119
30
-31
-69
-108
-125
-86
-75
-13
49
102
124
131
140
125
91
69
41
-30
-83
-154
-199
-196
-129
-51
26
78
103
124
132
113
64
39
20
-13
-44
-50
-67
-87
-120
-85
-14
17
82
106
100
56
10
-63
-161
-194
-204
-164
-80
43
133
164
151
135
90
15
-70
-122
-115
-113
-19
43
76
122
132
100
31
-22
-52
-66
-55
-46
-17
21
3
-23
-54
-79
-126
-149
-92
-13
50
108
153
172
109
68
8
-33
-70
-57
-10
28
84
107
114
79
45
1
-66
-116
-99
-84
-79
-72
-24
-1
16
26
13
17
38
33
59
84
77
58
10
11
-39
-63
-69
-40
16
76
126
105
59
0
-85
-168
-230
-249
-201
-105
-11
101
156
165
142
87
36
-12
-23
-65
-48
-31
-11
-12
3
21
5
23
48
87
68
28
-8
-47
-99
-147
-164
-156
-106
-19
39
73
119
134
100
37
-61
-100
-121
-98
-61
-18
62
106
154
155
160
111
43
18
11
6
-13
-33
-61
-80
-80
-61
-23
2
39
66
80
62
22
-26
-89
-95
-79
-31
27
105
137
147
145
100
68
35
33
18
23
28
-2
-25
-65
-94
-133
-196
-216
-214
-174
-130
-76
-26
-2
22
26
45
42
61
50
36
34
67
98
112
122
89
63
33
-18
-81
-128
-172
-212
-217
-175
-109
-42
7
59
88
134
163
161
141
93
47
2
-27
-38
-34
-3
40
105
156
157
147
105
45
-61
-153
-220
-225
-172
-90
-15
55
112
133
155
146
110
51
9
-31
-48
-41
-45
-50
-47
-27
2
34
57
56
29
-24
-74
-119
-176
-227
-246
-219
-156
-87
-4
50
83
91
62
18
-21
-43
-56
-50
-33
-6
24
53
48
29
4
-20
-29
-28
-19
-17
-29
-42
-56
-52
-50
-34
-3
36
76
110
135
142
148
126
84
64
65
90
156
224
266
269
252
215
184
148
96
49
4
-10
2
30
36
16
-22
-55
-56
-29
6
10
2
-11
-29
-55
-76
-77
-76
-71
-79
-86
-73
-63
-80
-143
-220
-292
-331
-331
-321
-314
-312
-312
-323
-309
-294
-279
-269
-266
-246
-205
-149
-107
-80
-71
-85
-87
-55
-19
23
58
79
81
89
102
120
143
179
219
279
371
479
592
676
718
733
740
738
722
691
625
529
436
352
294
242
189
132
77
34
-13
-64
-119
-186
-258
-331
-392
-426
-425
-398
-355
-307
-243
-173
-107
-57
-53
-87
-151
-225
-295
-362
-415
-455
-471
-469
-445
-415
-395
-409
-461
-524
-599
-652
-699
-734
-769
-786
-763
-709
-616
-523
-418
-305
-186
-64
33
90
101
60
0
-31
63
312
675
1030
1349
1647
1943
2188
2300
2252
2035
1737
1409
1120
870
654
436
191
-57
-225
-275
-250
-249
-347
-522
-698
-808
-843
-826
-790
-723
-601
-379
-63
305
614
780
791
691
564
424
271
56
-213
-486
-709
-835
-874
-875
-912
-987
-1065
-1099
-1099
-1106
-1165
-1292
-1436
-1526
-1526
-1432
-1255
-1044
-836
-641
-436
-216
1
159
213
182
115
86
100
116
85
31
5
95
340
697
1068
1422
1770
2071
2285
2411
2439
2337
2074
1699
1322
1033
839
656
440
204
11
-118
-201
-271
-367
-521
-733
-948
-1090
-1112
-1033
-899
-747
-546
-239
173
632
1047
1357
1524
1568
1545
1459
1296
1029
660
229
-189
-505
-740
-944
-1155
-1366
-1567
-1755
-1906
-2029
-2142
-2265
-2392
-2476
-2430
-2218
-1885
-1517
-1140
-710
-221
280
719
1039
1216
1264
1200
1040
822
569
278
-40
-341
-558
-675
-723
-779
-878
-1001
-1107
-1148
-1115
-1025
-861
-571
-114
511
1227
1915
2514
3016
3387
3595
3635
3569
3399
3122
2739
2307
1905
1543
1179
761
299
-138
-507
-841
-1178
-1536
-1894
-2205
-2421
-2496
-2417
-2191
-1855
-1444
-978
-472
46
500
843
1059
1158
1175
1154
1126
1084
1015
907
763
621
504
382
206
-47
-366
-729
-1110
-1493
-1853
-2173
-2453
-2668
-2773
-2702
-2445
-2052
-1618
-1189
-772
-366
5
304
497
571
549
473
386
314
273
256
238
226
248
306
366
383
307
116
-155
-425
-633
-746
-789
-782
-684
-394
136
838
1532
2098
2539
2886
3131
3219
3135
2900
2527
2048
1545
1142
887
682
409
39
-330
-608
-812
-1024
-1302
-1628
-1938
-2176
-2274
-2185
-1941
-1627
-1317
-973
-513
54
634
1075
1310
1378
1364
1331
1283
1191
1028
800
572
436
438
519
549
441
201
-108
-426
-768
-1166
-1624
-2101
-2515
-2786
-2854
-2713
-2416
-2051
-1669
-1260
-790
-280
176
470
558
506
409
337
284
220
137
62
46
98
211
354
471
480
370
201
38
-131
-351
-611
-835
-943
-931
-807
-504
25
711
1372
1887
2282
2643
2936
3039
2903
2593
2216
1806
1392
1028
769
561
295
-44
-368
-568
-666
-803
-1065
-1410
-1714
-1898
-1962
-1911
-1744
-1476
-1149
-771
-292
297
898
1343
1536
1543
1502
1463
1385
1211
957
690
474
350
333
422
508
487
348
153
-36
-261
-630
-1166
-1771
-2316
-2720
-2960
-3022
-2914
-2655
-2305
-1892
-1371
-756
-159
270
473
538
581
618
580
462
315
210
191
254
372
507
597
603
556
482
364
145
-208
-647
-1068
-1379
-1540
-1574
-1519
-1368
-1022
-415
362
1100
1650
2061
2415
2679
2773
2699
2536
2295
1962
1601
1379
1326
1278
1064
718
411
228
76
-182
-569
-1017
-1455
-1824
-2034
-2025
-1843
-1614
-1378
-1045
-513
161
810
1282
1555
1692
1764
1802
1777
1665
1443
1150
834
581
452
450
442
277
-42
-382
-655
-939
-1358
-1918
-2490
-2961
-3307
-3506
-3476
-3205
-2820
-2434
-2022
-1476
-809
-202
180
355
432
475
479
429
348
293
283
317
422
613
857
1075
1198
1199
1090
886
587
204
-233
-689
-1096
-1381
-1482
-1425
-1207
-790
-176
505
1087
1549
1985
2373
2589
2567
2384
2155
1868
1547
1257
1091
1009
869
670
520
500
543
502
321
51
-226
-473
-688
-829
-884
-891
-888
-838
-640
-293
80
347
492
579
661
720
705
580
371
123
-149
-423
-627
-697
-696
-745
-855
-929
-910
-868
-931
-1127
-1359
-1561
-1742
-1915
-2017
-2001
-1901
-1781
-1630
-1372
-988
-590
-283
-77
105
285
400
422
382
325
264
225
252
346
480
633
799
939
1003
972
852
642
349
-8
-387
-746
-1012
-1097
-913
-462
86
572
1028
1579
2190
2635
2773
2707
2563
2346
2012
1664
1432
1256
979
590
284
229
315
301
100
-180
-434
-657
-862
-1052
-1232
-1433
-1638
-1742
-1648
-1361
-997
-683
-455
-249
28
378
694
829
749
566
401
262
102
-86
-292
-502
-683
-768
-726
-598
-510
-551
-669
-747
-772
-834
-984
-1174
-1323
-1416
-1448
-1348
-1093
-778
-524
-352
-182
65
342
492
440
283
152
79
36
21
80
206
331
453
649
914
1111
1105
906
634
372
97
-240
-609
-915
-1009
-724
-142
411
804
1222
1784
2261
2408
2330
2236
2054
1593
1006
682
621
486
110
-311
-475
-371
-213
-198
-364
-604
-842
-1041
-1216
-1357
-1425
-1502
-1618
-1616
-1307
-733
-168
223
491
761
1080
1384
1581
1589
1419
1180
910
633
410
256
42
-325
-686
-832
-784
-774
-932
-1128
-1210
-1217
-1314
-1485
-1563
-1514
-1477
-1512
-1458
-1165
-731
-372
-151
65
369
700
915
923
787
657
592
517
390
271
216
226
259
305
397
500
493
288
-27
-315
-559
-842
-1233
-1650
-1913
-1938
-1646
-976
-156
475
915
1462
2204
2789
2941
2799
2578
2258
1782
1418
1344
1262
899
378
27
-14
93
121
-98
-561
-1090
-1486
-1668
-1767
-1893
-2043
-2180
-2151
-1760
-1041
-264
333
755
1123
1526
1953
2327
2526
2425
2071
1669
1382
1203
994
637
106
-442
-796
-903
-914
-1057
-1382
-1715
-1866
-1844
-1847
-1936
-2002
-1999
-1976
-1906
-1626
-1142
-668
-370
-185
100
520
923
1141
1107
917
742
684
652
548
406
291
237
220
224
258
267
118
-228
-615
-904
-1145
-1455
-1882
-2294
-2497
-2444
-2068
-1295
-402
215
652
1331
2279
2998
3191
3104
3007
2829
2468
2217
2227
2138
1712
1174
857
816
843
728
350
-232
-838
-1290
-1526
-1701
-1933
-2197
-2405
-2362
-1915
-1200
-538
-83
301
728
1188
1624
1997
2199
2076
1725
1424
1303
1244
1064
699
208
-240
-479
-509
-511
-698
-1083
-1456
-1615
-1613
-1687
-1904
-2121
-2254
-2332
-2335
-2136
-1752
-1371
-1097
-853
-488
2
469
749
782
670
595
643
683
592
430
325
331
386
440
480
459
312
28
-278
-509
-743
-1081
-1540
-1964
-2165
-2152
-1939
-1386
-601
14
416
1014
1958
2758
3003
2935
2936
2966
2795
2578
2568
2545
2257
1817
1488
1362
1278
1053
571
-119
-825
-1384
-1780
-2132
-2509
-2810
-2969
-2903
-2496
-1797
-1057
-454
109
737
1366
1885
2296
2580
2592
2355
2087
1917
1739
1421
966
436
-65
-454
-715
-884
-1122
-1497
-1848
-2021
-2067
-2192
-2463
-2708
-2801
-2801
-2774
-2617
-2284
-1865
-1394
-881
-345
209
756
1196
1438
1513
1556
1658
1689
1510
1250
1110
1068
959
721
450
208
-70
-471
-909
-1242
-1546
-1930
-2350
-2652
-2714
-2583
-2390
-1976
-1168
-281
333
924
1832
2775
3256
3335
3419
3605
3632
3414
3265
3235
3035
2606
2115
1691
1295
845
243
-543
-1348
-2039
-2577
-2975
-3283
-3467
-3486
-3321
-2896
-2175
-1321
-562
148
924
1646
2199
2635
2998
3181
3075
2818
2582
2333
1938
1400
811
186
-390
-846
-1250
-1657
-2042
-2368
-2591
-2696
-2792
-2947
-3026
-2980
-2887
-2740
-2479
-2107
-1656
-1133
-550
53
601
1068
1498
1844
1995
1997
1997
1948
1710
1334
1001
797
595
244
-165
-464
-700
-1000
-1329
-1601
-1847
-2118
-2412
-2665
-2756
-2645
-2470
-2197
-1560
-596
279
952
1758
2829
3697
4034
4168
4413
4551
4322
3950
3696
3408
2887
2178
1469
866
293
-353
-1120
-1918
-2608
-3125
-3489
-3741
-3826
-3706
-3439
-2995
-2278
-1354
-428
403
1241
2072
2737
3189
3561
3838
3813
3533
3222
2898
2426
1811
1137
437
-255
-886
-1453
-1981
-2490
-2945
-3278
-3482
-3604
-3720
-3793
-3743
-3547
-3257
-2881
-2370
-1785
-1174
-468
302
1003
1568
2036
2416
2614
2604
2484
2349
2112
1674
1180
818
561
240
-205
-632
-927
-1177
-1484
-1796
-2036
-2250
-2487
-2751
-2962
-2978
-2783
-2552
-2183
-1379
-325
559
1335
2357
3519
4290
4582
4795
5031
5013
4632
4234
3956
3523
2816
1976
1196
534
-105
-830
-1669
-2479
-3111
-3563
-3876
-4060
-4007
-3735
-3370
-2843
-1990
-898
112
946
1744
2493
3069
3456
3729
3821
3614
3251
2900
2488
1931
1307
666
-40
-745
-1330
-1829
-2307
-2771
-3192
-3499
-3652
-3740
-3818
-3800
-3628
-3340
-2977
-2512
-1926
-1271
-586
116
799
1383
1849
2237
2481
2510
2387
2235
2060
1761
1359
991
730
462
74
-347
-661
-897
-1186
-1533
-1818
-2010
-2172
-2340
-2519
-2621
-2540
-2320
-2077
-1638
-736
339
1149
1836
2781
3825
4458
4657
4771
4854
4688
4250
3837
3496
2990
2243
1392
595
-84
-707
-1376
-2146
-2894
-3439
-3748
-3898
-3931
-3753
-3368
-2903
-2308
-1420
-314
686
1437
2073
2655
3097
3360
3496
3448
3126
2681
2272
1843
1317
772
227
-389
-1012
-1511
-1891
-2236
-2604
-2989
-3300
-3474
-3563
-3591
-3505
-3315
-3036
-2643
-2125
-1508
-830
-132
531
1094
1525
1868
2156
2310
2270
2094
1869
1616
1350
1105
897
730
554
290
-13
-253
-459
-740
-1102
-1453
-1741
-1975
-2165
-2313
-2400
-2379
-2219
-1992
-1655
-927
133
1033
1640
2340
3280
4019
4279
4321
4357
4238
3797
3272
2923
2570
1995
1249
503
-137
-663
-1137
-1698
-2342
-2878
-3212
-3372
-3415
-3280
-2940
-2547
-2126
-1470
-509
477
1213
1772
2264
2645
2892
3066
3131
2941
2530
2094
1707
1313
895
441
-115
-740
-1265
-1639
-1954
-2317
-2747
-3173
-3499
-3692
-3763
-3696
-3510
-3260
-2913
-2384
-1692
-967
-286
329
846
1241
1544
1802
1996
2038
1933
1786
1681
1638
1633
1616
1556
1448
1264
994
674
310
-139
-661
-1202
-1707
-2125
-2424
-2624
-2765
-2832
-2752
-2535
-2242
-1803
-1008
61
979
1640
2364
3306
4129
4498
4573
4598
4495
4128
3653
3321
3011
2472
1714
887
163
-374
-841
-1462
-2269
-2990
-3430
-3673
-3831
-3837
-3591
-3226
-2862
-2301
-1375
-287
609
1214
1679
2137
2589
2947
3074
2914
2584
2257
1964
1625
1253
869
396
-210
-807
-1221
-1512
-1932
-2565
-3206
-3612
-3819
-3973
-4049
-3923
-3586
-3134
-2578
-1846
-966
-103
581
1073
1514
1988
2433
2685
2708
2664
2681
2701
2623
2511
2455
2345
2009
1494
986
507
-108
-910
-1744
-2453
-3001
-3393
-3642
-3758
-3736
-3564
-3285
-2924
-2442
-1847
-1207
-398
669
1731
2543
3268
4154
4955
5287
5259
5177
4988
4496
3824
3238
2663
1918
1023
75
-814
-1544
-2113
-2717
-3444
-4089
-4437
-4548
-4548
-4362
-3902
-3327
-2717
-1898
-765
433
1411
2164
2788
3325
3748
4010
4026
3781
3409
3012
2541
2010
1532
1068
415
-413
-1168
-1759
-2326
-3006
-3755
-4416
-4835
-4997
-5005
-4862
-4470
-3805
-3001
-2174
-1260
-211
834
1685
2309
2831
3322
3735
3984
4047
3985
3834
3623
3376
3073
2648
2073
1367
565
-286
-1129
-1972
-2834
-3631
-4221
-4542
-4640
-4554
-4299
-3921
-3461
-2933
-2344
-1707
-1048
-413
174
903
1973
3112
3941
4528
5169
5806
6062
5913
5590
5092
4290
3244
2278
1450
562
-450
-1515
-2474
-3160
-3543
-3804
-4152
-4482
-4570
-4416
-4123
-3672
-2967
-2187
-1520
-787
275
1520
2533
3214
3730
4164
4441
4523
4431
4137
3629
2973
2252
1535
857
178
-636
-1610
-2558
-3300
-3865
-4407
-4957
-5374
-5513
-5375
-5040
-4519
-3822
-3014
-2126
-1131
-42
1062
2096
2967
3616
4097
4466
4720
4778
4565
4099
3495
2893
2319
1662
847
-78
-995
-1844
-2601
-3239
-3782
-4276
-4699
-4925
-4835
-4453
-3959
-3482
-2989
-2382
-1613
-753
67
771
1383
1970
2530
3137
3983
4894
5397
5442
5454
5652
5629
5085
4224
3223
2088
933
12
-658
-1331
-2049
-2684
-3157
-3358
-3258
-3027
-2986
-3144
-3188
-2935
-2474
-1948
-1364
-747
-161
501
1426
2498
3359
3855
4100
4159
4044
3814
3470
2873
1967
972
92
-656
-1356
-2044
-2746
-3480
-4137
-4563
-4754
-4823
-4893
-4977
-4914
-4525
-3846
-3054
-2205
-1274
-258
802
1906
2973
3845
4426
4734
4840
4741
4451
4042
3445
2620
1712
927
307
-326
-1047
-1756
-2350
-2847
-3272
-3569
-3742
-3880
-3969
-3891
-3586
-3089
-2450
-1762
-1085
-376
427
1291
2077
2655
3003
3197
3338
3435
3557
3839
4087
3964
3575
3347
3334
3068
2379
1590
835
14
-766
-1207
-1363
-1558
-1851
-2127
-2270
-2185
-1928
-1703
-1712
-1885
-1916
-1691
-1349
-1011
-617
-186
148
469
1013
1707
2195
2276
2098
1867
1629
1342
943
379
-295
-924
-1442
-1825
-2043
-2169
-2373
-2659
-2848
-2850
-2709
-2549
-2505
-2546
-2433
-2023
-1450
-900
-327
358
1095
1768
2399
3050
3571
3731
3577
3321
3020
2629
2102
1435
697
47
-401
-729
-1066
-1390
-1615
-1802
-2026
-2159
-2125
-2120
-2244
-2301
-2115
-1713
-1189
-617
-51
507
1083
1649
2119
2426
2560
2493
2190
1799
1527
1301
1027
920
1008
1001
894
995
1291
1353
1064
765
584
306
-91
-318
-356
-472
-656
-772
-839
-841
-733
-652
-772
-1010
-1152
-1190
-1281
-1413
-1400
-1273
-1220
-1152
-841
-382
-27
209
373
438
467
540
589
474
247
89
-19
-175
-299
-305
-328
-490
-660
-729
-756
-799
-865
-935
-957
-880
-739
-595
-421
-136
262
643
907
1119
1385
1617
1682
1623
1531
1385
1150
860
606
427
292
118
-123
-343
-439
-448
-525
-723
-906
-980
-996
-983
-896
-717
-496
-303
-134
83
357
587
690
646
513
377
244
38
-212
-392
-513
-599
-404
199
838
1178
1378
1740
2126
2203
2024
1790
1466
982
517
295
245
163
-66
-430
-778
-956
-1007
-1149
-1546
-2111
-2620
-2980
-3198
-3217
-3024
-2785
-2540
-2050
-1176
-151
722
1355
1789
2071
2234
2319
2308
2118
1763
1361
1050
914
910
874
655
317
38
-121
-263
-542
-990
-1491
-1907
-2166
-2278
-2263
-2126
-1869
-1504
-997
-285
545
1256
1725
2035
2252
2343
2344
2282
2087
1713
1295
1037
957
907
765
525
259
12
-197
-401
-652
-981
-1385
-1763
-1973
-1989
-1904
-1798
-1663
-1445
-1111
-704
-337
-74
93
173
168
156
197
242
256
403
873
1457
1839
2084
2399
2672
2648
2373
2030
1576
927
223
-304
-628
-891
-1227
-1668
-2106
-2372
-2461
-2559
-2777
-3069
-3314
-3401
-3244
-2806
-2154
-1454
-767
20
992
2004
2860
3467
3756
3730
3517
3264
2973
2584
2120
1632
1178
858
713
589
289
-175
-703
-1271
-1864
-2436
-3000
-3557
-3959
-4053
-3862
-3423
-2676
-1675
-657
230
1115
2060
2827
3250
3434
3454
3273
2991
2822
2727
2487
2127
1849
1652
1383
1015
569
-49
-866
-1708
-2437
-3058
-3570
-3909
-4037
-3950
-3585
-2907
-2076
-1326
-698
-116
393
746
962
1056
999
838
714
703
775
911
1079
1198
1350
1738
2187
2267
1964
1594
1172
502
-274
-884
-1405
-1970
-2395
-2438
-2154
-1721
-1268
-981
-941
-944
-821
-717
-779
-928
-1055
-1114
-974
-472
307
1060
1657
2233
2820
3248
3456
3483
3224
2581
1747
1014
474
69
-260
-533
-737
-794
-699
-594
-616
-794
-1154
-1676
-2149
-2394
-2487
-2533
-2425
-2057
-1501
-832
-30
836
1571
2069
2391
2584
2642
2615
2512
2258
1904
1672
1597
1460
1173
889
627
195
-419
-1004
-1496
-2003
-2538
-2985
-3253
-3290
-3100
-2773
-2385
-1899
-1309
-752
-320
74
470
737
826
883
1015
1144
1191
1177
1134
1057
924
690
338
-59
-457
-904
-1338
-1448
-1167
-898
-823
-627
-194
110
146
220
401
409
255
283
595
951
1223
1427
1534
1581
1633
1600
1376
1035
643
121
-480
-845
-826
-709
-762
-805
-590
-270
-78
63
237
289
131
-70
-134
-42
167
406
552
625
763
946
989
848
599
178
-439
-1015
-1326
-1432
-1478
-1448
-1284
-1018
-663
-219
208
466
519
430
249
88
97
238
305
267
326
550
764
852
846
713
375
-82
-473
-762
-1016
-1251
-1414
-1470
-1404
-1221
-942
-618
-341
-216
-250
-327
-354
-378
-469
-560
-546
-418
-199
117
512
877
1097
1128
1006
787
476
65
-414
-869
-1219
-1397
-1236
-627
164
768
1198
1645
2008
2059
1849
1554
1132
553
52
-95
93
382
583
610
512
412
288
26
-409
-962
-1564
-2084
-2286
-2013
-1404
-763
-202
439
1195
1838
2214
2338
2195
1738
1097
551
244
122
81
44
18
82
248
338
185
-169
-657
-1263
-1851
-2188
-2226
-2121
-1923
-1527
-941
-313
278
814
1163
1213
1045
796
512
259
132
110
93
117
315
604
779
762
596
299
-135
-638
-1093
-1423
-1619
-1726
-1754
-1644
-1345
-924
-544
-297
-150
-57
-25
-48
-63
-25
55
181
403
738
1091
1351
1473
1464
1342
1111
786
405
24
-341
-700
-1016
-1216
-1294
-1332
-1362
-1279
-936
-428
-11
276
560
822
939
967
1051
1129
1088
1050
1176
1418
1622
1749
1799
1701
1438
1055
636
245
-154
-637
-1154
-1517
-1625
-1557
-1431
-1283
-1073
-808
-587
-450
-314
-150
-73
-128
-168
-69
128
382
714
1069
1298
1360
1351
1315
1181
885
440
-83
-595
-1029
-1364
-1588
-1693
-1742
-1841
-1956
-1910
-1656
-1364
-1165
-1008
-821
-598
-290
150
609
930
1116
1244
1327
1375
1401
1356
1181
922
688
530
435
381
294
70
-264
-574
-785
-920
-997
-1021
-1011
-935
-713
-344
63
397
638
772
763
644
494
328
126
-87
-243
-311
-282
-166
-15
102
139
98
10
-89
-179
-249
-238
-53
265
561
782
973
1132
1187
1099
902
669
465
324
248
246
295
328
259
62
-210
-479
-714
-961
-1257
-1516
-1613
-1537
-1297
-887
-378
78
440
764
1017
1129
1120
1025
839
617
467
429
483
592
671
608
376
46
-346
-834
-1384
-1894
-2294
-2530
-2553
-2354
-1978
-1484
-939
-440
-45
273
565
789
893
919
960
1029
1145
1343
1605
1826
1939
1938
1783
1451
991
474
-61
-582
-1007
-1270
-1366
-1326
-1195
-1044
-949
-931
-962
-1016
-1057
-1047
-959
-780
-487
-55
478
1010
1452
1768
1916
1866
1649
1314
874
372
-92
-452
-697
-817
-813
-759
-744
-771
-836
-970
-1186
-1431
-1643
-1764
-1701
-1345
-754
-102
511
1052
1484
1773
1911
1900
1754
1547
1382
1314
1339
1413
1462
1416
1241
972
651
295
-72
-452
-833
-1154
-1337
-1355
-1270
-1157
-1034
-900
-779
-705
-668
-632
-583
-488
-322
-90
211
580
964
1271
1432
1425
1241
909
483
26
-401
-723
-890
-922
-860
-724
-560
-426
-382
-450
-598
-766
-907
-1007
-1041
-972
-782
-480
-118
251
591
875
1055
1116
1081
963
784
597
446
360
346
404
507
579
572
494
366
176
-79
-376
-671
-894
-1007
-1028
-998
-957
-916
-895
-906
-923
-916
-883
-822
-710
-513
-241
88
433
712
869
913
883
806
702
581
454
358
336
394
495
589
651
663
604
508
456
439
400
295
141
-4
-106
-165
-198
-234
-241
-188
-71
92
243
326
311
221
114
4
-97
-163
-187
-178
-145
-60
85
242
335
321
219
66
-101
-255
-417
-580
-686
-715
-691
-643
-575
-487
-399
-326
-296
-313
-352
-382
-394
-393
-365
-297
-177
-9
174
356
526
650
707
707
681
655
634
611
562
479
379
273
157
2
-222
-496
-760
-949
-1046
-1049
-978
-845
-673
-509
-366
-259
-202
-197
-232
-260
-230
-117
90
338
568
748
881
970
1007
978
875
713
542
396
289
226
218
263
334
396
434
429
374
258
87
-113
-305
-448
-527
-558
-564
-543
-495
-435
-381
-333
-290
-243
-164
-48
72
180
288
377
413
399
370
351
356
390
448
505
519
478
384
236
58
-122
-284
-410
-492
-506
-491
-506
-565
-662
-771
-867
-933
-961
-957
-910
-798
-623
-407
-182
20
179
284
355
396
402
368
304
245
216
246
341
451
521
539
503
417
271
64
-187
-455
-689
-832
-854
-769
-601
-384
-143
93
285
395
413
361
286
229
208
233
307
420
556
694
823
918
954
929
837
694
532
366
208
64
-58
-137
-180
-205
-232
-261
-282
-289
-283
-267
-246
-220
-208
-214
-238
-275
-307
-329
-326
-301
-259
-196
-120
-60
-44
-87
-176
-275
-345
-350
-288
-180
-55
59
146
203
233
229
191
145
126
170
271
379
437
388
234
14
-227
-438
-612
-756
-854
-901
-877
-799
-708
-633
-577
-513
-429
-325
-198
-64
61
167
260
370
491
618
729
808
855
859
823
739
605
452
309
201
123
61
10
-53
-128
-204
-277
-347
-401
-414
-374
-281
-137
34
198
325
415
482
522
535
536
524
505
485
473
471
468
456
434
389
314
204
60
-117
-306
-479
-608
-679
-686
-629
-530
-408
-293
-214
-177
-189
-234
-283
-313
-304
-245
-143
-21
95
176
204
174
89
-27
-151
-262
-343
-382
-383
-362
-335
-320
-318
-325
-337
-353
-358
-344
-303
-242
-159
-62
34
123
202
266
311
324
294
229
144
60
-1
-29
-21
13
60
104
134
140
117
58
-33
-132
-213
-244
-206
-110
29
184
329
449
538
587
585
535
466
399
349
322
312
304
286
256
216
167
104
27
-52
-118
-151
-137
-76
14
102
173
219
238
230
200
148
81
20
-14
-17
-6
1
-11
-52
-117
-193
-268
-345
-426
-505
-564
-591
-589
-568
-533
-493
-439
-361
-259
-144
-34
57
119
154
168
162
132
82
30
-9
-27
-24
-14
-12
-40
-97
-170
-254
-340
-413
-465
-482
-457
-384
-266
-118
43
202
342
458
544
598
616
606
580
548
526
514
510
501
475
423
338
222
84
-68
-217
-346
-440
-486
-485
-439
-370
-292
-222
-173
-142
-129
-127
-119
-93
-36
54
168
291
407
503
565
572
530
447
334
206
80
-26
-101
-146
-167
-176
-178
-183
-193
-213
-244
-272
-293
-296
-279
-241
-187
-121
-52
9
60
100
125
132
132
124
111
91
58
19
-26
-78
-128
-170
-205
-226
-236
-237
-234
-230
-229
-226
-223
-225
-217
-201
-175
-139
-91
-38
10
52
90
115
133
148
164
179
192
203
210
210
201
186
168
143
114
86
54
21
-6
-21
-30
-38
-41
-39
-34
-24
-8
4
9
6
-3
-13
-18
-15
-7
2
14
29
48
73
101
123
133
133
128
124
116
108
101
90
78
70
71
79
85
86
80
69
61
56
47
36
23
3
-17
-27
-27
-25
-28
-28
-24
-13
1
6
0
-13
-30
-44
-47
-43
-38
-27
-17
-2
22
43
51
42
19
-19
-60
-92
-126
-168
-210
-248
-279
-305
-324
-339
-350
-358
-355
-337
-308
-265
-218
-170
-115
-54
8
60
102
142
178
210
235
254
262
251
226
191
150
112
80
51
32
31
46
66
79
81
76
56
29
4
-13
-28
-41
-46
-43
-35
-20
-2
13
17
10
-1
-16
-39
-55
-69
-80
-81
-66
-38
3
48
90
120
134
143
144
140
129
123
124
135
151
168
180
182
174
153
122
80
33
-15
-59
-91
-112
-127
-134
-134
-135
-138
-143
-144
-144
-143
-138
-124
-102
-72
-34
10
54
92
125
151
167
173
168
153
133
115
100
88
72
58
39
15
-13
-46
-84
-129
-174
-213
-238
-247
-253
-257
-255
-253
-241
-221
-196
-171
-145
-114
-78
-38
5
55
106
151
187
220
245
255
248
230
206
175
143
118
96
71
42
8
-26
-64
-109
-154
-192
-213
-221
-221
-218
-205
-182
-158
-133
-104
-77
-55
-32
-1
32
60
85
109
132
150
171
194
213
226
234
233
228
225
220
201
169
132
98
67
36
10
-18
-48
-75
-94
-101
-100
-96
-84
-69
-57
-49
-46
-51
-61
-76
-88
-91
-82
-65
-45
-24
-12
3
21
36
40
47
58
66
69
68
70
69
61
50
44
34
19
-4
-28
-58
-92
-126
-157
-182
-201
-203
-194
-180
-163
-149
-142
-140
-141
-139
-141
-141
-138
-129
-111
-83
-47
-9
30
66
103
142
177
199
210
214
209
198
189
179
170
155
125
89
45
-10
-70
-119
-152
-167
-162
-139
-99
-55
-9
31
61
81
96
109
122
135
152
170
186
198
211
224
235
238
232
220
203
179
147
107
66
29
-5
-34
-63
-89
-110
-134
-162
-197
-229
-259
-283
-300
-297
-275
-239
-193
-139
-76
-15
41
93
136
164
175
178
174
155
118
71
23
-28
-79
-122
-162
-199
-231
-250
-250
-248
-248
-247
-237
-217
-189
-155
-121
-89
-57
-32
-10
14
38
54
66
74
77
80
80
79
73
63
55
59
69
81
82
73
61
44
24
-1
-23
-36
-39
-34
-15
14
47
79
113
151
191
232
268
296
313
320
317
308
284
244
188
132
76
19
-37
-90
-132
-162
-185
-198
-203
-191
-167
-142
-114
-84
-45
0
41
77
102
122
139
149
151
139
117
95
77
62
45
29
13
-9
-39
-77
-120
-159
-199
-241
-279
-309
-330
-346
-364
-378
-383
-373
-347
-303
-248
-187
-126
-69
-14
37
73
92
98
93
83
68
47
22
-2
-27
-56
-76
-86
-89
-91
-91
-83
-63
-29
12
57
103
152
209
266
319
361
393
416
432
440
440
430
410
384
355
320
283
245
203
157
109
59
10
-38
-88
-134
-174
-205
-226
-236
-236
-227
-213
-191
-158
-117
-69
-26
15
49
77
92
98
96
84
64
40
19
-3
-28
-55
-88
-125
-165
-202
-239
-273
-300
-315
-313
-297
-276
-248
-217
-188
-165
-150
-133
-121
-109
-95
-79
-60
-42
-21
-4
2
5
0
-7
-16
-32
-57
-86
-119
-148
-167
-177
-181
-174
-149
-107
-54
2
55
105
150
190
227
266
302
335
366
390
407
415
412
397
373
343
312
282
251
221
188
154
124
97
76
62
58
57
59
61
62
61
54
40
28
23
26
34
40
43
35
18
-9
-43
-80
-120
-157
-189
-214
-235
-255
-271
-292
-313
-329
-331
-322
-303
-274
-241
-204
-164
-127
-92
-57
-24
11
46
76
100
108
94
65
25
-18
-54
-84
-107
-127
-144
-157
-166
-178
-191
-202
-204
-192
-168
-132
-91
-47
-7
30
65
96
128
159
189
216
239
252
259
260
258
251
237
225
210
192
171
144
112
76
42
15
1
3
18
43
74
98
117
127
126
119
110
106
106
108
113
116
112
96
72
36
-3
-46
-85
-116
-139
-160
-178
-192
-200
-203
-200
-190
-174
-153
-128
-101
-79
-59
-51
-48
-51
-52
-45
-35
-26
-21
-24
-30
-43
-61
-85
-114
-144
-166
-178
-182
-182
-182
-179
-172
-155
-132
-106
-80
-52
-20
20
63
105
144
178
209
240
267
285
289
281
258
226
189
147
102
54
12
-28
-60
-86
-108
-125
-138
-143
-138
-123
-101
-75
-47
-14
25
66
106
143
175
198
216
225
223
212
195
170
146
123
103
85
66
45
21
-5
-31
-53
-76
-95
-113
-126
-132
-138
-142
-146
-149
-150
-148
-142
-133
-120
-103
-84
-66
-46
-29
-15
-4
5
12
20
26
27
24
18
14
7
1
-6
-12
-16
-15
-9
-1
6
10
15
19
22
25
28
34
39
41
42
41
35
26
12
-5
-23
-37
-48
-55
-62
-63
-61
-54
-46
-35
-27
-20
-17
-17
-20
-25
-28
-31
-30
-23
-12
1
16
29
36
40
41
42
41
41
37
35
33
29
26
18
10
1
-6
-12
-19
-28
-37
-43
-48
-45
-41
-32
-20
-7
9
28
49
70
88
101
113
123
129
134
132
120
101
78
53
26
2
-25
-52
-77
-98
-116
-134
-152
-174
-193
-204
-208
-205
-195
-178
-155
-124
-85
-39
10
56
101
144
183
219
249
272
292
304
310
308
297
275
244
206
161
107
50
-9
-65
-116
-162
-198
-231
-250
-260
-261
-255
-243
-227
-204
-176
-142
-102
-59
-17
25
65
101
131
155
168
172
167
154
130
98
58
13
-32
-73
-111
-143
-171
-193
-211
-219
-220
-218
-213
-201
-182
-156
-122
-82
-36
11
61
113
161
204
237
260
274
275
261
238
201
158
111
63
17
-25
-65
-103
-136
-165
-191
-212
-229
-240
-241
-231
-211
-183
-149
-113
-74
-32
14
60
106
150
189
220
243
259
265
260
245
224
202
181
159
141
125
110
95
77
57
36
13
-11
-36
-57
-77
-87
-93
-90
-81
-66
-49
-29
-9
8
21
29
36
44
47
49
49
47
42
31
14
-11
-38
-66
-94
-121
-148
-173
-196
-219
-241
-262
-275
-284
-281
-269
-248
-219
-187
-155
-123
-93
-65
-35
-1
34
71
110
144
172
188
193
191
180
163
143
121
97
73
46
17
-14
-45
-72
-93
-108
-114
-117
-114
-106
-92
-72
-46
-10
34
81
131
180
224
260
286
301
309
309
307
301
288
270
244
210
169
119
68
15
-39
-90
-134
-169
-196
-217
-233
-237
-233
-219
-195
-162
-123
-83
-43
-4
32
62
88
110
130
148
160
166
163
146
117
76
28
-23
-73
-117
-157
-191
-218
-245
-268
-290
-305
-312
-309
-295
-268
-231
-188
-142
-97
-54
-15
19
47
68
87
104
119
130
137
142
143
139
133
122
106
83
54
20
-12
-44
-74
-99
-120
-128
-128
-117
-99
-77
-56
-30
-2
25
54
82
111
140
168
193
215
233
241
243
239
232
222
209
187
164
139
112
85
58
33
9
-12
-33
-48
-63
-76
-84
-89
-94
-92
-85
-76
-65
-55
-45
-38
-34
-35
-40
-46
-53
-60
-67
-71
-71
-71
-73
-75
-76
-78
-81
-84
-87
-89
-90
-89
-87
-86
-83
-79
-77
-76
-75
-72
-69
-64
-58
-51
-43
-34
-25
-18
-13
-7
-4
0
2
6
10
16
21
27
34
37
41
42
42
41
42
42
48
54
61
68
73
79
85
90
90
89
90
92
93
93
96
97
99
98
97
96
93
87
78
71
63
57
50
44
43
43
45
48
50
52
54
52
48
44
38
33
29
26
25
24
19
11
2
-12
-28
-46
-63
-82
-102
-120
-136
-152
-168
-181
-192
-202
-211
-214
-215
-210
-204
-192
-178
-161
-140
-116
-92
-65
-41
-20
-3
12
22
29
33
34
34
35
35
32
26
15
3
-12
-29
-47
-62
-76
-86
-95
-98
-96
-87
-73
-54
-30
-2
27
60
93
128
159
190
217
239
259
273
284
284
278
265
249
224
194
163
129
96
66
41
19
0
-15
-28
-36
-43
-47
-50
-50
-47
-38
-26
-12
5
22
38
51
58
64
65
63
54
41
29
13
-5
-24
-44
-66
-89
-111
-133
-155
-173
-191
-204
-210
-213
-214
-209
-200
-187
-172
-154
-135
-115
-97
-78
-60
-43
-29
-15
-5
2
8
14
18
21
18
14
8
2
-4
-11
-17
-20
-21
-21
-19
-14
-7
3
14
27
42
60
79
96
110
123
136
144
149
150
150
146
140
131
122
111
98
83
69
55
42
33
25
18
13
10
10
14
20
27
35
46
57
69
76
80
84
84
81
74
65
54
39
26
12
-4
-22
-40
-57
-73
-91
-107
-122
-135
-146
-154
-158
-159
-159
-155
-150
-141
-134
-125
-117
-109
-100
-90
-80
-70
-60
-47
-39
-32
-25
-22
-20
-18
-18
-17
-20
-20
-19
-19
-19
-19
-19
-17
-15
-13
-10
-4
0
7
13
18
25
29
36
42
51
61
71
80
89
97
103
109
114
116
117
115
113
110
105
98
91
84
79
73
65
57
49
39
30
22
14
6
0
-4
-4
-3
-1
4
10
16
18
18
16
13
10
6
2
-1
-3
-6
-4
-6
-7
-12
-19
-30
-44
-58
-72
-84
-97
-105
-111
-115
-115
-115
-114
-111
-107
-101
-93
-83
-73
-61
-47
-32
-18
-6
3
10
16
21
25
26
26
22
22
21
19
13
8
4
1
-2
-5
-6
-4
-1
3
7
11
18
27
34
40
46
54
60
65
69
73
76
78
76
74
70
65
56
48
39
28
18
8
-3
-13
-23
-30
-35
-40
-42
-43
-43
-41
-35
-33
-28
-21
-14
-9
-3
1
4
5
7
8
7
5
3
0
-5
-12
-21
-29
-38
-46
-53
-56
-59
-58
-57
-57
-53
-49
-43
-38
-32
-24
-15
-7
2
10
17
26
32
35
37
39
39
40
38
36
35
32
32
31
30
27
25
21
18
13
12
9
8
10
13
16
20
25
29
32
36
37
37
37
37
36
35
30
26
20
13
4
-5
-13
-20
-25
-31
-36
-40
-41
-43
-42
-44
-45
-48
-50
-49
-48
-47
-44
-40
-35
-29
-23
-16
-10
-4
0
3
2
3
2
-1
-4
-9
-12
-15
-16
-19
-21
-26
-28
-30
-29
-29
-27
-25
-20
-14
-8
-5
-2
0
3
8
13
19
26
34
42
51
59
67
73
77
81
82
81
80
77
71
66
59
52
45
37
27
20
12
5
-2
-9
-16
-22
-26
-28
-28
-27
-21
-14
-4
7
18
26
32
35
37
35
29
21
15
5
-6
-17
-27
-40
-54
-68
-79
-88
-95
-103
-107
-111
-111
-108
-105
-100
-91
-79
-66
-49
-34
-18
-3
10
22
30
38
42
45
46
43
40
36
29
20
11
1
-9
-20
-28
-35
-39
-43
-45
-42
-40
-34
-28
-21
-13
-4
8
21
32
44
55
65
75
84
92
99
105
106
105
102
93
83
69
55
39
22
6
-9
-21
-31
-38
-41
-43
-41
-36
-29
-22
-12
-2
9
21
32
43
53
63
72
79
81
80
75
69
60
47
33
17
0
-17
-34
-49
-64
-76
-85
-92
-97
-100
-98
-94
-90
-83
-75
-66
-55
-45
-36
-28
-20
-13
-5
1
5
7
12
12
11
8
5
-3
-11
-21
-30
-39
-47
-51
-55
-57
-57
-57
-54
-53
-50
-45
-40
-35
-27
-17
-5
6
18
31
42
52
62
69
73
78
81
82
82
80
76
70
64
56
49
40
32
23
16
10
3
-1
-4
-7
-7
-5
-2
1
7
11
17
20
27
31
36
40
43
42
40
36
32
30
23
18
12
7
2
-4
-9
-16
-22
-29
-34
-40
-45
-48
-52
-55
-57
-57
-56
-55
-51
-47
-40
-33
-27
-21
-15
-10
-3
0
3
6
7
7
8
6
4
0
-4
-8
-14
-21
-28
-34
-41
-45
-49
-51
-52
-49
-45
-39
-30
-20
-10
0
10
21
29
35
40
44
46
47
46
45
43
40
36
32
27
22
17
14
12
11
10
9
10
10
14
14
15
18
21
24
27
32
37
42
45
49
51
54
55
54
52
47
41
35
30
22
14
4
-5
-14
-22
-31
-40
-48
-55
-59
-60
-58
-54
-50
-46
-41
-35
-31
-28
-23
-21
-18
-16
-16
-15
-15
-18
-20
-24
-26
-29
-32
-36
-39
-43
-46
-48
-51
-50
-49
-46
-43
-40
-35
-31
-27
-22
-19
-12
-6
3
13
22
31
36
40
44
47
48
49
48
46
45
43
40
36
31
24
18
15
11
9
7
6
6
7
9
12
14
17
22
28
35
39
45
50
52
52
52
51
50
46
41
37
33
30
25
19
12
6
-1
-7
-14
-19
-24
-28
-31
-35
-37
-38
-36
-34
-33
-29
-25
-21
-16
-12
-10
-9
-6
-6
-6
-5
-8
-10
-12
-15
-20
-24
-30
-36
-42
-46
-50
-52
-52
-54
-53
-53
-51
-49
-46
-41
-38
-33
-27
-22
-16
-11
-6
-1
4
10
15
18
20
23
26
30
32
34
34
34
36
37
34
30
27
25
24
21
20
19
20
22
26
28
32
35
38
41
44
45
46
49
50
50
52
53
49
46
40
33
25
18
11
2
-6
-12
-19
-25
-30
-35
-38
-42
-46
-49
-49
-48
-46
-45
-41
-39
-36
-33
-29
-23
-21
-18
-17
-16
-15
-16
-20
-24
-30
-35
-39
-43
-45
-47
-48
-49
-48
-48
-48
-47
-43
-41
-35
-28
-21
-15
-8
0
7
12
17
21
26
29
32
32
34
36
37
39
39
39
40
40
40
38
37
35
35
33
33
32
32
37
38
42
43
43
44
43
44
44
42
42
42
44
44
44
43
41
37
33
29
23
19
14
10
6
2
-5
-8
-13
-18
-23
-27
-32
-35
-39
-42
-46
-47
-48
-47
-48
-48
-47
-48
-47
-48
-50
-50
-49
-47
-45
-44
-43
-43
-43
-43
-43
-44
-43
-42
-40
-40
-39
-36
-31
-28
-22
-17
-11
-6
-1
3
9
14
19
22
25
27
29
30
31
32
37
38
39
40
37
37
37
33
31
30
28
26
25
25
23
23
22
23
23
23
23
24
24
24
25
25
24
24
24
24
24
23
20
17
12
8
3
-2
-7
-12
-16
-19
-22
-26
-28
-30
-31
-32
-32
-30
-30
-29
-27
-23
-20
-18
-16
-15
-12
-9
-9
-10
-10
-10
-10
-9
-8
-10
-10
-9
-8
-8
-8
-10
-10
-11
-13
-13
-13
-14
-13
-11
-10
-7
-5
-1
3
5
8
10
12
14
15
17
16
19
21
21
21
22
21
20
22
20
20
21
20
19
18
19
17
15
13
12
10
9
8
6
5
5
4
3
2
3
4
6
8
10
13
15
15
15
14
11
7
3
-1
-5
-8
-12
-17
-21
-25
-28
-29
-31
-32
-31
-30
-28
-25
-23
-20
-19
-16
-16
-15
-12
-12
-10
-9
-8
-6
-3
-2
0
1
2
3
2
3
0
1
2
3
6
8
10
14
16
18
19
16
14
13
11
9
7
6
6
6
7
7
7
6
4
3
1
2
1
0
-1
0
0
-2
-3
-4
-5
-6
-11
-15
-20
-24
-28
-31
-32
-33
-33
-31
-28
-25
-22
-19
-15
-11
-7
-4
0
3
5
8
10
12
12
10
11
10
8
7
6
4
4
3
4
4
5
5
5
7
7
10
12
14
17
20
21
23
23
25
25
26
25
24
22
21
19
17
15
13
10
8
6
4
3
2
0
-1
0
2
4
7
9
10
12
11
12
13
12
12
12
12
15
16
16
16
16
14
12
9
5
0
-3
-6
-9
-12
-14
-15
-17
-17
-17
-16
-18
-20
-21
-23
-25
-28
-30
-32
-33
-34
-32
-31
-30
-28
-26
-26
-27
-28
-29
-30
-29
-28
-26
-23
-19
-15
-11
-10
-8
-8
-7
-5
-4
-3
-2
-1
1
4
4
4
3
4
6
7
