5
3
4
3
3
2
2
0
2
1
2
1
0
1
-1
1
1
1
-1
0
2
1
2
1
1
2
1
1
1
1
1
0
0
0
0
-1
-2
-2
-5
-4
-5
-5
-5
-6
-5
-4
-5
-5
-5
-4
-4
-3
-3
-1
1
1
1
1
0
2
2
1
2
2
3
2
3
3
2
4
4
2
2
1
1
1
-1
-2
-1
0
-1
-3
-2
-2
-1
0
-1
-2
-2
-1
1
0
0
0
0
1
2
1
0
0
1
2
1
1
1
1
2
2
3
1
2
1
1
0
2
1
1
1
0
0
1
3
1
-1
-1
0
1
-1
-1
-1
-1
0
0
-1
-2
-1
-1
-1
-1
-1
-1
-1
-4
-2
-2
-3
-2
-2
-3
-3
-3
-2
-3
-3
-2
-1
-1
-1
-2
-1
1
0
0
1
2
1
1
2
2
2
1
1
1
1
1
3
3
3
4
4
2
3
3
2
2
1
2
2
2
2
1
0
1
0
1
0
1
-1
0
0
-1
-1
-1
1
0
0
0
-2
-1
-1
-2
-2
-3
-2
0
-3
-2
-2
-2
-2
-2
-1
-1
-2
-1
-1
0
-1
0
1
2
1
1
1
2
1
1
0
2
2
3
1
1
2
3
3
5
3
2
2
1
1
0
0
0
1
-2
-2
-1
0
0
-1
-1
-2
-1
-1
-1
-1
-1
-1
-1
-1
-1
-2
0
1
-1
-4
-3
-2
-3
-2
-1
-1
-1
-1
-1
-2
-1
-2
-2
-3
-3
-3
0
0
1
1
-1
-1
0
-1
0
0
0
-1
-1
-2
-1
-2
-1
-1
-1
-1
1
2
3
2
0
0
-1
1
2
2
2
2
2
1
1
1
1
2
2
2
1
1
2
1
1
2
2
3
4
4
4
5
5
5
5
3
2
3
2
1
2
2
1
0
0
-1
-1
-2
-3
-3
-5
-6
-7
-5
-5
-5
-4
-3
-3
-3
-3
-4
-2
-2
-2
-2
-3
-3
-3
-2
-3
-2
-2
-1
0
-1
-1
-1
-1
-1
-1
-1
1
2
3
3
2
0
1
2
3
2
3
4
3
4
4
3
4
4
5
6
5
5
4
4
4
3
2
2
1
0
-1
-1
-1
0
-1
-2
-2
-2
-2
-2
-3
-2
-2
-1
0
0
-2
-2
-2
-1
-1
-1
-1
0
0
0
0
0
0
-1
-2
-2
-2
-3
-4
-4
-5
-4
-4
-2
-3
-3
-4
-4
-2
-1
-2
-4
-3
-3
-3
-1
0
0
1
2
2
1
2
1
0
1
-1
0
2
2
3
3
3
3
2
1
1
2
2
2
1
2
2
3
3
3
3
1
2
4
4
3
2
1
1
1
2
3
3
3
3
1
0
0
1
1
-1
-2
-2
-1
-1
-1
-2
-3
-3
-4
-5
-5
-5
-4
-6
-6
-5
-6
-6
-5
-5
-5
-5
-2
-2
-2
-3
-1
0
2
1
1
1
1
2
2
3
2
3
2
1
1
0
0
3
3
3
1
-2
0
2
2
1
3
5
5
6
5
6
8
7
3
4
2
2
3
3
4
2
-1
-2
-1
-1
-1
-2
1
1
-1
-2
-5
-5
-5
-3
1
2
3
4
3
1
0
-4
-1
2
3
4
5
6
5
1
-1
0
2
4
2
-2
-2
-3
-5
-5
-2
-2
-2
1
2
0
-2
-2
-3
-5
-6
-4
2
4
2
2
1
-2
-8
-9
-6
-1
-3
-2
0
-2
-6
-7
-8
-9
-12
-12
-9
-5
-5
-5
-3
-4
-6
-8
-3
-2
-4
2
9
9
9
9
3
0
-1
-6
-3
5
5
5
10
11
6
6
1
-6
-7
-5
-9
-4
2
1
4
8
1
-4
-5
-10
-11
-7
-7
1
13
13
9
9
4
-6
-12
-16
-10
-1
8
14
13
9
-1
-15
-15
-11
-18
-16
2
3
-5
4
7
-2
-1
-1
-3
7
10
2
13
23
10
8
20
25
16
6
6
12
4
-5
5
18
22
19
15
5
-8
-25
-25
-8
-5
3
29
31
22
13
-19
-39
-19
-9
-10
22
51
39
17
-1
-11
-21
-27
-9
17
25
25
19
3
-3
-14
-38
-29
1
1
-11
-5
-3
-7
-19
-33
-13
4
-6
-1
7
-10
-16
-11
-7
15
31
10
0
8
-12
-27
-16
3
26
14
-10
1
-1
-39
-54
-38
-14
13
10
-3
15
-13
-65
-44
-19
-15
15
24
19
32
-18
-59
-15
1
-14
31
60
38
21
-10
-39
-17
-10
-13
46
55
12
9
9
-15
-23
-19
-6
27
29
17
15
1
-16
-17
-12
-2
23
10
2
19
-7
10
33
-1
-5
17
-16
-32
4
-8
-11
27
-2
-20
17
-19
-64
-16
20
-13
8
51
37
-2
-12
-15
-33
-35
-15
20
51
51
22
23
7
-40
-49
-7
18
10
55
58
7
-1
-22
-52
-16
3
-5
25
63
0
-45
12
8
-40
-24
27
8
-22
27
57
5
19
32
7
20
8
-25
2
16
-27
-5
39
6
-2
-7
-19
-5
-28
-50
-10
-2
-32
45
42
-14
15
-30
-49
-7
-31
-35
30
24
-19
42
60
-24
-19
9
-48
-46
-7
-10
16
11
14
-3
-12
-1
-61
-61
-24
-9
-24
13
66
18
-4
4
-39
-54
-43
-38
-29
22
46
52
41
0
-7
-40
-36
-8
6
36
46
41
22
8
19
-31
-22
15
-6
-7
5
4
-5
-29
2
26
13
31
3
-2
6
6
-16
5
79
68
26
49
6
-8
-38
-76
-2
37
32
16
56
33
-31
-90
-43
11
-54
-13
74
35
-14
-5
-46
-29
-6
-40
-25
69
-4
-78
49
8
-53
-26
-5
33
1
-26
23
25
-44
-35
44
25
-24
14
-27
-2
2
-88
19
79
-43
-1
87
14
-11
4
-23
-15
34
-25
7
81
2
-26
28
49
27
-54
-39
64
-3
-38
56
15
-9
18
-24
19
36
-47
-12
52
1
-6
52
24
-12
-3
-42
0
44
-25
-6
44
-27
-12
16
-36
-35
-37
-7
-8
-29
-23
-24
14
-26
-49
26
1
1
-28
-19
51
-39
-21
17
-21
-31
-2
12
-12
45
-7
-75
3
6
-79
1
25
3
28
28
-14
28
0
-68
18
37
-41
14
53
-35
-16
4
-33
-48
43
9
-17
71
18
-3
21
11
6
-35
38
-7
-24
101
-2
-15
43
-30
-53
50
50
-50
35
25
-86
29
28
-63
70
61
-63
58
87
-56
-30
56
-47
-25
96
-10
-18
77
24
-71
27
33
-95
20
-19
-96
66
14
-93
-4
45
-65
-77
65
-56
-14
41
-32
48
39
-45
-3
69
-44
-32
31
28
-2
0
-43
5
52
-51
-15
2
-58
24
46
-14
15
-10
32
-40
-33
83
-20
-71
22
2
-17
56
42
-89
55
110
-146
12
99
-87
-33
65
26
47
31
-18
-3
76
-44
-62
68
35
-23
-19
31
10
-7
-91
-30
53
-70
-45
103
7
-6
-10
-2
-5
-26
-18
-92
66
42
-78
55
17
-18
-111
-9
127
-151
74
80
-179
42
77
-78
-9
100
-66
-102
171
-45
-157
147
-47
-88
93
18
-87
57
88
-147
-5
121
-113
-36
59
-16
-32
59
39
-145
72
30
-112
25
60
-12
-28
116
62
-108
82
-40
-137
141
5
-53
140
67
-122
57
69
-131
35
10
-154
119
101
-15
111
85
-55
2
56
-124
49
47
-90
60
49
0
23
42
-41
-10
3
-161
74
118
-99
36
85
-32
-22
-8
-43
16
40
-108
-13
75
-60
-31
44
14
-60
-90
3
16
-14
-31
-6
64
-99
-34
-8
-83
-1
-79
0
8
33
82
-58
47
-58
-71
16
-70
34
-4
73
82
-41
112
-2
-2
23
-47
20
54
61
-57
91
146
-36
-25
96
33
-43
25
44
-17
27
-23
-76
137
13
-134
18
-1
-87
38
83
-45
-12
78
-154
-14
97
-202
-2
103
-98
-22
121
-12
-52
41
-68
-152
0
27
-33
-52
23
14
-16
32
-37
-108
19
-13
-118
0
140
-40
-52
38
-23
-18
-62
-12
7
42
-4
20
80
8
-42
-18
14
13
23
50
54
37
-106
44
109
-60
75
22
50
57
35
60
-48
64
28
-61
43
-15
-1
59
13
22
-38
4
36
-48
-63
23
92
-79
-26
99
-90
-43
122
-56
-31
23
59
-47
65
195
-84
-87
33
5
-150
-32
77
-83
-23
103
-57
-113
73
62
-268
83
51
-244
73
-3
-79
-22
110
-1
-152
149
-31
-189
179
73
-141
-52
175
37
-157
103
134
-145
-37
82
-41
-32
133
-29
-123
182
-79
-106
102
-13
-38
-12
57
31
27
86
-48
18
-73
70
96
-245
179
167
-139
66
110
-88
-113
75
-24
-143
119
100
-59
54
165
-55
-198
135
54
-182
84
116
-104
-31
85
-90
35
98
-214
-164
196
-29
-181
99
81
-219
-48
130
-121
-8
-14
-123
42
39
-39
55
104
-165
-61
121
-156
30
111
-25
35
226
-134
-116
321
-152
-274
164
155
-89
96
200
-234
67
103
-251
30
121
-58
-138
243
153
-246
74
121
-279
-167
240
-64
-77
360
-34
-299
307
18
-349
241
126
-199
194
153
-129
116
128
-312
86
235
-242
80
36
-39
-95
174
-9
-308
295
-143
-196
214
-3
13
24
8
-170
14
162
-204
-18
67
-97
-97
105
263
-253
47
204
-393
49
256
-208
-8
191
-184
-79
193
94
-248
-14
104
-139
-74
99
85
-84
44
-26
-177
212
37
-286
190
170
-165
-13
237
29
-268
67
74
15
12
-105
113
13
-121
-7
37
63
-127
-77
95
59
16
-116
-62
110
-34
-174
73
218
-100
-79
160
-221
64
274
-387
186
220
-249
84
127
114
-293
109
105
-271
240
-139
-83
172
-113
-6
-43
123
-120
-154
225
-147
-43
48
-5
-112
-40
202
-130
129
121
-239
210
143
-162
187
47
-167
-37
95
-11
24
254
-215
-16
246
-154
-9
-28
11
-221
-120
316
-303
103
199
-301
101
47
-132
-14
126
-151
-278
486
-105
-101
340
-253
-29
-2
66
-101
192
232
-335
91
199
-128
-97
136
-44
-326
339
26
-179
377
-164
-234
207
-180
-199
483
-3
-269
227
69
-229
143
-130
-51
287
-385
25
337
-284
-48
110
-17
88
-13
58
116
210
-370
-170
365
-183
-111
189
118
60
21
-74
-70
53
-241
-100
43
58
80
-225
39
195
-156
-78
66
-144
-7
22
-107
162
142
-143
-27
71
32
-223
142
100
-298
214
-84
9
87
-53
-72
-31
198
-251
56
133
-260
78
202
-61
16
40
-101
-180
142
14
-114
38
130
82
-151
147
16
-152
139
6
-125
439
-211
-161
448
-179
-378
257
152
-319
114
164
-274
333
-223
-248
318
-323
146
-53
-104
223
-307
34
454
-215
-99
298
-115
-136
516
-441
-21
502
-623
13
595
-333
-52
381
-481
113
206
-312
-43
407
-155
-353
511
-95
-271
172
-273
278
61
-335
309
-220
78
-262
18
371
-229
163
0
-134
161
-116
-18
-75
196
114
-201
471
-24
-299
166
-149
-155
156
71
-151
2
292
-295
-203
136
-243
198
-193
-37
326
-190
198
9
-114
45
68
101
-273
276
-120
-198
462
-241
39
33
6
-295
-16
574
-655
-26
571
-626
-35
290
35
-184
21
49
-483
479
143
-350
86
-20
162
-413
379
535
-866
374
210
-422
289
263
-98
-158
276
-169
-77
443
-455
-103
314
-484
263
24
147
-171
-300
248
-225
134
-54
5
227
-325
425
-60
63
255
-911
474
106
-148
394
-100
-70
-74
242
-370
66
630
-688
14
461
-214
221
-53
-255
-30
-4
-73
-200
630
-182
-693
302
24
8
-253
162
278
-518
543
-1
-305
450
-445
161
135
73
181
-166
436
-590
223
112
-518
589
-668
68
158
-421
424
-527
24
235
-320
230
187
280
-545
184
223
-494
484
-137
142
150
-156
-41
104
424
-733
-296
856
-463
42
373
-83
204
-529
145
-63
-56
359
-328
331
31
-122
-78
-117
215
-598
181
391
-328
759
-566
-159
486
-451
75
-236
406
-164
-87
691
-482
489
-76
-730
600
-119
-99
-131
284
-94
-670
760
-350
-188
160
-92
78
-443
688
0
-434
478
-361
-98
439
-60
-41
-97
415
-750
194
912
-1015
413
12
-344
322
-452
629
-78
-445
380
-309
327
-91
-39
179
-445
179
-113
304
-6
-281
107
-82
157
-111
179
16
-533
334
87
10
34
-7
229
-395
293
176
42
-174
54
384
-750
442
427
-488
117
-75
-94
-20
132
87
-208
-194
-145
393
-164
-199
228
-283
2
-189
336
76
-104
-69
-548
473
9
-184
582
-389
-261
428
-430
426
-39
-411
275
-209
345
116
-187
55
-80
-227
-126
275
77
-306
155
-355
163
495
-516
44
250
-252
70
490
-174
99
13
-352
176
316
-84
-172
343
-71
-57
91
1
-5
-94
-277
401
32
-141
275
-162
-87
-41
125
-15
81
-180
132
-128
-122
166
-28
-96
-275
183
-36
185
160
-131
164
-340
-61
210
-329
387
-192
230
441
-548
417
4
-352
69
-62
-282
-53
288
31
-235
2
54
-358
-320
184
54
-364
305
235
-239
63
307
64
-318
297
-21
-401
337
114
20
206
-181
162
-350
-12
288
-241
217
-196
278
201
-14
64
-56
14
-206
-115
-86
57
296
-141
80
216
30
-270
-295
374
-309
-191
399
329
54
-160
275
86
-175
-102
130
38
157
-21
-112
395
-219
-220
-256
-315
80
-370
-27
379
-661
90
86
-370
289
114
-517
-352
723
-159
-85
644
38
-271
52
279
256
-216
-68
108
-429
100
254
-324
-62
429
-645
-289
659
-413
-44
99
-444
255
-124
-180
420
103
-177
-110
545
-104
65
479
-590
666
234
-787
616
418
-425
-143
457
-340
-170
463
-224
15
149
-180
-139
-237
205
-65
-574
664
245
-408
288
258
-257
-4
410
-272
65
467
-497
-26
418
-186
-77
-80
214
-320
-450
353
-66
-124
231
-219
-381
320
24
-373
257
186
-322
-45
314
348
-298
-205
306
-161
-302
314
32
-55
101
-368
22
228
-342
-371
68
136
-146
-97
250
-2
-59
-347
106
215
-33
36
113
524
-44
-286
331
-1
-265
-20
76
193
102
-148
-297
180
-83
-301
9
29
-30
-90
-94
467
155
-346
-72
202
370
-248
62
605
118
-339
-101
659
-131
-443
360
-209
255
53
-546
377
-4
-492
-418
204
120
-474
188
125
-76
57
-176
92
203
10
-137
220
491
18
-148
-14
202
-338
-351
560
105
-318
220
6
-126
8
-380
-168
51
-390
-174
218
130
71
-237
-380
387
-120
-624
576
357
-502
97
429
-76
-39
-65
-308
98
222
-297
151
606
63
-540
-4
427
-497
-297
383
29
5
205
82
110
245
-231
-589
329
561
-308
6
583
-136
-598
79
175
-171
119
-76
-77
540
287
-291
41
389
-310
-516
338
487
-200
-58
187
-195
-47
174
-248
-74
197
-358
-183
551
233
-447
-163
-7
-258
-109
285
-75
-220
237
-117
-143
426
-75
-679
-224
58
-102
247
427
-71
-163
-28
-302
-155
332
9
-258
102
331
186
6
76
-131
-417
-146
140
356
334
102
-66
-126
82
-10
-282
-111
95
-103
154
491
254
-46
-372
-186
72
54
175
211
182
142
44
77
163
-188
-505
-182
174
250
208
120
-30
-388
-381
-194
-122
85
-97
-374
24
264
-170
-184
119
-376
-497
119
140
-28
-57
-213
-196
-145
-65
92
-16
-32
-178
-184
341
357
-13
74
149
83
67
267
453
352
146
141
480
546
351
124
146
212
18
129
476
339
-100
-158
123
103
-87
-70
-68
-108
-140
-68
7
18
-154
-531
-332
115
-132
-400
-161
-160
-464
-506
-285
-246
-478
-577
-481
-356
-229
-434
-622
-418
-426
-650
-491
-150
-209
-531
-491
-279
-313
-389
-320
-168
101
275
363
746
913
631
547
990
1282
1245
1400
1625
1660
1538
1540
1613
1452
1213
946
842
914
667
248
40
-199
-608
-760
-717
-785
-935
-1199
-1224
-1122
-1167
-1152
-1097
-1033
-968
-904
-722
-515
-540
-574
-364
-155
-79
-6
-21
-40
-215
-474
-443
-541
-729
-807
-806
-775
-885
-1090
-1301
-1420
-1374
-1204
-841
-350
93
474
821
1088
1093
1021
1011
1210
1667
2234
2787
3052
3060
2787
2210
1732
1354
903
715
759
870
943
770
209
-583
-1250
-1714
-1729
-1331
-934
-778
-755
-767
-964
-1317
-1491
-1403
-1245
-780
-97
475
747
505
-62
-463
-598
-588
-345
26
219
128
-6
-303
-814
-1326
-1729
-1893
-1648
-1283
-1032
-923
-1154
-1434
-1578
-1405
-1024
-615
-68
538
1068
1433
1650
1585
1342
1375
1723
2214
2824
3153
3141
2826
2285
1858
1533
1115
627
418
490
591
518
192
-366
-1069
-1665
-1788
-1468
-1100
-961
-962
-849
-789
-880
-996
-961
-814
-667
-277
457
995
871
375
117
18
-171
-126
170
284
55
-120
-212
-494
-1032
-1714
-1938
-1722
-1539
-1512
-1422
-1457
-2056
-2510
-2166
-1559
-1244
-902
2
1100
1590
1590
1490
1352
1069
1030
1930
3323
3913
3650
3476
3289
2501
1441
880
593
150
-33
472
959
390
-1025
-2257
-2745
-2783
-2600
-1749
-608
-344
-707
-522
-118
-494
-1074
-929
-174
848
1776
2456
2734
2088
806
188
549
700
335
314
533
243
-368
-803
-1260
-2170
-3050
-3176
-2593
-2082
-2355
-2851
-2843
-2939
-3213
-2875
-2207
-1802
-1529
-926
79
1315
2060
1997
1978
2291
2521
2870
3532
4032
4011
3825
3921
4111
3738
2527
1220
373
-151
-445
-438
-345
-866
-2088
-3027
-3253
-3381
-3634
-3504
-2837
-2100
-1434
-684
-85
148
108
341
1361
2598
3233
3480
3827
3880
3436
3061
2775
2252
1676
1195
909
683
-120
-1485
-2484
-2915
-3427
-3804
-3700
-3744
-4279
-4738
-4641
-4275
-4138
-4097
-3590
-2660
-1946
-1502
-835
-156
230
1085
2665
3633
3604
3518
3673
3818
3993
4375
4706
4544
3992
3795
3902
3186
1399
-263
-1170
-1716
-1802
-1272
-1072
-2220
-3869
-4560
-4354
-4104
-3884
-3266
-2479
-1733
-816
288
1044
793
261
1062
3211
4925
5645
6045
5634
4333
3469
3452
3391
2719
1638
991
1081
583
-1174
-2918
-4283
-5775
-6372
-5390
-4334
-4578
-5585
-6157
-5986
-5563
-5120
-4336
-3198
-2235
-1338
45
1428
1573
645
657
2645
4974
5846
5712
5359
4566
3554
3296
4111
4678
3739
2588
3042
3846
2663
204
-1581
-2923
-4095
-3675
-1548
-437
-2117
-4600
-5288
-4573
-4196
-3907
-2697
-1419
-914
-124
1699
2961
2050
568
1197
3638
5567
6389
6918
6539
4600
2716
2661
3269
2349
419
-439
-69
-424
-2145
-3679
-4614
-6123
-7320
-6261
-4340
-4431
-5973
-6415
-5474
-4632
-4187
-3202
-1777
-1191
-1111
97
1903
2284
1299
936
2448
5104
6545
6026
4929
3682
2390
2115
3196
4350
4145
2690
2014
2974
2988
533
-1971
-3072
-3760
-3683
-1797
373
-347
-3840
-6163
-5431
-4012
-3502
-2588
-1016
-280
-92
1107
2697
2352
168
-456
2164
5561
7292
7848
7696
5818
3041
2009
2827
2977
1547
145
145
609
-473
-3006
-4919
-6294
-7937
-7731
-5126
-3644
-5023
-6660
-6663
-5826
-5026
-4278
-2971
-1375
-779
-222
1720
2859
1525
291
1021
2792
5521
7687
6830
4325
2520
1723
1995
2905
3355
3210
2578
1986
2731
3152
321
-3283
-4336
-3874
-2904
-1040
715
-62
-3602
-6210
-5131
-2922
-2536
-2242
-575
721
1150
1813
2610
2150
226
-374
2553
6514
7893
7201
6491
5121
2870
1733
2271
2497
1064
-537
-471
434
-559
-3722
-5920
-6434
-7268
-7385
-5182
-3485
-5032
-7154
-6694
-4889
-3866
-3474
-2431
-798
-102
64
1618
2998
1647
-11
1107
3059
4695
6732
6733
3909
1523
1107
1692
2325
2455
2411
2360
1627
1375
2390
1284
-2351
-3914
-2764
-1820
-1171
205
534
-2030
-5066
-4819
-2296
-1323
-1678
-558
1206
1552
1344
1858
2186
1112
161
1802
4996
6516
5712
4578
3966
2860
1467
1454
2328
1611
-403
-1245
-685
-781
-2896
-5314
-5505
-4960
-5734
-5365
-3229
-3489
-6166
-6487
-4091
-2385
-2064
-1613
-442
154
-543
-83
2296
2665
516
432
2605
3300
3656
5151
4555
1637
17
801
2158
2153
1418
1692
1748
557
769
2379
1283
-1709
-2502
-1496
-914
-608
143
124
-2091
-4210
-3150
-982
-1001
-1483
-448
376
321
562
1190
1269
325
-164
1475
3880
4607
3821
3244
2798
1808
1355
2085
2520
1424
-168
-634
-53
-215
-2044
-3542
-3325
-3448
-4257
-3248
-1752
-3073
-5276
-4826
-2988
-2111
-1869
-1356
-759
-1159
-1811
-412
1630
909
-913
-296
1364
1442
2009
4111
3961
964
-420
1210
2476
1736
1322
2287
2430
1334
1831
3844
3000
-638
-2102
-764
-119
-493
209
717
-1341
-3807
-3508
-1789
-1621
-2407
-1739
-277
122
-130
38
226
-402
-898
420
3000
4491
3929
3176
3312
2855
1887
2118
2956
2513
1140
691
1242
971
-1017
-2637
-2349
-2584
-3867
-3319
-1897
-2866
-4993
-4911
-3414
-3184
-3496
-2641
-1597
-1877
-2325
-1184
286
-165
-1465
-1003
614
805
718
3047
4586
2392
402
1363
2431
1814
1384
2481
3578
2791
1873
3376
4229
1185
-1638
-904
200
-461
-537
839
583
-2400
-4631
-3629
-1967
-2351
-2514
-616
520
-508
-1344
-642
139
-507
-824
1596
4526
4256
2629
3121
3683
2294
1775
3449
4489
3035
1175
1291
1832
145
-2010
-1672
-1147
-2744
-3537
-2282
-2257
-4479
-5785
-4682
-3457
-3545
-3419
-2486
-2467
-3383
-3143
-1608
-554
-674
-1011
-487
423
388
492
2657
4129
2523
1119
1887
2527
1850
1342
2385
3746
3100
2000
3343
4083
952
-1866
-1075
34
-626
-509
1346
1127
-2547
-5020
-3641
-1765
-1816
-1455
454
999
-773
-1777
-494
389
-607
-402
2447
4668
3995
2712
3022
2891
1334
1681
4403
5245
3137
1409
1209
732
-796
-1736
-879
-634
-2450
-3078
-1946
-2814
-5271
-5876
-4943
-4248
-3499
-2591
-2303
-2874
-3935
-4011
-2341
-619
16
-43
-437
-418
52
-180
799
3887
4511
1884
916
2265
2337
837
980
3543
4528
2323
2030
4659
3311
-1571
-2439
117
675
-193
997
2684
98
-4883
-5201
-1591
-550
-1356
-16
1168
-473
-2534
-2100
-173
-18
-1033
563
3707
4074
2142
1374
1778
1473
1487
3558
5761
4913
2030
351
365
338
-527
-664
322
-317
-2484
-2770
-2150
-3848
-5979
-5572
-3935
-3009
-2705
-2695
-3091
-4026
-4611
-3368
-1157
-82
-119
-378
-736
-733
-226
-161
559
3206
4465
2488
963
1513
1529
464
1111
4093
5340
2726
1122
3040
2866
-445
-728
1769
1603
-208
795
2884
933
-3467
-3831
-770
-217
-1253
35
889
-1602
-3826
-2576
-226
102
-414
644
1818
1176
436
1191
1891
1719
2289
3964
4834
3618
1629
540
325
585
1004
1241
1079
-303
-2509
-3406
-3003
-3375
-4148
-3632
-2873
-3120
-3488
-3562
-3931
-4453
-4174
-2742
-1196
-686
-905
-970
-1264
-1850
-1291
174
517
397
2238
3929
2497
516
711
1453
1315
1875
4032
5074
3103
1288
2494
3722
2198
976
1942
2143
603
476
2370
2271
-912
-2840
-1768
-845
-1319
-1339
-952
-1876
-3360
-3119
-1193
48
-519
-1181
-790
-38
655
1440
2288
2683
2277
1951
2882
3842
2988
1677
1588
1983
1959
1580
1115
40
-1939
-3027
-1937
-980
-2117
-3520
-3966
-4551
-4981
-4166
-3112
-3406
-4402
-4194
-2851
-2057
-2085
-2074
-2026
-1863
-854
584
1277
990
53
-128
1986
4434
4388
2659
1520
1364
1673
2687
4403
5001
2737
325
1608
3964
3179
1125
487
-254
-1494
-381
2644
2483
-1987
-4922
-3345
-1370
-1096
-253
464
-1455
-3675
-2180
1518
2481
318
-700
327
925
1598
3685
4638
2374
64
1129
3589
3723
2054
1023
133
-1146
-930
752
834
-1797
-4292
-3997
-2514
-2439
-2957
-3139
-4347
-5756
-4618
-2086
-1517
-2759
-3382
-2790
-1848
-624
956
1368
-9
-691
864
2211
1755
1220
1133
179
-104
2177
3884
1885
-1249
-1787
-489
118
752
2511
2383
-930
-2319
794
3170
1866
588
1215
1264
453
1667
4300
3675
-87
-1283
1168
2875
2648
2670
2474
404
-1508
-340
2343
2498
183
-1167
-989
-977
-950
-114
71
-1568
-3043
-2220
-406
-85
-1188
-2105
-2430
-2410
-1576
19
571
-994
-2621
-2232
-849
-107
160
99
-751
-1640
-1065
502
1077
258
-500
-465
-165
479
1469
1369
-328
-1766
-1675
-1078
-1014
-1133
-1442
-2595
-3928
-3421
-1137
-190
-1602
-2670
-2077
-1281
-599
908
2436
2258
957
1221
3661
5465
5170
4639
4576
3844
3353
4786
6684
6175
3591
1882
1963
2147
1933
2054
1583
-497
-2501
-2660
-1927
-2013
-2920
-3719
-4342
-4884
-4631
-3515
-2947
-3399
-3466
-2607
-1846
-1333
-571
-202
-605
-645
416
1647
2016
1935
2044
1860
1244
1281
2028
2032
1175
869
1202
912
12
-295
-310
-1268
-2344
-2083
-1594
-2427
-3501
-3443
-3171
-3751
-4139
-3345
-2636
-3084
-3357
-2438
-1567
-1209
-336
887
1192
710
869
1909
2848
3567
4528
4966
4376
4108
4964
5722
5662
5401
4997
4113
3459
3857
4338
3370
1508
337
-169
-726
-933
-711
-1412
-3366
-4754
-4463
-3706
-3588
-3619
-3587
-4132
-4727
-3992
-2354
-1581
-1809
-1769
-1242
-829
-270
820
1603
1304
801
1182
1926
2180
2280
2542
2343
1581
1172
1261
988
225
-265
-393
-759
-1352
-1778
-2191
-2833
-3211
-2914
-2496
-2526
-2663
-2601
-2708
-2941
-2623
-1794
-1244
-1082
-664
-36
153
126
738
1685
1992
1931
2406
3091
3152
3104
3833
4703
4537
3804
3665
3809
3412
3001
3235
3279
2285
1113
755
580
-172
-873
-1011
-1268
-1977
-2371
-2107
-2022
-2629
-3146
-2946
-2558
-2320
-1863
-1340
-1395
-1824
-1742
-920
-28
425
666
795
587
354
714
1434
1689
1350
916
639
380
162
199
227
-257
-1020
-1442
-1564
-1746
-1889
-1861
-1932
-2270
-2524
-2392
-2116
-1941
-1746
-1492
-1392
-1337
-999
-475
-125
121
525
902
1035
1217
1680
2127
2266
2318
2530
2632
2415
2250
2350
2366
2189
2077
2046
1808
1351
984
791
563
282
142
101
-109
-500
-784
-868
-877
-803
-645
-611
-764
-805
-572
-267
-79
49
132
89
38
275
690
803
572
390
364
264
158
163
15
-538
-1158
-1325
-1135
-1047
-1153
-1308
-1644
-2164
-2413
-2171
-1889
-1930
-2083
-2103
-2095
-2083
-1817
-1305
-996
-1015
-881
-419
34
345
702
1121
1433
1644
1944
2341
2556
2536
2550
2627
2598
2509
2416
2220
1877
1526
1256
984
622
226
-85
-320
-528
-693
-888
-1189
-1464
-1546
-1502
-1467
-1403
-1243
-1118
-1055
-862
-482
-120
137
425
810
1135
1303
1468
1668
1720
1659
1682
1742
1664
1411
1097
779
394
-33
-350
-588
-914
-1283
-1591
-1853
-2101
-2321
-2427
-2403
-2378
-2415
-2431
-2389
-2361
-2294
-2007
-1524
-1106
-876
-701
-460
-169
239
848
1485
1867
1981
2094
2316
2508
2661
2870
2986
2814
2536
2399
2287
1995
1550
1130
760
326
-89
-378
-699
-1159
-1600
-1867
-2017
-2168
-2308
-2349
-2355
-2365
-2243
-1956
-1689
-1516
-1262
-877
-456
-46
356
725
972
1116
1325
1617
1844
1946
1959
1885
1736
1588
1443
1263
1032
754
442
137
-129
-348
-598
-873
-1063
-1195
-1339
-1451
-1475
-1488
-1502
-1428
-1237
-1052
-955
-827
-614
-430
-273
29
434
717
829
948
1111
1210
1288
1468
1655
1675
1582
1526
1476
1314
1128
1039
955
749
488
293
86
-206
-471
-625
-748
-952
-1180
-1322
-1407
-1497
-1546
-1488
-1423
-1382
-1275
-1102
-937
-825
-727
-613
-477
-322
-139
49
151
166
162
152
147
193
266
286
253
224
190
130
111
169
208
153
81
89
90
41
60
171
213
146
126
190
223
209
270
394
431
407
487
617
601
506
511
545
472
393
426
456
341
167
83
55
-25
-93
-49
14
-31
-97
-71
2
47
79
150
240
293
323
375
413
374
318
346
448
491
421
314
200
64
-60
-103
-130
-257
-480
-689
-845
-1012
-1194
-1335
-1467
-1632
-1774
-1826
-1798
-1785
-1795
-1730
-1576
-1397
-1187
-913
-657
-442
-211
81
421
708
910
1107
1323
1513
1686
1845
1920
1892
1820
1776
1769
1740
1617
1407
1164
914
670
432
209
-13
-266
-526
-735
-895
-1067
-1232
-1307
-1290
-1245
-1168
-1029
-855
-697
-528
-264
56
314
502
704
941
1154
1339
1541
1719
1776
1730
1664
1607
1494
1303
1109
902
597
228
-111
-439
-821
-1235
-1577
-1846
-2122
-2397
-2605
-2759
-2919
-3016
-2975
-2828
-2638
-2419
-2155
-1853
-1527
-1154
-714
-249
186
592
983
1360
1702
2006
2274
2502
2671
2769
2807
2787
2691
2513
2284
2036
1742
1395
1034
660
256
-143
-492
-801
-1110
-1407
-1637
-1792
-1901
-1942
-1881
-1769
-1648
-1484
-1247
-965
-669
-336
40
398
706
998
1292
1542
1733
1911
2063
2134
2120
2048
1936
1765
1532
1256
946
580
156
-266
-658
-1036
-1414
-1772
-2095
-2388
-2639
-2823
-2910
-2919
-2890
-2814
-2654
-2436
-2201
-1908
-1549
-1167
-789
-394
40
474
851
1196
1541
1854
2111
2331
2517
2628
2641
2579
2497
2391
2225
2005
1736
1415
1044
645
262
-79
-401
-725
-1008
-1222
-1417
-1608
-1740
-1780
-1761
-1699
-1562
-1358
-1164
-991
-764
-471
-172
127
440
730
960
1157
1388
1598
1709
1749
1775
1762
1685
1575
1434
1223
942
632
333
28
-293
-606
-915
-1222
-1495
-1716
-1900
-2061
-2185
-2248
-2252
-2209
-2124
-1998
-1833
-1640
-1405
-1139
-860
-567
-257
69
389
703
987
1229
1439
1629
1803
1940
2018
2035
1996
1894
1757
1619
1460
1241
978
712
457
203
-41
-269
-488
-710
-910
-1043
-1125
-1191
-1233
-1232
-1211
-1164
-1068
-917
-747
-585
-416
-222
-27
152
342
546
727
876
1008
1112
1163
1169
1148
1109
1035
919
773
600
400
195
7
-182
-394
-606
-798
-971
-1115
-1221
-1297
-1372
-1446
-1488
-1473
-1408
-1309
-1189
-1057
-920
-763
-568
-338
-97
132
342
540
742
931
1096
1235
1350
1432
1463
1454
1410
1325
1206
1078
945
791
610
413
217
15
-180
-341
-465
-576
-684
-772
-829
-871
-892
-872
-820
-761
-696
-613
-504
-375
-243
-105
30
154
277
403
515
599
651
688
711
720
714
675
599
506
399
287
172
45
-84
-212
-335
-442
-541
-634
-716
-783
-824
-828
-809
-781
-750
-699
-640
-567
-464
-329
-190
-65
56
180
294
385
479
589
692
766
818
845
830
785
732
698
658
591
498
390
265
123
-6
-106
-189
-278
-365
-436
-486
-531
-570
-586
-566
-534
-505
-464
-414
-364
-307
-231
-133
-39
27
77
117
150
176
214
251
267
258
231
214
193
152
116
83
42
-7
-41
-70
-113
-174
-228
-245
-243
-248
-250
-235
-227
-226
-188
-114
-44
6
61
132
188
233
289
351
398
427
456
476
464
436
412
385
339
281
228
168
104
46
-6
-52
-108
-171
-222
-257
-281
-303
-322
-331
-337
-350
-361
-350
-329
-317
-292
-245
-197
-162
-134
-101
-70
-41
-6
35
58
57
54
61
74
79
68
52
27
-9
-39
-51
-54
-60
-71
-76
-70
-68
-74
-73
-54
-25
5
46
87
112
129
158
203
254
306
353
398
426
433
442
464
481
470
446
420
379
318
260
218
163
80
-5
-67
-131
-209
-274
-323
-380
-437
-460
-449
-448
-464
-463
-446
-432
-420
-383
-336
-313
-291
-252
-210
-174
-140
-100
-67
-43
-24
2
23
31
45
65
72
76
72
54
30
8
1
3
-4
-23
-49
-79
-98
-96
-78
-62
-51
-36
-17
17
61
104
145
195
244
297
357
412
455
482
500
520
536
534
522
501
469
424
375
329
265
183
112
52
-15
-93
-168
-242
-316
-383
-425
-448
-466
-485
-498
-501
-503
-495
-468
-423
-368
-315
-262
-205
-155
-121
-77
-27
19
66
103
130
148
156
156
159
159
144
123
95
56
17
-18
-52
-83
-113
-141
-166
-189
-207
-221
-226
-218
-195
-157
-122
-80
-30
21
80
154
230
297
353
401
445
484
515
538
550
543
514
475
432
374
308
243
167
84
0
-85
-170
-252
-329
-395
-442
-475
-499
-511
-513
-511
-499
-472
-432
-374
-301
-230
-157
-89
-30
29
93
167
234
283
320
345
352
359
374
381
355
311
265
215
156
91
32
-35
-112
-185
-246
-305
-365
-411
-436
-447
-449
-435
-410
-394
-361
-300
-227
-149
-59
26
106
186
258
331
399
456
511
552
565
564
550
517
479
435
381
315
235
145
53
-46
-146
-236
-317
-394
-458
-505
-544
-574
-594
-594
-572
-535
-489
-424
-348
-265
-178
-92
-5
78
159
239
313
387
446
482
499
515
524
514
493
464
423
364
300
246
179
93
5
-71
-143
-222
-287
-340
-391
-443
-475
-483
-484
-477
-452
-410
-363
-308
-235
-157
-88
-17
62
142
219
293
354
402
437
465
482
487
478
460
437
398
352
299
230
148
69
-3
-77
-153
-222
-278
-339
-401
-439
-462
-482
-497
-488
-456
-425
-388
-338
-284
-234
-181
-113
-39
21
76
132
180
216
255
289
307
311
311
303
289
271
249
219
177
135
89
35
-25
-79
-120
-156
-190
-218
-244
-274
-294
-290
-272
-247
-220
-189
-152
-113
-69
-13
52
107
158
216
273
317
351
381
405
419
426
437
443
421
384
343
301
251
203
153
99
31
-36
-98
-156
-216
-270
-312
-348
-377
-399
-411
-416
-420
-413
-395
-371
-340
-307
-274
-237
-197
-154
-113
-75
-40
-6
24
51
78
98
106
117
121
112
100
87
72
53
28
8
-11
-40
-66
-79
-88
-99
-96
-87
-81
-77
-61
-29
4
35
71
119
154
191
234
276
313
346
383
415
433
441
447
443
433
423
404
372
332
282
222
161
106
48
-17
-82
-145
-207
-271
-319
-358
-393
-425
-443
-455
-468
-476
-472
-455
-433
-403
-365
-333
-310
-277
-234
-192
-148
-103
-60
-26
-1
29
62
83
90
93
92
87
78
69
58
36
8
-9
-23
-38
-48
-51
-54
-58
-52
-35
-17
3
32
71
109
146
190
232
267
307
356
404
443
469
490
500
504
502
500
483
451
412
370
322
263
196
124
47
-27
-96
-162
-230
-295
-355
-408
-449
-479
-502
-519
-527
-522
-508
-487
-460
-427
-389
-347
-302
-250
-199
-153
-111
-69
-27
10
41
66
79
79
78
76
72
61
44
20
-12
-49
-73
-89
-103
-119
-133
-140
-148
-152
-145
-122
-98
-59
-11
35
77
117
162
211
264
325
390
443
477
501
520
533
539
543
542
526
495
461
418
362
297
235
176
116
53
-13
-73
-136
-199
-248
-283
-316
-347
-366
-373
-376
-378
-374
-361
-340
-319
-285
-243
-208
-175
-148
-122
-97
-74
-48
-27
-19
-22
-28
-39
-59
-80
-102
-129
-160
-191
-216
-240
-266
-288
-302
-305
-299
-295
-287
-268
-241
-208
-165
-111
-59
-12
41
98
163
229
293
357
406
443
480
518
541
553
555
548
534
512
487
452
402
344
286
234
183
135
87
38
-9
-50
-81
-108
-125
-134
-142
-143
-141
-140
-142
-137
-123
-105
-90
-70
-54
-47
-41
-31
-19
-13
-14
-21
-35
-63
-92
-116
-147
-187
-233
-275
-314
-355
-393
-425
-456
-485
-499
-495
-484
-474
-458
-430
-391
-344
-285
-221
-160
-98
-33
41
115
186
254
318
380
436
484
521
547
563
568
567
561
536
500
453
399
341
280
221
164
103
40
-10
-50
-84
-111
-127
-135
-132
-115
-87
-51
-19
21
65
110
149
189
228
260
283
302
310
304
281
251
223
180
126
65
-4
-82
-164
-243
-317
-390
-466
-536
-599
-652
-697
-729
-751
-763
-766
-747
-716
-678
-628
-566
-497
-421
-335
-241
-142
-49
43
139
226
308
383
449
502
540
564
580
578
561
539
504
457
402
339
275
210
147
82
24
-29
-77
-117
-143
-152
-152
-146
-128
-95
-53
-10
47
118
183
243
310
374
427
481
528
562
579
581
578
556
512
460
394
312
218
120
20
-85
-191
-304
-408
-507
-607
-685
-758
-818
-861
-895
-910
-915
-902
-865
-815
-750
-677
-589
-496
-394
-286
-181
-74
26
120
209
295
365
421
475
501
520
523
499
478
428
380
336
272
207
140
75
16
-42
-90
-123
-154
-171
-166
-153
-134
-101
-55
-1
54
114
183
249
310
375
440
489
531
560
583
601
602
603
596
564
518
460
394
330
249
170
84
-18
-116
-222
-332
-429
-521
-607
-662
-717
-779
-804
-838
-856
-845
-837
-776
-708
-650
-567
-474
-388
-306
-207
-124
-36
40
95
174
206
220
262
286
327
342
345
382
343
282
263
202
109
61
11
-51
-83
-105
-139
-132
-134
-133
-87
-73
-36
-8
-6
44
69
122
192
254
359
448
529
625
684
678
650
620
537
477
425
382
360
322
322
295
256
209
116
18
-95
-184
-284
-364
-409
-495
-535
-574
-615
-617
-635
-614
-600
-607
-573
-584
-556
-511
-496
-397
-324
-261
-185
-140
-102
-61
18
57
176
312
337
411
368
240
144
-20
-125
-164
-131
-38
81
196
255
239
140
18
-119
-217
-263
-211
-126
-8
131
217
321
354
351
365
337
325
324
324
339
349
380
383
404
380
372
338
309
287
193
169
113
2
-36
-103
-185
-189
-221
-254
-210
-212
-221
-175
-204
-256
-291
-357
-397
-448
-434
-421
-367
-271
-210
-156
-130
-89
-138
-164
-109
-139
-102
38
16
72
134
65
51
17
-4
11
55
128
213
161
222
194
5
-18
-9
-161
-51
66
54
200
257
229
173
165
19
5
30
-45
78
131
147
183
180
237
73
73
175
-64
23
85
-43
-4
16
-51
-23
-71
-118
-23
-103
-140
-17
-107
-214
-74
-217
-299
-126
-309
-229
-135
-262
-76
-109
-156
-90
-133
-155
-175
-130
-104
-125
-56
30
-28
-5
106
-48
55
83
13
106
152
67
158
219
89
262
302
143
335
313
138
335
272
88
311
233
96
335
154
224
242
24
178
34
-9
61
46
-47
87
4
-146
-6
-186
-210
-61
-291
-31
-16
-271
44
-62
-182
-153
-105
-120
-261
-244
-89
-153
-295
-115
-77
-275
-230
-45
-294
-203
-139
-224
-234
-123
-269
-190
-95
-188
-28
-184
124
-163
-32
69
-76
83
38
34
127
66
36
256
191
171
384
365
213
317
355
139
206
189
322
266
260
522
269
333
227
292
54
102
218
-57
421
106
51
394
-205
-150
17
-253
-265
-39
110
-280
169
-39
-231
-108
-345
-276
-420
-409
-158
-219
-415
89
-341
-387
-149
-472
-459
-227
-303
-610
152
-411
-365
137
-605
150
-223
-318
351
-410
82
94
-96
-41
110
90
-144
288
39
84
447
9
338
474
-12
535
139
315
279
169
363
265
273
250
504
251
331
464
190
200
284
117
367
71
234
373
-58
236
25
38
-34
-202
6
-136
-136
0
-209
-41
-250
-345
-258
-448
-389
-308
-233
-207
-49
-188
-233
-228
-491
-421
-364
-464
-286
-181
-300
-156
-142
-218
-204
-264
-101
-75
-83
-17
310
-114
2
364
-301
232
253
-106
459
143
280
492
15
418
389
-139
393
306
-29
276
331
156
51
487
64
191
385
-168
353
146
-156
372
-2
152
241
30
380
-176
239
119
-26
81
-3
256
-471
262
61
-817
256
-295
-597
70
-349
-262
-277
-15
-507
-478
67
-784
-45
-250
-548
179
-498
-196
-40
-423
34
-415
-79
71
-274
231
131
206
-128
95
60
-431
418
-117
-10
632
-166
419
264
-325
201
42
-271
10
539
-135
240
839
-317
307
262
-375
371
26
314
439
275
493
83
263
-65
169
99
-13
518
-7
431
219
-117
403
-334
-160
276
-433
137
126
-276
-198
-10
-377
-467
194
-467
-296
52
-363
-322
-255
-375
-194
-379
-117
-240
-265
-63
-253
-179
-128
-211
-411
231
-141
-243
510
-144
-143
249
-112
-22
100
302
-13
190
421
-311
441
-37
-213
250
-252
245
10
116
480
-261
308
146
-218
321
8
132
55
420
-27
-46
665
-157
205
710
-210
347
559
-132
314
136
-18
127
143
-128
170
75
-174
233
-237
-295
12
-354
-108
106
-405
-189
32
-554
-385
-109
-633
-235
-150
-316
13
-169
-82
34
-408
-242
-118
-317
-125
239
0
65
193
200
-18
-77
104
-86
-33
13
186
192
90
376
52
-22
96
-317
80
92
64
35
200
372
-237
229
136
-551
321
-267
-161
448
-141
432
353
147
132
-37
163
-324
362
141
20
921
-87
451
425
-332
193
-259
1
-230
-60
294
-341
298
-234
-322
-125
-764
142
-487
-327
252
-487
-5
-287
-359
-236
-569
7
-438
48
141
-329
508
-352
215
-14
-353
459
-206
80
272
-186
210
11
100
59
68
386
-320
349
134
-155
330
-161
235
93
16
124
16
150
-73
-89
140
-240
133
-78
6
272
-93
314
-214
229
51
-143
356
177
34
309
156
31
179
51
-180
180
10
-198
438
16
-144
262
-236
-87
-207
-292
283
-556
157
230
-363
-4
-2
-223
-444
72
-224
-214
324
-337
105
-55
-584
444
-565
45
177
-376
484
-214
139
-156
-95
-114
-337
177
-185
149
284
-241
456
-177
-185
361
-398
525
-113
198
556
-260
454
-147
-88
166
-283
311
0
152
162
-103
160
-521
188
-265
-392
345
-229
252
-3
-3
367
-438
133
-77
-132
110
-75
425
-144
257
254
-252
80
-22
7
-57
38
418
-102
130
305
-303
184
-372
-47
-55
-166
254
-164
280
-345
34
-35
-600
37
-186
-285
35
58
-7
48
-7
-36
-337
-4
-92
-159
29
220
-5
41
67
170
-306
116
93
-468
541
-24
136
233
209
-62
-30
186
-260
-128
302
-210
24
503
-237
187
-73
-67
2
-383
142
39
-213
227
27
43
-94
88
-107
-172
249
-333
492
59
106
327
-159
95
-10
-78
118
103
174
140
288
144
1
369
-321
280
-61
-183
254
-219
23
-67
-287
-129
-155
-193
-395
90
-305
-358
254
-690
192
-70
-386
242
-279
-2
-255
-75
181
-175
148
88
176
-8
26
349
-399
260
133
-349
471
-84
150
243
-355
297
-296
-127
-12
-127
-6
-160
194
-448
127
119
-543
311
-21
-202
252
1
200
75
46
214
99
263
93
263
211
129
241
111
318
59
191
281
-183
293
17
-157
259
-189
72
9
-26
-27
-134
-98
-220
-31
-270
-98
-91
-291
-28
-342
-139
35
-385
106
-197
-106
28
-127
146
-141
219
-110
-92
204
60
-9
20
208
-38
-244
288
-81
-88
41
-225
1
-246
73
-21
-173
107
-143
-27
-205
54
184
-418
410
-84
-143
413
-168
91
87
24
-75
255
325
6
367
230
-42
90
160
126
36
321
222
-103
242
90
-258
70
8
-211
-42
67
34
-51
-107
-84
-242
-475
97
-201
-279
245
-209
-159
-36
-56
-302
2
49
-339
150
159
-186
134
113
-102
-138
71
10
-97
114
45
-71
-144
132
-247
-101
193
-298
-23
57
-6
-107
-19
130
-247
80
72
-205
263
-5
3
83
193
89
-135
513
7
-144
599
38
17
518
83
64
121
316
72
26
301
76
53
107
47
-183
135
-5
-252
-8
53
-255
-64
127
-310
-155
183
-408
-212
221
-303
-77
-76
-15
-173
-231
131
-96
-8
-13
24
-227
41
114
-472
128
174
-440
157
155
-215
219
-131
-202
59
-148
-172
114
-1
-68
-38
-98
34
-100
-81
29
-22
-88
68
116
75
111
116
66
-48
212
180
78
339
207
92
252
273
86
149
251
-162
107
208
-94
223
62
24
-9
-273
8
-10
-162
-149
28
-171
-290
114
-247
-170
23
-305
-133
127
-248
192
169
-254
126
-27
-170
-1
62
-85
62
66
-141
131
-64
-162
73
-319
-105
-136
-247
136
-128
-137
29
-118
-166
-34
-114
-214
144
-114
27
314
-75
202
279
-83
-16
139
1
148
239
126
348
218
81
423
7
-99
325
-21
-147
397
52
84
275
-54
111
-132
4
30
-70
-99
-38
127
-200
48
-20
-268
64
-288
-36
65
-385
253
-87
-148
10
-107
-49
-175
26
-240
-51
26
-73
159
-174
258
-72
-324
228
-202
-113
44
-12
-113
-13
116
-147
70
-212
-180
72
-321
4
115
-88
-2
55
-115
-101
30
44
-62
37
32
32
238
109
97
272
-26
106
226
-3
315
157
245
287
6
202
285
-36
115
140
-191
158
90
-93
129
-29
-137
19
-262
-164
58
-221
-117
197
-270
-54
164
-431
128
-104
-372
178
-59
43
46
24
72
-137
115
-198
86
133
-158
301
-79
122
103
-258
186
-238
-160
112
-245
98
-22
-92
-205
-82
-61
-263
-34
-240
-132
-99
-225
94
-17
-133
76
-176
-95
159
-113
-14
356
-62
43
408
25
206
322
-7
92
208
-46
245
259
-33
227
49
-128
45
-68
-69
13
-98
-24
32
-144
42
-18
-331
79
-146
-325
235
-106
-121
282
-58
-131
220
-6
15
167
62
126
14
206
166
2
206
37
45
116
165
44
-30
224
-264
1
51
-301
129
-145
-183
7
-156
-138
-211
-126
-203
-226
5
-319
-14
41
-278
-14
-62
-57
-53
1
163
-12
91
40
8
239
-69
170
234
-74
211
108
93
111
1
134
-125
-78
43
-81
-108
-81
19
-170
-138
32
-114
42
-102
-71
36
-155
143
-61
-3
341
-194
71
401
-141
250
337
-90
179
200
5
91
226
65
-28
248
-140
5
202
-290
60
-43
-91
-46
-184
-20
-152
-174
-133
-244
-25
-226
-95
16
-175
81
-115
-35
90
-161
58
31
-128
217
-10
12
188
-12
40
21
-26
55
-30
-28
-22
19
30
-94
63
-79
-104
-15
-148
-94
-71
-4
-37
-192
46
-21
-236
51
107
-242
50
183
-99
188
126
54
142
157
87
140
197
169
88
62
168
75
-18
183
110
-119
126
-33
-101
70
-106
-142
86
-153
-78
17
-98
20
-105
-20
-77
-124
57
-56
-34
198
-61
42
53
69
62
-119
210
-33
-6
215
-38
100
87
-132
-13
-94
-146
-86
-10
-149
-109
110
-322
-86
15
-289
-77
-51
-160
27
-22
-22
41
-90
27
-20
-44
63
53
22
198
106
65
242
67
49
144
140
26
58
232
28
17
123
54
18
-27
153
-197
-30
100
-338
25
-89
-134
40
-142
0
-74
-141
-19
-112
122
-75
-82
129
3
170
-27
-131
226
-165
-52
126
-68
186
44
81
59
16
-28
-133
-27
-120
-181
77
-86
-70
84
-204
-129
-89
-187
-99
-257
-51
50
-243
203
6
-17
145
-79
103
-18
162
214
26
380
36
105
238
10
196
-5
133
155
-8
200
20
45
173
-84
2
-89
70
-277
-16
168
-382
189
-164
-213
44
-251
-37
-87
-95
-96
-26
-4
-204
256
-203
-67
394
-374
289
99
-101
238
-194
129
-36
-78
53
-149
192
-145
74
80
-287
306
-237
-97
146
-300
195
-166
-65
129
-239
93
-196
66
-10
-238
276
-192
52
148
-192
245
-9
71
174
-54
256
254
39
130
255
57
-21
169
14
-6
125
-42
82
54
-69
101
-149
-75
150
-273
-34
109
-285
60
-117
-139
49
-213
-80
53
-166
-29
53
-96
61
-47
-15
-22
63
-55
9
83
-91
88
16
-128
95
1
-103
11
-5
-76
-114
86
-87
-135
78
-83
-71
37
-64
-59
12
-79
-27
44
-17
64
-1
-12
172
1
78
77
45
154
40
76
164
72
48
47
157
25
27
153
-36
140
12
-3
61
-87
74
-49
-186
202
-191
-48
83
-164
48
-109
-33
-104
-57
-4
-112
-23
-32
-64
7
-135
15
-108
-35
-48
-56
108
-69
-120
40
48
-159
33
-45
-43
-14
62
-37
14
46
-20
-9
-49
86
-70
53
0
-15
133
-29
97
-18
12
59
-70
147
59
41
54
84
129
33
87
109
7
117
-9
42
150
7
160
-115
73
114
-197
48
129
-122
-8
66
-44
-27
-11
-69
-79
-26
-161
-42
-72
-78
-65
-99
-31
-81
-68
-57
-118
-51
55
-176
-99
78
-103
-111
7
-22
-39
-34
-3
-20
-26
37
-107
71
42
-61
81
39
11
112
-39
0
165
-1
-3
138
85
-18
120
25
71
89
60
51
66
56
151
0
102
176
-40
67
102
8
27
66
-53
104
45
-55
81
-22
4
-62
-60
-12
-36
-80
-53
17
-108
17
-145
-84
-37
-166
-87
-132
-23
-41
-200
51
-135
-141
-19
-166
-84
-67
-22
-179
72
-60
-169
154
-143
-13
87
-132
189
-56
-16
207
-104
98
200
-99
112
196
-91
159
136
43
108
137
1
154
80
-8
344
-175
136
272
-324
339
80
-159
222
49
-85
41
64
-55
84
23
-38
131
-115
93
37
-125
141
-165
-19
81
-112
-28
47
-122
-127
-4
-147
-135
-47
-188
-112
-141
-163
-105
-181
-99
-173
-99
-72
-189
11
-81
-152
51
-105
-98
41
32
-118
151
25
-92
237
-38
73
201
-51
175
88
-104
222
-49
109
157
-24
176
45
99
69
137
45
71
205
-119
204
149
-5
281
-59
186
84
-153
256
-65
-15
66
-84
46
-68
91
-52
-2
37
-27
-15
-95
129
-93
-114
113
-132
-33
-3
-129
41
-180
-104
-67
-239
-23
-190
-146
-77
-174
-120
-154
-206
-170
5
-252
-66
76
-177
9
20
-101
103
-71
-19
125
-11
109
109
112
25
135
91
2
169
81
53
66
94
67
2
120
77
52
43
39
93
11
57
86
47
21
123
40
-44
208
-57
4
179
-72
122
80
30
81
47
-18
-26
72
-40
-11
68
-53
77
-94
-60
103
-214
40
-46
-171
70
-161
-33
-30
-110
-54
-198
7
-158
-82
-69
-125
4
-180
7
-52
-123
26
-128
-33
-2
-102
78
-61
14
15
-2
19
-55
129
-59
-89
172
-74
-23
109
-50
34
-5
77
-14
13
31
-47
86
-20
82
23
-25
136
3
12
108
7
-9
17
24
62
-22
120
19
-101
140
-43
11
140
-100
80
0
-29
105
-19
142
-30
49
69
-18
86
-89
90
-8
-122
160
-102
53
108
-132
1
-122
-24
-100
-56
89
-153
3
22
-123
8
-77
-6
-102
77
55
-117
263
-114
37
128
-140
107
-15
-49
23
-4
-51
-30
70
-130
-15
19
-160
107
-86
-152
70
-54
-69
74
58
-31
71
28
-88
116
43
-77
118
80
-117
70
48
-101
89
-52
-111
79
-65
-51
63
-71
76
-44
8
55
-24
84
-2
6
45
33
-10
21
81
-5
26
57
-51
99
-58
-57
119
-156
33
7
-129
112
-68
-83
51
-67
-62
19
-53
-7
58
-51
-42
116
-42
-74
132
-98
29
64
-85
95
4
-1
20
-27
36
-24
12
6
20
52
-47
32
35
-63
54
-2
-38
62
-61
-7
-37
4
-8
-43
84
-40
16
17
-72
26
-28
-28
11
-47
70
-34
-30
93
-56
5
7
-49
41
-22
-1
60
-58
43
-2
-34
13
26
-8
-55
83
-67
-13
31
-113
88
-11
-127
149
-79
-49
93
-119
68
24
-81
47
-11
9
-1
33
6
11
70
-77
81
85
-48
89
17
28
51
-59
89
-31
16
57
-96
139
-41
-34
119
-102
41
3
-83
36
-48
36
-39
8
81
-95
40
7
-40
62
-70
42
38
-22
38
-23
75
-56
-40
62
-96
64
-15
-97
138
-120
27
22
-144
99
-125
-80
77
-81
24
-12
-60
8
-59
-21
-70
53
-76
-58
67
-90
42
-13
-94
46
-9
-55
67
5
-32
17
-32
-14
34
30
-17
31
57
-44
57
48
-18
75
0
6
64
33
12
6
48
26
-7
67
54
41
15
52
57
-25
63
-25
21
34
-74
74
-17
-88
108
-49
-41
67
-42
1
-25
-36
-27
4
-24
-18
63
-62
-9
25
-84
54
-32
-81
90
-86
-64
76
-96
-77
50
-88
-45
33
-65
-2
13
-60
-10
-14
-80
-1
-19
-72
14
-18
-34
26
-6
-5
36
19
-8
3
71
29
-9
90
47
-11
56
91
8
55
89
-36
70
36
-83
109
-10
-79
114
-15
-15
81
42
15
17
46
-15
34
49
-40
77
-5
-78
72
-39
-18
64
-17
18
-11
-4
2
-46
25
-32
-21
-5
-71
7
-35
-50
2
-50
-18
-58
-27
-25
-58
-34
-48
-44
-47
-55
-24
12
-49
-21
21
-61
-17
25
-61
17
-9
-89
8
0
-52
7
34
-34
-22
26
-4
-25
75
-49
21
76
-29
70
60
53
66
38
72
63
56
86
47
108
53
41
65
4
48
36
-11
75
28
-5
41
17
27
-28
-7
18
-70
-22
33
-46
27
0
-64
-19
-34
-60
-13
-27
-42
-40
-5
-26
-17
11
-65
-25
-45
-46
-56
-17
-12
-98
-20
-35
-73
-26
-53
-49
-25
-36
-62
12
-1
-51
5
-23
-43
-6
-38
-24
17
-5
29
-5
67
42
-11
54
51
39
19
52
79
33
32
101
26
64
52
38
78
31
37
37
21
18
31
-6
32
13
2
30
10
13
27
-11
-29
58
-36
-22
43
-28
26
15
-32
50
-30
-36
68
-38
16
31
-55
-7
-25
-75
-45
-7
-48
-46
-25
-43
-48
-44
-54
-37
-67
-59
-57
-54
0
-78
-14
10
-77
4
23
-38
8
17
-19
-5
23
7
-12
43
17
20
63
34
18
65
15
-3
56
18
29
45
10
57
14
0
60
4
3
45
27
-12
53
28
-25
37
-17
-16
25
-32
21
9
-17
27
-4
-4
4
1
-33
8
3
-53
16
-26
-32
14
-40
-1
-5
-38
-15
-27
-21
-35
-16
-14
-34
-9
-37
-13
-28
-29
-6
-72
-7
9
-37
-5
10
5
-8
-6
5
24
19
-18
30
29
10
74
17
32
91
-8
-23
56
14
-22
27
6
1
35
-17
-1
61
22
-27
-11
11
-6
21
54
30
33
25
-3
-16
48
35
-35
16
-15
-31
0
-27
19
10
-63
-28
-20
-22
-13
-27
-45
-25
0
-74
-45
7
-44
-5
-20
-24
37
-6
-25
2
22
-1
-28
10
11
-9
5
-7
-1
3
-9
-29
-16
36
-5
-34
-21
-1
-12
-42
2
4
-2
22
-1
18
41
10
-10
30
30
-2
18
7
18
46
17
5
42
34
-11
-21
15
21
-6
-4
1
12
15
-10
7
33
-12
-21
-8
-11
22
-1
-36
20
-9
-35
2
-15
17
5
-34
-21
11
20
-16
9
17
-32
0
-1
-24
12
11
-13
-7
34
-3
-30
23
-11
-11
29
-13
14
30
-18
7
32
9
7
18
-10
-15
12
-16
-15
-3
-7
-4
-7
14
10
2
15
14
2
-3
10
-4
7
26
9
12
0
4
16
-6
-5
-1
-10
-1
2
-18
0
4
-14
-8
-14
-16
-10
-24
-23
4
-1
-12
-9
-14
-12
-9
-5
4
1
-12
-8
9
7
11
4
-5
2
0
-14
-10
4
-7
-10
-9
-9
-3
-3
-13
-19
-7
-26
-28
2
-4
1
8
-11
-13
-4
-16
0
20
14
5
7
3
5
25
10
3
12
-1
-19
4
-4
-11
11
-18
-20
2
0
-4
12
11
-6
2
4
7
33
17
13
28
16
22
25
20
28
18
18
18
12
26
16
14
21
17
7
0
2
5
8
5
8
11
7
1
4
2
-1
2
-7
-12
4
-4
-12
4
-3
-5
4
-14
-4
-1
-10
2
3
0
-7
-7
-12
-22
-9
-9
-24
-17
-12
-21
-19
-10
-19
-27
-20
-24
-33
-11
-18
-27
-6
-26
-17
0
-19
-8
5
-10
-9
8
6
-3
12
6
5
22
17
11
24
18
13
21
15
16
21
11
8
20
14
12
17
8
12
8
8
10
14
14
0
-2
4
0
-6
-4
-2
-2
1
-10
-7
1
-11
-15
-12
-11
-11
-8
-9
-3
5
-5
-5
-12
-13
-6
-19
-12
-9
-15
-17
-15
-11
-12
-19
-15
-13
-18
-11
-12
-8
-9
-11
-5
-7
6
10
5
9
12
15
17
12
14
23
17
14
21
17
21
19
16
20
16
16
5
8
5
4
6
2
9
3
4
4
3
8
-1
-1
6
6
1
5
6
6
10
11
8
13
14
6
4
8
-1
-8
-4
-5
-4
-5
-7
-9
-7
-12
-11
-8
-12
-15
-13
-12
-17
-12
-12
-14
-15
-12
-7
-9
-3
-9
-13
-6
-7
-9
-9
-10
-7
-5
-6
-5
-1
-2
-1
1
-2
2
-1
2
2
2
2
4
8
6
8
7
13
13
10
8
6
9
7
6
5
7
7
7
7
10
12
9
8
7
4
5
0
0
1
-4
-2
-4
-2
0
-1
-3
0
3
-3
0
0
-2
-5
-6
-5
-8
-8
-9
-9
-8
-9
-9
-13
-10
-12
-11
-12
-11
-4
-6
-1
-2
0
6
6
3
5
3
5
13
6
5
6
6
5
5
8
4
8
3
-1
1
-3
-2
-4
2
1
-3
2
1
1
2
-1
2
3
-1
-1
0
1
2
0
-5
0
-3
-3
0
-1
0
-2
-4
-7
-6
-8
-9
-10
-6
-1
-5
0
4
-1
0
-2
-6
0
-3
-4
-1
0
1
0
-1
-4
2
1
-2
3
7
8
6
8
12
13
16
17
17
17
17
20
18
21
22
18
15
15
16
10
10
12
7
1
1
3
2
-2
-5
-4
-7
-9
-12
-17
-12
-15
-19
-14
-12
-11
-12
-14
-12
-12
-12
-13
-10
-8
-11
-9
-7
-8
-8
-11
-8
-12
-10
-8
-12
-7
-8
-7
-7
-6
-8
-10
-12
-7
-5
-9
-4
-2
-3
-2
0
-2
-2
-1
3
3
7
8
8
12
10
10
12
13
14
14
13
10
12
12
8
9
11
8
6
8
5
2
1
-2
-1
1
-2
0
-1
-3
0
-4
-5
-5
-5
-5
-4
0
-1
0
-1
0
0
-6
-3
-5
-3
2
-1
1
-1
-1
1
-1
-1
-1
-4
-5
-2
-2
-2
1
-2
-3
-2
-5
-6
-6
-7
-7
-6
-7
-4
-2
-2
-1
2
6
3
7
6
7
8
9
10
10
11
11
11
12
13
13
11
12
14
10
9
9
8
5
5
3
2
3
2
5
3
0
-2
1
-3
-1
-1
-3
1
-2
-1
-1
0
-2
-3
-4
-5
-3
-5
-7
-9
-9
-12
-11
-7
-8
-8
-7
-9
-8
-7
-10
-9
-9
-10
-11
-10
-13
-12
-10
-11
-10
-9
-8
-7
-5
-6
-5
-5
-1
-2
-2
-2
-2
3
4
4
4
4
3
5
5
5
4
4
5
6
4
4
7
9
7
7
5
3
4
1
0
3
1
-1
-1
0
-4
-1
0
-4
-1
-1
-2
0
0
2
1
1
3
1
1
3
1
2
4
3
4
3
2
5
6
5
4
4
4
5
3
3
4
1
3
1
2
4
1
3
1
-1
-1
2
2
0
3
3
8
9
8
6
8
7
6
9
8
9
9
7
5
4
1
0
1
-1
-1
-4
-3
-3
-6
-7
-8
-5
-5
-7
-4
-5
-8
-6
-4
-6
-4
-4
-5
-2
-4
-5
-5
-5
-5
-4
-4
-5
-1
-6
-6
-7
-7
-7
-7
-8
-8
-8
-7
-10
-11
-10
-10
-8
-7
-6
-5
-4
-2
1
2
2
3
5
5
6
8
6
7
9
8
10
9
8
8
8
10
9
8
8
9
8
9
9
8
7
6
3
3
4
2
3
5
1
1
0
-1
0
-2
-1
-1
-1
-3
-1
-2
-3
-2
-7
-6
-8
-9
-8
-8
-8
-8
-7
-7
-6
-6
-5
-7
-6
-6
-8
-6
-6
-5
-2
-2
-1
-1
0
0
-1
1
2
2
3
2
3
4
7
8
7
5
6
7
4
6
6
7
6
8
9
9
9
9
9
7
5
7
6
5
8
2
4
4
2
3
2
-1
-1
-2
-2
-1
-1
0
-1
-3
-3
-4
-5
-5
-5
-5
-4
-4
-5
-3
-5
-5
-4
-2
-1
-2
-3
-3
-3
-3
-1
-1
-4
-2
-1
-5
-5
-4
-8
-6
-6
-9
-7
-6
-8
-6
-8
-9
-9
-7
-7
-5
-4
-2
0
3
4
4
5
6
8
8
9
8
8
9
9
8
6
4
7
6
3
8
7
8
8
5
6
6
4
4
5
6
5
4
3
3
2
1
1
1
-3
-4
-6
-4
-1
-4
-2
-3
-1
-1
-2
-3
-6
-5
-4
-6
-5
-4
-6
-6
-5
-7
-4
-5
-5
-5
-5
-5
-7
-6
-7
-7
-5
-5
-5
-6
-7
-4
-5
