2
2
1
2
1
2
1
1
1
1
1
1
1
0
-1
0
0
-1
-1
-1
-1
-1
-1
-1
-2
-1
-2
-3
-3
-3
-3
-2
-1
0
0
-1
0
2
2
3
3
2
3
2
1
1
-1
-1
-1
-2
-2
-1
-1
-1
-1
-3
-3
-2
-2
-4
-3
-5
-4
-3
-3
-3
-2
-2
-1
0
0
1
1
1
2
1
2
1
1
1
0
-1
-1
0
-1
1
0
0
0
-1
-1
1
1
0
0
-1
-1
-1
-1
-1
0
0
1
3
2
3
2
1
2
2
1
1
3
4
3
2
4
5
5
6
4
5
5
4
3
3
1
1
2
2
1
0
1
0
1
0
0
-1
0
-1
-1
0
-2
-1
-1
0
-1
-2
-3
-2
-2
-3
-1
-2
-1
0
-1
-1
-2
-4
-3
-2
-3
-2
-2
-1
-1
-1
-2
-3
-1
-2
-2
-2
-1
-1
-1
-2
-2
-2
-2
-2
-3
-1
-2
-3
-2
-2
-1
-1
0
0
-1
0
1
1
3
2
3
3
3
3
2
2
3
4
4
4
5
4
4
3
4
4
4
2
2
1
-1
-2
-2
-2
-1
0
-2
-2
-2
-2
-3
-3
-4
-4
-4
-4
-3
-2
-1
-1
-3
-2
-4
-3
-2
-2
-2
-1
-2
-2
-2
-1
0
-2
-2
0
-1
-2
-2
-3
-1
-1
-1
-1
-1
-1
0
-1
-1
0
1
1
0
2
2
2
2
4
2
2
2
2
1
3
4
4
5
3
3
4
4
5
3
3
1
1
-1
1
3
2
1
2
0
0
0
1
2
2
1
2
2
1
3
2
2
1
1
2
2
2
0
-1
1
1
0
1
1
1
0
-1
-1
-1
0
0
1
0
1
1
0
-1
-1
0
0
0
-1
-2
-3
-3
-2
-2
-2
-3
-3
-4
-3
-2
-4
-4
-2
-2
-2
-2
-3
-2
-4
-3
-4
-3
-4
-3
-4
-3
-2
-1
-2
-1
-1
0
-1
-1
-1
0
2
2
3
3
5
4
3
3
3
5
5
5
4
6
4
3
2
2
3
2
2
2
3
4
2
1
0
1
-1
1
0
-1
-3
-4
-2
-2
-1
-1
0
-3
-5
-4
-3
-3
-3
-5
-5
-4
-5
-8
-5
-5
-6
-6
-6
-6
-6
-5
-5
-4
-2
-2
0
-1
-2
-3
-3
-1
-1
-2
-2
0
0
0
0
0
0
2
3
6
6
6
5
5
6
8
10
11
10
8
9
8
9
6
7
7
6
4
2
3
4
4
3
4
5
6
6
5
5
5
5
5
5
3
0
-3
-2
-3
-5
-4
-3
-5
-6
-8
-6
-5
-5
-4
-4
-4
-4
-5
-7
-5
-4
-3
-3
-3
-4
-5
-6
-6
-5
-5
-3
-3
-1
-2
-1
1
-1
-1
0
0
0
2
3
1
0
-2
-1
1
4
4
4
2
1
4
6
8
7
5
7
7
5
2
4
4
4
6
5
3
3
2
1
1
-1
-2
0
3
3
-1
-6
-5
-5
-9
-4
-5
-9
-12
-14
-15
-12
-12
-11
-7
-5
-9
-14
-13
-10
-7
-7
-9
-10
-8
-7
-5
1
4
5
0
-5
-4
2
2
0
2
1
1
1
6
12
14
14
14
12
9
12
16
18
17
10
3
6
12
8
7
7
0
0
4
10
12
8
7
-1
-7
-3
4
11
7
3
5
0
-4
-5
-2
7
2
-7
-7
-8
-5
1
3
-6
-9
-12
-9
7
7
8
13
5
-2
-9
-3
5
3
4
0
-6
-7
-5
2
6
-3
-13
-18
-19
-19
-17
-4
2
-9
-11
-3
-6
-5
2
3
2
-2
1
0
-2
4
5
6
-1
-3
1
9
5
-3
-2
-6
-6
8
10
14
7
-2
7
3
1
5
8
12
0
4
7
4
1
30
95
24
-62
-51
-11
-5
-21
-11
1
2
-3
3
19
21
-16
-29
-40
-42
-23
-14
9
16
15
8
-11
-4
13
30
25
-5
-9
-5
-3
-15
-19
-4
-14
-30
3
93
64
-15
-36
-19
-19
-43
-29
-13
-13
-12
0
10
16
-8
-4
1
-26
-45
-19
26
32
32
20
15
3
-4
46
77
67
30
-12
-14
-30
-48
-32
-25
-12
-7
9
10
-8
4
9
3
-12
-15
3
24
31
21
10
11
3
9
23
24
9
-11
-5
-7
-14
-4
-17
-24
-22
-16
-5
-6
-3
-13
-13
6
6
-7
-10
-11
-4
-2
-4
7
2
-6
11
23
18
0
-3
12
-6
-10
11
10
6
-11
-16
-17
-14
-1
9
9
0
-22
-12
-6
-7
7
67
149
9
-47
-12
6
12
-12
15
14
-21
-16
14
18
-3
-59
-35
-42
-59
-9
32
44
21
-15
-20
-37
-37
-11
39
56
-10
-7
9
30
-6
21
116
43
-66
-65
-28
-16
-20
-15
-13
-43
-21
9
16
46
-7
-21
-16
-65
-34
8
36
18
-16
27
34
36
95
176
211
8
-134
-119
-113
-106
-88
-6
6
-67
-40
46
22
-22
-60
-45
-43
-101
-42
28
75
23
-5
32
46
39
84
177
249
171
34
-48
-105
-125
-116
-66
-49
-48
-12
95
167
216
120
-47
-130
-181
-175
-128
-63
-19
-26
-30
-30
5
43
11
-38
-19
-31
-55
-66
-22
-5
-71
-85
-5
71
72
99
185
192
100
-13
-7
-10
-80
-39
55
122
44
-13
16
24
-11
-11
2
19
-65
-89
-19
21
-12
-64
-15
6
10
20
12
24
-2
-29
4
35
33
-33
-19
23
-22
-22
-2
13
-7
-22
-5
6
2
-15
-24
-10
24
111
94
36
16
-12
34
21
30
7
-28
-48
3
-8
-31
-66
-25
-22
-55
-32
-84
-10
-54
-35
-26
12
48
6
55
113
74
35
35
-8
-14
-22
16
69
48
10
-29
-46
-39
-76
-65
-38
-7
-6
-29
-14
-1
-54
-50
-24
-2
42
24
30
38
0
5
35
11
-13
-3
40
38
133
76
-37
-39
-76
-38
-31
5
32
-48
-88
-22
-26
27
-36
-19
17
-42
-24
-33
29
25
-2
10
36
-9
-2
38
45
23
-1
-18
12
24
-14
65
29
7
-27
-64
-36
-19
22
36
23
2
-22
-51
6
-2
-17
3
0
19
62
46
12
2
4
-7
-34
7
63
24
-3
-18
-10
-7
-53
-29
28
27
-4
6
15
17
-36
-53
4
-9
-29
18
27
28
28
4
46
12
-43
-26
-13
13
6
-1
-46
-99
-54
2
25
50
37
33
9
-33
-5
31
7
18
68
85
41
8
29
36
16
-10
-10
-14
-21
-25
-30
6
-52
-120
-104
-48
10
21
27
-35
-63
-63
-47
-2
27
39
12
16
16
36
12
5
5
31
74
62
64
39
6
-43
-34
14
12
-13
-2
30
32
15
-40
-43
-26
-63
-32
22
47
25
-21
-34
-43
-49
-31
-3
21
54
41
-4
-2
22
13
0
11
9
-6
-12
-10
22
47
16
2
27
21
-24
-32
-4
2
-41
-67
-49
-26
18
42
38
29
-17
-59
-16
22
21
10
-14
2
21
48
41
1
-16
-20
-15
31
34
-4
-41
-71
-68
-37
-19
4
9
-1
12
9
16
-7
-62
-73
-37
2
44
61
42
-19
-74
-86
-37
0
23
44
37
31
-23
-33
-37
-39
-15
44
120
117
85
54
52
44
40
43
32
27
33
52
39
14
-36
-71
-65
-60
-29
-26
-57
-100
-100
-63
-52
-62
-65
-42
-16
16
51
64
22
-21
-1
50
90
101
111
107
87
51
60
83
59
-3
-46
-56
-78
-90
-74
-36
-36
-39
-35
-42
-82
-122
-116
-100
-72
-49
-18
8
29
32
32
27
11
12
45
88
92
86
102
81
28
36
68
101
78
57
64
54
16
-14
-10
-27
-85
-101
-45
4
22
25
12
-14
-50
-55
-18
13
19
8
20
29
8
-12
1
32
45
66
68
34
-5
-44
-70
-90
-118
-136
-149
-148
-141
-127
-126
-157
-185
-189
-165
-147
-133
-126
-120
-127
-112
-61
-15
15
-13
3
63
145
205
240
278
269
257
247
286
324
317
267
243
274
310
320
278
238
152
69
42
44
48
16
-7
-25
-14
-13
-46
-87
-123
-130
-118
-96
-68
-50
-59
-78
-92
-96
-123
-168
-169
-140
-125
-146
-183
-216
-256
-292
-291
-265
-283
-335
-358
-338
-311
-326
-348
-356
-381
-400
-377
-318
-288
-298
-303
-279
-257
-246
-226
-198
-159
-108
-61
-50
-68
-51
52
278
622
993
1254
1324
1251
1158
1085
1047
1066
1160
1265
1304
1284
1220
1044
693
298
19
-101
-150
-182
-203
-280
-516
-827
-1025
-1094
-1089
-1008
-785
-501
-318
-268
-265
-268
-287
-283
-150
76
244
279
256
202
52
-153
-297
-332
-343
-380
-437
-568
-797
-1045
-1156
-1125
-1062
-1031
-1005
-1022
-1109
-1139
-1040
-890
-791
-682
-514
-332
-218
-146
-86
-39
75
501
1181
1700
1934
1987
1894
1590
1339
1461
1774
1925
1924
1998
2090
1866
1383
981
696
338
20
19
163
46
-323
-619
-795
-1075
-1364
-1317
-1018
-782
-625
-349
-107
-165
-323
-267
-46
131
277
513
698
660
516
421
318
86
-170
-288
-359
-525
-735
-924
-1162
-1468
-1636
-1594
-1534
-1611
-1732
-1766
-1768
-1733
-1548
-1271
-1115
-1075
-953
-708
-500
-377
-271
-160
-41
107
299
444
533
679
1000
1341
1602
1845
1974
1849
1513
1311
1445
1697
1848
1909
1979
1980
1782
1493
1197
854
491
244
195
210
127
-63
-351
-667
-937
-996
-826
-568
-293
-22
187
204
38
-85
-28
155
370
570
756
769
594
359
154
-47
-291
-481
-564
-653
-810
-1035
-1310
-1617
-1887
-1967
-1891
-1805
-1765
-1726
-1672
-1637
-1540
-1276
-961
-766
-676
-535
-313
-119
4
83
104
52
54
147
162
29
-78
-71
-114
-177
-43
313
569
687
914
1199
1152
756
596
945
1387
1585
1762
2099
2329
2239
2100
2056
1893
1478
1149
1167
1288
1228
995
644
123
-470
-804
-803
-746
-739
-653
-476
-469
-687
-894
-1008
-1117
-1136
-832
-292
53
43
-123
-279
-432
-544
-506
-405
-383
-401
-345
-319
-505
-837
-1080
-1149
-1111
-1005
-856
-777
-914
-1122
-1134
-932
-769
-721
-627
-400
-141
-3
-11
-102
-138
-88
-37
-79
-113
-26
64
-88
-424
-539
-265
67
76
-31
220
787
1105
903
554
519
796
1126
1421
1744
2021
2064
1883
1728
1746
1747
1531
1229
1136
1230
1195
917
582
353
137
-133
-329
-352
-317
-380
-511
-603
-685
-844
-1034
-1145
-1153
-1091
-924
-685
-527
-516
-538
-500
-460
-446
-385
-290
-292
-360
-278
-74
-77
-364
-549
-440
-385
-583
-692
-535
-440
-638
-759
-513
-290
-472
-795
-818
-581
-413
-380
-380
-401
-423
-414
-410
-478
-547
-472
-322
-236
-154
-9
90
40
29
287
675
848
725
572
590
760
1022
1338
1603
1699
1650
1641
1751
1844
1772
1554
1384
1382
1460
1424
1170
804
483
240
46
-78
-102
-138
-303
-532
-687
-806
-1036
-1325
-1441
-1311
-1080
-903
-823
-843
-943
-998
-914
-738
-569
-443
-344
-240
-99
22
-37
-244
-345
-237
-122
-148
-166
-137
-282
-530
-531
-303
-257
-495
-651
-573
-487
-497
-500
-493
-615
-697
-463
-206
-363
-724
-720
-374
-174
-201
-147
45
215
355
551
660
541
454
699
1161
1539
1794
1998
1996
1720
1481
1571
1776
1705
1422
1306
1406
1398
1114
694
267
-154
-413
-358
-163
-161
-401
-655
-816
-968
-1127
-1257
-1361
-1402
-1229
-842
-562
-604
-799
-884
-820
-669
-396
-73
102
127
191
323
327
121
-128
-259
-224
-78
-34
-249
-616
-858
-914
-924
-846
-648
-582
-831
-1056
-895
-605
-583
-716
-698
-500
-309
-224
-219
-193
-60
93
217
439
781
1016
993
928
998
975
740
666
1029
1478
1581
1513
1548
1491
1155
860
916
1047
895
686
778
945
756
294
-35
-205
-418
-535
-344
-83
-134
-413
-576
-635
-790
-969
-941
-738
-566
-405
-172
-38
-178
-414
-457
-330
-191
10
247
279
42
-179
-254
-400
-648
-730
-625
-600
-709
-809
-961
-1275
-1461
-1254
-954
-920
-905
-599
-364
-533
-570
-146
112
-115
-125
443
807
495
194
430
694
555
474
846
1274
1308
1075
738
302
70
383
933
1162
1155
1259
1266
880
541
723
967
657
255
511
997
810
120
-202
-184
-465
-828
-622
-122
-153
-609
-717
-496
-539
-802
-790
-561
-511
-459
-78
257
96
-211
-137
84
72
108
400
479
99
-188
-32
37
-327
-644
-585
-536
-786
-1014
-1044
-1199
-1475
-1416
-1004
-780
-907
-976
-815
-652
-495
-233
-78
-147
-61
404
720
502
231
398
687
681
705
1217
1799
1627
720
25
164
683
865
721
772
1075
1128
786
552
685
720
319
-7
284
816
827
285
-208
-397
-543
-690
-573
-227
-69
-212
-335
-330
-412
-570
-550
-354
-239
-176
43
250
138
-135
-147
73
160
118
184
238
56
-194
-246
-238
-399
-555
-512
-451
-563
-746
-904
-1107
-1252
-1110
-808
-698
-794
-811
-700
-644
-588
-364
-139
-196
-351
-189
188
314
154
103
277
430
621
1170
1788
1683
799
140
403
1043
1311
1286
1370
1412
1138
878
1035
1250
940
352
260
708
949
580
-7
-422
-748
-1038
-1044
-736
-518
-642
-838
-824
-749
-811
-891
-809
-625
-412
-108
217
309
120
-55
21
237
376
397
365
302
232
165
43
-184
-439
-600
-634
-578
-506
-569
-849
-1166
-1229
-1054
-919
-949
-1006
-991
-915
-745
-464
-306
-460
-677
-595
-302
-156
-125
75
370
497
721
1421
2102
1807
738
306
1122
2118
2291
2054
2082
2007
1405
978
1413
1931
1426
387
161
738
882
164
-614
-927
-1145
-1477
-1558
-1311
-1236
-1547
-1786
-1617
-1319
-1231
-1273
-1202
-972
-626
-174
217
337
248
252
481
759
890
847
712
618
650
713
619
316
-46
-355
-570
-623
-574
-676
-1012
-1252
-1143
-976
-1097
-1348
-1419
-1358
-1287
-1026
-571
-399
-720
-983
-720
-325
-297
-321
50
533
736
1136
2107
2716
1907
520
431
1808
2938
2917
2603
2630
2375
1591
1291
1907
2243
1372
264
204
732
565
-333
-1032
-1268
-1541
-1908
-1956
-1735
-1739
-2046
-2211
-2013
-1704
-1525
-1466
-1376
-1111
-621
-93
177
207
271
492
746
938
1069
1043
847
734
864
1007
873
538
202
-170
-529
-666
-648
-846
-1267
-1417
-1203
-1153
-1468
-1731
-1706
-1659
-1610
-1197
-603
-529
-978
-1120
-654
-277
-342
-250
266
644
726
1385
2731
3274
2048
498
654
2222
3276
3197
2962
2928
2399
1486
1429
2321
2580
1409
131
86
578
263
-718
-1308
-1369
-1589
-2034
-2171
-2002
-2036
-2339
-2394
-2003
-1577
-1443
-1509
-1488
-1222
-732
-169
204
299
300
408
646
884
988
893
694
633
743
772
575
272
-20
-379
-694
-705
-594
-815
-1307
-1494
-1272
-1202
-1464
-1597
-1444
-1337
-1271
-867
-350
-400
-851
-859
-341
-99
-278
-160
338
598
802
1839
3170
2993
1132
-21
1071
2900
3439
3037
2984
2926
2035
1263
1997
3233
2918
1246
355
835
1101
276
-653
-860
-943
-1478
-1997
-2048
-2000
-2252
-2503
-2356
-2000
-1817
-1841
-1881
-1736
-1366
-858
-404
-144
1
113
218
377
594
737
684
582
626
654
457
167
25
-88
-385
-638
-648
-728
-1130
-1462
-1294
-1012
-1154
-1454
-1447
-1299
-1285
-1094
-509
-203
-604
-980
-645
-160
-312
-580
-197
402
526
868
2208
3283
2316
248
-102
1735
3334
3251
2829
3077
2903
1737
1260
2541
3686
2809
1068
679
1305
1096
18
-487
-255
-505
-1471
-2105
-2025
-1961
-2240
-2338
-2019
-1763
-1871
-2058
-2036
-1797
-1407
-892
-363
-7
147
157
117
177
373
577
652
654
630
428
51
-216
-270
-403
-734
-929
-891
-1024
-1447
-1654
-1396
-1192
-1379
-1559
-1440
-1304
-1215
-816
-215
-169
-680
-823
-308
1
-320
-448
41
448
465
1180
2751
3299
1616
-288
229
2414
3522
3053
2821
3141
2568
1299
1472
3240
3973
2478
868
996
1568
942
-99
-122
316
-188
-1320
-1860
-1742
-1799
-2113
-2069
-1645
-1468
-1728
-2040
-2057
-1792
-1395
-907
-403
-12
87
-115
-281
-116
235
422
412
485
518
174
-320
-444
-241
-329
-717
-870
-791
-1032
-1553
-1623
-1163
-938
-1222
-1466
-1382
-1270
-1134
-626
-25
-83
-632
-778
-371
-262
-659
-676
-57
403
342
888
2252
2676
1035
-710
11
2354
3440
2813
2508
2927
2511
1306
1590
3568
4435
2891
1185
1346
1942
1213
105
231
883
368
-987
-1712
-1633
-1668
-1997
-1963
-1523
-1405
-1839
-2326
-2380
-2042
-1616
-1180
-741
-362
-290
-596
-850
-605
-6
382
358
244
138
-193
-572
-532
-79
65
-271
-581
-673
-897
-1273
-1248
-804
-599
-854
-1092
-1093
-1097
-1049
-554
64
46
-475
-661
-351
-333
-801
-869
-255
246
103
413
1763
2524
1182
-788
-521
1775
3200
2743
2330
2801
2599
1346
1387
3507
4857
3490
1408
1282
2091
1621
465
504
1344
921
-737
-1783
-1649
-1464
-1758
-1827
-1356
-1231
-1918
-2703
-2823
-2319
-1792
-1315
-843
-550
-693
-1165
-1343
-863
-87
400
404
199
-46
-417
-637
-420
118
322
34
-198
-276
-598
-1086
-1030
-390
-107
-499
-844
-823
-866
-1073
-755
64
289
-364
-929
-804
-621
-949
-1066
-473
111
-101
-414
592
2004
1770
-114
-879
869
2903
3029
2303
2590
3021
2184
1471
3074
5202
4778
2343
1276
2215
2400
1164
614
1565
1748
-48
-1852
-2050
-1611
-1783
-2022
-1618
-1325
-2154
-3361
-3741
-3102
-2273
-1730
-1281
-1075
-1254
-1708
-1876
-1335
-328
465
593
248
-75
-288
-414
-208
343
791
592
181
69
-130
-691
-944
-340
263
-35
-627
-742
-746
-1069
-1114
-367
215
-293
-1180
-1428
-1128
-1030
-1115
-803
-386
-360
-704
-307
1127
2000
1119
-300
109
2082
3265
2866
2541
2982
2949
2217
2679
4665
5393
3705
1826
1972
2653
1955
995
1325
1927
752
-1334
-2223
-1946
-1944
-2221
-1965
-1634
-2340
-3749
-4367
-3854
-2931
-2292
-1799
-1496
-1688
-2116
-2210
-1599
-586
330
730
530
70
-160
-72
280
805
1259
1273
822
479
296
-71
-366
-8
666
580
-153
-571
-612
-869
-1076
-547
208
10
-996
-1673
-1655
-1440
-1303
-1067
-730
-690
-892
-1013
-201
1226
1788
854
-90
735
2426
3126
2745
2747
3214
3111
2764
3585
4992
4795
3025
1856
2268
2504
1731
1220
1537
1317
-394
-2021
-2379
-2161
-2216
-2121
-1818
-2255
-3623
-4614
-4355
-3476
-2726
-2245
-1886
-1960
-2337
-2396
-1852
-946
-128
461
596
284
-102
-72
378
979
1474
1659
1383
813
462
321
229
298
687
893
421
-233
-523
-616
-788
-680
-163
53
-505
-1352
-1769
-1743
-1508
-1203
-987
-921
-1016
-1167
-1222
-461
1060
1878
1114
115
759
2297
2942
2670
2966
3764
3701
3085
3481
4720
4600
2974
1944
2424
2663
1728
1004
1222
992
-705
-2332
-2574
-2095
-2066
-2291
-2440
-3001
-4056
-4726
-4270
-3239
-2515
-2361
-2435
-2496
-2437
-2175
-1589
-741
48
441
279
-58
-125
297
894
1367
1703
1771
1352
634
348
629
849
730
674
743
470
-160
-571
-555
-482
-459
-346
-266
-595
-1323
-1845
-1748
-1225
-874
-928
-999
-931
-950
-973
-175
1399
2076
1153
239
1032
2512
2942
2682
3143
3932
3659
2914
3311
4487
4266
2687
1846
2417
2595
1526
709
860
618
-965
-2414
-2441
-1869
-2027
-2656
-2995
-3279
-3949
-4510
-4119
-3117
-2502
-2656
-2919
-2767
-2381
-1990
-1490
-712
-5
212
-90
-302
34
770
1326
1555
1743
1772
1314
625
587
1129
1305
914
692
816
554
-189
-641
-508
-344
-435
-476
-426
-766
-1558
-2055
-1701
-944
-670
-985
-1187
-1021
-830
-587
345
1666
1924
912
348
1415
2813
3083
2842
3257
3797
3414
2882
3433
4325
3828
2387
1864
2390
2296
1193
462
516
101
-1287
-2336
-2252
-1948
-2345
-2960
-3190
-3398
-3963
-4326
-3859
-3014
-2646
-2845
-2954
-2693
-2287
-1871
-1331
-682
-239
-191
-370
-288
262
992
1414
1522
1598
1535
1126
708
888
1355
1360
967
835
903
523
-180
-493
-278
-116
-235
-387
-532
-985
-1656
-1866
-1320
-633
-614
-1081
-1242
-911
-521
-79
828
1739
1593
704
662
1927
3051
3081
2893
3304
3638
3228
2948
3533
4014
3251
2093
1915
2315
1929
876
336
288
-291
-1460
-2133
-2034
-2017
-2509
-2962
-3102
-3349
-3864
-4056
-3558
-2913
-2756
-2971
-2980
-2672
-2290
-1879
-1349
-812
-562
-588
-590
-239
415
1004
1254
1320
1405
1331
1004
826
1145
1497
1382
1101
1080
1004
457
-126
-161
148
195
-62
-332
-651
-1208
-1706
-1568
-892
-482
-826
-1381
-1402
-941
-442
154
1028
1570
1155
514
923
2224
3052
2996
2970
3364
3477
3078
3061
3693
3931
3133
2254
2181
2270
1662
819
549
461
-268
-1395
-2024
-2080
-2206
-2618
-2927
-3052
-3356
-3874
-4065
-3629
-3047
-2924
-3125
-3101
-2745
-2362
-2046
-1604
-1071
-754
-715
-609
-129
523
937
1061
1208
1416
1368
1080
1056
1397
1549
1280
1078
1151
986
386
-66
10
200
67
-232
-496
-877
-1421
-1717
-1414
-884
-777
-1173
-1494
-1319
-894
-442
180
1000
1402
1043
689
1248
2395
3032
3021
3115
3506
3544
3163
3195
3821
4072
3366
2548
2358
2281
1663
970
812
680
-169
-1394
-2063
-2094
-2143
-2495
-2841
-3068
-3443
-3948
-4075
-3599
-3047
-2973
-3183
-3142
-2801
-2467
-2175
-1715
-1148
-784
-682
-539
-100
468
849
1028
1273
1535
1477
1179
1183
1549
1664
1322
1068
1114
944
386
23
118
170
-168
-570
-782
-1037
-1452
-1675
-1450
-1091
-1075
-1400
-1614
-1431
-1019
-622
-76
702
1306
1181
776
1024
2074
2962
3120
3124
3418
3592
3260
3159
3774
4336
3869
2861
2377
2335
1998
1428
1222
1091
275
-1044
-1898
-1997
-1974
-2245
-2624
-2953
-3399
-3911
-4083
-3755
-3318
-3168
-3225
-3206
-3031
-2786
-2450
-1968
-1391
-883
-573
-428
-218
205
700
1072
1384
1688
1725
1427
1249
1478
1677
1445
1147
1129
1046
538
10
-109
-105
-379
-765
-966
-1149
-1549
-1928
-1884
-1538
-1363
-1554
-1747
-1625
-1265
-919
-492
255
1091
1429
1143
997
1619
2653
3254
3324
3419
3665
3658
3423
3575
4106
4203
3488
2690
2423
2320
1894
1366
1045
583
-352
-1367
-1880
-1983
-2158
-2539
-2926
-3268
-3640
-3933
-3953
-3723
-3446
-3276
-3209
-3156
-2976
-2611
-2149
-1652
-1085
-533
-242
-181
46
595
1133
1414
1631
1858
1829
1542
1425
1595
1647
1413
1211
1135
847
282
-182
-360
-502
-752
-968
-1137
-1448
-1879
-2099
-1967
-1711
-1597
-1618
-1583
-1413
-1125
-784
-291
462
1296
1683
1426
1197
1737
2804
3469
3540
3615
3852
3761
3340
3341
3894
4134
3526
2687
2274
2014
1493
929
667
377
-361
-1337
-2003
-2263
-2419
-2647
-2912
-3189
-3516
-3810
-3926
-3780
-3450
-3139
-3005
-2965
-2784
-2392
-1926
-1440
-868
-334
-71
15
306
848
1279
1451
1610
1838
1843
1579
1417
1525
1574
1337
1049
857
568
57
-405
-616
-724
-936
-1185
-1366
-1582
-1888
-2098
-2010
-1754
-1568
-1510
-1436
-1267
-1008
-663
-142
636
1471
1851
1550
1202
1660
2810
3642
3724
3590
3609
3446
3047
3101
3774
4161
3522
2418
1735
1473
1167
809
630
321
-507
-1613
-2319
-2455
-2404
-2503
-2742
-3057
-3451
-3789
-3873
-3622
-3209
-2855
-2684
-2614
-2471
-2156
-1722
-1223
-643
-86
254
387
585
934
1256
1468
1700
1917
1874
1628
1526
1608
1510
1147
846
737
515
41
-408
-662
-861
-1114
-1253
-1264
-1433
-1846
-2167
-2082
-1749
-1484
-1361
-1264
-1148
-1003
-751
-272
487
1358
1916
1788
1357
1496
2459
3437
3704
3510
3354
3196
2898
2900
3461
3912
3416
2226
1310
1039
979
753
444
66
-602
-1572
-2388
-2647
-2500
-2385
-2542
-2873
-3262
-3593
-3738
-3538
-3022
-2478
-2199
-2183
-2135
-1870
-1442
-967
-377
294
757
831
765
902
1212
1506
1774
2027
2052
1782
1469
1332
1200
909
661
620
524
68
-580
-1057
-1256
-1302
-1240
-1153
-1308
-1808
-2272
-2244
-1815
-1411
-1190
-1019
-892
-891
-855
-503
182
978
1719
2197
2101
1615
1505
2257
3280
3706
3495
3137
2825
2510
2492
2936
3271
2727
1593
807
672
563
115
-310
-512
-852
-1631
-2430
-2739
-2630
-2524
-2556
-2643
-2822
-3109
-3280
-3044
-2477
-1920
-1603
-1481
-1396
-1218
-867
-336
292
823
1094
1078
977
1001
1216
1551
1874
2010
1789
1321
926
783
695
501
323
225
-12
-572
-1167
-1425
-1380
-1311
-1298
-1312
-1507
-1937
-2226
-1955
-1330
-904
-822
-805
-702
-616
-453
-8
661
1336
1930
2353
2245
1685
1459
2195
3319
3782
3415
2823
2363
2005
2022
2550
2978
2462
1247
347
128
23
-301
-487
-446
-745
-1709
-2734
-3084
-2803
-2386
-2143
-2146
-2463
-2959
-3192
-2840
-2092
-1392
-1024
-961
-996
-916
-602
-110
463
994
1327
1333
1114
941
1036
1371
1719
1833
1573
1083
639
415
327
219
79
-71
-321
-748
-1193
-1437
-1454
-1390
-1294
-1243
-1381
-1684
-1797
-1481
-1010
-759
-671
-492
-293
-193
-50
345
794
1197
1754
2448
2577
1891
1315
1821
2931
3392
2989
2425
2034
1631
1457
1888
2391
1979
749
-144
-249
-246
-621
-881
-738
-839
-1687
-2727
-3029
-2625
-2131
-1885
-1810
-1987
-2430
-2737
-2401
-1526
-745
-435
-472
-525
-459
-249
150
760
1395
1699
1498
1028
756
868
1217
1552
1674
1415
810
209
-50
-20
-31
-171
-339
-549
-925
-1369
-1607
-1575
-1424
-1264
-1115
-1134
-1402
-1630
-1402
-807
-349
-219
-157
4
112
205
505
916
1227
1631
2374
2840
2263
1217
1097
2078
2866
2718
2163
1733
1248
801
935
1506
1551
697
-224
-570
-683
-1033
-1273
-1018
-739
-1132
-2073
-2727
-2662
-2098
-1484
-1113
-1176
-1597
-1950
-1810
-1169
-424
60
166
96
96
238
419
675
1146
1623
1646
1140
635
534
724
941
1103
1039
546
-150
-514
-432
-350
-528
-760
-877
-1034
-1313
-1500
-1467
-1345
-1238
-1075
-916
-963
-1125
-980
-455
-13
64
67
271
473
539
697
1044
1234
1286
1698
2437
2500
1505
584
883
1870
2266
1849
1260
782
290
90
461
936
736
-54
-747
-1026
-1137
-1169
-943
-566
-517
-1104
-1954
-2363
-1958
-1046
-314
-222
-661
-1113
-1203
-879
-282
409
850
792
448
254
326
483
799
1317
1603
1184
392
-14
123
392
552
607
405
-136
-689
-874
-788
-749
-799
-819
-855
-1033
-1274
-1389
-1337
-1155
-863
-558
-476
-618
-647
-362
-1
181
297
507
657
635
653
831
930
858
1036
1672
2129
1655
628
149
614
1271
1384
1026
552
100
-210
-129
289
538
292
-289
-777
-975
-925
-703
-372
-98
-242
-897
-1591
-1617
-918
-86
283
117
-284
-602
-597
-237
358
845
915
596
239
129
206
407
770
1093
953
351
-195
-325
-178
42
252
240
-174
-738
-986
-872
-721
-714
-723
-717
-798
-997
-1112
-1007
-774
-549
-373
-236
-221
-269
-182
95
373
500
553
647
726
693
547
450
499
655
777
913
1110
1055
454
-286
-231
548
924
340
-365
-343
-77
-172
-290
116
514
126
-644
-851
-350
29
50
70
203
-49
-699
-939
-339
507
748
450
122
30
23
56
280
630
806
543
49
-196
-61
186
353
491
489
103
-473
-696
-447
-149
-92
-157
-256
-468
-757
-886
-789
-630
-547
-491
-404
-432
-630
-789
-622
-272
-39
39
90
123
24
-1
199
464
540
465
471
481
337
79
4
246
536
548
251
15
-103
-151
-182
-21
121
-58
-410
-494
-185
65
62
-48
3
65
-22
-204
-165
157
500
583
387
134
-34
14
293
671
870
765
494
290
285
416
563
623
608
464
205
-28
-76
49
182
242
122
-181
-519
-632
-493
-330
-280
-365
-535
-716
-774
-740
-714
-698
-592
-441
-410
-494
-544
-448
-250
-67
27
67
109
147
151
178
257
323
302
263
253
213
63
-103
-168
-125
-157
-385
-689
-852
-764
-625
-463
-405
-520
-850
-1005
-668
-93
211
45
-171
-219
1
273
639
943
1055
916
709
764
1018
1331
1454
1438
1266
1016
829
839
1033
1150
1027
690
425
293
217
112
82
130
23
-236
-460
-488
-487
-530
-521
-468
-537
-747
-868
-763
-569
-504
-578
-670
-676
-618
-519
-398
-288
-235
-206
-127
-33
-8
-32
32
180
283
220
59
-87
-142
-106
-24
20
-83
-368
-680
-808
-721
-665
-801
-1035
-1195
-1265
-1294
-1173
-892
-572
-508
-639
-729
-542
-199
102
318
483
606
646
786
1119
1568
1792
1720
1576
1641
1868
1981
1913
1767
1667
1525
1351
1212
1118
978
761
558
399
268
103
-73
-265
-434
-578
-684
-738
-764
-795
-881
-968
-1003
-966
-896
-827
-800
-810
-806
-724
-578
-438
-358
-345
-318
-232
-105
-6
41
71
89
74
31
-10
-33
-46
-101
-204
-334
-449
-544
-621
-680
-761
-914
-1116
-1245
-1249
-1213
-1246
-1321
-1366
-1345
-1256
-1091
-828
-567
-374
-272
-143
76
364
667
927
1171
1380
1576
1766
1994
2223
2350
2334
2242
2229
2279
2298
2172
1950
1704
1481
1307
1165
1022
761
419
111
-51
-177
-387
-635
-811
-900
-1003
-1083
-1107
-1097
-1130
-1154
-1090
-970
-887
-846
-774
-650
-532
-454
-360
-227
-99
-57
-59
-44
-1
50
97
128
73
-75
-231
-298
-305
-345
-461
-622
-774
-912
-1034
-1135
-1196
-1258
-1358
-1472
-1535
-1538
-1531
-1493
-1386
-1234
-1129
-1075
-976
-769
-491
-198
91
368
609
810
1016
1269
1546
1807
2033
2212
2334
2390
2422
2446
2470
2489
2477
2404
2220
1964
1696
1496
1353
1197
957
621
247
-98
-354
-507
-585
-680
-851
-1077
-1262
-1324
-1277
-1188
-1136
-1123
-1117
-1079
-969
-798
-604
-475
-427
-411
-350
-228
-88
-1
12
-18
-55
-89
-134
-183
-241
-307
-392
-483
-575
-669
-780
-903
-1018
-1115
-1195
-1277
-1344
-1385
-1393
-1378
-1347
-1301
-1249
-1169
-1056
-892
-700
-509
-337
-183
-6
194
429
676
927
1141
1314
1462
1601
1746
1890
2039
2164
2236
2250
2217
2164
2108
2064
1999
1894
1732
1523
1281
1060
893
738
541
292
40
-178
-350
-491
-616
-725
-827
-920
-1002
-1055
-1060
-1035
-984
-927
-864
-811
-765
-710
-636
-537
-449
-403
-415
-434
-426
-395
-377
-384
-412
-459
-508
-558
-601
-637
-675
-730
-796
-873
-949
-1018
-1062
-1064
-1050
-1040
-1045
-1044
-1020
-938
-809
-670
-556
-466
-370
-258
-104
82
275
423
523
610
722
870
1015
1151
1260
1350
1400
1436
1486
1552
1609
1623
1619
1596
1559
1489
1413
1345
1294
1219
1096
956
825
706
579
458
344
214
61
-89
-199
-285
-373
-469
-549
-597
-626
-661
-705
-751
-789
-800
-774
-721
-698
-718
-756
-770
-751
-715
-683
-680
-695
-709
-700
-681
-660
-651
-650
-651
-652
-648
-648
-640
-628
-607
-594
-585
-563
-524
-479
-440
-405
-360
-296
-227
-165
-117
-78
-37
19
99
184
258
314
363
421
485
551
606
657
711
759
799
821
836
846
869
910
950
953
926
904
900
906
891
854
798
741
683
621
558
491
424
355
291
227
155
68
-17
-83
-138
-188
-255
-331
-402
-450
-490
-529
-561
-597
-630
-666
-690
-701
-703
-693
-673
-654
-655
-670
-669
-623
-559
-516
-503
-495
-470
-428
-381
-331
-287
-253
-222
-191
-161
-138
-122
-103
-72
-36
-18
-17
-18
-14
-5
14
36
50
45
37
43
65
83
103
124
145
163
176
197
229
277
328
376
417
454
477
492
515
543
573
593
604
603
594
577
564
553
536
504
457
413
370
324
280
231
164
83
9
-41
-89
-149
-215
-274
-318
-360
-396
-424
-448
-468
-477
-474
-462
-453
-453
-439
-407
-364
-327
-291
-253
-218
-184
-150
-105
-59
-19
8
28
37
37
38
54
77
82
57
22
1
-14
-36
-60
-82
-113
-165
-216
-245
-253
-254
-262
-276
-289
-296
-297
-282
-245
-191
-142
-98
-56
-13
29
75
123
173
217
259
302
336
358
366
370
375
385
390
389
376
349
315
285
266
250
234
207
163
107
49
16
1
-11
-34
-69
-107
-144
-163
-156
-133
-113
-110
-115
-111
-85
-41
2
33
61
82
100
120
159
207
245
263
261
250
243
243
249
254
249
226
177
113
59
19
-17
-66
-125
-193
-271
-354
-425
-470
-496
-518
-549
-585
-613
-626
-616
-583
-530
-482
-452
-430
-389
-321
-242
-163
-96
-42
-2
31
70
124
182
220
236
243
249
253
257
267
274
266
242
214
189
168
150
129
117
101
74
44
23
19
21
23
38
62
76
82
96
130
173
212
246
279
307
325
342
366
401
431
443
444
440
431
413
394
381
367
338
291
234
175
113
56
-4
-69
-139
-214
-293
-370
-436
-489
-541
-588
-631
-661
-677
-682
-680
-662
-638
-614
-583
-550
-495
-441
-383
-329
-270
-208
-154
-108
-67
-22
17
52
81
107
124
131
127
124
126
118
105
89
70
46
27
18
10
3
-1
-3
3
14
33
58
92
135
176
221
261
304
348
396
442
482
514
540
563
581
597
608
603
582
552
525
492
451
406
358
297
229
160
92
27
-42
-112
-181
-248
-316
-380
-437
-482
-526
-561
-592
-616
-635
-642
-634
-615
-587
-558
-530
-502
-464
-420
-371
-317
-266
-223
-188
-153
-114
-73
-44
-24
-5
16
27
30
29
31
30
28
24
19
6
-14
-21
-17
-8
0
1
5
18
40
69
103
144
185
232
281
324
364
403
448
495
531
556
577
587
591
590
586
572
550
520
477
432
385
331
273
214
154
88
20
-41
-96
-145
-203
-265
-316
-357
-392
-420
-445
-465
-480
-491
-492
-487
-477
-470
-453
-428
-402
-376
-351
-322
-295
-273
-253
-231
-206
-188
-176
-160
-144
-136
-127
-113
-102
-99
-100
-98
-92
-85
-83
-78
-69
-59
-52
-42
-27
-6
15
37
63
94
124
154
191
236
284
322
352
380
416
452
484
512
529
530
521
517
514
507
489
463
426
381
337
292
246
199
156
107
48
-14
-71
-121
-162
-191
-216
-248
-278
-304
-324
-336
-341
-338
-335
-335
-337
-332
-321
-308
-292
-276
-262
-255
-248
-240
-226
-214
-206
-196
-191
-192
-195
-199
-197
-195
-194
-194
-189
-184
-184
-178
-167
-154
-134
-115
-97
-80
-54
-16
25
66
103
133
162
198
247
293
325
350
376
403
428
449
469
481
484
478
468
461
451
430
405
380
352
311
264
226
192
153
112
70
27
-16
-55
-92
-122
-144
-169
-194
-217
-234
-243
-251
-253
-250
-251
-253
-252
-253
-245
-234
-222
-217
-209
-199
-200
-204
-200
-195
-197
-200
-200
-203
-211
-217
-224
-228
-230
-230
-233
-232
-227
-222
-215
-200
-181
-163
-144
-122
-96
-66
-34
0
35
75
114
149
181
214
248
279
309
335
355
369
379
388
399
410
411
401
383
365
349
330
312
288
258
224
189
153
118
87
57
27
0
-26
-49
-69
-84
-98
-113
-122
-130
-136
-140
-137
-135
-136
-135
-133
-133
-132
-127
-125
-128
-132
-136
-133
-132
-138
-147
-151
-156
-170
-186
-195
-201
-213
-229
-236
-233
-233
-238
-242
-236
-224
-210
-199
-183
-160
-138
-120
-95
-62
-30
2
34
68
99
128
159
194
224
246
263
279
297
313
325
335
342
343
335
325
313
303
291
277
263
245
218
186
163
150
139
120
97
73
52
33
15
6
-1
-13
-25
-37
-48
-61
-74
-80
-81
-85
-92
-103
-116
-128
-140
-149
-151
-156
-166
-180
-193
-205
-218
-225
-231
-240
-250
-265
-277
-285
-287
-283
-278
-273
-269
-265
-258
-245
-226
-202
-179
-157
-136
-116
-91
-60
-32
-3
25
54
76
100
124
146
170
192
208
220
227
232
241
251
261
266
270
267
256
248
243
242
238
231
225
216
206
199
195
189
181
174
164
158
158
156
150
142
132
121
112
105
97
86
70
53
36
19
4
-7
-19
-34
-55
-77
-96
-115
-132
-145
-161
-180
-205
-229
-251
-270
-284
-295
-306
-315
-327
-335
-338
-334
-328
-324
-315
-302
-291
-280
-265
-245
-227
-209
-188
-166
-144
-121
-100
-79
-53
-26
-4
15
35
53
69
86
105
122
132
138
146
158
172
184
191
200
208
217
224
232
243
251
258
264
272
277
280
285
288
288
288
287
281
274
266
257
248
237
221
203
187
169
150
129
105
80
57
30
5
-23
-51
-79
-106
-135
-163
-188
-208
-226
-243
-264
-282
-293
-302
-309
-317
-320
-320
-318
-317
-309
-300
-289
-279
-269
-254
-242
-231
-216
-195
-174
-155
-141
-126
-112
-95
-75
-60
-49
-38
-26
-13
0
12
21
30
38
49
60
72
85
98
110
123
136
151
169
184
200
213
228
241
251
261
271
279
280
285
289
288
285
280
274
265
254
241
224
205
186
166
146
125
101
71
44
18
-5
-29
-52
-75
-98
-120
-138
-154
-168
-182
-194
-201
-209
-217
-224
-229
-230
-228
-227
-228
-228
-225
-222
-216
-209
-203
-194
-186
-176
-164
-154
-145
-137
-126
-117
-109
-101
-92
-82
-73
-65
-58
-47
-37
-28
-18
-7
5
13
26
39
54
68
80
94
109
122
134
144
160
174
188
199
206
212
221
231
238
243
247
248
246
243
238
233
224
215
203
188
170
154
135
114
94
72
49
24
3
-18
-38
-60
-83
-99
-114
-128
-142
-155
-165
-173
-181
-182
-182
-187
-193
-195
-190
-187
-189
-188
-186
-182
-177
-172
-167
-163
-158
-152
-145
-137
-132
-130
-125
-116
-109
-103
-100
-94
-87
-80
-70
-59
-49
-39
-27
-13
3
17
31
46
64
81
97
112
127
141
155
169
186
202
213
223
231
241
248
253
256
259
259
254
248
242
234
222
210
196
177
157
136
117
97
74
50
24
0
-22
-44
-66
-86
-105
-124
-141
-155
-169
-180
-187
-195
-204
-211
-216
-216
-216
-214
-212
-212
-211
-208
-202
-195
-190
-184
-178
-171
-166
-158
-148
-136
-127
-122
-118
-110
-100
-90
-76
-64
-52
-41
-30
-18
-2
14
30
48
67
85
100
114
131
152
172
188
202
215
226
237
247
257
271
274
275
275
272
268
265
264
260
250
237
222
205
188
170
153
135
114
88
58
32
8
-14
-37
-59
-83
-110
-136
-160
-180
-197
-211
-226
-242
-257
-269
-277
-282
-284
-287
-288
-292
-294
-293
-290
-282
-275
-265
-255
-247
-238
-228
-212
-196
-180
-166
-149
-133
-116
-96
-77
-56
-35
-15
3
22
43
66
89
113
135
157
176
196
217
241
261
276
290
305
317
326
335
346
350
352
351
347
344
341
337
325
310
296
277
258
240
220
198
175
148
120
92
65
36
8
-19
-45
-76
-104
-130
-154
-179
-202
-224
-243
-261
-277
-293
-307
-318
-328
-337
-344
-345
-347
-349
-346
-339
-332
-326
-317
-307
-298
-284
-272
-258
-241
-222
-201
-183
-163
-141
-119
-96
-73
-49
-28
-8
18
45
72
96
117
137
159
185
207
228
248
264
279
293
305
316
324
331
338
340
340
335
329
324
320
312
302
290
276
258
238
220
200
177
153
131
109
87
64
40
16
-8
-32
-54
-78
-99
-121
-145
-167
-182
-197
-212
-227
-242
-254
-265
-275
-284
-290
-296
-299
-301
-299
-299
-299
-295
-287
-277
-268
-257
-244
-230
-216
-202
-183
-164
-144
-123
-103
-84
-64
-42
-19
5
28
50
69
89
110
130
150
168
185
199
213
225
239
250
256
262
270
275
277
277
278
277
273
268
262
255
245
236
224
213
197
178
163
148
134
117
98
76
56
38
20
4
-13
-33
-55
-75
-95
-113
-129
-143
-159
-173
-188
-202
-212
-218
-225
-231
-240
-245
-248
-251
-250
-248
-245
-244
-238
-231
-221
-210
-198
-190
-179
-167
-154
-140
-123
-106
-89
-75
-60
-44
-26
-5
16
33
48
62
76
91
111
127
140
149
159
169
178
188
198
206
212
216
217
216
215
216
212
208
205
197
187
178
171
164
153
143
132
118
106
95
83
71
60
45
30
17
2
-12
-26
-38
-52
-67
-81
-94
-106
-118
-131
-142
-150
-160
-170
-179
-185
-190
-197
-202
-205
-205
-205
-206
-203
-199
-194
-186
-178
-170
-159
-150
-138
-128
-116
-102
-89
-74
-58
-43
-26
-10
6
18
31
45
58
72
87
98
106
115
124
134
144
152
157
163
169
172
175
179
180
179
175
173
171
168
164
161
155
146
137
127
119
112
102
93
82
71
60
49
40
30
20
10
-1
-12
-23
-34
-48
-56
-66
-75
-86
-96
-106
-114
-124
-131
-137
-142
-146
-149
-153
-157
-158
-158
-156
-152
-148
-144
-139
-132
-125
-117
-108
-97
-88
-79
-71
-63
-55
-42
-29
-18
-9
-1
6
15
23
33
42
50
55
59
64
71
76
79
84
89
93
92
93
96
98
102
104
103
101
97
96
95
94
93
89
83
79
75
70
65
60
53
50
44
37
31
22
17
11
3
-2
-7
-14
-21
-28
-35
-43
-48
-52
-57
-64
-69
-74
-77
-79
-81
-83
-84
-85
-85
-84
-83
-81
-80
-78
-76
-75
-70
-65
-60
-56
-52
-48
-42
-36
-29
-23
-18
-14
-11
-6
0
5
8
12
16
20
23
26
29
33
37
40
40
43
46
48
50
52
54
55
54
54
56
55
55
56
55
54
53
52
51
48
44
42
39
37
36
32
29
26
24
20
17
15
10
7
5
2
-4
-7
-9
-13
-18
-22
-25
-27
-28
-30
-32
-35
-39
-41
-41
-39
-39
-40
-40
-40
-40
-39
-35
-31
-30
-30
-29
-29
-26
-24
-21
-18
-16
-14
-14
-13
-9
-7
-6
-6
-5
-4
-2
-2
-2
-3
-4
-3
-2
-1
0
0
0
2
5
5
6
7
7
8
7
9
9
8
8
10
9
10
12
13
14
13
13
13
11
12
13
15
15
13
11
11
13
13
12
13
13
12
11
11
13
13
10
7
4
4
6
7
8
8
6
5
2
3
4
4
5
4
3
3
2
2
3
3
2
2
2
2
0
0
1
1
-1
-3
-5
-7
-11
-12
-11
-12
-15
-17
-20
-22
-23
-25
-23
-22
-22
-24
-25
-25
-23
-20
-18
-17
-16
-14
-14
-13
-11
-9
-7
-7
-5
-4
-5
-3
-2
0
2
1
3
4
4
3
3
8
8
9
11
13
14
14
14
16
16
18
19
19
19
20
21
22
22
23
23
24
26
26
24
21
21
20
19
19
18
16
15
14
13
12
11
9
7
5
3
0
-2
-2
-5
-8
-12
-14
-16
-17
-19
-21
-23
-25
-24
-25
-25
-27
-27
-26
-26
-26
-26
-26
-24
-24
-22
-19
-20
-19
-16
-16
-16
-15
-13
-14
-11
-8
-5
-4
-2
1
-1
0
1
2
4
4
3
5
5
5
8
9
10
12
11
11
13
17
18
19
19
21
21
20
21
22
24
25
24
24
23
24
25
27
29
25
21
18
15
17
17
13
11
8
6
4
2
-1
-5
-7
-12
-15
-17
-20
-22
-22
-24
-25
-26
-27
-28
-27
-28
-28
-28
-27
-25
-23
-22
-20
-19
-17
-16
-15
-15
-14
-11
-9
-9
-7
-7
-6
-5
-4
-5
-4
-4
-4
-1
-1
2
1
2
5
7
7
8
10
12
14
16
16
17
18
20
21
22
24
26
26
27
26
25
26
26
26
26
24
22
19
17
16
14
13
9
7
4
1
-1
-4
-4
-6
-9
-11
-13
-15
-16
-19
-20
-22
-25
-26
-27
-25
-26
-24
-23
-24
-22
-23
-21
-17
-15
-14
-14
-12
-8
-7
-4
-2
-1
0
1
3
5
7
7
7
6
7
8
9
10
10
10
9
10
10
11
12
12
10
10
8
9
11
11
12
11
11
11
11
12
13
13
13
12
12
12
12
12
11
11
10
8
7
4
3
3
3
0
-4
-7
-10
-10
-11
-14
-16
-16
-19
-22
-24
-24
-24
-24
-26
-27
-28
-27
-26
-26
-26
-23
-21
-18
-17
-15
-12
-9
-4
-3
0
1
4
5
7
11
11
13
13
14
16
15
15
15
14
15
14
14
14
14
14
13
12
9
8
6
7
7
7
5
4
3
3
3
6
7
8
9
7
7
7
7
7
9
9
6
2
1
2
3
2
2
0
-3
-4
-6
-8
-8
-9
-10
-11
-14
-17
-15
-16
-15
-15
-15
-16
-16
-16
-16
-16
-15
-14
-12
-12
-9
-7
-6
-4
0
3
5
6
9
13
15
16
17
17
19
20
21
22
22
21
20
20
20
16
15
13
12
11
9
6
4
3
0
0
-1
-4
-5
-6
-6
-5
-4
-5
-7
-6
-5
-4
-3
-3
-2
-2
-3
-3
-4
-4
-5
-5
-5
-6
-8
-7
-8
-7
-9
-10
-11
-13
-15
-14
-14
-15
-14
-15
-15
-16
-16
-16
-15
-14
-14
-13
-13
-11
-8
-5
-3
-1
1
4
5
8
9
10
12
14
17
18
18
19
18
18
19
18
19
19
20
18
16
16
13
11
8
6
5
3
2
0
-1
-2
-3
-4
-6
-8
-8
-10
-9
-9
-9
-9
-9
-8
-8
-9
-8
-7
-5
-3
-3
-2
1
2
3
2
1
0
0
-2
-4
-6
-5
-6
-8
-9
-10
-11
-11
-11
-11
-12
-11
-10
-9
-8
-7
-5
-6
-5
-3
0
2
4
7
8
10
11
11
13
14
15
16
17
18
17
17
17
18
17
18
18
15
13
12
12
10
7
5
4
2
-1
-2
-2
-3
-4
-3
-4
-4
-4
-5
-5
-5
-5
-4
-3
-4
-5
-3
-2
-1
-1
-1
-1
-2
-2
-2
-3
-2
-5
-6
-8
-9
-10
-10
-10
-11
-12
-13
-14
-14
-13
-12
-11
-12
-10
-9
-9
-6
-4
-2
0
0
0
1
3
5
6
6
6
6
6
5
7
7
8
9
8
7
6
5
4
3
1
0
-1
-2
-2
-4
-5
-6
-7
-7
-8
-9
-9
-9
-8
-8
-9
-10
-8
-7
-6
-4
-4
-5
-4
-3
-2
-1
1
3
3
3
4
6
8
11
11
11
10
9
8
8
10
10
9
7
6
4
3
3
1
1
2
1
0
1
2
4
5
7
7
8
9
9
11
12
11
10
