-1
-2
-2
-1
-2
-2
-1
-1
0
0
-1
0
1
1
1
1
-1
-1
0
-2
-1
-1
-1
0
1
2
1
2
3
2
2
2
1
1
1
1
3
3
2
2
2
2
3
2
3
3
3
3
3
3
3
2
2
3
3
3
2
3
4
3
2
2
4
2
3
3
3
3
2
2
1
0
0
-1
-1
-1
1
0
0
1
0
-1
-1
-1
-3
-4
-4
-4
-4
-4
-5
-4
-3
-5
-4
-4
-4
-4
-5
-6
-6
-6
-6
-5
-4
-5
-5
-5
-6
-3
-5
-4
-3
-2
-1
-2
-1
-1
-1
-2
-1
0
1
1
1
2
1
1
2
2
2
2
2
3
3
2
2
2
3
2
2
2
1
2
0
0
1
2
1
1
0
0
0
0
1
1
0
1
1
1
0
0
1
1
-1
0
-2
-2
-2
-2
-1
-2
0
0
1
2
1
0
1
-1
-2
-2
-1
-1
0
-1
-2
-3
-1
0
1
1
2
2
3
2
2
1
0
2
1
1
2
1
2
2
3
3
3
3
2
3
3
2
3
2
3
2
2
2
2
1
0
0
0
-1
0
0
1
1
3
3
2
4
4
3
3
2
2
1
1
2
1
1
1
0
0
-1
0
-1
-2
-2
-2
-2
-2
-3
-3
-4
-3
-3
-2
-3
-3
-3
-4
-4
-4
-4
-4
-5
-4
-4
-4
-2
-2
-3
-1
-3
-3
-3
-4
-3
-2
-3
-2
-1
-1
-1
-2
-2
-2
-3
-2
-1
0
0
0
2
2
3
2
3
2
1
3
3
2
2
-1
-1
0
0
0
0
0
0
1
0
1
1
2
1
2
2
1
2
1
0
0
0
1
0
0
0
0
2
2
1
1
0
0
1
0
2
2
2
1
0
0
-1
-1
-1
0
-1
-1
-1
-2
0
0
0
1
1
2
1
1
2
1
0
0
1
0
1
2
1
1
1
1
1
1
1
0
0
0
0
-1
0
-2
-1
-2
-2
-1
-1
-2
-1
0
-1
-1
-1
-1
0
-1
0
0
1
1
0
2
2
2
1
1
1
2
1
2
2
3
3
1
0
0
0
0
0
1
0
1
2
1
0
0
0
0
-1
0
-1
-2
-2
-1
-1
-1
0
0
0
0
-1
0
1
2
0
0
0
-2
-2
-3
-2
-2
-2
-1
-1
-1
-1
-3
-3
-3
-3
-2
-3
-2
-2
-4
-3
-2
-3
-2
-1
-1
0
0
-1
-1
0
0
1
0
1
1
1
0
2
1
1
1
2
0
0
0
0
-1
-1
2
2
1
1
1
0
1
0
0
-1
0
1
1
0
1
1
2
3
3
4
4
2
2
2
2
2
2
2
1
1
1
0
0
0
-1
1
0
0
1
0
0
1
1
2
1
2
0
-1
-1
-2
-1
-2
0
0
-1
0
2
3
1
3
1
1
1
1
0
0
0
-1
-1
1
1
0
-2
-1
1
2
2
2
2
3
4
4
4
3
3
2
0
0
-1
-2
-2
-1
0
2
4
4
4
4
2
2
1
1
0
-2
-2
-2
-1
-3
-4
-5
-4
-5
-3
-4
-5
-3
-3
-4
-5
-6
-6
-7
-7
-5
-5
-7
-6
-4
-6
-6
-5
-5
-3
-2
0
0
-2
-1
-2
-5
-4
-3
-3
-1
-3
-1
-1
-1
1
3
5
5
4
6
6
5
3
2
1
0
2
3
4
3
3
5
5
4
5
4
3
3
6
6
6
6
4
4
4
3
1
1
1
0
1
2
3
4
4
4
3
-1
-3
-4
-2
-4
-3
-2
-1
0
2
0
-1
1
1
0
-1
-1
-1
-1
-2
-4
-6
-6
-5
-5
-5
-4
-5
-3
-1
0
0
0
1
2
2
1
2
2
1
1
1
0
2
4
4
4
4
6
7
6
5
4
2
3
0
-1
-1
0
0
0
1
2
0
1
3
4
4
4
3
3
1
-3
-6
-4
-6
-8
-8
-4
-2
-2
-1
-3
-5
-5
-4
-5
-5
-1
-1
-5
-6
-5
-8
-12
-13
-12
-11
-12
-4
1
-2
-4
0
2
-2
-4
-2
-4
-8
-8
-6
-5
-4
-3
0
-1
-2
1
5
5
5
7
9
7
8
9
5
1
1
-2
-3
0
4
5
7
8
7
4
2
-1
-1
-1
-2
1
1
2
4
7
10
7
3
5
4
7
11
7
7
8
10
11
10
10
9
10
12
4
0
-2
-5
0
1
-2
34
53
15
1
-6
-25
-32
-25
-15
-13
-9
1
10
16
5
-5
-12
-35
-33
-6
-3
-11
1
3
-11
-11
-12
-5
11
11
12
14
9
-8
-17
-12
-13
-7
4
0
3
11
15
16
5
-5
6
6
1
0
0
4
9
5
-3
-9
1
1
-8
4
3
2
12
10
8
-8
-13
0
-5
-17
41
92
45
-27
-37
-13
-20
-28
-17
-5
1
-3
4
24
-5
-36
-37
-50
-53
-25
-2
14
12
-16
-20
-16
-24
-2
31
34
0
-6
15
-9
-30
-19
-19
-3
0
-13
-3
-9
-15
-6
-8
-5
-8
-15
-10
-18
-19
-15
-6
2
-5
12
34
25
-1
-21
4
32
14
9
20
2
-7
17
29
25
13
-10
3
89
72
-29
-45
-28
-14
10
7
13
38
25
5
29
34
-13
-16
-1
-12
1
21
17
25
24
1
13
29
8
29
63
31
5
10
-4
-17
-23
-7
22
8
-8
-19
-26
-35
-33
-1
10
-18
-21
-23
-30
-19
-30
-13
7
-7
-13
-7
15
2
-47
-24
22
29
27
-7
64
161
52
-42
-26
-11
-36
-30
86
92
-26
-68
-58
55
106
10
19
-4
-122
-97
-23
-49
-105
-100
-55
-65
-57
-16
5
21
-43
-117
-40
-29
-93
-3
72
47
10
-17
21
52
62
113
125
125
52
-21
46
56
21
74
74
25
-23
-35
21
28
3
-35
-75
-19
-16
-82
-34
-70
-150
-91
-32
6
11
-8
7
-19
-4
-7
-37
6
-24
-29
73
45
-7
22
-10
19
47
39
56
28
-25
-44
-23
13
-21
-24
17
-3
6
10
-23
0
1
-11
57
52
8
-21
-32
4
24
2
20
40
45
14
-11
-5
-24
-39
-26
10
27
6
-19
17
2
-14
23
14
27
46
-7
2
50
10
1
46
46
29
45
44
19
4
-18
-23
40
13
-36
20
30
-18
0
-2
-5
20
-30
-25
35
-21
-52
12
13
-30
-32
17
33
32
11
-13
-2
-30
-74
10
23
-46
-59
-29
18
5
-40
11
54
10
17
21
33
23
-28
-31
35
26
-24
12
24
-62
-48
15
-42
-58
-46
-103
-78
-67
-150
-71
-22
-84
-42
35
-13
-24
18
6
44
76
2
15
112
74
46
83
45
-6
15
14
34
69
19
-12
-17
-58
-78
-66
-31
-21
-52
-61
-16
-26
-63
-40
-24
-19
20
27
27
61
23
8
62
52
34
64
55
47
45
-9
-29
28
21
-6
24
11
-29
-36
-41
-32
-7
-31
-18
28
11
-11
37
48
12
40
61
50
59
24
-9
34
11
-30
16
23
-29
-37
-20
-14
-25
-41
-35
-26
-31
-46
-33
1
-5
-7
43
84
75
62
87
83
41
9
24
44
29
4
-2
26
-21
-76
-38
-5
-37
-48
-35
-49
-63
-74
-62
-19
-14
-49
-43
-11
-4
-19
4
22
2
9
29
8
-13
-35
-19
40
48
31
37
19
-19
-53
-46
-4
4
26
68
65
36
11
0
22
-5
-45
-20
6
1
-4
6
-8
-55
-63
-43
-49
-12
19
8
0
-32
-80
-61
-25
-35
-29
19
45
15
-7
-36
-40
-12
-6
27
68
46
9
14
22
14
18
64
85
52
42
41
27
23
14
16
15
-21
-23
16
20
-12
-27
11
39
-8
-20
28
22
-28
-65
-59
-24
-33
-45
-21
-27
-49
-44
-17
-4
-38
-37
18
16
-8
14
42
27
-6
11
72
70
33
25
42
40
-18
-39
21
29
-33
-43
-4
0
-13
1
15
20
28
33
27
-14
-76
-73
-20
9
30
72
92
23
-53
-25
40
25
-22
-8
37
36
-23
-52
-9
8
-54
-64
8
35
4
-8
4
-7
-40
-71
-76
-39
13
57
81
45
-36
-68
-29
18
32
46
34
-10
-35
-13
35
34
-62
-114
-56
8
-23
-75
3
85
-17
-151
-101
50
138
67
-70
-62
36
59
40
55
107
121
48
-38
-31
54
94
56
5
-20
-7
22
-1
-30
-31
-69
-115
-100
-18
43
23
-42
-81
-70
-38
-42
-53
-1
64
76
24
-10
38
131
142
36
-29
53
115
32
-31
49
138
53
-92
-75
23
9
-65
-33
27
-7
-47
-6
34
-32
-156
-199
-126
-53
-23
39
87
60
25
-5
-68
-87
0
122
136
46
-8
-2
6
-30
-64
4
81
24
-41
25
117
82
-57
-160
-121
-20
17
-6
-18
-3
-25
-83
-73
42
151
102
-61
-77
22
11
-64
24
164
95
-92
-96
58
64
-84
-89
67
117
16
-9
68
65
-47
-122
-66
16
27
5
-8
-29
-45
-81
-108
-91
-30
8
-17
-9
41
31
-7
-15
14
35
-14
-30
13
47
48
46
48
29
-1
14
40
19
-14
-29
-16
6
23
49
63
40
-4
-48
-48
-17
32
101
105
27
0
32
39
15
5
20
4
-14
53
129
70
-76
-135
-87
-66
-71
-5
87
60
-91
-193
-137
-19
12
-44
-69
-21
-2
-40
-32
66
90
-14
-58
34
108
58
-10
20
65
-3
-95
-38
106
117
9
-55
-14
-2
-88
-92
36
64
-37
-42
71
55
-119
-175
-13
115
44
0
133
170
19
-75
-14
60
43
14
38
78
75
30
30
9
-74
-82
-27
-11
10
52
42
-7
-42
-24
-59
-180
-160
50
110
-30
-48
74
19
-163
-145
45
81
-78
-122
62
169
43
-80
-44
26
-15
-101
-60
69
64
-48
-37
13
-21
-16
3
-41
-50
29
71
-2
-79
-41
34
-7
-88
-26
55
-3
-6
105
135
31
-53
-7
62
4
-32
111
168
4
-62
74
123
11
-40
47
87
-45
-131
25
138
27
-60
-19
6
5
4
-11
17
56
4
-55
-29
-1
-13
-14
-22
-30
-12
-2
28
83
66
-17
-75
-94
-50
3
-7
-18
18
15
-49
-88
-75
-31
34
3
-76
-30
29
0
-42
-67
-83
-68
-26
15
9
-9
4
4
-83
-144
-35
95
68
-12
-10
16
20
31
23
16
27
-11
-31
42
108
80
17
-8
-7
25
67
63
56
72
67
14
-33
20
119
98
-2
-6
78
85
23
6
22
41
39
-26
-53
37
86
18
-62
-89
-42
29
19
-25
-10
31
-9
-119
-155
-41
72
19
-84
-63
-16
-24
-15
-29
-67
-27
12
-60
-72
59
106
-36
-176
-116
44
24
-93
-45
73
48
-88
-111
7
76
15
-64
-19
87
80
6
-16
0
28
15
-58
-43
82
135
48
-30
-4
19
-25
-32
18
40
27
39
43
2
-15
8
3
-22
-16
6
31
56
38
-28
-66
-36
19
44
62
63
-8
-93
-72
11
21
-49
-62
49
96
-54
-191
-112
3
-13
-36
16
79
45
-69
-105
-34
13
49
102
94
66
67
40
-42
-79
-46
-20
-17
21
113
157
40
-119
-126
-49
-29
-10
99
191
110
-71
-118
-15
55
47
73
102
76
61
69
31
-22
-10
43
57
27
60
140
82
-93
-141
-47
1
-38
-63
-30
-48
-164
-204
-118
-83
-128
-117
-71
-92
-119
-70
-54
-148
-205
-111
12
18
9
43
16
-69
-82
-13
28
44
139
217
115
-73
-85
85
168
109
84
153
204
179
134
141
172
164
175
224
268
317
341
266
131
52
75
127
127
122
182
202
66
-91
-114
-84
-122
-173
-145
-79
-83
-184
-281
-324
-385
-457
-458
-389
-302
-245
-252
-309
-370
-387
-357
-325
-331
-328
-251
-181
-206
-252
-265
-268
-258
-247
-231
-198
-145
-108
-121
-193
-224
-110
20
12
5
154
378
545
631
694
783
882
964
1075
1220
1269
1168
1036
984
1013
1034
964
824
669
487
283
93
-79
-240
-381
-501
-586
-621
-648
-694
-744
-777
-766
-704
-625
-532
-433
-364
-347
-363
-369
-362
-365
-349
-288
-234
-289
-418
-504
-576
-683
-775
-812
-826
-842
-822
-769
-770
-859
-942
-906
-768
-571
-325
-93
51
130
224
409
747
1187
1519
1542
1306
1115
1216
1494
1705
1779
1768
1663
1489
1379
1369
1225
740
170
-46
131
322
285
106
-119
-423
-738
-837
-648
-416
-365
-418
-388
-270
-231
-321
-415
-400
-273
-101
55
142
114
-18
-215
-419
-570
-676
-780
-865
-861
-807
-857
-1092
-1384
-1492
-1441
-1392
-1377
-1349
-1282
-1222
-1168
-1075
-974
-902
-846
-683
-350
87
509
757
707
646
1018
1817
2294
1977
1368
1266
1714
2091
2179
2228
2194
1795
1192
969
1188
1228
772
192
-54
-118
-301
-495
-540
-596
-873
-1157
-1075
-680
-333
-210
-156
-39
44
48
82
265
559
833
1014
1016
815
541
386
385
352
177
-63
-304
-601
-995
-1386
-1655
-1817
-1952
-2050
-2068
-2054
-2124
-2287
-2421
-2355
-2062
-1669
-1317
-1099
-1017
-984
-844
-535
-145
231
592
945
1176
1230
1440
2029
2630
2556
1854
1369
1589
2065
2189
2115
2165
2082
1513
851
739
950
714
34
-330
-95
88
-234
-684
-871
-1013
-1306
-1346
-767
13
352
218
87
121
112
61
266
856
1495
1788
1653
1229
722
320
167
230
299
231
-31
-465
-1023
-1595
-2028
-2288
-2425
-2452
-2351
-2191
-2179
-2430
-2786
-2936
-2664
-2078
-1417
-900
-631
-636
-829
-916
-653
-126
376
742
1116
1471
1481
1254
1352
2030
2551
2246
1582
1490
1964
2185
1930
1808
1977
1872
1336
1029
1252
1248
521
-314
-418
17
195
-38
-332
-661
-1209
-1631
-1294
-311
473
558
272
106
70
34
117
498
1107
1655
1904
1696
1070
347
-43
-5
192
257
148
-148
-688
-1405
-2020
-2349
-2511
-2636
-2642
-2435
-2209
-2301
-2741
-3145
-3113
-2596
-1917
-1361
-1031
-912
-969
-1041
-817
-222
377
580
570
793
1251
1508
1608
2083
2918
3217
2502
1599
1537
2052
2245
2063
2184
2536
2333
1531
991
1033
856
31
-689
-514
147
351
-83
-713
-1295
-1835
-2036
-1535
-535
272
478
282
40
-107
-156
-4
484
1235
1928
2210
1950
1335
701
336
316
528
691
531
-53
-860
-1583
-2043
-2292
-2446
-2590
-2734
-2835
-2853
-2864
-3019
-3259
-3204
-2655
-1926
-1495
-1364
-1217
-1001
-892
-778
-270
545
1021
852
557
649
963
1186
1713
2866
3890
3498
1820
522
807
2005
2781
2856
2814
2730
2166
1285
860
1018
976
380
-115
105
578
451
-337
-1145
-1574
-1723
-1633
-1130
-353
164
92
-295
-512
-445
-226
183
873
1625
1978
1759
1250
862
765
880
1024
1012
724
200
-426
-1038
-1561
-1886
-1964
-1976
-2185
-2642
-3084
-3299
-3369
-3445
-3410
-3013
-2354
-1913
-1943
-2127
-2014
-1599
-1170
-748
-145
532
835
584
188
131
431
901
1679
2976
4168
4020
2229
318
113
1645
3299
3874
3650
3187
2426
1396
873
1325
1936
1666
753
205
235
158
-303
-699
-863
-1214
-1806
-2003
-1407
-589
-304
-567
-803
-710
-401
-11
485
1008
1350
1412
1296
1156
1135
1295
1444
1271
708
85
-323
-607
-996
-1424
-1699
-1911
-2321
-2881
-3262
-3321
-3318
-3466
-3577
-3338
-2772
-2258
-2041
-2021
-1973
-1780
-1408
-823
-74
580
837
655
343
240
428
804
1338
2172
3243
3865
3211
1456
56
339
1964
3432
3757
3280
2605
1914
1350
1342
1917
2269
1730
680
24
78
369
427
105
-610
-1559
-2201
-1970
-981
-57
149
-280
-782
-905
-596
-23
594
1085
1350
1373
1196
932
821
979
1182
1074
593
12
-468
-890
-1336
-1719
-1941
-2098
-2356
-2669
-2924
-3147
-3466
-3778
-3751
-3191
-2350
-1742
-1638
-1874
-2096
-2047
-1607
-808
125
810
991
709
263
-89
-171
101
783
1828
3065
3813
3241
1331
-457
-444
1383
3374
4115
3763
3076
2299
1501
1288
2033
2932
2801
1650
615
447
757
866
574
-27
-859
-1596
-1685
-1001
-160
91
-355
-994
-1308
-1116
-515
239
810
940
675
318
172
332
674
917
819
354
-257
-754
-1061
-1272
-1473
-1658
-1821
-2033
-2355
-2753
-3101
-3332
-3444
-3386
-3026
-2381
-1795
-1668
-2009
-2388
-2328
-1718
-785
134
761
915
576
3
-417
-375
107
798
1484
2260
3051
3259
2184
381
-477
685
2886
4286
4214
3425
2608
1854
1469
2042
3256
3721
2692
1110
419
801
1321
1295
757
-67
-974
-1519
-1313
-579
-46
-199
-838
-1447
-1656
-1344
-636
73
331
56
-344
-471
-278
-5
160
147
-39
-333
-606
-789
-971
-1249
-1532
-1681
-1728
-1852
-2131
-2427
-2631
-2783
-2910
-2823
-2338
-1667
-1302
-1481
-1901
-2051
-1692
-943
-118
511
748
562
121
-306
-483
-308
107
625
1226
2072
2878
2794
1370
-303
-466
1287
3404
4270
3825
2994
2278
1790
1970
3044
4130
3922
2485
1216
1083
1610
1892
1688
1171
308
-797
-1539
-1381
-639
-181
-491
-1309
-2058
-2338
-2031
-1315
-656
-502
-845
-1233
-1266
-964
-617
-438
-420
-447
-434
-402
-474
-758
-1172
-1460
-1439
-1205
-1037
-1142
-1508
-1977
-2370
-2483
-2157
-1465
-813
-680
-1161
-1826
-2071
-1622
-726
121
548
462
-24
-653
-1105
-1109
-649
-32
445
850
1488
2132
1961
698
-520
-192
1688
3575
4195
3775
3124
2577
2256
2633
3813
4814
4498
3090
1900
1706
2087
2333
2215
1685
601
-823
-1815
-1777
-1045
-540
-871
-1851
-2855
-3331
-3086
-2372
-1704
-1484
-1655
-1853
-1819
-1573
-1229
-866
-509
-201
31
134
32
-318
-709
-790
-415
92
217
-241
-987
-1560
-1741
-1562
-1152
-669
-437
-784
-1660
-2467
-2542
-1771
-719
-72
-97
-597
-1235
-1747
-1921
-1597
-831
-65
313
401
752
1389
1581
862
88
574
2353
4003
4390
3838
3276
3052
3129
3730
4854
5621
5034
3411
2129
2034
2616
2921
2592
1723
400
-1108
-2133
-2150
-1485
-1075
-1559
-2718
-3818
-4277
-4008
-3340
-2692
-2317
-2246
-2354
-2439
-2261
-1694
-911
-271
79
300
531
588
288
-98
-48
525
1064
984
314
-467
-973
-1138
-1000
-649
-340
-472
-1194
-2160
-2756
-2593
-1796
-906
-504
-813
-1549
-2152
-2270
-1939
-1394
-811
-362
-163
-109
337
1318
2089
1765
826
792
2291
4118
4817
4455
4023
3913
3872
4077
4870
5684
5371
3908
2558
2252
2536
2543
2078
1316
167
-1327
-2507
-2714
-2183
-1823
-2248
-3280
-4286
-4735
-4468
-3725
-2961
-2527
-2459
-2532
-2508
-2207
-1540
-655
73
421
540
678
776
617
338
390
874
1261
1042
314
-411
-842
-1022
-993
-768
-565
-787
-1563
-2450
-2805
-2420
-1637
-965
-727
-986
-1564
-2080
-2149
-1745
-1150
-552
-40
258
242
392
1151
2046
2007
1183
1072
2502
4248
4762
4199
3765
3778
3779
3941
4757
5666
5341
3758
2330
2076
2422
2415
1950
1292
295
-1111
-2315
-2617
-2190
-1884
-2209
-3007
-3836
-4396
-4467
-4020
-3315
-2797
-2620
-2617
-2593
-2437
-1998
-1224
-427
-14
49
153
389
458
280
296
751
1145
907
215
-254
-297
-269
-399
-447
-362
-550
-1242
-1928
-1965
-1437
-984
-906
-1017
-1184
-1471
-1822
-1918
-1647
-1133
-559
-43
200
247
533
1173
1509
1200
1051
2029
3570
4278
3859
3432
3645
4011
4197
4611
5277
5225
3992
2596
2262
2792
3020
2424
1443
434
-656
-1658
-2094
-1896
-1656
-1926
-2674
-3499
-4137
-4378
-4090
-3436
-2887
-2754
-2831
-2802
-2613
-2302
-1790
-1153
-678
-498
-326
48
347
206
-140
-137
322
700
579
141
-204
-390
-573
-656
-450
-158
-324
-998
-1555
-1481
-1032
-741
-687
-653
-690
-997
-1395
-1425
-940
-274
241
538
787
1047
1181
1053
933
1285
2189
3046
3322
3204
3187
3340
3406
3468
3777
4124
3937
3215
2582
2488
2647
2523
1969
1178
335
-385
-789
-851
-843
-1097
-1658
-2327
-2878
-3192
-3169
-2873
-2568
-2558
-2817
-3016
-2903
-2496
-2011
-1673
-1593
-1664
-1591
-1213
-689
-333
-306
-522
-791
-857
-556
-79
124
-144
-594
-827
-714
-369
-15
67
-300
-865
-1129
-860
-321
91
206
3
-418
-746
-656
-174
386
785
1089
1307
1285
983
786
1077
1769
2328
2465
2413
2532
2803
2956
2927
2889
2903
2840
2708
2645
2675
2586
2259
1785
1286
758
290
87
160
155
-269
-999
-1639
-1969
-2080
-2102
-2039
-1954
-2075
-2501
-2977
-3110
-2778
-2220
-1808
-1789
-2111
-2446
-2438
-2009
-1403
-923
-719
-850
-1246
-1580
-1448
-858
-287
-128
-279
-427
-453
-400
-273
-67
68
-17
-201
-213
12
275
339
215
100
168
369
559
674
839
1094
1265
1166
960
1014
1415
1799
1863
1779
1889
2202
2449
2510
2488
2439
2283
2128
2198
2477
2638
2450
2038
1621
1216
815
581
631
743
539
-77
-794
-1260
-1437
-1500
-1582
-1681
-1818
-2082
-2493
-2898
-3072
-2902
-2508
-2196
-2210
-2536
-2885
-2939
-2598
-2007
-1416
-1105
-1230
-1641
-1913
-1733
-1178
-582
-191
-40
-88
-238
-326
-187
139
442
552
508
434
425
488
605
762
930
1027
995
900
919
1111
1294
1243
1033
970
1200
1501
1610
1537
1472
1497
1592
1775
2034
2198
2065
1756
1631
1838
2144
2272
2188
1972
1613
1156
857
918
1142
1107
650
20
-466
-735
-884
-998
-1125
-1326
-1648
-2065
-2481
-2778
-2861
-2741
-2591
-2610
-2825
-3091
-3228
-3128
-2786
-2331
-1995
-1941
-2059
-2081
-1863
-1515
-1177
-852
-500
-204
-55
2
117
341
582
764
901
984
963
867
876
1106
1422
1549
1417
1240
1247
1353
1315
1081
906
981
1188
1262
1161
1068
1062
1049
1015
1121
1380
1536
1387
1138
1131
1392
1650
1742
1751
1725
1558
1243
1030
1136
1404
1468
1138
607
161
-70
-149
-196
-321
-619
-1086
-1596
-1974
-2152
-2195
-2229
-2383
-2669
-2980
-3180
-3194
-3050
-2821
-2614
-2536
-2587
-2603
-2411
-2053
-1726
-1539
-1374
-1097
-731
-414
-195
-11
208
438
644
831
1005
1119
1141
1152
1279
1503
1650
1631
1579
1661
1761
1603
1175
865
979
1325
1451
1209
887
751
774
833
926
1052
1075
917
754
802
1014
1165
1199
1260
1385
1390
1198
1021
1092
1339
1471
1340
1047
750
504
338
279
269
118
-287
-833
-1267
-1466
-1507
-1582
-1832
-2240
-2664
-2945
-3010
-2893
-2711
-2617
-2713
-2940
-3063
-2890
-2496
-2152
-1996
-1890
-1682
-1400
-1167
-961
-650
-228
145
347
445
557
732
941
1175
1432
1645
1717
1670
1668
1856
2106
2107
1740
1323
1248
1512
1710
1577
1262
1040
953
912
928
1013
1032
842
586
530
695
843
852
850
929
958
830
714
831
1099
1237
1115
885
722
613
499
408
379
321
85
-348
-801
-1071
-1114
-1095
-1252
-1658
-2171
-2563
-2701
-2602
-2396
-2282
-2425
-2782
-3071
-3020
-2668
-2306
-2140
-2080
-1947
-1726
-1532
-1374
-1131
-752
-356
-85
71
210
380
582
829
1131
1419
1570
1602
1668
1888
2146
2212
2004
1729
1650
1805
1956
1904
1699
1521
1414
1321
1236
1203
1170
1019
779
628
651
709
675
588
549
520
428
369
490
718
786
604
366
290
341
363
308
245
167
-14
-303
-579
-732
-778
-816
-957
-1239
-1607
-1933
-2104
-2089
-1969
-1882
-1966
-2228
-2500
-2562
-2378
-2132
-2000
-1965
-1884
-1717
-1560
-1454
-1318
-1081
-790
-555
-390
-234
-47
145
336
558
814
1043
1194
1323
1517
1772
1952
1942
1800
1729
1830
2000
2056
1964
1841
1771
1712
1614
1512
1428
1311
1120
927
833
820
777
654
516
403
302
227
260
393
473
361
133
-7
26
118
131
51
-61
-189
-346
-504
-603
-631
-669
-807
-1061
-1335
-1520
-1572
-1546
-1528
-1567
-1676
-1846
-2009
-2057
-1958
-1817
-1758
-1780
-1767
-1656
-1506
-1393
-1309
-1204
-1070
-930
-768
-567
-357
-196
-80
47
229
460
707
939
1147
1315
1455
1562
1624
1661
1737
1870
1987
1998
1938
1894
1894
1878
1808
1709
1588
1408
1189
1039
1012
1024
954
779
570
382
251
230
321
403
326
102
-90
-122
-47
-11
-81
-216
-361
-487
-581
-629
-647
-681
-777
-959
-1186
-1359
-1400
-1324
-1238
-1242
-1357
-1528
-1675
-1729
-1656
-1522
-1439
-1470
-1549
-1551
-1438
-1273
-1152
-1101
-1088
-1068
-998
-843
-634
-449
-334
-273
-194
-50
163
396
605
755
896
1086
1309
1452
1477
1488
1600
1775
1900
1946
1983
2015
1976
1870
1795
1778
1697
1490
1276
1211
1253
1226
1052
829
637
477
348
309
357
363
220
-19
-201
-270
-297
-356
-433
-505
-602
-754
-908
-971
-930
-888
-964
-1166
-1364
-1428
-1341
-1202
-1121
-1148
-1265
-1408
-1486
-1431
-1274
-1141
-1134
-1229
-1310
-1273
-1120
-953
-880
-914
-974
-968
-861
-695
-526
-408
-354
-336
-279
-126
99
288
400
504
721
1028
1249
1257
1170
1219
1458
1723
1863
1910
1950
1957
1875
1789
1815
1883
1799
1552
1357
1365
1442
1370
1137
902
724
538
351
291
370
386
164
-203
-447
-486
-456
-498
-598
-708
-863
-1060
-1183
-1118
-957
-923
-1114
-1379
-1496
-1409
-1226
-1071
-991
-1013
-1140
-1314
-1381
-1248
-1018
-894
-962
-1103
-1142
-1041
-897
-816
-818
-864
-904
-885
-760
-572
-433
-415
-454
-417
-274
-99
43
164
299
451
647
905
1146
1212
1117
1086
1305
1652
1882
1927
1926
1940
1906
1826
1820
1906
1910
1724
1505
1455
1519
1469
1229
949
745
581
416
326
333
281
28
-334
-551
-549
-496
-580
-789
-990
-1116
-1165
-1147
-1066
-995
-1048
-1250
-1460
-1504
-1346
-1120
-978
-962
-1028
-1143
-1255
-1268
-1121
-905
-814
-908
-1037
-1037
-918
-807
-781
-799
-831
-863
-844
-701
-490
-378
-434
-513
-445
-254
-86
16
132
289
434
561
775
1073
1257
1188
1057
1168
1544
1881
1970
1907
1878
1882
1848
1833
1928
2022
1896
1579
1354
1385
1475
1352
1026
723
542
398
235
143
119
8
-283
-594
-701
-645
-665
-882
-1117
-1186
-1114
-1061
-1086
-1123
-1148
-1222
-1356
-1406
-1252
-1002
-891
-985
-1117
-1129
-1074
-1052
-1033
-922
-776
-763
-908
-1020
-951
-788
-717
-754
-770
-719
-683
-690
-634
-479
-350
-353
-389
-297
-96
50
102
198
409
628
754
881
1098
1296
1299
1210
1305
1642
1932
1955
1844
1824
1880
1868
1808
1829
1877
1755
1468
1256
1244
1251
1063
744
502
378
248
79
-40
-96
-208
-445
-684
-791
-816
-886
-1011
-1079
-1043
-1007
-1069
-1202
-1280
-1249
-1162
-1100
-1062
-1027
-1010
-1038
-1084
-1070
-970
-862
-840
-888
-918
-891
-855
-852
-846
-791
-710
-679
-709
-728
-689
-628
-594
-543
-426
-288
-230
-247
-210
-61
111
218
323
519
758
903
967
1081
1256
1345
1326
1393
1653
1914
1933
1774
1696
1756
1792
1723
1658
1646
1554
1312
1082
1025
1037
895
585
321
216
149
-8
-190
-281
-336
-476
-686
-819
-838
-849
-937
-1025
-1019
-974
-999
-1101
-1160
-1114
-1035
-1024
-1053
-1040
-996
-985
-1007
-980
-886
-816
-844
-920
-936
-868
-786
-748
-735
-707
-661
-621
-613
-614
-591
-529
-450
-359
-253
-159
-129
-158
-143
3
237
412
469
499
584
710
824
979
1207
1400
1399
1264
1243
1439
1666
1720
1647
1607
1588
1497
1377
1361
1415
1344
1104
884
830
805
635
373
208
135
7
-203
-343
-355
-384
-539
-722
-791
-791
-847
-948
-967
-897
-873
-964
-1079
-1091
-1008
-923
-888
-877
-876
-903
-937
-919
-822
-709
-669
-719
-783
-776
-696
-611
-580
-591
-595
-560
-511
-473
-444
-412
-378
-355
-312
-223
-110
-34
-13
18
119
253
335
357
403
522
663
774
877
1022
1162
1192
1117
1090
1208
1384
1463
1429
1374
1333
1259
1171
1166
1231
1212
1013
757
606
562
522
444
357
232
14
-234
-354
-300
-219
-265
-429
-595
-716
-808
-843
-794
-717
-725
-835
-941
-959
-907
-858
-841
-848
-870
-885
-871
-826
-779
-768
-793
-820
-802
-724
-626
-566
-581
-637
-662
-605
-486
-367
-300
-290
-314
-330
-288
-157
10
114
106
50
52
134
251
354
422
434
389
358
461
718
996
1117
1040
873
770
824
1025
1267
1399
1333
1135
978
1003
1170
1303
1255
1044
798
635
601
667
736
675
429
100
-124
-154
-77
-60
-175
-379
-589
-737
-793
-759
-715
-747
-883
-1043
-1117
-1082
-987
-902
-864
-893
-956
-987
-940
-832
-734
-707
-740
-765
-728
-624
-498
-420
-421
-479
-516
-467
-324
-161
-82
-132
-245
-298
-224
-65
78
126
69
-45
-118
-76
95
299
397
333
187
115
212
453
727
931
986
892
744
719
911
1209
1396
1370
1242
1178
1234
1356
1459
1454
1282
987
749
727
878
966
802
414
6
-244
-301
-238
-184
-278
-557
-899
-1107
-1093
-970
-919
-1012
-1176
-1284
-1275
-1156
-983
-834
-779
-813
-855
-822
-714
-608
-551
-534
-510
-460
-392
-324
-272
-252
-276
-329
-368
-351
-283
-211
-189
-230
-298
-345
-343
-296
-226
-162
-139
-161
-185
-146
-27
107
182
182
165
193
291
451
638
803
916
981
1024
1060
1109
1186
1286
1371
1404
1401
1405
1421
1424
1375
1258
1078
869
697
603
571
509
338
69
-210
-412
-515
-563
-619
-717
-850
-966
-1023
-1017
-987
-983
-1010
-1027
-975
-848
-703
-606
-572
-553
-503
-424
-343
-280
-252
-267
-309
-328
-299
-251
-249
-310
-401
-481
-541
-573
-567
-526
-485
-493
-556
-623
-636
-570
-452
-332
-256
-234
-234
-197
-83
86
240
320
339
371
475
636
785
862
881
908
1005
1160
1302
1354
1282
1141
1053
1113
1292
1440
1406
1179
897
711
671
702
681
535
282
21
-144
-183
-183
-250
-431
-651
-809
-840
-767
-671
-620
-651
-727
-780
-754
-665
-579
-533
-509
-464
-387
-303
-252
-252
-296
-355
-397
-404
-386
-382
-424
-514
-614
-687
-717
-727
-736
-758
-794
-828
-836
-786
-679
-562
-482
-452
-423
-346
-205
-21
156
282
349
393
461
580
720
826
872
878
885
918
966
998
1001
988
994
1029
1076
1098
1060
956
846
808
850
896
850
701
526
397
335
309
278
205
71
-90
-213
-265
-283
-321
-396
-468
-509
-512
-492
-466
-452
-473
-511
-530
-511
-470
-441
-440
-455
-459
-450
-449
-473
-523
-589
-646
-681
-693
-691
-706
-755
-836
-909
-941
-921
-861
-790
-724
-671
-621
-558
-464
-331
-179
-36
81
182
286
400
514
611
691
761
813
853
883
895
879
838
801
794
809
813
778
714
645
593
574
593
627
634
599
538
486
461
453
445
423
382
322
254
195
149
110
71
24
-27
-83
-145
-212
-263
-288
-297
-310
-337
-378
-431
-487
-534
-554
-544
-530
-547
-595
-657
-702
-715
-694
-658
-639
-657
-713
-771
-795
-774
-729
-696
-687
-689
-678
-630
-553
-458
-363
-276
-188
-89
27
149
262
361
452
538
626
701
754
782
798
812
829
847
849
814
744
662
597
555
528
501
465
408
345
292
262
257
266
271
256
224
190
169
162
159
152
138
119
98
75
56
33
8
-20
-54
-83
-109
-135
-167
-203
-246
-292
-331
-361
-389
-425
-464
-494
-510
-519
-534
-553
-565
-568
-569
-560
-540
-515
-501
-499
-494
-479
-454
-427
-396
-353
-305
-256
-212
-167
-109
-32
63
166
258
332
388
438
493
558
627
684
711
710
696
676
649
616
572
517
449
371
285
199
117
46
-17
-68
-115
-160
-202
-237
-263
-276
-266
-238
-204
-174
-158
-146
-124
-89
-38
15
61
89
94
86
82
92
115
136
138
103
38
-29
-73
-85
-80
-83
-110
-166
-232
-281
-294
-280
-258
-245
-245
-251
-246
-224
-191
-158
-133
-118
-102
-74
-43
-12
21
52
86
129
180
233
277
304
326
360
409
465
508
526
514
483
452
432
419
395
345
263
160
58
-28
-100
-172
-256
-349
-448
-534
-598
-636
-657
-674
-695
-714
-716
-689
-635
-567
-502
-447
-399
-343
-271
-181
-86
-1
66
120
170
223
277
321
352
370
383
395
407
408
390
352
307
273
250
238
219
183
135
92
67
66
75
85
90
85
78
79
101
136
172
198
212
228
251
278
305
336
361
377
385
393
403
410
409
392
361
324
284
237
178
105
20
-69
-162
-258
-353
-444
-545
-652
-755
-842
-905
-951
-990
-1024
-1050
-1063
-1056
-1027
-980
-921
-860
-791
-715
-627
-521
-406
-296
-195
-99
-1
99
200
300
392
469
527
574
621
669
711
737
744
734
716
695
670
643
612
581
543
508
470
431
396
372
356
350
350
349
345
338
340
349
363
376
384
391
398
403
402
392
370
338
305
274
244
209
160
89
6
-76
-151
-225
-307
-401
-504
-606
-706
-796
-877
-950
-1022
-1094
-1155
-1200
-1227
-1238
-1240
-1231
-1212
-1176
-1123
-1053
-969
-876
-779
-679
-572
-452
-328
-202
-82
34
144
249
353
454
550
632
702
759
810
852
886
916
932
933
917
892
867
840
808
769
726
683
638
592
555
527
503
482
461
446
438
433
431
429
427
426
421
408
386
361
337
312
278
232
173
107
37
-36
-109
-181
-258
-342
-431
-521
-608
-690
-767
-838
-906
-969
-1031
-1083
-1126
-1152
-1168
-1174
-1171
-1161
-1139
-1097
-1038
-965
-887
-811
-735
-653
-557
-448
-330
-216
-113
-18
72
162
254
347
434
514
583
642
690
733
770
804
834
854
865
863
853
839
820
801
783
763
741
717
687
653
618
589
570
560
547
529
507
481
458
436
413
389
357
318
273
223
167
103
37
-31
-100
-171
-244
-323
-404
-479
-551
-620
-683
-746
-804
-858
-907
-950
-984
-1006
-1023
-1036
-1041
-1034
-1014
-987
-954
-913
-866
-811
-749
-676
-597
-517
-435
-351
-265
-176
-93
-13
64
143
220
289
354
410
466
516
565
612
653
683
706
725
742
757
768
778
785
787
782
769
755
737
721
706
687
662
630
598
568
541
515
488
458
422
380
335
288
238
181
118
53
-13
-81
-153
-225
-296
-367
-439
-509
-574
-631
-679
-722
-762
-802
-840
-868
-889
-896
-894
-888
-880
-868
-849
-823
-785
-741
-691
-640
-588
-534
-471
-401
-330
-258
-189
-124
-59
6
74
136
189
237
283
327
369
410
448
483
509
532
558
586
611
633
654
671
681
687
693
701
707
706
697
683
662
639
614
591
566
534
495
455
412
369
325
281
234
181
120
59
1
-52
-105
-163
-224
-291
-356
-416
-468
-515
-560
-608
-654
-692
-719
-739
-753
-767
-778
-783
-779
-767
-752
-735
-713
-687
-655
-616
-573
-527
-476
-423
-370
-315
-260
-204
-143
-81
-20
41
97
148
200
249
295
338
374
406
437
462
485
503
524
545
563
580
595
606
613
617
621
625
623
616
605
588
572
552
531
505
472
433
390
345
300
252
205
153
96
40
-11
-60
-109
-161
-216
-266
-317
-365
-408
-450
-489
-529
-567
-596
-619
-640
-658
-672
-677
-675
-670
-662
-653
-642
-620
-592
-557
-523
-489
-454
-416
-371
-320
-268
-218
-172
-125
-72
-15
41
96
146
193
241
289
337
383
421
452
479
504
527
547
562
570
577
582
584
583
579
576
571
563
551
538
523
504
483
459
432
401
365
327
290
251
207
159
107
59
11
-37
-83
-130
-180
-232
-279
-320
-359
-398
-436
-470
-502
-532
-558
-579
-595
-609
-618
-621
-620
-612
-605
-592
-578
-558
-531
-500
-467
-431
-396
-360
-320
-277
-227
-177
-132
-90
-50
-4
45
91
133
173
216
256
293
327
362
393
418
440
463
485
500
508
511
509
506
502
494
485
473
457
439
418
398
379
360
338
312
283
252
221
191
158
125
90
52
13
-27
-65
-99
-133
-164
-201
-236
-271
-305
-336
-360
-380
-399
-421
-442
-460
-471
-476
-479
-479
-476
-470
-465
-458
-443
-421
-395
-368
-341
-312
-282
-249
-212
-172
-130
-87
-47
-9
29
69
107
144
178
209
239
266
291
317
339
357
374
389
402
414
423
426
424
418
413
408
400
383
365
343
320
299
278
255
230
202
170
142
114
91
67
41
13
-16
-44
-70
-95
-116
-138
-159
-184
-209
-233
-252
-269
-284
-298
-311
-324
-336
-347
-352
-354
-354
-352
-348
-342
-334
-325
-316
-303
-285
-264
-241
-220
-200
-178
-154
-126
-95
-62
-28
4
33
60
89
120
154
181
206
226
246
261
277
293
303
309
314
320
325
328
326
320
313
306
297
286
273
257
240
220
198
177
154
130
107
82
59
36
15
-7
-28
-49
-71
-92
-112
-129
-145
-160
-177
-192
-209
-224
-238
-249
-255
-265
-274
-282
-291
-298
-302
-299
-294
-289
-287
-283
-276
-265
-253
-234
-215
-198
-182
-165
-145
-121
-97
-70
-44
-17
10
37
64
93
122
148
174
199
221
244
266
285
301
317
329
337
342
347
350
351
349
344
336
327
317
304
291
274
255
233
213
190
164
137
109
83
55
29
2
-23
-50
-75
-101
-123
-143
-162
-182
-200
-216
-234
-249
-266
-277
-285
-295
-301
-307
-313
-318
-321
-321
-319
-314
-308
-302
-294
-285
-276
-263
-247
-230
-211
-193
-172
-153
-130
-105
-78
-53
-29
-3
22
47
75
101
127
152
174
197
221
243
264
280
296
311
322
329
336
343
346
346
343
337
329
318
306
293
279
263
243
223
198
175
153
129
106
82
57
30
4
-21
-45
-72
-96
-119
-140
-157
-175
-192
-212
-226
-237
-247
-256
-265
-274
-280
-285
-288
-289
-288
-286
-283
-278
-273
-265
-256
-246
-235
-220
-205
-189
-176
-163
-146
-126
-105
-87
-68
-49
-26
-5
16
39
62
83
103
124
143
164
182
199
216
231
244
254
266
276
283
290
293
294
295
291
285
278
270
261
250
234
218
202
186
166
147
126
105
83
62
42
22
-1
-26
-48
-65
-84
-102
-119
-135
-151
-167
-179
-192
-200
-209
-218
-226
-232
-236
-239
-240
-241
-239
-236
-232
-227
-221
-214
-205
-195
-183
-172
-162
-152
-141
-127
-113
-98
-84
-72
-58
-42
-28
-10
7
24
40
57
75
94
112
128
143
156
170
183
194
205
214
223
229
234
237
238
239
237
234
228
221
213
204
194
181
166
148
134
118
102
84
64
45
25
7
-9
-22
-38
-55
-73
-88
-102
-116
-126
-136
-145
-156
-163
-173
-179
-186
-190
-192
-192
-191
-192
-193
-193
-189
-183
-177
-169
-162
-154
-148
-139
-129
-118
-108
-96
-84
-72
-61
-51
-39
-26
-11
3
16
28
43
56
71
84
95
106
117
129
140
148
157
165
170
175
179
182
185
186
186
186
182
178
172
165
158
148
138
128
116
104
91
77
62
47
32
16
3
-11
-24
-39
-52
-63
-73
-82
-91
-98
-105
-112
-119
-124
-127
-129
-133
-133
-134
-137
-139
-138
-136
-133
-129
-127
-122
-118
-115
-111
-106
-100
-94
-90
-84
-77
-72
-65
-58
-49
-40
-32
-24
-15
-6
5
17
30
40
48
56
66
76
88
98
107
112
118
123
127
130
131
132
134
134
132
128
125
119
114
110
105
97
88
80
71
62
52
44
34
26
16
6
-2
-12
-19
-26
-33
-38
-44
-50
-53
-57
-61
-64
-66
-68
-69
-72
-74
-78
-78
-78
-79
-81
-84
-85
-85
-84
-83
-82
-81
-79
-80
-79
-76
-71
-66
-61
-58
-54
-50
-45
-39
-32
-23
-17
-11
-4
5
13
23
31
40
50
57
64
71
77
84
89
93
95
99
99
97
97
95
93
89
84
80
75
69
63
57
52
46
41
34
27
19
12
7
2
-4
-9
-14
-18
-21
-24
-27
-31
-32
-33
-33
-33
-34
-34
-35
-36
-36
-37
-36
-39
-42
-44
-46
-49
-51
-56
-59
-61
-62
-63
-64
-63
-63
-63
-62
-60
-57
-53
-48
-44
-38
-33
-28
-23
-15
-7
1
7
15
22
28
35
41
47
54
59
65
66
70
70
71
71
74
73
70
68
63
59
56
53
49
46
40
35
31
25
21
17
14
10
7
3
-1
-5
-9
-12
-14
-15
-19
-20
-21
-21
-22
-23
-22
-21
-20
-20
-22
-22
-24
-25
-27
-30
-32
-35
-40
-44
-47
-51
-53
-55
-57
-59
-60
-61
-59
-58
-55
-53
-50
-47
-40
-33
-28
-24
-19
-11
-4
4
11
18
23
27
32
39
44
50
52
54
57
60
61
63
63
63
62
61
60
60
57
54
50
45
42
39
36
33
29
25
22
19
17
17
16
14
13
9
9
8
8
7
5
4
2
2
2
2
0
-1
-2
-3
-4
-5
-6
-9
-13
-17
-20
-25
-28
-32
-37
-41
-46
-50
-54
-56
-57
-59
-61
-62
-63
-63
-62
-60
-57
-54
-52
-47
-43
-38
-33
-31
-26
-21
-17
-13
-9
-5
-3
1
4
8
10
13
17
16
18
17
18
19
18
18
18
16
15
14
14
13
12
13
14
14
17
17
18
20
22
25
27
28
31
33
34
36
39
41
42
43
42
42
42
42
43
40
38
34
31
27
24
20
17
12
7
3
-4
-8
-11
-15
-18
-22
-26
-29
-32
-33
-35
-35
-36
-35
-33
-33
-32
-30
-29
-28
-25
-22
-18
-16
-14
-13
-13
-12
-10
-7
-6
-6
-7
-8
-7
-9
-10
-9
-11
-12
-13
-14
-15
-14
-16
-15
-15
-14
-13
-12
-8
-7
-4
0
3
8
10
15
18
23
28
31
33
35
37
39
41
44
44
44
42
41
40
40
39
37
35
32
31
29
24
20
18
15
12
7
3
0
-5
-9
-12
-14
-15
-16
-18
-20
-21
-22
-22
-22
-22
-22
-22
-22
-23
-24
-26
-25
-25
-25
-27
-30
-32
-33
-36
-37
-37
-38
-40
-42
-44
-44
-43
-43
-43
-43
-42
-41
-39
-37
-36
-33
-31
-25
-20
-14
-8
-4
0
7
13
17
22
25
30
32
37
40
43
47
48
49
49
50
52
53
54
52
52
52
51
49
47
46
45
43
40
38
37
36
33
31
29
26
23
19
19
15
13
10
7
4
1
-3
-5
-6
-10
-11
-14
-17
-22
-26
-30
-33
-36
-39
-40
-43
-48
-52
-54
-57
-59
-60
-59
-60
-60
-60
-59
-57
-55
-54
-50
-46
-42
-39
-35
-31
-25
-19
-13
-9
-3
2
6
10
15
21
25
31
32
34
37
41
44
48
50
53
52
52
54
55
55
54
55
55
56
54
51
50
49
50
50
50
47
45
41
39
37
36
33
28
24
21
16
11
5
1
-3
-8
-13
-19
-22
-27
-33
-38
-41
-48
-52
-57
-61
-65
-67
-69
-72
-75
-76
-77
-77
-77
-77
-76
-74
-73
-70
-66
-62
-58
-53
-48
-43
-39
-34
-28
-23
-16
-12
-6
-2
3
8
12
17
23
28
33
38
40
43
46
50
54
57
59
62
63
65
67
68
70
71
71
72
71
68
68
67
66
64
59
57
54
50
45
41
37
32
27
21
15
10
4
-2
-6
-12
-18
-24
-29
-33
-38
-42
-48
-50
-53
-58
-61
-62
-64
-66
-66
-66
-65
-64
-64
-63
-63
-62
-60
-57
-53
-49
-46
-42
-39
-35
-29
-25
-23
-18
-16
-12
-7
-3
2
6
11
15
18
23
26
30
34
39
42
45
47
49
52
54
55
57
59
60
59
59
60
59
59
57
58
55
53
51
48
46
42
37
33
28
22
18
13
9
4
-3
-8
-13
-17
-24
-29
-34
-38
-43
-47
-50
-52
-55
-57
-60
-63
-63
-63
-63
-63
-63
-63
-62
-60
-58
-54
-51
-48
-46
-41
-38
-33
-30
-27
-24
-20
-17
-13
-10
-6
-1
4
7
9
11
16
19
23
25
30
33
38
43
45
47
47
50
52
54
56
58
59
60
60
60
59
57
56
54
51
48
47
44
38
34
29
25
21
15
11
6
0
-6
-12
-17
-22
-26
-30
-35
-39
-42
-43
-45
-47
-47
-49
-50
-50
-49
-48
-49
-48
-47
-45
-43
-40
-38
-37
-37
-35
-32
-29
-27
-25
-22
-20
-17
-15
-12
-8
-7
-4
-2
-1
4
8
12
16
20
23
24
26
30
33
38
40
42
45
48
49
50
50
51
52
51
51
51
50
47
44
42
39
36
33
29
24
20
15
12
9
4
0
-5
-10
-14
-18
-21
-24
-27
-30
-32
-34
-35
-36
-36
-38
-39
-40
-41
-41
-40
-39
-39
-39
-40
-38
-38
-38
-37
-36
-35
-35
-32
-29
-29
-27
-25
-22
-21
-17
-14
-13
-11
-8
-4
-1
2
7
8
12
15
18
21
25
29
33
35
38
39
41
44
46
49
49
48
48
48
46
47
46
42
40
38
34
30
28
25
23
20
16
12
8
4
0
-3
-6
-9
-12
-17
-19
-21
-22
-25
-25
-28
-29
-31
-33
-32
-34
-33
-35
-35
-35
-35
-35
-35
-35
-34
-34
-31
-30
-28
-28
-29
-28
-27
-25
-23
-21
-19
-17
-15
-12
-9
-5
-2
3
5
9
12
16
21
23
26
29
33
35
37
38
40
42
43
42
43
42
42
40
40
39
37
36
32
28
25
23
21
19
16
13
9
6
2
0
-3
-5
-9
-11
-14
-15
-16
-18
-19
-19
-21
-23
-24
-26
-26
-28
-29
-28
-29
-30
-30
-31
-31
-31
-30
-30
-29
-29
-29
-29
-30
-28
-26
-25
-23
-21
-20
-18
-16
-12
-10
-6
-2
2
5
9
11
15
20
23
26
28
30
32
35
37
37
37
38
38
36
37
36
34
34
32
31
29
27
25
22
21
19
17
14
11
9
6
3
0
-3
-4
-6
-8
-10
-13
-13
-15
-16
-18
-19
-21
-22
-22
-22
-24
-23
-23
-25
-26
-26
-26
-26
-27
-27
-28
-28
-29
-27
-27
-26
-25
-23
-21
-20
-17
-16
-13
-10
-10
-6
-5
-4
1
3
6
8
11
14
16
18
21
23
25
27
29
31
31
31
31
32
32
32
31
30
29
28
27
25
23
21
19
17
13
12
10
7
7
4
1
0
-1
-4
-5
-8
-8
-9
-10
-10
-12
-14
-15
-16
-17
-19
-19
-19
-20
-22
-21
-22
-23
-22
-23
-22
-23
-22
-22
-22
-21
-21
-20
-18
-18
-17
-16
-14
-14
-11
-10
-7
-4
-3
0
2
4
7
8
11
14
16
17
19
22
24
26
29
28
28
29
29
28
27
26
25
24
21
19
18
16
15
12
11
10
9
5
2
1
0
-1
-2
-4
-4
-6
-8
-8
-10
-8
-9
-11
-10
-11
-11
-11
-10
-11
-12
-12
-13
-14
-14
-15
-14
-15
-15
-16
-16
-16
-17
-17
-18
-19
-18
-18
-16
-16
-15
-12
-12
-9
-8
-5
-3
-1
1
3
5
7
9
10
14
15
17
18
19
21
23
23
24
24
24
24
24
24
22
19
18
18
16
14
11
9
8
5
1
0
-4
-7
-7
-10
-12
-13
-16
-17
-18
-18
-17
-18
-18
-18
-18
-20
-19
-20
-18
-18
-17
-16
-16
-16
-17
-16
-14
-14
-13
-14
-13
-12
-11
-10
-10
-8
-6
-6
-4
-2
0
3
3
5
8
10
12
13
15
17
19
21
26
27
27
29
30
32
32
32
33
33
32
33
31
30
29
28
25
23
21
18
15
14
11
7
5
2
-1
-3
-6
-8
-11
-13
-16
-18
-18
-19
-19
-20
-22
-23
-23
-24
-25
-25
-26
-25
-26
-25
-25
-24
-24
-24
-24
-24
-22
-22
-22
-21
-20
-19
-17
-17
-14
-14
-13
-13
-10
-8
-6
-4
-1
1
3
5
7
10
12
13
16
17
18
20
23
25
27
29
29
31
29
30
30
29
29
30
28
26
26
23
20
19
16
14
11
8
6
4
2
-1
-5
-7
-9
-12
-14
-16
-18
-18
-21
-21
-21
-22
-23
-24
-24
-24
-24
-26
-25
-24
-24
-23
-23
-23
-24
-24
-23
-22
-20
-19
-18
-17
-16
-14
-13
-12
-9
-9
-6
-5
-3
-2
1
3
7
8
10
12
15
17
18
21
22
24
25
28
30
31
31
31
32
32
33
33
34
33
32
31
29
28
26
24
23
22
20
18
17
14
13
11
9
6
2
0
-2
-4
-7
-9
-11
-14
-15
-17
-20
-21
-22
-23
-24
-24
-26
-26
-27
-27
-28
-28
-27
-26
-25
-25
-24
-22
-22
-22
-20
-18
-16
-15
-14
-14
-13
-11
-9
-7
-5
-3
-3
0
1
2
4
6
7
9
10
12
13
15
15
15
16
17
18
18
18
18
20
20
20
20
21
20
18
18
17
16
15
14
13
10
9
7
4
3
1
-3
-3
-5
-7
-9
-11
-13
-13
-15
-15
-15
-17
-17
-18
-19
-19
-19
-18
-18
-18
-17
-18
-19
-19
-18
-19
-18
-18
-16
-16
-15
-14
-15
-12
-11
-9
-7
-5
-4
-3
-1
0
2
3
4
6
7
8
9
11
13
13
14
16
17
18
20
19
20
21
23
24
24
25
24
24
23
24
22
22
22
21
20
19
19
18
17
16
14
11
9
7
5
5
5
3
1
-1
-3
-5
-6
-8
-8
-11
-11
-12
-14
-14
-15
-15
-17
-16
-15
-16
-17
-17
-17
-16
-15
-16
-16
-16
-15
