-1
-1
-2
-2
-3
-3
-5
-3
-2
-1
-1
0
-2
-2
-2
-2
-2
-3
-3
-5
-5
-4
-3
-3
-2
-3
-3
-1
-1
-2
-2
-2
-2
-2
0
1
1
1
2
3
2
2
2
3
2
1
2
1
1
1
3
2
3
2
2
2
3
3
2
2
1
1
1
1
0
0
1
0
0
0
-1
-2
-1
-2
-1
-2
-1
0
1
1
1
0
0
-1
0
0
1
0
-1
0
0
-2
-1
-2
-1
-2
-4
-3
-3
-3
-2
-1
-1
-1
-1
-1
-1
1
-1
-2
-1
-2
-1
-1
0
0
-1
-1
-1
-1
-2
-1
-1
0
-1
-1
1
1
1
2
2
2
3
4
4
5
5
6
7
7
5
6
6
6
5
5
4
3
1
0
0
-1
-1
-1
-2
-1
-1
-2
-2
-1
0
-1
-2
-2
-1
-2
-2
-3
-1
-1
-2
-2
-2
-1
-1
-1
0
-2
-3
-2
-2
-2
-2
-3
-4
-3
-2
-2
-2
-3
-3
-2
-2
-2
-1
0
2
2
1
1
1
2
2
2
2
4
2
1
2
2
3
2
2
2
2
2
1
1
0
1
0
-1
-3
-2
-3
-3
-3
-3
-3
-4
-3
-4
-3
-4
-3
-1
-2
-1
0
-1
-1
-1
-2
-1
-3
-2
-2
-2
-3
-3
-2
-2
-1
-1
0
-1
-1
0
-1
0
1
0
-1
0
0
0
-1
-1
0
0
1
1
1
2
2
2
2
2
3
3
2
2
2
2
3
2
3
1
3
3
3
3
3
3
3
3
3
4
2
2
1
1
1
1
0
1
-1
0
0
1
-1
1
3
3
2
3
2
1
2
1
1
0
1
0
0
-1
1
1
2
1
1
1
0
1
0
-2
-1
-2
-2
-3
-2
-4
-3
-3
-4
-4
-2
-3
-3
-3
-3
-2
-2
-3
-3
-2
-3
-2
-3
-2
-3
-3
-1
-2
-2
-3
-3
-1
0
-1
0
0
0
1
0
2
1
0
1
1
1
1
1
1
0
2
2
1
3
1
1
1
1
0
0
0
0
1
0
0
-1
-1
-1
-1
0
-1
0
-2
-1
0
0
-2
-2
-3
-1
-3
-3
-3
-2
-3
-2
-2
-1
-1
0
0
1
2
1
2
2
3
3
2
3
2
3
3
3
2
4
1
2
2
1
1
1
2
2
2
3
3
2
0
0
0
2
0
1
0
-1
-2
-1
-1
-1
0
-1
0
1
0
1
1
2
1
2
0
0
1
0
0
-1
-1
-2
-3
-1
-2
-2
-1
-1
-1
-2
-2
-1
0
0
1
1
1
1
1
1
1
0
-2
-1
-1
-1
-1
-1
-1
-1
-1
1
1
1
2
0
1
1
1
0
0
-1
-1
-1
-1
-1
0
0
0
1
1
1
1
0
1
0
2
2
1
0
-1
-2
-1
-2
-2
-2
0
-1
-1
0
1
1
1
1
0
-1
0
0
0
0
0
0
-2
-3
-3
-4
-3
-4
-4
-3
-2
-2
-1
-2
-1
0
-1
0
-1
0
0
0
0
-1
-1
-1
-1
-1
1
0
1
2
2
2
3
4
4
3
3
3
3
2
2
1
2
3
3
2
3
3
3
2
2
2
2
2
2
1
1
-1
0
-2
-1
-2
-3
-2
-1
-2
-1
-2
-1
-1
-2
-3
-1
-1
-1
-1
-1
-1
-2
-1
-1
-2
0
0
0
0
0
-1
-1
0
-2
-1
-1
-1
-1
0
0
1
1
1
0
-1
1
1
1
2
2
1
1
1
1
2
2
2
2
2
2
2
0
-1
0
0
0
0
0
1
0
-1
-1
-1
-2
-3
-3
-2
-3
-4
-4
-6
-5
-4
-5
-4
-4
-2
-1
-2
-2
-1
-1
-1
-2
0
2
1
1
1
1
1
0
-1
0
0
0
0
-1
-1
-2
-3
-3
-1
-2
-1
0
1
2
2
2
2
2
2
1
2
2
2
2
2
3
3
2
3
2
2
2
3
2
1
1
1
1
1
2
2
2
2
1
1
1
1
0
-1
-2
-2
-1
0
-2
-2
0
0
-1
0
0
0
0
-1
0
-1
-3
-3
-2
-2
-1
0
-2
-1
-1
-2
-2
-1
-1
0
0
0
0
0
-1
0
2
1
1
0
1
2
0
0
0
2
1
2
1
1
1
0
-1
-1
-1
-1
-2
-2
0
1
0
0
-1
-2
-1
0
0
-1
1
3
2
2
1
0
0
-1
0
-1
-1
-1
-1
-2
-3
-2
-3
-3
-3
-2
-1
-1
0
-1
-1
-1
-1
0
-1
1
0
2
2
2
1
3
1
0
1
-1
1
0
1
1
1
1
1
1
1
2
2
1
1
2
2
2
2
2
3
2
3
3
3
2
1
0
0
0
-1
-2
-2
0
0
1
0
0
0
0
1
-1
-1
-1
-1
0
0
-1
-1
-3
-3
-3
-2
-2
-1
-2
-1
-1
-1
-1
-1
-3
-3
-3
-2
-2
0
0
-1
-1
-2
-2
-2
-2
-3
-4
-3
-2
-1
0
-2
-2
-3
-2
-3
-2
-1
-1
0
0
0
1
1
1
1
2
3
3
5
5
5
4
3
3
4
4
3
3
4
4
3
4
4
3
3
3
3
3
3
4
3
2
1
2
1
0
1
0
0
-1
-1
-2
-1
-2
-3
-4
-3
-3
-4
-4
-5
-3
-3
-4
-4
-2
-2
-2
-3
-2
-2
-1
1
-1
0
-1
-1
-1
-2
-3
-3
-4
-3
-3
-2
-2
-3
-2
-3
-4
-3
-2
0
0
1
2
2
1
1
2
4
3
4
4
3
4
3
3
5
3
4
3
4
5
4
3
2
2
1
0
1
1
1
1
0
0
0
1
1
0
1
2
1
1
1
0
-1
0
0
1
0
1
0
1
1
0
1
2
1
0
0
0
0
0
0
0
1
0
1
0
-2
-2
-2
-2
-3
-3
-3
-4
-2
-3
-3
-4
-4
-4
-5
-5
-5
-5
-5
-5
-4
-4
-4
-4
-3
-4
-2
-2
-2
-1
-1
0
0
0
0
1
3
3
3
3
2
2
2
2
4
4
4
5
4
4
5
5
4
4
4
3
4
4
4
3
2
2
1
1
0
0
1
2
2
2
2
0
0
0
0
0
1
1
0
1
0
0
-1
-1
0
0
0
0
-1
-1
-2
-2
-3
-3
-5
-4
-4
-3
-2
-1
1
-1
-2
-2
0
0
1
1
3
3
1
3
2
2
2
3
3
3
3
2
2
1
0
0
-1
0
0
0
-1
0
0
-1
-1
-1
-1
-1
0
0
1
1
-1
-1
-2
-2
-2
-1
-1
-1
-1
0
-2
-1
0
0
1
2
2
3
2
2
2
1
0
0
0
0
0
1
1
0
-1
-2
-3
-1
-2
-1
-1
0
0
-1
-1
-2
-3
-2
-1
0
0
1
2
1
2
2
0
0
1
-1
-1
-2
-2
-4
-4
-4
-3
-4
-3
-2
-2
-2
-2
-1
-1
-1
-1
0
0
0
1
1
0
1
0
-1
-1
0
1
2
3
2
3
2
1
1
0
2
2
2
2
4
4
3
4
3
3
2
2
3
3
2
3
1
2
1
3
3
3
2
3
3
2
2
1
-1
-1
-2
-1
-2
-2
-2
-1
-2
-1
-3
-5
-5
-6
-5
-6
-5
-4
-3
-2
0
-1
0
0
-1
-1
-1
1
1
1
1
1
1
1
0
-2
-2
-1
0
1
0
0
-1
-1
-1
-2
-2
-2
-1
0
2
1
2
1
0
0
1
1
2
2
3
5
5
4
4
4
4
3
3
2
2
4
2
2
2
1
2
3
1
1
0
-2
-2
-3
-4
-4
-4
-4
-3
-3
-1
0
-2
-3
-3
-3
-3
-4
-4
-3
-3
-2
-4
-4
-5
-6
-7
-8
-7
-7
-8
-5
-6
-6
-7
-5
-4
-3
-1
1
3
4
3
3
1
-1
-1
0
1
2
2
2
3
2
2
2
2
4
6
8
9
11
11
8
7
6
6
7
8
9
8
7
5
2
0
-1
-2
0
3
4
5
3
2
0
-2
-4
-6
-4
-1
0
1
2
0
-3
-4
-5
-5
-3
-3
-1
-1
0
-1
-4
-6
-7
-8
-6
-4
-1
0
-2
-4
-4
-7
-8
-9
-9
-7
-4
-1
0
0
-3
-3
-5
-4
-3
-1
0
1
2
3
2
3
3
5
7
9
13
13
11
9
5
2
0
0
1
1
3
5
5
4
2
-1
-3
-3
-1
1
3
3
1
1
1
0
0
-1
0
2
3
4
5
3
-1
-4
-4
-5
-3
0
2
2
2
2
0
-3
-3
-4
-4
-2
2
2
-1
-4
-8
-11
-11
-11
-9
-9
-7
-7
-8
-10
-11
-12
-12
-10
-7
-4
-3
-4
-5
-5
-6
-6
-4
-3
1
3
8
7
6
4
2
1
2
5
7
11
11
11
11
10
9
10
12
14
17
17
15
12
7
5
5
5
6
8
9
9
8
6
5
2
1
2
4
6
8
6
5
2
-1
-5
-5
-6
-5
-6
-7
-7
-10
-12
-15
-15
-15
-15
-15
-12
-13
-13
-14
-17
-17
-16
-14
-10
-8
-3
-2
-2
-4
-4
-5
-5
-4
-1
3
7
9
10
8
6
4
4
4
5
7
8
9
7
9
8
8
9
9
11
13
14
15
14
12
10
7
6
5
5
6
7
7
4
4
2
2
2
2
1
1
0
-2
-3
-3
-4
-4
-3
-2
0
0
-2
-3
-4
-7
-4
-5
-1
1
1
1
0
-2
-5
-8
-8
-8
-5
-3
-2
-3
-6
-9
-13
-13
-13
-11
-8
-5
-3
-2
-4
-6
-9
-10
-8
-4
0
3
2
1
-2
-4
-6
-8
-8
-8
-7
-3
-2
-2
-3
-4
-7
-7
-6
-6
-4
-4
-5
-4
-6
-5
-5
-4
-2
-1
2
4
5
5
5
5
5
5
3
4
6
7
10
13
13
11
10
10
11
12
13
13
14
17
17
16
16
13
11
10
12
14
14
17
14
14
16
13
11
13
12
10
12
16
14
8
5
3
1
0
4
6
7
7
2
1
-1
-3
-8
-6
-4
-8
-7
-5
-6
-12
-17
-20
-26
-24
-19
-22
-22
-24
-28
-32
-30
-28
-27
-25
-18
-17
-16
-11
-15
-19
-15
-9
-5
4
12
9
4
3
-3
-7
-6
-3
-2
4
12
10
5
4
-1
-5
-1
7
11
15
19
13
9
5
-3
-6
-3
3
6
11
13
7
-2
-6
-10
-14
-12
-6
-4
1
9
12
11
14
15
15
18
21
26
32
36
32
29
35
35
27
24
23
15
7
4
7
5
5
1
-7
-13
-18
-24
-25
-21
-19
-23
-22
-21
-28
-34
-33
-32
-33
-30
-25
-25
-24
-22
-28
-34
-37
-38
-36
-32
-28
-33
-37
-44
-54
-62
-65
-68
-76
-73
-69
-72
-77
-77
-74
-75
-72
-58
-48
-42
-36
-33
-26
-13
3
24
54
89
116
140
170
190
207
228
250
271
293
306
310
307
308
308
308
307
297
271
236
197
161
128
89
44
3
-22
-48
-80
-113
-149
-191
-232
-262
-273
-283
-300
-321
-333
-334
-334
-328
-312
-301
-295
-284
-271
-263
-260
-258
-250
-236
-213
-201
-190
-174
-173
-183
-177
-151
-139
-138
-120
-103
-94
-88
-79
-58
-15
48
130
244
346
359
317
326
369
386
412
498
581
618
644
670
671
612
474
343
320
368
372
347
351
284
119
-2
-35
-65
-129
-166
-162
-139
-108
-150
-241
-290
-340
-410
-389
-258
-181
-211
-213
-199
-244
-292
-328
-357
-346
-294
-247
-204
-144
-169
-294
-352
-331
-344
-353
-304
-270
-289
-280
-253
-279
-318
-340
-361
-321
-221
-159
-147
-126
-111
-139
-138
-74
-37
-16
63
163
295
475
562
500
428
465
499
508
629
748
753
747
811
879
835
740
612
477
470
500
521
567
532
355
147
90
74
-49
-89
-51
-63
-72
-44
-69
-214
-356
-438
-502
-429
-301
-286
-307
-306
-349
-448
-478
-463
-535
-563
-463
-375
-340
-330
-383
-506
-569
-545
-517
-447
-350
-353
-405
-373
-334
-400
-458
-417
-370
-340
-237
-136
-148
-203
-228
-231
-193
-129
-99
-67
25
107
140
288
469
433
335
429
595
620
656
819
867
833
915
1036
1103
1076
986
880
855
881
781
738
802
665
423
361
384
228
27
10
-32
-128
-146
-212
-326
-411
-502
-617
-620
-503
-531
-621
-555
-509
-579
-614
-572
-574
-607
-551
-469
-404
-348
-393
-472
-454
-414
-431
-415
-297
-251
-327
-328
-260
-285
-385
-414
-365
-328
-290
-238
-213
-218
-267
-319
-287
-206
-184
-202
-134
-30
-16
-20
32
58
42
92
229
403
608
723
667
628
693
700
662
784
972
1009
1040
1161
1213
1133
975
802
699
715
722
680
729
703
431
180
118
29
-176
-255
-199
-216
-258
-301
-422
-567
-707
-835
-850
-700
-580
-612
-584
-502
-562
-663
-660
-611
-602
-543
-386
-252
-171
-181
-281
-310
-273
-263
-244
-137
-37
-78
-117
-80
-114
-237
-327
-308
-249
-219
-174
-156
-187
-251
-344
-364
-312
-282
-291
-247
-118
-58
-84
-56
-10
-45
-80
13
146
212
299
393
485
648
719
644
639
728
733
706
852
1023
994
953
1025
1057
984
870
744
625
591
563
486
527
511
227
-6
-27
-108
-306
-379
-337
-394
-448
-450
-506
-595
-708
-826
-839
-705
-596
-622
-569
-458
-512
-564
-460
-368
-398
-395
-260
-147
-96
-75
-122
-160
-167
-190
-165
-52
27
-56
-122
-67
-110
-247
-290
-264
-278
-296
-244
-195
-218
-298
-389
-399
-329
-310
-315
-219
-125
-145
-143
-44
3
-66
-50
111
222
291
335
311
331
342
329
494
716
718
601
678
794
652
562
643
648
649
737
885
949
834
618
376
346
400
292
323
443
339
114
24
21
-183
-389
-377
-340
-260
-176
-194
-264
-369
-505
-639
-574
-395
-406
-408
-244
-160
-222
-273
-264
-318
-371
-283
-141
-22
21
-49
-129
-153
-171
-230
-235
-145
-142
-213
-164
-111
-223
-396
-453
-435
-478
-467
-381
-362
-374
-401
-450
-427
-396
-449
-442
-289
-171
-175
-114
-44
-99
-77
-6
64
177
198
215
271
263
279
347
383
457
606
666
614
647
662
541
514
604
665
723
782
836
849
756
621
486
423
440
422
411
495
459
231
90
42
-100
-229
-184
-122
-116
-76
-104
-225
-317
-401
-476
-430
-285
-208
-195
-81
-12
-123
-187
-198
-253
-249
-161
-54
3
0
-88
-223
-290
-365
-442
-434
-409
-388
-435
-477
-484
-613
-781
-832
-808
-777
-732
-651
-604
-598
-597
-641
-593
-514
-524
-413
-240
-158
-38
24
65
93
134
219
297
442
489
465
524
510
462
467
541
568
567
732
817
718
611
596
567
450
511
665
669
699
749
761
719
635
504
377
474
510
428
584
620
408
262
271
265
104
114
182
126
149
109
29
-39
-172
-281
-345
-254
-207
-322
-303
-285
-429
-563
-605
-600
-703
-775
-695
-661
-667
-709
-771
-806
-854
-860
-869
-806
-699
-786
-803
-680
-664
-706
-714
-581
-511
-535
-374
-256
-246
-189
-166
-70
11
126
130
139
382
326
271
488
510
403
402
449
525
419
453
515
459
423
369
455
469
361
437
463
492
481
356
515
523
403
519
593
597
587
619
735
735
706
609
598
701
537
542
691
588
461
354
344
258
88
42
-42
-96
-161
-293
-334
-400
-537
-688
-706
-633
-750
-792
-728
-763
-837
-871
-836
-841
-876
-830
-776
-663
-593
-593
-516
-493
-491
-468
-412
-269
-243
-283
-208
-139
-179
-191
-118
-79
-144
-123
-23
26
51
-63
-54
41
25
5
71
125
195
74
191
355
204
178
284
303
311
335
404
387
352
349
289
422
402
261
379
540
510
387
380
495
292
203
460
475
426
477
530
590
565
498
382
424
452
282
389
570
423
214
153
211
59
-120
-42
-69
-148
-220
-235
-245
-392
-535
-641
-585
-474
-534
-465
-383
-439
-557
-632
-489
-538
-634
-475
-364
-310
-271
-235
-234
-297
-370
-404
-240
-157
-257
-180
-201
-226
-236
-438
-345
-230
-396
-351
-16
-99
-356
-112
-156
-380
-116
-82
-176
130
96
-13
199
302
101
65
238
214
298
337
367
463
286
232
360
261
311
271
199
465
569
379
323
462
280
50
287
418
324
397
417
548
556
443
391
263
327
254
231
487
520
318
169
234
196
-20
31
96
20
16
21
98
-16
-201
-263
-296
-239
-191
-140
-115
-94
-187
-348
-293
-293
-485
-451
-328
-291
-284
-300
-294
-388
-551
-592
-478
-480
-520
-420
-455
-484
-428
-528
-594
-583
-526
-545
-382
-309
-342
-283
-264
-255
-252
-82
-78
-91
114
147
136
312
205
112
251
216
208
413
324
324
410
213
232
272
99
12
152
27
133
406
263
189
256
102
98
271
268
358
528
515
639
794
687
671
603
536
679
680
747
880
782
584
499
538
334
281
264
133
222
159
40
16
-196
-351
-444
-456
-353
-360
-419
-416
-421
-547
-580
-563
-623
-627
-533
-505
-372
-335
-475
-452
-456
-616
-594
-431
-538
-510
-454
-523
-534
-532
-576
-698
-546
-598
-626
-446
-465
-275
-434
-441
-122
-399
-231
-173
-59
60
-38
182
174
212
235
131
345
385
309
362
439
533
237
303
451
233
276
358
291
599
580
423
473
503
409
351
573
641
669
745
725
943
920
698
800
695
631
670
653
746
731
541
323
318
282
-20
46
80
-51
-47
-131
-132
-242
-455
-483
-520
-485
-473
-452
-383
-431
-506
-568
-535
-550
-637
-529
-438
-410
-380
-442
-395
-496
-724
-682
-597
-677
-672
-579
-638
-566
-597
-996
-542
-547
-1056
-603
-265
-676
-395
-110
-644
-32
-124
-593
151
256
-213
285
509
143
401
404
54
607
508
90
701
624
308
492
430
228
461
221
162
505
431
374
548
420
286
416
225
423
715
563
703
865
748
793
840
700
714
692
647
732
793
732
700
495
319
365
165
150
220
31
-51
-48
-171
-277
-372
-484
-542
-555
-575
-456
-422
-594
-602
-644
-687
-703
-623
-541
-616
-477
-465
-530
-376
-549
-635
-640
-689
-511
-658
-427
-485
-695
-456
-702
-573
-542
-666
-485
-607
-294
-330
-417
-135
-387
-350
-224
-144
91
-189
142
312
-40
225
396
86
160
346
274
288
568
403
286
472
218
209
419
342
258
478
546
550
618
465
466
508
406
645
825
765
844
851
822
890
831
751
659
738
651
680
807
703
570
352
280
299
135
159
177
4
-29
-116
-166
-239
-397
-474
-494
-431
-424
-357
-387
-587
-543
-606
-781
-469
-556
-719
-479
-554
-584
-516
-649
-797
-773
-788
-744
-758
-607
-650
-783
-809
-691
-833
-596
-859
-539
-492
-653
-342
-344
-399
-322
-179
-407
10
173
-50
14
397
73
151
330
164
362
435
149
540
551
325
361
405
448
318
393
364
543
442
352
690
626
520
565
598
605
747
783
774
913
832
830
886
993
870
842
756
762
758
734
709
661
535
290
302
199
154
69
-54
-19
-175
-300
-273
-431
-518
-595
-648
-544
-566
-586
-670
-735
-736
-822
-768
-698
-709
-684
-666
-675
-468
-697
-780
-720
-825
-738
-837
-587
-603
-835
-696
-713
-838
-604
-783
-694
-492
-624
-478
-445
-208
-511
-304
-127
-176
-9
165
87
268
332
251
377
432
443
563
355
664
799
355
757
625
580
564
516
610
521
495
540
556
707
638
453
646
588
520
650
676
855
646
745
842
792
845
698
663
705
631
554
698
614
456
309
195
172
113
-51
-5
-62
-216
-278
-296
-411
-557
-612
-696
-613
-618
-584
-612
-609
-713
-754
-686
-646
-612
-654
-453
-608
-563
-404
-648
-635
-723
-630
-747
-715
-256
-845
-742
-365
-1064
-844
-478
-1030
-743
-397
-801
-433
-322
-497
-239
-422
-170
-56
-46
-31
367
243
-49
647
413
55
737
525
353
892
576
645
722
474
588
618
365
637
529
384
707
553
536
736
537
349
640
590
556
786
779
707
790
763
824
920
658
753
769
588
711
741
485
465
351
47
173
159
-88
-21
-101
-324
-264
-435
-531
-529
-715
-720
-595
-621
-681
-542
-717
-802
-660
-726
-737
-616
-567
-687
-479
-675
-541
-556
-885
-660
-759
-665
-899
-601
-703
-845
-707
-1182
-352
-985
-1007
-331
-591
-640
-418
-20
-427
-236
22
-55
14
415
193
377
756
279
649
640
473
886
331
897
766
507
835
510
654
368
517
426
378
505
385
321
565
541
274
480
401
453
478
614
813
652
793
783
807
877
825
737
712
680
667
609
620
588
347
168
140
141
-75
-129
-132
-263
-473
-419
-473
-641
-729
-791
-825
-664
-680
-742
-550
-656
-891
-639
-682
-701
-572
-626
-562
-410
-640
-454
-497
-881
-517
-757
-912
-452
-561
-996
-511
-646
-1074
-432
-718
-791
-364
-433
-373
-292
47
-260
-298
240
87
45
430
641
209
578
706
465
415
746
584
282
995
491
425
858
258
419
418
282
440
255
399
345
368
409
434
360
381
508
540
537
795
849
574
905
809
744
863
703
717
680
628
577
654
474
357
224
52
52
-51
-119
-198
-227
-421
-448
-466
-567
-637
-690
-692
-634
-564
-587
-468
-559
-695
-458
-590
-597
-408
-433
-427
-380
-427
-438
-485
-700
-668
-594
-687
-740
-540
-592
-818
-666
-604
-950
-531
-669
-578
-298
-401
-264
-182
-116
-80
-335
312
111
-54
505
420
176
487
366
404
237
412
539
235
634
416
326
426
277
157
282
161
326
208
396
457
340
458
488
295
503
626
642
785
837
929
841
822
956
814
747
843
779
714
808
684
464
485
258
114
185
93
-10
-51
-121
-205
-364
-391
-470
-509
-524
-515
-369
-446
-475
-311
-568
-618
-353
-594
-496
-298
-449
-485
-354
-537
-801
-432
-665
-1039
-584
-571
-1036
-771
-689
-936
-1062
-859
-918
-856
-952
-602
-513
-884
-153
-621
-697
90
-422
-585
318
171
-447
415
461
-102
265
557
71
450
481
350
519
360
601
386
185
729
454
159
711
757
492
612
877
409
682
881
601
958
1236
846
1001
1267
1087
1071
954
1047
1120
843
948
1094
843
586
626
399
369
384
103
149
163
-138
-273
-166
-443
-645
-580
-589
-519
-504
-567
-457
-675
-821
-642
-611
-872
-524
-517
-918
-402
-751
-812
-780
-929
-839
-1032
-819
-855
-1204
-913
-1140
-1286
-1031
-1216
-929
-1164
-822
-727
-800
-905
-430
-549
-816
-181
-86
-162
-243
324
87
107
301
385
428
540
543
433
763
609
368
704
629
715
646
680
848
536
816
762
763
836
720
857
784
973
1042
990
976
1159
1053
1170
1222
1030
1215
865
979
965
1010
865
707
670
428
417
282
213
135
-24
-165
-173
-304
-458
-604
-702
-731
-766
-689
-702
-683
-924
-873
-872
-986
-863
-806
-895
-802
-745
-890
-789
-818
-941
-936
-926
-951
-752
-1097
-1006
-761
-1373
-1147
-762
-1157
-1021
-613
-840
-921
-247
-798
-799
83
-441
-608
346
99
-169
455
357
202
601
426
424
874
493
655
887
675
696
978
632
754
964
639
732
1178
797
761
1019
678
828
893
876
1019
1089
923
1107
1208
946
1032
1039
837
1027
1010
909
1028
816
508
517
384
308
273
144
68
65
-194
-367
-353
-643
-774
-747
-844
-646
-754
-949
-855
-972
-1115
-1126
-897
-979
-881
-866
-893
-749
-901
-901
-795
-897
-871
-809
-757
-873
-872
-910
-1124
-820
-1066
-1055
-665
-872
-1091
-643
-621
-895
-748
-418
-439
-450
-286
-126
251
-209
171
367
292
409
559
548
700
841
504
705
1221
796
544
1191
896
729
986
1096
929
866
878
820
876
1020
943
912
1088
1039
1007
1012
1181
1052
801
1029
1016
1005
1064
914
719
714
483
443
455
370
240
76
67
-84
-228
-470
-523
-586
-705
-734
-626
-650
-884
-1036
-936
-951
-1115
-1024
-794
-912
-963
-812
-912
-760
-913
-1094
-707
-717
-1035
-729
-534
-944
-1072
-741
-1026
-1019
-684
-1080
-901
-617
-1056
-1076
-661
-694
-870
-646
-386
-521
-285
-214
-193
-80
-20
193
346
518
557
600
677
614
820
941
928
903
1048
1170
1194
1224
1111
1061
997
973
1089
1318
1295
1226
1082
1051
1208
1111
955
1029
1011
882
899
973
983
820
457
344
495
508
335
334
275
77
-98
-155
-153
-265
-457
-574
-478
-450
-467
-673
-744
-829
-1026
-942
-809
-744
-865
-965
-916
-947
-849
-983
-1005
-859
-1062
-982
-752
-740
-970
-1027
-881
-995
-1209
-843
-685
-1144
-971
-725
-878
-1075
-601
-824
-1013
-364
-737
-611
-108
-362
-463
-63
-72
-86
263
247
226
668
503
501
901
813
758
1075
1223
1252
1401
1107
1281
1420
1258
1380
1673
1571
1393
1469
1503
1570
1232
1128
1203
1005
979
1132
1098
841
690
402
329
529
378
223
339
220
-21
-95
-116
-179
-441
-532
-294
-224
-454
-472
-573
-744
-898
-887
-814
-727
-808
-1009
-879
-843
-991
-1116
-1016
-994
-1105
-1099
-889
-859
-1049
-1139
-1006
-1058
-1079
-871
-887
-1028
-819
-809
-1085
-854
-739
-921
-863
-485
-481
-756
-676
-315
-627
-503
-107
-136
-221
66
-12
36
464
379
246
618
1020
958
1228
1403
1163
1100
1308
1449
1704
1849
1857
1727
1669
1826
1826
1491
1469
1481
1329
1294
1367
1256
874
627
430
406
494
395
252
143
74
-84
-308
-238
-277
-552
-518
-362
-311
-430
-526
-576
-678
-665
-684
-601
-560
-598
-712
-774
-697
-710
-926
-929
-672
-766
-1097
-901
-719
-1140
-1163
-826
-1075
-1156
-963
-1045
-1009
-976
-1091
-965
-897
-852
-701
-801
-898
-671
-657
-731
-510
-411
-425
-350
-211
-168
-66
-85
77
200
228
461
888
991
842
806
957
1243
1334
1402
1762
1862
1614
1710
1969
1897
1632
1510
1544
1683
1587
1494
1525
1280
844
540
540
713
511
162
160
181
-72
-312
-359
-467
-642
-695
-560
-288
-356
-608
-750
-757
-675
-596
-562
-503
-380
-415
-510
-468
-366
-521
-642
-594
-428
-400
-601
-614
-534
-761
-1026
-862
-791
-880
-1001
-1130
-979
-985
-1201
-1105
-870
-1083
-1087
-831
-970
-941
-753
-875
-661
-406
-460
-382
-295
-249
-229
-137
-37
229
666
814
719
707
718
897
1005
1143
1523
1714
1619
1592
1799
1881
1588
1406
1540
1721
1660
1567
1667
1432
951
607
595
771
713
442
325
236
-24
-294
-420
-441
-495
-580
-527
-422
-469
-722
-882
-828
-687
-579
-598
-498
-357
-475
-615
-404
-234
-339
-376
-224
-86
-297
-512
-381
-286
-487
-532
-302
-336
-703
-875
-822
-833
-998
-991
-901
-920
-939
-1110
-1267
-1052
-1094
-1388
-1036
-519
-613
-778
-624
-596
-568
-477
-267
169
655
715
596
654
765
835
896
1219
1685
1823
1675
1706
1928
1834
1416
1312
1663
1831
1656
1519
1583
1303
622
340
535
761
557
268
294
169
-271
-562
-522
-512
-613
-700
-598
-463
-639
-879
-909
-797
-732
-641
-518
-389
-353
-511
-571
-389
-208
-210
-191
-52
-33
-194
-333
-184
-34
-240
-373
-184
-243
-551
-640
-648
-653
-749
-879
-758
-677
-998
-1202
-1007
-974
-1103
-1065
-840
-650
-697
-825
-725
-502
-431
-352
145
692
612
203
263
775
964
954
1316
1720
1659
1461
1611
1921
1864
1443
1330
1758
1997
1723
1473
1332
1033
570
370
716
934
520
-24
-130
-175
-542
-861
-835
-647
-708
-906
-878
-769
-976
-1315
-1338
-958
-666
-735
-745
-489
-462
-750
-727
-298
-16
-98
-120
78
182
-45
-174
70
209
31
-110
-72
-121
-281
-429
-401
-293
-396
-629
-741
-788
-940
-1013
-1022
-986
-845
-720
-757
-847
-862
-819
-727
-520
5
546
556
211
146
485
831
1011
1285
1709
1837
1629
1661
2002
1998
1572
1386
1719
2137
2063
1732
1492
1196
731
393
596
985
821
217
-137
-148
-342
-814
-1048
-855
-750
-909
-1055
-991
-1063
-1499
-1801
-1517
-1026
-951
-1113
-1037
-896
-1046
-1207
-899
-407
-369
-529
-358
-102
-171
-332
-205
43
10
-126
-37
114
21
-235
-327
-224
-179
-299
-337
-334
-522
-789
-824
-567
-389
-486
-686
-676
-621
-554
-326
118
414
270
45
308
779
925
861
1090
1483
1625
1682
1934
2171
1850
1342
1410
1962
2242
2060
1843
1672
1284
775
668
1035
1114
645
263
297
221
-255
-748
-849
-808
-931
-965
-813
-805
-1202
-1739
-1893
-1576
-1276
-1247
-1265
-1195
-1244
-1429
-1409
-1111
-874
-906
-948
-737
-489
-497
-589
-518
-430
-481
-496
-317
-139
-197
-379
-429
-360
-357
-419
-422
-436
-542
-658
-578
-331
-258
-387
-456
-422
-280
-41
335
638
540
234
328
818
1202
1306
1405
1545
1614
1690
1938
2313
2263
1782
1530
1826
2218
2211
1972
1782
1535
1176
1000
1192
1312
938
405
284
427
278
-179
-504
-608
-729
-857
-784
-669
-927
-1475
-1769
-1577
-1307
-1303
-1447
-1476
-1477
-1574
-1581
-1368
-1174
-1260
-1401
-1239
-890
-741
-872
-949
-880
-873
-851
-685
-537
-569
-741
-804
-705
-638
-683
-804
-865
-836
-770
-667
-583
-602
-680
-648
-420
-49
378
604
470
227
318
779
1239
1468
1618
1753
1764
1770
1990
2374
2420
2089
1892
2081
2340
2300
2088
1900
1660
1336
1235
1440
1531
1178
650
438
502
432
123
-135
-198
-265
-435
-521
-446
-556
-996
-1334
-1191
-899
-932
-1179
-1259
-1231
-1331
-1406
-1207
-955
-1076
-1394
-1382
-1060
-891
-980
-1054
-1026
-1093
-1229
-1171
-934
-854
-1017
-1140
-1068
-944
-968
-1098
-1153
-1119
-1031
-856
-631
-567
-735
-890
-671
-150
365
511
316
134
235
618
1046
1334
1471
1473
1447
1604
1959
2168
1979
1674
1628
1882
2152
2181
1946
1585
1248
1099
1254
1505
1477
1094
711
611
669
591
308
85
4
-52
-111
-88
-95
-346
-761
-971
-787
-540
-576
-765
-889
-966
-1028
-958
-736
-652
-869
-1095
-1022
-772
-651
-723
-839
-954
-1055
-1060
-940
-848
-946
-1147
-1235
-1135
-1018
-1081
-1294
-1482
-1466
-1238
-956
-825
-925
-1063
-906
-425
115
326
155
-19
128
609
1175
1521
1559
1391
1316
1524
1915
2131
1942
1594
1473
1653
1882
1880
1587
1127
720
634
877
1095
955
501
107
16
113
134
6
-148
-248
-286
-252
-158
-156
-351
-607
-645
-453
-268
-227
-345
-518
-623
-626
-482
-291
-260
-457
-688
-701
-524
-350
-336
-458
-618
-762
-799
-695
-585
-644
-819
-929
-918
-888
-948
-1097
-1200
-1150
-969
-774
-758
-898
-935
-630
-110
300
316
89
16
306
825
1309
1581
1582
1445
1436
1720
2091
2128
1778
1453
1504
1787
1921
1738
1318
813
448
430
686
819
488
-92
-439
-462
-466
-619
-790
-875
-931
-999
-989
-903
-964
-1244
-1441
-1276
-904
-666
-702
-847
-907
-860
-684
-363
-86
-83
-312
-445
-274
43
218
160
-5
-163
-248
-201
-75
-46
-226
-460
-553
-516
-533
-695
-908
-991
-863
-618
-516
-675
-851
-672
-121
436
586
398
249
407
867
1465
1949
2085
1864
1688
1928
2410
2588
2268
1832
1700
1859
2024
2000
1686
1089
482
270
466
666
455
-75
-531
-733
-776
-890
-1111
-1314
-1426
-1463
-1422
-1319
-1338
-1624
-1981
-2038
-1727
-1364
-1231
-1302
-1406
-1443
-1348
-1137
-889
-732
-713
-742
-676
-436
-171
-89
-209
-328
-298
-177
-50
38
51
-55
-220
-320
-305
-281
-345
-442
-439
-327
-324
-485
-570
-268
311
747
739
473
345
544
1018
1615
2124
2321
2174
2019
2201
2620
2815
2616
2361
2378
2568
2651
2509
2169
1630
1078
866
1036
1212
973
370
-201
-508
-648
-825
-1056
-1231
-1377
-1561
-1736
-1832
-1918
-2140
-2392
-2413
-2178
-1978
-2004
-2123
-2136
-2027
-1871
-1687
-1477
-1300
-1218
-1184
-1078
-830
-526
-344
-346
-422
-431
-362
-274
-177
-79
-49
-155
-335
-453
-489
-512
-504
-443
-378
-481
-678
-654
-199
396
679
518
284
324
692
1241
1802
2196
2293
2218
2287
2632
3003
3045
2802
2630
2734
2978
3099
2949
2534
1933
1448
1358
1559
1637
1310
733
238
-51
-249
-481
-723
-923
-1101
-1278
-1456
-1635
-1904
-2215
-2402
-2335
-2159
-2139
-2302
-2429
-2416
-2303
-2172
-2031
-1871
-1763
-1718
-1668
-1493
-1180
-891
-767
-766
-753
-659
-532
-420
-320
-220
-178
-202
-251
-307
-386
-461
-456
-365
-340
-483
-607
-374
133
501
410
116
40
310
761
1262
1728
1980
1941
1884
2124
2577
2848
2751
2540
2550
2775
3009
3080
2909
2458
1898
1616
1779
2068
1989
1500
944
594
394
164
-83
-278
-463
-709
-993
-1213
-1403
-1683
-2002
-2134
-2046
-2001
-2188
-2446
-2543
-2475
-2371
-2286
-2180
-2084
-2088
-2144
-2060
-1737
-1339
-1107
-1102
-1141
-1041
-868
-723
-574
-385
-257
-270
-319
-281
-237
-289
-336
-225
-80
-130
-286
-166
274
637
557
258
189
446
798
1119
1450
1715
1738
1648
1781
2195
2498
2413
2157
2106
2313
2552
2658
2600
2322
1856
1489
1501
1780
1896
1616
1160
847
678
486
252
100
8
-185
-513
-806
-1010
-1237
-1520
-1698
-1713
-1755
-1975
-2265
-2419
-2431
-2422
-2420
-2351
-2263
-2285
-2413
-2460
-2236
-1838
-1536
-1461
-1498
-1471
-1345
-1149
-889
-616
-476
-481
-479
-355
-194
-119
-81
30
137
147
224
595
1022
1106
802
581
755
1140
1431
1621
1818
1926
1858
1847
2102
2431
2451
2177
1999
2105
2264
2299
2277
2234
1991
1559
1276
1339
1483
1381
1112
939
858
637
249
-23
-77
-128
-318
-539
-654
-829
-1185
-1521
-1573
-1488
-1611
-1932
-2144
-2165
-2191
-2325
-2407
-2346
-2326
-2468
-2610
-2535
-2284
-2093
-2028
-2001
-1911
-1805
-1699
-1514
-1225
-986
-929
-937
-823
-583
-395
-308
-171
19
122
139
416
1035
1505
1364
901
834
1288
1768
1969
2096
2316
2398
2278
2296
2607
2821
2588
2222
2218
2511
2596
2356
2140
2066
1874
1505
1285
1394
1485
1242
901
824
878
622
122
-150
-105
-127
-415
-664
-703
-820
-1197
-1530
-1514
-1407
-1603
-2001
-2183
-2106
-2071
-2211
-2317
-2305
-2367
-2587
-2720
-2527
-2186
-2054
-2176
-2308
-2257
-2109
-1933
-1699
-1436
-1304
-1357
-1395
-1238
-975
-783
-629
-443
-300
-269
-111
472
1162
1358
960
647
927
1539
1978
2170
2326
2431
2408
2466
2785
3118
3000
2548
2339
2615
2954
2930
2644
2377
2135
1845
1653
1708
1804
1602
1201
998
1067
1010
589
159
58
106
-52
-356
-498
-587
-857
-1223
-1306
-1199
-1300
-1713
-2049
-2060
-1982
-2046
-2182
-2222
-2278
-2495
-2724
-2706
-2427
-2224
-2276
-2432
-2450
-2352
-2272
-2138
-1884
-1639
-1613
-1687
-1587
-1321
-1128
-1046
-822
-527
-387
-432
-97
702
1336
1183
627
527
1020
1572
1891
2140
2368
2317
2122
2231
2728
3013
2686
2207
2169
2538
2753
2625
2418
2244
1958
1621
1557
1813
1926
1607
1199
1139
1275
1112
653
383
414
401
102
-156
-211
-334
-706
-1035
-988
-897
-1156
-1648
-1896
-1831
-1794
-1933
-2061
-2069
-2165
-2433
-2636
-2509
-2190
-2052
-2202
-2383
-2365
-2272
-2182
-2038
-1763
-1596
-1694
-1807
-1647
-1294
-1119
-1070
-889
-603
-479
-454
39
883
1384
1046
518
600
1184
1693
1928
2201
2427
2305
2064
2212
2740
2909
2490
2046
2137
2465
2497
2277
2150
2058
1706
1288
1237
1551
1621
1235
879
910
1016
706
244
110
222
113
-278
-433
-346
-421
-841
-1115
-995
-911
-1232
-1665
-1731
-1549
-1565
-1773
-1890
-1848
-1941
-2204
-2313
-2071
-1762
-1756
-2011
-2190
-2147
-2019
-1905
-1725
-1487
-1431
-1623
-1774
-1603
-1244
-1020
-910
-731
-558
-557
-529
58
967
1462
1121
660
775
1345
1826
2130
2482
2708
2544
2299
2491
2982
3068
2601
2199
2315
2588
2572
2331
2185
1953
1467
1020
1077
1454
1462
1005
581
567
583
250
-119
-161
-56
-283
-752
-917
-806
-845
-1235
-1459
-1328
-1270
-1620
-2032
-2021
-1766
-1734
-1934
-2010
-1917
-1990
-2254
-2356
-2048
-1676
-1629
-1878
-2027
-1970
-1863
-1805
-1633
-1319
-1158
-1301
-1501
-1388
-1075
-855
-772
-560
-303
-225
-311
75
891
1528
1389
976
1001
1479
1931
2205
2572
2937
2924
2655
2650
3081
3343
3075
2642
2566
2771
2820
2680
2605
2461
1959
1278
1064
1417
1718
1464
924
629
500
177
-235
-310
-170
-338
-908
-1304
-1247
-1171
-1481
-1883
-1943
-1847
-2028
-2388
-2490
-2288
-2236
-2463
-2587
-2388
-2203
-2389
-2687
-2626
-2209
-1918
-1974
-2103
-2062
-1959
-1971
-1915
-1616
-1277
-1268
-1501
-1518
-1184
-878
-848
-808
-519
-243
-203
-139
463
1232
1585
1297
1109
1394
1879
2201
2468
2944
3299
3213
2959
3066
3533
3716
3432
3099
3089
3225
3178
3114
3119
2913
2262
1564
1467
1885
2102
1734
1164
829
550
150
-175
-160
-105
-451
-1069
-1387
-1321
-1332
-1717
-2106
-2205
-2203
-2403
-2656
-2661
-2514
-2587
-2870
-2936
-2678
-2479
-2663
-2920
-2813
-2388
-2129
-2174
-2247
-2157
-2116
-2222
-2173
-1770
-1365
-1388
-1673
-1663
-1313
-1056
-1100
-1048
-665
-330
-317
-376
133
922
1395
1235
1050
1298
1743
2058
2351
2881
3365
3312
3020
3080
3651
3981
3681
3235
3164
3415
3512
3508
3520
3304
2614
1814
1701
2254
2637
2258
1470
969
715
444
149
125
164
-201
-929
-1380
-1292
-1158
-1493
-2058
-2328
-2288
-2355
-2556
-2629
-2517
-2615
-2949
-3098
-2805
-2443
-2551
-2900
-2958
-2542
-2173
-2127
-2212
-2184
-2149
-2277
-2270
-1873
-1369
-1303
-1638
-1808
-1577
-1283
-1242
-1198
-902
-630
-688
-861
-401
493
1131
988
656
750
1199
1609
1973
2531
3043
3026
2727
2831
3485
3945
3675
3175
3092
3466
3732
3738
3677
3436
2835
2114
1989
2504
2884
2491
1633
1082
920
744
428
281
264
-74
-790
-1292
-1205
-986
-1263
-1890
-2258
-2234
-2215
-2353
-2414
-2336
-2394
-2696
-2860
-2597
-2185
-2150
-2470
-2623
-2317
-1879
-1727
-1813
-1899
-1901
-1966
-1959
-1682
-1221
-1052
-1334
-1686
-1678
-1373
-1175
-1168
-1119
-961
-925
-1052
-953
-286
516
854
563
318
517
993
1417
1836
2393
2787
2734
2555
2804
3423
3682
3369
3034
3175
3568
3674
3553
3420
3181
2624
2014
1944
2334
2491
1995
1262
882
719
423
43
-95
-139
-534
-1190
-1516
-1302
-1136
-1530
-2157
-2451
-2329
-2219
-2226
-2204
-2155
-2306
-2602
-2581
-2155
-1743
-1814
-2129
-2142
-1744
-1346
-1255
-1323
-1373
-1424
-1520
-1449
-1074
-673
-695
-1111
-1425
-1311
-1000
-888
-970
-1005
-991
-1071
-1149
-806
-20
601
595
165
58
425
956
1383
1811
2300
2519
2400
2407
2874
3457
3476
3080
2900
3178
3490
3451
3310
3182
2848
2201
1698
1777
2102
1996
1389
795
550
322
-107
-462
-540
-633
-1114
-1642
-1709
-1460
-1513
-2047
-2492
-2509
-2314
-2272
-2275
-2172
-2100
-2250
-2399
-2202
-1745
-1456
-1537
-1665
-1483
-1083
-812
-777
-808
-825
-878
-952
-815
-448
-188
-349
-747
-958
-850
-670
-658
-780
-887
-959
-1032
-990
-662
-57
414
475
205
123
435
922
1366
1776
2237
2525
2501
2515
2859
3368
3472
3201
3010
3150
3355
3304
3145
2995
2674
2071
1490
1392
1616
1579
1046
401
57
-171
-546
-934
-1093
-1173
-1525
-1973
-2082
-1893
-1894
-2328
-2734
-2768
-2554
-2405
-2309
-2167
-2122
-2296
-2444
-2205
-1649
-1244
-1234
-1351
-1237
-899
-622
-499
-433
-429
-519
-622
-464
-85
145
-32
-434
-632
-573
-473
-530
-694
-814
-883
-934
-898
-678
-214
220
433
372
322
490
819
1231
1703
2242
2649
2719
2707
2910
3348
3616
3520
3341
3278
3275
3161
3029
3010
2808
2256
1545
1163
1176
1145
832
364
19
-333
-876
-1382
-1567
-1518
-1666
-2065
-2307
-2258
-2209
-2458
-2760
-2791
-2634
-2506
-2440
-2306
-2180
-2220
-2277
-2097
-1630
-1206
-1067
-1084
-996
-725
-437
-273
-198
-194
-238
-289
-216
2
164
94
-162
-398
-509
-565
-622
-709
-810
-906
-949
-921
-830
-644
-240
261
614
618
538
670
1065
1548
2020
2507
2861
2955
2945
3139
3556
3789
3619
3279
3079
3044
2978
2912
2824
2517
1821
1012
632
745
856
554
-7
-487
-922
-1403
-1760
-1756
-1648
-1866
-2324
-2534
-2352
-2210
-2393
-2646
-2665
-2525
-2438
-2332
-2100
-1897
-1916
-1984
-1759
-1266
-881
-816
-823
-655
-368
-186
-121
-32
25
-35
-168
-116
127
258
96
-234
-449
-543
-626
-710
-746
-776
-883
-990
-951
-783
-546
-210
219
603
719
704
799
1138
1591
2016
2425
2744
2917
3000
3136
3377
3504
3384
3094
2814
2664
2590
2571
2470
2116
1481
777
385
349
383
194
-241
-723
-1195
-1594
-1820
-1839
-1840
-2045
-2339
-2453
-2351
-2253
-2322
-2437
-2474
-2416
-2281
-2049
-1761
-1573
-1536
-1486
-1248
-864
-544
-391
-304
-166
37
202
300
345
329
238
143
155
256
289
153
-108
-362
-550
-684
-737
-755
-796
-906
-1000
-991
-890
-734
-468
-57
429
746
840
876
1060
1405
1757
2094
2436
2739
2932
3029
3163
3316
3288
2979
2537
2268
2220
2258
2220
1971
1489
803
172
-153
-175
-156
-371
-768
-1221
-1623
-1923
-2087
-2108
-2154
-2323
-2518
-2547
-2378
-2223
-2219
-2304
-2327
-2241
-2076
-1796
-1425
-1103
-944
-877
-705
-406
-123
52
195
380
547
619
655
706
720
601
416
334
387
424
294
35
-236
-481
-677
-770
-740
-689
-764
-933
-1074
-1028
-793
-370
152
612
823
802
766
935
1294
1705
2065
2358
2567
2703
2826
2981
3069
2937
2559
2123
1878
1871
1980
1956
1640
1042
325
-240
-508
-516
-515
-714
-1099
-1565
-1936
-2145
-2219
-2284
-2442
-2607
-2651
-2517
-2298
-2141
-2115
-2219
-2307
-2223
-1883
-1377
-919
-651
-557
-496
-345
-87
230
512
699
798
870
962
1048
1037
902
712
565
507
512
508
393
125
-234
-556
-712
-706
-667
-712
-853
-992
-1067
-1011
-780
-357
146
562
748
779
819
996
1276
1611
1955
2264
2493
2651
2805
2981
3055
2887
2491
2063
1822
1791
1875
1867
1608
1038
273
-380
-717
-769
-777
-929
-1240
-1652
-2044
-2345
-2518
-2596
-2660
-2727
-2741
-2628
-2413
-2247
-2211
-2249
-2222
-2047
-1707
-1260
-820
-508
-349
-257
-114
120
389
630
826
992
1133
1216
1210
1101
906
689
524
464
477
464
329
53
-279
-569
-749
-825
-858
-892
-974
-1062
-1110
-1048
-853
-506
-65
366
661
803
868
1002
1250
1561
1844
2075
2300
2563
2860
3124
3226
3074
2673
2197
1872
1788
1880
1928
1737
1234
516
-161
-596
-742
-773
-900
-1199
-1617
-2013
-2314
-2497
-2597
-2676
-2759
-2809
-2750
-2577
-2374
-2226
-2148
-2077
-1938
-1678
-1302
-884
-520
-267
-94
70
253
442
635
846
1065
1254
1359
1345
1200
958
683
462
353
338
338
261
48
-265
-602
-861
-992
-1014
-997
-1015
-1072
-1139
-1135
-1015
-740
-346
80
439
678
817
937
1106
1334
1566
1760
1936
2161
2478
2837
3094
3093
2801
2334
1912
1696
1701
1779
1730
1458
1006
504
78
-229
-456
-701
-1010
-1347
-1617
-1785
-1899
-2037
-2230
-2457
-2635
-2676
-2542
-2274
-1983
-1774
-1686
-1639
-1530
-1305
-1003
-690
-417
-195
-23
125
274
434
576
668
703
690
648
567
449
315
187
109
76
62
33
-44
-137
-233
-287
-272
-216
-164
-163
-192
-225
-226
-165
-51
80
182
231
261
317
426
550
632
638
587
545
582
722
957
1207
1388
1433
1347
1198
1061
990
972
969
933
827
659
461
284
147
20
-128
-309
-497
-674
-812
-902
-947
-971
-985
-994
-978
-922
-833
-725
-612
-505
-416
-338
-255
-151
-27
89
178
237
283
331
380
415
408
355
275
192
107
11
-100
-210
-303
-380
-444
-509
-585
-683
-776
-827
-819
-786
-769
-779
-800
-807
-779
-701
-577
-437
-309
-202
-112
-20
68
146
203
235
271
330
443
603
762
857
857
782
685
616
613
659
718
739
703
628
545
464
369
260
144
31
-63
-115
-101
-41
35
85
100
85
49
31
67
173
326
481
618
734
827
868
849
790
708
631
577
550
534
500
410
255
57
-163
-393
-615
-812
-961
-1062
-1132
-1189
-1240
-1291
-1351
-1400
-1401
-1335
-1220
-1104
-1004
-915
-818
-700
-553
-387
-227
-90
17
100
171
230
260
261
234
208
203
216
221
210
172
98
0
-89
-147
-180
-216
-263
-308
-348
-369
-352
-292
-194
-78
22
91
143
186
232
305
425
580
739
872
973
1067
1167
1267
1354
1423
1455
1444
1410
1385
1369
1334
1254
1144
1022
901
776
645
493
306
85
-162
-406
-613
-775
-896
-998
-1087
-1172
-1252
-1333
-1403
-1433
-1403
-1325
-1200
-1066
-932
-823
-728
-634
-527
-404
-267
-139
-23
98
218
316
352
332
262
168
81
30
22
28
-2
-78
-194
-318
-452
-585
-699
-801
-896
-985
-1056
-1086
-1066
-998
-917
-833
-755
-688
-609
-492
-315
-90
153
401
665
945
1233
1504
1733
1879
1941
1927
1876
1839
1849
1872
1876
1833
1724
1571
1383
1181
964
745
520
294
92
-84
-232
-379
-516
-635
-702
-745
-751
-784
-905
-1081
-1251
-1352
-1354
-1278
-1137
-966
-756
-539
-386
-289
-311
-402
-446
-341
-99
247
606
857
911
783
588
374
232
130
71
30
0
-11
-117
-300
-549
-891
-1240
-1483
-1606
-1649
-1596
-1470
-1359
-1280
-1267
-1324
-1364
-1381
-1310
-1109
-767
-336
87
407
659
840
999
1156
1302
1423
1536
1716
1913
2123
2297
2340
2241
2013
1732
1508
1345
1234
1096
907
699
530
404
306
166
-59
-341
-610
-825
-944
-983
-982
-968
-914
-858
-748
-606
-483
-397
-385
-348
-255
-91
25
165
302
452
618
709
771
694
630
525
481
365
247
153
-2
-183
-386
-587
-770
-908
-1055
-1171
-1246
-1345
-1433
-1546
-1741
-1947
-2110
-2079
-1977
-1806
-1628
-1385
-1201
-1092
-981
-897
-828
-699
-498
-188
257
765
1204
1597
1790
1838
1807
1797
1801
1825
1845
1885
2002
2134
2264
2278
2136
1846
1459
1015
636
365
180
34
-43
-110
-124
-139
-174
-272
-424
-617
-756
-806
-772
-669
-538
-375
-189
0
167
279
310
293
297
308
325
376
444
520
556
549
491
375
198
13
-146
-289
-398
-505
-641
-831
-1037
-1241
-1395
-1536
-1677
-1803
-1902
-1976
-2010
-2043
-2088
-2087
-2054
-1963
-1808
-1564
-1333
-1052
-862
-738
-631
-499
-319
-86
205
540
954
1410
1869
2220
2399
2357
2203
1971
1830
1808
1915
2087
2285
2396
2405
2302
2045
1641
1132
596
152
-140
-297
-366
-357
-312
-244
-208
-208
-253
-365
-503
-622
-676
-665
-531
-326
-77
178
422
646
822
894
847
703
504
299
131
13
-26
-19
-19
-63
-199
-419
-689
-978
-1275
-1533
-1740
-1892
-1979
-2014
-2008
-1978
-1913
-1847
-1781
-1741
-1718
-1676
-1623
-1550
-1451
-1337
-1166
-917
-618
-324
-69
100
165
145
106
117
246
509
860
1307
1751
2166
2437
2538
2455
2246
1975
1765
1672
1719
1868
2075
2241
2316
2237
2000
1622
1172
701
276
-45
-242
-312
-288
-205
-113
-47
-51
-120
-264
-444
-615
-741
-819
-812
-727
-561
-357
-152
10
112
139
105
22
-92
-238
-401
-558
-660
-706
-702
-689
-703
-776
-899
-1042
-1193
-1326
-1451
-1566
-1678
-1755
-1774
-1721
-1604
-1457
-1300
-1181
-1085
-1032
-1000
-973
-939
-889
-803
-647
-444
-187
79
298
420
433
364
268
224
298
507
842
1256
1701
2049
2263
2309
2244
2096
1951
1851
1852
1967
2181
2440
2680
2803
2737
2481
2094
1633
1166
738
376
90
-129
-258
-316
-314
-323
-376
-513
-700
-907
-1108
-1307
-1479
-1608
-1652
-1601
-1458
-1258
-1036
-855
-739
-682
-664
-671
-712
-787
-884
-968
-1000
-949
-830
-680
-541
-440
-402
-415
-473
-574
-716
-872
-1017
-1116
-1156
-1124
-1032
-918
-815
-745
-714
-719
-750
-801
-841
-847
-783
-639
-426
-181
54
238
335
353
300
243
236
343
590
1007
1529
2075
2523
2813
2932
2949
2906
2851
2807
2795
2849
2969
3123
3227
3187
2942
2516
1993
1456
952
476
-16
-524
-1022
-1445
-1762
-1962
-2101
-2203
-2293
-2362
-2409
-2441
-2479
-2515
-2539
-2520
-2434
-2272
-2032
-1729
-1381
-1020
-661
-337
-70
130
279
362
394
381
356
347
373
423
469
479
436
331
185
15
-165
-363
-575
-785
-975
-1120
-1216
-1273
-1308
-1321
-1300
-1237
-1126
-976
-803
-629
-454
-271
-85
97
246
367
477
609
774
956
1123
1266
1408
1622
1955
2405
2847
3167
3305
3300
3209
3082
2911
2691
2438
2203
2035
1945
1846
1628
1229
695
139
-367
-804
-1236
-1713
-2259
-2799
-3226
-3430
-3415
-3248
-3035
-2825
-2620
-2403
-2178
-1978
-1821
-1715
-1623
-1468
-1199
-817
-384
30
397
721
1016
1286
1501
1623
1624
1527
1390
1238
1073
886
693
523
406
330
260
144
-39
-273
-524
-771
-1022
-1276
-1514
-1680
-1736
-1677
-1529
-1340
-1123
-869
-564
-229
79
306
436
507
583
702
851
995
1106
1192
1282
1364
1396
1294
1069
795
626
668
916
1219
1413
1445
1379
1309
1267
1198
1032
779
516
366
363
428
402
193
-165
-539
-829
-1001
-1133
-1313
-1597
-1924
-2173
-2242
-2138
-1948
-1763
-1591
-1376
-1077
-705
-346
-87
24
37
41
120
272
451
613
774
955
1169
1370
1507
1518
1398
1186
971
787
625
464
302
158
57
-3
-52
-141
-295
-494
-694
-851
-967
-1072
-1183
-1281
-1325
-1289
-1175
-1025
-883
-747
-592
-384
-138
101
275
362
381
385
415
457
479
453
394
344
303
237
80
-154
-405
-528
-443
-174
125
345
469
574
683
783
792
694
529
401
387
482
605
653
604
499
413
361
337
255
65
-238
-539
-729
-740
-636
-519
-427
-323
-143
113
372
545
575
486
369
306
328
386
433
458
493
553
629
698
726
685
566
408
254
100
-65
-250
-425
-550
-591
-567
-523
-514
-563
-662
-784
-897
-1006
-1114
-1229
-1331
-1391
-1380
-1301
-1194
-1102
-1034
-954
-826
-633
-425
-251
-149
-105
-64
29
164
276
300
230
117
19
-64
-167
-314
-463
-524
-389
-67
318
615
783
888
1009
1161
1302
1376
1373
1330
1321
1384
1495
1569
1536
1409
1243
1099
1009
946
831
608
290
0
-153
-159
-123
-125
-165
-173
-116
-12
70
70
-25
-159
-248
-247
-185
-131
-134
-193
-277
-344
-366
-356
-383
-497
-673
-832
-905
-919
-934
-989
-1052
-1061
-979
-846
-737
-703
-737
-790
-819
-830
-847
-888
-951
-1026
-1084
-1081
-1003
-871
-725
-594
-470
-325
-149
40
208
343
462
599
761
916
1022
1061
1047
1005
936
831
681
486
273
92
17
88
272
469
613
738
915
1160
1408
1564
1593
1526
1448
1438
1483
1512
1431
1246
1038
879
781
706
602
427
179
-89
-311
-475
-636
-846
-1081
-1260
-1324
-1284
-1187
-1085
-1011
-978
-966
-950
-915
-881
-861
-858
-864
-867
-845
-784
-702
-638
-607
-584
-538
-478
-444
-461
-515
-571
-587
-555
-488
-407
-322
-231
-128
-28
49
92
95
63
6
-50
-72
-44
20
101
200
331
506
713
917
1088
1205
1264
1277
1270
1270
1281
1279
1231
1119
954
754
524
249
-86
-455
-784
-983
-1001
-893
-753
-616
-435
-167
146
421
605
718
795
867
935
975
960
883
771
651
536
420
284
107
-140
-462
-796
-1070
-1263
-1420
-1576
-1700
-1727
-1638
-1485
-1337
-1226
-1142
-1069
-994
-912
-822
-719
-593
-432
-236
-7
243
485
664
743
747
729
725
710
652
555
470
451
499
572
620
638
651
681
714
712
656
574
514
493
488
479
461
433
400
378
382
401
396
357
307
292
341
431
506
518
469
406
371
346
261
64
-233
-569
-898
-1210
-1532
-1873
-2216
-2494
-2612
-2519
-2261
-1952
-1672
-1397
-1072
-674
-245
155
484
733
933
1130
1346
1530
1605
1527
1326
1075
847
667
500
287
14
-249
-403
-424
-382
-379
-435
-496
-507
-466
-400
-338
-297
-272
-228
-126
41
246
448
625
768
896
1027
1156
1248
1275
1250
1220
1210
1200
1137
1001
827
662
521
374
194
-13
-213
-365
-448
-468
-452
-433
-435
-459
-485
-477
-438
-416
-453
-540
-613
-608
-517
-393
-318
-311
-331
-314
-252
-187
-165
-202
-288
-406
-542
-698
-897
-1156
-1460
-1770
-2038
-2251
-2425
-2570
-2679
-2707
-2593
-2299
-1856
-1353
-846
-307
307
971
1593
2100
2481
2766
2989
3165
3299
3363
3331
3193
2982
2738
2488
2231
1944
1599
1195
793
462
219
8
-226
-472
-676
-807
-880
-912
-917
-893
-862
-824
-758
-650
-505
-340
-175
-22
120
265
407
527
586
579
526
443
316
125
-110
-340
-528
-687
-852
-1031
-1201
-1326
-1397
-1418
-1420
-1418
-1417
-1401
-1349
-1258
-1126
-974
-829
-708
-579
-403
-176
52
217
306
357
422
501
562
571
528
460
396
339
270
171
32
-144
-330
-492
-599
-656
-681
-700
-705
-676
-592
-462
-317
-186
-52
133
383
657
916
1154
1399
1651
1881
2074
2230
2351
2432
2471
2467
2413
2291
2082
1788
1437
1072
731
418
101
-249
-616
-933
-1156
-1303
-1422
-1528
-1602
-1630
-1617
-1561
-1457
-1324
-1204
-1131
-1098
-1064
-997
-897
-789
-704
-645
-584
-495
-384
-280
-212
-177
-163
-164
-182
-215
-245
-270
-302
-345
-386
-416
-431
-427
-393
-322
-207
-62
99
252
387
522
669
812
914
954
941
902
850
775
682
580
476
370
263
171
110
82
71
56
32
16
26
62
104
125
120
109
104
102
76
22
-55
-147
-252
-358
-437
-485
-512
-536
-565
-579
-546
-438
-259
-51
136
307
494
709
921
1094
1210
1271
1286
1258
1201
1128
1026
858
613
313
8
-268
-514
-747
-981
-1209
-1395
-1502
-1527
-1504
-1458
-1390
-1289
-1165
-1026
-861
-664
-463
-294
-169
-64
49
180
304
398
465
534
624
734
835
904
936
947
938
902
828
724
600
450
277
99
-63
-200
-318
-416
-487
-517
-505
-466
-418
-380
-353
-326
-295
-268
-243
-209
-160
-97
-29
45
134
229
313
377
427
484
548
600
617
578
486
355
201
36
-128
-288
-443
-589
-712
-795
-823
-807
-760
-698
-624
-532
-417
-296
-181
-88
-25
2
-7
-38
-72
-82
-58
-14
32
88
183
324
482
625
747
862
974
1074
1137
1154
1120
1035
895
705
481
242
8
-216
-437
-649
-829
-946
-992
-994
-971
-920
-825
-685
-517
-337
-159
-6
109
173
191
174
129
65
-11
-92
-159
-199
-203
-182
-148
-99
-24
71
165
242
296
332
344
324
279
219
167
127
100
80
66
62
73
97
119
127
123
118
110
95
77
61
50
41
32
20
17
27
49
78
106
129
144
154
160
161
159
154
139
109
65
16
-40
-103
-177
-254
-325
-378
-410
-423
-425
-422
-424
-438
-463
-504
-558
-623
-693
-764
-822
-842
-803
-710
-586
-458
-318
-159
16
182
328
445
544
633
716
792
854
897
916
913
893
858
817
773
711
614
495
379
292
226
173
127
87
50
19
-6
-26
-51
-97
-165
-244
-317
-360
-374
-368
-355
-331
-285
-215
-134
-63
-11
22
45
60
66
66
58
34
-4
-46
-83
-99
-94
-76
-66
-65
-69
-64
-54
-56
-80
-124
-173
-228
-283
-334
-372
-398
-413
-412
-393
-355
-293
-211
-119
-27
64
154
238
308
355
373
362
326
265
188
100
8
-90
-193
-298
-397
-483
-548
-593
-622
-639
-646
-640
-614
-565
-493
-401
-299
-188
-72
51
185
322
446
547
625
697
775
858
939
1009
1074
1133
1183
1217
1225
1204
1153
1077
975
850
702
531
336
126
-82
-274
-443
-586
-710
-812
-877
-892
-864
-809
-737
-654
-555
-449
-340
-238
-153
-94
-71
-85
-127
-180
-236
-293
-356
-423
-485
-529
-550
-552
-542
-521
-485
-434
-370
-296
-208
-108
-4
91
175
247
310
360
396
409
398
369
328
280
219
153
91
40
-11
-64
-118
-163
-192
-207
-211
-203
-179
-128
-48
65
201
348
495
637
773
892
993
1059
1088
1070
1011
918
796
644
459
244
17
-209
-416
-596
-748
-875
-977
-1046
-1079
-1075
-1046
-1000
-939
-868
-790
-715
-642
-575
-521
-486
-462
-440
-414
-381
-341
-290
-222
-134
-26
95
226
359
489
614
730
828
909
971
1013
1034
1031
1006
960
890
793
676
549
414
276
143
21
-81
-160
-219
-262
-291
-310
-322
-326
-327
-327
-329
-332
-339
-346
-344
-335
-317
-298
-279
-252
-217
-168
-113
-53
13
86
175
273
374
469
559
639
712
767
801
807
784
734
652
549
421
274
105
-84
-278
-469
-647
-812
-966
-1105
-1220
-1306
-1360
-1381
-1372
-1336
-1276
-1193
-1085
-955
-808
-651
-487
-322
-158
7
167
315
447
561
655
729
780
807
807
781
734
675
609
538
462
383
308
239
184
142
113
97
94
105
126
151
177
199
218
230
234
234
232
232
231
229
232
244
262
289
324
367
417
474
529
575
601
607
589
546
476
378
259
119
-34
-192
-348
-496
-636
-764
-873
-958
-1014
-1039
-1040
-1018
-982
-927
-858
-780
-703
-632
-568
-510
-460
-417
-380
-349
-325
-304
-281
-252
-208
-150
-80
0
91
191
293
391
479
549
600
629
636
619
577
514
432
345
255
168
90
23
-33
-76
-102
-115
-110
-93
-67
-36
-1
41
84
126
163
196
226
259
302
352
410
477
555
641
731
817
895
959
1002
1018
1003
959
883
773
633
467
279
76
-135
-352
-567
-770
-953
-1110
-1237
-1329
-1383
-1404
-1390
-1345
-1272
-1178
-1065
-944
-821
-696
-569
-444
-323
-209
-107
-13
74
154
223
280
321
346
356
352
331
296
252
196
131
59
-16
-89
-156
-213
-256
-280
-284
-265
-220
-152
-58
52
176
308
441
568
682
776
849
898
919
916
887
837
767
682
585
480
373
267
167
75
-12
-92
-163
-224
-274
-315
-351
-388
-426
-466
-501
-529
-551
-561
-561
-544
-502
-430
-330
-211
-76
74
231
385
526
645
736
794
816
800
745
652
524
366
182
-21
-230
-434
-624
-798
-952
-1074
-1156
-1199
-1205
-1177
-1116
-1026
-910
-775
-631
-484
-337
-194
-59
67
185
291
391
483
568
650
729
803
869
921
960
981
982
961
916
847
751
634
498
346
188
26
-133
-280
-410
-523
-612
-670
-700
-704
-684
-644
-585
-513
-432
-343
-253
-164
-80
-2
73
143
208
269
322
365
398
422
438
441
432
410
377
334
280
217
148
71
-13
-101
-191
-277
-359
-433
-496
-549
-583
-599
-594
-571
-532
-480
-416
-340
-254
-164
-78
2
72
132
180
216
243
259
266
267
264
263
263
264
268
275
286
296
308
316
318
314
302
283
256
216
168
114
56
-2
-58
-113
-161
-200
-231
-250
-260
-261
-254
-238
-215
-190
-161
-130
-99
-70
-48
-29
-11
2
10
14
17
19
22
26
31
38
48
59
72
88
103
114
122
123
119
105
82
49
4
-47
-104
-164
-227
-286
-341
-384
-416
-435
-442
-436
-418
-392
-353
-309
-259
-203
-145
-84
-21
43
108
173
234
290
345
401
454
501
541
572
595
610
617
607
584
550
506
453
392
323
248
169
89
13
-54
-114
-168
-216
-259
-296
-322
-338
-350
-360
-364
-361
-353
-337
-317
-291
-264
-237
-207
-174
-140
-107
-78
-51
-29
-8
11
25
33
38
37
35
26
11
-7
-31
-56
-82
-104
-121
-130
-135
-132
-120
-98
-69
-35
0
35
69
98
122
138
151
156
155
146
132
112
86
57
25
-5
-30
-54
-74
-91
-103
-106
-98
-84
-68
-49
-26
2
32
59
82
101
115
126
130
130
126
119
107
92
74
52
35
21
5
-7
-15
-16
-12
-5
1
6
11
20
28
34
38
42
39
38
37
37
35
36
38
41
45
51
59
67
73
76
79
79
74
64
49
28
5
-22
-54
-84
-111
-137
-159
-176
-187
-190
-188
-181
-168
-155
-138
-119
-95
-72
-49
-26
-5
18
37
54
65
75
82
88
93
96
100
104
111
118
122
123
119
110
96
74
46
9
-32
-80
-128
-173
-216
-255
-287
-310
-326
-331
-327
-317
-301
-279
-251
-219
-182
-140
-98
-57
-18
19
55
88
120
149
177
203
228
250
273
292
307
318
322
320
312
299
285
265
241
216
187
156
126
97
69
45
22
1
-16
-27
-35
-38
-40
-39
-34
-25
-15
-2
11
24
37
50
61
71
80
89
96
99
100
97
88
72
52
26
-2
-37
-73
-111
-150
-189
-228
-266
-304
-337
-366
-391
-409
-421
-426
-421
-409
-388
-365
-335
-302
-264
-225
-186
-146
-106
-67
-31
4
38
69
95
118
137
153
165
174
180
183
184
183
181
177
173
168
163
156
145
135
127
120
111
101
92
85
77
72
70
70
75
83
98
118
139
166
193
222
251
278
299
314
321
318
304
282
250
210
165
118
67
16
-35
-82
-125
-162
-195
-223
-246
-265
-278
-288
-292
-292
-291
-288
-281
-273
-263
-250
-236
-222
-205
-190
-172
-152
-131
-108
-86
-63
-41
-22
-4
12
24
30
32
29
25
20
13
6
-1
-7
-12
-15
-13
-8
-2
5
14
24
31
41
52
62
72
80
89
100
114
126
139
149
161
172
183
192
196
198
194
186
172
153
130
103
72
35
-2
-40
-75
-102
-129
-153
-170
-179
-182
-180
-174
-163
-149
-132
-115
-97
-79
-60
-43
-27
-13
0
11
22
30
35
40
43
43
44
42
40
35
28
20
11
3
-3
-13
-22
-32
-40
-45
-50
-54
-57
-59
-59
-57
-52
-47
-38
-31
-21
-10
1
14
26
39
51
62
72
82
93
105
116
128
137
145
151
154
154
150
144
134
122
107
89
71
52
33
14
-6
-21
-37
-52
-66
-79
-89
-100
-108
-115
-122
-127
-133
-137
-142
-146
-147
-146
-142
-139
-134
-127
-120
-110
-102
-98
-94
-90
-87
-82
-79
-76
-72
-65
-56
-44
-32
-16
1
15
28
39
50
59
65
70
75
82
89
98
109
122
137
155
176
195
216
237
255
270
282
288
292
290
284
272
253
228
198
164
126
86
43
1
-42
-83
-121
-157
-188
-214
-236
-253
-266
-274
-281
-281
-279
-274
-266
-257
-246
-233
-219
-205
-193
-179
-164
-149
-132
-118
-105
-92
-81
-70
-62
-54
-48
-44
-43
-44
-43
-40
-37
-34
-31
-25
-17
-4
14
34
58
81
106
130
156
181
206
229
249
267
282
295
304
307
304
296
285
271
255
234
211
186
161
135
110
84
62
42
22
4
-12
-25
-35
-44
-51
-58
-62
-63
-63
-65
-67
-68
-72
-75
-79
-85
-92
-99
-108
-118
-132
-147
-161
-175
-191
-206
-221
-232
-243
-252
-258
-260
-259
-254
-246
-233
-218
-198
-178
-156
-134
-110
-85
-61
-36
-16
5
23
39
54
67
81
91
100
107
115
124
133
143
151
160
171
180
189
196
200
204
206
204
203
200
197
194
188
184
180
178
175
171
167
163
155
146
137
125
109
93
75
55
34
12
-11
-32
-54
-75
-95
-113
-129
-142
-153
-162
-169
-177
-182
-185
-187
-188
-188
-189
-188
-190
-189
-189
-187
-186
-184
-179
-173
-165
-156
-146
-135
-123
-112
-97
-81
-65
-48
-30
-11
7
25
43
59
74
89
102
114
124
132
142
148
153
161
168
174
178
180
181
178
175
170
161
153
141
132
121
109
96
83
69
55
44
29
15
1
-11
-25
-35
-47
-58
-67
-77
-86
-95
-104
-113
-121
-125
-129
-132
-133
-134
-132
-129
-124
-119
-111
-101
-92
-83
-74
-66
-58
-48
-38
-27
-15
-4
7
20
30
39
48
57
63
70
76
81
85
85
85
82
78
70
63
55
44
33
21
11
2
-8
-15
-21
-25
-28
-30
-32
-31
-29
-27
-24
-20
-16
-12
-6
1
9
15
22
30
37
44
52
60
66
70
75
77
78
79
79
74
69
61
53
43
32
20
6
-7
-20
-32
-45
-56
-68
-80
-88
-96
-102
-106
-110
-113
-115
-114
-114
-111
-107
-103
-95
-88
-79
-68
-56
-45
-34
-19
-6
10
25
39
52
63
72
81
86
93
96
96
94
89
83
76
68
59
50
41
33
27
20
14
8
4
1
0
0
2
4
8
13
17
22
26
29
32
32
31
29
29
27
24
20
15
10
4
-1
-7
-13
-19
-26
-33
-41
-48
-55
-61
-67
-73
-78
-82
-83
-83
-81
-78
-73
-69
-61
-54
-45
-36
-27
-18
-8
2
13
22
32
40
48
55
62
68
72
74
75
75
74
71
68
64
59
53
47
38
27
17
7
-2
-9
-15
-22
-27
-34
-39
-46
-52
-56
-58
-60
-62
-63
-64
-64
-63
-60
-56
-53
-49
-44
-39
-34
-30
-26
-22
-21
-19
-19
-19
-20
-23
-25
-29
-31
-32
-34
-32
-30
-26
-20
-12
-2
9
20
33
45
58
70
82
95
105
116
126
133
141
147
152
157
160
162
161
159
158
153
148
139
128
117
104
88
72
55
39
21
4
-15
-32
-48
-64
-76
-90
-102
-114
-123
-131
-138
-144
-148
-152
-154
-156
-160
-161
-163
-162
-163
-163
-163
-161
-160
-157
-153
-148
-140
-133
-125
-118
-109
-99
-89
-77
-67
-54
-42
-27
-15
-1
14
29
44
60
73
86
97
106
115
123
128
134
138
142
146
149
151
152
153
153
153
151
151
148
143
136
130
121
112
101
88
75
62
49
34
22
11
1
-8
-16
-22
-26
-28
-30
-31
-31
-28
-27
-22
-19
-14
-9
-5
-1
2
5
6
5
3
2
-2
-6
-10
-17
-26
-36
-47
-60
-73
-85
-97
-110
-121
-132
-145
-155
-163
-170
-174
-177
-178
-177
-174
-169
-160
-150
-141
-129
-116
-101
-84
-65
-48
-30
-13
6
22
37
53
66
79
91
102
114
122
130
137
143
149
153
156
159
160
161
163
163
163
162
161
159
155
150
144
138
131
122
115
107
99
92
82
71
59
47
33
19
1
-15
-31
-48
-64
-81
-99
-112
-124
-135
-146
-155
-162
-168
-173
-176
-179
-177
-176
-171
-166
-161
-155
-148
-140
-132
-123
-114
-103
-94
-83
-74
-64
-55
-46
-34
-23
-12
0
10
21
33
45
56
67
78
88
98
106
113
119
125
131
135
141
145
149
150
152
151
148
145
138
132
123
113
102
91
82
73
62
53
44
35
28
20
12
5
-2
-9
-17
-24
-32
-39
-47
-57
-66
-76
-87
-95
-103
-112
-119
-126
-131
-137
-141
-145
-146
-146
-147
-146
-145
-143
-140
-135
-130
-122
-115
-107
-97
-86
-73
-61
-48
-33
-17
-3
13
28
44
58
71
83
94
102
108
114
119
122
127
130
133
135
136
137
139
139
139
139
137
133
129
126
121
117
110
104
95
86
75
63
52
40
28
16
5
-6
-16
-25
-35
-44
-52
-61
-68
-74
-78
-85
-89
-93
-96
-99
-100
-101
-102
-102
-103
-103
-104
-101
-100
-96
-93
-92
-88
-85
-79
-76
-73
-70
-68
-67
-67
-65
-64
-62
-61
-61
-60
-58
-54
-49
-45
-38
-32
-23
-15
-7
2
12
23
33
42
53
60
69
77
85
95
105
115
123
131
139
145
152
158
162
164
166
166
165
161
157
150
141
133
122
110
100
87
74
61
46
33
19
6
-8
-24
-37
-50
-65
-79
-92
-103
-114
-123
-130
-135
-138
-140
-141
-140
-140
-139
-136
-133
-131
-128
-126
-123
-122
-120
-119
-118
-116
-115
-114
-110
-109
-103
-97
-91
-82
-72
-60
-49
-36
-23
-8
7
21
37
53
69
85
100
112
124
136
146
154
161
166
170
173
172
173
170
165
159
152
144
134
122
112
98
84
68
54
39
25
11
-1
-10
-21
-28
-35
-40
-44
-46
-48
-48
-48
-47
-46
-46
-44
-43
-43
-44
-45
-47
-49
-51
-53
-57
-60
-63
-66
-68
-72
-75
-77
-80
-82
-83
-86
-85
-86
-85
-84
-81
-76
-71
-64
-58
-50
-41
-32
-21
-11
0
11
19
29
37
45
51
56
61
64
67
68
69
69
67
64
62
57
54
50
46
42
38
34
30
26
23
20
18
16
14
14
17
16
17
19
21
23
25
26
26
26
25
25
24
21
21
18
13
11
7
3
-1
-7
-11
-16
-20
-23
-26
-28
-31
-33
-35
-37
-38
-41
-43
-44
-42
-43
-42
-39
-39
-37
-34
-32
-28
-24
-21
-16
-14
-11
-9
-8
-6
-4
1
3
5
6
7
9
10
12
13
15
17
18
20
21
23
25
27
25
24
25
26
25
25
24
23
21
20
20
20
18
17
15
14
13
13
10
8
6
3
1
-1
-6
-8
-12
-15
-16
-20
-21
-23
-25
-27
-28
-31
-32
-33
-32
-33
-32
-32
-32
-29
-28
-27
-25
-23
-21
-18
-15
-12
-8
-4
-1
3
7
10
13
17
19
19
20
21
21
22
22
22
21
20
19
20
21
19
20
18
18
17
16
15
14
13
11
12
11
12
10
10
9
8
8
7
9
9
8
7
8
6
5
4
2
2
1
-1
-3
-5
-9
-11
-13
-14
-15
-17
-18
-21
-22
-25
-27
-28
-27
-27
-27
-26
-25
-24
-22
-21
-18
-17
-17
-14
-12
-11
-6
-2
2
5
7
9
12
12
14
15
16
16
16
16
15
14
12
11
10
8
7
8
7
6
7
6
7
7
8
9
8
11
11
11
12
12
13
12
12
11
8
7
5
3
4
1
1
-1
-2
-3
-5
-5
-5
-5
-4
-4
-3
-4
-4
-6
-4
-5
-7
-7
-6
-8
-9
-10
-10
-10
-9
-8
-8
-7
-6
-6
-6
-6
-7
-6
-8
-9
-8
-8
-7
-7
-7
-5
-5
-4
-3
-2
0
1
1
3
4
5
6
5
6
5
6
7
6
4
4
3
2
1
0
-2
-3
-4
-6
-8
-9
-11
-12
-12
-13
-13
-14
-13
-15
-14
-13
-10
-8
-5
-3
-2
0
1
4
6
7
9
10
12
13
14
14
15
18
18
18
21
22
22
23
23
24
24
23
22
20
18
17
13
11
9
6
5
3
2
1
1
2
3
3
3
4
5
6
4
5
4
3
2
1
0
-1
-3
-5
-7
-8
-8
-10
-10
-11
-12
-13
-15
-17
-19
-19
-21
-23
-24
-24
-24
-25
-26
-27
-27
-28
-30
-31
-30
-29
-28
-27
-26
-24
-21
-21
-19
-17
-14
-12
-8
-6
-3
0
2
6
9
12
15
17
17
19
19
21
22
23
25
27
28
28
28
25
24
22
22
23
22
22
22
22
23
23
22
21
21
19
21
19
19
19
17
18
18
19
20
20
19
17
15
13
10
7
4
1
-1
-5
-10
-12
-15
-19
-21
-23
-26
-28
-28
-28
-29
-30
-30
-29
-29
-28
-27
-26
-26
-27
-27
-29
-29
-28
-27
-27
-26
-26
-25
-26
-25
-25
-24
-24
-23
-22
-21
-19
-18
-17
-15
-12
-10
-4
-4
1
4
7
10
13
18
24
28
32
36
39
41
42
43
44
43
44
43
43
42
40
39
39
38
36
34
33
30
27
24
20
17
14
12
8
4
2
0
-4
-5
-7
-8
-11
-14
-15
-17
-19
-21
-23
-25
-25
-27
-26
-28
-29
-30
-31
-31
-30
-29
-28
-27
-26
-25
-23
-22
-22
-19
-17
-15
-14
-12
-11
-10
-9
-7
-5
-4
-3
-2
-1
1
2
2
4
6
6
8
12
15
18
20
21
24
26
26
27
29
30
29
29
27
28
26
25
24
23
21
19
17
15
12
10
6
5
2
-1
-5
-7
-10
-12
-13
-16
-19
-20
-21
-23
-23
-25
-25
-26
-24
-26
-24
-24
-24
-24
-22
-21
-19
-18
-16
-16
-16
-14
-12
-12
-11
-10
-11
-11
-9
-8
-6
-5
-5
-2
-1
-1
2
3
5
8
9
10
12
14
16
17
19
22
24
26
26
29
31
32
33
32
32
32
32
28
27
25
23
22
20
17
15
12
11
7
5
3
0
-3
-5
-7
-8
-10
-13
-14
-15
-17
-18
-20
-22
-23
-24
-23
-22
-21
-21
-20
-18
-16
-14
-13
-12
-11
-10
-10
-9
-10
-10
-10
-11
-11
-10
-10
-9
-9
-9
-8
-7
-6
-4
-4
-4
-3
-4
-3
-3
-3
-3
-3
-2
-2
1
2
3
5
6
7
9
11
13
16
16
15
16
16
16
18
17
20
21
21
21
22
22
21
21
20
20
18
16
15
14
12
9
6
4
1
-1
-4
-5
-7
-10
-11
-13
-13
-14
-17
-16
-18
-19
-20
-20
-21
-23
-22
-22
-25
-24
-24
-25
-25
-25
-23
-21
-19
-15
-12
-7
-3
1
4
4
7
10
10
11
12
11
11
10
12
12
11
11
11
11
11
12
12
12
13
14
15
15
16
17
17
17
17
16
14
13
12
11
10
9
8
7
5
3
2
-1
-1
-3
-4
-5
-7
-9
-10
-12
-13
-13
-14
-14
-15
-15
-15
-17
-18
-18
-18
-19
-18
-17
-16
-16
-16
-14
-13
-11
-10
-8
-6
-3
-1
0
2
4
5
5
6
6
8
9
9
12
13
13
14
15
16
17
15
14
14
14
14
13
13
12
10
8
7
6
5
4
4
4
2
2
0
1
0
0
-1
-1
-2
-3
-5
-4
-6
-4
-5
-4
-4
-4
-4
-5
-5
-6
-8
-9
-11
-12
-13
-13
-13
-15
-14
-15
-14
-14
-14
-13
-12
-11
-10
-8
-6
-5
-2
0
2
3
4
6
5
5
5
7
7
8
9
10
10
10
11
11
12
11
13
13
14
15
13
14
13
13
12
11
10
9
7
6
5
5
5
5
3
2
1
2
1
-1
-1
-2
-2
-3
-5
-5
-6
-7
-7
-8
-9
-10
-12
-12
-12
-14
-15
-15
-15
-15
-15
-13
-13
-15
-14
-15
-13
-13
-12
-12
-12
-12
-11
-10
-9
-9
-8
-8
-6
-4
-3
-2
-1
0
1
3
4
6
9
11
12
13
15
16
18
18
20
21
21
22
23
23
21
21
20
20
19
18
16
17
16
15
15
14
13
12
12
10
10
9
7
5
3
-1
-3
-6
-10
-12
-15
-17
-20
-21
-21
-22
-21
-20
-20
-20
-21
-20
-20
-20
-18
-16
-15
-14
-13
-13
-12
-13
-12
-11
-9
-9
-8
-7
-6
-5
-4
-4
-3
-2
0
1
0
2
2
2
3
3
5
5
6
7
6
6
7
7
8
8
10
10
12
14
14
13
13
14
13
14
14
14
15
14
13
13
11
9
8
7
6
4
3
1
0
0
-1
0
-2
-1
-1
-2
-2
-1
-2
-2
-2
-3
-3
-5
-6
-5
-7
-7
-7
-8
-7
-9
-8
-9
-6
-6
-6
-5
-4
-4
-6
-4
-4
-2
-3
-3
-1
-1
-1
1
2
2
3
2
1
2
2
2
1
3
2
2
3
3
2
3
3
3
3
2
1
2
2
2
2
2
0
0
0
0
-2
-3
-3
-2
-3
-4
-5
-4
-5
-6
-5
-6
-6
-6
-7
-10
-11
-10
-10
-11
-11
-10
-11
-9
-9
-8
-7
-5
-3
-2
1
2
3
4
4
5
5
5
6
6
6
6
5
6
7
6
7
9
10
11
12
12
12
9
10
10
11
12
12
12
11
11
10
11
11
10
11
11
10
11
11
10
9
8
8
7
5
2
2
-1
-3
-5
-9
-10
-13
-15
-16
-16
-18
-18
-19
-20
-19
-19
-18
-17
-15
-15
-15
-15
-14
-15
-13
-12
-11
-10
-9
-8
-7
-6
-5
-4
-2
-1
0
1
2
2
3
3
3
4
4
5
6
6
6
7
7
7
8
10
10
12
12
14
14
15
16
17
16
16
15
14
14
13
13
12
12
11
11
9
9
7
6
6
5
4
4
3
1
1
-2
-3
-4
-6
-7
-8
-10
-10
-12
-12
-12
-12
-12
-13
-13
-14
-15
-15
-16
-16
-15
-15
-14
-13
-14
-14
-12
-13
-13
-12
-11
-8
-8
-7
-7
-7
-6
-5
-5
-4
-1
0
1
2
3
4
4
5
6
6
7
8
9
9
9
11
11
13
14
14
16
16
18
18
19
18
18
18
18
17
17
15
16
13
12
12
10
8
5
4
2
1
-1
-2
-3
-4
-5
-7
-8
-11
-11
-11
-13
-13
-13
-13
-14
-13
-11
-12
-12
-11
-8
-8
-9
-10
-9
-10
-11
-10
-11
-11
-8
-8
-7
-8
-6
-4
-5
-4
-2
-1
-1
1
2
2
3
3
5
5
7
7
6
7
8
8
8
8
8
7
8
8
9
9
10
10
9
9
9
7
6
7
6
6
6
5
3
3
2
2
1
1
-1
-2
-3
-3
-5
-6
-5
-6
-7
-6
-7
-8
-9
-9
-9
-10
-10
-9
-10
-10
-8
-7
-6
-5
-4
-5
-3
-5
-6
-5
-4
-4
-3
-3
-2
-1
0
1
2
4
5
7
9
8
8
8
9
8
8
9
9
7
9
8
7
6
7
8
7
8
8
8
9
8
8
6
6
6
6
4
4
4
3
3
2
1
0
-1
-1
0
-2
-2
-2
-4
-4
-6
-4
-6
-6
-9
-9
-10
-11
-12
-13
-12
-14
-14
-13
-13
-13
-13
-12
-12
-11
-11
-10
-10
-10
-8
-6
-7
-6
-5
-4
-4
-2
-1
0
1
1
2
3
3
4
4
5
6
6
6
5
6
7
6
7
8
8
8
9
10
9
10
9
10
9
10
10
10
11
11
10
10
8
9
9
9
8
8
7
8
7
6
5
4
4
4
4
3
3
2
1
1
1
0
0
-2
-1
-3
-3
-3
-3
-4
-6
-6
-7
-8
-9
-10
-11
-11
-12
-11
-11
-12
-12
-13
-11
-11
-10
-8
-7
-6
-6
-7
-6
-6
-6
-6
-4
-3
-1
1
2
4
4
4
5
7
5
6
6
6
6
7
6
6
5
5
4
3
4
3
3
2
2
1
1
-1
-1
-1
-1
-1
-1
-2
-1
-3
-3
-3
-3
-3
-3
-4
-4
-5
-5
-4
-4
-5
-5
-5
-3
-2
-1
-2
0
-1
-2
0
-1
-1
-1
0
0
0
0
-1
-1
-1
-1
0
1
1
0
1
0
1
1
1
2
2
2
2
2
3
2
2
3
3
4
3
2
4
4
4
5
3
3
3
3
2
1
2
3
4
4
3
2
1
1
0
0
1
1
1
1
1
1
2
1
2
2
2
1
1
2
1
2
3
3
4
3
4
3
3
3
2
1
1
1
0
-1
-1
-1
-1
-2
-2
-2
-2
-3
-3
-4
-5
-4
-3
-4
-4
-4
-4
-4
-4
-4
-4
-4
-5
-4
-4
-4
-3
-3
-4
-3
-4
-4
-3
-3
-2
0
1
0
0
-1
0
0
1
1
1
1
1
2
2
2
2
3
4
4
4
6
5
4
4
2
1
1
0
0
-1
-2
-2
-2
-4
-4
-5
-4
-3
-3
-3
-2
-2
-1
-1
0
0
0
0
0
0
1
0
1
1
1
0
0
2
2
2
2
1
2
1
2
1
0
1
0
0
0
-2
-1
-1
-1
-2
-2
-2
-2
-2
-1
-1
-1
0
-1
-1
-2
-2
-2
-3
-2
-2
-2
-2
0
0
0
0
0
0
-1
-1
-2
-2
-1
-2
-2
-1
0
0
0
0
0
1
2
2
4
5
6
5
6
7
7
6
6
5
5
5
6
5
5
5
5
5
5
5
4
4
5
4
2
1
1
1
1
2
2
1
0
-1
-1
0
-2
-2
-2
-1
-2
-2
-3
-4
-5
-5
-5
-5
-6
-6
-6
-7
-6
-8
-7
-6
-6
-5
-3
-4
-3
-2
-2
-2
-2
-1
-1
-1
-2
-3
-3
-4
-3
-2
-2
-2
-2
-1
0
1
1
2
3
2
3
4
3
3
3
2
2
2
2
2
2
4
3
4
5
4
3
4
5
5
6
4
4
4
5
4
5
4
3
3
2
1
0
0
-1
-2
-1
-3
-3
-2
-3
-4
-4
-4
-4
-3
-3
-3
-4
-5
-4
-4
-5
-5
-6
-6
-5
-6
-5
-6
-5
-4
-5
-5
-4
-4
-4
-3
-4
-4
-2
-2
-1
-1
0
1
1
3
3
4
5
4
5
5
6
5
6
5
5
5
4
5
4
5
6
5
6
6
6
6
6
6
4
4
