-2
-2
-1
1
2
2
0
-1
1
3
2
1
3
5
5
5
5
6
7
8
8
8
6
5
4
4
5
4
5
4
3
3
2
1
1
1
0
-1
-4
-4
-2
-1
-1
-2
-2
-3
-3
-4
-2
-2
-1
0
-1
-1
-1
-2
-1
0
0
0
0
0
-1
0
-2
-1
1
0
0
-1
0
-1
-1
-2
-2
-1
-2
-2
-2
-1
-1
-3
-3
-2
-3
-3
-2
-2
-2
-2
-2
-2
0
-2
-2
-1
-1
0
0
-1
0
0
0
-1
-1
-1
0
-1
0
1
2
1
2
1
2
2
1
0
0
1
1
1
1
1
0
-1
-2
-1
-2
-3
-3
-2
-1
-2
-3
-1
-1
-1
-1
0
0
0
0
0
2
2
3
2
2
3
3
5
5
5
6
5
5
5
3
3
4
4
4
2
2
1
0
0
-1
-1
-2
0
-2
-2
-2
-3
-3
-2
-1
-2
-2
-3
-2
-2
-3
-1
-1
-2
-3
-3
-3
-1
-1
-2
-2
1
1
0
-1
-1
1
2
1
0
-1
-1
1
0
1
0
1
2
1
0
-1
0
3
3
0
-1
-1
0
1
0
1
0
0
0
1
2
3
3
2
1
1
3
2
3
2
2
1
2
1
1
0
0
1
1
1
0
0
0
0
0
-1
-2
-3
-1
0
1
-1
-2
-2
0
-1
-1
-2
-1
-2
-1
-2
-3
-2
-2
-1
-2
-3
-3
-3
-2
-1
-1
0
0
-1
1
1
1
0
1
0
2
2
3
3
2
4
3
4
3
2
3
2
2
1
2
0
-1
-2
-2
-2
-2
-2
-2
-1
0
0
0
0
1
1
1
0
0
-1
-2
-1
-3
-3
-4
-4
-4
-4
-3
-4
-5
-3
-3
-3
-3
-1
0
0
0
0
0
0
-1
-1
-1
-1
-1
-1
0
-1
-1
-1
0
0
1
0
2
2
2
2
2
3
3
5
2
2
2
1
2
1
2
3
3
2
2
2
2
2
3
3
2
3
2
3
3
2
1
2
3
3
3
3
2
1
1
1
0
0
1
-1
-2
-1
-1
-3
-2
0
0
1
-1
-2
-2
-1
0
-1
-3
-3
-1
0
-2
-2
-1
-2
-2
-1
0
0
-1
-2
-2
-1
-2
-2
-3
-3
-3
-4
-2
-3
-2
-3
-2
-2
-2
-1
-1
0
2
2
0
0
1
1
1
1
-1
-1
0
0
1
0
1
2
2
3
3
2
1
2
1
1
1
1
2
3
2
1
0
0
0
2
1
2
1
2
0
-1
-1
-3
-2
-2
-2
-2
-2
-2
-1
-1
0
-1
0
-1
-1
-1
-1
-2
-1
-1
-1
-1
-2
-2
-1
-1
-1
-1
-1
-1
-1
-2
-1
-1
-2
0
1
1
1
0
0
1
1
1
1
2
3
1
1
1
1
1
0
0
0
0
0
0
0
1
1
-1
0
-1
-1
0
0
1
2
2
2
1
1
1
0
0
0
0
0
-1
-2
-1
0
0
1
1
1
0
0
1
2
1
0
-1
-1
0
0
0
1
-1
-1
-1
-1
-1
-2
-1
-2
-1
0
0
1
0
-1
-2
-1
-2
-1
-1
-1
-2
-4
-2
-2
0
1
1
2
2
3
2
1
2
3
4
4
3
3
3
3
2
3
3
3
5
4
4
3
3
3
4
3
2
2
-1
0
0
0
0
-1
-2
-2
-2
-1
-1
-1
-2
0
0
-2
-2
-1
-1
-2
-3
-3
-5
-6
-5
-4
-5
-8
-9
-9
-9
-8
-7
-6
-6
-5
-5
-6
-7
-5
-4
-4
-3
-3
-3
-4
0
1
0
0
1
3
3
2
4
6
6
5
6
7
5
5
5
7
7
7
6
5
4
4
6
6
5
5
4
10
9
7
5
2
1
2
2
2
2
-1
-1
0
3
2
0
-1
1
2
4
6
7
2
-2
-2
-3
-1
-2
-2
-2
-3
-1
-3
-5
-5
-5
-3
-5
-5
-3
-1
-5
-10
-11
-9
-6
-8
-7
-5
-7
-10
-8
-6
-9
-11
-13
-13
-10
-8
-9
-8
-7
-11
-12
-8
-3
2
4
3
4
9
14
16
18
19
19
16
15
18
21
23
17
16
18
19
18
13
7
6
3
4
8
8
6
1
4
9
12
11
5
5
3
-4
-6
-6
-5
-8
-10
-9
-5
-5
-8
-13
-11
-8
-10
-14
-12
-8
-8
-12
-14
-10
-9
-8
-4
0
4
2
-5
-8
-10
-10
-10
-13
-16
-18
-20
-20
-15
-11
-6
-11
-20
-22
-21
-12
-8
-11
-12
-13
-11
-10
-5
2
1
4
12
22
26
22
19
13
11
12
8
2
1
3
5
5
9
8
5
6
6
6
8
7
2
-2
1
8
11
13
20
19
14
13
17
17
13
8
3
0
3
5
14
18
13
2
-5
5
10
5
0
-1
3
7
14
22
23
21
17
8
-2
-2
3
5
5
-3
-19
-34
-34
-20
-10
-10
-15
-29
-33
-25
-21
-20
-23
-27
-4
14
118
185
156
89
2
-40
-72
-78
-55
-43
-32
-9
-2
24
14
-26
-92
-151
-168
-137
-84
-15
15
9
-15
-26
-5
28
69
71
61
49
56
47
30
9
-8
-29
-28
-10
13
29
26
8
-17
-34
-38
-34
-28
-13
-4
10
19
27
33
24
36
40
28
24
23
35
37
27
16
-7
-13
-8
-3
-7
-14
-21
-28
-24
-17
-1
5
9
13
16
28
33
26
12
4
1
-1
3
13
14
8
-3
-17
-25
-29
-27
-27
-29
-28
-24
-21
-11
0
3
3
4
3
5
4
3
3
1
5
6
5
3
1
-7
-16
-20
-15
-13
-14
-13
-11
-3
2
3
0
-6
-8
-6
-2
5
18
23
28
34
33
28
19
14
7
-3
-6
-5
1
13
17
14
9
2
-3
-10
-14
-8
-9
-8
-10
-8
-4
-6
-9
-6
-3
6
15
21
25
22
11
2
-2
2
11
13
15
19
22
17
4
-13
-31
-44
-48
-39
-24
-6
3
5
-1
-13
-24
-36
-36
-33
-27
-8
10
26
31
24
11
-3
-7
-3
0
-5
-9
-12
-8
-2
1
1
-4
-12
-15
-11
2
11
16
17
17
19
22
29
30
26
19
16
13
12
8
-2
-14
-24
-27
-24
-18
-12
-5
-3
-1
-4
-4
0
6
10
12
15
17
23
27
31
29
23
19
16
6
-2
-2
2
4
0
0
-3
-10
-18
-25
-29
-30
-29
-19
-9
-1
2
0
-6
-12
-23
-30
-28
-24
-19
-17
-13
-4
5
2
-3
-12
-19
-19
-15
-12
-7
-8
-7
-3
2
6
19
28
31
32
24
12
0
-8
-11
-10
-4
8
18
31
38
40
32
15
1
-8
-5
-1
5
4
-2
-11
-13
-10
-4
-4
-10
-12
-10
-3
1
0
1
1
10
25
41
58
65
59
44
32
21
8
-1
-7
-15
-21
-20
-20
-16
-16
-16
-25
-40
-52
-57
-54
-46
-35
-23
-9
-3
0
-8
-17
-19
-20
-16
-4
13
32
42
37
22
0
-23
-32
-29
-16
-2
13
24
32
35
31
22
10
4
9
22
39
53
60
59
52
36
10
-24
-56
-76
-86
-87
-82
-67
-53
-42
-26
-10
4
7
1
-5
-3
5
19
37
52
60
70
78
91
98
96
76
41
11
-8
-16
-24
-32
-45
-61
-73
-76
-71
-68
-73
-79
-78
-63
-43
-18
0
13
23
31
52
73
84
81
57
24
-10
-30
-29
-17
3
19
31
33
32
9
-29
-70
-110
-125
-112
-73
-15
37
69
79
68
52
39
25
15
13
17
26
38
48
46
30
5
-21
-36
-32
-15
0
-6
-33
-67
-89
-87
-58
-20
22
58
80
87
74
53
19
-11
-25
-17
15
55
87
95
65
22
-26
-53
-67
-72
-68
-57
-36
-16
-1
2
-5
-15
-19
-8
23
60
81
79
49
-1
-49
-79
-80
-57
-19
15
38
43
19
-29
-88
-134
-158
-143
-97
-35
20
57
78
76
63
43
31
28
32
59
82
92
88
64
29
6
4
19
37
43
35
12
-23
-57
-92
-116
-131
-128
-95
-50
8
58
83
83
55
24
-3
-27
-42
-54
-61
-58
-48
-18
22
51
72
75
62
47
29
10
-21
-51
-71
-72
-51
-17
32
69
85
88
81
74
59
47
26
-7
-34
-63
-80
-72
-55
-27
6
40
80
109
114
83
23
-51
-114
-147
-141
-110
-59
-7
39
76
92
96
88
64
29
-9
-35
-42
-39
-30
-29
-24
-10
21
59
96
118
111
62
-9
-90
-155
-193
-197
-162
-113
-48
15
64
84
61
15
-42
-81
-90
-77
-41
3
49
90
112
120
113
95
71
55
44
30
9
-26
-59
-92
-106
-91
-58
-7
31
56
58
35
-1
-56
-110
-145
-152
-124
-73
-7
58
104
128
121
93
46
3
-24
-41
-35
-26
-13
-12
-19
-23
-26
-22
-17
-16
-14
-16
-10
-9
-8
-15
-30
-35
-18
21
78
130
159
165
149
115
64
12
-28
-45
-40
-17
16
45
65
68
63
43
14
-19
-55
-84
-108
-120
-119
-105
-71
-34
5
40
69
87
90
75
45
6
-35
-74
-93
-83
-50
3
48
72
73
66
50
27
8
-12
-32
-47
-51
-33
-1
32
55
61
58
46
30
19
11
-3
-25
-46
-63
-67
-60
-52
-49
-43
-41
-43
-39
-35
-30
-26
-21
-21
-20
-14
-3
14
28
35
42
52
57
57
51
46
40
30
19
6
-6
-20
-40
-53
-62
-65
-68
-63
-52
-45
-39
-33
-23
-12
-7
-6
-9
-14
-23
-26
-9
20
52
75
87
91
88
74
63
53
34
10
-10
-17
-15
-19
-22
-25
-34
-39
-49
-45
-40
-43
-44
-43
-45
-48
-42
-24
-1
20
28
35
39
36
25
13
7
-3
-3
-2
3
16
24
24
12
1
-9
-11
1
14
14
11
13
16
18
19
32
44
53
56
61
69
57
24
-13
-39
-51
-46
-23
8
42
57
47
29
16
5
-12
-31
-43
-40
-23
-3
16
30
36
30
15
8
8
16
15
-4
-29
-48
-55
-55
-64
-64
-54
-26
2
21
40
46
28
-5
-27
-27
-3
24
49
68
83
81
59
31
-2
-32
-59
-83
-93
-85
-69
-63
-65
-63
-58
-55
-42
-20
-4
0
-4
-10
-24
-34
-36
-27
-15
-5
21
55
89
104
91
62
22
-14
-38
-42
-19
0
16
27
35
44
41
32
21
14
11
6
6
-1
-19
-38
-60
-63
-56
-34
-5
21
36
29
18
5
-17
-37
-52
-51
-40
-27
3
46
91
106
103
99
92
77
57
36
18
-9
-45
-80
-94
-91
-90
-87
-80
-62
-51
-49
-55
-57
-58
-69
-70
-53
-27
-1
32
71
101
115
119
118
107
85
56
29
2
-27
-41
-31
-16
-13
-14
-14
-12
-17
-24
-24
-22
-21
-27
-20
-2
20
37
47
51
51
54
61
67
67
54
28
8
1
-1
0
11
21
21
17
14
21
26
9
-19
-44
-54
-51
-34
-5
18
28
21
8
7
18
20
14
5
-7
-9
-1
2
-4
-14
-32
-49
-49
-30
-4
10
1
-24
-46
-55
-59
-63
-63
-61
-58
-47
-38
-23
-6
-3
-17
-34
-39
-36
-24
-6
8
13
14
15
27
43
49
49
52
55
52
51
53
46
36
25
18
22
27
29
28
19
4
-12
-16
-13
-10
-2
0
1
7
10
9
3
-11
-25
-36
-42
-46
-44
-29
-15
-3
3
5
5
5
-8
-28
-43
-53
-63
-62
-51
-26
6
31
43
47
44
33
18
-2
-31
-67
-91
-98
-86
-62
-43
-27
-17
-16
-18
-23
-25
-26
-35
-44
-50
-49
-37
-16
12
42
69
103
137
162
168
157
133
96
59
30
12
3
4
7
16
36
53
70
80
73
50
17
-11
-32
-52
-70
-87
-94
-84
-61
-22
20
58
93
114
115
109
89
61
36
6
-8
-11
-6
10
19
26
26
15
9
-7
-39
-70
-106
-142
-161
-161
-142
-106
-67
-27
8
44
72
87
90
76
49
36
30
28
38
46
53
65
70
71
65
45
17
-29
-78
-122
-163
-193
-226
-247
-243
-229
-199
-165
-134
-99
-79
-61
-35
-20
-3
12
25
47
63
81
105
125
141
145
141
147
149
137
112
76
32
-23
-67
-93
-110
-112
-111
-94
-50
-4
56
119
161
187
193
206
229
240
246
235
218
212
203
192
185
163
136
99
65
53
18
-31
-81
-139
-172
-193
-214
-216
-228
-243
-246
-248
-241
-250
-264
-281
-308
-318
-319
-332
-335
-338
-335
-318
-286
-231
-177
-133
-85
-50
-27
-12
-13
-17
-31
-50
-58
-52
-32
-2
26
50
59
64
74
79
85
103
127
151
192
256
331
412
496
582
680
779
865
924
947
932
893
832
754
669
576
470
352
250
157
69
-11
-104
-208
-303
-388
-443
-494
-551
-605
-636
-640
-633
-611
-561
-493
-412
-340
-283
-220
-182
-174
-198
-249
-294
-345
-409
-462
-517
-540
-547
-564
-560
-576
-609
-634
-669
-690
-710
-739
-736
-723
-672
-582
-496
-382
-274
-175
-57
29
104
173
205
264
328
400
557
767
1002
1233
1449
1711
1958
2123
2197
2171
2101
1968
1735
1493
1258
1029
796
518
284
128
8
-88
-225
-374
-498
-635
-745
-844
-932
-964
-965
-930
-852
-726
-525
-321
-171
-60
16
92
147
122
52
-43
-174
-332
-505
-635
-739
-868
-999
-1118
-1212
-1278
-1357
-1451
-1534
-1617
-1687
-1738
-1742
-1680
-1586
-1464
-1321
-1145
-895
-634
-379
-123
74
258
438
564
674
800
1021
1330
1576
1837
2168
2507
2831
3027
3095
3110
2993
2757
2426
2049
1730
1337
879
445
42
-246
-478
-705
-858
-1016
-1144
-1214
-1253
-1221
-1199
-1158
-1029
-861
-598
-248
124
484
768
1022
1246
1414
1518
1485
1352
1152
848
513
193
-142
-512
-926
-1313
-1623
-1874
-2101
-2330
-2532
-2691
-2819
-2905
-2918
-2833
-2682
-2483
-2221
-1897
-1488
-1025
-568
-147
195
474
701
847
930
924
865
784
653
537
480
445
442
440
466
623
822
1044
1335
1607
1843
2029
2143
2284
2359
2291
2153
1931
1764
1619
1403
1229
1016
787
581
309
139
10
-154
-309
-549
-727
-820
-902
-865
-853
-841
-728
-588
-364
-172
-21
181
313
425
496
511
584
575
473
316
103
-69
-291
-567
-833
-1116
-1330
-1532
-1745
-1901
-2043
-2122
-2167
-2209
-2182
-2112
-1987
-1828
-1657
-1444
-1211
-954
-690
-448
-209
-19
101
162
172
148
81
-51
-211
-342
-450
-534
-548
-503
-365
-136
124
509
991
1550
2196
2739
3149
3510
3766
3962
3967
3751
3479
3106
2715
2267
1752
1349
916
444
-9
-513
-863
-1166
-1511
-1797
-2110
-2329
-2441
-2489
-2350
-2164
-1914
-1578
-1208
-694
-182
289
769
1111
1394
1631
1782
1946
2002
1925
1761
1491
1221
929
578
183
-315
-838
-1311
-1737
-2099
-2457
-2796
-3069
-3245
-3289
-3221
-3038
-2765
-2449
-2110
-1763
-1364
-934
-535
-208
-6
155
303
414
509
512
454
404
322
264
203
109
55
14
49
221
425
668
969
1361
1913
2422
2759
3017
3210
3362
3398
3227
3011
2743
2400
2000
1521
1145
822
409
-50
-611
-1085
-1403
-1723
-1979
-2264
-2523
-2600
-2575
-2390
-2121
-1822
-1406
-996
-573
-140
294
796
1149
1366
1556
1709
1903
1986
1943
1903
1782
1616
1357
1014
713
356
-77
-587
-1129
-1596
-2066
-2495
-2830
-3082
-3191
-3260
-3247
-3053
-2734
-2312
-1918
-1580
-1223
-868
-499
-211
-10
162
247
294
289
248
252
223
143
-2
-158
-212
-240
-266
-272
-199
69
375
664
1034
1516
2180
2767
3049
3208
3377
3569
3634
3397
3073
2748
2378
1929
1367
924
579
128
-416
-1061
-1564
-1832
-2097
-2352
-2657
-2936
-2986
-2868
-2547
-2140
-1780
-1336
-834
-259
366
923
1456
1862
2088
2243
2341
2455
2530
2446
2222
1923
1661
1449
1213
895
430
-76
-524
-933
-1306
-1745
-2212
-2599
-2897
-3089
-3221
-3257
-3188
-3068
-2860
-2621
-2315
-1895
-1492
-1107
-778
-524
-216
78
324
523
599
623
645
659
648
536
330
110
-92
-255
-445
-611
-586
-380
-126
114
384
922
1711
2356
2712
2921
3181
3504
3588
3374
3072
2732
2344
1749
1069
589
217
-167
-701
-1327
-1696
-1854
-1895
-1905
-2034
-2081
-1982
-1734
-1345
-1012
-671
-315
9
332
589
946
1325
1519
1601
1591
1650
1793
1829
1795
1666
1491
1374
1302
1289
1175
883
508
124
-209
-639
-1199
-1743
-2268
-2730
-3134
-3439
-3541
-3546
-3508
-3423
-3236
-2899
-2504
-2075
-1675
-1398
-1172
-943
-647
-310
-83
61
191
327
453
533
625
661
539
321
88
-15
-14
-22
99
315
509
765
1124
1743
2455
2818
2884
2900
3038
3205
3059
2721
2359
1950
1525
981
584
413
148
-198
-660
-1059
-1159
-1186
-1163
-1244
-1508
-1651
-1624
-1359
-1006
-804
-577
-334
-36
375
792
1323
1745
1875
1933
2053
2336
2593
2587
2418
2146
1837
1510
1196
1010
715
157
-534
-1192
-1625
-1991
-2545
-3218
-3881
-4381
-4687
-4830
-4775
-4599
-4342
-4049
-3703
-3147
-2427
-1650
-942
-494
-212
94
524
995
1228
1213
1172
1245
1410
1499
1543
1600
1530
1296
958
697
603
439
162
-29
-72
-11
95
349
865
1362
1566
1599
1798
2221
2510
2450
2268
2158
2081
1877
1555
1373
1259
990
562
87
-221
-376
-529
-667
-852
-1041
-1141
-1098
-847
-584
-406
-218
-10
288
581
828
1106
1258
1266
1222
1209
1272
1244
1063
780
418
46
-366
-737
-1020
-1338
-1674
-1999
-2253
-2386
-2527
-2698
-2893
-3087
-3191
-3238
-3199
-3076
-2878
-2547
-2174
-1795
-1387
-940
-374
201
646
960
1184
1411
1598
1669
1642
1544
1467
1377
1234
1092
918
732
522
185
-216
-616
-948
-1158
-1238
-1158
-1023
-909
-679
-168
647
1409
1816
2086
2488
2996
3325
3336
3297
3314
3187
2804
2324
2088
2001
1707
1109
376
-158
-468
-753
-1040
-1407
-1802
-2059
-2108
-1950
-1738
-1541
-1304
-1070
-863
-647
-306
140
415
445
386
419
585
715
740
669
455
155
-96
-225
-325
-547
-838
-1061
-1211
-1386
-1584
-1674
-1685
-1788
-2027
-2230
-2220
-2029
-1802
-1613
-1435
-1252
-1045
-738
-338
27
257
377
493
617
709
792
897
993
1002
959
1005
1140
1243
1232
1121
941
655
273
-85
-336
-576
-821
-957
-982
-942
-819
-478
168
779
1066
1250
1636
2226
2637
2696
2711
2787
2775
2544
2225
2130
2060
1706
1108
455
20
-250
-556
-873
-1264
-1684
-1983
-2053
-1915
-1841
-1896
-1907
-1797
-1612
-1463
-1239
-875
-589
-495
-459
-222
212
580
762
793
801
809
799
828
754
530
321
211
193
102
-108
-251
-313
-445
-752
-1120
-1329
-1456
-1647
-1887
-2059
-2059
-2033
-2047
-1919
-1641
-1308
-968
-612
-175
225
534
876
1277
1630
1792
1809
1881
2027
2084
1924
1614
1294
945
497
6
-440
-840
-1165
-1407
-1621
-1738
-1662
-1297
-725
-308
-85
232
797
1457
1830
1929
2076
2255
2320
2192
2041
2065
2005
1685
1186
691
419
206
-88
-459
-934
-1350
-1613
-1701
-1692
-1787
-1869
-1802
-1593
-1343
-1128
-769
-309
22
200
362
714
1126
1357
1425
1394
1363
1296
1159
1021
794
493
258
131
69
-99
-370
-569
-717
-924
-1284
-1709
-2020
-2247
-2424
-2515
-2522
-2436
-2331
-2127
-1690
-1154
-646
-187
299
805
1154
1410
1712
2009
2133
1989
1828
1825
1822
1667
1307
885
450
-93
-669
-1192
-1667
-2156
-2604
-2858
-2940
-2910
-2688
-2136
-1325
-629
-135
489
1431
2408
2965
3168
3388
3675
3805
3655
3457
3337
3076
2572
1907
1288
795
289
-247
-857
-1528
-2106
-2459
-2525
-2516
-2610
-2636
-2433
-2019
-1595
-1203
-685
-151
216
423
695
1150
1518
1636
1619
1634
1687
1614
1459
1303
1055
680
328
206
189
-1
-375
-733
-901
-1046
-1395
-1854
-2253
-2518
-2717
-2871
-2890
-2792
-2644
-2436
-2072
-1534
-985
-480
49
557
946
1222
1530
1885
2062
1968
1794
1735
1750
1621
1259
818
409
-28
-529
-991
-1334
-1642
-1958
-2196
-2274
-2172
-1946
-1575
-1043
-517
-107
332
984
1753
2310
2574
2799
3105
3329
3338
3252
3220
3099
2694
2061
1442
971
492
-93
-714
-1303
-1782
-2134
-2303
-2286
-2247
-2222
-2111
-1799
-1334
-905
-503
-98
252
516
742
1066
1397
1540
1534
1511
1567
1585
1441
1227
979
674
341
109
27
-95
-398
-782
-1045
-1167
-1380
-1785
-2229
-2549
-2740
-2896
-2997
-2968
-2846
-2682
-2426
-2001
-1436
-851
-280
292
826
1300
1753
2215
2560
2653
2588
2531
2510
2371
1986
1472
944
380
-275
-992
-1609
-2094
-2524
-2901
-3166
-3193
-2999
-2680
-2212
-1609
-945
-294
371
1172
2003
2656
3089
3407
3707
3904
3926
3847
3680
3375
2861
2203
1586
1051
526
-67
-707
-1265
-1699
-2006
-2145
-2175
-2198
-2236
-2167
-1898
-1530
-1191
-881
-539
-176
125
404
756
1136
1408
1515
1588
1706
1759
1655
1416
1126
828
543
320
132
-114
-438
-777
-1013
-1209
-1533
-1964
-2361
-2612
-2789
-2977
-3063
-2967
-2753
-2519
-2236
-1781
-1192
-594
-30
525
1075
1544
1914
2214
2418
2510
2474
2345
2157
1867
1449
935
380
-225
-924
-1615
-2175
-2594
-2934
-3213
-3342
-3248
-2960
-2498
-1838
-1056
-321
354
1142
2091
2966
3524
3855
4168
4437
4508
4365
4167
3931
3475
2728
1873
1165
581
-81
-865
-1635
-2211
-2585
-2821
-2903
-2871
-2755
-2555
-2223
-1736
-1197
-661
-123
374
788
1105
1440
1838
2141
2245
2213
2216
2224
2052
1695
1283
892
467
-4
-398
-698
-1023
-1437
-1833
-2074
-2268
-2589
-2989
-3275
-3386
-3446
-3494
-3398
-3094
-2680
-2248
-1745
-1093
-352
353
995
1594
2117
2514
2793
2969
2999
2854
2585
2257
1863
1338
705
55
-590
-1281
-2022
-2666
-3108
-3431
-3709
-3862
-3757
-3381
-2866
-2208
-1330
-333
611
1487
2447
3509
4361
4832
5112
5364
5518
5373
4986
4579
4092
3369
2403
1409
594
-188
-1051
-1933
-2698
-3225
-3569
-3732
-3696
-3523
-3229
-2833
-2288
-1609
-903
-200
450
1008
1453
1817
2207
2561
2737
2705
2594
2524
2367
1997
1488
979
488
-112
-768
-1285
-1632
-1982
-2451
-2884
-3104
-3203
-3370
-3597
-3695
-3588
-3403
-3220
-2932
-2458
-1865
-1277
-724
-122
547
1206
1783
2225
2549
2791
2958
3020
2924
2696
2385
1995
1502
903
265
-369
-1024
-1742
-2479
-3085
-3501
-3789
-4026
-4118
-3895
-3393
-2754
-2010
-1027
201
1375
2362
3307
4343
5284
5801
5957
6006
5984
5748
5187
4465
3705
2847
1839
716
-301
-1138
-1909
-2683
-3417
-3920
-4134
-4117
-3920
-3639
-3239
-2682
-1997
-1217
-424
358
1066
1629
2068
2402
2717
3002
3110
2970
2685
2444
2195
1768
1183
572
7
-599
-1253
-1783
-2102
-2348
-2715
-3126
-3323
-3290
-3261
-3373
-3472
-3390
-3182
-2961
-2706
-2323
-1815
-1281
-783
-274
315
962
1557
2001
2303
2549
2770
2900
2841
2597
2257
1848
1341
724
70
-532
-1123
-1756
-2400
-2906
-3170
-3290
-3393
-3425
-3194
-2631
-1913
-1188
-321
807
1988
2933
3692
4499
5304
5779
5837
5704
5516
5198
4636
3894
3073
2206
1287
298
-668
-1483
-2151
-2740
-3298
-3724
-3892
-3799
-3526
-3210
-2845
-2310
-1611
-866
-169
503
1137
1647
2004
2230
2412
2584
2625
2420
2053
1758
1559
1241
722
149
-353
-842
-1402
-1950
-2350
-2612
-2916
-3307
-3582
-3613
-3534
-3533
-3582
-3517
-3297
-2993
-2644
-2229
-1728
-1160
-560
30
606
1221
1858
2394
2737
2961
3186
3356
3336
3090
2733
2342
1865
1253
580
-22
-546
-1091
-1691
-2223
-2554
-2719
-2864
-3011
-3002
-2715
-2237
-1702
-1055
-153
890
1797
2537
3313
4161
4797
5046
5067
5025
4886
4561
4058
3457
2772
2022
1211
362
-410
-1060
-1671
-2318
-2924
-3318
-3446
-3400
-3337
-3268
-3020
-2529
-1943
-1378
-803
-185
369
790
1126
1455
1778
1989
1973
1790
1663
1671
1605
1303
867
453
60
-404
-938
-1463
-1932
-2388
-2847
-3206
-3361
-3362
-3368
-3399
-3346
-3149
-2836
-2476
-2101
-1720
-1280
-727
-119
468
1041
1644
2246
2735
3120
3505
3856
4012
3891
3608
3266
2816
2185
1401
597
-140
-830
-1527
-2192
-2732
-3142
-3475
-3738
-3874
-3820
-3562
-3147
-2580
-1777
-723
415
1452
2415
3404
4315
4980
5358
5517
5492
5276
4899
4391
3745
2975
2095
1144
198
-669
-1443
-2200
-2953
-3627
-4109
-4343
-4403
-4358
-4198
-3857
-3348
-2738
-2013
-1192
-402
279
880
1474
2035
2492
2801
2934
2962
2972
2955
2833
2545
2128
1599
977
293
-431
-1176
-1952
-2732
-3420
-3900
-4166
-4314
-4395
-4347
-4105
-3684
-3145
-2536
-1893
-1218
-492
294
1115
1923
2675
3318
3828
4244
4617
4909
4973
4734
4255
3648
2942
2094
1118
77
-984
-2007
-2907
-3611
-4139
-4572
-4943
-5216
-5303
-5161
-4822
-4344
-3757
-3011
-1994
-715
657
1957
3168
4307
5294
6013
6458
6657
6598
6275
5712
5010
4228
3347
2322
1149
-22
-1036
-1893
-2690
-3492
-4187
-4650
-4874
-4909
-4793
-4498
-4048
-3506
-2841
-2004
-1029
-58
807
1589
2326
3037
3683
4172
4450
4527
4462
4279
3964
3512
2879
2043
1058
29
-966
-1930
-2888
-3813
-4618
-5182
-5446
-5457
-5306
-5037
-4611
-3981
-3184
-2321
-1450
-579
274
1066
1805
2541
3237
3774
4071
4195
4263
4283
4150
3784
3208
2478
1632
707
-253
-1230
-2204
-3137
-3950
-4547
-4903
-5084
-5176
-5184
-5041
-4723
-4265
-3701
-3027
-2247
-1368
-339
916
2291
3550
4612
5583
6501
7179
7472
7460
7197
6658
5848
4893
3887
2761
1485
156
-1097
-2141
-2972
-3658
-4262
-4749
-5000
-5016
-4825
-4460
-3983
-3400
-2722
-1921
-976
57
1079
1967
2740
3456
4079
4578
4905
4997
4827
4466
4025
3457
2687
1747
700
-431
-1618
-2750
-3728
-4589
-5397
-6090
-6498
-6528
-6282
-5878
-5320
-4576
-3658
-2632
-1545
-425
656
1627
2469
3198
3848
4395
4770
4906
4811
4575
4233
3760
3130
2342
1423
407
-641
-1658
-2604
-3444
-4156
-4711
-5078
-5233
-5165
-4930
-4600
-4194
-3672
-3017
-2290
-1554
-781
67
986
1948
2989
4113
5137
5910
6496
7015
7397
7392
6966
6299
5498
4528
3382
2203
1081
-40
-1182
-2279
-3153
-3703
-4052
-4367
-4682
-4818
-4651
-4274
-3801
-3277
-2649
-1896
-1065
-172
775
1719
2538
3156
3632
4003
4254
4345
4216
3814
3186
2484
1770
933
-96
-1214
-2268
-3227
-4108
-4862
-5419
-5782
-6010
-6075
-5884
-5410
-4753
-4005
-3139
-2126
-1014
103
1159
2133
3005
3746
4337
4755
4987
5024
4867
4522
4024
3428
2719
1867
902
-79
-985
-1815
-2594
-3316
-3936
-4388
-4636
-4682
-4554
-4288
-3905
-3419
-2846
-2191
-1456
-666
93
734
1289
1872
2524
3142
3618
4048
4592
5139
5420
5430
5406
5398
5138
4478
3623
2790
1989
1114
196
-616
-1281
-1851
-2406
-2915
-3224
-3322
-3335
-3396
-3450
-3315
-2966
-2515
-2075
-1630
-1086
-477
121
704
1311
1885
2270
2462
2554
2588
2519
2246
1760
1148
517
-101
-769
-1468
-2112
-2665
-3138
-3531
-3783
-3868
-3829
-3735
-3584
-3279
-2771
-2168
-1605
-1068
-422
368
1191
1899
2477
3006
3480
3831
3988
3965
3797
3451
2906
2241
1570
914
182
-628
-1403
-2023
-2453
-2757
-3004
-3191
-3240
-3117
-2872
-2548
-2137
-1649
-1152
-684
-177
416
1031
1549
1946
2283
2577
2788
2898
2908
2802
2570
2348
2321
2345
2157
1820
1630
1638
1529
1209
890
655
406
57
-258
-428
-565
-792
-1175
-1570
-1743
-1728
-1720
-1881
-2078
-2117
-2008
-1812
-1642
-1490
-1278
-1058
-847
-568
-152
256
445
497
548
642
740
753
615
346
93
-86
-291
-514
-710
-920
-1220
-1503
-1568
-1450
-1352
-1371
-1401
-1281
-1000
-683
-439
-251
-21
290
647
1013
1393
1726
1927
2015
2102
2195
2166
1968
1652
1273
892
540
223
-99
-466
-844
-1145
-1286
-1298
-1253
-1187
-1118
-1038
-891
-622
-317
-113
-23
79
266
462
607
704
765
760
659
513
422
395
323
190
292
751
1223
1449
1637
2066
2493
2571
2444
2313
2104
1662
1072
592
203
-226
-814
-1559
-2166
-2458
-2576
-2787
-3146
-3428
-3535
-3486
-3354
-3191
-2917
-2576
-2250
-1852
-1214
-373
366
918
1386
1798
2206
2618
2889
2849
2606
2414
2211
1869
1474
1120
707
148
-369
-645
-792
-1051
-1473
-1873
-2084
-2125
-2153
-2251
-2305
-2162
-1816
-1365
-795
-65
683
1288
1805
2375
2943
3317
3412
3256
2960
2640
2314
1924
1430
867
319
-96
-357
-559
-739
-886
-1082
-1357
-1559
-1578
-1582
-1741
-1946
-2021
-1949
-1776
-1547
-1337
-1145
-926
-677
-444
-203
88
323
469
812
1446
2027
2331
2545
2919
3262
3264
3008
2664
2204
1524
719
26
-590
-1213
-1920
-2729
-3394
-3721
-3810
-3929
-4159
-4293
-4191
-3831
-3349
-2860
-2247
-1507
-748
21
933
1986
2905
3589
4061
4342
4587
4830
4855
4449
3818
3334
2864
2185
1423
748
78
-743
-1572
-2177
-2569
-2976
-3526
-4025
-4234
-4141
-3913
-3646
-3282
-2718
-1901
-946
49
1151
2272
3188
3824
4313
4777
5079
5033
4594
3898
3172
2469
1725
902
28
-778
-1450
-1998
-2447
-2773
-2955
-3140
-3451
-3701
-3640
-3393
-3253
-3176
-2946
-2508
-1894
-1236
-669
-155
410
947
1283
1503
1773
2017
2060
1969
2093
2481
2719
2591
2391
2412
2382
1984
1405
838
187
-630
-1430
-2030
-2503
-2867
-3193
-3560
-3708
-3447
-2952
-2553
-2282
-1898
-1330
-633
25
602
1264
1948
2452
2845
3352
3885
4155
4161
3946
3573
3248
2958
2450
1652
858
261
-321
-976
-1568
-2010
-2387
-2835
-3268
-3489
-3457
-3341
-3308
-3278
-3020
-2484
-1864
-1307
-757
-57
767
1508
2153
2833
3544
4098
4307
4272
4192
4071
3710
2952
1980
1057
217
-613
-1455
-2222
-2806
-3187
-3465
-3689
-3702
-3462
-3200
-3091
-2972
-2616
-2099
-1641
-1312
-967
-443
199
776
1229
1639
1998
2159
2107
1957
1765
1531
1188
682
221
182
423
424
183
131
342
453
321
123
-86
-381
-778
-1141
-1284
-1202
-1037
-999
-1073
-902
-353
283
650
734
769
906
1064
1058
968
1007
1009
785
589
719
1002
1113
1020
804
632
670
720
511
140
-120
-275
-521
-785
-879
-869
-976
-1230
-1386
-1297
-1103
-1009
-1051
-1092
-972
-662
-344
-185
-64
232
664
990
1215
1569
1999
2243
2276
2266
2279
2186
1833
1227
551
-33
-547
-1116
-1728
-2216
-2438
-2466
-2474
-2456
-2257
-1936
-1740
-1634
-1384
-1006
-737
-641
-578
-428
-150
198
461
600
726
881
971
931
809
669
462
94
-350
-648
-734
-635
-405
-223
-123
132
649
1086
1172
1178
1268
1216
960
758
779
826
721
515
292
209
268
261
99
-132
-358
-630
-900
-1091
-1217
-1245
-1235
-1258
-1128
-624
38
516
917
1402
1833
2140
2375
2465
2334
2092
1820
1416
919
509
180
-252
-800
-1241
-1453
-1577
-1773
-1998
-2104
-2030
-1867
-1750
-1632
-1349
-927
-505
-126
316
848
1313
1617
1820
2028
2212
2181
1856
1402
992
576
30
-551
-1016
-1391
-1710
-1903
-1986
-2031
-2016
-1966
-2011
-2094
-1995
-1759
-1608
-1540
-1385
-1086
-690
-245
172
543
949
1328
1522
1572
1642
1680
1504
1137
757
457
231
11
-272
-389
-93
303
401
432
770
1165
1169
937
810
759
592
294
70
60
202
307
225
128
214
347
328
129
-124
-342
-475
-569
-700
-656
-310
47
260
576
1122
1634
1913
1973
1814
1550
1296
913
302
-287
-640
-944
-1355
-1633
-1577
-1389
-1359
-1448
-1440
-1275
-1115
-1108
-1176
-1170
-1049
-881
-701
-429
-35
436
844
1079
1256
1504
1681
1551
1162
764
433
78
-332
-712
-994
-1162
-1228
-1234
-1196
-1071
-896
-805
-865
-925
-865
-811
-903
-1054
-1049
-842
-581
-330
7
489
987
1361
1638
1909
2143
2233
2135
1891
1587
1267
864
344
-162
-567
-951
-1348
-1639
-1791
-1880
-1742
-1332
-983
-822
-547
-40
385
581
788
1068
1262
1361
1489
1736
2007
2143
2044
1782
1539
1297
935
446
-106
-659
-1134
-1455
-1659
-1739
-1606
-1403
-1273
-1055
-604
-175
-2
55
99
76
23
-28
-110
-169
-70
141
329
547
872
1184
1315
1255
1113
947
727
353
-171
-669
-999
-1225
-1471
-1666
-1699
-1593
-1463
-1376
-1263
-1068
-878
-817
-826
-711
-476
-255
-54
247
655
1044
1366
1643
1841
1918
1864
1665
1297
846
451
86
-327
-702
-881
-900
-889
-848
-720
-530
-359
-285
-307
-349
-352
-377
-476
-562
-542
-419
-254
-87
82
266
429
477
404
279
125
-85
-330
-520
-530
-227
249
585
831
1236
1726
1927
1806
1642
1436
1033
479
7
-232
-302
-346
-471
-606
-561
-360
-208
-271
-513
-784
-1011
-1237
-1471
-1509
-1253
-965
-767
-385
319
1069
1609
1979
2189
2226
2143
1943
1597
1197
853
470
-19
-424
-585
-637
-841
-1224
-1610
-1876
-2085
-2359
-2655
-2807
-2737
-2542
-2324
-1953
-1292
-447
298
817
1271
1784
2224
2378
2290
2170
2031
1770
1436
1205
1125
1072
947
741
515
356
199
-141
-704
-1254
-1621
-1941
-2282
-2434
-2256
-1923
-1612
-1239
-683
-10
601
1028
1297
1503
1680
1748
1673
1546
1441
1334
1145
890
679
530
300
-122
-637
-1080
-1456
-1863
-2284
-2601
-2743
-2740
-2652
-2449
-1961
-1187
-442
56
501
1104
1683
1967
2025
2069
2133
2122
2048
2034
2132
2253
2228
2006
1712
1454
1189
779
162
-520
-1065
-1432
-1747
-1992
-1996
-1820
-1669
-1535
-1234
-809
-475
-298
-219
-173
-92
38
143
201
324
545
739
857
977
1113
1126
926
597
276
13
-264
-596
-890
-1023
-992
-906
-816
-677
-486
-318
-261
-296
-330
-332
-373
-487
-579
-552
-442
-300
-107
145
387
588
770
910
975
982
946
839
688
581
530
464
376
304
236
112
-69
-298
-589
-934
-1299
-1633
-1897
-2055
-2097
-2041
-1884
-1623
-1263
-850
-454
-119
150
347
471
537
578
607
622
639
690
784
907
1100
1415
1763
1975
2036
2071
2090
1995
1770
1486
1178
864
592
402
308
284
242
73
-219
-523
-798
-1071
-1362
-1647
-1871
-1960
-1875
-1615
-1181
-625
-79
371
776
1150
1400
1466
1368
1131
810
501
237
14
-133
-195
-257
-369
-482
-570
-696
-923
-1243
-1582
-1865
-2065
-2197
-2232
-2105
-1804
-1399
-946
-453
48
487
813
1020
1148
1218
1234
1203
1178
1207
1256
1270
1240
1175
1047
831
552
246
-81
-414
-742
-1047
-1280
-1402
-1438
-1440
-1393
-1260
-1056
-842
-657
-487
-316
-151
-9
132
320
569
823
1049
1260
1466
1639
1733
1723
1614
1454
1270
1025
747
530
396
273
132
25
-28
-82
-190
-367
-581
-779
-960
-1120
-1172
-1000
-664
-339
-55
274
640
929
1083
1128
1098
1020
926
846
822
856
882
812
637
428
214
-37
-395
-875
-1385
-1823
-2163
-2405
-2480
-2353
-2108
-1817
-1466
-1058
-658
-325
-108
-47
-92
-131
-127
-96
-14
150
347
525
685
819
881
840
683
413
81
-226
-450
-589
-642
-603
-478
-295
-86
116
285
389
391
299
174
57
-49
-116
-116
-52
57
228
462
705
913
1086
1196
1204
1113
960
753
503
263
78
-47
-100
-59
54
189
310
400
439
405
303
161
18
-102
-191
-234
-200
-94
57
217
355
450
487
444
305
71
-209
-487
-756
-1001
-1188
-1296
-1337
-1326
-1261
-1152
-982
-719
-400
-135
52
236
419
523
534
527
536
547
564
618
721
848
929
893
725
467
136
-269
-730
-1199
-1613
-1922
-2105
-2154
-2034
-1753
-1397
-1033
-648
-257
52
236
342
411
461
528
637
800
1044
1367
1682
1902
2005
1989
1820
1480
1023
539
100
-267
-561
-753
-804
-723
-579
-443
-338
-272
-252
-287
-372
-459
-487
-436
-335
-180
52
331
596
800
933
985
946
843
715
599
513
470
456
451
454
459
426
323
161
-29
-233
-448
-659
-852
-1013
-1129
-1185
-1176
-1108
-994
-855
-712
-573
-431
-286
-157
-74
-38
-12
22
51
74
102
122
113
81
40
-10
-77
-172
-306
-463
-613
-741
-854
-936
-952
-864
-659
-370
-58
240
528
786
952
1013
998
941
862
778
721
714
755
792
771
698
597
454
245
-14
-279
-520
-716
-840
-880
-832
-705
-535
-354
-166
24
172
252
293
333
379
425
458
480
514
560
583
556
490
402
286
138
-3
-96
-137
-159
-175
-169
-115
-26
50
80
71
45
3
-62
-136
-193
-225
-247
-264
-259
-213
-145
-88
-57
-37
-20
-20
-33
-33
-2
40
64
63
58
65
83
81
48
8
-23
-53
-101
-145
-175
-212
-271
-348
-410
-452
-486
-526
-575
-605
-605
-591
-579
-557
-515
-455
-397
-341
-274
-181
-78
16
113
231
347
426
468
500
531
575
651
758
856
908
924
905
826
671
456
212
-28
-234
-376
-443
-455
-453
-465
-491
-517
-539
-563
-588
-595
-557
-454
-290
-77
179
456
704
896
1047
1150
1164
1087
954
787
605
422
245
85
-44
-129
-203
-282
-361
-436
-505
-566
-608
-613
-577
-505
-410
-278
-113
54
190
286
344
375
392
386
343
284
229
174
104
28
-46
-135
-241
-343
-416
-455
-481
-506
-523
-499
-436
-369
-333
-334
-354
-372
-382
-378
-345
-284
-218
-157
-83
17
126
201
220
198
162
136
118
99
84
70
59
47
40
41
31
-12
-84
-164
-228
-274
-304
-309
-289
-250
-191
-115
-22
94
245
430
606
743
855
944
970
919
813
688
555
424
322
270
254
228
169
81
-30
-169
-340
-520
-680
-796
-844
-817
-712
-534
-302
-60
175
399
589
698
722
696
647
587
527
474
429
392
360
325
274
191
62
-116
-328
-537
-702
-806
-860
-876
-850
-782
-684
-572
-467
-391
-356
-346
-343
-326
-293
-244
-188
-134
-84
-31
20
55
68
64
51
43
51
87
144
215
292
362
407
423
406
343
235
110
-4
-83
-128
-151
-155
-139
-114
-92
-77
-60
-41
-19
8
51
123
216
313
393
443
466
459
406
321
216
101
-17
-118
-191
-229
-240
-238
-233
-227
-216
-208
-203
-191
-168
-136
-100
-59
-17
25
57
65
47
17
-13
-34
-53
-71
-82
-82
-70
-54
-45
-45
-52
-67
-87
-92
-75
-24
48
117
172
207
234
259
269
259
236
210
186
182
205
235
240
212
166
121
85
49
12
-24
-44
-46
-25
11
43
53
35
-9
-61
-102
-129
-163
-194
-209
-197
-158
-105
-60
-37
-35
-48
-71
-92
-113
-131
-130
-98
-36
48
135
198
227
225
187
120
33
-55
-136
-200
-231
-231
-219
-203
-202
-223
-261
-299
-338
-371
-384
-372
-329
-267
-205
-153
-119
-101
-98
-114
-135
-157
-166
-157
-135
-102
-66
-33
-6
17
56
119
219
352
500
652
783
873
922
926
877
774
640
512
413
360
333
308
264
197
121
39
-57
-169
-285
-380
-450
-489
-488
-457
-408
-356
-295
-213
-125
-40
18
45
61
79
104
134
169
206
248
298
345
365
339
272
173
64
-38
-131
-218
-299
-378
-456
-531
-608
-695
-790
-874
-929
-929
-868
-757
-623
-492
-370
-268
-189
-133
-99
-82
-62
-19
62
171
298
424
532
618
672
691
674
623
548
455
360
267
176
90
8
-67
-136
-203
-264
-318
-365
-399
-416
-409
-367
-290
-188
-68
66
212
354
477
576
646
691
716
718
703
679
649
608
554
494
430
361
287
214
153
103
58
13
-33
-81
-132
-192
-261
-334
-405
-463
-501
-510
-491
-449
-394
-336
-270
-200
-135
-84
-49
-23
5
38
76
117
149
164
164
140
96
29
-57
-160
-270
-370
-449
-499
-524
-528
-513
-478
-432
-380
-331
-283
-243
-205
-169
-135
-101
-64
-34
-14
2
10
6
-10
-30
-49
-63
-69
-68
-56
-33
-1
34
68
101
132
162
190
218
244
274
303
334
359
379
393
399
401
405
413
421
429
434
439
441
437
424
399
370
333
289
238
183
123
59
-9
-75
-137
-188
-225
-250
-259
-245
-214
-173
-125
-76
-32
2
21
26
19
3
-18
-36
-52
-59
-60
-54
-51
-54
-67
-90
-128
-188
-259
-338
-414
-481
-534
-568
-584
-587
-577
-561
-544
-528
-517
-504
-489
-465
-429
-379
-312
-232
-140
-43
55
146
223
286
335
369
395
413
424
427
425
418
406
392
374
352
328
306
289
273
259
247
233
219
201
181
164
150
138
130
133
141
154
172
192
213
230
246
256
264
272
278
283
286
285
276
259
235
203
159
106
47
-15
-80
-146
-213
-279
-343
-403
-464
-525
-582
-630
-660
-669
-652
-615
-557
-484
-400
-312
-224
-146
-83
-36
2
33
61
87
109
128
141
148
144
131
102
60
7
-52
-114
-170
-216
-249
-269
-275
-265
-246
-224
-197
-173
-152
-133
-117
-96
-69
-34
6
56
112
166
215
256
291
320
342
358
372
385
392
393
381
358
324
279
228
181
140
104
74
53
44
47
58
77
99
123
149
179
208
234
254
268
274
277
274
256
221
169
105
39
-28
-93
-166
-242
-323
-406
-483
-550
-599
-626
-628
-602
-547
-469
-375
-287
-211
-151
-92
-29
43
122
198
267
319
351
360
341
296
227
146
65
-12
-83
-157
-237
-314
-378
-422
-447
-448
-427
-384
-323
-251
-178
-108
-42
24
97
181
274
367
446
501
528
524
490
431
350
264
181
111
53
3
-42
-88
-135
-182
-229
-269
-299
-318
-326
-316
-286
-241
-186
-122
-44
44
132
211
278
325
357
377
385
381
366
344
312
277
239
193
140
79
16
-49
-103
-150
-192
-223
-240
-235
-212
-177
-134
-95
-52
-10
29
64
103
146
187
221
236
229
189
124
42
-39
-112
-171
-213
-246
-288
-344
-412
-486
-553
-601
-611
-569
-480
-363
-239
-116
-9
78
148
204
259
321
389
447
490
506
490
444
370
281
186
86
-14
-111
-209
-303
-382
-439
-472
-482
-461
-421
-364
-300
-239
-175
-114
-44
40
135
235
337
430
505
550
563
542
495
438
371
295
218
139
65
-6
-70
-126
-169
-204
-238
-263
-281
-288
-281
-255
-215
-157
-85
-6
73
144
202
242
270
283
289
288
281
267
243
203
153
93
25
-44
-113
-170
-217
-256
-290
-317
-331
-337
-333
-315
-280
-232
-174
-113
-49
10
67
122
177
233
289
335
360
363
345
303
239
159
74
-14
-100
-183
-261
-330
-394
-446
-485
-501
-494
-461
-404
-335
-256
-173
-85
4
92
180
262
333
395
442
472
486
488
478
452
416
366
302
217
114
-1
-116
-223
-311
-377
-421
-442
-446
-440
-423
-399
-369
-323
-262
-189
-110
-26
61
144
220
279
321
350
373
385
384
371
342
298
244
182
118
53
-17
-91
-167
-248
-330
-406
-471
-515
-534
-524
-489
-436
-373
-302
-233
-168
-103
-35
40
124
216
313
407
490
553
598
625
634
628
607
567
515
451
382
310
233
158
88
23
-39
-96
-147
-201
-253
-299
-342
-374
-390
-392
-381
-358
-324
-286
-245
-206
-167
-130
-92
-54
-20
12
41
63
79
86
87
77
59
37
13
-11
-34
-58
-77
-92
-105
-121
-136
-153
-171
-183
-192
-197
-198
-188
-171
-151
-131
-111
-91
-73
-55
-34
-6
32
78
127
171
205
229
240
242
233
218
202
186
172
158
144
125
100
72
47
24
3
-17
-35
-49
-61
-69
-71
-64
-47
-23
5
34
62
87
108
124
140
157
176
195
210
222
226
222
210
192
173
152
136
120
104
85
63
35
3
-35
-73
-110
-146
-176
-203
-226
-241
-246
-241
-228
-211
-190
-168
-144
-121
-100
-81
-65
-50
-36
-23
-13
-8
-10
-18
-38
-65
-97
-132
-166
-199
-228
-251
-267
-272
-270
-262
-248
-232
-211
-185
-156
-125
-92
-55
-12
38
94
146
191
230
260
279
288
285
275
259
238
214
187
158
121
79
39
6
-22
-42
-55
-61
-60
-51
-40
-25
-6
18
47
84
125
166
203
232
256
272
281
282
277
263
242
217
185
147
106
61
20
-20
-58
-95
-128
-160
-190
-215
-229
-233
-228
-212
-186
-155
-117
-82
-47
-17
10
34
53
69
85
97
106
112
112
105
92
76
53
25
-7
-42
-79
-118
-154
-185
-211
-232
-250
-259
-260
-256
-248
-237
-222
-203
-181
-162
-145
-131
-117
-101
-85
-64
-43
-19
3
25
42
52
53
50
46
39
34
32
33
36
40
45
50
56
63
71
78
88
98
109
120
130
137
144
150
156
159
160
159
161
159
157
155
153
152
152
152
154
155
155
156
155
152
149
146
142
134
122
105
86
63
35
4
-26
-56
-84
-111
-136
-156
-177
-193
-208
-220
-227
-231
-237
-240
-241
-237
-229
-216
-198
-172
-144
-113
-83
-55
-32
-17
-8
-5
-4
-5
-8
-14
-21
-26
-31
-38
-48
-62
-77
-93
-110
-127
-144
-155
-162
-163
-154
-137
-112
-85
-55
-25
5
34
61
84
108
133
162
188
211
233
248
258
258
252
237
215
189
158
127
97
70
46
26
12
2
-3
-3
0
8
20
35
50
68
87
108
131
152
172
192
209
223
230
231
223
208
184
153
120
82
43
7
-30
-66
-100
-132
-165
-195
-225
-254
-279
-301
-316
-326
-329
-326
-317
-305
-286
-263
-238
-212
-185
-158
-135
-111
-90
-70
-51
-34
-19
-8
0
5
4
-2
-14
-28
-47
-62
-78
-91
-101
-107
-111
-110
-104
-90
-72
-52
-27
3
35
70
106
144
183
220
253
282
308
331
346
354
355
349
339
326
307
283
255
226
192
153
111
70
28
-8
-40
-66
-86
-100
-106
-107
-105
-97
-86
-76
-66
-55
-45
-34
-25
-19
-13
-8
-5
-2
-2
-3
-9
-19
-31
-46
-62
-80
-95
-110
-122
-132
-140
-149
-157
-166
-172
-173
-173
-171
-163
-150
-135
-117
-98
-79
-60
-39
-19
-1
17
31
43
54
59
60
60
59
55
51
42
33
23
9
-3
-13
-18
-21
-19
-15
-8
0
10
20
27
33
39
44
49
54
57
59
59
57
56
55
55
51
45
39
36
31
25
22
19
21
27
35
42
51
61
69
79
89
95
100
104
106
107
104
98
88
77
64
53
42
27
12
-4
-19
-34
-48
-62
-72
-81
-90
-96
-101
-104
-107
-111
-113
-111
-109
-106
-103
-98
-91
-84
-77
-71
-65
-59
-52
-43
-38
-33
-28
-24
-20
-16
-13
-7
-3
-1
-1
-4
-5
-11
-17
-24
-28
-30
-31
-28
-22
-14
-6
3
11
21
27
32
37
41
47
51
56
60
64
66
67
67
66
68
67
68
65
62
60
57
53
49
45
41
37
32
28
24
20
15
10
2
-4
-11
-17
-25
-32
-35
-37
-37
-35
-31
-26
-20
-12
-2
7
13
18
20
23
25
25
25
22
20
17
11
4
-3
-11
-18
-27
-34
-41
-49
-56
-59
-60
-59
-57
-52
-46
-38
-28
-21
-15
-10
-4
0
6
10
14
16
17
17
16
17
16
14
10
4
0
-4
-9
-13
-18
-21
-19
-17
-14
-11
-9
-8
-6
-5
-2
1
0
1
1
3
3
4
4
7
8
8
8
7
6
2
-1
-3
-4
-6
-6
-6
-5
-1
2
4
4
3
2
0
-3
-4
-4
-2
0
3
8
12
15
15
13
9
5
0
-6
-12
-17
-20
-23
-26
-27
-26
-24
-22
-20
-16
-10
-6
1
6
11
17
26
33
43
50
58
63
68
70
71
69
66
61
57
52
46
39
30
22
14
7
-1
-5
-7
-7
-7
-6
-4
-3
-2
-4
-2
-2
1
4
5
7
8
9
7
1
-7
-15
-21
-32
-39
-48
-53
-58
-64
-68
-68
-67
-66
-63
-63
-61
-58
-56
-55
-53
-49
-44
-38
-34
-28
-19
-12
-4
1
5
8
8
10
10
8
8
6
6
6
6
6
7
8
9
10
9
9
9
7
6
5
4
8
11
16
20
25
28
31
34
38
39
38
38
38
38
37
37
33
33
31
28
27
26
24
22
17
13
11
9
7
6
7
8
8
11
12
14
15
16
17
17
17
17
16
17
15
14
13
12
9
8
5
0
-6
-13
-19
-26
-32
-39
-46
-54
-61
-66
-70
-73
-73
-70
-66
-61
-55
-47
-41
-33
-26
-18
-10
-2
5
11
16
20
20
19
15
13
11
9
3
-4
-8
-11
-16
-20
-22
-24
-25
-26
-25
-22
-20
-18
-15
-10
-6
-2
3
8
16
24
31
36
43
47
50
51
51
53
51
50
44
39
33
26
19
12
5
0
-4
-5
-5
-5
-3
2
5
9
14
21
28
35
40
44
46
50
50
48
47
44
39
34
28
20
15
7
0
-8
-15
-21
-25
-29
-31
-34
-38
-40
-41
-41
-38
-38
-39
-37
-35
-33
-30
-28
-26
-24
-24
-24
-22
-23
-22
-21
-22
-23
-25
-28
-31
-36
-39
-43
-48
-51
-53
-53
-50
-48
-46
-42
-39
-34
-28
-25
-20
-16
-9
-2
4
9
15
21
26
29
34
38
39
41
41
40
40
39
38
38
39
39
39
38
38
39
38
38
39
37
37
35
35
35
35
36
39
41
41
40
39
37
35
32
28
24
21
17
13
9
6
2
0
-3
-4
-6
-9
-10
-12
-14
-17
-18
-19
-23
-25
-26
-26
-27
-31
-32
-35
-35
-34
-34
-33
-31
-29
-29
-27
-27
-26
-24
-25
-23
-22
-23
-23
-23
-23
-23
-23
-24
-24
-25
-27
-26
-25
-23
-21
-17
-15
-13
-10
-6
-1
3
4
3
3
5
8
9
12
13
16
18
20
21
20
20
19
16
14
13
12
11
12
14
18
20
23
24
27
30
32
33
33
37
40
40
42
43
44
44
41
38
35
30
25
22
16
10
5
-3
-9
-14
-17
-20
-23
-25
-25
-24
-23
-23
-22
-21
-19
-18
-15
-13
-11
-9
-6
-7
-10
-11
-13
-16
-21
-25
-28
-32
-38
-43
-46
-49
-51
-54
-55
-55
-53
-53
-53
-52
-49
-45
-40
-31
-23
-15
-7
1
11
20
28
33
37
40
43
44
43
43
43
44
43
41
38
36
33
30
28
27
24
20
17
17
16
15
15
16
16
16
18
20
23
29
32
35
37
38
37
37
36
33
31
27
24
19
16
12
7
3
1
-2
-4
-9
-14
-19
-23
-26
-27
-27
-28
-28
-28
-30
-29
-29
-29
-29
-31
-31
-31
-30
-30
-28
-29
-28
-27
-26
-27
-26
-26
-28
-29
-31
-32
-31
-32
-32
-32
-32
-32
-31
-28
-28
-26
-25
-21
-18
-15
-10
-8
-6
-4
0
1
4
7
10
13
15
19
22
27
30
32
34
36
38
40
42
44
43
44
44
44
44
43
42
40
39
38
38
38
37
34
33
29
26
23
21
18
15
9
6
4
1
-3
-5
-8
-10
-13
-16
-19
-21
-24
-24
-26
-27
-25
-23
-22
-21
-22
-22
-25
-26
-27
-29
-31
-32
-33
-34
-33
-31
-31
-29
-28
-28
-28
-27
-25
-21
-19
-17
-15
-13
-9
-6
-5
-4
0
3
7
10
13
16
20
22
24
25
26
24
21
19
17
17
16
14
13
14
13
14
14
14
15
16
18
19
20
20
21
23
22
22
22
23
24
24
22
21
20
17
16
14
12
9
6
5
3
2
-3
-6
-9
-12
-16
-19
-22
-25
-27
-28
-28
-27
-25
-25
-25
-23
-23
-21
-21
-22
-22
-23
-23
-21
-21
-20
-20
-19
-18
-18
-17
-18
-19
-21
-21
-21
-19
-17
-14
-11
-9
-7
-4
-1
-1
0
3
6
8
9
11
14
18
20
24
25
29
33
35
36
36
34
34
34
33
31
28
25
23
21
19
16
14
12
6
4
3
2
0
-3
-3
-1
-2
-5
-4
-4
-1
0
2
4
3
3
3
2
-1
-2
-4
-7
-8
-11
-12
-15
-16
-18
-20
-19
-20
-24
-25
-25
-25
-25
-26
-27
-24
-21
-18
-17
-12
-9
-5
-1
2
5
8
10
11
12
13
14
15
13
12
12
11
9
8
6
5
4
5
7
7
8
7
6
7
7
7
6
7
6
8
9
10
10
10
11
11
12
12
13
12
11
9
6
3
2
-3
-6
-8
-11
-13
-13
-14
-14
-16
-15
-15
-13
-12
-12
-11
-10
-8
-5
-2
0
1
4
6
8
9
8
7
6
4
3
-1
-5
-10
-13
-17
-20
-23
-26
-26
-28
-27
-25
-24
-22
-22
-21
-19
-15
-13
-9
-6
0
3
8
11
15
16
18
18
18
19
20
21
20
18
19
19
18
15
14
13
12
11
11
10
11
13
14
14
16
18
19
23
27
30
33
38
39
41
40
38
35
33
31
27
22
17
9
0
-8
-16
-24
-32
-38
-45
-50
-55
-59
-61
-62
-59
-57
-53
-48
-42
-36
-30
-26
-21
-15
-9
-3
3
5
8
10
12
12
12
11
10
8
6
3
1
-4
-9
-12
-16
-19
-21
-25
-27
-26
-26
-25
-22
-19
-15
-10
-5
0
5
9
14
17
20
22
24
26
28
30
30
31
31
31
31
30
27
26
26
24
23
22
21
19
18
18
16
14
14
14
15
16
17
19
19
20
20
21
20
20
21
20
16
13
11
7
6
3
1
0
1
-1
-3
-5
-8
-11
-16
-22
-27
-31
-34
-38
-41
-42
-45
-47
-49
-50
-52
-51
-52
-52
-52
-53
-51
-48
-42
-34
-28
-21
-16
-8
0
5
10
14
18
20
22
22
23
23
21
20
16
13
9
5
2
0
-3
-5
-8
-10
-11
-10
-10
-8
-8
-3
3
7
12
18
24
29
36
42
46
50
53
54
56
57
56
55
53
49
47
42
37
32
25
18
12
4
-3
-9
-14
-18
-22
-27
-31
-32
-32
-33
-32
-28
-26
-21
-18
-13
-8
-2
0
2
3
5
7
8
5
5
4
2
0
-3
-6
-10
-14
-18
-23
-28
-32
-36
-41
-45
-48
-52
-55
-56
-57
-57
-57
-52
-49
-44
-37
-30
-21
-14
-7
0
7
13
19
25
28
33
34
35
36
36
36
33
29
27
27
23
21
19
15
14
12
13
12
14
13
15
15
16
17
17
18
17
18
20
21
23
25
27
28
28
27
26
26
24
25
24
21
19
17
14
10
6
-1
-5
-9
-12
-16
-19
-22
-24
-26
-24
-22
-20
-18
-16
-14
-10
-10
-9
-8
-8
-7
-6
-6
-6
-4
-4
-2
-2
-1
-2
-4
-4
-5
-7
-11
-14
-16
-20
-23
-25
-26
-27
-25
-26
-24
-22
-22
-22
-21
-21
-21
-23
-23
-22
-20
-18
-16
-14
-14
-11
-11
-8
-6
-3
-1
0
2
4
7
10
13
13
16
18
20
21
21
23
23
24
23
23
23
23
23
21
21
20
19
19
18
19
20
20
22
23
22
21
18
17
17
14
13
13
13
13
14
12
11
11
12
12
10
8
7
6
4
3
-1
-4
-8
-9
-12
-14
-15
-17
-19
-20
-23
-23
-23
-24
-24
-22
-22
-21
-22
-22
-21
-20
-17
-16
-15
-12
-10
-8
-7
-6
-6
-7
-6
-9
-12
-15
-18
-18
-21
-19
-19
-19
-18
-18
-17
-15
-13
-11
-8
-6
-4
-1
2
7
12
15
19
21
