-4
-2
-2
-1
-2
-1
-3
-3
-3
-2
-2
-4
-2
0
0
-1
-2
-1
-1
-1
0
0
1
1
-1
0
0
-1
-2
-2
-1
0
3
2
2
3
2
4
4
4
5
5
7
8
7
4
4
6
6
9
7
7
7
4
3
1
1
3
2
1
1
0
2
3
2
3
2
3
4
4
4
4
4
3
3
4
4
1
1
1
-1
-3
-4
-5
-4
-5
-5
-5
-7
-8
-6
-6
-6
-6
-7
-6
-4
-4
-4
-4
-3
-4
-5
-4
-3
-2
-4
-3
-2
0
-1
-1
-1
-2
-1
-1
-1
-2
-1
2
1
0
-1
0
0
-1
-1
-1
-1
0
1
1
2
3
3
2
2
2
2
1
1
1
1
3
3
1
2
1
0
0
-1
0
0
0
2
1
0
-2
-1
-1
-2
-2
-1
-1
0
-1
-3
-3
-2
-1
-1
-1
-1
-1
0
-1
0
0
1
1
1
0
1
1
0
0
2
2
3
2
2
1
0
0
-2
-1
-1
0
-1
-1
-1
-1
-2
-1
-1
0
0
-1
0
0
-1
0
1
4
4
4
3
1
1
1
1
3
3
3
3
3
3
4
3
1
3
1
1
0
-1
0
2
2
2
1
2
2
2
1
1
1
1
2
1
0
-1
-4
-2
0
-2
-3
-4
-4
-3
-4
-3
-2
-3
-4
-5
-5
-3
-4
-5
-4
-4
-3
-1
-1
-2
-2
-2
-2
0
1
1
1
1
0
-1
-1
-1
0
0
3
4
2
1
2
2
2
0
0
0
0
-1
-1
0
0
-1
-2
0
1
3
3
3
4
4
3
1
1
1
2
4
4
3
3
1
0
0
-2
-2
-3
-5
-5
-4
-5
-5
-5
-3
-3
-3
-2
-1
-1
-3
0
-1
-1
0
2
4
2
3
2
2
3
2
1
3
4
4
3
0
0
2
2
0
-2
-1
1
0
-1
-1
-1
0
1
1
2
2
2
2
0
0
-1
1
1
2
3
2
1
2
2
1
0
0
-1
-1
-3
-4
-2
-1
-1
-1
-1
-2
-1
1
2
2
1
0
1
2
4
4
5
5
4
3
2
0
-1
3
5
2
-1
-1
2
1
-5
-5
-1
-1
-3
-5
-5
-3
-3
-4
-5
-4
-2
-2
-2
-1
-1
-1
-1
-2
-3
-4
-3
-4
-4
0
2
-1
-2
1
-1
-2
-2
-1
-2
-2
0
0
0
0
-1
-2
1
0
-1
3
3
0
0
0
-1
3
2
1
3
4
6
4
3
2
5
6
4
1
0
3
2
0
-1
2
2
0
-1
-1
1
-1
-2
-2
-1
0
0
-1
-3
1
2
1
2
2
3
2
0
-1
2
5
3
2
4
5
2
-1
-1
0
-1
0
1
0
0
-1
1
0
-3
-2
1
2
-1
-1
1
2
1
1
0
-1
-2
2
2
-4
-6
-1
-2
-4
-5
-6
-5
-1
-4
-9
-4
-2
-5
-5
-3
-6
-8
-3
-1
-3
-2
0
0
-1
1
2
2
1
2
3
5
2
-2
3
9
6
-1
2
4
-1
0
4
5
3
5
4
2
2
-1
1
12
5
-5
3
7
-1
-2
6
4
-1
3
3
-3
-4
-2
1
-1
-6
-4
-1
-1
-3
-4
-2
-2
-5
-7
-3
0
-8
-6
0
-5
-7
0
-2
-4
1
3
-2
-2
-1
-3
0
0
-7
0
8
-5
-6
7
3
-7
-1
7
2
-6
3
6
-2
-2
4
2
-1
4
3
-2
3
2
-6
2
8
-2
-3
11
5
-7
8
12
-6
-2
13
3
-3
8
7
4
11
4
0
14
9
-10
4
18
-3
-4
14
9
-7
3
9
1
-4
-1
1
0
-5
-6
2
1
-8
-7
-1
-2
-6
-8
-1
0
-10
-10
2
0
-13
-9
5
-6
-18
-2
1
-13
-10
1
-6
-12
-4
0
-4
-7
-7
-5
2
-5
-13
-1
7
-12
-21
3
7
-17
-10
16
4
-12
0
9
0
-1
-1
-2
15
9
-8
6
21
1
-9
16
16
-11
-3
21
7
-9
10
21
2
-6
3
8
-1
-7
1
9
4
-10
-9
11
4
-15
0
16
-4
-13
11
13
-10
-3
15
0
-4
3
-3
4
11
-5
-1
22
2
-15
11
16
-14
-11
17
3
-18
-1
7
-6
-8
-4
-1
1
-2
-5
0
5
-5
-9
7
2
-16
-6
16
-1
-24
8
21
-12
-10
22
7
-16
7
10
-3
8
-3
-10
13
9
-10
4
27
-3
-15
23
11
-21
6
15
-5
0
5
2
0
2
-4
3
11
-9
-10
5
-1
-11
-6
7
4
-11
0
9
-9
-15
6
3
-14
1
11
-14
-9
13
-5
-17
11
2
-21
10
7
-17
3
10
-16
-12
12
-7
-19
14
9
-13
1
5
-10
-15
-6
9
-7
-11
10
1
-12
-6
4
-2
0
0
-11
-1
8
-14
-10
11
-5
-9
16
10
-11
3
10
-14
-10
7
-4
1
7
-7
-5
2
-10
-10
-3
-3
-12
-12
-3
-4
-1
4
-2
-7
-5
-9
-2
-1
6
2
-3
9
14
-10
2
23
-11
-6
23
-4
-16
24
11
-14
20
19
-19
-5
19
-10
-5
23
8
7
15
18
14
18
20
7
6
23
13
5
16
10
0
3
11
3
-4
10
8
-4
-1
3
0
-2
10
-9
-12
11
-1
-12
15
16
-15
5
21
-11
0
25
-10
-15
-6
-13
-18
-2
16
-17
-11
24
-14
-17
22
-11
-20
17
10
-17
4
25
-8
-2
15
13
-2
-1
15
-3
-6
13
-6
-13
6
-8
-11
-15
-1
-12
-22
14
0
-25
1
10
-16
-23
-6
3
-14
-14
1
-1
-19
-7
3
-39
-20
-15
-37
-12
-15
-22
-19
-6
-4
-40
-18
5
-35
-6
22
-1
-8
-7
14
-8
-22
24
15
-20
17
36
-18
-2
34
-18
-22
40
14
-18
32
37
-17
-6
53
-23
-28
69
17
-23
49
38
-41
6
44
-34
-41
25
0
-20
10
15
-9
-34
8
-10
-14
13
-15
11
37
9
-5
34
43
-16
-6
62
18
-10
33
50
18
-6
25
23
-25
5
-19
1
26
-52
-21
53
-20
-64
16
31
-37
-41
40
27
-8
16
42
4
3
17
-1
32
25
-19
46
53
-6
-7
40
30
-69
-32
37
-37
-57
-12
-2
-1
-57
-24
13
-29
-28
7
27
2
-36
10
23
-29
-9
9
-3
-8
32
4
-3
8
-22
4
-14
-30
7
-20
-13
17
-37
-3
-5
-36
-6
-37
-32
-1
1
23
4
-2
33
-3
-31
20
14
-26
21
30
3
6
-24
-9
18
-20
-10
-9
15
-4
-28
29
-2
-44
-15
-20
-24
-3
-31
17
-1
-26
11
8
-16
-26
-2
39
-22
-26
24
-21
-47
4
-20
-13
12
-33
49
38
-34
16
35
10
0
7
70
-14
13
66
3
29
11
-19
49
-7
-30
19
-5
-12
-47
-18
25
-30
-64
25
4
-40
1
12
-12
22
35
21
18
43
66
8
43
33
-12
40
13
-36
20
24
-51
-40
3
-22
-55
-25
-9
-22
-1
-13
-21
11
16
-7
12
63
31
16
62
56
45
20
44
60
15
65
31
-31
14
-7
-43
-18
-28
-42
-23
19
-6
-48
6
20
-41
-15
17
10
22
28
43
38
29
8
-42
31
20
-84
0
64
-67
-62
5
-24
-70
-84
13
-61
-69
-13
-15
10
-1
-37
42
53
-35
13
61
76
-31
-26
103
-17
-108
2
9
-80
-86
21
-15
-64
-4
-17
-41
13
1
-68
12
6
-38
-4
51
46
-19
7
88
-1
-58
43
23
-8
-52
-26
41
-58
-82
-10
-16
-12
-91
3
129
-69
-32
133
17
-53
27
45
39
-16
36
103
34
33
-9
100
55
-152
57
69
-71
-10
16
40
-43
-79
33
-16
-88
0
-4
39
-50
-12
81
-65
-47
-16
-14
-3
-75
8
71
35
-15
45
68
-23
40
69
61
113
17
9
111
-35
-39
20
41
0
-34
83
-40
-62
19
-110
-49
-50
-120
38
3
-57
15
53
-25
-133
115
4
-120
120
69
25
63
60
60
15
41
-15
-28
148
28
-11
79
9
7
-98
-58
76
-146
-89
34
-7
-65
-23
61
-57
-98
-2
-36
-50
-39
19
-2
-50
44
-22
68
24
-53
135
32
-68
106
37
-46
34
40
-39
-36
49
-55
-41
88
-103
-44
54
-37
-182
-76
52
-223
-62
33
-91
32
-14
-2
108
-74
26
110
-67
127
46
19
128
20
63
-28
-5
108
-74
-84
147
-58
-98
112
-86
-104
-2
-154
-73
1
-121
42
7
-47
99
-49
36
93
-45
48
76
21
32
72
59
-8
26
144
-4
10
145
4
-50
39
-16
-80
64
-49
-79
38
-27
-63
-23
-5
13
-43
-83
52
83
-33
5
117
34
-81
27
86
-12
-4
24
33
7
-29
-25
8
26
-84
-117
117
-81
-118
90
-53
-47
29
-137
89
44
-189
115
94
-52
-20
-11
93
10
-106
164
30
-57
82
65
-9
-29
4
-12
-25
-120
53
45
-76
45
-60
2
86
-160
24
140
-139
-56
2
29
-15
-158
145
51
-178
122
40
24
-33
38
82
-82
69
40
-34
41
139
-89
-22
216
-80
-149
190
-57
-162
108
-18
-29
-33
-74
27
-163
-67
-5
-117
-5
-72
7
-4
15
66
92
28
-8
78
23
8
27
61
126
-7
22
132
-66
18
134
-185
128
-9
-171
134
-123
4
-70
-136
36
-161
-132
149
-99
-12
63
39
-2
-97
113
3
-59
121
64
-25
124
26
40
20
49
-33
-27
135
-106
-15
224
-125
-60
60
-96
-57
-116
-47
69
-135
-86
158
-89
-38
51
-42
-66
72
-61
75
121
-48
61
37
32
-22
-21
201
-64
-162
258
-66
-159
117
-45
-157
33
-54
-50
54
43
-119
52
89
-117
-13
36
84
-76
-70
170
30
-49
80
-12
112
-166
-47
215
-202
77
166
-172
50
38
-165
94
-91
-48
49
-85
-13
1
93
-37
5
-3
-50
-32
-21
-84
94
35
-37
3
96
22
-2
107
35
3
110
-30
33
120
-107
96
-28
-74
56
28
-87
150
55
-161
16
52
-285
-110
35
-191
-72
8
97
-141
86
79
-208
139
-10
-104
201
37
-16
267
-102
121
131
-145
208
-131
31
36
-15
119
-50
17
-70
-100
-33
-90
-116
25
-40
-94
-24
67
-21
-158
214
-99
-168
190
-98
29
113
-6
87
-58
103
104
-139
217
120
-182
125
30
-96
105
-1
-86
-36
9
-16
-90
14
49
-145
0
62
-87
-42
89
4
-98
145
16
-9
45
161
11
-56
170
-63
1
52
51
-125
70
2
-73
-38
4
-118
-197
88
-143
-136
32
-2
-245
122
44
-166
107
76
75
-10
141
93
-60
92
35
-71
-90
104
-132
83
-15
72
22
-173
109
-244
16
-25
-87
38
54
38
11
175
35
-14
57
131
-159
70
182
-150
189
-96
9
-127
-83
24
-127
12
-53
-51
-147
156
-145
5
47
15
-33
86
66
-104
192
-69
46
-23
1
39
-93
111
55
-52
-65
87
-52
-60
135
-103
46
66
-137
66
72
-155
97
71
-57
172
-82
120
37
-34
170
-168
95
163
-315
183
95
-184
106
-4
-10
58
-117
10
-18
-195
8
-98
-53
-178
10
19
13
17
8
111
-55
-76
93
29
52
115
83
102
44
-4
82
39
86
-16
-180
139
-19
-151
-52
96
-261
-209
-9
-51
-164
-5
25
-71
48
-63
79
-33
102
6
-1
162
1
93
86
163
48
-6
66
69
-63
-86
168
-66
-151
-103
100
-160
-83
-20
-211
105
-128
-136
146
101
-185
111
133
-147
76
84
-19
-119
179
17
6
69
20
108
-72
26
8
1
77
72
-41
59
-20
21
-103
-156
102
-193
-33
48
-153
147
-10
-64
20
-80
21
-12
-75
156
-105
122
-64
-54
325
-221
32
226
3
-129
170
-36
-2
-46
-65
-180
-18
118
-282
231
40
-194
95
-4
-61
-110
63
19
-216
163
54
29
46
-47
19
233
-109
88
300
-140
111
-56
-17
75
-270
-150
137
-276
-78
209
-181
66
104
-109
230
-163
37
166
4
228
62
-93
189
46
-287
295
-21
-232
15
50
-37
-89
-106
127
-18
-262
120
-50
-29
-78
-86
272
-123
8
197
195
-59
160
244
-256
143
-13
-300
-21
30
-298
50
-109
42
8
-307
308
-242
-108
198
-175
-23
-22
39
179
-134
77
371
-168
186
325
-80
47
165
-76
-147
8
-183
-66
18
-145
0
-58
39
-105
-88
186
-287
-189
304
-169
-103
394
-230
207
28
-197
345
-153
-53
403
-278
123
303
-428
285
59
-282
104
-86
-115
-53
-210
192
-279
-285
252
-94
-66
183
93
-30
-2
139
110
16
53
70
54
8
108
19
16
28
-45
-33
63
42
-48
-147
217
-24
-601
162
139
-412
142
261
-150
6
164
-69
18
102
-132
-119
134
-99
51
-46
-82
243
-148
-3
175
-76
91
176
49
-47
-106
195
-126
-22
109
-130
119
-135
35
119
55
-55
-216
182
37
-293
300
-93
-210
261
-369
53
51
-190
-75
-1
108
-13
-262
225
76
-260
196
62
16
-30
209
77
-67
22
-13
153
-194
126
195
-465
258
-88
-321
317
27
-430
189
106
-142
10
2
405
-265
-11
193
-36
173
-38
-119
183
-105
-131
89
34
93
-77
-20
79
-77
-139
52
-10
-47
-52
27
-166
205
-16
-364
447
21
-368
403
190
-62
63
31
97
-291
-46
-147
-164
213
-180
-167
486
-149
-144
367
-196
123
-22
-250
141
-78
-213
18
-138
-60
-210
-30
210
-134
132
317
80
185
123
-59
18
-19
-34
-156
122
-4
-183
473
-37
-229
129
-73
16
-192
-66
207
-88
-268
160
24
-120
-124
77
77
-218
-127
183
40
-128
49
-118
268
-28
-207
383
-28
-63
-120
-116
110
-36
-61
312
27
93
36
-29
310
-425
182
33
-93
-34
123
28
-106
78
-8
37
-100
59
49
380
-330
-110
115
-460
46
-99
36
90
9
-131
110
185
-197
-100
19
122
-143
213
105
86
81
-118
-21
-344
2
3
-198
206
205
-141
-72
151
-195
-79
-104
145
98
-199
498
137
-144
220
-21
-278
118
-37
-61
157
-118
266
-351
-257
236
-422
-66
226
-233
300
3
-185
594
-222
-103
258
-96
181
108
133
141
-406
189
-160
-353
289
18
-218
53
266
-139
-345
112
120
-312
283
-202
64
101
36
310
-400
59
344
-545
267
489
-308
194
119
-365
-21
-97
-17
62
-184
131
-113
17
129
-256
-33
426
-410
-99
294
-48
213
-164
14
216
-211
-167
279
11
267
-8
-183
390
-118
-364
117
-9
-65
-11
-351
259
-125
-150
200
-199
-46
115
-228
334
-242
180
80
-295
154
-70
169
-25
-12
200
76
-72
105
-524
425
-410
-171
232
-182
250
-136
38
506
-233
35
315
-314
503
-294
22
251
-365
120
-135
-65
128
-392
349
81
-534
172
-38
-156
-115
-237
162
172
-248
145
527
-159
-98
191
-138
6
-47
19
64
76
-73
83
103
171
-284
155
220
-495
243
-100
-160
166
-191
-46
-17
-279
238
-181
404
5
-609
537
-232
-311
333
-64
26
-5
-34
466
-103
15
304
-179
206
-348
-54
363
-476
208
-98
-81
98
-267
251
199
-117
-47
216
-1
-11
-78
84
70
55
-26
-29
425
-95
-39
101
-201
-111
-71
-28
-358
185
84
-524
294
-44
9
341
-132
171
124
-21
228
-261
95
76
-698
449
47
-112
444
-178
250
-110
-123
-59
-335
148
-189
-280
311
-110
-57
181
13
132
-247
109
66
-351
45
48
-53
-277
38
223
-228
305
312
-336
330
74
-195
41
-124
-20
-321
-58
74
-145
-22
314
-168
27
233
-222
-34
185
-80
-94
-57
241
-22
-100
409
6
-105
321
-164
-68
176
-182
207
-240
-42
337
-441
440
144
-510
488
-274
-404
205
-236
-68
166
-389
193
17
-125
283
-8
140
-47
-205
217
-152
-60
133
-5
101
-98
20
104
-31
64
57
-335
110
-256
-180
151
-213
124
-33
12
78
-92
546
6
-96
470
-283
-315
205
-278
-83
-13
-331
202
-53
18
210
128
301
57
-232
238
92
-106
-147
-44
167
-341
-160
518
-5
-198
291
-87
150
-310
-158
176
-170
26
-153
136
249
-76
325
-28
199
116
-272
356
213
-279
501
-127
-308
334
-553
222
-240
-371
126
-251
-89
-379
68
74
-433
167
230
-338
311
198
73
384
-54
296
164
346
90
84
368
118
-297
-136
180
-505
-311
39
-184
-384
-199
-138
-53
-481
-122
14
-378
108
-79
36
493
62
163
135
404
116
-363
707
147
-533
454
9
-253
50
-440
310
-235
-227
-28
-147
188
-128
-332
519
-365
-363
319
-300
395
-115
-73
553
134
-214
543
-26
-20
-124
37
78
-321
-13
105
-76
158
-12
-140
405
-477
-66
-62
85
-82
-266
355
241
-196
235
114
-32
-38
-350
54
-242
-409
376
-162
32
-76
-123
381
-440
-74
345
-320
-93
394
-299
468
-110
-88
338
158
60
65
257
192
-73
136
110
-409
78
-420
47
228
-488
34
-20
-10
-51
41
96
-27
-230
72
80
-128
157
-145
294
69
193
173
193
42
255
-290
33
111
-472
234
133
-242
250
42
-82
290
-338
288
-10
-288
264
-349
61
-88
-477
298
-154
-141
169
-110
180
167
-182
164
-281
-207
-136
128
99
97
204
252
344
104
454
16
77
32
-87
-249
-18
-311
-248
-96
-517
-2
-469
-57
-219
-382
156
-406
-378
60
18
-6
319
406
206
181
564
191
13
593
-34
-36
434
-8
-47
9
192
-179
-397
24
-235
-186
13
-300
-120
-351
-360
-73
-339
-41
350
-274
434
122
-107
338
-198
318
-154
-297
561
-265
49
676
-134
380
-54
51
438
-526
285
283
-772
207
-389
-199
150
-461
250
-187
-243
320
-260
78
158
-348
26
16
-100
165
-171
216
291
-446
79
384
-411
189
339
-55
231
-135
202
-145
-1
236
68
-41
315
-428
291
259
-449
328
-298
-152
-87
142
102
-125
63
-93
-314
105
-122
-153
125
-167
-15
10
97
178
-225
192
442
-85
90
383
201
-61
97
164
-69
-240
153
-136
248
274
-240
-128
159
-340
-245
-22
-149
55
-629
126
90
-101
173
116
323
-229
-156
550
-143
-56
389
-317
-121
134
-213
313
-81
-21
-195
-139
358
-612
250
272
-627
-25
154
-66
45
-209
6
224
-241
141
-162
-21
321
-725
360
105
-581
-68
237
46
-26
34
208
153
-131
262
-43
254
167
-181
350
429
-122
121
71
2
-139
-281
80
-274
-484
97
-238
-368
-109
-148
-200
-121
-184
-35
-60
237
363
-212
815
83
-123
592
348
28
273
361
60
57
36
161
-285
265
-296
-639
301
-586
-328
12
-244
-325
-414
-59
-365
0
-15
-143
-105
287
-240
153
535
-292
240
27
288
182
281
408
142
175
112
150
-112
122
-71
181
-235
-11
115
-297
-19
-146
-27
-239
17
-2
-70
-11
39
-112
-28
20
-168
234
91
-87
328
115
-204
201
189
-214
257
0
37
197
118
52
132
242
-85
-24
-16
-6
-213
-74
-211
-197
-134
-311
-161
-21
-95
-150
-16
-55
6
169
24
176
344
33
-53
296
82
-139
107
128
-156
-105
-74
-233
-139
-216
-322
-313
-225
-277
-9
53
59
-15
121
44
80
300
178
196
-13
197
55
-20
234
-3
-22
26
-214
-64
131
-78
-121
12
-34
-186
-182
238
134
-117
67
87
159
70
112
251
187
87
-66
5
128
-79
-216
130
82
-223
-142
32
-83
-290
-123
-29
-162
-72
97
103
116
-33
-55
68
-24
-225
87
185
-208
-102
180
9
-321
-6
158
-257
-320
-192
-117
-100
-153
-174
-66
-76
-271
-145
276
255
-38
187
288
169
162
160
383
251
82
269
476
330
217
238
247
122
-41
170
241
219
122
326
327
-28
19
158
1
-41
116
120
36
-128
-134
-83
-188
-359
-344
-45
-144
-433
-209
-93
-444
-568
-317
-204
-271
-369
-253
-129
-227
-363
-206
-90
-304
-490
-389
-212
-369
-500
-404
-279
-462
-614
-463
-344
-419
-425
-312
-206
-221
-239
29
307
503
682
991
1277
1207
1143
1428
1388
1240
1340
1416
1399
1327
1366
1434
1153
773
485
236
71
-221
-245
-249
-589
-894
-916
-930
-1171
-1332
-1135
-952
-1012
-856
-618
-484
-568
-575
-302
-133
-89
54
341
361
209
4
79
76
-211
-205
-69
-204
-571
-782
-785
-1045
-1400
-1339
-1430
-1528
-1566
-1531
-1200
-1157
-1399
-1354
-1191
-1084
-658
293
1234
1446
1589
1942
2038
1937
1981
2295
2436
2394
2687
3272
3349
2946
2471
1863
1120
451
255
236
10
-277
-521
-829
-1157
-1634
-2019
-2000
-1945
-1747
-1397
-882
-481
-489
-418
-177
-103
-72
176
690
1048
1146
1363
1403
1066
650
402
234
-48
-269
-287
-462
-729
-954
-1181
-1503
-1991
-2264
-2269
-2337
-2269
-2106
-2085
-2129
-2078
-1899
-1600
-1387
-1259
-1037
-809
-545
-316
44
116
-89
16
652
1684
2530
3140
3327
3094
2631
2448
2511
2466
2448
2331
2460
2711
2667
2422
1747
622
-273
-958
-1151
-1078
-1103
-1108
-1395
-1745
-2062
-2382
-2455
-2389
-1972
-1256
-351
678
1256
1465
1543
1411
1463
1630
1874
2346
2734
3060
3054
2667
1855
920
23
-701
-1003
-1278
-1564
-1961
-2435
-2771
-3112
-3479
-3789
-3933
-3932
-3677
-3046
-2380
-2058
-1854
-1590
-1230
-731
-243
389
748
857
1112
1422
1603
1434
1083
759
292
1
-59
-340
-681
-1166
-1285
-660
266
1321
1729
1360
772
451
553
763
1081
1615
2220
2917
3692
4193
3989
2980
1777
843
492
597
882
1115
1016
558
-261
-1129
-1878
-2546
-2772
-2481
-1630
-672
-133
236
126
-365
-747
-904
-509
126
775
1628
2325
2486
2047
1392
606
-209
-556
-399
-216
-193
-478
-923
-1353
-1980
-2519
-2884
-3249
-3302
-2911
-2299
-1827
-1710
-1751
-1806
-1720
-1289
-854
-597
-341
-162
126
460
699
595
184
-224
-434
-477
-551
-612
-795
-987
-1027
-411
803
2074
2926
2891
2401
2030
2001
2193
2389
2739
3205
3644
4048
4445
4263
3157
1594
310
-451
-825
-783
-603
-679
-1180
-1934
-2755
-3358
-3743
-3758
-3217
-2385
-1359
-446
206
504
381
167
177
619
1366
2277
3294
3864
3801
3288
2398
1498
754
162
-163
-282
-442
-732
-1325
-2192
-3012
-3683
-4092
-4201
-4092
-3605
-2983
-2464
-2120
-1988
-1851
-1669
-1241
-531
132
548
800
1033
1230
1212
1027
838
585
341
114
-88
-392
-971
-1552
-1870
-1974
-1535
-304
1235
2598
2838
2306
1810
1589
1612
1770
2411
3283
4063
4683
5211
5256
4259
2427
777
-297
-847
-851
-541
-403
-841
-1783
-2867
-3683
-4156
-4349
-3994
-3129
-2035
-981
-92
432
365
11
-169
343
1399
2435
3379
4048
4045
3533
2812
2039
1210
466
75
-57
-191
-578
-1310
-2251
-3163
-3775
-3925
-3870
-3777
-3520
-3062
-2500
-2054
-1823
-1667
-1486
-1047
-296
502
997
986
845
886
942
910
721
401
13
-453
-813
-1067
-1528
-2224
-2741
-2816
-2386
-1205
589
2409
3341
3078
2446
2117
2171
2232
2553
3445
4416
5190
5711
5961
5412
3626
1430
-182
-1112
-1544
-1544
-1238
-1189
-1912
-3079
-4245
-5097
-5604
-5534
-4619
-3197
-1728
-481
464
913
841
614
764
1538
2693
3979
5127
5743
5551
4715
3498
2227
1229
661
440
181
-301
-1094
-2024
-2974
-3825
-4379
-4717
-4852
-4668
-4046
-3155
-2468
-2193
-2131
-2085
-1845
-1226
-274
663
1098
1227
1407
1557
1446
1021
541
46
-368
-536
-548
-768
-1416
-2152
-2559
-2598
-2338
-1334
389
2235
3204
2959
2335
1970
1806
1825
2367
3484
4588
5200
5545
5676
5065
3345
1141
-629
-1721
-2190
-1989
-1367
-1070
-1709
-3051
-4432
-5220
-5436
-5071
-4022
-2501
-862
498
1500
2025
1863
1383
1281
1939
3199
4395
5264
5561
5087
4076
2729
1449
397
-404
-808
-1028
-1308
-1798
-2522
-3256
-3805
-4130
-4285
-4282
-3930
-3191
-2236
-1323
-736
-528
-638
-666
-270
432
1078
1309
1187
978
766
422
-149
-830
-1468
-1926
-2095
-2125
-2218
-2684
-3384
-3787
-3677
-2916
-1275
897
2941
3843
3579
3106
2909
2918
2946
3500
4633
5793
6604
6965
6764
5484
2921
175
-1836
-2874
-3131
-2791
-2046
-1765
-2602
-4196
-5714
-6423
-6407
-5571
-3823
-1654
357
1727
2613
2925
2512
1916
1900
2832
4332
5679
6602
6700
5840
4281
2538
1116
-17
-754
-1135
-1305
-1465
-1997
-2791
-3624
-4339
-4801
-4971
-4663
-3794
-2724
-1674
-901
-569
-640
-959
-939
-520
107
638
791
785
595
114
-581
-1389
-2061
-2518
-2747
-2653
-2543
-2754
-3377
-3983
-4075
-3738
-2724
-636
2077
4413
5212
4885
4388
4064
3870
3861
4710
6007
7101
7743
7910
7355
5285
1953
-1149
-3154
-3915
-3842
-3188
-2362
-2461
-3740
-5549
-6848
-7219
-6988
-5826
-3665
-1016
1337
2785
3575
3599
2880
2236
2499
3896
5567
6755
7352
7165
6111
4327
2374
778
-487
-1347
-1700
-1704
-1825
-2622
-3716
-4592
-5103
-5301
-5228
-4669
-3746
-2778
-1890
-1228
-970
-1209
-1568
-1405
-670
198
669
657
482
75
-505
-1166
-1792
-2186
-2568
-2663
-2420
-2232
-2532
-3407
-4059
-3988
-3192
-1403
1260
4196
6170
6376
5690
5004
4653
4304
4181
5008
6389
7561
7949
7579
6196
3227
-517
-3534
-4988
-5170
-4801
-3986
-3179
-3275
-4493
-6159
-7109
-7112
-6324
-4497
-1721
1407
3722
4911
5342
5047
4240
3560
3872
5219
6628
7426
7429
6546
4773
2331
100
-1406
-2381
-3011
-3388
-3452
-3638
-4294
-5120
-5740
-5921
-5785
-5231
-4081
-2576
-1258
-464
-126
-49
-165
-231
183
1007
1703
1756
1338
788
-23
-1137
-2309
-3092
-3394
-3487
-3327
-3101
-3133
-3771
-4671
-5007
-4433
-3069
-841
2137
5318
7329
7501
6634
5718
5172
4741
4898
6098
7665
8598
8480
7553
5613
2147
-1888
-4988
-6297
-6176
-5384
-4254
-3409
-3723
-5250
-7047
-7758
-7253
-5945
-3707
-545
2920
5348
6359
6361
5636
4498
3679
4097
5632
7037
7553
7102
5916
3927
1183
-1419
-3218
-4018
-4200
-4090
-3776
-3850
-4548
-5502
-6041
-5881
-5327
-4468
-3180
-1574
-116
758
960
658
78
-354
-142
696
1481
1539
861
-122
-1263
-2556
-3767
-4520
-4668
-4441
-3944
-3315
-2997
-3403
-4228
-4593
-3765
-1993
740
4091
7490
9638
9733
8644
7331
6317
5394
5149
6192
7820
8736
8273
6676
4060
61
-4335
-7549
-8679
-8265
-7207
-5704
-4309
-4112
-5442
-7242
-7829
-6941
-5049
-2191
1534
5405
7879
8709
8467
7531
6077
4715
4631
5926
7265
7624
6853
5262
2734
-605
-3663
-5563
-6316
-6523
-6308
-5694
-5256
-5525
-6221
-6529
-6162
-5369
-4202
-2483
-393
1323
2228
2433
2192
1626
993
904
1495
2065
1949
1160
46
-1366
-3038
-4464
-5139
-5137
-4890
-4487
-3902
-3550
-3860
-4476
-4632
-3526
-1516
1478
5010
8440
10458
10228
8791
7182
6090
5208
5028
6043
7558
8283
7625
5791
2910
-1210
-5593
-8597
-9401
-8519
-6996
-5329
-3948
-3741
-4870
-6438
-6899
-5831
-3751
-727
3061
6915
9294
9724
8853
7391
5616
4099
3713
4607
5664
5796
4861
3083
525
-2785
-5847
-7632
-7907
-7331
-6450
-5373
-4506
-4270
-4574
-4625
-4068
-3079
-1820
-112
1992
3744
4489
4164
3290
2187
1117
484
528
808
481
-558
-1919
-3371
-5045
-6610
-7399
-7079
-6135
-5149
-4161
-3446
-3191
-3458
-3405
-2266
-9
2677
5689
8858
11707
12638
11255
8889
6941
5880
5048
5084
5925
6674
6016
4041
1560
-1435
-5254
-9012
-11078
-10690
-8874
-6887
-5162
-3932
-3717
-4622
-5417
-4638
-2542
-42
2747
6241
9742
11456
11092
9544
7722
5677
3905
3329
3778
3988
3176
1683
-26
-2305
-5228
-7855
-9139
-8973
-8029
-6697
-5071
-3683
-2989
-2809
-2323
-1300
-249
627
1773
3424
4837
5263
4717
3620
2090
517
-578
-869
-1078
-1936
-3279
-4524
-5401
-6273
-7118
-7488
-7042
-6077
-5028
-3939
-2945
-2270
-1960
-1289
275
2673
4988
7258
9536
11561
12188
10867
8728
6752
5455
4476
4202
4569
4664
3590
1561
-767
-3308
-6346
-9224
-10781
-10431
-8681
-6514
-4549
-3098
-2590
-2902
-3235
-2427
-523
1774
4298
7142
9879
11186
10792
9188
6992
4597
2587
1591
1504
1504
1040
-43
-1572
-3441
-5651
-7705
-8808
-8425
-6873
-4919
-2899
-1179
-237
-119
-159
217
757
1272
2026
3179
4240
4592
3899
2341
267
-1747
-3162
-3800
-3863
-3933
-4469
-5251
-5806
-6104
-6457
-6674
-6093
-4775
-3143
-1575
-113
896
1171
1305
1987
3220
4788
6234
7997
9609
10737
10582
8726
6204
3866
2404
1384
1055
1298
1280
271
-1321
-2918
-4594
-6659
-8367
-8844
-7901
-5906
-3617
-1709
-540
-233
-405
-557
248
2014
3935
5769
7547
9299
9942
9044
7175
4854
2416
404
-553
-524
-501
-972
-1863
-3018
-4365
-5777
-6824
-7173
-6501
-4790
-2664
-763
593
1179
927
401
308
616
874
1287
2096
2760
2722
1848
391
-1603
-3580
-4777
-5142
-5018
-4758
-4497
-4390
-4400
-4313
-4241
-4193
-3759
-2661
-1027
602
1934
2792
2976
2764
2672
2943
3336
3894
4694
5968
7021
7684
7270
5468
2894
722
-244
-729
-803
-693
-570
-793
-1128
-1418
-2005
-3271
-4612
-5290
-4714
-3021
-1119
301
1008
1286
1295
1177
1494
2119
2775
3512
4693
6293
7145
6562
4758
2592
584
-953
-1760
-1803
-1690
-1669
-1747
-1761
-2001
-2876
-3969
-4677
-4265
-2964
-1322
191
1029
1150
696
144
-270
-679
-1128
-1396
-1074
-238
390
84
-1076
-2670
-4131
-4978
-4916
-4252
-3615
-3047
-2367
-1548
-914
-683
-914
-1145
-818
261
1665
2816
3383
3053
2221
1509
1243
1086
936
881
1773
3403
5063
5760
4996
3296
1215
-174
-766
-537
36
667
1289
1751
2185
1988
589
-1616
-3599
-4390
-3990
-2612
-876
396
820
672
256
-86
-289
-274
249
1490
3492
5328
6213
5743
4213
2164
250
-976
-1315
-1005
-437
190
709
857
23
-1595
-3344
-4382
-4468
-3859
-2725
-1704
-1114
-1061
-1271
-1650
-2265
-2928
-3403
-3142
-1975
-449
537
598
92
-708
-1522
-1880
-1674
-1324
-1045
-452
563
1417
1564
988
-77
-1064
-1391
-1047
-392
43
59
-249
-627
-712
-685
-901
-1184
-1119
284
2649
4966
6163
5890
4747
3175
2185
1738
1643
1681
1944
2462
2975
3422
2941
1048
-1768
-4153
-5373
-5498
-4491
-2918
-1520
-789
-411
-265
-381
-537
-505
112
1505
3626
5685
6899
6934
5807
3929
1965
537
-76
-136
118
594
885
452
-948
-2873
-4636
-5828
-6195
-5718
-4786
-3754
-2811
-2047
-1603
-1628
-2052
-2698
-2920
-2166
-677
1037
2238
2614
2180
1312
564
-6
-388
-703
-769
-386
262
712
415
-612
-2026
-3340
-3916
-3492
-2486
-1594
-1089
-882
-770
-555
-290
-192
-153
152
840
2682
5295
7574
8430
7685
6255
4517
3240
2309
1675
1376
1425
1730
1848
1807
1011
-1065
-3763
-5745
-6509
-6257
-4988
-3233
-1619
-512
207
498
452
546
765
1321
2490
4337
6114
7048
7036
6068
4285
2260
531
-611
-1255
-1646
-1844
-1959
-2261
-3197
-4462
-5611
-6444
-6685
-6126
-5036
-3801
-2574
-1510
-839
-501
-256
-300
-489
-106
885
1974
2804
3372
3319
2454
1467
561
-399
-1326
-1912
-2082
-2011
-1804
-1774
-2277
-3079
-3798
-4063
-3672
-2706
-1478
-440
247
774
1313
1796
2047
2132
2341
2631
3264
4957
6841
7948
7698
6623
4888
2750
1162
-117
-1041
-1628
-1441
-1015
-677
-369
-769
-2251
-4001
-4904
-5021
-4470
-2971
-1069
604
1803
2708
2987
2765
2446
2218
2415
3110
4302
5304
5661
5169
3775
1765
-479
-2561
-3999
-4741
-4765
-4193
-3252
-2683
-2942
-3535
-4196
-4879
-5121
-4561
-3491
-2210
-708
820
1688
1796
1440
587
-170
-118
731
1666
2281
2651
2267
1216
25
-1172
-2404
-3435
-3771
-3396
-2611
-1707
-1185
-1273
-1839
-2416
-2478
-1953
-934
317
1568
2620
3343
3694
3528
2900
2149
1726
1636
2258
3938
5705
6614
6029
4603
2336
-111
-1997
-3074
-3060
-2399
-1004
149
997
1328
753
-714
-2399
-3326
-3539
-2812
-1180
927
2679
3465
3350
2402
1336
332
-195
-109
596
1756
2683
3065
2489
1060
-983
-3112
-4585
-4971
-4366
-3144
-1825
-693
-322
-739
-1572
-2426
-3115
-3298
-2724
-1649
-299
1003
1895
1911
1245
192
-900
-1507
-1358
-447
531
1240
1485
1042
179
-896
-1739
-2357
-2485
-2020
-1223
-288
378
653
419
-175
-645
-730
-315
480
1573
2624
3167
3129
2508
1694
720
57
-295
-301
22
708
1982
2855
3341
2840
1646
48
-1249
-1611
-1429
-471
508
1429
1779
1947
2014
1620
861
-204
-1055
-1726
-1747
-1138
-377
238
316
8
-696
-1256
-1605
-1763
-1650
-1231
-456
321
975
1347
1273
699
-88
-696
-784
-461
195
811
1268
1235
734
-39
-869
-1540
-2048
-2243
-2333
-2156
-1805
-1381
-1089
-1060
-1195
-1602
-1815
-1648
-966
-51
746
1417
1594
1589
1435
1335
1178
907
762
628
736
871
973
770
322
-180
-641
-843
-757
-459
-262
-390
-722
-1115
-1381
-1472
-1445
-1313
-1224
-922
-539
438
1569
2632
3178
2945
2373
1667
1551
1542
1745
1942
2145
2276
2194
2169
1889
1274
221
-1050
-2174
-2927
-3055
-2943
-2574
-2147
-1780
-1723
-1821
-1742
-1693
-1493
-1247
-678
93
1034
1944
2599
2977
2946
2550
1988
1599
1497
1528
1506
1300
776
75
-671
-1367
-1904
-2344
-2808
-3311
-3528
-3247
-2628
-1927
-1342
-1028
-912
-739
-295
400
1123
1786
2166
2332
2408
2386
2165
1670
1124
622
213
-82
-303
-556
-871
-1237
-1548
-1818
-2012
-2111
-2190
-2228
-2212
-1998
-1695
-1249
-758
-337
-98
-79
-100
34
783
1774
2948
3779
4063
3711
2961
2410
1849
1501
1138
964
860
884
1160
1279
1117
457
-689
-2096
-3130
-3392
-3181
-2586
-1788
-1083
-875
-958
-1101
-1245
-1330
-1191
-657
194
1487
2815
3728
3976
3705
2904
1916
1236
1120
1281
1384
1335
984
450
-208
-868
-1579
-2270
-2874
-3405
-3555
-3070
-2129
-1237
-679
-561
-784
-1069
-1042
-566
109
822
1237
1355
1313
1302
1251
926
503
-35
-598
-1012
-1144
-994
-803
-639
-676
-927
-1223
-1444
-1558
-1624
-1588
-1494
-1383
-1100
-690
-345
-203
-267
-514
-715
-302
665
1871
2811
3245
3053
2534
2207
1923
1649
1374
1351
1373
1540
2091
2619
2679
1999
813
-700
-2024
-2660
-2733
-2397
-1882
-1434
-1486
-1844
-2063
-2090
-1996
-1778
-1266
-540
467
1640
2711
3414
3617
3335
2752
2356
2396
2685
2885
2831
2518
1974
1318
594
-207
-1098
-2074
-2994
-3550
-3492
-2990
-2438
-2106
-2151
-2513
-2950
-3135
-2925
-2412
-1742
-1135
-609
-40
659
1256
1502
1452
1144
693
299
238
572
980
1256
1214
891
423
-61
-475
-930
-1330
-1681
-1928
-2017
-1816
-1458
-1330
-1511
-1912
-2236
-2263
-1657
-639
564
1625
2311
2522
2450
2520
2503
2377
2216
2298
2515
2822
3271
3571
3509
2958
1949
609
-624
-1422
-1934
-2239
-2341
-2358
-2491
-2555
-2416
-2226
-2048
-1850
-1533
-1036
-120
1075
2214
3032
3548
3744
3738
3725
3739
3683
3450
3123
2657
2154
1608
949
50
-1056
-2207
-3310
-4123
-4502
-4496
-4260
-3990
-3861
-3953
-4042
-3939
-3597
-3090
-2428
-1670
-857
74
1045
1901
2394
2479
2188
1718
1425
1414
1625
1875
2070
2044
1662
1065
331
-463
-1267
-1957
-2410
-2602
-2497
-2256
-2069
-2076
-2260
-2578
-2927
-3038
-2745
-2008
-1065
11
1162
2193
2907
3207
3307
3232
3105
2999
3054
3392
3904
4442
4684
4620
4231
3420
2128
656
-566
-1475
-2064
-2357
-2364
-2229
-2056
-1989
-2129
-2311
-2384
-2322
-2148
-1611
-600
608
1718
2582
3159
3374
3248
2857
2335
1936
1735
1589
1393
1196
956
483
-264
-1146
-1995
-2737
-3313
-3741
-3920
-3794
-3526
-3354
-3296
-3187
-3032
-2853
-2629
-2269
-1767
-1134
-425
272
906
1403
1669
1682
1672
1773
1904
1981
1985
1954
1797
1503
1012
364
-334
-985
-1511
-1878
-1996
-1976
-2008
-2179
-2408
-2611
-2780
-2885
-2904
-2685
-2089
-1131
-23
1139
2308
3194
3610
3638
3670
3754
3868
4034
4274
4625
4982
5224
5120
4693
3938
2740
1137
-460
-1615
-2312
-2668
-2800
-2807
-2803
-2811
-2856
-2963
-2963
-2808
-2549
-2161
-1386
-209
1032
2022
2623
2905
2895
2723
2457
2183
1992
1852
1672
1433
1233
967
456
-375
-1430
-2519
-3485
-4188
-4589
-4642
-4427
-4123
-3861
-3627
-3315
-2958
-2600
-2210
-1717
-1073
-287
560
1355
2020
2456
2561
2406
2173
1952
1724
1470
1199
928
630
296
-105
-585
-1079
-1565
-1997
-2263
-2241
-1987
-1725
-1573
-1519
-1472
-1356
-1118
-723
-181
537
1357
2166
2918
3701
4378
4690
4572
4248
3922
3588
3296
3046
2863
2648
2321
1792
1105
408
-348
-1247
-2167
-2790
-3016
-2946
-2670
-2276
-1853
-1507
-1255
-1089
-871
-464
54
532
935
1384
1803
2056
2066
1854
1453
885
245
-336
-705
-851
-932
-1118
-1408
-1725
-2049
-2364
-2618
-2750
-2746
-2616
-2381
-2019
-1508
-961
-553
-349
-283
-270
-294
-291
-200
-54
74
125
93
23
-12
-37
-126
-243
-305
-279
-188
-32
184
376
485
518
536
615
766
924
996
1003
1025
1044
1016
929
797
611
375
148
19
40
193
397
536
616
716
812
813
707
597
539
500
477
518
691
947
1200
1379
1478
1528
1491
1306
1031
810
685
586
457
318
178
-2
-266
-615
-984
-1287
-1522
-1718
-1859
-1869
-1792
-1726
-1681
-1592
-1414
-1190
-944
-661
-281
194
677
1068
1332
1467
1425
1186
816
408
18
-353
-699
-998
-1223
-1440
-1731
-2101
-2468
-2750
-2929
-2961
-2802
-2425
-1877
-1236
-575
53
628
1108
1497
1830
2149
2449
2687
2842
2887
2810
2567
2151
1611
1064
576
120
-316
-709
-1045
-1368
-1703
-1998
-2202
-2285
-2267
-2147
-1910
-1519
-998
-410
196
767
1277
1683
1954
2094
2159
2229
2292
2313
2314
2337
2374
2321
2153
1885
1541
1097
524
-127
-748
-1227
-1584
-1832
-1949
-1931
-1844
-1761
-1665
-1510
-1259
-963
-672
-369
-10
390
725
949
1086
1153
1122
998
853
740
657
520
285
-13
-326
-665
-1054
-1462
-1820
-2069
-2207
-2229
-2124
-1907
-1647
-1423
-1249
-1061
-796
-458
-84
324
759
1185
1548
1801
1949
1997
1920
1694
1381
1060
768
476
158
-173
-493
-804
-1090
-1314
-1448
-1510
-1540
-1531
-1436
-1234
-1004
-855
-802
-770
-681
-508
-252
89
474
861
1202
1476
1695
1867
1924
1792
1525
1256
1066
935
857
849
901
964
1012
1054
1084
1072
930
622
242
-69
-268
-382
-406
-338
-234
-167
-137
-111
-68
-34
-80
-190
-279
-244
-121
3
95
114
46
-114
-272
-339
-302
-196
-104
-64
-82
-148
-299
-558
-880
-1216
-1497
-1660
-1659
-1513
-1298
-1105
-1009
-991
-976
-893
-742
-535
-284
-9
271
514
691
766
739
620
441
282
207
199
173
75
-117
-369
-636
-852
-994
-1047
-1020
-961
-889
-794
-672
-598
-614
-690
-741
-705
-528
-219
162
544
911
1266
1599
1924
2219
2410
2430
2323
2188
2057
1940
1831
1723
1633
1554
1497
1416
1283
1038
620
40
-559
-1006
-1250
-1301
-1214
-1046
-880
-724
-571
-408
-216
-29
140
290
493
767
998
1092
1003
766
416
36
-270
-479
-606
-743
-921
-1133
-1318
-1496
-1717
-1977
-2203
-2309
-2271
-2052
-1680
-1207
-736
-367
-120
48
243
453
641
775
834
821
736
617
485
325
100
-198
-510
-732
-838
-891
-944
-1002
-1040
-1060
-1043
-976
-860
-710
-559
-405
-208
66
355
550
605
549
452
400
433
521
628
728
885
1166
1572
1976
2159
2071
1760
1382
1056
835
793
895
1104
1320
1503
1657
1715
1588
1207
648
76
-339
-510
-446
-235
-39
-8
-193
-445
-668
-793
-836
-808
-678
-486
-233
-39
20
-112
-454
-911
-1314
-1451
-1293
-925
-532
-277
-245
-396
-636
-899
-1068
-1154
-1155
-1070
-831
-461
-135
31
-58
-345
-694
-932
-961
-810
-543
-311
-225
-263
-335
-420
-506
-561
-546
-427
-210
105
406
599
632
478
251
71
40
122
209
250
237
208
178
114
6
-169
-419
-659
-826
-859
-750
-562
-381
-253
-40
451
1200
2032
2698
3035
3095
2976
2851
2761
2759
2866
2894
2820
2673
2523
2242
1671
831
-167
-1106
-1812
-2185
-2231
-2018
-1835
-1891
-2172
-2416
-2405
-2175
-1714
-1112
-409
305
894
1335
1554
1504
1136
559
62
-190
-179
-33
39
-105
-533
-1207
-1942
-2536
-2839
-2931
-2874
-2607
-2135
-1510
-906
-507
-406
-517
-635
-583
-235
435
1149
1620
1773
1651
1351
906
460
77
-191
-288
-266
-169
-33
23
-187
-664
-1199
-1553
-1614
-1357
-822
-193
370
692
767
737
666
547
335
190
220
371
571
737
824
783
581
356
472
1081
1923
2557
2822
2812
2550
2194
1817
1564
1510
1544
1556
1497
1565
1592
1244
461
-497
-1377
-2043
-2334
-2255
-1894
-1519
-1412
-1707
-2097
-2208
-2109
-1855
-1449
-876
-281
221
629
830
871
701
275
-160
-253
2
290
446
418
92
-562
-1307
-1925
-2228
-2212
-2081
-1880
-1515
-905
-378
-165
-182
-417
-700
-789
-489
126
783
1249
1260
970
661
376
110
8
149
389
602
779
894
833
567
43
-496
-774
-671
-260
288
883
1233
1232
940
474
70
-190
-345
-446
-401
-183
-41
-51
-216
-516
-861
-1100
-1014
-183
1403
2985
3793
3796
3480
2834
2132
1653
1519
1731
1978
2160
2126
2067
1619
295
-1474
-2945
-3840
-4312
-4185
-3540
-2760
-2282
-2275
-2684
-3012
-2825
-2404
-1706
-522
1011
2275
3032
3476
3436
2915
2113
1250
618
402
475
497
321
-103
-1111
-2617
-3964
-4714
-4805
-4364
-3588
-2772
-1999
-1151
-409
86
561
916
1085
1378
2088
3053
3710
3931
3617
2939
2197
1377
595
116
-25
-236
-604
-859
-1020
-1340
-1724
-1957
-2039
-1850
-1470
-1001
-408
357
1000
1204
1296
1383
1334
1183
1172
1242
1183
978
575
109
-335
-781
-1388
-1927
-2125
-2100
-1301
227
1620
1966
1656
1507
1202
1003
1106
1508
1954
2276
2400
2308
2283
1844
521
-1050
-1979
-2519
-2821
-2510
-1834
-1351
-1388
-1739
-2418
-2854
-2649
-2345
-1788
-679
718
1576
1907
2066
1801
1148
495
117
174
603
1001
1173
1113
609
-627
-2044
-2807
-2915
-2541
-1847
-1001
-341
-29
164
304
424
390
277
459
1071
1824
2420
2598
2301
1632
860
200
-246
-187
37
142
202
214
-22
-540
-977
-1223
-1246
-966
-572
-190
336
783
771
471
303
184
-65
-128
-58
-116
-252
-490
-871
-1252
-1392
-1520
-1830
-1960
-2004
-2022
-1924
-1291
365
2255
3295
3097
2930
3181
2884
2220
1830
1954
1902
1655
1481
1583
1581
552
-1406
-2956
-3447
-3961
-4292
-3616
-2295
-1561
-1658
-1917
-2306
-2286
-1926
-1490
-422
1567
3468
4130
4231
4229
3454
2019
978
675
900
1266
1375
1148
714
-95
-1702
-3272
-3871
-3928
-3721
-3008
-1673
-451
126
251
75
-164
-295
-90
816
2342
3707
4380
4201
3485
2413
1186
171
-525
-685
-691
-695
-568
-582
-1087
-2065
-2880
-3235
-3002
-2194
-1180
-256
583
1236
1320
1168
1053
900
600
586
902
955
860
611
103
-867
-1764
-2428
-2921
-3193
-3330
-3285
-3126
-2789
-2498
-951
1582
3374
3346
2972
3479
3301
2709
2368
2735
3047
2934
2666
2437
2486
1428
-1064
-3284
-3918
-4142
-4402
-3602
-2197
-1408
-1713
-2213
-2677
-2538
-1745
-1081
242
2565
4820
5577
5496
5188
3922
2128
971
809
1232
1791
1853
1304
444
-881
-3027
-4906
-5374
-5073
-4374
-3180
-1648
-620
-340
-413
-781
-1123
-1063
-445
903
2837
4441
5123
4591
3383
1898
741
260
17
255
641
948
755
-38
-1225
-2559
-3450
-3809
-3423
-2218
-773
55
221
19
-460
-1027
-1299
-1016
-421
519
1313
1641
1557
976
-59
-1360
-2028
-2072
-1751
-1219
-692
-646
-1039
-1596
-1978
-2267
-1703
677
3079
4130
3724
3611
3329
1999
1026
740
1005
1208
1414
1625
1926
1782
49
-2437
-3505
-3387
-3659
-3079
-1368
-99
-51
-379
-640
-1280
-1088
-462
111
1603
3782
5011
4823
4393
3404
1348
-270
-588
-415
106
664
642
36
-811
-2107
-3851
-4557
-4077
-3417
-2413
-1024
124
497
492
519
236
51
324
1053
2359
3512
4067
3839
2836
1576
387
-240
-612
-837
-598
-410
-596
-1113
-1774
-2450
-2943
-3128
-2964
-2168
-851
-43
86
247
106
-478
-714
-128
573
942
1316
1321
906
643
74
-871
-1497
-1410
-1358
-1401
-885
-600
-1008
-1661
-2014
-2272
-2083
-1668
-6
2766
4721
4439
3028
3034
2393
1001
381
777
1263
1120
1085
1092
1208
465
-1834
-3696
-3508
-2979
-2899
-1401
620
1363
751
194
-444
-991
-338
176
1000
2829
4511
4720
4246
3686
1939
-324
-1182
-1078
-641
322
792
412
-360
-1235
-2848
-4300
-4219
-3683
-2966
-1502
121
786
756
795
563
51
-56
210
951
2306
3341
3672
3225
2361
1002
-317
-734
-843
-824
-772
-839
-1109
-1687
-2352
-2986
-3491
-3467
-2893
-1857
-669
264
949
1094
736
372
410
836
1269
1708
1963
1762
1222
503
-285
-1093
-1687
-2110
-2273
-2103
-1843
-1871
-2061
-2304
-2700
-2968
-2574
-1896
-755
2086
4582
5024
4007
3871
3680
2075
1598
2097
2480
2405
2308
2000
1778
1419
-453
-2833
-3184
-2578
-3131
-2478
-502
178
-713
-1513
-1839
-2431
-1777
-633
103
1965
4138
4895
4649
4557
3660
1489
310
501
685
1138
1379
853
-197
-1427
-2904
-4392
-4647
-4233
-4006
-3151
-1876
-1055
-745
-629
-316
-310
-233
350
1176
2371
2986
3368
3597
3179
2388
1417
860
489
72
-386
-1022
-1476
-1963
-2844
-3372
-3348
-3179
-2903
-2171
-1133
-664
-507
-408
-532
-410
-27
488
1019
1703
2172
1820
1327
934
249
-502
-1009
-1098
-1119
-1259
-1238
-1305
-1213
-1280
-1602
-1715
-1584
-1213
-851
-504
1328
3626
4483
3816
3260
3592
2514
1497
1772
2043
1764
1287
1057
871
734
6
-1845
-2772
-2328
-2726
-3001
-1541
-305
-666
-1277
-1053
-948
-624
659
1499
2555
4010
4383
3891
3750
3554
1925
271
62
-83
-304
-175
-297
-928
-2031
-3311
-4529
-4797
-4132
-3706
-3071
-1887
-984
-586
-246
343
801
903
1151
1574
2314
3010
3137
3260
2865
1853
869
388
237
-345
-1014
-1543
-2069
-2269
-2530
-2928
-2851
-2535
-2367
-2080
-1253
-635
-801
-723
-284
-146
229
1045
1810
2262
2482
2203
1281
763
605
70
-132
4
-81
-416
-452
-367
-831
-1224
-1437
-1730
-1790
-1424
-1125
-825
-673
239
1927
2928
2791
2179
2465
1939
647
600
1149
1345
1154
1043
1068
1051
753
-306
-1089
-848
-1350
-2098
-1027
158
19
-445
-246
-317
-717
-116
249
367
1057
1332
1210
1475
1665
771
-382
-552
-921
-1309
-656
-7
26
-302
-735
-1408
-1798
-1461
-1224
-856
-71
317
326
740
1376
1389
728
399
330
231
309
277
457
398
-222
-862
-1080
-794
-1113
-1552
-1281
-986
-829
-762
-344
123
209
91
-75
127
540
463
334
529
492
223
196
534
589
346
211
-74
-233
-124
-172
-398
-482
-470
-717
-775
-564
-638
-871
-846
-680
-589
-575
-688
-931
-908
-869
-525
1110
2649
2709
1894
1817
1768
804
593
1090
1160
883
632
539
755
733
-128
-1200
-1429
-1754
-2695
-2197
-845
-477
-634
-521
-437
-791
-583
31
475
1415
2287
2745
3311
3542
2838
1670
1062
698
289
557
940
740
197
-525
-1360
-2021
-2234
-2259
-2226
-1821
-1394
-1131
-740
-451
-412
-642
-843
-829
-621
42
666
1038
1367
1350
1081
839
809
678
299
339
546
405
169
-6
-279
-772
-1181
-1347
-1478
-1424
-1331
-1317
-1107
-972
-1004
-838
-327
50
-86
-139
93
218
340
487
484
275
57
10
-32
24
85
-122
-432
-687
-801
-899
-1024
-1102
-1198
-1188
-1156
-1203
-615
567
1221
1197
1164
1512
1337
959
1306
1489
1297
1156
1318
1572
1609
1357
658
-8
-373
-861
-853
-37
371
203
125
70
-332
-502
154
701
1072
1766
2304
2632
2733
2461
1896
1285
795
271
246
587
426
-40
-552
-1276
-2126
-2592
-2556
-2418
-2209
-1886
-1680
-1500
-1355
-1307
-1064
-785
-563
-241
457
1204
1327
1290
1116
578
3
-236
-48
70
144
127
-320
-845
-1305
-1821
-2169
-2227
-2159
-2018
-1555
-893
-596
-561
-558
-727
-734
-302
392
1056
1653
1972
1725
1384
1236
1070
879
783
750
614
404
231
-32
-396
-949
-1615
-1985
-1989
-1756
-1408
-1062
-984
-1277
-1527
-1503
-972
302
1758
2776
3223
3341
3187
2682
2350
2208
2006
2010
2100
2144
2126
1885
1210
143
-790
-1388
-1607
-1114
-320
79
131
-8
-282
-601
-587
-236
145
732
1337
1751
2009
1945
1469
698
-27
-597
-997
-946
-595
-321
-395
-958
-1764
-2469
-2881
-3034
-2878
-2429
-2032
-1811
-1584
-1323
-1175
-1206
-1257
-1121
-789
-249
402
1057
1514
1440
1001
512
153
-30
-62
63
177
154
9
-233
-510
-805
-1087
-1241
-1223
-963
-489
34
448
645
683
649
724
1050
1464
1766
1873
1754
1458
1087
745
459
246
73
-202
-472
-588
-673
-865
-1049
-1140
-1268
-1379
-1306
-1089
-864
-695
-547
-345
41
620
1384
2276
2943
3034
2722
2485
2277
1971
1751
1609
1376
1047
793
625
433
166
-261
-789
-1141
-1228
-1117
-795
-478
-436
-635
-889
-1064
-1073
-796
-330
116
518
830
935
830
629
368
38
-224
-293
-242
-218
-330
-639
-1144
-1737
-2191
-2367
-2262
-1993
-1774
-1635
-1565
-1599
-1616
-1427
-1041
-668
-327
88
490
789
983
1051
930
660
425
352
483
711
884
909
715
327
-55
-276
-331
-259
-104
87
229
325
404
422
384
340
395
634
958
1230
1329
1193
876
504
244
113
27
-46
-125
-235
-409
-617
-766
-914
-1055
-1138
-1132
-1024
-854
-607
-375
-195
-19
156
365
640
961
1230
1409
1587
1797
1942
1908
1702
1482
1269
985
712
517
332
55
-248
-375
-327
-261
-295
-450
-623
-810
-928
-826
-582
-338
-193
-190
-306
-466
-527
-513
-468
-363
-227
-76
20
12
-72
-255
-593
-986
-1156
-1075
-959
-853
-741
-699
-759
-853
-899
-870
-815
-771
-673
-423
-146
13
141
218
147
-19
-97
-71
-8
148
369
523
561
553
558
597
643
644
611
597
594
564
537
501
395
269
216
228
237
241
249
239
243
289
322
317
287
237
183
127
79
29
-29
-105
-192
-220
-194
-158
-98
-4
88
138
202
277
335
383
404
397
373
357
360
349
291
156
-15
-146
-248
-349
-406
-372
-305
-318
-387
-454
-490
-448
-318
-176
-106
-62
-4
68
213
371
404
342
284
226
169
161
151
96
47
-35
-187
-322
-392
-469
-541
-560
-571
-595
-564
-490
-443
-453
-569
-739
-836
-830
-744
-593
-429
-319
-222
-97
-14
27
80
130
176
247
323
378
434
478
439
360
289
220
199
288
433
523
544
527
471
379
277
172
93
80
134
207
256
253
175
71
32
43
59
112
209
275
299
339
365
329
281
270
292
321
344
343
325
289
213
129
76
22
-58
-142
-219
-301
-375
-400
-375
-347
-350
-384
-424
-469
-518
-549
-562
-552
-509
-407
-243
-82
2
-8
-48
-89
-126
-99
-6
46
19
-12
-6
12
22
7
-55
-147
-235
-276
-201
-71
9
39
44
-5
-102
-149
-135
-116
-82
-41
-14
-1
-4
-20
-53
-119
-205
-225
-138
-36
48
146
215
201
149
123
112
114
138
174
204
208
178
139
124
114
94
112
165
199
207
226
224
175
141
163
210
251
299
345
372
411
471
522
541
511
446
401
386
355
305
280
249
178
119
85
21
-83
-168
-218
-250
-261
-272
-304
-345
-382
-403
-391
-364
-355
-364
-354
-340
-329
-309
-306
-355
-446
-538
-629
-712
-758
-758
-729
-681
-624
-584
-565
-550
-518
-440
-301
-145
-17
80
154
207
279
397
510
591
655
714
778
843
875
824
696
527
349
215
140
78
3
-70
-156
-260
-331
-346
-321
-262
-181
-111
-50
35
121
182
220
242
258
295
364
417
429
398
316
213
140
99
66
32
-2
-54
-112
-158
-194
-233
-279
-331
-366
-351
-293
-200
-86
29
105
158
224
296
347
367
368
356
351
351
335
316
269
176
81
20
-20
-57
-84
-97
-119
-139
-170
-211
-244
-281
-319
-344
-343
-337
-335
-327
-319
-307
-289
-271
-252
-236
-239
-270
-297
-300
-296
-294
-293
-299
-321
-341
-335
-302
-255
-216
-197
-189
-178
-160
-127
-64
15
84
133
175
226
286
367
435
469
492
515
534
556
590
590
540
477
393
296
218
163
119
93
68
11
-62
-114
-160
-195
-189
-165
-153
-133
-107
-86
-66
-41
-27
-10
25
71
119
165
200
224
253
278
283
280
274
253
213
185
179
179
172
147
121
98
83
79
74
73
66
56
36
8
-15
-46
-71
-95
-132
-166
-192
-227
-270
-297
-306
-314
-308
-300
-308
-314
-306
-302
-285
-238
-193
-170
-157
-159
-184
-208
-231
-254
-261
-259
-266
-279
-280
-286
-309
-334
-356
-371
-374
-368
-355
-329
-295
-262
-221
-168
-119
-75
-17
54
121
182
225
260
291
313
324
318
307
299
301
299
285
273
261
254
257
266
276
279
286
301
330
360
376
389
402
408
406
407
403
393
385
381
371
359
343
320
299
280
245
202
164
129
92
63
39
20
8
1
-9
-29
-48
-66
-77
-68
-48
-27
-18
-20
-37
-69
-105
-149
-181
-208
-232
-256
-292
-335
-385
-430
-474
-506
-522
-531
-528
-518
-515
-526
-533
-530
-514
-484
-457
-431
-408
-379
-347
-315
-283
-264
-251
-236
-212
-182
-156
-140
-139
-135
-128
-119
-103
-79
-53
-32
-8
11
30
57
83
113
155
200
236
275
309
333
347
369
404
447
502
551
574
573
558
538
518
507
493
476
466
461
453
448
443
423
411
415
417
417
420
419
402
384
355
298
241
184
128
88
70
47
20
-4
-45
-103
-159
-215
-262
-286
-301
-324
-348
-365
-382
-388
-382
-375
-363
-344
-330
-318
-304
-302
-316
-332
-344
-355
-362
-372
-378
-376
-377
-384
-395
-402
-410
-420
-429
-435
-437
-446
-450
-443
-427
-411
-398
-381
-351
-306
-252
-194
-141
-98
-63
-26
22
78
135
184
213
230
240
245
250
257
263
269
276
286
297
307
306
301
299
304
324
361
405
441
460
469
470
467
467
466
470
475
480
481
476
459
425
388
360
346
340
341
346
339
318
282
249
221
191
163
134
103
63
17
-29
-76
-123
-174
-217
-240
-244
-250
-261
-280
-316
-353
-372
-381
-381
-375
-367
-367
-374
-385
-408
-427
-438
-447
-451
-441
-426
-410
-395
-387
-392
-401
-396
-381
-347
-307
-278
-260
-251
-245
-240
-234
-226
-216
-200
-180
-153
-127
-99
-77
-66
-54
-36
-12
20
54
82
93
97
103
114
133
160
190
220
250
275
302
324
348
362
368
375
389
404
414
420
422
425
433
440
438
431
424
405
382
363
341
316
291
267
243
219
194
172
150
133
118
102
90
76
62
54
46
33
12
-7
-30
-51
-67
-83
-101
-121
-133
-145
-157
-169
-176
-183
-189
-199
-213
-227
-248
-276
-307
-332
-349
-359
-358
-355
-362
-376
-388
-397
-407
-410
-397
-376
-349
-322
-299
-286
-279
-273
-267
-242
-213
-188
-170
-155
-145
-143
-137
-129
-115
-89
-57
-21
16
48
72
94
116
139
161
185
211
234
254
273
281
281
280
281
283
287
296
303
307
311
309
296
281
275
273
275
280
285
293
303
310
309
300
289
283
279
278
276
268
252
229
196
157
114
71
28
-5
-33
-56
-82
-103
-120
-137
-150
-163
-168
-164
-153
-145
-142
-143
-148
-153
-155
-151
-147
-146
-147
-148
-149
-149
-153
-153
-154
-160
-167
-178
-193
-213
-232
-249
-264
-272
-274
-268
-262
-255
-252
-249
-241
-234
-226
-213
-195
-180
-165
-152
-140
-130
-121
-115
-103
-87
-73
-60
-48
-36
-28
-22
-11
5
26
52
78
101
130
159
182
202
225
248
265
283
299
316
328
333
333
331
332
327
319
319
316
306
290
274
256
232
203
172
142
112
83
59
42
23
2
-22
-38
-46
-51
-56
-61
-62
-57
-58
-59
-56
-52
-54
-60
-61
-57
-52
-48
-48
-49
-56
-62
-68
-73
-75
-77
-81
-83
-84
-90
-96
-95
-91
-85
-78
-73
-68
-63
-60
-59
-57
-54
-51
-49
-45
-44
-52
-65
-81
-97
-112
-124
-138
-154
-174
-190
-204
-223
-239
-248
-252
-248
-237
-221
-205
-187
-171
-153
-128
-98
-71
-41
-7
22
45
65
85
103
119
135
149
164
178
191
204
214
219
218
217
220
222
226
229
232
234
230
224
219
217
215
212
207
201
197
187
179
172
162
146
126
110
94
77
55
34
20
12
3
-10
-21
-39
-58
-69
-77
-79
-78
-73
-67
-62
-57
-56
-56
-54
-53
-45
-38
-33
-31
-36
-45
-60
-76
-90
-103
-114
-122
-132
-145
-154
-165
-175
-184
-192
-198
-202
-199
-191
-184
-181
-180
-176
-172
-167
-160
-152
-142
-134
-130
-127
-125
-126
-131
-129
-124
-121
-116
-106
-95
-88
-84
-82
-74
-63
-53
-35
-16
3
21
37
58
83
107
128
150
173
193
212
228
241
249
253
253
250
250
246
239
232
227
223
217
215
215
219
218
217
215
214
214
207
205
203
198
194
185
176
160
145
126
105
88
73
54
32
7
-24
-51
-72
-89
-101
-109
-113
-120
-125
-126
-127
-128
-129
-130
-130
-129
-123
-122
-127
-134
-141
-148
-157
-165
-172
-172
-169
-169
-173
-178
-188
-202
-216
-224
-232
-239
-241
-241
-243
-244
-246
-246
-237
-224
-211
-193
-173
-156
-143
-132
-117
-103
-87
-67
-45
-23
-4
12
24
36
49
61
75
89
105
116
127
137
148
157
168
180
193
205
212
217
223
231
237
243
251
254
257
258
261
261
256
255
253
250
248
243
237
232
225
220
217
218
217
210
203
193
181
167
155
142
127
113
96
76
52
24
-4
-30
-55
-80
-104
-121
-137
-155
-175
-198
-221
-249
-273
-293
-310
-322
-334
-340
-346
-352
-359
-362
-364
-361
-350
-332
-313
-295
-280
-273
-268
-263
-259
-254
-248
-237
-227
-217
-211
-206
-200
-193
-180
-162
-140
-117
-95
-71
-46
-25
-6
18
50
82
110
136
158
178
196
212
229
246
261
275
288
300
306
305
303
301
300
300
305
311
316
320
319
319
316
312
307
305
307
303
298
288
275
259
240
224
211
200
190
176
164
150
133
111
89
72
57
43
29
11
-5
-27
-52
-75
-95
-115
-134
-146
-158
-172
-194
-217
-244
-269
-290
-309
-322
-331
-341
-349
-357
-362
-372
-378
-378
-377
-372
-367
-359
-355
-350
-346
-338
-328
-313
-293
-274
-256
-240
-225
-212
-197
-180
-162
-143
-123
-101
-81
-60
-40
-19
2
28
60
92
120
149
175
202
225
244
265
283
298
309
321
327
328
326
322
319
318
316
315
312
306
299
287
274
261
249
241
240
242
245
243
236
226
213
205
194
186
173
159
144
126
103
79
53
28
3
-14
-29
-44
-63
-80
-95
-109
-126
-140
-148
-150
-151
-152
-154
-156
-158
-161
-162
-161
-161
-162
-160
-161
-168
-178
-189
-200
-210
-216
-222
-230
-235
-235
-237
-236
-235
-234
-230
-222
-213
-204
-197
-191
-184
-173
-162
-149
-140
-130
-115
-100
-83
-69
-55
-42
-30
-16
-4
8
18
29
41
54
68
84
101
116
131
150
169
185
195
206
215
224
228
232
236
238
239
238
238
238
237
235
232
228
225
219
212
207
200
192
181
169
158
146
133
121
110
99
85
75
64
54
40
26
11
-4
-17
-33
-50
-67
-83
-99
-115
-129
-139
-149
-161
-169
-174
-179
-184
-186
-185
-183
-178
-175
-169
-161
-151
-144
-138
-131
-128
-124
-118
-112
-105
-100
-99
-99
-97
-95
-94
-94
-92
-90
-90
-86
-85
-81
-79
-74
-68
-60
-52
-48
-39
-35
-29
-24
-18
-11
-9
-3
4
13
16
21
25
27
35
42
49
59
70
74
77
84
90
94
102
112
121
128
134
138
144
145
149
152
155
156
163
168
169
165
162
157
150
143
139
135
131
122
111
103
91
81
71
59
47
39
33
27
19
9
0
-10
-18
-24
-30
-35
-40
-46
-52
-61
-72
-82
-90
-97
-107
-118
-128
-135
-143
-148
-153
-155
-152
-147
-145
-141
-136
-131
-126
-118
-108
-100
-94
-85
-76
-70
-68
-70
-71
-70
-67
-64
-60
-56
-51
-46
-44
-45
-44
-41
-37
-31
-20
-7
4
14
21
28
31
35
39
41
44
50
56
58
58
53
47
41
38
43
48
57
63
66
65
63
58
55
54
58
61
65
70
73
73
73
74
76
79
84
89
93
92
91
86
79
71
65
64
66
67
66
63
55
50
47
43
39
36
32
29
26
21
16
10
2
-6
-13
-18
-25
-34
-43
-53
-64
-75
-84
-91
-96
-103
-106
-110
-115
-120
-125
-128
-127
-122
-118
-111
-106
-102
-100
-99
-97
-93
-88
-78
-71
-64
-58
-56
-58
-56
-53
-51
-45
-38
-32
-24
-17
-12
-5
3
10
18
30
42
51
64
74
83
89
92
96
98
101
103
100
102
102
100
97
91
84
77
71
67
62
57
52
47
43
42
38
32
28
26
27
27
29
28
26
25
22
19
15
12
12
12
11
8
5
-2
-6
-13
-19
-24
-26
-26
-28
-30
-35
-39
-40
-39
-37
-36
-32
-28
-22
-21
-22
-21
-22
-25
-31
-38
-41
-46
-51
-54
-58
-63
-68
-71
-74
-78
-81
-82
-81
-78
-74
-70
-66
-62
-58
-53
-47
-39
-30
-23
-18
-14
-9
-3
2
5
11
14
16
17
20
23
25
26
29
33
38
41
43
48
53
56
61
66
71
77
83
86
88
92
96
99
97
95
90
85
81
75
69
64
59
54
46
39
31
24
19
15
11
9
7
6
6
4
1
-3
-4
-5
-6
-8
-7
-7
-10
-13
-18
-23
-26
-31
-35
-37
-39
-44
-45
-49
-51
-54
-56
-53
-49
-46
-46
-47
-48
-49
-48
-49
-49
-48
-48
-51
-52
-54
-55
-56
-57
-57
-54
-53
-52
-50
-52
-53
-53
-54
-51
-47
-40
-33
-28
-24
-21
-18
-15
-11
-8
-4
-2
1
5
11
13
14
16
16
17
20
25
28
33
35
37
36
38
40
43
48
49
53
57
60
61
64
66
69
72
74
78
80
80
81
84
82
78
74
70
65
62
58
55
51
43
36
32
26
22
18
18
15
11
7
3
-1
-2
-4
-6
-7
-10
-12
-13
-15
-20
-25
-31
-36
-41
-42
-47
-55
-61
-67
-72
-74
-76
-75
-74
-72
-71
-70
-71
-71
-71
-68
-63
-59
-56
-54
-53
-51
-48
-46
-45
-46
-45
-44
-40
-41
-39
-39
-38
-36
-35
-32
-29
-25
-20
-13
-8
-2
4
10
16
23
32
36
40
43
46
47
48
50
54
57
58
56
56
55
54
53
54
56
58
63
66
69
71
70
69
71
70
70
73
74
75
73
68
64
59
56
50
45
42
37
32
27
24
17
11
3
-2
-7
-12
-15
-17
-20
-21
-26
-30
-35
-40
-47
-51
-52
-52
-55
-57
-61
-66
-71
-77
-84
-87
-89
-91
-93
-93
-93
-93
-94
-94
-92
-88
-83
-76
-71
-65
-60
-54
-47
-40
-35
-30
-26
-21
-15
-12
-9
-10
-11
-8
-6
-4
-1
6
13
19
25
30
34
41
45
50
55
60
62
65
68
70
73
74
76
76
76
76
73
71
69
68
67
67
67
69
72
72
72
71
70
69
69
66
63
58
55
52
46
41
33
29
27
25
22
17
11
6
0
-5
-10
-16
-21
-24
-26
-31
-34
-39
-45
-51
-55
-59
-61
-63
-65
-66
-68
-68
-71
-72
-73
-74
-74
-73
-76
-76
-76
-77
-77
-75
-72
-72
-71
-70
-69
-69
-68
-64
-60
-56
-53
-49
-43
-39
-35
-30
-21
-14
-6
1
6
11
14
17
20
24
28
30
32
34
37
39
42
45
47
49
48
51
53
56
61
63
65
67
68
69
71
73
74
73
71
72
70
68
64
61
59
58
55
52
48
45
41
36
31
27
22
17
15
12
8
5
3
0
-3
-4
-8
-12
-13
-14
-15
-17
-19
-21
-24
-28
-34
-36
-41
-43
-47
-49
-52
-57
-59
-62
-61
-61
-60
-59
-56
-53
-52
-51
-51
-49
-46
-43
-40
-37
-36
-36
-35
-34
-35
-34
-34
-33
-30
-28
-26
-27
-27
-25
-21
-16
-12
-8
-2
2
6
13
19
23
25
31
37
42
47
49
49
48
48
46
45
44
45
44
41
42
40
36
35
33
34
35
36
39
39
39
37
34
34
35
35
32
33
31
29
25
21
17
14
9
6
2
1
-2
-5
-7
-13
-16
-19
-21
-24
-25
-28
-27
-27
-26
-27
-27
-26
-24
-22
-21
-20
-21
-20
-22
-24
-25
-26
-26
-26
-26
-27
-29
-32
-33
-36
-35
-32
-31
-30
-28
-28
-25
-21
-19
-15
-11
-7
-5
-2
0
1
1
0
0
0
1
0
0
0
1
2
0
-2
-2
1
6
10
11
15
16
17
18
19
20
24
27
29
32
36
34
33
33
31
30
28
30
29
27
25
23
19
18
18
16
13
13
15
16
16
16
15
14
12
8
8
10
11
11
11
9
6
2
0
-1
-6
-9
-12
-13
-15
-17
-20
-20
-22
-23
-22
-22
-21
-21
-20
-19
-18
-16
-15
-13
-12
-10
-10
-9
-8
-8
-9
-13
-16
-19
-18
-18
-20
-21
-23
-24
-26
-28
-26
-26
-26
-25
-22
-18
-15
-11
-8
-6
-4
-2
0
3
6
9
11
11
11
10
8
5
6
7
8
5
5
4
5
6
5
7
11
14
16
19
21
22
22
24
25
27
28
28
30
28
29
27
25
21
18
15
13
10
9
9
9
6
3
2
0
0
1
2
3
3
5
6
8
7
5
6
3
5
5
3
3
1
-1
-4
-6
-9
-10
-11
-13
-14
-12
-10
-11
-14
-16
-17
-15
-14
-13
-12
-12
-14
-15
-15
-16
-18
-19
-20
-19
-20
-19
-18
-17
-19
-20
-19
-18
-18
-17
-16
-13
-8
-5
-5
-7
-6
-3
-3
-3
-3
0
2
1
3
5
5
3
2
4
7
9
12
13
14
14
14
17
20
21
21
21
22
22
22
21
19
20
21
20
18
17
17
15
12
10
9
9
8
5
4
3
2
2
2
-1
-2
-4
-4
-2
0
-1
-2
-3
-4
-4
-4
-3
-4
-4
-6
-8
-8
-8
-9
-12
-12
-15
-17
-18
-19
-15
-14
-14
-14
-13
-12
-11
-11
-9
-7
-8
-7
-4
-5
-3
-3
-4
-7
-9
-8
-9
-10
-8
-8
-8
-10
-10
-12
-11
-11
-10
-9
-7
-5
-2
1
3
3
5
6
5
7
7
8
10
11
11
15
15
13
13
15
15
16
16
15
17
17
17
18
17
15
14
16
18
18
18
18
19
20
20
17
18
18
19
18
16
17
13
11
8
6
4
1
-2
-4
-5
-5
-8
-10
-14
-15
-16
-17
-17
-15
-15
-15
-14
-15
-16
-16
-17
-15
-15
-15
-14
-15
-14
-14
-15
-16
-17
-17
-16
-14
-16
-17
-18
-16
-15
-17
-17
-15
-13
-12
-13
-13
-12
-11
-8
-8
-10
-10
-9
-6
-3
-3
-3
-3
-2
-1
1
3
5
6
8
7
5
6
5
5
6
6
9
11
10
10
9
11
12
10
11
14
15
16
16
16
15
15
16
18
20
20
20
22
21
23
22
21
21
20
22
19
19
21
21
19
16
13
12
10
8
8
7
5
3
0
-2
-3
-5
-6
-7
-8
-7
-8
-11
-12
-14
-15
-15
-16
-18
-19
-20
-23
-26
-28
-31
-32
-34
-35
-34
-33
-32
-30
-31
-32
-33
-30
-28
-26
-24
-21
-20
-20
-19
-17
-15
-12
-10
-9
-6
-4
-3
0
1
2
1
2
3
5
7
8
10
12
15
17
18
19
21
23
22
25
28
28
30
27
27
26
27
30
31
32
32
30
29
28
29
28
25
23
22
22
24
25
25
24
22
19
18
19
18
17
17
15
11
11
8
5
5
4
3
1
-1
-2
-3
-4
-7
-12
-13
-13
-15
-19
-21
-23
-24
-27
-28
-28
-27
-29
-29
-32
-35
-36
-38
-38
-40
-41
-44
-47
-48
-49
-50
-50
-50
-49
-46
-43
-41
-38
-36
-33
-30
-24
-19
-17
-14
-11
-10
-6
-2
1
1
2
5
7
8
10
12
14
16
17
20
23
26
27
28
31
33
37
40
43
43
45
45
45
46
45
47
47
45
44
44
44
42
42
38
34
33
32
30
28
27
27
24
23
20
19
21
19
15
12
8
9
5
2
0
-3
-5
-8
-11
-14
-15
-15
-16
-15
-17
-18
-19
-21
-21
-24
-26
-29
-30
-30
-31
-33
-34
-34
-35
-36
-38
-39
-40
-40
-41
-40
-40
-41
-40
-38
