-2
-4
-3
-3
-2
-2
-1
-2
-3
-3
-4
-4
-3
-1
0
0
0
-1
0
-1
0
-1
-1
-2
-2
-1
1
1
-1
2
4
5
6
4
4
3
3
1
3
3
2
0
0
0
-1
0
0
1
1
2
2
3
2
1
2
3
2
0
-1
0
0
-3
-2
-2
-2
-2
0
0
1
1
0
-1
0
-1
-3
-4
-4
-4
-5
-5
-3
-2
-1
-2
-2
-3
-4
-4
-4
-5
-5
-4
-5
-4
-4
-1
-1
-1
0
0
0
0
-1
-1
-1
-1
-1
0
0
1
-1
0
0
1
2
3
3
2
2
3
4
5
4
2
3
1
2
0
1
2
3
2
2
4
6
6
4
4
4
5
4
3
3
1
1
-2
-1
-2
-1
-1
-1
1
3
4
3
2
2
2
1
1
0
0
-1
-1
-1
0
0
3
0
1
3
1
-1
-1
-3
-4
-4
-5
-7
-6
-4
-3
-3
-3
-2
-3
0
-2
-3
-4
-6
-7
-6
-5
-5
-4
-2
-2
-2
-1
0
1
1
1
1
1
2
2
2
3
4
2
3
4
3
4
3
2
1
2
0
-2
0
0
-2
-2
0
2
2
3
4
2
1
1
0
1
0
-2
-1
0
-1
-1
0
0
-1
0
0
0
0
0
-1
-1
0
0
-1
0
-2
-4
-5
-5
-7
-7
-6
-6
-5
-3
-3
-2
0
1
1
3
3
3
2
1
1
2
-1
0
1
1
3
3
3
2
4
4
4
5
3
2
2
2
3
1
1
2
4
4
4
7
6
6
4
3
1
1
0
-1
-3
-3
0
0
0
0
2
1
1
0
-2
-2
-1
-3
-4
-5
-5
-3
-3
-3
-3
-1
-1
-2
0
1
0
1
1
-1
-3
-1
-1
-2
0
-1
-2
0
1
1
2
2
3
5
5
3
4
3
1
-1
0
0
0
-2
-3
-2
-3
0
-1
-2
0
0
-3
-1
-1
-4
-3
-4
-5
-5
-2
-1
0
2
1
1
2
1
2
0
-1
-3
-4
-4
-4
-4
-3
0
1
1
2
3
1
0
1
1
0
0
0
-1
-1
-1
2
2
3
5
5
5
5
5
3
4
2
1
0
-2
0
-1
0
-1
1
1
-2
0
1
0
-2
-2
-2
-2
-3
-5
-4
-3
-3
-4
-2
0
-1
-2
0
-1
-1
0
0
-1
-1
0
0
-1
-1
-1
0
1
1
1
2
3
2
1
2
3
3
3
4
4
2
2
1
1
1
0
1
2
1
2
2
4
3
3
3
3
3
3
3
2
2
3
3
3
1
1
2
2
0
0
1
-1
-3
-5
-4
-6
-5
-3
-2
-1
0
0
0
0
0
-1
-1
-2
-3
-3
-4
-5
-5
-4
-4
-3
-3
-3
-3
-4
-2
-1
-1
0
1
1
0
1
0
0
0
1
-1
0
0
-1
0
1
2
1
1
1
0
0
1
1
1
1
1
2
2
1
1
3
2
2
2
2
1
0
-1
-2
-1
-1
-3
-2
-1
-1
0
0
0
2
3
4
3
3
3
1
1
-2
-1
0
-2
-4
-4
-4
-3
-2
-2
-2
-1
-1
0
0
2
1
0
1
1
1
1
1
1
1
1
1
1
-1
-1
-1
-1
-2
-2
-1
-1
0
2
3
4
4
5
5
4
4
4
3
2
4
2
2
1
0
1
0
-1
-1
-2
0
-1
0
-1
-1
1
1
0
1
2
2
2
1
2
1
1
1
0
0
-2
-2
-2
-2
-2
-3
-3
-2
-2
-1
-1
-2
-2
-1
-1
0
1
2
2
2
1
1
2
1
0
1
0
0
0
0
-2
-1
-2
0
-1
0
0
1
2
2
2
3
3
3
3
2
1
1
0
-2
-3
-5
-5
-4
-4
-4
-3
-5
-5
-5
-5
-4
-5
-4
-4
-4
-4
-3
-3
-3
-4
-5
-6
-5
-4
-4
-3
-3
-3
-3
-2
-1
-1
-2
-2
-1
0
3
3
2
2
2
3
2
2
3
2
2
2
2
1
1
2
3
2
3
4
7
8
7
7
7
7
6
5
5
4
4
5
4
5
4
2
1
1
0
-2
-2
-2
-2
1
2
1
3
3
3
2
1
1
2
0
0
1
1
1
1
2
4
5
4
4
2
0
-2
-2
-1
-1
-1
-3
-3
-4
-4
-4
-4
-4
-3
-2
-1
1
1
2
1
1
2
2
3
3
5
5
5
3
3
2
2
1
0
-2
-3
0
3
2
1
-1
-3
-6
-6
-6
-6
-7
-3
-1
-1
-4
-5
-7
-7
-8
-9
-9
-7
-5
-2
0
1
-1
-2
-3
-5
-5
-4
-2
1
5
4
2
1
-2
0
2
1
1
1
1
0
-2
-5
-8
-11
-12
-12
-11
-10
-8
-6
-6
-7
-10
-12
-14
-12
-9
-6
-2
1
6
7
9
7
2
0
-2
-2
0
1
3
4
7
8
7
5
0
-2
-2
-1
0
0
2
2
1
0
0
1
2
1
0
-1
-1
1
4
4
4
4
7
11
12
11
11
11
12
14
14
14
15
15
15
13
10
13
15
16
15
12
11
12
14
12
6
-1
-6
-5
-4
-5
-6
-5
-4
-2
-2
-4
-6
-4
-4
-3
-3
-2
2
3
2
0
-2
-5
-3
-1
1
1
0
-2
-2
-3
-4
-7
-11
-13
-12
-11
-11
-12
-13
-13
-13
-11
-10
-10
-9
-9
-9
-5
-3
-3
-2
-3
-4
-5
-5
-1
2
6
8
9
11
6
1
0
1
0
-2
-4
-6
-4
1
2
3
2
-2
-3
-2
1
2
-1
-3
-5
-5
-4
-2
1
2
-1
-3
-5
-3
0
4
3
-3
-6
-5
0
7
9
6
2
2
3
0
-7
-13
-12
-7
-7
-5
-2
0
-1
-5
-8
-7
-3
-5
-11
-17
-22
-18
-10
-6
0
6
13
13
4
-6
-13
-16
-20
-21
-26
-7
10
78
118
91
44
-8
-16
-38
-41
-40
-23
-3
16
35
51
47
22
-14
-55
-72
-64
-26
21
45
42
15
7
7
21
35
24
13
3
17
19
16
14
5
-3
-16
-15
-9
7
18
25
15
-4
-7
-3
2
-2
-14
-11
0
10
16
17
28
28
21
4
-14
-16
-6
6
1
-17
-22
-10
9
11
1
-11
-20
-19
-16
-17
-17
-22
-22
-16
-13
-10
-9
-6
-2
-7
-7
-6
5
12
4
-5
-16
-21
-19
-15
-7
-6
-3
-5
-3
6
10
14
16
12
6
-6
-9
-3
1
5
-1
-5
5
15
23
19
5
-3
-9
-9
-7
1
12
17
22
20
13
3
-1
-2
-2
-9
-11
-2
13
25
26
15
2
-5
-15
-25
-32
-30
-24
-16
-12
-7
-3
3
7
0
-2
-8
-13
-18
-16
-10
-13
-19
-18
-11
-1
5
8
9
0
-7
-13
-9
-2
1
1
-4
3
20
31
31
9
-17
-31
-35
-27
-21
-12
1
15
29
35
30
15
-1
-14
-25
-28
-19
2
22
37
43
40
37
36
35
36
34
33
23
12
2
-1
4
10
8
6
5
11
17
20
16
-1
-20
-30
-25
-14
-6
1
-2
-8
-10
0
17
27
34
32
33
31
20
2
-29
-57
-74
-67
-43
-16
10
23
23
11
-19
-50
-77
-86
-68
-33
8
37
55
59
48
35
17
-6
-29
-42
-29
-3
23
38
45
44
31
17
1
-23
-49
-72
-75
-60
-33
-13
-3
6
10
17
22
21
16
9
7
15
23
25
17
7
-6
-10
-9
1
9
14
15
9
9
7
-8
-27
-48
-57
-56
-49
-26
-5
21
42
51
51
36
10
-17
-41
-55
-59
-45
-23
3
30
42
42
27
6
-15
-29
-34
-32
-26
-16
-1
20
42
55
49
28
3
-17
-26
-33
-33
-32
-30
-23
-14
-8
-5
-8
-11
-6
7
21
25
21
12
2
-5
-10
-2
16
41
63
83
90
74
43
7
-24
-43
-47
-37
-22
-5
16
34
46
41
25
5
-12
-15
-12
-11
-13
-8
5
20
31
34
31
26
21
15
9
1
2
-1
0
-1
-3
-5
-15
-21
-24
-18
-10
-2
4
0
-5
-15
-24
-26
-27
-19
-8
13
34
43
39
19
-2
-26
-46
-57
-58
-49
-31
-6
18
30
31
21
1
-15
-27
-31
-30
-23
-14
-3
7
16
26
25
13
3
3
6
4
-4
-13
-20
-16
-6
7
17
19
16
6
-4
-18
-28
-36
-40
-36
-20
-2
20
30
25
7
-19
-29
-29
-16
-4
6
19
21
16
4
-12
-24
-25
-13
3
21
34
41
38
19
-6
-29
-45
-45
-38
-36
-36
-31
-16
1
11
18
17
15
9
3
-5
-14
-21
-26
-24
-19
-4
12
33
55
68
73
69
59
39
12
-10
-22
-21
-9
2
8
4
-1
-8
-18
-26
-33
-31
-26
-12
4
13
18
17
15
8
-4
-10
-12
-4
11
33
54
66
71
65
53
41
29
22
19
11
5
3
5
3
-10
-26
-39
-45
-47
-44
-34
-18
0
10
10
4
-1
-2
1
6
6
2
5
12
18
17
8
-2
-11
-10
-5
0
0
-10
-28
-49
-66
-78
-83
-75
-53
-29
-7
16
40
55
49
31
6
-12
-16
-13
-1
11
25
37
46
53
44
19
-19
-54
-73
-72
-61
-43
-27
-11
10
26
31
18
-12
-44
-69
-74
-55
-21
16
48
74
98
107
96
66
27
-7
-30
-41
-38
-27
-11
4
13
11
0
-10
-15
-17
-23
-27
-26
-19
-18
-27
-33
-30
-12
11
33
51
57
53
42
30
17
5
-7
-9
-4
8
17
18
11
-2
-17
-31
-38
-36
-30
-25
-24
-20
-8
6
16
13
7
7
11
19
23
26
27
27
26
20
9
4
3
8
14
14
15
10
2
-9
-24
-34
-44
-50
-54
-54
-48
-34
-13
10
31
47
52
44
32
11
-8
-22
-29
-22
-11
2
15
28
46
62
77
88
84
72
48
15
-19
-49
-66
-71
-63
-34
7
48
75
78
58
18
-23
-61
-92
-108
-108
-79
-35
11
44
62
65
49
19
-17
-47
-65
-76
-77
-65
-44
-20
4
26
39
40
36
23
10
-5
-24
-46
-61
-58
-40
-8
24
50
61
61
53
32
6
-23
-47
-63
-67
-57
-39
-20
-4
7
16
28
46
61
63
55
38
22
6
-5
-10
-14
-13
-9
2
16
24
30
28
22
17
11
4
-11
-30
-49
-62
-58
-45
-25
-6
15
33
45
55
54
40
17
-11
-32
-38
-32
-18
-6
-1
7
13
16
14
2
-5
-10
-8
-1
4
6
5
-2
-7
-9
-4
6
15
22
23
20
19
13
1
-11
-15
-17
-12
-3
1
3
-2
-11
-21
-33
-37
-36
-23
-9
4
15
19
22
22
25
31
42
53
57
47
25
1
-25
-47
-56
-59
-58
-54
-50
-42
-39
-35
-27
-14
3
15
21
22
14
4
-2
2
16
41
74
110
133
133
112
71
22
-30
-73
-105
-116
-111
-99
-85
-68
-44
-21
3
16
24
27
29
37
47
58
62
59
52
45
38
33
26
16
3
-11
-24
-34
-43
-53
-62
-69
-66
-63
-55
-45
-41
-37
-31
-13
9
33
49
65
80
91
97
95
85
59
23
-20
-58
-86
-108
-119
-112
-88
-51
-6
29
50
46
24
-3
-27
-38
-37
-26
-6
13
37
63
82
94
88
66
40
10
-13
-34
-50
-59
-67
-69
-59
-39
-12
9
26
38
41
34
11
-19
-47
-66
-67
-49
-16
24
60
85
90
77
56
27
-2
-30
-51
-57
-48
-26
-3
14
22
18
1
-27
-56
-77
-85
-75
-46
-6
42
82
109
119
113
97
74
46
24
3
-15
-37
-63
-87
-100
-99
-86
-63
-37
-7
16
23
17
3
-11
-18
-17
-6
17
51
85
114
127
125
109
83
50
17
-6
-16
-16
-13
-12
-16
-25
-34
-48
-54
-53
-51
-49
-50
-55
-62
-65
-57
-42
-19
11
41
64
77
76
66
52
39
28
20
14
10
9
8
0
-16
-43
-73
-97
-107
-101
-86
-68
-46
-28
-12
2
16
36
54
64
63
53
41
27
12
-7
-24
-33
-31
-15
7
28
41
43
35
19
-3
-23
-40
-50
-52
-43
-22
6
31
48
52
45
32
19
7
-2
-11
-13
-9
2
13
17
16
10
7
9
17
29
37
43
37
24
6
-15
-36
-54
-66
-71
-68
-55
-40
-26
-21
-22
-23
-22
-17
-6
8
24
40
53
61
61
61
57
47
32
18
8
3
0
-2
-6
-14
-25
-42
-60
-77
-88
-89
-84
-74
-64
-49
-31
-11
11
36
60
81
95
103
106
102
91
71
47
16
-13
-32
-42
-45
-44
-41
-40
-44
-51
-64
-75
-83
-84
-70
-42
-5
35
69
94
112
125
128
118
103
83
63
42
21
2
-16
-29
-35
-36
-31
-22
-11
-3
-5
-17
-35
-53
-68
-77
-79
-75
-68
-53
-30
-3
19
28
27
22
12
8
3
-3
-8
-8
-8
-9
-7
-3
4
8
6
-2
-12
-24
-28
-30
-27
-18
-6
14
34
55
69
71
63
51
39
29
19
9
-3
-13
-16
-16
-14
-10
-9
-10
-10
-10
-9
-8
-7
-9
-12
-9
1
20
39
56
67
72
70
62
49
29
8
-15
-38
-54
-62
-64
-64
-67
-69
-68
-63
-52
-41
-28
-18
-9
-7
-7
-9
-7
-5
-4
-2
3
13
24
29
25
13
-3
-21
-38
-50
-56
-52
-41
-32
-21
-7
9
21
22
24
25
24
23
25
30
37
40
38
35
39
44
49
48
45
40
33
23
10
-1
-7
-13
-16
-15
-6
10
29
40
42
35
27
21
18
13
3
-8
-23
-37
-44
-44
-40
-45
-58
-75
-83
-79
-66
-54
-44
-36
-26
-11
11
42
67
78
72
60
51
50
50
42
28
10
-7
-15
-15
-15
-22
-38
-60
-76
-80
-76
-75
-88
-108
-118
-108
-82
-52
-18
16
42
61
78
105
139
167
176
173
178
200
229
248
244
223
192
155
117
81
45
7
-35
-72
-92
-94
-88
-88
-103
-124
-139
-144
-145
-147
-144
-137
-126
-119
-106
-89
-78
-81
-95
-107
-111
-108
-106
-104
-100
-104
-128
-160
-181
-190
-195
-206
-217
-212
-195
-176
-164
-150
-128
-102
-79
-54
-21
25
70
101
127
162
213
267
319
365
413
463
504
536
556
575
581
564
527
485
446
404
345
271
199
140
85
20
-43
-98
-148
-196
-238
-266
-280
-292
-305
-308
-298
-282
-272
-267
-259
-252
-248
-256
-263
-265
-265
-273
-281
-277
-263
-250
-249
-254
-269
-289
-307
-325
-349
-385
-430
-464
-491
-517
-544
-558
-556
-553
-559
-553
-514
-453
-409
-376
-258
17
399
759
1049
1337
1668
1970
2148
2187
2137
2026
1836
1582
1323
1107
908
641
294
-53
-298
-442
-566
-733
-922
-1077
-1170
-1203
-1173
-1091
-982
-865
-727
-529
-258
52
321
500
589
650
725
791
796
716
576
403
221
51
-100
-257
-448
-663
-859
-992
-1064
-1106
-1162
-1240
-1314
-1360
-1367
-1328
-1247
-1139
-1035
-939
-819
-638
-397
-160
12
115
192
286
385
435
396
289
175
89
38
36
117
296
532
776
1035
1330
1629
1850
1950
1946
1878
1761
1601
1403
1187
961
726
469
204
-34
-218
-367
-510
-650
-764
-837
-878
-900
-902
-871
-804
-698
-559
-382
-175
40
237
401
545
683
819
929
989
998
954
861
735
584
398
153
-144
-452
-735
-977
-1175
-1344
-1494
-1622
-1707
-1732
-1708
-1652
-1575
-1470
-1339
-1176
-980
-752
-497
-239
6
226
420
580
691
748
737
654
506
317
115
-83
-274
-466
-650
-816
-957
-1053
-1078
-1022
-919
-790
-590
-235
278
852
1379
1839
2273
2675
2975
3119
3141
3080
2932
2673
2343
2028
1751
1445
1024
509
9
-393
-717
-1043
-1409
-1767
-2054
-2233
-2307
-2283
-2158
-1962
-1730
-1466
-1150
-756
-322
70
361
562
735
920
1084
1177
1177
1122
1043
942
813
680
565
450
298
99
-105
-275
-429
-611
-842
-1093
-1328
-1537
-1713
-1823
-1847
-1814
-1770
-1706
-1553
-1290
-977
-698
-465
-235
10
236
412
544
641
704
728
745
786
835
844
788
686
570
447
298
96
-166
-462
-721
-897
-1012
-1096
-1081
-851
-418
45
418
783
1257
1773
2137
2289
2351
2404
2376
2189
1916
1680
1474
1179
737
258
-103
-325
-520
-782
-1081
-1314
-1432
-1472
-1478
-1466
-1423
-1343
-1226
-1069
-852
-583
-300
-60
117
272
491
773
1012
1124
1142
1154
1169
1125
993
808
609
415
234
87
-30
-152
-294
-450
-608
-769
-947
-1156
-1387
-1597
-1756
-1862
-1939
-1974
-1915
-1734
-1478
-1203
-903
-542
-129
260
562
792
990
1147
1222
1215
1175
1130
1040
876
673
486
323
146
-71
-323
-594
-853
-1076
-1292
-1520
-1670
-1584
-1237
-833
-542
-252
251
919
1464
1746
1938
2194
2422
2482
2431
2425
2435
2268
1860
1366
990
751
494
92
-412
-872
-1186
-1385
-1536
-1659
-1744
-1782
-1756
-1614
-1326
-950
-588
-290
-35
229
551
921
1246
1410
1418
1389
1399
1383
1245
986
653
281
-90
-391
-567
-667
-779
-921
-1024
-1038
-984
-943
-978
-1094
-1253
-1415
-1562
-1673
-1707
-1649
-1535
-1416
-1263
-985
-562
-91
292
550
758
970
1160
1276
1308
1264
1119
869
600
407
271
75
-226
-548
-822
-1071
-1322
-1544
-1725
-1902
-2024
-1873
-1323
-614
-67
349
931
1726
2391
2705
2849
3027
3131
2998
2755
2636
2594
2369
1875
1306
885
624
382
41
-413
-882
-1248
-1477
-1616
-1705
-1746
-1739
-1701
-1592
-1333
-941
-536
-246
-90
25
203
473
738
867
848
789
773
759
688
561
384
133
-173
-441
-585
-619
-644
-733
-868
-971
-981
-930
-918
-1012
-1195
-1398
-1566
-1655
-1614
-1444
-1235
-1077
-924
-640
-165
377
804
1041
1153
1248
1365
1470
1497
1401
1158
811
494
320
238
83
-218
-573
-884
-1167
-1458
-1709
-1929
-2201
-2491
-2512
-2026
-1249
-606
-140
492
1430
2342
2942
3368
3812
4137
4132
3925
3808
3769
3510
2889
2081
1348
783
298
-231
-871
-1559
-2147
-2540
-2754
-2856
-2885
-2862
-2823
-2734
-2476
-1998
-1408
-902
-582
-363
-64
411
948
1323
1449
1446
1458
1499
1503
1439
1281
991
588
182
-115
-286
-418
-610
-904
-1226
-1432
-1468
-1437
-1483
-1640
-1841
-1992
-2025
-1888
-1607
-1304
-1079
-876
-543
-17
592
1128
1492
1701
1840
1999
2178
2274
2178
1874
1437
987
631
390
156
-181
-599
-979
-1268
-1519
-1757
-1978
-2227
-2566
-2844
-2723
-2075
-1255
-675
-240
466
1503
2460
3057
3469
3860
4062
3933
3681
3570
3474
3056
2231
1272
496
-14
-409
-896
-1554
-2245
-2727
-2915
-2917
-2864
-2800
-2719
-2631
-2442
-1998
-1303
-587
-85
195
446
852
1421
1962
2244
2223
2078
1986
1965
1916
1756
1428
916
315
-197
-527
-766
-1072
-1481
-1888
-2163
-2241
-2164
-2026
-1913
-1871
-1874
-1834
-1644
-1280
-867
-575
-418
-212
205
785
1331
1708
1906
2000
2086
2229
2367
2329
2019
1525
1010
551
133
-260
-660
-1126
-1642
-2090
-2379
-2569
-2776
-3032
-3306
-3561
-3658
-3335
-2485
-1447
-672
-90
781
2082
3324
4053
4407
4704
4901
4801
4533
4359
4186
3651
2680
1612
815
320
-105
-688
-1465
-2238
-2738
-2891
-2872
-2870
-2913
-2925
-2861
-2644
-2170
-1489
-844
-438
-208
81
572
1207
1776
2076
2109
2077
2151
2310
2407
2337
2045
1529
917
412
78
-263
-802
-1491
-2101
-2476
-2626
-2637
-2595
-2559
-2545
-2497
-2342
-2035
-1608
-1187
-900
-741
-512
-24
653
1256
1617
1789
1926
2146
2453
2720
2720
2356
1798
1287
867
409
-148
-743
-1352
-1968
-2484
-2757
-2856
-3008
-3310
-3619
-3772
-3694
-3291
-2478
-1447
-599
24
874
2227
3656
4546
4882
5094
5315
5346
5161
4957
4707
4109
3096
2004
1161
582
55
-610
-1454
-2333
-2964
-3192
-3190
-3225
-3366
-3473
-3415
-3132
-2576
-1822
-1115
-636
-293
139
737
1388
1946
2286
2370
2323
2328
2435
2511
2411
2064
1487
813
254
-127
-527
-1164
-1961
-2611
-2956
-3069
-3074
-3035
-2975
-2905
-2757
-2471
-2081
-1668
-1261
-890
-607
-350
82
766
1454
1853
1975
2087
2371
2742
2992
2950
2575
2002
1455
999
504
-134
-823
-1440
-1987
-2458
-2729
-2754
-2739
-2912
-3182
-3283
-3109
-2729
-2131
-1271
-357
363
1053
2104
3445
4482
4871
4926
5024
5087
4925
4619
4283
3758
2897
1900
1065
452
-71
-626
-1269
-1999
-2645
-2959
-2958
-2932
-3066
-3227
-3203
-2965
-2542
-1939
-1282
-767
-420
-55
453
1015
1495
1830
1976
1957
1906
1945
2026
1964
1658
1136
505
-72
-492
-848
-1353
-2047
-2665
-2955
-2950
-2848
-2758
-2640
-2445
-2167
-1810
-1406
-1014
-649
-300
-1
227
494
963
1559
1983
2091
2084
2229
2522
2734
2676
2333
1808
1249
744
268
-285
-923
-1537
-2027
-2395
-2636
-2694
-2627
-2645
-2844
-3020
-2932
-2603
-2183
-1630
-828
64
819
1576
2646
3883
4723
4951
4959
5069
5124
4896
4464
3959
3275
2354
1400
600
-75
-706
-1303
-1890
-2499
-2981
-3135
-3057
-3041
-3160
-3197
-2992
-2622
-2156
-1591
-1026
-596
-258
171
708
1199
1566
1844
2030
2114
2176
2281
2341
2194
1805
1246
630
61
-445
-1011
-1739
-2496
-2996
-3175
-3225
-3265
-3213
-3004
-2713
-2386
-1959
-1433
-928
-505
-97
343
773
1199
1685
2169
2475
2539
2522
2606
2735
2692
2361
1813
1210
661
177
-298
-829
-1399
-1884
-2198
-2374
-2488
-2555
-2591
-2686
-2873
-2997
-2883
-2579
-2226
-1745
-951
35
932
1794
2906
4153
4994
5242
5324
5518
5561
5176
4545
3906
3166
2214
1220
365
-374
-1048
-1619
-2112
-2603
-2995
-3096
-2995
-2975
-3067
-3015
-2703
-2318
-1962
-1534
-1013
-540
-156
268
769
1226
1580
1864
2075
2181
2227
2259
2198
1926
1445
856
244
-336
-909
-1555
-2281
-2915
-3276
-3410
-3485
-3515
-3379
-3066
-2695
-2299
-1790
-1162
-554
-61
387
891
1438
1950
2381
2708
2904
2959
2926
2886
2822
2606
2145
1520
887
321
-212
-755
-1318
-1875
-2347
-2632
-2735
-2786
-2871
-2930
-2932
-2933
-2898
-2682
-2291
-1896
-1451
-661
473
1540
2382
3341
4533
5452
5729
5730
5867
5883
5366
4496
3716
3018
2123
1056
59
-781
-1491
-2045
-2471
-2915
-3360
-3579
-3543
-3502
-3538
-3417
-3012
-2549
-2173
-1703
-1015
-288
302
816
1336
1800
2165
2470
2665
2670
2536
2379
2161
1749
1155
513
-130
-794
-1453
-2084
-2698
-3251
-3603
-3710
-3724
-3730
-3591
-3189
-2656
-2157
-1623
-931
-187
425
924
1466
2050
2537
2891
3167
3345
3357
3229
3067
2878
2547
2009
1342
657
21
-564
-1128
-1708
-2289
-2754
-3002
-3078
-3128
-3182
-3143
-2989
-2810
-2642
-2349
-1873
-1373
-979
-455
510
1741
2721
3347
4036
4942
5618
5708
5492
5307
4982
4252
3327
2594
1991
1206
228
-693
-1401
-1911
-2263
-2548
-2925
-3368
-3619
-3550
-3333
-3142
-2935
-2613
-2225
-1777
-1158
-383
332
842
1219
1573
1909
2221
2479
2544
2317
1935
1619
1373
1019
481
-165
-836
-1460
-1957
-2325
-2658
-2982
-3177
-3177
-3068
-2896
-2564
-2048
-1525
-1106
-657
-42
632
1190
1613
1986
2315
2581
2809
2981
2997
2811
2513
2210
1889
1467
918
296
-314
-864
-1362
-1827
-2222
-2522
-2744
-2904
-2952
-2850
-2666
-2484
-2284
-2017
-1714
-1392
-994
-542
-153
245
945
1933
2742
3137
3524
4229
4852
4872
4502
4254
4045
3480
2683
2101
1713
1098
219
-568
-1103
-1528
-1921
-2238
-2572
-2997
-3300
-3239
-2945
-2713
-2585
-2371
-2001
-1531
-953
-289
291
675
950
1230
1494
1713
1896
1939
1719
1356
1126
1055
903
521
14
-486
-928
-1268
-1503
-1740
-2060
-2357
-2467
-2405
-2273
-2073
-1768
-1435
-1144
-779
-215
421
901
1211
1510
1834
2091
2259
2375
2365
2134
1774
1485
1294
1023
563
22
-434
-769
-1051
-1321
-1568
-1794
-2011
-2176
-2209
-2089
-1927
-1826
-1750
-1601
-1361
-1075
-751
-409
-141
53
435
1217
2113
2643
2852
3215
3808
4153
4015
3748
3585
3262
2627
2013
1671
1353
764
19
-649
-1202
-1636
-1905
-2125
-2525
-3022
-3233
-3048
-2775
-2650
-2539
-2250
-1843
-1411
-909
-329
202
593
865
1072
1285
1588
1894
1943
1696
1442
1399
1398
1180
770
318
-141
-603
-978
-1240
-1522
-1895
-2218
-2356
-2350
-2258
-2040
-1710
-1396
-1109
-668
-29
590
1016
1340
1669
1906
1998
2080
2180
2109
1784
1426
1229
1068
760
352
-11
-323
-647
-959
-1218
-1464
-1741
-1999
-2166
-2220
-2172
-2047
-1900
-1767
-1595
-1313
-958
-632
-395
-226
-41
330
1011
1781
2241
2399
2701
3316
3812
3837
3640
3528
3327
2836
2325
2083
1868
1284
431
-312
-805
-1163
-1489
-1844
-2321
-2847
-3134
-3053
-2833
-2720
-2669
-2496
-2182
-1774
-1234
-609
-74
257
485
753
1098
1480
1789
1860
1700
1546
1570
1639
1523
1193
754
268
-188
-504
-721
-1050
-1570
-2057
-2276
-2270
-2198
-2082
-1885
-1656
-1412
-1038
-478
84
465
691
884
1062
1228
1442
1657
1684
1474
1263
1237
1276
1154
861
540
240
-77
-396
-669
-920
-1228
-1581
-1864
-1959
-1857
-1681
-1579
-1556
-1469
-1223
-909
-667
-508
-380
-253
-25
501
1271
1878
2114
2327
2860
3471
3718
3646
3557
3412
3014
2531
2269
2107
1645
852
72
-489
-897
-1256
-1619
-2099
-2720
-3218
-3325
-3152
-3007
-2975
-2895
-2669
-2300
-1761
-1107
-522
-124
172
504
890
1308
1715
1973
1975
1854
1850
1975
1988
1734
1287
785
316
-88
-472
-939
-1522
-2059
-2372
-2489
-2525
-2473
-2278
-2013
-1765
-1433
-892
-291
125
358
617
962
1270
1507
1728
1889
1907
1843
1852
1903
1802
1505
1142
800
453
82
-291
-678
-1104
-1498
-1748
-1821
-1785
-1735
-1715
-1704
-1621
-1400
-1100
-858
-734
-658
-529
-281
188
900
1577
1912
2063
2471
3159
3642
3657
3463
3266
2961
2537
2216
2025
1638
889
17
-691
-1189
-1585
-1990
-2506
-3167
-3750
-3926
-3702
-3424
-3311
-3225
-2966
-2547
-1996
-1293
-590
-107
193
547
1040
1566
2074
2497
2675
2615
2581
2740
2890
2699
2159
1498
872
310
-217
-772
-1414
-2080
-2565
-2762
-2786
-2761
-2659
-2436
-2162
-1855
-1366
-697
-99
294
641
1116
1638
2054
2381
2623
2715
2680
2633
2590
2415
2030
1548
1080
602
92
-391
-814
-1252
-1718
-2075
-2242
-2286
-2304
-2329
-2336
-2305
-2173
-1900
-1594
-1381
-1224
-1004
-683
-336
112
811
1555
1957
2095
2489
3231
3733
3636
3334
3186
2988
2538
2090
1808
1394
649
-186
-890
-1469
-1939
-2292
-2673
-3249
-3781
-3855
-3535
-3250
-3147
-2996
-2651
-2218
-1702
-1000
-247
327
764
1271
1858
2403
2950
3459
3649
3488
3326
3338
3252
2775
2032
1272
525
-212
-867
-1442
-2019
-2597
-3007
-3165
-3170
-3102
-2924
-2616
-2279
-1960
-1495
-812
-105
445
918
1467
2037
2478
2800
3042
3126
3046
2877
2626
2231
1709
1189
691
108
-541
-1095
-1491
-1856
-2247
-2541
-2682
-2768
-2830
-2785
-2626
-2458
-2282
-1968
-1552
-1200
-906
-520
-53
300
504
844
1487
2131
2407
2468
2768
3306
3576
3370
3053
2881
2638
2154
1638
1231
734
35
-716
-1388
-1986
-2474
-2783
-3048
-3429
-3739
-3697
-3371
-3047
-2798
-2450
-1953
-1396
-742
55
852
1512
2089
2650
3103
3453
3814
4047
3890
3451
3087
2828
2368
1655
933
226
-579
-1367
-1940
-2370
-2858
-3339
-3602
-3659
-3622
-3455
-3086
-2612
-2159
-1646
-956
-153
624
1355
2047
2621
3015
3304
3536
3618
3496
3215
2791
2224
1604
1057
537
-103
-847
-1513
-1996
-2352
-2664
-2910
-3056
-3110
-3075
-2933
-2675
-2346
-1977
-1574
-1164
-765
-333
132
519
755
902
1057
1224
1479
1902
2280
2366
2329
2559
2956
3016
2671
2352
2162
1779
1160
662
339
-163
-918
-1613
-2107
-2509
-2823
-2960
-3050
-3233
-3299
-3011
-2560
-2203
-1843
-1306
-712
-189
429
1211
1915
2392
2770
3127
3363
3488
3603
3551
3150
2598
2153
1722
1089
333
-384
-1138
-1940
-2555
-2900
-3188
-3520
-3702
-3622
-3416
-3136
-2675
-2078
-1504
-965
-347
349
1009
1643
2263
2763
3079
3288
3449
3517
3441
3223
2829
2253
1619
1037
431
-286
-1042
-1716
-2298
-2772
-3056
-3192
-3295
-3323
-3155
-2833
-2521
-2201
-1731
-1172
-704
-327
88
539
900
1121
1252
1326
1334
1294
1310
1525
1843
1974
1880
1904
2202
2392
2172
1837
1653
1372
812
275
-8
-323
-921
-1547
-1964
-2276
-2537
-2607
-2530
-2566
-2659
-2480
-2031
-1616
-1254
-751
-192
229
699
1439
2149
2507
2727
3036
3203
3079
2956
2917
2568
1855
1232
818
271
-425
-972
-1435
-2058
-2592
-2694
-2622
-2779
-2975
-2827
-2495
-2294
-2069
-1604
-1099
-749
-373
193
755
1199
1707
2287
2661
2793
2951
3174
3194
2930
2547
2075
1460
812
222
-431
-1190
-1851
-2291
-2649
-2962
-3073
-2980
-2856
-2719
-2425
-1979
-1529
-1108
-650
-206
155
485
829
1112
1248
1272
1232
1144
1030
902
778
780
969
1127
1053
989
1263
1624
1587
1271
1128
1077
744
266
36
-98
-524
-1079
-1382
-1519
-1729
-1858
-1745
-1655
-1753
-1705
-1292
-837
-602
-354
89
487
733
1090
1589
1883
1889
1894
1950
1842
1621
1501
1316
831
324
127
35
-265
-621
-816
-1006
-1287
-1424
-1371
-1439
-1701
-1839
-1770
-1749
-1762
-1541
-1172
-1003
-949
-592
48
561
894
1332
1844
2153
2326
2625
2907
2817
2414
2002
1583
1012
396
-125
-690
-1388
-1981
-2247
-2316
-2379
-2403
-2294
-2082
-1794
-1397
-938
-547
-280
-87
93
273
466
620
655
578
475
403
364
362
338
214
121
340
801
1072
1054
1170
1556
1743
1500
1254
1236
1064
531
35
-157
-322
-663
-994
-1215
-1418
-1517
-1350
-1126
-1139
-1203
-986
-635
-477
-406
-160
111
173
216
468
736
819
876
1010
1037
970
1071
1277
1242
1024
978
1048
900
603
428
218
-276
-818
-1116
-1372
-1843
-2293
-2454
-2512
-2641
-2608
-2245
-1811
-1489
-1049
-352
353
907
1478
2107
2553
2776
2998
3217
3184
2866
2484
2070
1508
868
301
-235
-818
-1328
-1649
-1868
-2038
-2076
-1996
-1941
-1918
-1770
-1497
-1278
-1188
-1124
-1011
-872
-696
-464
-250
-103
81
362
621
763
892
1050
1078
954
990
1314
1549
1410
1189
1247
1389
1258
960
751
535
150
-212
-313
-321
-501
-780
-972
-1093
-1172
-1114
-952
-953
-1178
-1324
-1189
-948
-795
-679
-519
-346
-89
367
896
1294
1586
1880
2093
2183
2327
2545
2514
2109
1653
1356
1009
453
-163
-764
-1464
-2163
-2614
-2858
-3134
-3404
-3424
-3215
-2958
-2586
-1969
-1268
-698
-166
515
1241
1825
2290
2692
2967
3121
3277
3386
3263
2928
2557
2132
1530
843
239
-338
-1002
-1645
-2112
-2449
-2729
-2892
-2937
-2967
-2961
-2762
-2390
-2047
-1763
-1389
-918
-492
-111
350
862
1265
1547
1820
2096
2272
2270
2110
1830
1459
1032
635
403
319
167
-138
-333
-201
6
-49
-241
-290
-290
-441
-590
-521
-405
-515
-745
-857
-847
-787
-646
-486
-482
-576
-485
-191
47
171
346
555
665
812
1187
1577
1694
1652
1674
1650
1443
1229
1090
756
147
-387
-667
-946
-1368
-1735
-1956
-2169
-2338
-2280
-2071
-1933
-1815
-1513
-1088
-720
-329
202
717
1064
1393
1858
2292
2496
2573
2665
2692
2560
2334
2051
1644
1138
629
100
-506
-1087
-1546
-1957
-2376
-2673
-2753
-2735
-2720
-2629
-2393
-2072
-1692
-1201
-669
-219
174
623
1094
1445
1654
1804
1897
1894
1826
1739
1592
1352
1046
677
226
-238
-629
-998
-1405
-1682
-1645
-1470
-1419
-1378
-1067
-605
-335
-230
-11
282
414
452
627
878
976
965
1005
1032
961
910
943
859
534
180
-17
-166
-382
-572
-682
-800
-894
-793
-546
-356
-220
-25
145
163
194
401
559
441
235
179
171
53
-51
-59
-141
-333
-396
-255
-115
-51
86
318
463
539
731
983
1062
962
867
782
600
403
282
95
-271
-626
-772
-824
-939
-1043
-1044
-1022
-1011
-891
-643
-432
-328
-236
-122
-29
74
232
344
302
198
183
227
215
154
115
62
-51
-146
-139
-83
-77
-127
-187
-226
-245
-262
-321
-448
-633
-846
-1062
-1231
-1325
-1371
-1364
-1185
-800
-356
38
487
1062
1588
1888
2067
2265
2363
2221
1947
1697
1420
1006
504
8
-464
-863
-1115
-1274
-1455
-1613
-1608
-1459
-1289
-1072
-732
-356
-73
187
542
908
1148
1302
1434
1478
1408
1364
1399
1360
1193
1035
956
849
672
523
399
191
-83
-302
-472
-701
-983
-1229
-1447
-1691
-1893
-1964
-1965
-1981
-1937
-1728
-1399
-1059
-688
-238
226
629
993
1341
1611
1748
1786
1740
1590
1353
1086
789
423
17
-344
-634
-893
-1126
-1308
-1436
-1515
-1522
-1453
-1350
-1240
-1094
-889
-663
-436
-183
87
325
507
669
831
961
1041
1066
1028
932
804
647
420
118
-190
-456
-684
-850
-860
-710
-531
-397
-220
64
342
479
510
526
510
449
411
454
526
569
604
652
696
738
778
767
635
409
185
-1
-184
-359
-493
-564
-565
-452
-208
105
418
721
997
1194
1302
1359
1344
1186
899
570
235
-123
-489
-826
-1145
-1456
-1703
-1838
-1890
-1898
-1843
-1713
-1533
-1323
-1074
-801
-541
-278
20
315
543
721
907
1077
1170
1194
1189
1144
1034
881
708
495
252
15
-213
-475
-744
-944
-1073
-1192
-1315
-1390
-1390
-1338
-1231
-1045
-798
-529
-247
63
395
720
1025
1290
1483
1584
1611
1583
1483
1286
989
613
194
-233
-655
-1055
-1401
-1663
-1836
-1948
-1983
-1906
-1725
-1474
-1161
-739
-196
381
905
1375
1824
2217
2479
2588
2583
2499
2344
2141
1922
1697
1443
1155
837
495
156
-153
-436
-727
-1036
-1318
-1507
-1588
-1585
-1523
-1411
-1245
-1017
-731
-423
-134
122
332
474
544
583
614
610
535
424
316
215
113
10
-112
-277
-476
-672
-860
-1052
-1244
-1400
-1512
-1581
-1577
-1462
-1262
-1033
-786
-499
-183
129
426
704
935
1085
1163
1185
1146
1046
896
707
488
275
105
-5
-64
-86
-88
-87
-81
-58
-29
-27
-56
-84
-98
-107
-107
-83
-45
-19
-1
18
37
35
6
-50
-140
-254
-361
-441
-490
-498
-454
-360
-237
-94
60
191
264
283
278
259
247
282
406
595
783
953
1134
1332
1499
1574
1548
1448
1292
1083
840
588
331
52
-260
-577
-869
-1109
-1298
-1452
-1598
-1730
-1806
-1767
-1610
-1369
-1057
-682
-277
138
555
951
1266
1457
1523
1473
1316
1085
811
499
137
-240
-566
-818
-1008
-1154
-1264
-1344
-1400
-1428
-1422
-1394
-1357
-1300
-1207
-1066
-864
-590
-264
73
402
735
1066
1372
1626
1816
1924
1938
1871
1740
1542
1283
979
649
308
-18
-292
-507
-686
-845
-986
-1093
-1161
-1200
-1216
-1207
-1160
-1059
-899
-688
-429
-135
181
482
742
959
1134
1251
1295
1270
1187
1059
896
710
505
293
95
-77
-224
-345
-432
-478
-503
-523
-534
-544
-573
-643
-738
-822
-858
-830
-708
-474
-175
122
410
699
945
1083
1113
1076
991
860
727
647
611
572
518
457
374
252
103
-72
-315
-636
-977
-1277
-1517
-1683
-1727
-1631
-1435
-1160
-787
-349
60
375
595
701
669
532
365
195
16
-141
-225
-230
-186
-92
45
177
264
309
332
319
261
181
98
12
-65
-97
-69
-6
76
172
257
300
302
278
217
101
-48
-188
-297
-364
-368
-303
-200
-82
53
195
304
351
337
270
150
7
-116
-193
-213
-158
-19
185
427
674
900
1063
1123
1074
935
722
451
158
-120
-355
-524
-627
-663
-649
-601
-545
-498
-477
-477
-494
-532
-584
-628
-634
-591
-489
-332
-131
86
287
443
528
534
457
310
123
-66
-206
-252
-162
44
294
531
748
925
1003
928
711
409
57
-320
-669
-927
-1077
-1149
-1162
-1117
-1009
-853
-676
-521
-414
-360
-327
-279
-208
-101
53
251
469
692
915
1113
1249
1289
1223
1066
850
612
374
146
-59
-217
-316
-367
-390
-405
-428
-478
-563
-667
-770
-858
-916
-920
-860
-735
-547
-291
19
352
672
958
1190
1352
1443
1463
1408
1280
1092
870
634
395
163
-46
-235
-403
-552
-676
-781
-867
-932
-967
-970
-936
-857
-723
-542
-326
-85
158
383
577
728
817
844
814
734
621
485
341
205
84
-24
-117
-197
-277
-366
-469
-590
-725
-860
-973
-1040
-1058
-1027
-941
-790
-584
-347
-104
126
320
468
559
593
580
526
436
321
191
59
-56
-143
-193
-202
-148
-29
116
237
317
371
389
362
290
195
105
43
23
52
128
229
316
359
342
272
166
26
-148
-349
-548
-696
-755
-721
-600
-405
-150
134
423
699
938
1115
1202
1196
1109
968
806
646
488
321
157
16
-102
-215
-334
-452
-570
-693
-806
-884
-922
-925
-886
-802
-681
-529
-341
-128
75
246
383
482
537
548
533
500
450
386
326
265
200
118
13
-128
-310
-512
-711
-896
-1062
-1185
-1242
-1223
-1133
-973
-751
-488
-210
71
334
566
757
904
1009
1056
1055
1020
956
865
750
617
466
296
103
-109
-333
-566
-795
-1013
-1206
-1359
-1443
-1439
-1344
-1155
-867
-498
-102
274
605
883
1088
1202
1235
1209
1156
1099
1064
1055
1059
1061
1039
962
808
582
299
-31
-399
-771
-1098
-1338
-1461
-1452
-1306
-1048
-708
-324
66
410
677
859
950
952
880
775
678
609
573
565
577
586
569
497
351
132
-153
-479
-821
-1144
-1399
-1558
-1610
-1549
-1390
-1149
-852
-528
-218
44
241
377
455
483
474
456
438
418
400
385
363
315
237
133
-3
-160
-315
-449
-557
-633
-660
-635
-571
-483
-373
-253
-142
-49
35
105
163
219
282
352
422
487
544
586
593
560
485
366
213
44
-123
-278
-405
-490
-520
-508
-466
-399
-319
-243
-187
-149
-123
-103
-85
-58
-7
77
194
337
497
651
779
867
897
860
758
608
432
256
110
18
-12
15
85
177
264
325
345
311
223
97
-42
-167
-260
-304
-294
-236
-143
-41
47
107
114
63
-49
-204
-378
-540
-668
-746
-762
-717
-623
-504
-380
-268
-189
-158
-167
-199
-235
-251
-231
-167
-58
94
269
436
560
617
595
477
272
-2
-302
-593
-842
-1024
-1116
-1110
-1017
-855
-659
-463
-291
-145
-31
66
159
270
428
626
847
1059
1242
1384
1463
1440
1305
1081
795
481
162
-127
-356
-521
-621
-659
-652
-617
-570
-515
-471
-458
-459
-444
-395
-304
-169
19
257
523
801
1065
1278
1421
1490
1481
1384
1197
954
680
392
92
-197
-464
-703
-911
-1089
-1231
-1338
-1395
-1402
-1361
-1273
-1132
-930
-682
-418
-154
102
339
547
716
837
904
922
903
851
766
651
511
350
161
-50
-275
-498
-713
-910
-1078
-1204
-1288
-1317
-1281
-1190
-1055
-882
-679
-451
-212
24
243
434
595
735
849
930
983
1017
1028
1006
949
862
751
607
433
238
35
-160
-327
-462
-565
-636
-662
-642
-590
-517
-428
-325
-216
-103
13
130
243
352
451
528
576
595
588
550
481
389
296
208
131
77
53
57
77
105
127
131
111
66
-5
-95
-189
-268
-318
-341
-330
-281
-203
-115
-32
35
76
85
58
7
-57
-121
-175
-206
-214
-197
-158
-105
-56
-22
-12
-25
-68
-133
-209
-280
-333
-355
-338
-285
-199
-85
46
173
281
359
402
403
359
280
176
58
-60
-157
-234
-288
-312
-308
-281
-248
-219
-194
-177
-169
-167
-166
-165
-154
-132
-90
-38
16
69
121
166
194
209
217
230
247
268
302
347
396
442
474
480
455
399
310
189
44
-108
-254
-379
-472
-525
-534
-499
-429
-330
-210
-87
28
129
212
272
308
324
327
319
301
278
250
220
194
167
138
103
68
35
8
-22
-49
-78
-106
-133
-160
-187
-216
-241
-270
-294
-315
-331
-332
-316
-287
-246
-197
-133
-55
28
108
181
247
300
333
348
337
307
257
192
115
26
-64
-147
-217
-273
-314
-332
-326
-305
-277
-242
-205
-175
-151
-133
-121
-110
-92
-61
-16
38
105
182
257
321
366
390
388
359
312
261
204
155
121
103
97
95
89
74
41
-13
-84
-163
-246
-316
-358
-367
-344
-285
-198
-100
-7
73
138
178
186
174
153
130
113
113
131
159
183
190
180
150
94
21
-62
-149
-229
-291
-325
-333
-327
-303
-268
-226
-185
-144
-104
-69
-40
-7
27
64
103
141
175
199
211
219
212
195
169
141
117
95
76
61
41
17
-16
-51
-85
-118
-143
-157
-156
-141
-112
-76
-40
-8
14
17
5
-18
-51
-86
-111
-118
-104
-72
-22
39
96
137
158
157
133
89
43
11
2
20
70
141
217
282
315
305
246
146
29
-91
-195
-264
-283
-250
-179
-85
15
99
153
171
149
98
27
-41
-90
-116
-108
-65
6
82
144
182
187
149
71
-36
-152
-261
-351
-406
-423
-412
-381
-337
-300
-283
-286
-304
-331
-364
-388
-382
-337
-256
-134
28
220
425
631
829
998
1115
1163
1140
1050
905
732
549
370
211
82
-14
-91
-174
-272
-396
-541
-698
-850
-978
-1065
-1097
-1064
-964
-805
-601
-371
-136
86
276
427
532
593
616
613
595
578
568
560
545
511
448
348
206
20
-200
-439
-669
-868
-1017
-1100
-1111
-1055
-939
-780
-594
-396
-203
-30
127
266
392
513
633
750
862
964
1044
1089
1081
1013
885
702
477
231
-15
-238
-420
-544
-611
-628
-616
-588
-562
-546
-543
-541
-535
-514
-457
-351
-196
-3
213
435
638
804
912
955
930
845
721
569
408
260
139
50
-10
-51
-83
-122
-180
-263
-370
-492
-615
-720
-792
-813
-775
-681
-539
-368
-183
-3
154
277
356
388
377
339
288
232
178
134
102
78
50
17
-25
-89
-170
-266
-366
-463
-543
-595
-610
-590
-537
-455
-353
-244
-135
-33
59
141
220
296
369
439
506
565
612
637
639
617
567
492
393
283
172
65
-31
-108
-162
-194
-207
-207
-200
-198
-202
-209
-218
-222
-220
-204
-170
-116
-44
41
128
204
267
311
333
330
305
263
209
149
93
45
3
-32
-55
-65
-74
-79
-85
-89
-101
-119
-137
-153
-165
-171
-168
-151
-126
-88
-42
7
50
88
117
134
138
133
118
92
54
12
-32
-76
-123
-168
-207
-247
-280
-307
-327
-341
-346
-337
-316
-287
-248
-202
-155
-106
-56
-9
34
75
115
151
180
205
222
231
224
205
176
141
101
60
22
-10
-32
-40
-35
-21
-3
21
46
63
71
77
76
67
55
45
45
52
68
95
125
154
180
201
212
210
200
184
162
137
116
101
88
79
77
78
79
77
76
76
69
59
54
53
52
54
66
80
89
94
96
91
72
39
3
-42
-93
-145
-190
-230
-267
-298
-322
-346
-368
-387
-402
-416
-424
-415
-391
-351
-295
-222
-138
-55
21
86
135
158
158
139
108
70
32
6
-10
-19
-20
-15
-13
-21
-44
-79
-124
-173
-220
-255
-270
-263
-229
-170
-92
-7
82
165
233
281
311
323
323
313
305
305
313
327
344
360
363
346
310
252
172
77
-22
-116
-195
-253
-283
-288
-272
-239
-196
-147
-100
-58
-18
20
62
109
165
229
292
354
409
452
476
477
456
412
350
276
196
117
45
-20
-75
-128
-173
-216
-263
-312
-364
-415
-464
-506
-532
-544
-535
-505
-457
-395
-324
-248
-175
-107
-51
-8
24
45
59
69
77
85
92
101
106
104
95
77
49
13
-26
-63
-100
-127
-144
-148
-142
-127
-107
-84
-62
-38
-17
3
22
49
82
120
166
216
266
308
344
369
380
373
351
318
275
227
177
133
89
50
16
-14
-39
-64
-90
-115
-138
-160
-172
-179
-178
-165
-144
-113
-78
-42
-11
16
35
48
53
60
67
74
85
100
119
141
157
167
163
147
115
78
35
-14
-64
-102
-130
-146
-152
-148
-139
-129
-122
-117
-118
-127
-142
-158
-171
-180
-176
-160
-133
-101
-65
-29
4
30
44
48
41
28
11
-5
-21
-34
-42
-43
-43
-41
-40
-41
-43
-51
-59
-67
-74
-76
-73
-71
-60
-45
-28
-11
5
20
34
42
52
61
73
86
100
118
136
153
167
176
175
166
149
126
97
70
45
23
8
1
1
4
10
15
19
17
16
15
12
9
10
18
34
54
78
104
128
146
158
161
156
141
118
91
63
33
6
-19
-40
-61
-78
-93
-110
-128
-146
-163
-178
-190
-195
-194
-186
-171
-149
-119
-87
-54
-19
12
38
59
75
86
89
89
85
76
65
53
39
24
6
-14
-37
-61
-85
-108
-131
-152
-169
-181
-183
-179
-169
-153
-132
-110
-84
-57
-32
-9
15
38
60
83
106
127
147
166
182
192
198
195
185
167
140
110
73
36
-1
-34
-65
-92
-112
-123
-128
-128
-125
-116
-103
-88
-67
-42
-16
12
44
73
100
126
147
164
172
173
169
161
146
129
109
87
63
37
11
-15
-43
-71
-98
-125
-149
-169
-184
-195
-197
-190
-176
-154
-128
-98
-66
-36
-5
18
37
53
65
73
78
79
81
80
78
74
69
59
47
32
17
-4
-23
-39
-56
-69
-79
-83
-83
-79
-71
-59
-45
-31
-14
5
23
42
60
77
91
103
112
115
114
106
96
81
62
41
24
10
-3
-11
-15
-16
-14
-10
-6
-3
-1
1
-1
-3
-5
-6
-5
-2
0
5
14
20
24
25
24
18
11
0
-12
-26
-38
-50
-59
-66
-71
-73
-72
-73
-70
-65
-58
-52
-42
-31
-20
-6
8
22
32
39
45
47
44
37
29
22
12
2
-6
-11
-15
-19
-21
-25
-29
-34
-39
-43
-47
-49
-49
-45
-35
-20
-2
18
40
60
78
93
102
105
102
92
79
62
47
28
12
-6
-24
-39
-56
-70
-84
-97
-107
-115
-118
-117
-111
-100
-85
-67
-44
-19
6
30
52
69
83
95
104
107
107
107
102
94
83
69
53
32
12
-8
-27
-45
-59
-70
-76
-78
-76
-70
-61
-50
-39
-26
-15
-2
12
25
38
48
60
68
76
77
76
72
65
55
44
32
16
4
-7
-17
-26
-32
-36
-40
-44
-45
-45
-43
-40
-33
-25
-17
-7
3
13
21
29
34
37
37
36
32
27
21
16
9
4
-1
-6
-13
-19
-25
-31
-39
-46
-50
-53
-54
-51
-46
-39
-33
-27
-18
-12
-6
-4
-3
-2
-3
-3
-4
-7
-7
-8
-8
-10
-10
-12
-13
-18
-20
-20
-20
-18
-15
-11
-6
2
11
20
29
35
39
45
45
49
49
49
47
46
45
44
42
41
37
31
26
20
16
11
6
1
0
0
2
5
8
14
19
23
25
27
28
27
24
21
16
13
9
5
1
-5
-8
-14
-19
-24
-28
-34
-38
-42
-45
-46
-46
-47
-46
-44
-40
-41
-40
-38
-35
-32
-30
-28
-29
-26
-25
-23
-24
-25
-26
-28
-31
-34
-40
-42
-44
-45
-46
-43
-38
-32
-27
-21
-11
-1
7
15
24
35
44
52
58
64
68
70
71
68
63
56
48
40
30
22
13
6
-1
-7
-11
-14
-16
-17
-16
-14
-8
-1
5
14
23
32
41
47
52
54
55
53
50
46
39
33
29
25
21
19
16
15
11
6
1
-5
-11
-16
-20
-22
-23
-22
-20
-13
-6
0
8
13
17
18
21
20
18
15
14
12
9
7
4
-1
-10
-17
-25
-34
-43
-51
-59
-65
-69
-70
-71
-70
-68
-64
-59
-57
-53
-49
-44
-40
-36
-29
-23
-17
-10
-5
-1
5
8
9
8
7
6
4
1
-3
-6
-8
-10
-10
-11
-10
-10
-9
-8
-7
-6
-5
-3
0
4
10
16
20
26
30
36
39
44
47
48
49
50
50
49
48
46
44
41
39
36
35
32
28
25
22
17
13
8
4
1
-4
-5
-6
-6
-4
-2
0
4
8
9
13
13
14
15
15
13
11
10
8
5
3
0
-1
-6
-11
-17
-24
-30
-36
-42
-48
-53
-55
-57
-58
-59
-56
-52
-49
-45
-40
-37
-32
-26
-19
-14
-8
-3
4
10
13
17
21
24
20
19
14
9
4
-2
-5
-8
-10
-11
-10
-8
-6
-5
-4
-2
0
3
6
9
13
17
22
28
34
38
42
43
42
40
39
36
32
29
23
17
16
15
14
13
13
13
12
11
9
7
7
7
6
6
7
11
13
16
19
21
22
22
20
16
11
7
2
-3
-8
-12
-15
-18
-22
-26
-27
-30
-34
-37
-40
-43
-45
-44
-43
-41
-38
-32
-28
-24
-21
-18
-16
-16
-18
-21
-21
-24
-25
-25
-26
-27
-27
-24
-21
-20
-18
-17
-15
-14
-12
-8
-7
-4
-1
2
4
4
6
9
9
7
9
10
11
12
13
15
17
18
20
22
24
26
26
26
26
23
22
20
19
16
16
15
14
13
14
16
18
19
21
23
25
27
26
27
26
25
22
19
15
12
11
8
5
4
4
5
6
6
7
7
8
8
6
6
6
5
3
1
0
-4
-4
-5
-8
-11
-13
-15
-16
-15
-17
-18
-17
-17
-16
-16
-14
-12
-12
-11
-12
-13
-13
-16
-18
-20
-22
-24
-25
-27
-27
-26
-26
-25
-25
-23
-23
-24
-23
-22
-20
-18
-16
-13
-10
-6
-2
2
5
8
10
12
14
14
15
16
18
20
19
22
21
21
20
18
17
13
10
8
5
3
4
5
8
9
11
14
16
18
18
19
18
18
18
17
16
17
17
19
19
17
15
14
11
7
3
-2
-7
-11
-15
-18
-20
-20
-20
-18
-16
-13
-11
-10
-10
-9
-8
-8
-9
-9
-8
-5
-3
-1
1
3
3
4
4
1
-4
-7
-11
-14
-18
-21
-21
-22
-20
-18
-15
-13
-11
-10
-8
-7
-7
-7
-8
-8
-8
-7
-6
-6
-5
-4
-4
-3
-3
-2
0
1
2
4
6
7
9
11
11
12
13
14
15
15
16
17
17
19
21
22
22
22
20
19
16
13
11
10
8
7
7
8
9
11
13
13
13
10
9
7
5
4
2
0
1
-1
-1
0
1
0
-2
-3
-3
-6
-6
-9
-14
-17
-19
-19
-20
-19
-18
-16
-16
-15
-12
-9
-7
-5
-3
-2
0
-1
0
-1
-3
-6
-6
-7
-9
-10
-10
-11
-10
-9
-8
-6
-3
-2
-2
-1
0
0
0
0
1
2
3
4
6
9
10
11
10
10
9
9
7
6
5
1
0
0
-1
-3
-5
-5
-7
-8
-7
-6
-6
-5
-3
1
3
5
6
10
11
11
10
8
6
4
2
1
-1
-1
-2
-3
-3
-3
-3
-3
-3
-5
-5
-5
-6
-4
-2
0
3
6
7
9
10
11
11
10
9
6
5
3
0
0
-2
-2
-3
-3
-4
-4
-4
-5
-6
-7
-5
-7
-4
-4
-4
-2
-2
-2
-1
1
1
0
2
1
0
0
-1
-2
-4
-6
-9
-11
-12
-13
-14
-15
-15
-14
-12
-10
-9
-6
-4
-3
0
3
7
9
11
13
15
15
18
18
18
17
16
14
13
11
10
9
6
6
6
6
5
4
2
2
2
2
1
1
2
4
5
5
5
6
7
8
8
8
7
6
4
2
1
0
-1
-4
-5
-6
-6
-6
-4
-5
-4
-5
-5
-5
-5
-5
-7
-6
-7
-6
-4
-5
-3
-4
-5
-4
-5
-5
-6
-6
-5
-5
-5
-5
-5
-5
-4
-4
-4
-6
-7
-9
-10
-11
-11
-12
-11
-9
-9
-7
-8
-9
-10
-11
-11
-11
-10
-11
-11
-11
-9
-7
-6
-5
-2
-2
-1
-1
-1
0
0
2
4
3
4
4
4
5
8
9
8
9
9
8
8
9
8
9
8
7
9
12
12
12
14
14
16
18
19
20
21
21
22
22
20
20
20
18
17
14
12
12
8
4
0
-3
-5
-8
-9
-10
-9
-9
-8
-8
-9
-10
-9
-8
-7
-6
-7
-7
-7
-7
-8
-8
-7
-7
-9
-9
-9
-11
-12
-13
-14
-14
-15
-15
-14
-13
-12
-9
-8
-4
-1
2
4
5
6
7
7
7
5
6
4
4
2
4
3
2
3
1
1
0
0
-1
-2
-3
-5
-5
-5
-5
-5
-2
2
2
3
5
7
5
6
7
7
7
8
7
6
6
6
4
3
2
0
-1
-1
-4
-4
-4
-3
-3
-3
-1
0
2
3
4
7
7
9
8
9
9
10
10
8
8
7
5
3
