0
-1
-2
-2
-2
-3
-2
-3
-2
-1
-1
-2
-1
-2
-1
0
-1
-2
-4
-5
-4
-2
0
0
-2
-1
-3
-2
-1
-2
-2
-1
0
1
-1
0
1
0
0
1
0
0
0
-1
1
2
-1
-1
0
1
2
0
1
2
-1
-1
0
1
3
4
5
4
3
5
6
4
3
2
3
3
3
1
0
1
0
-1
-2
-2
-2
-4
-3
-2
-1
-2
-3
-2
0
0
0
1
2
1
2
2
1
3
3
2
1
1
0
1
3
4
3
1
0
2
1
1
2
4
6
5
2
1
1
2
2
2
-1
-2
-1
-1
-1
-3
-4
-1
0
-1
-2
-4
-3
-4
-1
-1
-2
-2
-4
-4
-4
-3
-2
-1
1
2
1
1
0
-1
0
-1
-1
-2
-2
1
2
3
4
4
3
3
5
6
6
5
5
5
3
3
5
4
5
3
3
2
0
-1
-1
-4
-4
-5
-5
-5
-4
-4
-4
-3
-2
-3
-3
-2
-2
-1
-1
-1
-1
0
0
-1
-2
-2
-3
-2
-3
-1
-1
-2
-3
-2
-2
-2
-3
-3
-1
1
1
0
-2
-4
-3
1
0
-1
-1
-1
-2
-1
0
1
1
2
3
3
1
1
1
2
0
0
1
0
2
2
1
2
3
4
3
2
2
1
0
-1
-1
1
1
-1
-2
-1
0
-1
-1
2
2
1
2
3
3
2
1
1
0
-1
-2
-1
-1
-1
1
1
3
1
0
1
1
0
0
1
1
1
0
2
2
4
3
3
1
0
1
2
1
-1
-2
-1
-1
-2
-2
-3
-2
-3
-4
-1
0
-1
-2
-2
-2
-2
-2
-3
-2
2
-1
-1
-2
-4
-5
-4
-3
-1
-1
0
0
1
1
1
1
1
2
1
2
1
1
2
4
5
5
6
6
7
6
4
3
2
1
0
-1
0
-1
-2
-1
0
0
-1
-1
0
0
-2
-2
-2
-2
-2
-1
0
1
-1
-1
1
2
2
2
3
2
1
1
-1
-1
-2
-2
-5
-3
-1
-1
-1
-1
-1
1
1
-1
-2
-2
-2
0
-1
-3
-2
-3
-2
-2
2
1
-2
-4
-3
-3
-5
-4
-3
-4
-1
0
0
-4
-5
-5
-2
2
1
2
4
4
6
5
2
3
0
1
5
7
5
0
-4
-8
-6
-2
0
-1
-2
-2
-2
-3
-3
-3
-4
-3
1
7
8
8
7
4
3
2
4
3
3
4
6
7
6
1
-4
-10
-10
-8
-4
-1
0
-3
-6
-11
-15
-15
-16
-14
-12
-9
-6
0
6
7
6
3
3
2
2
6
9
9
10
11
14
15
15
15
12
7
-4
-9
-8
-6
-3
1
5
7
8
5
4
2
-1
-2
-2
0
2
4
4
3
1
1
3
7
7
5
-1
-4
-2
1
8
15
17
13
7
3
1
-2
-3
-4
-5
-4
-3
3
6
6
3
-2
-10
-15
-15
-14
-13
-15
-15
-16
-17
-15
-14
-10
-8
-5
-3
-1
3
4
2
0
-1
-2
-3
0
2
-1
-6
-11
-16
-19
-21
-21
-22
-23
-19
-14
-10
-10
-11
-12
-10
-3
11
24
32
35
31
23
19
19
23
33
39
40
37
36
30
26
20
14
8
3
1
3
5
3
-6
-17
-27
-32
-32
-28
-23
-18
-13
-9
-6
-4
-1
-2
-4
-6
-6
-4
-5
-1
3
4
4
4
1
-6
-10
-11
-13
-15
-19
-21
-24
-24
-22
-20
-14
-12
-11
-9
-8
-6
1
5
9
10
8
7
10
15
12
9
12
12
6
2
3
4
-1
-4
2
8
13
14
7
-4
-10
-6
0
4
8
9
1
-13
-23
-25
-20
-4
8
11
12
15
6
-14
-22
-14
-6
5
23
37
40
43
48
39
20
14
27
44
63
79
78
57
32
18
9
12
22
23
11
-2
-9
-16
-28
-37
-47
-50
-42
-31
-24
-22
-22
-27
-23
-4
12
12
1
1
7
5
-5
-14
-21
-29
-40
-60
-92
-116
-124
-142
-173
-195
-192
-183
-185
-178
-155
-146
-152
-152
-117
-42
78
221
338
397
422
435
431
418
393
362
338
344
360
340
272
173
51
-79
-189
-270
-325
-347
-340
-344
-371
-398
-402
-388
-344
-254
-144
-39
59
136
166
173
201
234
228
212
223
244
218
128
-19
-186
-315
-384
-426
-463
-479
-482
-512
-559
-594
-620
-624
-577
-489
-362
-88
364
779
914
806
667
622
662
761
886
1006
1096
1098
951
674
360
31
-285
-504
-553
-498
-460
-515
-684
-926
-1121
-1186
-1112
-901
-566
-191
104
271
336
345
376
506
720
942
1115
1194
1139
965
752
556
366
192
70
-25
-164
-376
-620
-852
-1024
-1079
-1031
-956
-910
-866
-790
-677
-524
-348
-192
-59
106
329
556
730
819
819
777
756
762
721
593
423
284
183
68
-107
-318
-498
-607
-663
-697
-727
-760
-785
-770
-683
-537
-380
-247
-146
-70
7
109
234
366
481
561
571
526
485
467
424
347
278
244
194
127
83
62
52
39
19
-20
-78
-135
-175
-162
-82
38
146
192
205
216
215
184
142
137
155
185
236
258
217
144
90
36
-40
-72
-49
-48
-99
-156
-201
-252
-287
-312
-340
-343
-301
-286
-341
-400
-398
-366
-356
-386
-437
-489
-516
-503
-486
-454
-407
-352
-286
-253
-289
-368
-406
-394
-364
-95
614
1399
1630
1228
808
697
685
694
798
953
1157
1378
1382
1012
490
39
-482
-956
-1020
-735
-475
-430
-602
-1003
-1452
-1570
-1388
-1111
-668
-72
408
570
507
408
372
580
1038
1473
1712
1742
1623
1351
956
604
372
193
51
-98
-331
-684
-1067
-1367
-1625
-1752
-1595
-1351
-1249
-1216
-1098
-968
-842
-504
-59
207
455
842
1168
1247
1235
1266
1196
1136
1213
1198
960
643
378
79
-254
-511
-724
-928
-1066
-1142
-1228
-1364
-1452
-1426
-1331
-1239
-1063
-710
-397
-274
-217
-68
75
153
312
437
418
381
441
674
1057
1510
1680
1388
985
719
547
449
482
664
738
718
725
624
312
-223
-751
-1053
-1035
-783
-557
-469
-517
-709
-967
-1145
-1078
-768
-376
46
447
682
670
578
582
714
993
1310
1474
1426
1292
1138
920
686
466
241
45
-162
-398
-717
-1074
-1367
-1567
-1643
-1619
-1526
-1416
-1427
-1472
-1389
-1130
-774
-474
-230
63
438
782
932
899
811
795
840
867
851
729
492
178
-162
-492
-810
-1138
-1513
-1741
-1717
-1547
-428
1143
1513
269
-632
-236
212
419
1117
1871
2249
2576
2774
2362
1384
897
441
-237
-348
288
662
226
-392
-1080
-2132
-2703
-2410
-2001
-1655
-900
-1
177
-297
-668
-579
-183
539
1490
2145
2211
2074
2073
1750
1173
1109
1131
693
376
426
148
-759
-1366
-1633
-2075
-2152
-1794
-1780
-2201
-2193
-1637
-1378
-1151
-430
-18
-68
303
1136
1491
1531
1871
2000
1760
1901
2144
1726
1026
629
422
96
-333
-877
-1425
-1658
-1690
-1928
-2338
-2622
-2658
-2505
-2197
-1829
-1570
-1296
-980
-799
-521
-81
92
-41
133
606
1051
2636
4733
4929
2964
1589
1614
1522
1253
1628
1992
2042
2184
2003
944
-553
-1339
-2071
-2859
-2717
-1647
-1005
-1302
-1823
-2392
-3100
-3032
-2091
-1165
-305
842
1896
2067
1448
1003
1280
1801
2482
3404
3860
3198
2274
1914
1135
23
-80
149
-412
-1017
-1182
-1898
-3291
-3611
-3224
-3374
-3096
-1956
-1468
-2068
-2119
-1421
-1242
-785
634
1413
1372
1967
2911
2685
2051
2193
2272
2067
2301
2243
1221
437
394
-11
-1008
-1724
-2103
-2595
-2903
-2780
-2734
-2834
-2897
-2947
-2974
-2578
-1944
-1575
-1411
-832
-375
438
2711
4854
4682
2937
2395
2840
2955
2957
3517
3821
3776
3483
3025
1790
222
-723
-1608
-2460
-2407
-1507
-1324
-2105
-2745
-3386
-4437
-4609
-3467
-2171
-1312
-182
1055
1194
506
650
1553
2146
2898
4154
4576
3778
3398
3418
2462
1451
1540
1337
135
-624
-725
-1707
-3138
-3429
-3439
-3919
-3774
-3013
-3318
-4132
-3602
-2518
-2102
-1332
-147
151
147
1157
2233
2206
2140
2662
2950
2842
2817
2525
1762
1159
832
332
-257
-699
-1310
-1902
-2126
-2281
-2693
-3105
-3478
-3628
-3206
-2578
-2354
-2275
-1727
-1372
-17
2908
4757
3557
1889
2409
3309
3251
3694
4651
4794
4742
4754
4046
2132
789
-45
-1505
-2386
-1783
-1173
-1773
-2649
-3335
-4621
-5633
-5026
-3789
-2830
-1683
-220
566
112
-476
30
1065
1955
3151
4613
5011
4172
3816
3664
2464
1688
2052
1816
619
158
190
-1404
-3229
-3142
-2926
-3448
-3310
-2675
-3386
-4340
-3336
-2412
-2835
-2231
-747
-441
-464
950
2170
1694
1629
2286
2101
1968
2846
3101
1771
767
794
410
-347
-627
-1097
-2012
-2252
-1951
-2284
-2929
-3067
-3133
-3444
-3286
-2311
-1328
494
2883
3950
2763
1277
1442
2219
2679
3536
4762
5314
4845
4029
3312
1860
620
2
-761
-1514
-1143
-239
-811
-2457
-3377
-4000
-4713
-4284
-2729
-1689
-1380
-619
-24
-710
-1078
188
1335
1697
2717
3989
3745
2740
2803
2851
1995
1772
2319
2078
969
238
-357
-1734
-2486
-1997
-1992
-2610
-2697
-2636
-3627
-4248
-3308
-2431
-2260
-1731
-875
-543
-500
107
750
868
1124
1660
1998
2027
2067
1791
961
463
491
402
141
-228
-742
-1414
-1952
-2127
-2031
-1961
-2206
-2579
-2436
-2079
-1349
760
2810
2768
1230
783
1542
1961
2459
3579
4208
4234
4146
3907
2904
1720
1246
268
-1079
-1244
-447
-229
-929
-1801
-3083
-4589
-4632
-3419
-2333
-1583
-815
-245
-442
-1118
-1063
-71
1125
2233
3243
3694
3109
2425
2356
2102
1638
1854
2249
1916
1063
575
-147
-1572
-1912
-1225
-1265
-1896
-1931
-2035
-3001
-3325
-2562
-2354
-2294
-1478
-856
-1033
-829
199
472
-13
100
623
830
1035
1209
671
-138
-124
120
-168
-565
-832
-1248
-1701
-1860
-1995
-2003
-1792
-1680
-1713
-1255
-473
826
2713
3737
2739
1440
1787
2657
2853
3225
4136
4483
4126
3569
2813
1479
453
-21
-951
-1910
-1765
-1258
-1646
-2630
-3405
-4278
-4811
-4031
-2483
-1181
-408
24
206
-162
-485
467
2171
3251
3589
3943
3790
2625
1883
2028
1836
1436
1677
1831
785
-434
-707
-1450
-2532
-2181
-1365
-1673
-2193
-1817
-2060
-3216
-3170
-2212
-1935
-1637
-678
-256
-748
-569
160
11
-101
682
1252
1067
907
690
-61
-432
-53
23
-356
-565
-749
-1373
-1866
-1894
-1866
-1863
-1717
-1519
-1286
-724
55
1486
3112
3337
2053
1423
2035
2586
2853
3702
4379
4164
3779
3369
2368
969
342
-121
-1167
-1652
-1178
-1125
-1914
-2765
-3661
-4743
-4748
-3370
-1888
-939
-415
-258
-525
-911
-498
988
2635
3710
4315
4434
3579
2458
2329
2554
2065
1710
2098
1976
771
-220
-872
-2286
-3144
-2336
-1765
-2372
-2529
-2191
-2986
-3932
-3294
-2503
-2434
-1613
-300
-207
-596
112
723
269
412
1390
1665
1420
1491
1110
83
-178
207
-150
-859
-1137
-1571
-2316
-2624
-2555
-2573
-2464
-2245
-2398
-2381
-1550
-402
1319
3243
3679
2385
1660
2460
3230
3573
4587
5476
5325
4817
4307
3217
1649
876
339
-752
-1295
-915
-984
-2070
-3362
-4417
-5389
-5495
-4263
-2631
-1595
-1361
-1390
-1378
-1582
-1225
576
2696
3703
4093
4529
4053
2845
2915
3758
3406
2761
3136
3043
1389
108
-175
-1358
-2510
-1784
-1260
-2572
-3535
-3230
-3800
-4863
-4136
-2971
-3014
-2667
-1456
-1180
-1615
-855
313
358
493
1447
1889
1736
1888
1836
1124
894
1403
1350
625
-79
-868
-1709
-2093
-2086
-1958
-1715
-1748
-2502
-3166
-2719
-1780
-373
1700
2774
1690
366
787
1834
2447
3451
4602
4843
4537
4169
3449
2267
1593
1413
727
-32
30
292
-315
-1611
-2893
-3963
-4339
-3537
-2227
-1436
-1512
-1931
-2050
-2115
-2107
-937
1160
2422
2472
2452
2368
1663
1580
2582
3046
2687
2774
3064
2141
647
167
13
-473
-236
320
-386
-1921
-2593
-2947
-3816
-3823
-2741
-2149
-2240
-2118
-2075
-2438
-2314
-1448
-689
-220
272
645
704
552
356
222
427
1047
1536
1343
579
-346
-1130
-1420
-1230
-841
-396
-208
-900
-1979
-2084
-1393
-314
1652
3326
2748
743
-7
755
1620
2499
3603
4141
3730
3013
2433
1540
628
559
589
-23
-318
178
103
-1054
-2267
-3080
-3430
-2817
-1473
-469
-504
-1153
-1501
-1504
-1600
-1042
790
2465
2651
2150
1839
1357
964
1550
2567
2818
2549
2505
2097
634
-533
-433
-224
-334
30
228
-987
-2526
-3050
-3380
-3789
-3141
-1796
-1294
-1684
-1941
-2012
-2208
-1979
-1059
-167
159
362
674
562
57
-109
228
689
1066
1178
775
-59
-886
-1293
-1199
-841
-405
54
-150
-1274
-2104
-1664
-727
597
2454
3335
1942
85
19
1086
1892
2714
3786
4049
3256
2491
2079
1231
538
649
492
-254
-366
29
-510
-1851
-2806
-3134
-2991
-2274
-1256
-686
-1009
-1593
-1578
-1326
-1216
-303
1614
2776
2370
1660
1409
1022
791
1663
2810
2748
2135
2044
1389
-296
-907
13
329
-20
318
207
-1471
-2879
-2858
-2845
-3043
-2162
-950
-1110
-2037
-2192
-1926
-2037
-1697
-627
-48
-160
-27
299
70
-286
-36
478
732
740
644
290
-392
-926
-854
-476
-269
-40
161
-463
-1666
-1991
-956
228
1510
3091
3310
1287
-487
97
1602
2320
3092
3957
3565
2278
1683
1694
1133
662
888
614
-362
-582
-129
-604
-1934
-2497
-2250
-2073
-1875
-1208
-761
-1250
-1749
-1279
-781
-816
71
1897
2234
975
521
1041
857
692
1985
3066
2295
1334
1279
566
-793
-428
969
701
-188
85
-202
-1974
-2771
-1975
-1812
-2203
-1472
-707
-1462
-2433
-2052
-1406
-1534
-1276
-360
-159
-703
-665
-193
-280
-464
-64
317
133
-184
-171
-264
-810
-1090
-599
-20
61
150
213
-553
-1559
-1433
-161
949
2098
3524
3519
1336
-412
306
1978
2753
3330
3792
3070
1712
1275
1600
1342
847
841
418
-752
-1240
-819
-1052
-2163
-2518
-2069
-2024
-2266
-1820
-1319
-1740
-2092
-1184
-259
-295
295
1865
2074
885
737
1582
1538
1408
2634
3507
2509
1378
1290
783
-391
-93
1226
993
-185
-450
-893
-2355
-2923
-2061
-1793
-2319
-2034
-1508
-2104
-3004
-2585
-1493
-1223
-1194
-590
-345
-806
-804
-63
327
264
473
709
396
-85
-56
132
-265
-644
-202
264
-25
-357
-417
-976
-1750
-1556
-346
648
1450
2597
2887
1249
-389
217
2007
2849
3162
3555
3139
2074
1834
2506
2507
1760
1465
1140
-58
-942
-632
-477
-1338
-1850
-1610
-1897
-2676
-2625
-2080
-2271
-2552
-1651
-664
-886
-910
341
1027
395
348
1355
1715
1511
2292
3255
2703
1671
1721
1795
765
292
1240
1488
378
-260
-422
-1471
-2506
-2160
-1712
-2298
-2588
-2090
-2242
-3160
-3050
-1804
-1293
-1605
-1330
-834
-1020
-1009
-84
657
579
464
603
483
152
139
430
412
77
61
280
70
-387
-648
-915
-1460
-1723
-1152
-149
508
1228
2126
1899
279
-529
663
2142
2630
2937
3195
2761
2204
2479
2918
2405
1593
1355
932
-64
-436
52
24
-920
-1588
-1800
-2302
-2891
-2654
-1980
-1846
-1916
-1286
-802
-1226
-1188
90
855
441
551
1618
2010
1736
2228
2915
2435
1743
2024
2035
931
505
1300
1242
30
-529
-556
-1346
-2287
-2267
-2116
-2571
-2744
-2305
-2222
-2733
-2741
-1956
-1548
-1811
-1693
-1048
-680
-567
-36
562
391
-141
13
516
372
130
636
877
61
-406
203
421
-278
-671
-668
-1223
-1688
-751
546
872
1375
2437
1963
-172
-777
1096
2573
2618
2901
3362
2755
1998
2508
2963
1984
1118
1386
1063
-221
-397
564
250
-1309
-1914
-1809
-2603
-3249
-2242
-1200
-1758
-2167
-1242
-1080
-2087
-1585
326
688
-112
590
1911
1566
1079
2211
2898
1900
1539
2414
2029
536
729
1868
1171
-222
-112
41
-1288
-2263
-1809
-1803
-2623
-2368
-1327
-1611
-2809
-2701
-1721
-1840
-2266
-1394
-376
-570
-789
-131
63
-718
-810
154
483
-20
151
693
37
-947
-364
675
323
-507
-635
-991
-1748
-1316
328
1114
1238
2179
2623
839
-910
169
2359
2863
2726
3199
2969
1888
1823
2732
2539
1447
1265
1268
85
-746
73
610
-661
-1862
-1768
-1944
-2743
-2352
-1112
-1158
-1986
-1551
-840
-1572
-1929
-270
980
332
139
1370
1726
1053
1624
2723
2172
1308
1917
2204
786
61
1204
1557
313
-181
117
-765
-2108
-2037
-1604
-2158
-2272
-1215
-945
-2183
-2906
-2236
-1786
-1964
-1322
-127
0
-592
-552
-345
-818
-981
-6
779
383
-120
36
-113
-845
-777
259
628
-43
-607
-970
-1612
-1677
-442
818
1053
1525
2583
2231
205
-622
1054
2808
3058
3026
3086
2396
1688
2130
2686
1988
1169
1260
840
-535
-925
-15
13
-1307
-1976
-1745
-2106
-2589
-1864
-1039
-1523
-1997
-1226
-856
-1661
-1427
307
1002
279
391
1422
1451
1034
1815
2563
1870
1289
1819
1679
276
-104
1030
1248
195
-264
-262
-1179
-2227
-1987
-1376
-1525
-1481
-822
-995
-2245
-2683
-1616
-725
-704
-343
363
167
-662
-854
-507
-495
-385
377
733
-111
-1022
-984
-778
-1053
-815
116
198
-863
-1594
-1545
-1528
-1329
-234
868
898
998
2084
2441
977
-39
1228
2960
3254
3053
3095
2591
1859
2124
2771
2258
1236
1088
861
-405
-1158
-409
47
-944
-1783
-1658
-1915
-2571
-2164
-1153
-1169
-1665
-1183
-627
-1205
-1389
-9
1040
585
380
1258
1549
967
1140
1885
1686
1021
1151
1229
205
-514
277
948
209
-560
-486
-737
-1609
-1771
-1110
-894
-1140
-958
-752
-1315
-1805
-1075
-6
83
-141
120
28
-786
-1099
-379
183
-44
-232
-153
-640
-1525
-1587
-940
-799
-908
-445
-265
-1201
-2048
-1635
-806
-478
-100
600
783
624
1487
2779
2440
1013
969
2307
2982
2767
2753
2667
1972
1581
2022
2091
1150
450
426
-140
-1102
-913
-4
-218
-1302
-1678
-1551
-1857
-1940
-1093
-394
-649
-868
-454
-421
-868
-382
856
1082
416
478
1141
1066
534
672
1080
844
392
307
5
-749
-889
-151
97
-549
-831
-571
-887
-1606
-1478
-629
-229
-326
-168
20
-298
-479
189
858
676
387
494
208
-507
-553
65
89
-618
-1015
-1017
-1410
-1998
-1880
-1357
-1287
-1335
-1068
-1236
-1992
-2011
-890
8
-8
-185
17
261
640
1896
3287
2989
1400
764
1579
2362
2581
2749
2529
1677
1187
1520
1654
948
355
392
59
-668
-452
435
354
-623
-1084
-963
-1016
-870
-125
311
-171
-591
-164
133
-356
-404
409
628
-13
-119
412
239
-471
-392
117
-167
-836
-873
-734
-1139
-1268
-539
-118
-549
-722
-358
-424
-852
-544
335
624
412
582
901
606
129
436
1078
987
488
282
23
-498
-605
-253
-465
-1317
-1664
-1349
-1439
-2126
-2368
-1838
-1402
-1299
-1101
-1069
-1463
-1500
-658
163
219
103
280
342
301
975
2455
3197
2211
813
482
978
1525
2014
2205
1612
710
497
816
875
761
981
1037
353
-119
507
1236
1023
446
248
199
117
355
789
798
396
202
204
-255
-903
-764
-131
-113
-576
-782
-981
-1597
-1983
-1554
-1067
-1236
-1480
-1317
-1274
-1529
-1358
-687
-320
-252
105
471
381
206
493
1038
1330
1429
1585
1510
978
542
745
1114
911
363
-27
-335
-680
-846
-897
-1300
-1907
-2004
-1732
-1850
-2209
-2092
-1616
-1380
-1266
-978
-823
-905
-782
-237
350
663
753
564
98
-54
592
1710
2448
2179
1063
-69
-391
198
1014
1417
1234
637
134
164
625
1113
1364
1351
1052
689
827
1541
2133
2045
1551
1152
891
758
974
1301
1136
497
-2
-280
-716
-1050
-885
-756
-1191
-1708
-1902
-2173
-2546
-2320
-1632
-1432
-1704
-1738
-1607
-1661
-1463
-701
2
231
446
800
816
571
698
1261
1735
1909
1889
1578
962
467
421
641
759
620
303
-229
-909
-1391
-1478
-1404
-1459
-1526
-1465
-1489
-1725
-1885
-1669
-1190
-733
-383
-248
-450
-687
-445
188
620
663
548
278
-207
-497
-183
591
1314
1376
445
-915
-1456
-642
589
1154
1034
660
279
178
628
1412
1980
2181
2119
1824
1611
1972
2708
2975
2487
1851
1503
1235
998
979
945
568
59
-406
-1101
-1885
-2052
-1691
-1647
-2000
-2202
-2270
-2528
-2672
-2293
-1739
-1431
-1235
-1080
-1146
-1201
-782
-66
400
650
987
1220
1085
777
685
952
1370
1609
1477
980
324
-125
-83
292
526
349
-175
-831
-1354
-1457
-1053
-596
-593
-893
-1126
-1248
-1251
-925
-371
-78
-174
-370
-559
-723
-629
-173
288
315
-4
-369
-757
-1095
-1046
-568
101
667
626
-308
-1416
-1463
-310
948
1467
1348
948
580
631
1293
2194
2808
3050
2873
2279
1824
2090
2694
2796
2327
1772
1262
742
422
361
253
-88
-510
-1032
-1743
-2213
-2016
-1581
-1517
-1722
-1870
-2020
-2179
-2037
-1528
-1020
-712
-586
-688
-903
-843
-333
265
563
647
658
542
333
140
97
385
906
1110
657
-86
-564
-564
-133
467
760
482
-138
-712
-988
-781
-116
475
423
-133
-641
-825
-700
-292
132
148
-198
-539
-776
-942
-875
-497
-114
-145
-568
-1068
-1403
-1462
-1173
-727
-288
157
273
-319
-1116
-1023
68
1093
1373
1254
1068
916
1059
1650
2360
2742
2829
2592
1888
1264
1512
2279
2563
2172
1584
873
26
-396
-103
346
356
4
-567
-1389
-1971
-1636
-775
-364
-576
-967
-1336
-1584
-1431
-859
-345
-202
-336
-617
-979
-1157
-859
-297
-40
-192
-415
-605
-796
-907
-831
-485
37
363
181
-354
-719
-543
89
777
1103
935
480
113
80
351
763
1082
996
455
-140
-429
-404
-157
156
190
-226
-817
-1184
-1221
-1070
-843
-617
-581
-927
-1421
-1642
-1477
-1074
-663
-462
-311
-72
-79
-499
-723
-144
833
1413
1402
1091
748
671
1079
1830
2403
2483
2173
1573
951
867
1463
2118
2197
1622
746
34
-142
270
871
1084
665
0
-480
-680
-516
39
487
320
-254
-697
-806
-699
-469
-282
-338
-613
-928
-1203
-1394
-1398
-1195
-1008
-1053
-1268
-1526
-1679
-1551
-1235
-958
-669
-343
-245
-451
-622
-462
24
690
1241
1345
981
530
386
582
928
1252
1320
934
309
-95
-111
107
311
236
-218
-767
-1056
-1000
-781
-630
-634
-749
-950
-1170
-1214
-1011
-743
-627
-729
-898
-704
-46
415
97
-546
-584
36
614
791
729
582
534
782
1197
1422
1379
1266
1076
864
973
1479
1905
1841
1413
994
803
887
1207
1527
1540
1226
872
637
483
493
719
828
521
-8
-396
-576
-649
-684
-820
-1125
-1390
-1484
-1570
-1741
-1850
-1830
-1815
-1838
-1785
-1656
-1525
-1387
-1254
-1140
-924
-535
-146
22
-9
-20
130
439
751
846
724
587
577
681
810
872
787
534
236
77
162
351
378
105
-328
-612
-596
-418
-263
-209
-263
-414
-630
-811
-840
-671
-433
-382
-625
-933
-996
-691
-228
-46
-339
-780
-823
-382
99
221
50
-146
-129
223
784
1201
1226
1036
945
1082
1399
1797
2119
2197
2039
1846
1805
1913
2105
2270
2243
1933
1527
1238
1025
852
774
679
361
-116
-518
-784
-1001
-1165
-1273
-1445
-1697
-1889
-1954
-1961
-1944
-1905
-1904
-1943
-1878
-1650
-1432
-1330
-1263
-1147
-960
-715
-499
-423
-479
-509
-351
-15
339
499
374
105
-7
204
607
914
900
589
297
328
636
899
878
654
425
305
289
309
301
235
139
46
-88
-298
-502
-615
-682
-778
-884
-969
-1065
-1112
-971
-764
-804
-1092
-1260
-1071
-658
-289
-139
-186
-186
84
524
867
1038
1182
1381
1601
1807
1994
2146
2256
2298
2265
2190
2137
2133
2103
1946
1660
1373
1208
1117
962
698
359
-3
-306
-496
-637
-808
-986
-1135
-1280
-1436
-1546
-1588
-1604
-1629
-1659
-1697
-1737
-1740
-1682
-1608
-1540
-1453
-1357
-1270
-1178
-1069
-970
-924
-907
-821
-595
-295
-85
-31
-51
16
279
668
947
962
828
788
920
1099
1191
1150
1002
828
750
786
793
649
407
195
60
-35
-165
-381
-659
-875
-941
-930
-968
-1063
-1107
-1044
-918
-824
-834
-900
-844
-569
-203
56
181
268
418
681
1023
1339
1519
1553
1545
1595
1716
1859
1945
1926
1829
1734
1673
1613
1539
1447
1315
1131
945
797
638
428
217
55
-85
-234
-373
-535
-751
-947
-1046
-1096
-1182
-1316
-1463
-1585
-1644
-1634
-1600
-1612
-1674
-1719
-1713
-1657
-1580
-1512
-1464
-1404
-1301
-1148
-986
-830
-647
-421
-179
15
152
284
447
644
840
995
1086
1124
1132
1126
1088
986
850
751
725
715
630
430
162
-77
-206
-234
-272
-419
-645
-834
-926
-922
-844
-741
-677
-662
-638
-578
-497
-385
-233
-70
71
208
356
479
575
700
871
1035
1159
1238
1273
1269
1290
1383
1500
1544
1480
1356
1229
1158
1177
1224
1198
1057
849
635
459
349
296
228
95
-78
-247
-394
-514
-591
-645
-720
-839
-997
-1179
-1340
-1410
-1380
-1332
-1348
-1433
-1526
-1567
-1528
-1417
-1286
-1179
-1094
-999
-879
-737
-570
-375
-176
7
173
310
397
453
523
615
689
702
653
572
504
474
456
410
310
181
56
-46
-120
-176
-235
-314
-401
-463
-480
-478
-472
-456
-424
-393
-374
-350
-308
-238
-136
-30
52
91
111
157
249
374
514
627
697
741
808
920
1026
1093
1148
1213
1268
1284
1267
1222
1168
1141
1148
1144
1078
967
850
732
612
513
429
318
161
-4
-156
-300
-432
-542
-647
-771
-899
-1020
-1135
-1236
-1293
-1307
-1320
-1351
-1381
-1390
-1379
-1336
-1240
-1102
-971
-886
-832
-769
-659
-504
-339
-208
-124
-60
16
98
171
236
300
341
337
316
310
303
271
229
207
191
159
115
73
39
18
17
-1
-66
-142
-166
-140
-100
-66
-48
-60
-91
-94
-45
25
84
130
150
152
175
248
340
413
475
535
583
623
686
770
848
896
926
939
929
926
951
978
980
964
933
870
781
697
639
588
523
430
302
153
27
-68
-161
-275
-405
-535
-659
-770
-865
-947
-1015
-1065
-1103
-1143
-1184
-1203
-1178
-1122
-1073
-1039
-1007
-955
-878
-787
-695
-611
-543
-481
-415
-339
-238
-121
-31
11
27
57
105
163
219
265
298
318
323
316
305
304
316
315
298
272
241
208
183
171
164
152
130
102
75
63
63
72
81
87
91
96
106
129
167
214
254
272
275
282
304
347
400
448
476
486
493
504
515
533
554
571
570
554
526
484
445
428
429
408
349
256
153
60
-8
-60
-121
-206
-302
-400
-501
-592
-655
-688
-707
-722
-740
-768
-810
-838
-824
-769
-706
-660
-634
-618
-583
-510
-416
-340
-287
-244
-204
-171
-131
-66
6
58
87
106
129
161
200
231
240
241
243
243
245
260
285
293
273
239
204
181
172
164
151
127
99
75
48
20
6
7
18
23
27
36
48
51
52
66
95
131
166
186
193
209
243
282
313
331
341
345
348
352
360
364
358
342
320
297
275
247
209
164
116
72
28
-28
-92
-148
-192
-233
-278
-328
-383
-434
-472
-494
-507
-514
-514
-512
-519
-529
-530
-511
-471
-419
-374
-344
-315
-282
-241
-191
-131
-73
-29
-1
17
42
84
138
188
210
217
222
231
246
265
279
285
277
261
245
232
226
215
193
159
132
113
92
67
40
10
-23
-47
-58
-66
-73
-78
-81
-90
-94
-80
-58
-44
-31
-6
18
35
56
83
113
145
177
202
214
222
242
270
288
280
262
240
215
199
191
174
142
106
70
28
-20
-67
-105
-141
-181
-219
-258
-294
-315
-324
-334
-355
-377
-389
-392
-389
-370
-341
-322
-314
-314
-305
-291
-265
-226
-180
-142
-120
-110
-96
-64
-16
37
75
92
106
137
185
237
286
321
343
361
379
389
391
397
409
412
399
372
338
299
264
231
198
158
113
64
10
-36
-69
-96
-128
-159
-186
-206
-214
-215
-214
-208
-194
-175
-161
-149
-133
-110
-80
-50
-20
5
22
35
44
54
68
81
93
98
91
84
78
77
73
67
57
42
25
12
-3
-26
-45
-63
-76
-90
-107
-132
-158
-176
-181
-181
-191
-213
-238
-249
-246
-241
-248
-262
-270
-274
-275
-274
-266
-255
-238
-219
-198
-176
-147
-108
-68
-30
15
58
98
138
186
237
279
317
349
378
405
425
435
435
435
435
425
406
384
368
355
337
310
268
225
191
166
142
118
96
73
43
10
-18
-30
-33
-35
-42
-55
-72
-87
-95
-95
-93
-97
-108
-118
-129
-136
-138
-136
-135
-140
-147
-150
-154
-162
-168
-168
-161
-151
-143
-139
-135
-133
-131
-125
-117
-111
-109
-110
-112
-115
-114
-113
-116
-122
-126
-131
-143
-151
-154
-157
-163
-170
-181
-193
-198
-191
-177
-162
-147
-133
-117
-99
-75
-44
-15
4
21
44
73
107
141
173
200
218
229
238
249
260
271
280
285
290
293
292
284
279
281
291
301
304
296
285
272
257
246
242
234
217
197
177
153
125
102
79
47
7
-25
-53
-83
-111
-141
-174
-205
-224
-230
-237
-251
-266
-276
-281
-279
-269
-254
-245
-235
-223
-206
-187
-166
-144
-122
-99
-77
-61
-53
-50
-43
-35
-26
-17
-11
-13
-18
-25
-36
-51
-61
-69
-77
-78
-77
-77
-78
-78
-77
-72
-62
-51
-39
-30
-15
1
8
9
15
27
37
45
47
49
49
48
50
54
60
67
75
82
86
90
98
106
118
139
162
180
187
189
194
201
213
227
238
241
236
226
215
204
194
180
163
140
116
91
65
39
15
-9
-36
-68
-98
-122
-139
-150
-155
-158
-162
-169
-170
-164
-158
-153
-148
-142
-135
-127
-116
-102
-90
-82
-85
-91
-96
-92
-79
-66
-60
-67
-82
-96
-100
-93
-77
-60
-49
-49
-59
-68
-73
-62
-38
-15
-7
-13
-20
-26
-28
-22
-11
-5
-4
-15
-30
-43
-54
-55
-52
-47
-44
-42
-41
-41
-36
-26
-12
-3
13
31
46
59
75
91
106
120
136
151
164
177
185
189
189
192
198
201
198
196
196
190
178
162
149
134
117
104
91
78
60
42
21
0
-14
-20
-27
-38
-47
-57
-65
-69
-67
-67
-73
-79
-80
-83
-86
-89
-95
-107
-113
-107
-101
-103
-107
-111
-115
-116
-110
-102
-94
-80
-69
-61
-55
-46
-31
-14
-5
2
11
16
18
18
20
22
18
16
9
-2
-13
-20
-30
-46
-58
-61
-67
-74
-78
-75
-73
-77
-81
-75
-63
-56
-50
-51
-51
-46
-28
-5
9
20
25
32
38
45
56
69
76
82
88
92
93
90
87
88
93
100
102
94
83
79
82
86
84
78
72
70
69
73
71
63
50
40
35
32
30
27
17
-1
-18
-32
-39
-41
-46
-54
-67
-78
-85
-87
-90
-87
-81
-72
-66
-64
-61
-49
-30
-10
5
12
18
27
37
43
48
58
65
64
57
50
44
40
38
36
30
24
15
6
-6
-11
-11
-12
-14
-21
-25
-28
-34
-40
-46
-48
-50
-48
-50
-52
-57
-58
-56
-55
-56
-55
-50
-50
-52
-56
-62
-64
-59
-54
-50
-47
-43
-41
-41
-41
-32
-21
-10
-1
5
8
13
20
29
35
42
52
59
58
51
47
44
40
35
32
32
28
22
14
4
-3
-6
-6
-6
-2
6
12
11
12
18
30
41
51
63
69
74
78
85
89
93
100
105
103
97
89
87
88
87
81
71
62
58
55
51
39
29
23
17
10
3
-4
-13
-19
-26
-40
-56
-64
-67
-72
-80
-87
-91
-95
-101
-110
-118
-117
-115
-115
-120
-126
-129
-129
-131
-134
-135
-134
-133
-133
-127
-121
-114
-109
-107
-104
-94
-80
-67
-56
-49
-41
-29
-21
-17
-13
-5
0
5
13
21
27
33
38
41
44
50
59
67
70
77
85
91
97
104
115
129
141
147
150
153
157
162
167
170
171
172
168
166
167
171
172
169
162
154
148
144
140
134
125
118
110
101
85
68
54
43
32
18
0
-21
-40
-55
-70
-86
-102
-120
-135
-145
-155
-164
-168
-176
-188
-197
-195
-191
-193
-200
-202
-202
-201
-197
-192
-187
-179
-172
-169
-167
-165
-156
-143
-132
-126
-120
-118
-116
-107
-96
-86
-80
-76
-70
-68
-62
-48
-37
-31
-27
-19
-10
-5
3
14
26
39
53
64
74
86
98
113
125
137
144
145
149
156
166
176
180
182
181
179
180
187
197
205
210
213
216
215
213
215
221
225
226
221
213
205
194
184
175
164
153
136
114
90
66
50
34
17
-4
-27
-50
-70
-88
-105
-121
-130
-139
-154
-173
-187
-200
-208
-211
-216
-224
-234
-238
-238
-239
-238
-232
-227
-228
-229
-230
-228
-222
-213
-205
-202
-203
-201
-196
-189
-176
-160
-147
-138
-130
-121
-110
-99
-82
-63
-47
-38
-26
-13
-7
2
20
40
57
69
79
86
93
104
119
132
138
141
147
152
160
171
184
194
201
207
210
213
218
227
235
240
244
245
240
239
239
240
241
239
232
220
205
193
178
164
150
135
117
93
75
61
44
28
11
-8
-29
-50
-63
-78
-94
-108
-118
-129
-143
-153
-161
-168
-173
-177
-183
-192
-198
-203
-206
-207
-205
-203
-207
-214
-220
-222
-219
-214
-210
-204
-200
-198
-193
-186
-173
-160
-145
-134
-127
-119
-105
-95
-85
-71
-54
-40
-29
-19
-11
-3
8
19
28
34
38
43
50
54
61
73
84
91
99
111
123
136
147
157
168
179
189
196
200
205
214
219
223
227
227
221
215
218
218
210
199
190
183
172
159
150
139
125
113
101
85
69
55
42
29
16
3
-9
-26
-36
-47
-60
-74
-85
-91
-98
-107
-114
-127
-140
-148
-148
-151
-156
-159
-162
-171
-181
-186
-182
-179
-176
-174
-176
-183
-186
-178
-167
-157
-150
-143
-140
-141
-135
-123
-110
-99
-91
-84
-81
-78
-73
-65
-56
-47
-40
-36
-34
-33
-25
-15
-2
9
20
27
30
39
51
65
78
90
100
105
113
124
136
146
156
160
160
159
161
167
171
176
177
172
168
164
164
163
161
159
150
140
130
123
118
113
105
98
87
78
64
52
45
39
35
28
16
2
-11
-20
-24
-29
-38
-48
-59
-70
-81
-86
-91
-94
-100
-107
-114
-118
-125
-127
-125
-124
-126
-128
-130
-133
-131
-126
-122
-119
-120
-118
-115
-111
-106
-100
-96
-93
-91
-87
-84
-78
-69
-62
-58
-56
-52
-50
-46
-41
-30
-21
-13
-8
-4
3
11
20
29
39
44
50
54
59
65
75
83
91
97
101
103
106
111
114
119
121
119
119
119
118
116
113
112
112
108
104
99
94
90
87
83
77
67
60
55
48
39
33
29
20
11
2
-5
-14
-22
-29
-36
-44
-47
-52
-57
-65
-73
-76
-80
-82
-83
-84
-86
-86
-85
-86
-87
-86
-86
-83
-81
-79
-74
-71
-70
-69
-63
-59
-59
-58
-54
-50
-47
-44
-41
-38
-37
-38
-39
-36
-32
-27
-23
-23
-21
-20
-17
-14
-12
-8
-3
0
2
3
7
13
18
20
24
25
27
29
33
40
45
48
48
49
52
56
61
61
63
64
68
67
66
66
70
75
78
79
75
72
73
75
72
67
66
63
55
49
45
39
35
35
32
24
17
11
4
-4
-10
-12
-11
-14
-19
-26
-33
-38
-39
-38
-39
-41
-40
-40
-42
-45
-45
-44
-46
-47
-46
-42
-42
-42
-40
-36
-35
-35
-33
-31
-30
-26
-24
-24
-21
-19
-16
-14
-13
-14
-17
-19
-21
-22
-22
-20
-18
-20
-23
-23
-21
-18
-18
-19
-18
-16
-20
-22
-21
-20
-16
-12
-9
-9
-9
-6
-4
2
8
12
15
19
24
26
29
33
37
42
45
45
46
45
45
47
49
48
46
46
42
38
36
36
33
28
23
18
16
14
10
4
-1
-7
-10
-13
-16
-19
-22
-24
-29
-30
-33
-33
-34
-34
-36
-38
-36
-33
-32
-29
-25
-24
-22
-18
-14
-8
-3
1
3
5
9
15
18
18
19
24
26
24
26
25
22
23
25
24
23
21
19
16
13
9
5
2
-1
-6
-9
-8
-8
-11
-15
-17
-19
-17
-15
-13
-13
-15
-16
-19
-17
-11
-6
-1
1
1
4
5
6
9
15
17
17
15
13
14
16
18
20
20
18
14
12
9
6
5
3
1
0
-3
-7
-11
-14
-17
-19
-22
-23
-26
-28
-30
-31
-30
-29
-31
-31
-30
-27
-25
-23
-21
-18
-14
-9
-5
-2
1
7
14
18
22
27
34
38
38
37
42
44
46
48
50
49
45
41
38
34
33
29
24
16
10
6
2
-4
-10
-13
-18
-22
-25
-27
-30
-31
-33
-38
-40
-42
-43
-43
-44
-43
-40
-38
-39
-37
-34
-32
-28
-26
-24
-23
-22
-21
-16
-10
-6
-4
-4
-1
4
4
5
10
13
12
11
12
11
9
9
11
11
9
7
5
4
1
0
-2
-4
-6
-6
-4
-4
-5
-2
1
2
5
8
10
15
20
25
28
31
36
41
48
53
58
61
63
64
66
67
67
68
67
64
61
58
55
48
44
41
38
31
21
11
8
6
1
-8
-16
-21
-28
-34
-39
-42
-47
-49
-53
-59
-63
-62
-63
-66
-70
-69
-70
-70
-71
-69
-67
-66
-62
-58
-55
-55
-54
-50
-47
-43
-36
-32
-29
-27
-23
-19
-15
-10
-8
-4
-2
2
3
0
0
0
-1
3
6
6
4
4
5
5
6
10
11
10
8
8
13
16
19
25
31
35
38
42
45
49
51
58
62
65
64
66
66
68
70
72
72
70
69
64
59
57
54
50
48
45
41
37
32
27
24
21
15
10
4
-1
-7
-13
-18
-19
-23
-29
-38
-42
-45
-48
-51
-54
-57
-64
-70
-72
-72
-67
-65
-65
-66
-67
-65
-61
-57
-54
-52
-48
-44
-43
-41
-37
-34
-28
-25
-24
-21
-18
-14
-11
-10
-11
-8
-8
-7
-7
-5
-1
3
3
2
1
2
4
7
11
15
17
18
24
26
31
34
39
41
42
44
45
46
46
48
51
54
53
51
49
48
49
51
51
48
47
46
45
42
41
39
39
36
33
29
26
23
22
20
19
17
12
6
1
-3
-7
-10
-15
-18
-23
-29
-33
-35
-39
-42
-45
-46
-49
-52
-54
-54
-56
-57
-55
-55
-55
-58
-56
-53
-52
-48
-45
-43
-42
-41
-38
-34
-30
-29
-24
-21
-20
-19
-17
-14
-10
-7
-7
-6
-5
-4
-2
3
8
10
11
12
11
13
18
22
28
29
31
32
32
33
35
37
40
39
36
34
32
34
36
35
36
37
35
33
33
33
32
30
29
30
28
28
28
30
28
26
27
28
25
22
22
21
18
14
13
14
14
9
3
-1
0
-2
-6
-8
-14
-19
-25
-28
-31
-31
-36
-37
-39
-43
-47
-48
-46
-48
-50
-51
-50
-48
-48
-47
-47
-45
-42
-37
-37
-40
-41
-39
-33
-28
-23
-22
-22
-19
-15
-11
-9
-4
0
2
6
9
11
14
18
23
29
30
33
34
33
33
32
33
32
31
32
33
32
31
29
26
24
21
21
20
20
17
14
13
13
13
12
13
13
14
13
11
9
9
10
11
10
9
12
12
14
14
15
16
16
14
13
13
8
4
1
1
-1
-3
-7
-7
-10
-15
-17
-21
-21
-24
-27
-33
-34
-35
-38
-40
-38
-38
-38
-40
-40
-37
-35
-35
-35
-33
-32
-31
-29
-26
-22
-20
-17
-16
-16
-11
-5
-1
4
6
8
9
12
15
18
20
23
25
26
28
27
28
29
29
27
26
27
27
25
21
19
20
18
15
12
10
8
5
5
7
8
4
2
0
-1
-1
1
2
-1
0
1
0
2
2
4
6
9
12
15
15
12
12
14
17
17
15
13
14
14
14
14
13
9
7
5
1
-5
-9
-11
-13
-16
-19
-21
-25
-28
-30
-29
-27
-28
-28
-29
-31
-33
-31
-28
-28
-27
-25
-21
-20
-21
-17
-13
-9
-5
-1
1
4
7
10
13
13
16
17
20
22
25
28
29
30
28
25
24
25
25
26
24
20
16
12
6
1
-2
-2
-4
-8
-13
-20
-23
-25
-27
-26
-26
-29
-35
-38
-37
-32
-27
-22
-20
-21
-19
-15
-9
-1
7
11
13
14
17
21
25
28
32
34
34
33
30
30
29
28
30
28
25
20
15
12
9
8
7
2
-4
-9
-14
-20
-21
-23
-26
-26
-26
-29
-28
-28
-24
-22
-16
-13
-14
-14
-9
-4
0
4
4
5
10
12
17
22
24
24
25
28
33
34
36
36
37
40
40
35
30
25
26
26
21
17
10
1
-6
-10
-12
-17
-25
-33
-39
-42
-43
-43
-43
-43
-46
-49
-51
-48
-45
-43
-41
-40
-40
-40
-40
-37
-36
-32
-28
-23
-20
-23
-27
-26
-22
-12
-3
0
1
-3
-1
5
11
18
23
24
20
18
19
19
18
14
9
8
10
11
12
14
12
12
16
21
22
20
14
9
9
14
20
25
29
32
30
26
26
32
40
47
52
54
53
51
51
57
67
74
78
76
70
64
59
60
64
63
54
43
32
17
7
4
1
-1
-9
-20
-28
-33
-41
-46
-49
-50
-54
-63
-69
-75
-84
-87
-86
-85
-84
-82
-85
-98
-102
-90
-74
-68
-75
-81
-89
-87
-68
-50
-42
-36
-41
-42
-31
-23
-16
-11
-7
-5
-3
4
7
3
6
11
21
38
44
35
26
22
29
41
41
50
57
42
24
19
35
50
43
28
32
48
49
48
55
41
34
47
70
82
54
37
53
50
40
45
68
77
53
45
45
55
43
24
42
51
43
23
5
2
12
34
45
21
-4
0
16
16
0
-27
-45
-47
-50
-51
-48
-55
-76
-94
-103
-105
-101
-95
-88
-105
-138
-134
-106
-100
-109
-128
-129
-105
-90
-88
-87
-84
-76
-58
-40
-19
4
2
-26
-29
-11
22
58
54
24
22
38
50
70
98
89
57
52
65
94
123
116
106
102
85
101
173
214
233
246
149
11
-40
94
311
290
19
-182
-177
-67
2
12
-51
-133
-134
-114
-12
-5
-104
-197
-167
-4
76
85
101
109
46
7
32
141
185
184
125
74
168
165
117
4
-200
-167
-67
-6
2
-105
-115
-202
-317
-268
-84
27
-47
-235
-261
-241
-117
82
146
59
-158
-103
71
26
-7
87
74
-88
-170
-76
19
22
-88
-263
-360
-258
-151
-59
-51
-194
-291
-280
-128
-20
119
238
68
-76
-75
61
325
320
274
249
69
85
225
314
388
238
-46
-163
115
301
112
169
150
-177
-316
-223
3
196
107
-123
-188
-125
-194
-177
157
224
-47
-239
-177
181
191
-4
145
161
-52
-20
86
140
363
237
-117
-75
128
138
299
287
-52
-66
25
-66
-27
321
153
-119
-103
-187
-93
73
-12
-103
-103
-164
-150
-130
52
-105
-262
-228
-100
45
-67
-54
-23
-198
-227
-73
-7
30
-53
104
19
-187
-103
-43
180
30
-184
-13
70
-31
-100
61
143
-180
-231
40
101
224
92
-176
-60
122
-1
19
210
165
56
45
-23
-57
175
188
-68
56
159
-57
-114
-84
155
101
-235
-126
33
40
78
131
-81
-354
-66
149
45
116
110
177
89
-139
-1
66
199
248
185
159
-37
-73
93
60
-4
7
56
28
-141
-88
-111
17
140
-134
-335
-249
28
149
-130
-171
-105
-195
-135
-226
-195
239
199
-253
-298
-72
-33
-179
33
299
163
-298
-396
77
217
6
-128
-200
-56
-75
-96
108
130
-2
-300
-271
244
389
4
-220
-151
17
118
202
136
57
143
-73
-214
122
431
290
-108
-201
4
103
154
138
42
-31
-134
-74
185
197
94
107
-42
-246
-134
200
285
178
30
-68
18
2
36
284
154
-60
-60
-5
158
238
143
36
-50
-33
74
107
116
138
166
-113
-220
87
294
204
-115
-191
4
9
-117
-79
-8
-33
-91
24
10
-270
-283
-109
30
36
-102
-82
-79
-304
-279
3
99
-97
-265
-183
-179
-157
146
230
-100
-452
-379
46
199
150
92
-96
-323
-325
-31
214
147
76
34
-166
-327
8
475
278
-168
-158
108
73
-88
115
278
111
-94
-136
12
82
115
226
106
-169
-197
-37
170
145
-27
-46
43
45
-83
-70
126
162
69
-6
-50
15
33
75
160
201
103
-82
-137
26
178
220
137
-2
-4
-33
-144
-34
352
444
9
-425
-305
188
313
39
-103
-65
-79
-276
-191
235
330
-54
-420
-399
-119
105
191
82
-155
-316
-358
-221
47
249
128
-229
-400
-217
44
173
136
-15
-194
-250
-39
271
320
46
-189
-173
31
178
170
187
176
-28
-204
-65
227
299
106
-65
-81
-11
-54
-34
182
204
-75
-212
-4
202
80
-156
-55
175
155
-60
-63
130
114
-46
-23
109
98
-11
-77
-10
92
94
1
-50
-28
38
75
-11
-65
3
-3
-131
-147
44
178
80
-119
-178
-93
-15
11
69
90
-38
-150
-114
10
77
48
5
-85
-185
-124
82
208
59
-192
-227
-120
-1
69
48
-14
-95
-159
-139
3
164
162
-28
-176
-146
-13
86
116
90
33
-66
-140
-82
56
164
112
-13
-37
11
22
-22
5
76
68
-4
-16
59
77
-20
-77
-24
2
-35
-20
36
65
48
-24
-114
-115
-34
27
14
47
135
73
-76
-139
-74
26
73
75
29
-31
-14
6
-24
11
95
78
-41
-97
-23
50
55
14
-23
-26
-8
42
68
6
-65
-47
26
54
42
86
70
-56
-131
-29
118
81
-73
-79
67
107
-17
-103
-48
34
64
43
41
64
27
-91
-156
-42
121
158
61
-28
-28
-37
-78
-24
100
126
9
-67
0
77
71
5
-55
-55
-21
15
65
103
62
-38
-107
-92
-32
0
15
51
48
-54
-136
-85
23
37
-24
-26
-8
-44
-76
-65
-12
20
-11
-21
-4
-34
-90
-87
-20
21
8
-3
-2
6
-45
-119
-95
-9
43
9
-58
-51
17
24
-38
-62
-9
35
26
31
87
114
26
-79
-52
60
122
97
66
85
83
12
-48
-28
26
33
11
1
10
23
0
-56
-81
-46
-3
3
-16
-11
19
32
4
-34
-41
-23
22
65
69
57
46
29
22
23
32
47
48
30
5
10
44
58
21
-14
-19
-8
-14
-24
-17
-2
-17
-43
-35
-15
4
3
-17
-37
-34
-20
-12
-6
2
-11
-33
-20
-3
-9
-30
-42
-37
-22
-32
-26
5
6
-18
-51
-44
-2
6
-15
-27
-28
-16
0
14
21
18
7
-20
-25
4
27
24
8
10
14
-5
-19
-4
14
4
-5
19
35
11
-9
-13
-16
-25
-10
11
22
20
16
34
51
47
28
5
6
33
58
63
56
47
36
13
-5
17
50
37
-5
-20
13
39
13
-19
-11
0
0
17
45
44
6
-27
-30
-13
4
28
34
8
-17
-29
-20
-7
-5
-15
-21
-27
-41
-47
-40
-35
-49
-81
-98
-78
-48
-18
-24
-55
-66
-51
-46
-56
-47
-9
8
-15
-24
-4
12
2
-20
-18
-4
-7
-21
-21
-9
-5
-5
-3
-6
-7
-20
-29
-14
9
22
26
32
35
36
39
29
23
27
28
31
39
44
42
23
15
28
45
53
50
38
29
18
6
10
24
39
33
18
24
38
28
8
8
23
29
40
62
64
47
25
27
28
22
32
49
46
24
16
21
11
-1
-5
-6
-4
-9
-12
-15
-26
-33
-49
-74
-78
-57
-39
-52
-87
-97
-80
-66
-68
-64
-48
-42
-59
-69
-61
-47
-37
-35
-39
-36
-21
-11
-7
-17
-26
-28
-24
-17
-10
3
4
-6
-14
-19
-18
-12
-10
-2
3
5
6
8
9
11
24
35
32
18
12
22
36
38
41
46
43
36
41
52
52
45
42
42
45
43
41
45
49
40
21
16
27
44
55
51
38
21
7
7
22
42
47
34
17
5
5
9
15
19
20
17
7
2
6
12
4
-12
-24
-25
-26
-26
-28
-29
-37
-56
-73
-75
-65
-56
-50
-53
-63
-69
-65
-62
-56
-49
-49
-58
-68
-65
-49
-35
-28
-24
-21
-16
-16
-15
-16
-16
-14
-12
-5
3
9
10
9
3
-7
-6
12
28
37
36
28
22
14
10
18
36
49
51
50
45
39
44
48
50
52
59
56
44
36
33
36
36
35
39
46
38
27
23
23
24
21
17
15
18
20
21
20
15
10
7
3
4
3
4
6
1
-5
-11
-11
-9
-10
-17
-32
-50
-60
-58
-48
-43
-47
-60
-70
-72
-73
-73
-70
-67
-62
-57
-53
-46
-43
-41
-39
-33
-29
-25
-17
-11
-3
-2
-5
-4
2
12
15
12
13
13
11
6
4
14
25
23
12
9
14
16
10
7
14
20
19
20
22
22
24
26
27
30
36
40
41
38
38
41
39
36
36
37
37
37
34
28
28
30
34
38
33
28
22
18
12
7
10
10
7
5
8
10
4
-2
-5
-8
-9
-15
-12
-5
-5
-15
-21
-20
-20
-26
-35
-40
-41
-42
-39
-36
-36
-35
-40
-44
-45
-44
-43
-42
-41
-37
-31
-24
-26
-27
-28
-25
-21
-18
-13
-10
-9
-8
-6
-1
0
1
2
2
0
-2
1
7
10
10
9
12
13
12
15
16
17
21
23
22
18
18
23
25
20
13
13
15
16
13
11
13
16
20
17
15
15
14
10
3
5
16
20
19
20
23
24
16
5
3
5
5
8
13
18
18
16
11
5
-1
-3
-7
-8
-7
-6
-3
-5
-11
-15
-21
-26
-27
-23
-25
-28
-27
-24
-21
-17
-16
-16
-16
-12
-10
-8
-6
-5
-5
-4
-5
-6
-4
-3
-1
-1
1
3
5
6
6
4
0
0
0
2
5
6
10
11
9
8
8
5
5
9
14
11
7
11
13
12
10
11
11
4
-1
-1
1
-1
-2
-2
0
0
-3
-3
-4
2
5
2
-3
-5
1
4
4
5
9
8
3
1
4
7
4
0
0
-4
-4
3
3
-3
-12
-8
-5
-9
-11
-11
-10
-12
-15
-14
-11
-10
-12
-15
-15
-13
-13
-12
-11
-10
-8
-5
-6
-5
-1
-1
-1
2
5
6
1
-5
-2
2
3
4
7
8
6
10
15
17
14
9
6
7
7
8
10
8
2
0
2
6
5
5
6
4
-1
-3
-3
-4
-6
-6
-6
-6
-5
-1
1
-6
-11
-11
-7
-3
-3
-2
-2
-3
-2
-3
-4
-1
1
-3
-2
1
5
8
5
5
5
7
3
0
1
4
6
5
3
5
9
8
3
1
3
5
6
5
1
-2
-2
-2
-2
0
2
4
3
-1
-3
-1
2
3
3
4
4
5
6
6
5
6
6
6
8
7
7
9
7
3
0
2
7
9
7
8
9
6
4
4
3
3
0
2
2
1
-1
-2
-3
-5
-6
-10
-12
-13
-13
-14
-13
-15
-15
-13
-12
-17
-21
-23
-26
-23
-18
-15
-16
-16
-17
-19
-15
-11
-10
-13
-14
-14
-10
-8
-9
-5
-4
-4
-3
-2
2
5
6
5
4
-1
0
3
5
3
1
3
4
8
10
16
17
12
7
5
7
8
10
10
7
8
13
16
18
14
11
12
13
12
10
11
12
10
10
10
10
10
12
12
9
7
8
6
5
3
5
9
7
2
1
3
6
5
1
-1
-4
-7
-7
-8
-6
-6
-6
-5
-5
-6
-6
-9
-11
-11
-10
-7
-6
-9
-10
-9
-10
-9
-6
-5
-8
-11
-11
-13
-11
-7
-5
-4
-6
-5
-3
-3
-4
-5
-7
-9
-5
-2
-1
-3
-6
-5
0
1
2
4
7
7
5
4
6
7
6
7
7
5
3
3
7
7
5
8
11
9
7
9
10
10
9
8
7
8
9
10
7
3
4
7
4
1
2
4
6
1
-3
-3
-3
-1
-3
-5
-9
-8
-6
-5
-6
-7
-6
-8
-9
-11
-10
-7
-5
-6
-7
-6
-4
-3
-4
-6
-6
-5
-4
-7
-7
-7
-8
-7
-7
-5
-4
-3
-5
-5
-3
1
1
1
0
1
2
2
5
6
4
2
3
4
1
-1
-3
-2
-1
-1
-1
1
-1
0
1
2
3
3
4
3
1
1
6
9
8
2
1
4
3
2
0
2
4
3
5
7
6
5
4
5
4
3
5
4
2
4
6
7
6
3
1
1
0
3
2
0
1
3
6
6
5
4
3
2
1
1
1
2
4
4
2
2
3
5
6
6
6
4
0
0
-2
-3
-5
-3
-3
-1
-3
-5
-5
-7
-11
-11
-8
-7
-9
-11
-10
-10
-9
-11
-12
-9
-6
-7
-9
-7
-10
-9
-8
-8
-6
-5
-1
-2
-4
-3
-3
-2
-2
-1
-1
2
2
2
0
-2
-2
1
3
2
4
4
6
4
1
2
4
7
9
8
5
6
9
5
1
4
8
9
7
6
7
8
9
8
5
3
3
4
6
5
1
2
3
0
-1
0
2
1
-4
-6
-6
-4
-2
0
-2
-6
-7
-3
-4
-7
-6
-5
-4
-4
-1
-3
-2
-4
-6
-6
-4
-3
-1
-2
-5
-6
-4
-2
-4
-3
0
1
1
-1
-2
-1
0
-1
0
1
0
-1
0
-2
-3
1
5
4
4
5
4
5
4
3
2
5
8
8
7
5
4
3
2
3
5
6
5
2
3
4
5
7
7
5
3
3
3
4
4
2
3
5
4
2
3
2
0
-1
-1
0
0
0
1
-4
-6
-5
-3
-3
-3
-4
-4
-4
-5
-6
-7
-6
-5
-5
-5
-4
-4
-3
-3
-5
-4
-2
-1
-3
-3
-7
-7
-5
-4
-4
-4
-3
-1
2
-2
-6
-5
-4
-5
-5
-2
-1
-3
-4
-6
-5
0
3
3
0
-1
-2
-3
-1
0
5
5
4
4
2
1
3
4
4
0
-1
3
5
3
3
1
0
1
4
6
7
6
4
2
