-1
0
0
2
3
3
4
4
3
2
1
1
0
0
1
-1
-3
-4
-5
-6
-6
-5
-5
-7
-7
-7
-7
-6
-6
-5
-4
-4
-5
-6
-6
-5
-5
-4
-3
-3
-2
-1
1
0
-1
-1
0
1
2
1
1
0
-1
0
1
2
3
2
2
1
1
3
3
3
3
3
3
5
5
6
5
6
8
6
6
6
7
7
8
7
6
5
4
4
5
6
6
7
6
6
5
5
5
5
4
3
1
1
0
-1
-2
-3
-4
-7
-8
-6
-6
-6
-6
-7
-8
-7
-8
-7
-5
-5
-5
-6
-5
-3
-1
-1
-2
-1
-1
-2
-2
-3
-1
-1
-2
-3
-2
-1
-2
-3
-3
-4
-4
-3
-2
1
1
1
1
3
4
4
4
2
3
3
4
5
6
4
4
4
1
2
5
4
4
3
2
2
3
3
4
4
3
1
0
-2
-2
-2
-2
-3
-3
-3
-3
-4
-4
-4
-3
-5
-6
-7
-7
-7
-7
-7
-7
-7
-5
-4
-3
-3
-3
-2
-2
-1
1
1
-1
-2
-2
-2
0
0
0
0
-1
-2
-1
-1
-2
-1
1
1
1
2
1
1
2
2
1
2
2
3
3
3
2
2
5
7
8
9
10
10
9
7
6
5
6
5
6
5
3
3
5
5
4
4
2
1
0
0
0
2
1
2
1
0
-1
-1
-1
0
-1
-1
-1
0
1
0
0
1
-1
0
0
-1
-2
-4
-5
-6
-6
-6
-5
-5
-5
-5
-5
-6
-7
-7
-7
-5
-5
-4
-4
-3
-3
-3
-3
-3
-1
1
1
2
2
1
2
2
3
3
2
2
3
4
5
5
6
5
3
2
4
4
4
1
1
1
0
-1
0
0
-2
-2
-1
-2
-1
0
1
1
1
0
0
-2
-1
-1
-2
-2
-1
-1
0
0
0
0
-2
-3
-1
-1
0
-2
-2
-3
-4
-4
-4
-5
-6
-5
-4
-4
-3
-4
-3
-3
-3
-2
-1
0
0
-1
-1
-1
-2
-5
-6
-4
-5
-5
-3
-1
0
0
1
0
1
0
1
3
3
6
6
8
7
5
4
4
5
6
7
8
6
6
5
6
7
8
7
7
6
5
4
6
7
6
5
4
3
3
4
4
5
4
4
4
4
4
2
2
1
1
-1
0
0
-1
-1
-1
-2
-3
-6
-6
-7
-8
-7
-7
-7
-7
-7
-7
-6
-7
-7
-7
-7
-7
-7
-6
-5
-6
-5
-4
-2
-2
-2
-2
0
-1
-2
-3
-3
-3
-2
-2
0
1
0
1
0
1
1
3
3
4
5
5
6
6
6
7
6
7
7
6
5
4
5
4
3
3
3
3
3
1
2
3
2
3
2
1
2
2
2
3
0
0
0
-1
0
0
-1
-2
-3
-4
-4
-5
-7
-10
-11
-11
-12
-13
-15
-17
-18
-18
-16
-14
-11
-9
-10
-9
-10
-7
-3
-1
0
3
3
4
6
6
5
6
7
6
6
8
9
10
10
9
9
8
5
5
5
5
5
4
3
4
5
6
7
8
7
9
9
9
14
13
13
14
14
13
11
11
10
11
11
10
8
7
6
5
4
4
2
0
-1
-3
-6
-8
-9
-9
-11
-14
-16
-16
-17
-17
-18
-19
-18
-19
-18
-17
-14
-15
-12
-12
-11
-10
-8
-7
-7
-6
-5
-2
0
0
0
-1
-1
-3
-1
0
1
1
1
2
2
2
0
0
0
0
0
2
1
1
2
5
6
8
9
10
10
10
11
12
13
16
16
17
19
20
18
17
19
18
17
17
14
12
10
8
6
4
1
-2
-4
-7
-9
-8
-9
-9
-10
-10
-11
-11
-12
-12
-10
-10
-12
-12
-11
-10
-10
-10
-10
-10
-8
-7
-7
-6
-7
-9
-10
-10
-9
-9
-8
-10
-11
-12
-14
-14
-14
-14
-13
-12
-9
-8
-5
-3
-3
-2
-1
2
3
3
5
6
8
9
11
14
14
15
16
15
17
18
17
17
19
19
15
14
14
15
12
11
13
13
11
9
9
8
5
5
7
8
7
5
8
9
8
6
6
5
4
3
0
-2
-2
-4
-7
-9
-9
-8
-11
-12
-13
-13
-13
-12
-14
-15
-17
-15
-13
-15
-16
-15
-15
-14
-14
-14
-14
-12
-11
-12
-13
-11
-9
-9
-10
-7
-5
-4
-3
-1
2
2
1
2
4
3
3
6
2
4
8
7
6
6
10
12
12
13
11
12
13
13
14
12
12
12
13
13
11
11
12
10
8
8
5
5
3
2
2
0
-2
-5
-3
-2
-3
-4
-5
-4
-3
-6
-7
-4
-3
-5
-5
-7
-7
-8
-6
-5
-8
-9
-10
-13
-16
-15
-13
-12
-14
-12
-12
-11
-9
-9
-10
-9
-6
-3
-4
-4
-2
3
4
3
5
5
4
4
5
6
7
8
7
7
9
12
13
13
15
15
15
10
9
10
9
9
9
6
8
10
11
9
7
10
8
4
5
6
8
8
5
4
3
0
2
1
-2
-1
0
-1
-3
-3
0
-1
-4
-3
-3
-3
-5
-6
-5
-6
-8
-7
-6
-10
-12
-9
-9
-10
-11
-10
-9
-11
-13
-11
-8
-9
-12
-14
-13
-13
-15
-17
-15
-10
-11
-11
-9
-6
-1
-3
-2
0
-2
-1
0
1
3
2
0
2
2
3
3
0
1
0
2
4
2
5
6
5
7
10
12
10
14
16
17
16
19
18
19
19
15
18
15
14
13
10
8
12
15
10
10
8
7
5
5
3
3
4
2
1
-3
-4
-5
-8
-8
-6
-12
-11
-14
-14
-13
-16
-14
-16
-17
-15
-15
-17
-15
-19
-16
-13
-12
-9
-7
-7
-6
-6
-2
0
1
2
1
-1
1
0
-4
-2
-1
1
-1
0
-2
5
3
0
5
4
8
10
12
9
10
10
12
15
14
13
10
13
6
11
10
11
11
9
9
8
8
8
11
12
12
10
14
12
9
3
4
1
-1
-1
2
-3
-5
-11
-11
-6
-12
-9
-13
-17
-16
-18
-14
-15
-13
-12
-12
-12
-14
-13
-12
-9
-10
-11
-10
-12
-9
-10
-11
-13
-13
-14
-15
-10
-14
-12
-16
-17
-8
-9
-9
-7
-6
-5
-3
-4
-1
2
7
10
6
9
12
9
7
16
14
17
19
16
16
15
14
10
18
17
18
17
18
12
11
17
15
16
13
12
9
10
4
6
4
1
0
-3
0
-4
-5
-10
-9
-10
-6
-7
-5
-2
-9
-9
-9
-3
-1
2
0
-9
-10
-16
-8
-5
-6
-12
-13
-10
-7
-8
-15
-14
-20
-10
-16
-8
-6
-14
-7
-14
-10
-2
-2
-10
-3
-4
-8
-3
-7
-5
-5
-1
3
2
1
6
6
11
26
22
21
21
20
17
16
25
32
34
27
30
34
30
25
24
25
23
17
14
14
12
7
1
11
15
11
8
1
-2
5
1
-6
-5
-10
-7
-5
-1
-9
-1
-4
-5
-2
-16
-20
-27
-24
-30
-19
-9
-9
-17
-17
-21
-27
-15
-32
-23
-21
-19
-18
-11
-6
-6
-22
-28
-22
-21
-14
-31
-21
-12
-11
-24
-25
-16
-17
-12
-17
-9
-1
-3
-5
1
5
9
13
10
19
26
29
36
37
34
21
26
31
32
31
32
36
37
36
29
25
8
-4
-2
6
10
12
10
11
10
-3
-1
-1
-10
-18
-21
-19
-9
-3
1
-11
-19
-16
-21
-22
-12
-9
-28
-35
-35
-23
-14
-15
-7
-16
-23
-19
-8
2
5
-1
-9
-14
-2
11
9
9
8
1
-10
-10
-3
9
12
-7
-25
-15
-2
7
13
11
8
5
16
27
48
87
84
48
22
20
15
14
13
9
-13
-24
-22
-15
-4
-1
-6
-27
-42
-27
-16
-17
-11
6
12
14
23
39
40
35
33
38
61
38
18
-7
-23
-20
-8
-1
8
5
-8
-19
-20
2
-6
-18
-23
-19
-17
-16
-15
7
5
-22
-22
-22
-19
-32
-18
-5
4
8
-4
-23
-23
-12
-14
-21
-26
-23
-36
-23
-7
6
12
-4
-18
-14
-10
3
24
24
7
3
12
16
9
16
37
24
21
24
27
22
-10
-18
-14
-3
19
20
19
33
36
22
3
11
31
-6
-31
-13
-3
7
3
16
9
-14
-26
-30
-28
-12
12
11
-8
-17
-9
-16
4
17
-9
-22
-30
-29
-28
-14
1
-15
-43
-61
-47
-18
-1
-14
-9
-2
-31
-43
-22
14
19
-9
6
37
25
-2
-16
-12
-10
-25
-20
-10
7
4
-18
-13
14
24
23
30
33
30
27
44
39
47
55
49
29
21
24
15
6
25
34
7
-4
9
10
2
-6
3
33
17
-27
-43
-15
9
-14
-3
8
-3
9
5
2
5
15
13
-11
0
40
43
21
15
28
14
-6
-12
-6
-8
-9
-6
43
125
129
39
-46
-73
-86
-134
-87
6
21
-5
-45
-44
-53
-56
-61
-98
-124
-128
-96
-39
32
58
43
29
16
16
29
91
105
98
86
63
30
25
35
-3
-54
-60
-41
-26
-9
7
2
-27
-35
-77
-101
-68
-19
-4
5
14
26
39
36
44
38
34
26
12
13
-6
17
15
8
9
2
-16
-10
20
14
-10
-4
2
-36
-59
-45
-7
16
28
21
52
19
-19
-34
-12
17
-8
18
36
37
-6
-16
11
6
-16
-53
-7
8
17
-30
-32
-21
-21
-31
-39
-30
-35
-38
-53
-28
2
37
6
-19
-26
-26
-49
-22
18
10
-12
-2
55
70
37
7
-27
-24
0
36
76
93
69
14
-5
12
40
41
34
-3
-30
4
53
75
13
-53
-68
-33
21
80
106
86
11
-72
-71
-51
-1
21
31
35
9
10
72
73
6
-62
-52
-27
-17
27
52
49
35
5
-56
-42
-11
-22
-41
13
34
7
-5
-38
-69
-95
-94
-49
6
0
-55
-39
-10
-34
-44
-6
14
-4
-13
-51
-78
-27
22
5
0
5
-31
-13
48
70
59
61
28
-70
-97
-51
15
73
75
50
23
28
43
35
35
-1
-28
-72
-40
32
94
79
58
61
-7
-36
-4
34
-1
-7
-20
-34
21
68
27
9
-9
-44
-104
-13
74
31
14
32
40
-11
-11
-48
-36
-46
-86
-71
36
118
58
52
27
-42
-105
-116
-57
19
72
-1
-88
-78
-25
-68
-76
-45
-54
-44
-43
-15
23
47
7
-53
-65
-80
-50
36
58
-1
6
36
40
43
62
82
32
-23
-27
25
66
75
-6
-93
-124
-40
129
166
97
27
20
-46
-83
-45
30
145
158
-17
-177
-84
37
78
149
197
75
-115
-153
-62
72
124
101
54
-15
-131
-100
56
170
181
14
-190
-233
-48
129
173
128
-3
-109
-104
-79
-129
-62
75
14
-98
-61
63
113
139
1
-235
-247
-63
30
-10
172
294
79
-180
-119
36
47
-71
-225
-273
-149
37
77
88
76
-93
-275
-230
24
233
196
12
-110
-18
126
168
107
96
102
32
-46
-59
39
92
87
18
-84
-81
37
69
-46
-72
-8
-3
-58
-61
-51
-31
51
59
34
111
187
127
67
126
106
-53
-148
-76
62
134
38
-126
-122
-37
28
-16
-102
-154
-147
-104
-64
28
105
50
-132
-241
-176
11
137
75
-66
-104
-46
-4
-31
-53
-51
-48
-106
-147
-73
37
41
-40
-61
-23
14
18
-5
-7
76
137
97
37
36
43
1
-49
-49
6
51
54
31
57
131
138
44
-19
1
33
8
-36
7
119
165
101
47
91
169
172
90
24
50
99
68
1
-9
35
55
2
-66
-45
37
38
-58
-118
-96
-78
-111
-150
-142
-91
-23
10
27
74
96
23
-90
-119
-68
-27
-29
-21
26
57
36
-11
-31
-31
-55
-96
-113
-68
-9
-5
-51
-71
-37
-3
-7
-53
-75
-25
52
68
33
35
63
62
16
-17
21
94
107
23
-33
32
113
101
42
37
56
39
-19
-51
-51
-61
-96
-127
-75
31
103
80
26
9
9
-26
-77
-80
-67
-66
-79
-57
27
149
217
157
46
-8
2
4
-46
-102
-110
-60
-30
-38
3
95
143
81
-10
-61
-61
-72
-116
-156
-162
-137
-92
-20
84
183
223
160
21
-61
-61
-50
-106
-177
-191
-159
-111
-38
69
140
102
-50
-202
-241
-196
-169
-194
-210
-162
-85
-4
96
220
277
209
63
-18
33
122
120
25
-38
3
109
211
287
336
338
268
170
142
221
298
286
210
152
202
337
460
454
330
162
-8
-165
-227
-160
-81
-79
-126
-117
-53
25
71
49
-62
-223
-348
-381
-330
-255
-222
-238
-273
-296
-272
-234
-240
-288
-329
-363
-416
-457
-441
-404
-372
-367
-403
-456
-446
-382
-351
-382
-417
-399
-336
-228
-95
27
118
163
152
128
171
270
320
310
369
613
985
1317
1474
1465
1409
1342
1212
1020
861
759
606
403
292
358
465
440
278
55
-138
-285
-392
-470
-516
-521
-501
-428
-259
1
253
375
346
244
173
99
-69
-314
-479
-517
-556
-638
-688
-680
-724
-882
-1098
-1285
-1373
-1369
-1352
-1351
-1272
-1049
-796
-620
-503
-406
-364
-427
-564
-668
-615
-453
-348
-325
-260
-105
43
123
114
10
-132
-181
-74
150
512
1057
1690
2220
2615
2945
3140
3065
2667
2055
1417
870
403
-6
-213
-153
5
114
206
301
270
96
-138
-361
-513
-532
-446
-289
63
610
1114
1372
1397
1276
1012
613
101
-430
-817
-1035
-1195
-1335
-1320
-1156
-1048
-1127
-1329
-1523
-1665
-1771
-1884
-1951
-1841
-1568
-1264
-985
-638
-236
51
100
-70
-326
-554
-725
-915
-1112
-1187
-1097
-940
-786
-593
-355
-168
-114
-215
-377
-486
-415
-88
434
1027
1699
2575
3507
4063
4054
3722
3322
2759
1930
1020
349
20
-170
-358
-421
-227
10
-22
-270
-445
-404
-226
-63
44
234
632
1079
1391
1686
2104
2440
2394
2004
1482
956
405
-254
-997
-1630
-1973
-2154
-2312
-2346
-2172
-1974
-1981
-2124
-2196
-2081
-1883
-1751
-1599
-1231
-689
-273
-51
188
485
612
416
34
-307
-516
-715
-1034
-1369
-1549
-1614
-1747
-1940
-2020
-1912
-1702
-1509
-1304
-977
-532
-129
78
107
218
737
1548
2165
2573
3315
4382
4967
4766
4314
3850
3028
1769
528
-252
-508
-561
-703
-717
-319
162
252
77
-47
-146
-231
-241
-240
-100
467
1174
1491
1679
2215
2670
2446
1828
1282
750
119
-590
-1340
-1896
-2015
-2004
-2223
-2365
-2160
-2000
-2183
-2402
-2355
-2026
-1569
-1273
-1165
-785
-56
395
377
420
593
420
-51
-425
-699
-955
-1088
-1246
-1580
-1763
-1626
-1553
-1677
-1678
-1525
-1451
-1447
-1391
-1221
-857
-411
-170
-49
184
421
668
1330
2329
3134
3935
5039
5828
5736
5201
4524
3290
1565
-66
-1298
-2019
-2146
-1882
-1460
-736
85
448
390
299
160
-123
-296
-353
-351
28
783
1414
1896
2621
3184
2951
2204
1443
588
-449
-1400
-2178
-2675
-2585
-2096
-1707
-1425
-1019
-783
-1028
-1512
-1932
-2115
-1973
-1686
-1424
-875
105
842
902
744
692
415
-170
-681
-1023
-1284
-1382
-1349
-1365
-1368
-1250
-1216
-1398
-1590
-1608
-1518
-1425
-1353
-1281
-1084
-721
-330
-14
302
602
629
412
395
910
1711
2594
3766
5038
5738
5585
4985
4109
2785
1128
-606
-2066
-2777
-2514
-1623
-520
647
1422
1435
913
265
-363
-898
-1269
-1598
-1646
-1022
60
1158
2225
3156
3423
3007
2334
1413
159
-1105
-2074
-2812
-3122
-2762
-1998
-1130
-285
279
210
-307
-872
-1394
-1797
-1980
-1876
-1434
-630
216
711
951
1037
727
-12
-688
-991
-1095
-1114
-1029
-896
-753
-587
-511
-642
-912
-1227
-1570
-1840
-1895
-1776
-1605
-1501
-1454
-1200
-629
-30
315
502
611
571
686
1369
2547
4042
5686
6842
6896
6130
5057
3431
1110
-1344
-3343
-4577
-4774
-3813
-2010
183
2025
2640
2025
924
-115
-1044
-1767
-2188
-2301
-1827
-654
882
2447
3857
4617
4216
2953
1513
248
-859
-1873
-2781
-3319
-3069
-2129
-906
310
1238
1470
855
-153
-1086
-1754
-2144
-2351
-2376
-1993
-1034
151
1083
1658
1815
1360
453
-291
-608
-737
-808
-845
-984
-1181
-1201
-1122
-1244
-1576
-1943
-2265
-2349
-2055
-1578
-1131
-765
-578
-610
-596
-366
-80
128
123
-110
-93
866
2694
4896
6932
7834
7030
5272
3534
1548
-874
-3013
-4520
-5413
-5141
-3216
-347
2360
3986
3681
1772
-226
-1437
-2252
-2829
-2874
-2514
-1703
-97
2172
4406
5961
6196
4804
2689
957
-348
-1569
-2552
-3125
-3323
-2912
-1846
-550
521
1035
678
-315
-1100
-1354
-1364
-1271
-1052
-808
-461
251
1106
1730
2119
2167
1553
567
30
-2
-164
-654
-1202
-1759
-2265
-2420
-2328
-2385
-2603
-2757
-2913
-3013
-2662
-1906
-1261
-926
-666
-363
29
557
957
978
669
260
-9
187
997
2236
3965
5809
6537
5622
4034
2577
739
-1585
-3583
-4712
-4763
-3569
-1389
1070
3281
4516
3896
1835
-282
-1708
-2621
-3140
-3152
-2549
-1060
1153
3436
5361
6601
6479
4822
2581
564
-1213
-2659
-3526
-3915
-3809
-2870
-1350
-35
735
951
470
-481
-1136
-1097
-612
-2
574
1155
1909
2708
3097
2904
2291
1246
-250
-1718
-2583
-2809
-2765
-2805
-3059
-3314
-3248
-2916
-2597
-2400
-2309
-2379
-2532
-2481
-2082
-1456
-765
-117
432
873
1222
1432
1365
951
210
-726
-1522
-1835
-1354
149
2698
5466
6961
6670
5431
4035
2244
38
-1892
-3164
-3668
-3110
-1316
1130
3274
4243
3327
934
-1473
-2818
-3267
-3385
-3146
-2318
-770
1374
3788
6034
7340
6994
5081
2591
334
-1506
-2832
-3657
-4113
-3951
-2773
-1005
518
1553
2030
1564
260
-968
-1509
-1437
-881
72
1207
2301
3130
3369
2892
1846
265
-1782
-3853
-5271
-5612
-4946
-3837
-2935
-2394
-1982
-1618
-1422
-1356
-1393
-1627
-2016
-2257
-2078
-1428
-450
518
1188
1527
1663
1652
1347
626
-449
-1567
-2463
-2971
-2748
-1300
1425
4741
7573
8894
8410
6712
4586
2163
-467
-2689
-3946
-4168
-3363
-1463
1046
3041
3502
2170
-212
-2410
-3576
-3648
-3098
-2178
-769
1259
3599
5729
7264
7626
6322
3696
879
-1302
-2758
-3569
-3852
-3768
-3273
-2178
-755
403
979
858
-4
-1183
-1855
-1652
-847
305
1722
3109
3969
4054
3435
2209
387
-1884
-4207
-6043
-6882
-6491
-5149
-3558
-2242
-1320
-781
-638
-775
-1048
-1519
-2106
-2433
-2185
-1377
-200
1093
2038
2308
2059
1682
1286
681
-206
-1272
-2277
-2933
-3014
-2388
-950
1328
4052
6580
8226
8508
7481
5639
3333
652
-1889
-3568
-4176
-3816
-2471
-352
1660
2665
2337
906
-905
-2256
-2710
-2445
-1747
-678
745
2435
4126
5476
6074
5554
3932
1766
-236
-1823
-2979
-3595
-3718
-3537
-2945
-1778
-465
369
582
335
-209
-622
-416
305
1070
1719
2278
2515
2215
1406
159
-1503
-3376
-5045
-6077
-6182
-5347
-3899
-2370
-1185
-418
44
228
54
-445
-1073
-1612
-1787
-1307
-177
1162
2166
2560
2301
1590
771
66
-557
-1189
-1771
-2222
-2414
-2203
-1607
-790
245
1794
3880
6093
7836
8491
7729
5814
3395
829
-1656
-3582
-4560
-4569
-3626
-1722
656
2520
3079
2192
405
-1384
-2446
-2588
-2090
-1265
-186
1257
3043
4812
6023
6181
4996
2708
117
-1995
-3410
-4246
-4583
-4505
-4016
-2988
-1520
-107
783
1110
988
618
391
572
998
1305
1352
1135
694
126
-540
-1359
-2348
-3375
-4223
-4596
-4251
-3270
-2035
-969
-349
-204
-324
-452
-533
-620
-650
-475
13
797
1700
2372
2448
1837
780
-316
-1162
-1669
-1862
-1851
-1766
-1669
-1526
-1335
-1162
-830
50
1716
3973
6359
8297
9038
8199
6130
3488
606
-2229
-4440
-5564
-5408
-3907
-1396
1163
2687
2725
1437
-599
-2507
-3578
-3653
-2995
-1770
9
2260
4649
6584
7473
6965
5077
2304
-583
-2976
-4684
-5635
-5755
-5146
-3960
-2299
-429
1137
2031
2273
1985
1409
876
533
300
132
103
163
230
217
-72
-774
-1780
-2835
-3722
-4159
-3979
-3310
-2378
-1340
-358
378
844
1080
1033
752
457
351
481
760
960
858
442
-136
-743
-1307
-1809
-2207
-2349
-2069
-1500
-935
-519
-290
-252
-114
701
2494
4977
7368
8758
8609
7124
4885
2240
-686
-3593
-5890
-6973
-6479
-4470
-1533
1353
3116
3110
1557
-574
-2244
-3011
-2954
-2302
-1133
604
2803
5059
6780
7408
6583
4308
1168
-1893
-4107
-5247
-5517
-5156
-4236
-2762
-891
974
2317
2765
2270
1155
-47
-840
-1013
-709
-275
20
188
415
726
831
388
-632
-1950
-3114
-3691
-3483
-2674
-1704
-910
-358
109
643
1149
1314
936
205
-467
-802
-752
-473
-218
-254
-620
-1041
-1152
-835
-364
-93
-92
-78
229
748
1088
913
239
-588
-1019
-498
1250
3779
5982
6786
5974
4192
2180
196
-1847
-3826
-5239
-5497
-4324
-1916
1033
3417
4133
2824
273
-2081
-3219
-3095
-2245
-1081
372
2203
4282
6147
7152
6721
4650
1404
-1938
-4259
-5099
-4806
-4045
-3198
-2248
-1124
7
786
958
490
-404
-1255
-1486
-806
519
1846
2632
2744
2420
1915
1219
157
-1304
-2923
-4299
-5000
-4721
-3522
-1884
-434
474
900
1096
1165
996
483
-278
-999
-1371
-1251
-724
-29
515
647
422
195
234
395
331
-75
-558
-766
-608
-352
-329
-634
-1092
-1344
-931
547
3021
5588
6933
6420
4620
2518
537
-1394
-3242
-4638
-5104
-4279
-2131
864
3732
5231
4504
1834
-1330
-3439
-3964
-3353
-2188
-668
1212
3286
5170
6364
6333
4716
1748
-1588
-4063
-4961
-4464
-3379
-2447
-1841
-1314
-715
-151
253
441
368
134
108
657
1686
2602
2769
2015
749
-437
-1260
-1818
-2318
-2827
-3270
-3437
-3052
-1998
-561
615
1021
725
255
15
-54
-244
-653
-1075
-1195
-844
-99
777
1389
1377
743
-28
-360
-152
177
190
-101
-292
-113
254
387
35
-775
-1816
-2566
-2251
-311
2857
5779
6963
6163
4318
2308
329
-1579
-3128
-3959
-3821
-2536
-116
2875
5177
5328
2778
-1354
-4968
-6573
-6094
-4321
-2001
449
2780
4771
6222
6806
6028
3643
227
-2927
-4623
-4519
-3275
-1975
-1281
-1060
-886
-584
-179
268
552
438
113
140
783
1676
2192
1946
1017
-157
-1063
-1478
-1506
-1428
-1515
-1836
-2137
-1982
-1219
-239
342
266
-156
-423
-307
30
276
247
9
-207
-208
70
517
810
570
-220
-1000
-1143
-597
115
457
336
69
-14
66
12
-389
-1116
-2045
-2865
-2859
-1233
2000
5484
7353
6865
4901
2705
686
-1200
-2693
-3382
-3143
-2047
-163
2215
4188
4378
1923
-2348
-6179
-7650
-6530
-3885
-840
1948
4128
5525
6200
6243
5426
3428
526
-2228
-3690
-3492
-2244
-1069
-726
-1106
-1600
-1759
-1444
-656
275
768
664
520
868
1512
1811
1377
330
-842
-1588
-1620
-1087
-469
-279
-752
-1587
-2085
-1785
-963
-309
-194
-411
-481
-85
662
1259
1221
510
-461
-1168
-1277
-841
-276
-49
-247
-484
-291
418
1268
1730
1478
616
-336
-838
-872
-909
-1338
-2076
-2749
-2920
-2089
91
3292
6209
7296
6154
3896
1876
426
-759
-1686
-2058
-1758
-909
365
1797
2645
1848
-1008
-4755
-7212
-6988
-4508
-1230
1668
3717
4905
5397
5360
4804
3558
1555
-763
-2478
-2857
-2055
-1032
-729
-1322
-2208
-2670
-2425
-1567
-358
737
1233
1170
1092
1283
1417
1078
288
-581
-1116
-1094
-552
220
810
810
78
-954
-1509
-1233
-577
-156
-122
-264
-347
-217
82
252
-16
-719
-1494
-1850
-1475
-559
313
693
679
688
958
1376
1666
1603
1026
-69
-1283
-1974
-1910
-1597
-1711
-2320
-2884
-2858
-2138
-826
1174
3764
5929
6396
5243
3830
2937
2048
683
-795
-1813
-2230
-2180
-1753
-1041
-504
-1010
-2864
-4862
-5182
-3290
-351
2164
3673
4286
4232
3717
3038
2401
1618
451
-828
-1507
-1244
-501
-108
-571
-1613
-2469
-2645
-2184
-1235
61
1225
1695
1568
1400
1362
1123
483
-289
-806
-910
-701
-288
362
1128
1511
1095
146
-583
-729
-610
-661
-932
-1241
-1498
-1644
-1551
-1208
-857
-770
-918
-965
-584
250
1182
1788
1954
1886
1779
1640
1388
918
125
-991
-2151
-2907
-3059
-2869
-2780
-2899
-2948
-2629
-1932
-838
970
3626
6224
7301
6490
4864
3357
1792
-137
-2036
-3288
-3735
-3506
-2653
-1213
288
707
-648
-2830
-3895
-2958
-836
1210
2597
3261
3234
2745
2247
2024
1782
1050
-18
-618
-227
745
1389
1146
157
-1013
-1829
-2022
-1471
-348
701
967
481
-34
-127
-33
-148
-432
-565
-346
195
988
2012
2997
3271
2295
467
-1090
-1687
-1636
-1604
-1873
-2324
-2744
-2903
-2567
-1754
-867
-424
-494
-554
3
1175
2303
2733
2367
1541
639
-51
-368
-424
-643
-1380
-2518
-3498
-3806
-3451
-2906
-2599
-2489
-2226
-1633
-738
612
2675
5034
6392
5891
4195
2578
1402
240
-1016
-1993
-2381
-2147
-1386
-224
1056
1688
749
-1600
-3677
-3851
-2157
152
1959
2837
2792
2186
1607
1504
1871
2241
2250
2136
2479
3308
3822
3158
1228
-1217
-3165
-3970
-3564
-2313
-839
169
346
-5
-270
-191
-46
-172
-465
-441
291
1516
2632
3204
3077
2140
465
-1337
-2523
-2918
-2964
-3163
-3617
-3979
-3801
-3003
-1927
-959
-272
105
302
584
1130
1726
1931
1521
726
63
-129
74
272
112
-555
-1662
-2899
-3760
-3850
-3320
-2694
-2304
-1981
-1442
-759
-234
239
1320
3286
5237
5921
5244
4120
3052
1802
406
-568
-741
-354
120
502
940
1287
738
-1161
-3391
-4213
-3034
-798
1242
2502
2952
2746
2219
1904
2265
3103
3664
3483
2951
2638
2410
1614
-50
-2070
-3583
-4099
-3699
-2672
-1381
-398
-274
-938
-1678
-1870
-1459
-821
-230
407
1280
2219
2761
2714
2200
1208
-370
-2172
-3404
-3625
-3136
-2616
-2555
-2905
-3137
-2861
-2194
-1438
-692
-35
370
591
926
1483
1992
2099
1710
1144
850
936
968
493
-498
-1739
-2976
-3945
-4247
-3716
-2697
-1776
-1223
-886
-609
-449
-427
-31
1485
4122
6606
7534
6785
5275
3637
1948
475
-383
-540
-302
80
553
1119
1385
552
-1548
-3732
-4433
-3328
-1332
508
1675
2049
1809
1403
1309
1775
2536
3040
3012
2778
2688
2469
1556
-139
-2003
-3346
-3869
-3641
-2854
-1901
-1361
-1554
-2186
-2628
-2557
-2075
-1450
-718
275
1477
2447
2763
2482
1802
717
-708
-1942
-2432
-2233
-1886
-1870
-2238
-2641
-2627
-2118
-1417
-704
97
929
1516
1730
1702
1527
1146
570
55
-30
413
976
1047
406
-593
-1510
-2199
-2660
-2743
-2251
-1328
-441
-13
-80
-430
-881
-1307
-1325
-177
2472
5607
7431
7220
5816
4224
2711
1451
856
1029
1530
1767
1489
901
231
-974
-3301
-6080
-7554
-6780
-4484
-1903
215
1531
1882
1511
1092
1386
2638
4218
5190
5282
4970
4452
3304
1220
-1297
-3366
-4535
-4896
-4657
-4003
-3372
-3297
-3866
-4497
-4434
-3388
-1682
123
1739
3107
4012
4111
3520
2800
2188
1471
669
129
-140
-509
-1203
-2185
-3277
-4085
-4177
-3552
-2520
-1297
-128
582
689
496
348
386
694
1274
1972
2646
3162
3196
2420
994
-506
-1615
-2256
-2512
-2411
-2003
-1515
-1275
-1460
-1935
-2359
-2449
-2182
-1459
243
3272
6665
8566
8185
6460
4618
3052
1838
1136
893
760
324
-585
-1637
-2392
-3261
-5061
-7360
-8386
-7037
-3967
-625
1847
2974
2927
2397
2178
2826
4337
5917
6580
6057
4913
3567
1805
-586
-3147
-5046
-5868
-5726
-4919
-3876
-3226
-3331
-3838
-3995
-3223
-1491
654
2448
3555
4073
4028
3365
2399
1637
1192
844
522
296
35
-529
-1491
-2656
-3638
-3998
-3528
-2476
-1322
-404
93
66
-248
-353
-6
639
1421
2275
2970
3276
3178
2671
1665
381
-654
-1184
-1319
-1265
-1273
-1616
-2262
-2903
-3430
-3878
-4016
-3499
-2441
-1114
697
3354
6275
7923
7415
5491
3600
2449
1947
1809
1725
1397
608
-626
-1976
-2969
-3752
-5020
-6616
-7164
-5620
-2503
795
3061
3733
3074
1928
1140
1218
2311
3887
4935
4941
4278
3414
2226
481
-1562
-3223
-4010
-3924
-3335
-2711
-2410
-2583
-3108
-3585
-3428
-2304
-617
825
1645
2036
2077
1707
1233
1103
1328
1598
1825
1986
1883
1310
268
-1050
-2300
-3065
-3173
-2760
-2081
-1427
-1088
-1119
-1182
-915
-306
443
1252
2116
2832
3112
2855
2170
1225
242
-491
-813
-795
-693
-870
-1562
-2516
-3195
-3360
-3187
-2792
-2149
-1374
-702
-160
620
2131
4201
5667
5505
4171
2968
2321
1822
1321
998
731
175
-683
-1424
-1606
-1485
-1921
-3114
-3973
-3358
-1430
628
1746
1593
575
-522
-985
-386
1193
2998
4060
4043
3349
2447
1453
366
-678
-1395
-1544
-1128
-433
48
-97
-963
-2232
-3304
-3620
-2991
-1800
-709
-137
-55
-284
-676
-950
-734
74
1121
1947
2368
2386
1997
1210
202
-731
-1232
-1010
-212
615
972
736
35
-825
-1437
-1542
-1225
-699
-121
332
492
349
-5
-510
-1031
-1285
-1089
-580
-34
310
253
-301
-1041
-1448
-1327
-917
-552
-389
-445
-593
-746
-848
-550
653
2331
3166
2641
1678
1059
632
368
592
1241
1811
2035
1894
1599
1411
1103
95
-1369
-2146
-1674
-590
134
30
-902
-2262
-3265
-3122
-1631
578
2492
3464
3491
3011
2479
2105
1862
1737
1840
2067
2088
1764
1123
70
-1378
-2729
-3563
-3902
-3874
-3568
-3272
-3240
-3261
-3043
-2527
-1680
-482
773
1656
2131
2358
2321
2113
2122
2521
2931
3027
2860
2430
1592
418
-779
-1826
-2617
-3046
-3150
-3103
-2981
-2857
-2987
-3421
-3715
-3376
-2376
-980
538
1821
2541
2709
2566
2196
1558
840
361
244
398
587
478
-169
-1195
-2265
-3132
-3389
-2393
-337
1311
1456
829
737
1225
1730
2206
2854
3485
3892
3991
3779
3385
2727
1418
-421
-1666
-1559
-695
-175
-434
-1227
-2135
-2724
-2687
-1947
-726
445
1058
1078
919
960
1184
1430
1669
2042
2560
2855
2579
1746
631
-604
-1792
-2639
-2994
-2970
-2875
-2983
-3270
-3451
-3377
-3280
-3196
-2753
-1806
-775
-71
471
1185
2164
3247
4068
4226
3661
2848
2156
1524
809
143
-340
-774
-1354
-2077
-2804
-3443
-3951
-4213
-4053
-3339
-2176
-1031
-385
-253
-210
38
482
1086
1816
2479
2863
2911
2649
2089
1355
627
-11
-527
-853
-973
-1029
-1211
-1468
-1320
-451
465
456
-212
-295
518
1534
2415
3334
4110
4362
4120
3691
3376
3102
2463
1317
218
-277
-370
-622
-1309
-2291
-3210
-3755
-3770
-3203
-2165
-1149
-659
-607
-559
-318
74
627
1246
1732
2063
2286
2263
1872
1221
463
-370
-1175
-1863
-2457
-2931
-3188
-3190
-3039
-2775
-2408
-1948
-1406
-932
-764
-911
-952
-466
479
1516
2299
2613
2377
1822
1362
1216
1273
1355
1332
1110
642
16
-694
-1453
-2121
-2455
-2335
-1948
-1573
-1406
-1476
-1595
-1389
-637
428
1329
1809
1878
1648
1282
999
898
931
1046
1165
1098
712
103
-588
-1297
-1803
-1544
-244
1385
2178
1890
1415
1362
1529
1630
1787
2127
2512
2671
2411
1899
1385
760
-139
-987
-1282
-1066
-844
-1029
-1607
-2214
-2624
-2864
-2882
-2498
-1862
-1360
-1064
-778
-492
-325
-198
79
555
1139
1643
1867
1826
1636
1348
932
480
50
-431
-991
-1541
-1934
-2118
-2150
-2119
-2107
-2124
-2133
-2102
-1920
-1471
-687
257
1116
1757
2118
2169
2030
1994
2113
2178
2038
1749
1402
1052
753
477
155
-193
-521
-818
-1090
-1286
-1320
-1191
-987
-795
-617
-476
-507
-696
-890
-996
-1010
-819
-340
230
667
967
1152
1070
662
186
2
184
592
1055
1601
2153
2247
1514
454
31
375
907
1232
1464
1563
1362
794
100
-352
-509
-688
-1008
-1130
-899
-727
-1031
-1690
-2306
-2606
-2628
-2411
-1842
-906
21
556
756
861
876
760
682
850
1234
1590
1634
1289
756
240
-248
-727
-1001
-947
-766
-736
-824
-822
-710
-643
-719
-887
-1024
-1077
-1126
-1241
-1255
-936
-332
267
696
920
999
1035
1164
1418
1690
1846
1811
1689
1540
1348
1049
701
340
-62
-474
-816
-1029
-1124
-1156
-1245
-1418
-1576
-1627
-1607
-1515
-1312
-1035
-760
-465
-134
136
302
473
733
984
1060
943
748
596
575
762
1319
2081
2469
2072
1355
1013
962
767
389
118
-86
-346
-672
-923
-973
-891
-912
-1083
-1170
-1046
-863
-763
-756
-779
-730
-668
-655
-560
-232
168
367
325
80
-279
-510
-389
-11
368
620
715
693
649
680
789
910
973
901
631
211
-231
-553
-794
-1049
-1257
-1267
-1087
-962
-1017
-1106
-1013
-725
-452
-293
-114
191
546
850
1143
1429
1638
1755
1852
1983
2065
2021
1796
1432
1008
632
355
86
-262
-690
-1096
-1427
-1677
-1896
-2113
-2268
-2230
-2010
-1783
-1605
-1318
-825
-262
245
696
1046
1164
1073
943
807
580
343
280
378
472
536
709
851
532
-326
-1074
-1100
-627
-259
-188
-198
-152
-35
68
127
202
275
198
-10
-61
163
422
453
241
9
-43
-38
-219
-545
-784
-880
-895
-815
-697
-657
-648
-533
-288
20
352
664
954
1286
1662
1959
2085
2062
1913
1622
1199
719
295
-68
-477
-968
-1398
-1625
-1741
-1905
-2096
-2125
-1898
-1528
-1157
-777
-307
297
939
1468
1771
1925
2086
2279
2402
2345
2160
1925
1638
1222
720
215
-331
-990
-1682
-2212
-2468
-2513
-2488
-2511
-2529
-2373
-1946
-1370
-838
-380
63
423
549
461
302
162
116
281
591
770
621
251
-212
-710
-1131
-1173
-757
-288
-220
-371
-175
424
964
1204
1366
1608
1874
1987
1895
1719
1611
1500
1198
723
283
-14
-292
-733
-1266
-1611
-1703
-1763
-1846
-1777
-1535
-1321
-1202
-1045
-734
-218
486
1262
1917
2348
2571
2658
2664
2560
2259
1728
1080
505
54
-370
-850
-1321
-1666
-1834
-1837
-1753
-1641
-1536
-1450
-1357
-1132
-644
-20
480
750
897
1013
1103
1153
1108
945
757
649
601
481
227
-65
-286
-440
-588
-684
-688
-675
-701
-732
-729
-709
-677
-641
-619
-569
-447
-336
-364
-502
-585
-596
-617
-667
-654
-605
-617
-705
-820
-921
-964
-876
-640
-302
45
338
598
1006
1527
1788
1540
1158
1098
1288
1388
1315
1198
1070
928
744
561
468
473
378
47
-383
-646
-670
-629
-683
-728
-579
-346
-240
-245
-195
-59
122
339
517
587
604
626
595
454
287
200
211
295
391
402
271
78
-25
-18
-22
-120
-257
-356
-421
-433
-315
-55
198
309
289
228
173
81
-107
-390
-649
-731
-627
-493
-486
-575
-635
-608
-561
-599
-700
-713
-512
-156
198
448
556
501
344
213
186
211
205
163
96
-2
-180
-449
-725
-873
-849
-743
-688
-753
-882
-930
-802
-552
-354
-329
-445
-562
-550
-371
-95
176
395
612
911
1186
1163
811
514
586
890
1119
1190
1144
1015
875
842
978
1185
1269
1105
771
451
249
91
-159
-493
-666
-551
-393
-459
-638
-680
-578
-454
-353
-276
-212
-127
-32
23
52
115
162
101
17
102
367
583
610
568
621
720
701
505
244
78
94
195
171
-112
-559
-971
-1210
-1248
-1151
-1040
-1023
-1088
-1126
-1040
-827
-596
-471
-478
-484
-352
-128
32
56
33
88
233
368
386
341
385
554
702
709
590
405
187
-48
-249
-380
-427
-426
-428
-483
-583
-665
-704
-732
-755
-721
-594
-439
-362
-399
-448
-393
-232
-65
67
238
566
995
1246
1119
831
781
1017
1252
1296
1212
1099
997
933
948
1037
1079
915
530
106
-132
-132
-40
-77
-284
-464
-459
-319
-166
-55
12
56
132
209
191
80
-25
-60
-76
-108
-152
-198
-241
-264
-251
-216
-194
-193
-193
-180
-147
-85
-3
58
49
-32
-167
-351
-579
-810
-973
-995
-887
-762
-740
-826
-909
-875
-723
-553
-420
-292
-138
0
74
112
147
180
194
191
192
201
196
169
176
269
424
547
545
409
230
121
112
147
159
116
32
-40
-54
8
104
182
218
201
118
-15
-110
-89
31
145
157
55
-141
-397
-636
-728
-577
-270
-48
-33
-97
-39
134
277
342
403
530
716
894
1040
1196
1370
1481
1453
1305
1131
993
828
529
152
-119
-206
-222
-266
-326
-380
-447
-562
-742
-945
-1053
-1004
-855
-713
-611
-548
-537
-586
-637
-584
-402
-217
-169
-255
-351
-364
-298
-210
-157
-139
-84
42
164
197
138
43
-52
-111
-89
17
140
207
201
157
108
67
-4
-152
-368
-532
-538
-401
-228
-91
15
121
237
338
404
435
463
508
569
626
688
763
822
824
754
631
480
315
155
14
-91
-153
-188
-233
-327
-498
-738
-1001
-1240
-1430
-1527
-1500
-1389
-1263
-1145
-1017
-865
-654
-368
-78
84
140
265
561
946
1278
1483
1533
1441
1284
1174
1189
1306
1414
1392
1220
1010
914
961
973
771
399
38
-203
-328
-358
-332
-332
-420
-601
-821
-985
-1024
-972
-921
-909
-882
-764
-565
-366
-219
-86
55
152
153
94
51
74
151
199
146
22
-77
-121
-152
-204
-245
-252
-242
-239
-233
-232
-264
-352
-453
-492
-433
-298
-160
-91
-109
-145
-122
-36
79
217
390
561
665
694
692
700
710
662
525
338
185
106
58
-10
-113
-247
-404
-563
-689
-769
-821
-895
-1006
-1100
-1093
-977
-834
-742
-714
-715
-706
-649
-521
-330
-110
92
244
354
456
585
741
881
942
919
900
987
1188
1411
1561
1599
1552
1486
1444
1434
1412
1329
1156
919
683
513
417
319
104
-236
-572
-756
-770
-705
-659
-699
-798
-863
-811
-666
-493
-354
-272
-250
-254
-252
-242
-258
-332
-441
-548
-619
-670
-721
-781
-838
-856
-810
-727
-660
-619
-584
-550
-516
-453
-340
-208
-118
-107
-144
-165
-125
-32
66
126
147
169
223
306
405
503
583
618
600
561
554
600
644
615
488
316
179
127
134
134
79
-34
-182
-321
-400
-408
-398
-453
-581
-711
-750
-673
-522
-362
-235
-137
-23
143
335
518
669
771
813
822
846
897
949
950
865
696
486
324
277
335
403
389
284
172
153
245
386
480
466
349
207
131
151
204
192
58
-184
-427
-544
-505
-404
-352
-377
-442
-489
-479
-410
-324
-265
-243
-241
-250
-258
-275
-339
-484
-698
-917
-1064
-1105
-1070
-1019
-997
-1019
-1061
-1073
-1004
-842
-619
-395
-224
-125
-69
-6
79
173
250
324
420
541
663
742
749
701
654
660
729
819
868
843
744
601
467
386
360
353
317
239
146
79
59
75
83
63
22
-24
-44
-23
28
70
64
16
-32
-36
4
59
102
123
127
128
144
176
204
202
177
154
159
207
270
284
211
66
-101
-238
-314
-311
-251
-175
-124
-127
-180
-234
-240
-193
-124
-59
-10
23
48
72
97
102
68
-14
-125
-222
-267
-243
-185
-166
-216
-299
-364
-379
-340
-264
-196
-161
-166
-216
-293
-351
-362
-343
-341
-377
-427
-448
-423
-363
-298
-245
-202
-169
-141
-112
-58
31
128
193
205
184
156
131
109
105
149
244
360
454
499
503
505
537
590
646
698
745
775
766
706
617
532
463
405
348
287
219
145
69
0
-57
-100
-132
-164
-207
-254
-290
-317
-346
-367
-365
-333
-293
-266
-260
-261
-243
-205
-164
-144
-139
-133
-108
-62
-10
24
27
-7
-69
-138
-206
-264
-310
-348
-383
-416
-426
-407
-367
-322
-288
-276
-292
-317
-311
-253
-152
-49
9
16
-2
16
102
236
353
401
379
319
265
253
297
369
423
436
413
360
294
233
170
91
10
-51
-87
-123
-179
-251
-319
-382
-443
-483
-483
-418
-302
-166
-65
-21
-5
27
79
147
226
306
367
397
402
401
411
429
427
401
371
359
367
384
397
394
373
324
248
169
123
120
141
144
112
54
-17
-93
-157
-189
-190
-163
-127
-107
-117
-135
-143
-150
-164
-179
-184
-185
-191
-217
-264
-314
-342
-344
-336
-319
-295
-266
-241
-224
-218
-222
-245
-284
-324
-345
-331
-301
-276
-272
-283
-292
-295
-286
-258
-208
-128
-27
73
143
179
201
226
251
268
279
294
311
324
330
338
343
331
293
233
172
141
163
212
245
241
197
123
34
-50
-108
-132
-135
-146
-178
-223
-264
-283
-275
-251
-220
-170
-101
-31
14
40
64
84
103
127
163
206
245
271
277
269
258
264
280
297
313
334
362
389
413
423
413
388
353
311
259
209
165
123
75
11
-63
-134
-196
-250
-290
-311
-316
-315
-311
-318
-341
-367
-389
-413
-427
-422
-408
-397
-395
-397
-397
-393
-381
-365
-338
-298
-248
-205
-179
-171
-173
-173
-157
-133
-104
-73
-43
-24
-22
-31
-37
-36
-34
-32
-20
5
47
99
150
184
207
227
246
269
300
340
372
390
395
397
402
411
418
415
396
362
318
275
237
200
159
116
72
28
-6
-27
-43
-54
-64
-77
-94
-106
-93
-61
-19
18
36
38
32
29
31
39
49
50
41
26
14
14
22
26
19
3
-10
-11
-3
6
6
-3
-17
-36
-58
-79
-93
-101
-113
-140
-184
-232
-272
-295
-299
-293
-283
-273
-269
-270
-269
-274
-280
-281
-266
-241
-214
-188
-175
-172
-165
-148
-112
-67
-23
5
21
32
42
57
80
112
142
165
180
181
171
157
142
129
128
140
156
166
165
150
130
113
102
97
99
110
123
123
107
86
73
76
91
109
118
113
104
102
111
133
155
162
152
125
92
57
34
23
16
7
-5
-16
-31
-43
-52
-53
-53
-49
-38
-23
-6
10
19
10
-10
-33
-47
-47
-40
-33
-31
-41
-67
-93
-103
-97
-79
-55
-38
-35
-41
-48
-52
-50
-46
-41
-42
-41
-34
-18
1
16
22
28
36
38
31
21
16
11
4
-2
-10
-24
-39
-61
-93
-130
-160
-180
-189
-187
-178
-169
-169
-166
-155
-131
-99
-63
-34
-17
-14
-19
-16
-1
22
46
65
77
85
84
71
54
41
39
42
42
43
42
36
22
5
-10
-14
-9
3
10
12
8
-2
-12
-17
-11
6
32
65
96
117
135
151
173
191
208
220
228
234
238
239
234
224
211
196
175
152
132
111
81
44
9
-20
-42
-63
-82
-100
-117
-131
-142
-149
-151
-146
-143
-141
-143
-139
-129
-109
-85
-61
-52
-56
-65
-70
-67
-57
-45
-33
-24
-21
-22
-25
-28
-26
-25
-28
-38
-47
-58
-73
-87
-107
-129
-148
-166
-182
-186
-180
-168
-159
-157
-156
-155
-148
-130
-108
-90
-72
-53
-38
-27
-15
0
19
40
55
68
83
100
116
135
156
176
187
192
191
184
174
161
153
148
142
137
129
121
113
109
108
110
112
112
113
118
126
135
140
137
133
127
115
105
101
99
94
84
72
67
61
52
41
29
16
12
15
18
16
6
-12
-37
-62
-86
-111
-132
-145
-154
-160
-168
-178
-186
-188
-192
-198
-198
-191
-177
-163
-157
-155
-153
-146
-135
-119
-101
-82
-69
-59
-49
-34
-22
-11
-10
-13
-16
-18
-19
-22
-26
-33
-41
-55
-73
-94
-112
-118
-114
-103
-87
-76
-66
-54
-43
-34
-28
-20
-8
7
19
30
43
59
75
91
103
114
130
143
154
165
176
189
199
209
217
223
223
215
201
187
177
166
158
153
150
147
136
124
111
101
94
87
79
72
64
55
42
30
21
15
15
19
19
20
20
17
7
-8
-21
-35
-43
-52
-61
-70
-79
-92
-109
-125
-142
-157
-171
-190
-209
-224
-229
-226
-219
-213
-209
-207
-209
-213
-216
-213
-207
-199
-191
-182
-172
-163
-151
-133
-114
-92
-68
-41
-20
-3
13
30
49
70
90
110
125
138
143
141
138
135
133
130
123
113
101
90
78
74
79
86
91
92
86
80
80
88
92
95
100
106
114
120
120
117
110
108
107
109
109
108
102
91
79
69
69
73
75
77
77
71
62
55
47
40
28
16
0
-15
-30
-43
-52
-56
-58
-62
-67
-77
-87
-97
-107
-115
-117
-113
-105
-94
-89
-88
-88
-92
-98
-104
-111
-118
-129
-142
-155
-162
-169
-177
-185
-195
-199
-194
-190
-181
-174
-161
-145
-125
-107
-90
-75
-54
-35
-20
0
20
38
48
63
76
83
89
93
103
119
138
150
160
168
166
169
175
185
192
195
190
184
175
166
156
145
142
139
136
126
111
100
84
69
57
46
38
32
28
17
7
-7
-20
-28
-26
-20
-18
-18
-20
-21
-23
-24
-24
-23
-19
-17
-23
-32
-39
-48
-59
-65
-68
-68
-68
-72
-74
-76
-72
-70
-65
-64
-61
-58
-57
-57
-62
-62
-60
-62
-67
-70
-81
-86
-91
-95
-93
-94
-98
-99
-101
-95
-97
-97
-94
-83
-67
-62
-51
-47
-46
-42
-38
-34
-23
-11
0
10
21
29
35
43
53
60
71
71
75
89
104
118
129
143
153
159
170
176
174
171
168
165
159
152
141
128
115
108
100
86
72
52
43
34
25
18
14
6
0
-1
-5
-8
-11
-22
-34
-42
-50
-61
-66
-72
-79
-90
-103
-115
-124
-130
-134
-130
-124
-115
-103
-96
-90
-86
-81
-76
-69
-54
-41
-34
-31
-31
-35
-37
-36
-30
-20
-11
-14
-17
-23
-22
-16
-10
-4
-2
3
5
3
0
1
0
2
7
9
11
12
12
4
-6
-13
-23
-28
-30
-32
-32
-31
-25
-23
-18
-11
-3
-1
3
11
20
33
46
61
77
88
98
102
103
112
114
116
119
124
123
114
101
92
87
84
77
69
67
58
51
35
21
13
4
1
0
3
10
13
16
10
0
-8
-12
-11
-9
-4
-7
-14
-21
-27
-36
-30
-30
-25
-27
-26
-28
-36
-39
-52
-61
-76
-78
-84
-91
-96
-100
-103
-98
-96
-99
-99
-99
-96
-92
-80
-68
-56
-39
-23
-10
-2
4
8
11
27
34
40
43
40
33
22
23
25
26
25
19
8
-4
-12
-17
-24
-28
-31
-33
-24
-24
-27
-35
-39
-38
-33
-27
-22
-10
-3
2
4
10
15
24
33
40
48
44
45
40
38
40
42
47
49
54
58
56
52
53
58
54
50
54
57
54
51
46
51
60
67
64
56
57
54
52
53
54
59
52
41
35
37
42
38
39
43
38
35
31
28
20
8
1
-10
-15
-17
-22
-32
-49
-63
-79
-88
-97
-103
-106
-114
-117
-125
-129
-134
-136
-134
-127
-121
-113
-104
-94
-84
-79
-65
-56
-38
-25
-14
-7
-10
-9
-1
0
1
5
11
18
21
32
38
45
49
47
44
45
46
45
42
36
27
24
16
10
9
4
7
-1
-4
-2
-2
-4
-9
-10
-10
-16
-12
-4
5
16
19
29
38
34
34
34
46
58
62
69
68
73
72
70
75
75
77
76
75
79
82
83
73
67
60
51
47
47
49
44
40
38
32
28
27
25
20
10
9
5
-8
-9
-12
-22
-29
-35
-39
-49
-49
-55
-65
-69
-85
-100
-114
-125
-133
-137
-140
-148
-151
-153
-154
-155
-156
-156
-145
-132
-119
-106
-99
-92
-97
-91
-78
-62
-42
-27
-9
-2
10
25
37
52
53
60
75
80
85
86
84
80
80
84
75
69
74
71
60
47
51
55
48
50
50
57
57
50
48
49
52
54
59
67
69
72
79
76
86
87
87
86
83
86
79
74
70
69
68
60
45
40
31
29
23
15
14
3
-4
-6
-6
-7
-13
-17
-19
-22
-23
-25
-19
-13
-19
-18
-18
-20
-23
-21
-21
-24
-28
-30
-28
-39
-51
-56
-67
-79
-88
-96
-100
-106
-112
-116
-126
-140
-147
-152
-154
-157
-154
-157
-155
-151
-153
-145
-136
-122
-112
-106
-93
-69
-56
-41
-33
-24
-9
8
27
43
64
78
88
99
100
100
103
104
100
104
112
124
124
124
123
111
105
111
114
106
107
102
98
102
99
91
97
95
83
78
82
89
89
89
86
89
88
75
69
65
66
63
52
46
34
19
15
4
-15
-22
-31
-43
-55
-58
-64
-76
-76
-81
-85
-84
-78
-64
-59
-60
-59
-61
-51
-58
-65
-51
-34
-21
-21
-29
-42
-38
-35
-42
-42
-40
-47
-50
-57
-69
-76
-88
-104
-117
-115
-116
-123
-115
-108
-112
-121
-129
-132
-127
-110
-98
-86
-59
-44
-43
-29
-14
5
27
34
43
53
67
82
92
103
108
96
93
99
108
118
128
140
151
153
148
139
131
123
114
110
114
114
109
97
86
73
72
76
69
64
63
48
55
83
83
71
55
49
47
47
41
27
32
37
25
9
-5
-22
-37
-57
-70
-81
-99
-114
-131
-136
-139
-163
-175
-169
-167
-168
-151
-136
-125
-121
-114
-109
-102
-90
-87
-87
-75
-52
-30
-19
-11
-6
-13
-22
-28
-25
-19
-23
-28
-18
-20
-15
-10
-20
-20
-14
-12
-4
2
11
14
0
-7
-22
-29
-13
5
9
12
26
59
80
83
85
103
127
118
113
127
138
148
141
119
96
85
85
85
67
60
58
41
36
41
42
32
26
22
31
38
19
11
18
20
13
10
11
19
20
2
-14
-4
8
1
-18
-29
-14
-2
20
39
37
27
17
-4
-10
-9
-21
-30
-44
-58
-76
-88
-111
-122
-114
-126
-136
-133
-123
-116
-123
-119
-108
-110
-109
-104
-110
-99
-87
-71
-52
-34
-24
-18
-7
-17
-27
-35
-26
-9
10
19
22
21
31
33
34
51
57
43
46
77
89
92
99
89
84
80
63
52
62
81
87
82
96
109
114
105
83
80
97
111
108
112
121
111
100
90
65
41
26
14
4
-12
-35
-47
-56
-73
-92
-108
-113
-113
-113
-102
-83
-63
-57
-56
-57
-60
-61
-54
-41
-34
-36
-44
-34
-29
-42
-53
-51
-44
-27
-6
-11
-26
-18
1
3
9
18
17
12
4
1
11
20
18
10
-2
-13
-31
-44
-50
-56
-56
-55
-57
-67
-67
-60
-56
-54
-43
-38
-39
-36
-30
-12
12
22
25
24
30
30
32
34
36
36
40
47
49
44
29
19
26
40
42
47
58
58
57
63
64
65
73
76
70
70
73
73
65
52
45
43
47
49
39
36
39
39
33
24
10
0
8
5
0
5
4
-1
-15
-30
-48
-54
-44
-42
-46
-44
-38
-38
-43
-50
-54
-58
-58
-53
-40
-30
-27
-11
2
6
3
6
9
3
9
13
21
26
16
3
-7
-20
-30
-37
-45
-46
-37
-27
-28
-32
-40
-40
-35
-28
-18
-15
-13
-18
-28
-31
-25
-22
-24
-29
-44
-63
-79
-78
-77
-70
-56
-43
-35
-34
-24
-9
4
6
13
22
37
50
56
59
54
55
50
47
38
38
41
39
46
51
56
57
51
43
46
53
62
71
83
90
82
73
68
72
76
69
57
50
40
28
23
16
8
-4
-13
-14
-23
-26
-23
-21
-19
-14
-12
-15
-15
-17
-17
-11
-8
-9
-15
-26
-35
-48
-58
-59
-67
-77
-72
-65
-66
-70
-75
-72
-66
-57
-51
-42
-35
-34
-36
-30
-29
-25
-18
-17
-25
-30
-25
-24
-27
-23
-11
-5
-3
5
-1
-6
-5
1
10
11
9
8
11
13
20
16
12
2
-1
-1
1
6
14
27
28
29
36
35
43
41
34
36
46
59
65
61
68
67
63
71
64
62
55
48
43
38
39
39
33
24
17
20
21
20
22
23
26
28
27
35
36
39
38
28
17
8
3
2
-6
-11
-25
-39
-45
-54
-53
-58
-60
-55
-54
-48
-35
-34
-36
-38
-44
-44
-42
-41
-42
-50
-61
-64
-64
-74
-70
-73
-71
-66
-73
-66
-57
-50
-42
-35
-37
-33
-28
-19
-7
-4
-5
-9
-12
-12
-8
-7
-3
2
4
3
7
12
8
8
12
11
10
14
15
15
19
19
23
30
33
32
36
28
22
21
25
29
28
32
30
25
30
31
29
35
32
37
50
56
67
70
68
68
70
71
70
65
53
48
52
57
53
45
35
28
18
14
18
19
23
23
21
22
19
16
13
1
-7
-13
-16
-14
-12
-9
-18
-23
-30
-40
-37
-42
-46
-49
-54
-63
-65
-63
-63
-67
-68
-69
-67
-63
-66
-65
-66
-67
-60
-58
-53
-50
-56
-58
-63
-62
-59
-54
-47
-46
-44
-39
-40
-37
-26
-18
-12
-5
3
8
19
17
14
14
10
4
5
9
13
16
18
27
34
34
31
31
34
39
46
52
58
67
76
84
79
75
74
77
80
85
87
81
73
62
56
56
61
67
68
58
56
61
56
50
40
32
28
19
16
15
15
10
5
-4
-10
-12
-9
-1
-1
-8
-17
-29
-39
-48
-54
-59
-67
-66
-65
-69
-69
-75
-76
-82
-91
-94
-88
-80
-78
-82
-78
-74
-73
-71
-78
-79
-78
-77
-71
-63
-57
-52
-50
-48
-47
-38
-29
-27
-31
-29
-24
-21
-12
-10
-8
-5
6
16
23
32
36
35
35
38
43
48
49
43
37
42
54
62
75
83
81
76
75
77
77
80
78
74
74
82
83
81
82
77
71
70
74
80
87
89
80
73
67
57
51
44
32
24
14
6
9
9
11
8
2
-7
-15
-20
-24
-21
-17
-16
-22
-35
-51
-61
-58
-45
-38
-43
-55
-77
-84
-85
-80
-71
-71
-79
-93
-103
-97
-81
-67
-69
-80
-93
-106
-101
-82
-65
-58
-66
-76
-74
-65
-54
-47
-44
-44
-48
-41
-24
-11
-5
-2
1
10
16
18
19
26
32
33
38
40
39
38
41
51
68
76
73
68
64
64
68
70
70
65
65
61
54
53
57
59
62
67
69
68
68
64
56
55
49
40
35
31
27
27
29
34
35
34
29
19
18
15
5
-3
-2
-7
-16
-19
-19
-21
-25
-33
-43
-47
-48
-49
-45
-42
-47
-57
-61
-62
-57
-54
-51
-52
-58
-63
-70
-68
-59
-57
-60
-60
-59
-57
-57
-51
-47
-40
-34
-39
-40
-41
-43
-40
-30
-21
-12
-7
-3
-4
-2
3
7
13
18
18
22
29
37
44
48
52
50
47
41
40
46
50
54
55
56
57
59
59
60
57
53
52
52
56
64
68
66
54
42
36
34
35
43
45
40
31
18
10
7
8
10
14
13
3
-9
-12
-17
-22
-24
-28
-30
-34
-39
-41
-38
-33
-38
-44
-46
-48
-49
-46
-45
-50
-55
-58
-59
-52
-45
-45
-46
-50
-57
-56
-51
-47
-43
-44
-48
-49
-44
-38
-33
-32
-29
-30
-29
-23
-19
-17
-13
-12
-10
-7
-1
4
8
12
17
20
26
28
32
35
33
34
36
45
51
53
51
49
49
51
54
55
52
47
43
42
43
44
40
37
35
33
35
37
38
35
29
22
23
26
29
29
26
22
17
12
8
4
0
-7
-13
-17
-20
-22
-21
-20
-20
-22
-26
-27
-31
-36
-39
-40
-39
-37
-36
-38
-40
-40
-36
-34
-32
-28
-24
-26
-26
-26
-26
-28
-26
-22
-18
-14
-11
-9
-9
-8
-7
-2
2
6
8
9
12
17
19
19
18
16
14
12
12
14
15
17
16
17
19
20
19
17
16
14
13
14
14
14
11
8
5
3
3
2
0
2
2
1
-1
0
2
3
5
6
9
10
13
12
12
11
7
3
0
0
-4
-7
-8
-8
-8
-9
-9
-10
-11
-11
-9
-6
-3
-4
-4
-3
-2
0
0
0
-2
-3
-3
-4
-5
-6
-6
-8
-8
-7
-6
-7
-8
-8
-8
-11
-13
-16
-17
-16
-15
-15
-15
-12
-11
-9
-8
-6
-4
-3
-5
-4
-5
-5
-6
-6
-5
-2
1
3
5
8
8
9
13
11
10
8
9
7
5
5
6
6
3
0
1
4
5
4
4
3
2
2
4
6
7
7
4
1
0
-2
-3
-4
-5
-5
-4
-5
-4
-2
2
5
10
12
12
13
13
15
16
18
19
19
20
20
21
21
22
22
22
22
23
22
21
21
19
19
20
18
18
17
15
13
11
10
7
7
7
7
6
5
3
2
-2
-5
-5
-8
-11
-14
-18
-22
-25
-27
-30
-34
-38
-40
-39
-37
-35
-32
-32
-33
-33
-32
-31
-30
-31
-29
-30
-28
-27
-28
-28
-27
-27
-27
-26
-23
-19
-14
-11
-9
-7
-7
-5
-3
0
2
3
5
5
6
6
4
6
6
7
8
9
9
7
5
6
8
12
13
13
13
16
15
17
18
18
21
22
24
24
25
26
27
28
29
29
28
28
27
27
27
28
28
29
27
26
25
25
25
25
23
21
19
17
16
15
13
9
7
4
3
-1
-3
-5
-8
-9
-11
-11
-13
-14
-14
-17
-18
-17
-18
-18
-20
-23
-25
-27
-27
-29
-30
-31
-33
-32
-31
-30
-29
-28
-27
-26
-23
-19
-17
-17
-15
-15
-15
-12
-8
-8
-7
-7
-2
-1
0
2
2
0
0
2
4
5
5
8
9
10
10
9
8
7
8
10
10
10
11
9
10
10
10
9
8
8
5
6
7
5
6
5
6
5
8
10
12
14
16
15
15
15
16
16
16
16
16
13
11
9
10
10
8
8
6
6
6
7
8
8
9
8
7
5
3
1
0
-2
-3
-5
-6
-9
-10
-15
-15
-15
-15
-14
-11
-12
-12
-15
-16
-16
-17
-19
-21
-23
-26
-26
-25
-25
-24
-27
-26
-26
-26
-24
-24
-22
-21
-19
-18
-17
-16
-14
-12
-8
-6
-4
-1
1
2
4
6
8
8
10
11
13
14
15
16
18
18
18
19
20
21
21
21
20
23
22
23
25
24
25
23
23
21
20
19
17
15
14
14
12
12
11
12
12
15
15
14
14
14
13
12
12
12
11
10
9
9
8
7
2
-1
-4
-6
-8
-8
-8
-9
-10
-11
-11
-12
-11
-12
-13
-13
-13
-14
-14
-17
-20
-20
-21
-20
-20
-21
-21
-22
-24
-24
-24
-25
-24
-26
-26
-24
-22
-20
-18
-19
-19
-19
-18
-16
-16
-15
-15
-14
-14
-12
-10
-10
-10
-9
-7
-5
-1
1
4
4
6
7
8
12
14
15
17
19
20
21
23
24
23
22
22
21
24
23
23
23
22
22
20
21
20
19
17
17
16
14
14
12
13
11
8
6
6
4
3
3
2
2
3
5
4
4
5
5
4
5
4
4
3
2
3
3
2
-1
-4
-6
-7
-8
-9
-9
-11
-12
-11
-12
-12
-12
-12
-12
-11
-13
-14
-13
-14
-14
-14
-16
-18
-17
-17
-18
-17
-18
-18
-18
-16
-16
-15
-13
-14
-12
-12
-11
-11
-10
-8
-6
-5
-3
-3
-3
-3
-3
-2
-2
-2
0
0
3
4
6
7
9
12
13
15
17
18
21
22
22
24
23
24
23
23
21
22
20
20
19
17
17
15
15
13
12
11
9
8
6
5
3
3
1
2
2
1
-1
-3
-5
-6
-6
-8
-9
-10
-9
-10
-11
-11
-11
-11
-11
-11
-13
-14
-15
-14
-14
-15
-16
-16
-16
-16
-16
-16
-16
-16
-16
-15
-14
-13
-13
-14
-12
-13
-12
-10
-6
-4
-1
0
1
2
3
4
4
6
7
6
5
6
7
8
9
9
11
12
12
12
13
11
12
11
10
12
12
13
11
10
10
9
7
8
9
9
12
12
13
14
13
13
13
13
12
12
10
10
11
10
10
9
7
6
6
6
5
5
4
5
3
0
-2
-6
-8
-11
-14
-14
-15
-16
-16
-17
-19
-20
-18
-16
-16
-16
-16
-15
-14
-13
-12
-13
-12
-11
-11
-12
-11
-11
-11
-10
-9
-9
-9
-10
-10
-9
-10
-8
-9
-7
-6
-5
-4
-5
-4
-2
-1
2
3
4
5
5
7
9
10
13
13
13
12
11
12
13
13
14
14
15
12
10
9
8
6
6
8
7
5
6
6
5
4
2
2
1
0
1
1
-1
-2
-2
-3
-2
-3
-1
-2
-1
-2
-2
-2
-2
-1
-1
-1
-2
-2
-1
-1
-2
-1
1
1
2
3
3
4
3
5
4
2
1
1
0
0
1
2
3
3
3
4
4
3
2
1
1
1
0
-2
-2
-1
0
1
0
-2
0
-1
-2
-2
-2
-3
-3
-2
-3
-3
-4
-4
-2
-3
-5
-7
-8
-9
-8
-7
-7
-7
-6
-3
-3
-3
-3
-3
-3
-2
-2
0
0
1
1
2
1
1
2
3
2
1
1
1
1
3
3
2
2
0
0
1
0
-1
0
0
0
2
2
2
3
2
1
1
2
3
2
4
3
3
3
1
1
1
0
0
0
1
2
3
1
2
2
2
1
1
2
4
4
3
1
0
2
2
2
3
2
1
-1
-3
-3
-3
-3
-4
-4
-6
-7
-9
-9
-10
-12
-12
-12
-11
-10
-11
-10
-8
-8
-7
-9
-9
-10
-10
-10
-10
-9
-7
-8
-6
-6
-4
-3
-1
0
1
2
2
3
2
5
6
7
11
12
13
14
14
14
14
15
16
16
17
15
15
15
16
16
18
17
16
15
14
14
12
10
9
9
7
6
6
4
5
3
2
1
0
-1
-1
1
0
0
1
2
2
2
-1
-2
-2
-1
-1
-4
-5
-6
-7
-9
-9
-10
-11
-10
-11
-12
-11
-10
-11
-11
-11
-10
-9
-9
-8
-9
-8
-9
-8
-10
-10
-8
-8
-9
-11
-11
-11
-12
-13
-12
-12
-11
-11
-11
-10
-9
-6
-4
-3
-2
-3
-3
-4
-3
-2
-2
