2
1
1
2
1
0
1
2
2
3
1
1
0
2
2
0
0
0
-1
-2
-3
-3
-4
-5
-5
-6
-4
-4
-5
-3
-2
-4
-2
0
1
0
0
0
1
-1
-1
-1
0
-1
0
0
0
2
4
3
3
2
3
2
2
2
1
-1
-1
-2
-2
-3
-4
-4
-2
-3
-4
-4
-2
-1
-1
-1
0
0
0
2
4
3
2
4
5
6
7
6
5
5
5
4
3
3
2
1
2
2
2
1
0
-3
-3
-1
0
0
-2
-3
-1
-1
-2
-1
-2
-2
-1
-3
-3
-4
-4
-3
-1
-1
-1
-2
-4
-4
-5
-5
-5
-6
-5
-5
-3
-5
-6
-6
-5
-3
-2
-1
-1
-1
1
0
2
4
3
2
2
2
5
5
6
6
3
2
2
1
1
2
3
3
3
1
1
0
-1
1
1
2
1
0
1
1
2
3
2
1
0
1
3
3
3
4
3
2
2
3
1
3
2
1
1
1
1
0
0
1
2
3
0
-1
-2
-2
-4
-2
-1
-2
-1
-2
0
1
2
3
1
1
-1
1
-1
-1
-1
-1
0
-1
-2
-4
-3
-4
-2
-2
-2
-1
-1
-1
-2
-1
0
0
1
0
-2
0
1
3
2
3
2
3
4
4
3
3
1
2
2
1
-1
-1
-2
-2
0
1
0
-1
-2
-1
-1
-2
-1
0
1
-1
-2
-2
-1
-2
-3
-1
-1
0
0
-1
-3
-2
-3
-3
-3
-4
-4
-2
-2
-3
-3
-1
0
-1
-1
0
-2
0
1
-1
0
0
1
1
0
1
2
1
1
0
0
0
-2
-2
-2
0
2
3
4
4
5
6
6
9
8
7
6
7
8
6
5
5
6
5
3
1
0
-1
1
0
-1
-1
-2
-2
-4
-5
-5
-7
-7
-6
-6
-7
-6
-7
-6
-7
-6
-5
-5
-5
-5
-6
-7
-8
-6
-5
-3
-4
-4
-2
-1
-1
0
1
2
1
1
1
2
4
2
5
4
4
5
7
8
7
7
6
6
5
4
4
4
4
3
2
3
4
3
3
3
2
1
1
3
2
0
1
1
1
1
2
2
3
2
2
3
4
3
3
3
3
2
0
0
-1
-3
-3
-4
-5
-5
-5
-5
-7
-5
-5
-4
-4
-5
-4
-2
-4
-6
-5
-6
-4
-4
-5
-6
-6
-5
-4
-5
-4
-3
-3
-3
-3
-3
-3
-4
-5
-3
-3
-1
-1
0
2
2
1
2
3
3
3
5
4
4
4
6
7
7
7
8
8
7
5
6
6
5
5
5
5
4
4
4
5
5
7
6
4
3
1
2
1
1
2
0
0
1
0
0
0
-1
0
1
-1
-3
-3
-3
-5
-4
-5
-6
-6
-7
-7
-4
-4
-6
-7
-5
-4
-7
-8
-8
-7
-8
-7
-6
-7
-7
-8
-6
-7
-7
-6
-5
-4
-4
-3
-1
0
1
0
0
1
3
3
5
4
4
5
7
6
5
5
6
7
6
8
8
8
10
10
10
8
6
7
6
6
5
5
4
3
2
2
2
1
-1
-1
0
0
2
3
3
0
-2
-2
-2
-3
-4
-5
-4
-4
-4
-1
1
-3
-3
-3
-3
-2
-2
-2
-3
-5
-8
-5
-5
-5
-3
-4
-5
-7
-8
-6
-4
-4
-2
-1
-3
-5
-1
2
-2
-1
3
0
-1
3
7
5
1
2
6
4
5
7
6
4
5
3
-1
-1
3
5
7
7
3
3
7
8
10
9
10
7
5
5
7
5
5
7
5
6
3
4
4
4
2
-5
-3
3
-1
-6
-5
-5
-4
-7
-8
-6
-8
-14
-12
-13
-14
-10
-12
-12
-12
-14
-9
-9
-12
-11
-7
-9
-8
-6
-6
-7
-4
-2
-3
-3
-2
-3
-1
4
3
2
-1
-2
5
11
6
8
12
7
5
6
9
13
3
1
9
3
-3
8
9
2
3
2
1
-1
3
10
4
-2
1
5
5
-1
11
13
0
3
7
-4
-1
5
5
12
4
-5
5
5
-3
3
5
3
1
-10
-8
0
0
-1
3
-3
-13
-7
-2
-8
4
6
-11
-10
-5
-5
0
3
-3
-7
-10
-8
-2
0
-5
-1
3
0
4
0
-13
0
9
1
5
11
-4
-15
-6
7
15
4
1
6
-8
-15
4
14
13
6
-4
-11
-2
1
-7
5
16
-8
-15
0
-6
0
12
-2
-4
2
1
10
10
4
14
10
-4
9
8
-3
1
8
9
1
-4
-11
2
7
-9
-2
6
-16
-22
2
12
11
4
-16
-9
7
-14
-12
15
3
-9
-6
-11
3
15
1
-9
-7
-12
-6
3
-4
13
-6
-34
0
-3
-19
-4
-7
-11
-7
1
15
0
-8
0
-20
-8
6
3
12
-6
-7
3
-7
2
20
-9
-11
16
-1
-2
5
15
32
-1
-16
10
1
-3
3
-10
7
4
1
7
-2
-12
-15
18
2
-22
16
32
-24
3
42
21
-8
-19
7
10
23
4
22
10
-25
10
16
-15
26
39
-37
-19
24
18
19
2
-11
24
-3
-41
14
17
-8
15
-16
-28
17
23
-32
-20
29
-26
-7
32
5
-6
-14
-45
-6
21
0
-7
-22
2
-10
-3
32
34
-33
-32
17
-5
-25
18
20
-36
7
14
-45
-14
37
12
-30
-18
8
4
-18
17
36
-5
21
-17
-25
36
12
-56
-8
55
23
-10
-49
5
3
-56
-16
54
25
-40
-56
40
46
-85
-25
30
13
4
-56
-16
77
-45
-83
71
77
-37
-88
8
46
-26
-36
75
49
-35
21
-76
-11
78
-38
-7
75
-35
-108
-2
42
27
14
3
-47
22
11
-23
76
24
-82
45
11
-61
39
39
-28
37
10
-112
97
-1
-58
87
-29
-57
41
-13
-23
53
-4
-35
-29
12
14
23
13
-40
10
14
-18
7
2
31
-7
23
52
-51
46
40
-4
13
8
-43
-21
88
23
-81
65
94
-149
30
51
-63
55
8
-66
83
12
-74
110
-15
-83
71
-22
-84
105
-16
-13
67
-109
-20
94
-44
-72
117
6
-122
48
43
-56
115
-25
-95
53
-104
-39
95
-42
-33
108
-120
-33
97
-85
-6
87
-34
-85
42
-58
33
13
-92
67
4
-112
82
106
-199
63
171
-186
-37
176
-37
-33
13
40
-15
-67
19
79
3
-50
68
-93
-12
38
66
-53
28
34
-165
107
57
-67
-27
63
-72
-19
30
-31
81
-103
88
39
-228
122
120
-127
-4
67
-21
70
-80
36
-3
-175
188
-96
-186
220
-25
-260
122
93
-140
-142
91
90
-197
26
182
-18
-53
68
-103
95
-21
68
78
-72
107
-52
-53
169
63
-212
238
-102
-129
177
-85
34
72
-51
87
67
-180
41
71
-51
64
-3
28
28
-57
48
-64
11
37
-17
-66
121
-68
-94
256
-50
-48
32
-21
-24
18
104
-8
-25
87
-31
-74
98
-79
4
222
-314
57
268
-286
-102
215
-78
-148
181
-237
-47
142
-134
-117
175
85
-189
54
48
-31
-40
144
-119
39
103
-176
31
48
-105
7
209
-223
-49
247
-53
-251
132
104
-130
52
13
-65
75
96
-257
60
252
-283
-100
264
-277
162
207
-355
164
262
-280
-11
340
-189
29
50
-98
77
57
-106
-107
259
-91
-248
114
115
-271
65
128
-346
365
-160
-358
442
-7
-247
199
97
-330
176
-11
17
202
-205
-36
150
55
-295
190
162
-178
-194
142
-45
-45
95
-334
257
65
-390
214
253
-300
228
-22
-10
320
-401
76
485
-389
-140
587
-300
-170
208
-217
225
-26
-404
297
165
-329
105
71
52
20
-156
133
224
-84
-276
255
323
-469
-86
549
-293
-55
35
62
129
-292
-85
341
-9
-596
417
70
-285
82
120
-137
119
-70
-185
505
-216
-158
233
44
-13
-10
122
59
-13
-61
26
70
-160
82
-63
12
13
-232
162
-184
-86
139
-31
-214
141
-68
-121
351
-322
159
-5
1
199
-203
99
71
65
-244
309
-194
21
139
-382
390
-206
-114
61
58
-212
217
-139
-238
218
-153
309
-443
292
25
-235
225
24
-161
238
96
-379
490
-257
76
97
-89
143
-43
-157
194
-93
-236
350
-268
-91
79
-21
-61
-139
310
-173
-126
123
-35
43
-128
174
-22
-13
82
-31
25
234
-261
33
301
-545
414
25
-413
320
-87
-188
112
-31
-120
157
-177
22
14
-58
179
-114
-58
179
-24
-123
136
-141
234
-79
3
228
-399
325
-46
-280
333
-12
-288
351
-160
-122
311
-280
255
16
-297
270
38
-321
549
-135
-474
607
-109
-159
192
-232
343
-195
-377
695
-372
-58
258
-244
202
-118
-26
14
135
-159
-110
113
166
-147
-155
461
-353
-81
172
-107
-74
311
-181
-193
615
-705
318
27
-100
274
-477
365
-96
-174
254
-219
-48
433
-404
56
64
5
-79
-24
319
-490
240
185
-410
191
27
-107
136
-282
308
-47
-250
311
-164
133
-250
118
67
-81
-39
-38
238
-71
-227
120
-21
-212
150
-143
183
-256
161
64
-376
401
-106
-172
328
-99
-203
297
-70
16
50
3
13
-94
125
-179
-13
11
96
-94
-180
487
-417
-128
587
-558
83
296
-79
-158
40
311
-147
-224
420
-195
-132
440
-464
136
353
-546
216
347
-502
118
196
-253
90
-27
-106
253
-286
89
41
-121
76
192
-396
181
140
-264
17
156
17
-207
175
95
-329
100
335
-453
279
104
-312
273
-132
-129
206
-26
-54
32
-40
127
65
-443
515
-76
-242
22
286
-332
121
222
-299
395
-74
-94
46
114
-280
262
37
-301
197
29
-109
50
255
-281
123
186
-408
297
25
-42
-19
148
-96
-7
137
-188
91
85
-266
294
-94
-259
378
-298
67
-31
-24
53
109
-292
241
22
-238
285
-425
412
-392
322
-206
-53
342
-454
312
-167
109
-326
188
-1
-150
-40
77
-21
-138
33
-149
94
118
-311
37
153
-295
102
130
-15
-147
446
-450
154
325
-354
180
-30
71
-264
189
-8
-201
277
-56
-153
373
-194
-191
283
-80
-239
350
-274
85
190
-262
261
85
33
-367
645
-366
-131
489
-346
-9
303
-57
-361
474
110
-585
468
175
-763
769
-228
-498
400
209
-712
412
275
-524
400
-227
228
-302
140
39
-238
247
-280
110
-153
243
-42
-198
399
-297
-57
87
124
-332
136
372
-654
224
346
-538
311
332
-516
152
107
-385
320
-148
120
31
-64
109
-157
287
-190
171
24
-256
58
324
-509
420
135
-501
356
91
-209
-133
618
-551
358
-62
-197
158
136
-116
-249
482
-355
92
-27
209
-47
-64
-72
-211
189
-119
91
-98
71
114
-377
313
74
-240
66
33
-146
-119
343
-17
-139
380
-356
139
-9
-77
54
27
-63
1
-83
-305
582
-411
-9
186
-135
-212
287
-152
-184
298
-113
-298
218
12
-225
326
-73
128
-248
149
-73
-160
386
-218
-147
96
-105
48
46
-135
389
-221
-160
324
-314
327
51
-475
546
-177
-201
348
36
38
-118
181
-287
298
-185
-185
328
-340
129
-103
89
67
-93
-157
196
-25
-144
-26
254
161
-470
392
-129
-5
311
-302
99
176
-296
-69
233
-163
57
39
-100
-104
70
-88
80
195
-276
349
-347
196
78
-54
344
-183
101
-149
113
31
59
-109
161
-294
196
-14
-332
388
-241
23
-62
-132
51
6
127
-137
84
250
-307
90
90
38
160
-199
-73
252
-122
-99
199
-148
-136
-42
117
-312
356
126
-583
384
-24
-409
421
72
-235
290
-374
190
65
-138
111
-80
73
-276
120
-154
210
141
-398
381
-217
-91
43
-92
166
-114
-18
-10
13
118
155
-145
198
37
-56
232
-418
605
-386
164
159
-507
539
-490
282
115
-331
-36
342
-611
281
12
-309
347
-259
100
-42
156
-157
118
-158
24
129
-150
90
-2
134
-107
-20
23
2
44
93
-246
37
364
-578
349
148
-238
145
-90
-46
331
-254
93
218
-297
176
-120
-192
533
-380
-19
515
-682
391
-168
-109
220
-197
-257
351
-299
-29
221
-117
221
-207
12
8
322
-441
250
265
-325
189
-188
120
65
110
-297
215
-65
50
-131
-110
238
-486
397
-513
365
-174
-58
336
-315
136
-41
163
-427
418
90
-389
547
-98
-161
480
-159
-120
415
-363
113
297
-490
360
-38
-204
44
-125
41
-123
224
-164
-236
412
-401
146
7
-157
224
-271
81
-110
312
124
-526
534
28
-518
518
-379
160
224
-432
301
-106
-61
258
-519
372
145
-472
367
-291
161
50
-156
163
-137
4
-162
71
-72
182
3
-223
304
-97
-104
26
33
169
-188
-224
490
-237
-267
750
-550
163
238
-563
505
-303
-40
227
-380
267
17
-246
217
36
-70
85
-88
263
-256
57
328
-512
305
-25
-119
130
0
84
-68
24
96
-67
82
-225
223
-206
-155
469
-480
271
200
-349
214
-32
-162
318
-467
265
-175
-239
401
-421
336
-188
100
426
-498
161
235
-301
134
-180
226
-33
-270
426
-196
68
188
-328
352
-234
28
-27
-68
107
-105
-115
168
-156
183
-170
-205
804
-976
427
212
-322
32
89
8
-380
590
-345
48
271
-296
234
54
-293
343
124
-707
668
-308
-123
414
-449
545
-688
412
-370
-459
900
-703
-316
810
-512
-110
465
-178
283
-68
161
32
41
101
205
-182
334
-179
-41
9
139
-161
45
-21
-230
334
-624
108
450
-800
605
-352
-377
550
-710
240
342
-335
176
177
-575
862
-608
367
-7
-337
516
-369
-21
330
118
-348
378
-168
-142
52
7
-248
122
115
-72
-223
476
91
-752
685
-24
-604
514
-100
-146
394
-341
308
118
-397
436
-243
261
114
-393
612
-272
-115
229
-370
322
-551
207
27
-369
476
-378
25
87
-248
38
298
-502
757
-455
269
256
-692
761
-462
128
9
-154
-57
179
33
-37
344
-440
304
-213
-93
127
26
-228
304
-150
-343
568
-620
509
-410
210
452
-734
520
19
-363
551
-671
-32
861
-1525
1035
95
-703
1039
-844
498
-277
-11
142
-312
141
300
-457
327
109
-634
857
-764
238
53
-290
189
-36
166
-340
504
-131
-173
421
-362
281
-161
36
386
-328
118
-32
-359
173
-78
110
208
-377
316
27
-377
262
-116
-75
0
-257
423
-571
563
-60
-325
523
-179
-186
175
246
-382
-36
346
-75
-343
395
-130
-204
325
-286
-90
288
-355
194
238
-430
199
36
-105
136
-224
212
-72
154
-368
472
-37
115
-39
-177
215
-561
565
-616
298
272
-472
-5
535
-468
55
685
-754
455
-33
-203
201
137
156
-300
62
416
-510
-184
477
-329
133
-68
88
-152
-25
-147
-275
302
-88
-106
-214
449
-80
23
261
4
-92
47
46
-84
657
-311
256
-86
-238
449
-627
52
344
-543
370
14
-461
419
-113
-215
-281
259
-122
33
-270
247
-90
205
112
-442
459
-425
-116
128
283
-310
71
369
-173
249
-202
149
1
-153
376
-265
39
285
-239
-279
115
85
-313
-137
231
-38
-444
611
-225
-380
694
-743
-177
218
-126
-509
754
6
-37
-118
181
123
-201
25
-113
402
-282
545
-122
402
-64
250
-281
-46
320
-440
22
301
-16
-178
50
-298
-183
-36
-215
-84
234
-371
207
404
-177
-203
338
-144
-149
273
65
549
-272
487
72
-196
79
-202
-355
-28
352
-790
546
-22
-33
-467
402
-202
-427
207
-169
-66
-43
531
-488
513
-2
61
-9
24
-61
263
-357
274
245
-380
171
-29
24
-239
117
-112
151
42
-179
131
59
-445
406
-20
-58
42
60
-315
439
-195
63
108
-82
18
-487
594
-379
-28
53
562
-141
67
202
-20
-91
-283
374
-491
7
418
-182
79
503
-412
-314
396
-595
-67
-44
99
95
-65
-151
189
22
-301
289
-418
418
-352
526
-179
190
215
-338
199
-374
279
-72
465
-329
464
-104
-398
146
-585
-258
-402
60
-585
286
125
-456
663
-119
-261
586
-92
-277
747
-52
318
357
86
-137
317
-285
-241
488
-195
-179
80
519
-855
579
-518
-481
140
-557
-36
-110
569
-359
284
-37
-121
583
-710
280
393
-387
-36
529
96
-298
449
-123
355
-636
375
-111
-105
499
-345
385
-196
204
-344
-262
220
-383
68
155
-36
329
-253
-50
431
-340
-368
524
-230
-80
504
-412
-95
292
86
-820
424
45
-1085
635
-126
-363
149
277
-468
195
304
-481
570
320
50
298
780
-418
363
29
-104
13
-315
379
-488
154
-35
-57
-214
323
-269
-259
-223
-301
190
-367
226
-118
-5
32
-17
66
201
183
-250
600
22
321
17
137
159
-527
142
-313
55
-204
273
-501
486
9
-691
306
-308
-94
-450
326
32
-233
397
62
-54
143
-71
-317
207
450
-584
382
455
-7
-289
496
-121
-262
208
-300
313
-209
105
-478
258
-94
-456
-221
-37
-174
-307
385
-106
408
-79
136
90
316
20
-420
431
-50
116
-161
669
-145
43
-39
-65
-169
-153
159
-335
634
-456
-4
-2
-320
-293
-19
-538
24
406
-459
611
281
71
-91
203
97
-343
336
47
-115
495
114
-343
280
55
-405
-54
66
154
-427
266
296
79
-88
-190
37
-538
270
-236
164
416
111
-176
-282
210
-149
-615
13
315
-593
528
-26
-254
667
-367
-529
566
24
-416
310
603
-161
-41
681
-547
182
193
-523
57
684
-369
-101
353
-233
-59
-320
339
-113
-230
27
285
-109
-276
285
-593
-275
120
-335
-185
269
-104
-403
475
195
-154
23
452
-463
46
550
-167
446
319
-68
-18
542
-33
-309
102
215
-311
30
496
-499
29
146
-272
-171
105
-131
-405
363
-196
-196
140
-20
-357
-138
-36
-237
-21
-107
180
67
-21
148
-61
114
58
28
-86
331
271
23
290
-80
-54
-83
-41
-221
-15
80
-156
-24
154
-281
-151
109
-570
-96
162
-230
-8
236
270
-121
221
379
-4
66
156
114
36
173
-10
-4
144
-4
-254
-79
-89
-290
-72
-362
-16
-293
-178
-149
-150
165
-230
3
276
218
39
636
170
279
563
181
191
247
114
114
96
-40
253
-333
-72
-141
-459
-143
-391
-584
-351
-372
-556
-137
-207
-48
-206
123
9
231
259
-131
603
573
-29
588
759
-40
361
246
-16
-57
331
-437
-222
277
-417
-117
-372
-283
-272
-647
-195
176
-373
43
184
-249
249
-10
219
-156
226
646
-453
223
696
-130
-133
475
-21
-234
117
-205
-270
205
166
-708
-117
523
-693
-439
447
115
-332
229
-68
22
450
-202
160
386
171
-213
128
411
276
-238
-213
298
-172
-575
-66
155
-465
-64
-205
-230
229
-43
-444
-3
537
-475
-234
736
-2
-121
356
46
82
339
-74
98
211
185
-284
-318
448
-59
-548
15
345
-338
-191
51
-93
33
-256
-292
180
216
-428
-92
309
184
14
-208
361
280
-219
-162
397
220
-224
-67
79
350
26
-222
65
362
-152
-301
138
137
77
-219
-158
244
59
-525
-58
274
-275
-164
37
5
189
86
-316
112
188
-180
59
144
267
147
-208
117
372
-238
-196
304
82
-40
266
72
-19
270
-147
-377
303
-50
-414
30
155
-132
-174
-34
-82
3
-118
-244
-160
-107
-274
-88
148
41
-80
27
260
65
-66
188
145
-47
87
86
157
108
-305
-114
16
-208
-225
-30
-39
-214
-334
-400
-268
-343
-408
-398
-191
-148
-316
-155
-17
41
-225
-91
125
187
265
528
607
538
710
643
717
802
768
610
712
872
615
501
582
416
292
331
102
-69
-2
-203
-406
-191
-78
-410
-607
-376
-342
-887
-659
-437
-776
-543
-302
-642
-430
-147
-524
-558
-110
-177
-788
-229
164
-274
-382
0
-233
-602
-239
-132
-514
-368
-291
-782
-488
-176
-568
-852
-271
-365
-912
-441
-116
-267
62
542
437
555
931
882
774
1171
1438
1142
1515
2128
2031
1926
2091
1747
1380
1503
1310
1051
1209
1150
821
662
528
29
-605
-650
-932
-1107
-939
-1068
-1166
-1194
-1336
-1606
-1667
-1571
-1536
-1341
-1021
-851
-636
-459
-308
-212
-255
-113
-186
-190
87
74
44
4
-147
-320
-617
-656
-698
-1079
-1151
-1122
-1247
-1236
-1213
-1214
-1279
-1244
-1324
-1328
-826
-315
176
636
1014
1143
1060
1246
1507
1620
1841
2113
2328
2582
2829
2951
2656
2282
1911
1488
1426
1376
1145
1017
729
319
-93
-373
-511
-884
-940
-911
-1029
-985
-903
-947
-1009
-936
-909
-787
-473
-240
-113
69
120
103
118
193
158
49
-16
-41
-128
-195
-276
-576
-684
-850
-1105
-1274
-1360
-1621
-1775
-1671
-1703
-1823
-1868
-1740
-1799
-1832
-1752
-1621
-1495
-1379
-1094
-906
-743
-419
-200
121
830
1380
1678
1861
1898
1858
1942
2248
2519
2745
2972
3078
3154
3097
2868
2513
1910
1527
1273
1147
1233
1118
699
45
-418
-787
-1106
-1084
-940
-885
-809
-862
-940
-900
-1006
-1042
-1024
-715
-179
264
595
714
591
325
178
191
218
295
362
283
198
-40
-403
-754
-1222
-1589
-1748
-1799
-1825
-1946
-2163
-2338
-2553
-2733
-2761
-2727
-2564
-2314
-2024
-1882
-1658
-1408
-1311
-1126
-900
-671
-292
251
799
1399
2010
2432
2455
2324
2276
2327
2526
2823
3208
3492
3622
3594
3261
2968
2659
2010
1513
1320
1353
1379
1243
948
231
-518
-1082
-1395
-1362
-1172
-1084
-979
-955
-1036
-1100
-1264
-1346
-1429
-1267
-802
-204
323
578
572
385
235
210
208
339
437
368
285
79
-197
-489
-925
-1339
-1567
-1716
-1866
-1981
-2158
-2412
-2668
-2841
-2904
-2906
-2886
-2824
-2618
-2340
-1966
-1700
-1434
-1122
-1002
-897
-433
241
820
1356
1857
2552
3133
3192
2966
2941
3020
3087
3236
3686
4204
4288
3959
3506
3279
2751
2003
1484
1314
1314
1129
852
521
-152
-1085
-1813
-2024
-1838
-1721
-1675
-1474
-1319
-1373
-1567
-1564
-1415
-1397
-1208
-701
36
578
650
548
479
378
260
310
590
730
544
276
88
-88
-489
-1003
-1383
-1617
-1797
-2008
-2174
-2257
-2536
-2927
-3068
-3008
-2956
-2966
-2865
-2632
-2301
-1985
-1787
-1561
-1372
-1238
-1025
-444
229
728
1212
1713
2494
3217
3342
3079
2862
2954
3262
3543
4064
4498
4477
4140
3683
3495
3310
2710
1979
1557
1449
1264
861
461
-231
-1138
-1969
-2312
-1952
-1655
-1688
-1823
-1924
-1871
-1923
-1942
-1646
-1421
-1285
-953
-219
566
787
619
484
551
677
710
889
1081
882
406
48
-98
-357
-961
-1526
-1803
-2003
-2290
-2620
-2823
-2949
-3184
-3477
-3507
-3370
-3354
-3335
-3007
-2403
-1934
-1695
-1556
-1262
-929
-685
-308
406
1108
1542
1971
2925
4103
4337
3679
3107
3283
3707
3973
4437
4996
5056
4345
3459
3493
3725
2913
1695
1055
1083
1042
636
321
-157
-1235
-2534
-3076
-2397
-1722
-1844
-2240
-2337
-2087
-2109
-2145
-1658
-1218
-1175
-1187
-523
641
1092
770
555
664
842
802
881
1181
995
280
-239
-197
-183
-735
-1483
-1851
-2046
-2440
-2875
-2977
-2961
-3183
-3355
-3218
-2975
-3022
-3162
-2938
-2345
-1818
-1491
-1218
-953
-771
-645
-243
349
839
1219
1609
2177
3257
4167
4172
3420
2819
2996
3527
4006
4420
4611
4410
3713
3100
3404
3617
2845
1696
1056
1021
941
612
230
-416
-1333
-2437
-2780
-2033
-1560
-1842
-2452
-2664
-2308
-2073
-1989
-1730
-1402
-1274
-1318
-779
205
685
565
368
636
938
786
717
743
592
162
-201
-33
20
-591
-1412
-1888
-2039
-2404
-2858
-3006
-2915
-2851
-2980
-2925
-2817
-3066
-3187
-2914
-2272
-1506
-1211
-1103
-1036
-962
-617
-145
417
815
1020
1484
1959
2990
4510
4664
3370
2319
2773
3981
4510
4731
4971
4906
4223
3297
3764
4748
3934
2124
1120
1239
1369
787
413
102
-849
-2283
-3083
-2316
-1650
-2264
-3129
-3380
-2758
-2499
-2779
-2458
-1991
-1944
-2161
-1758
-452
255
31
-21
462
931
556
189
526
667
310
-10
307
571
-309
-1310
-1514
-1399
-1827
-2785
-2960
-2506
-2429
-2541
-2570
-2513
-2846
-3403
-2996
-1975
-1257
-1041
-1030
-847
-850
-730
-139
381
673
729
974
1784
2391
3380
4556
4420
3209
2515
3398
4481
4437
4383
4732
5026
4658
3790
4273
4873
3602
1617
770
1263
1368
413
-158
-352
-1078
-2735
-3891
-3107
-2472
-3239
-4070
-3861
-2847
-2927
-3809
-3442
-2547
-2466
-2857
-2186
-423
287
-177
-209
615
1106
274
-50
1014
1587
1021
542
1022
1342
222
-829
-552
-203
-1029
-2330
-2250
-1379
-1567
-2254
-2320
-2097
-2565
-3386
-2858
-1557
-1288
-1782
-1875
-1140
-755
-1103
-876
-185
121
81
350
1562
2394
2650
3758
4655
4153
2967
2926
4350
5087
4951
5155
5801
5746
4122
3485
4806
4820
2781
759
759
1675
681
-687
-862
-1159
-2946
-5290
-4875
-2790
-2870
-4674
-5520
-4203
-3420
-4519
-4404
-2703
-1914
-2887
-3380
-1098
1067
552
-469
253
1871
1683
745
1656
2907
2421
933
883
2250
1889
80
-553
116
36
-1587
-2334
-1492
-1387
-2469
-3198
-2738
-2518
-3564
-3937
-2741
-1769
-2103
-2635
-1900
-1002
-1411
-1649
-667
321
244
47
1160
2786
3213
3653
4912
5454
4180
2905
3966
5809
6071
5322
5380
6066
5260
3538
3821
4775
3643
927
-461
582
904
-921
-2374
-2452
-2774
-4857
-6101
-4492
-3204
-4471
-6361
-5738
-3537
-3447
-4535
-3872
-2057
-1530
-2462
-1693
892
1829
699
347
2242
3680
2602
1615
2416
3330
2455
1116
1711
2504
1288
-545
-771
178
-482
-2511
-3123
-2318
-2139
-3177
-3745
-3269
-3411
-4224
-4040
-2598
-1724
-2313
-2702
-1885
-888
-633
-564
191
833
864
1077
2269
3509
4005
4840
5656
5067
3856
3868
5265
5958
5106
4683
5291
5230
3739
3073
4321
4187
1425
-953
-814
266
-686
-2420
-2552
-2420
-4015
-6132
-5770
-3775
-3855
-5817
-6340
-4353
-2857
-3751
-4226
-2605
-1231
-1788
-2256
-230
2127
1785
529
1493
3757
3857
2111
1904
3283
3417
1872
1410
2674
2579
490
-648
202
426
-1485
-3189
-2805
-2049
-2665
-3489
-3210
-3015
-3929
-4455
-3314
-2026
-2258
-2935
-2427
-1169
-698
-773
-136
620
542
595
1613
2951
3205
3530
5053
5899
4732
3226
3768
5434
5226
4021
4566
5859
5068
2588
2253
3959
3403
124
-1854
-681
269
-1667
-3321
-2541
-2078
-4517
-7073
-5843
-3269
-3877
-6214
-5942
-3206
-2451
-4203
-4195
-1764
-482
-1683
-1884
934
3140
2126
895
2458
4687
4077
2143
2359
3951
3736
1976
1790
3112
2691
405
-654
203
50
-2171
-3610
-2833
-2114
-3021
-3963
-3598
-3351
-4358
-4940
-3766
-2412
-2527
-2934
-2059
-781
-606
-869
-322
610
962
1318
2489
3730
3833
3996
5225
5933
4759
3275
3826
5368
5296
4202
4289
4993
3985
1837
1756
3164
2410
-663
-2447
-1478
-774
-2359
-3721
-3212
-3129
-5264
-6840
-5270
-3181
-3960
-6032
-5565
-2962
-2073
-3121
-2861
-889
-10
-955
-658
2017
3825
2927
1848
3065
4773
4248
2873
3097
4064
3547
2120
2033
2814
2061
33
-837
-290
-625
-2385
-3501
-3167
-2896
-3619
-4148
-3794
-3715
-4396
-4619
-3679
-2684
-2554
-2407
-1521
-681
-564
-537
159
879
938
1180
2280
3292
3338
3413
4734
5805
4716
2675
2525
4079
4553
3597
3324
3998
3498
1541
888
2288
2544
151
-2101
-1792
-731
-1432
-2782
-2744
-2458
-3873
-5725
-5156
-3019
-2719
-4472
-5103
-3331
-1706
-1998
-2438
-1289
-62
-408
-697
982
3191
3376
2189
2330
3867
4433
3444
2878
3528
3749
2764
2042
2393
2411
1006
-545
-840
-684
-1523
-2916
-3416
-3092
-3136
-3777
-4234
-4094
-3939
-4091
-4007
-3377
-2588
-2107
-1783
-1112
-320
65
77
255
889
1569
1996
2363
2691
2939
3102
3766
4928
4995
3328
1469
1262
2422
3194
3148
2909
2514
1281
-266
-264
1145
1537
-50
-1903
-2187
-1445
-1432
-2000
-2179
-2332
-3414
-4654
-4111
-2227
-1385
-2258
-3000
-2106
-957
-1055
-1302
-336
900
899
473
1432
3117
3428
2406
2184
3270
3762
2879
2196
2722
3118
2193
1044
1024
1110
-83
-1568
-1764
-1338
-2000
-3407
-3701
-2920
-2806
-3726
-4168
-3603
-3277
-3563
-3269
-1903
-746
-845
-1264
-706
297
527
265
713
1828
2245
1641
1378
1944
2214
1565
1618
3245
3897
1879
-468
-241
1506
1885
1114
1218
1789
725
-1084
-628
1804
2547
528
-1337
-1010
36
-106
-668
-366
-231
-1552
-2932
-2090
103
694
-806
-1886
-1134
-215
-454
-592
432
1176
375
-571
232
1868
2174
1202
944
1791
2169
1517
988
1305
1497
779
-10
181
606
-106
-1474
-1990
-1633
-1604
-2298
-2547
-1948
-1687
-2363
-2960
-2541
-1681
-1292
-1220
-800
-247
-221
-568
-465
321
979
935
503
405
683
620
77
-334
-362
-464
-698
-432
609
1131
104
-1585
-1880
-565
646
940
987
1229
995
401
718
2462
3709
2971
1418
1030
1792
2223
2058
2061
2022
1171
-55
-80
1047
1536
512
-840
-1152
-713
-567
-896
-1011
-973
-1304
-1821
-1645
-643
43
-318
-944
-850
-234
-58
-254
-177
95
-21
-326
-160
240
109
-487
-740
-448
-235
-381
-500
-313
-118
-247
-444
-308
49
124
-196
-467
-368
-144
-192
-352
-334
-356
-816
-1526
-1830
-1732
-1884
-2518
-3041
-2982
-2625
-2454
-2117
-1009
-104
-845
-2412
-2230
130
2079
2086
1737
2635
3392
2742
2588
4770
6935
6112
3681
3234
4766
5226
4008
3398
3902
3249
995
-220
753
1509
-88
-2332
-2675
-1888
-2314
-3755
-4060
-3237
-3168
-4175
-4289
-2873
-1908
-2606
-3330
-2398
-894
-565
-944
-575
436
795
580
951
1940
2234
1546
1137
1646
2298
2250
1943
2016
2050
1504
787
566
772
686
130
-470
-800
-1065
-1502
-1947
-2284
-2608
-3112
-3732
-4188
-4306
-4260
-4443
-4853
-4898
-4392
-3715
-3238
-2376
-897
-37
-629
-1207
198
2670
3825
3572
4029
5417
5791
5127
5820
8149
8950
6925
4911
5250
6190
5339
3915
3845
3878
1793
-1051
-1683
-587
-794
-2940
-4430
-4164
-4137
-5501
-6406
-5411
-4223
-4758
-5865
-5268
-3488
-2775
-3269
-2879
-1118
131
8
18
1277
2499
2459
2210
3172
4460
4376
3309
3047
3764
3976
3214
2677
2924
2728
1317
-88
-315
-26
-559
-1711
-2418
-2730
-3535
-4673
-5040
-4561
-4474
-5296
-6213
-6394
-6043
-5758
-5412
-4775
-4003
-3696
-3571
-2924
-1082
1222
2337
1748
1162
2345
4389
5625
6095
7084
8057
7432
6081
6644
9033
9798
7737
5549
5225
5209
3846
2670
2972
2903
367
-2661
-3157
-2044
-2449
-4466
-5421
-4901
-5225
-6874
-7322
-5645
-4328
-4973
-5765
-4689
-3017
-2679
-2832
-1529
550
1207
712
1153
2813
3743
3351
3253
4343
5158
4585
3763
3877
4119
3361
2302
2177
2475
1769
120
-1064
-1334
-1651
-2501
-3241
-3585
-4225
-5427
-6263
-6015
-5400
-5502
-6149
-6475
-6274
-5906
-5324
-4294
-3222
-2768
-2721
-2285
-1090
501
2165
3546
4116
3801
3592
4443
5960
7181
7750
7914
7623
6872
6325
6689
7422
7213
5828
4208
3058
2294
1745
1502
1194
104
-1796
-3413
-3942
-3803
-3838
-4174
-4580
-5087
-5752
-6075
-5501
-4394
-3592
-3336
-3193
-2830
-2262
-1435
-268
947
1684
1908
2071
2466
2990
3468
3907
4109
3926
3517
3247
3113
2754
2112
1517
1134
693
21
-740
-1447
-2214
-3028
-3582
-3780
-3989
-4586
-5346
-5770
-5751
-5515
-5260
-5007
-4923
-4992
-4861
-4122
-2986
-2040
-1541
-1231
-807
-187
678
1955
3368
4333
4438
4126
4131
4760
5635
6297
6608
6489
5907
5089
4712
5039
5553
5325
4237
2861
1734
945
551
633
747
84
-1450
-2929
-3431
-3180
-2882
-2810
-2828
-3090
-3733
-4240
-3862
-2663
-1649
-1347
-1375
-1182
-834
-506
65
1030
1913
2099
1752
1586
1813
2067
2122
2205
2361
2234
1625
911
505
301
-22
-445
-752
-1060
-1676
-2579
-3312
-3619
-3690
-3800
-3948
-4065
-4275
-4632
-4841
-4584
-3982
-3438
-3152
-2916
-2553
-2085
-1564
-919
-178
450
843
1176
1682
2292
2815
3234
3691
4120
4227
4011
3861
4043
4317
4302
4058
3859
3677
3290
2804
2587
2595
2364
1685
969
576
389
123
-120
-221
-389
-874
-1424
-1582
-1340
-1108
-1076
-1053
-985
-1017
-1147
-1057
-629
-142
80
65
-2
-38
-20
136
436
668
592
224
-152
-297
-223
-62
5
-164
-594
-1150
-1570
-1720
-1667
-1609
-1701
-1983
-2383
-2747
-2914
-2862
-2682
-2483
-2344
-2306
-2348
-2345
-2200
-1910
-1570
-1245
-954
-742
-601
-428
-133
282
683
986
1188
1304
1373
1482
1753
2118
2376
2390
2252
2149
2126
2163
2269
2449
2514
2260
1828
1567
1592
1651
1553
1394
1263
1059
761
612
733
922
894
677
503
425
328
217
215
292
275
92
-104
-190
-206
-256
-338
-381
-428
-542
-688
-766
-753
-734
-790
-861
-884
-868
-858
-868
-885
-926
-993
-1041
-1037
-1004
-996
-1035
-1099
-1153
-1161
-1119
-1085
-1127
-1218
-1293
-1307
-1265
-1190
-1115
-1087
-1129
-1179
-1156
-1062
-936
-794
-651
-537
-456
-355
-176
55
252
417
609
818
997
1153
1333
1554
1731
1809
1830
1871
1912
1892
1832
1795
1772
1660
1443
1235
1119
1056
953
821
699
560
390
222
107
21
-91
-226
-338
-394
-438
-493
-542
-548
-519
-493
-466
-449
-433
-430
-410
-345
-247
-167
-124
-109
-90
-68
-15
76
177
240
250
237
216
202
201
194
152
75
-2
-60
-105
-198
-338
-486
-622
-746
-853
-945
-1048
-1179
-1332
-1441
-1474
-1430
-1353
-1276
-1213
-1165
-1097
-973
-767
-520
-277
-48
155
329
500
692
912
1115
1237
1287
1309
1335
1345
1352
1375
1376
1305
1142
961
821
719
632
535
415
241
30
-168
-312
-423
-519
-593
-644
-704
-796
-885
-917
-884
-801
-684
-563
-494
-498
-510
-429
-258
-62
106
216
254
234
238
341
506
625
675
707
735
719
675
666
693
692
635
586
566
500
367
229
149
90
-15
-136
-231
-325
-449
-566
-626
-652
-699
-747
-726
-638
-549
-499
-440
-349
-259
-172
-54
105
240
298
308
331
361
377
395
427
423
329
180
50
-25
-64
-88
-121
-211
-373
-553
-671
-706
-689
-661
-641
-662
-736
-812
-792
-663
-515
-418
-367
-305
-235
-157
-40
121
273
354
389
445
535
619
674
722
759
758
719
686
676
647
591
546
540
526
460
377
320
288
243
184
142
104
30
-66
-132
-155
-173
-223
-280
-326
-361
-394
-390
-334
-263
-218
-190
-152
-95
-43
9
78
157
217
244
275
309
340
362
360
328
280
222
170
122
63
-15
-109
-221
-336
-419
-468
-521
-597
-686
-755
-793
-808
-801
-770
-735
-718
-703
-650
-533
-397
-286
-197
-104
-15
63
151
272
401
496
539
565
607
639
648
658
670
668
634
577
534
500
449
394
353
331
290
213
133
74
32
-18
-62
-76
-92
-150
-233
-288
-285
-256
-251
-257
-254
-253
-256
-234
-154
-55
1
4
-5
5
15
40
99
176
212
175
116
90
96
97
90
81
48
-42
-158
-234
-246
-235
-255
-296
-339
-396
-467
-516
-519
-492
-473
-454
-418
-378
-355
-330
-275
-183
-73
32
125
196
254
307
360
420
480
537
572
582
583
583
570
541
514
492
470
433
384
339
295
236
174
134
118
102
66
16
-13
-39
-84
-133
-150
-133
-140
-178
-212
-216
-221
-239
-241
-201
-163
-163
-177
-158
-116
-98
-110
-118
-116
-138
-183
-203
-177
-156
-187
-242
-276
-290
-325
-358
-359
-337
-349
-403
-442
-437
-421
-417
-400
-355
-322
-313
-291
-227
-145
-85
-38
33
128
215
290
368
451
509
547
589
648
693
709
712
717
712
690
658
630
601
551
487
423
356
272
189
123
72
23
-40
-112
-179
-232
-259
-262
-259
-266
-285
-306
-313
-300
-265
-226
-201
-192
-185
-167
-139
-110
-85
-63
-45
-36
-32
-24
-16
-21
-42
-66
-87
-111
-146
-185
-211
-234
-257
-286
-318
-348
-382
-412
-421
-415
-412
-416
-409
-386
-357
-329
-288
-223
-158
-101
-40
35
112
178
242
325
411
474
519
564
607
636
649
667
685
680
653
622
598
566
513
452
395
330
248
168
105
52
-13
-87
-147
-198
-249
-297
-330
-346
-350
-352
-351
-346
-342
-339
-324
-290
-246
-206
-176
-150
-124
-99
-72
-43
-16
-5
-8
-12
-14
-22
-40
-64
-84
-110
-144
-176
-205
-233
-266
-292
-307
-315
-323
-333
-336
-333
-333
-324
-294
-252
-205
-158
-101
-42
10
65
134
216
287
349
412
466
504
529
562
604
628
628
621
610
589
551
518
493
460
407
340
278
219
155
92
44
1
-59
-124
-173
-200
-226
-256
-274
-279
-286
-301
-301
-283
-267
-263
-253
-231
-202
-185
-169
-150
-137
-131
-125
-110
-96
-101
-114
-124
-133
-148
-169
-178
-176
-184
-206
-231
-245
-254
-265
-274
-270
-265
-273
-287
-293
-281
-261
-237
-205
-166
-128
-95
-62
-20
30
87
147
203
254
291
318
343
378
425
470
498
505
500
489
478
473
481
482
457
412
367
333
311
284
249
212
169
125
88
71
57
30
-8
-32
-41
-54
-73
-87
-93
-104
-119
-128
-123
-119
-133
-151
-160
-162
-174
-186
-190
-197
-219
-243
-256
-257
-269
-296
-317
-326
-337
-352
-355
-343
-336
-342
-348
-340
-324
-312
-304
-287
-261
-238
-216
-186
-153
-126
-101
-66
-24
16
51
84
121
156
185
213
243
269
283
296
315
332
339
340
348
357
353
338
328
322
311
296
287
279
263
234
210
204
201
192
179
168
157
140
125
119
116
104
84
70
64
48
26
11
-1
-17
-40
-60
-76
-98
-128
-156
-172
-189
-211
-232
-250
-270
-296
-316
-324
-323
-325
-325
-323
-317
-311
-302
-282
-255
-235
-220
-203
-182
-163
-140
-109
-80
-61
-51
-35
-12
6
15
29
44
52
54
56
62
63
54
49
50
55
48
34
27
29
31
35
49
68
74
74
87
118
150
172
194
220
243
261
281
310
338
356
367
383
398
396
385
370
356
333
302
270
242
204
149
91
35
-14
-68
-122
-170
-214
-266
-315
-354
-384
-408
-426
-432
-432
-435
-434
-420
-387
-348
-309
-266
-225
-187
-150
-108
-56
-3
44
76
102
120
137
155
174
191
196
192
182
166
141
105
70
35
-6
-48
-93
-141
-186
-231
-270
-302
-329
-352
-373
-383
-384
-371
-346
-318
-279
-231
-177
-117
-55
11
82
148
216
287
358
419
470
508
540
568
588
601
604
597
575
543
498
445
386
327
265
200
126
43
-38
-116
-182
-238
-289
-341
-388
-427
-446
-442
-423
-396
-371
-348
-320
-278
-219
-154
-91
-32
27
79
123
168
213
253
282
299
313
319
314
300
284
267
241
204
161
110
50
-14
-72
-124
-179
-238
-295
-345
-389
-436
-473
-491
-497
-505
-509
-499
-475
-446
-415
-373
-320
-264
-213
-149
-75
1
64
119
179
248
312
365
420
472
509
529
537
547
550
538
515
485
445
388
321
252
185
113
36
-39
-109
-173
-236
-291
-335
-367
-393
-407
-411
-402
-384
-359
-325
-284
-236
-176
-112
-54
-1
53
106
150
189
233
272
296
301
301
299
289
268
244
218
177
118
60
8
-43
-97
-152
-198
-244
-292
-336
-366
-379
-389
-399
-395
-380
-361
-341
-311
-268
-224
-179
-130
-75
-20
29
80
140
197
245
288
334
382
420
454
484
512
530
535
534
531
518
498
472
440
399
345
286
223
155
81
8
-63
-130
-192
-257
-317
-369
-414
-453
-477
-490
-495
-491
-477
-457
-436
-410
-373
-326
-279
-235
-191
-144
-101
-62
-23
14
41
58
72
85
88
80
67
57
45
15
-18
-48
-80
-121
-159
-184
-195
-213
-235
-246
-242
-230
-220
-200
-162
-119
-78
-32
25
85
132
175
225
285
345
391
438
485
516
540
562
586
612
618
615
603
589
571
544
516
484
448
402
345
288
230
172
115
56
-2
-64
-129
-192
-251
-298
-342
-385
-422
-451
-476
-502
-524
-531
-531
-533
-530
-518
-492
-467
-449
-427
-397
-369
-349
-328
-299
-269
-253
-240
-222
-198
-188
-187
-186
-178
-177
-187
-198
-194
-189
-190
-189
-179
-158
-147
-134
-109
-69
-29
10
51
96
145
189
233
289
349
400
446
495
540
577
605
629
658
673
685
696
701
702
687
661
636
611
580
539
490
439
387
334
282
224
166
100
34
-29
-94
-149
-204
-259
-304
-346
-387
-426
-458
-488
-513
-538
-559
-567
-567
-566
-562
-559
-547
-528
-521
-500
-467
-442
-420
-402
-379
-345
-321
-307
-280
-251
-230
-213
-200
-173
-143
-128
-115
-80
-55
-55
-33
-3
31
70
85
102
136
168
188
216
253
280
308
332
359
394
423
438
465
490
506
516
515
532
539
538
547
544
539
526
492
464
443
414
387
364
328
274
215
176
140
93
37
-20
-72
-130
-196
-244
-288
-324
-371
-411
-445
-481
-503
-532
-564
-580
-587
-588
-581
-575
-553
-555
-555
-551
-540
-495
-460
-444
-409
-385
-367
-357
-338
-290
-253
-214
-166
-143
-123
-98
-73
-20
27
77
108
139
173
200
243
275
311
359
381
402
428
430
463
487
494
517
522
552
539
537
554
543
506
545
541
455
487
448
418
400
386
316
371
329
247
205
196
113
-6
-19
-62
-37
-109
-120
-193
-199
-323
-366
-461
-496
-532
-521
-523
-515
-482
-505
-451
-535
-558
-586
-565
-630
-563
-575
-498
-470
-395
-348
-319
-313
-353
-331
-363
-329
-300
-247
-241
-166
-129
-68
-47
-10
23
63
90
117
161
226
239
255
276
296
355
435
517
553
526
488
485
465
464
482
520
532
540
533
591
556
521
483
448
364
312
332
324
384
383
328
348
391
329
309
233
90
10
-20
-70
12
69
-3
-78
-140
-281
-371
-389
-491
-513
-534
-553
-557
-531
-534
-549
-631
-713
-716
-718
-645
-519
-472
-526
-534
-563
-568
-530
-522
-474
-439
-385
-334
-258
-141
-103
-161
-221
-235
-266
-201
-112
46
145
199
225
201
215
222
232
241
273
341
438
541
632
602
579
558
465
448
530
538
603
628
600
573
520
485
449
470
471
400
451
477
391
419
364
287
262
253
211
282
217
169
177
131
33
-97
-93
-249
-312
-330
-364
-377
-339
-413
-472
-455
-594
-607
-594
-601
-659
-581
-597
-706
-517
-545
-685
-551
-503
-593
-469
-312
-473
-423
-306
-470
-484
-298
-289
-293
-143
-124
-109
-182
-33
89
-125
-4
220
-12
68
340
84
238
537
182
338
572
312
407
644
396
549
671
283
460
633
428
413
787
460
425
584
318
376
529
452
279
527
355
184
302
322
224
173
393
67
35
140
84
-92
88
-70
-319
55
-341
-275
-100
-330
-342
-228
-340
-548
-330
-324
-528
-435
-338
-431
-458
-417
-524
-260
-407
-510
-308
-336
-443
-324
-305
-361
-211
-374
-112
-439
-366
-100
-287
-350
145
-142
-408
190
-161
-213
12
158
-205
236
357
26
246
386
199
28
501
64
269
465
313
402
455
226
191
259
352
222
172
481
294
-53
544
262
-222
771
-133
33
623
0
-211
722
64
-360
682
-113
-82
266
242
-334
200
129
-492
303
-169
-133
88
-260
-294
-35
-136
-478
242
-151
-546
269
-259
-590
220
-146
-677
461
-301
-388
231
-279
9
-14
-158
-193
82
-512
19
68
-413
-40
158
-329
-210
201
-453
-182
301
-223
-411
548
-121
-236
511
162
-412
590
-51
-136
781
-180
163
734
-298
-9
567
-357
92
326
58
-131
166
241
-402
-24
243
-695
128
53
-65
-217
183
175
-782
206
153
-399
-188
662
-236
-173
284
124
-356
203
516
-968
394
402
-653
340
462
-78
-153
193
126
-476
20
516
-277
-152
887
-499
171
640
-614
280
61
-254
-94
402
-100
-152
411
81
-473
120
468
-941
272
72
-466
321
138
61
-245
273
-151
-293
-25
454
38
-179
596
227
-277
277
559
-371
4
596
-525
-5
482
-370
152
86
-318
-375
142
-448
-184
109
-527
-103
-415
-164
-208
-172
-482
163
-310
-325
40
-235
-186
114
-23
-281
271
-360
-1
161
-6
-236
544
52
80
75
281
-150
97
597
-332
388
109
50
163
404
49
7
14
140
161
-114
340
13
-101
182
-205
-72
260
-38
-205
426
-623
-102
529
-487
300
152
190
-390
-246
490
-408
6
307
179
-132
102
483
81
-99
307
-89
-324
420
-61
214
200
485
-479
-325
300
-522
-93
190
-78
-575
8
-261
-217
-472
-5
-65
-654
8
-175
-421
21
63
-379
176
-53
-229
196
-284
261
-206
138
682
-502
586
653
-549
283
610
-463
260
377
311
66
348
316
-557
381
143
-601
270
555
-380
370
399
-527
-119
-29
-455
-5
-166
-137
149
-44
-299
239
-152
-425
5
-208
-21
137
124
-171
393
-79
-253
182
412
-329
263
257
-110
368
186
289
19
167
37
-107
-287
73
195
-355
98
128
-236
-346
41
-386
-286
-59
-639
24
-84
71
-558
-83
92
-672
213
-135
-229
538
-132
-65
608
-224
-33
559
79
84
543
236
110
416
466
-192
14
448
-10
409
12
-77
118
176
-457
254
204
-483
280
-338
-120
-211
-371
152
-246
-545
224
-321
-446
160
-463
-293
74
-181
-279
409
189
-650
477
74
-498
705
280
-231
429
381
-445
200
670
-272
-56
505
-300
-126
599
-316
-14
287
-262
-472
51
85
-204
78
-132
-629
-170
-97
-467
124
124
-418
-104
-92
-367
210
58
108
161
-25
196
176
128
437
386
65
594
228
-72
719
70
-17
233
199
-84
306
232
-240
183
121
-134
-353
280
-374
-241
141
-416
-49
-101
-176
-434
-305
30
-496
121
10
-232
-35
-184
-23
-227
308
51
-96
89
274
-153
208
479
50
395
-171
351
-115
-60
388
45
-23
213
77
-115
332
-24
-352
-289
26
-403
-348
68
178
-502
-248
22
-740
-364
168
-206
-315
17
271
-259
-409
613
-131
-476
472
-4
93
443
300
215
303
241
-255
156
171
225
1
345
147
107
27
93
-66
-102
490
-482
275
-345
-144
81
-311
39
-158
50
-526
-98
-296
-168
-301
112
246
-234
-98
112
-162
-88
601
-289
270
272
-142
401
114
305
431
-282
428
87
-200
357
130
223
-17
-16
56
-163
-198
88
133
-529
36
280
-716
34
-160
-280
-160
-237
38
-529
-193
286
-535
126
287
-76
42
45
357
-249
-22
454
-130
111
425
62
-4
-77
711
-488
176
659
-365
392
-65
253
208
-399
256
-166
-240
-70
94
-223
-372
153
-229
-502
101
29
-819
129
-220
-176
-336
316
-108
-550
615
-448
30
-18
226
145
-310
684
-24
-92
656
-7
70
404
-64
276
151
421
68
193
438
-347
133
-54
48
-46
-58
296
-414
-27
407
-1064
442
-6
-846
318
-208
-144
-254
85
-136
-301
150
95
-142
202
-230
364
-3
121
564
-564
915
-372
-12
783
-590
430
344
-412
572
-161
-348
694
-832
237
-180
-80
-162
-379
297
-410
-187
-217
112
-744
-18
9
-633
-56
262
-700
55
287
-935
593
-285
-135
349
-161
372
-106
92
219
-111
77
557
-280
323
354
-123
-103
755
60
-557
937
-412
114
51
186
26
-225
371
-134
-304
326
-57
-478
579
-630
64
262
-283
237
-44
181
-142
310
-115
104
344
-313
503
51
222
193
34
405
-108
-51
425
-89
134
269
-74
41
-96
109
-338
-35
320
-537
-11
226
-603
72
-183
-190
-154
-506
115
-817
238
-260
-657
483
-819
50
-19
-363
-116
114
-290
-48
-31
165
-43
55
385
-466
880
-515
285
456
-367
644
-266
412
130
-355
450
-179
-9
-38
-96
256
-236
168
88
-271
256
-132
-424
546
-302
-138
260
-122
88
-218
712
-619
161
703
-719
566
276
134
-103
637
-204
60
459
-6
-65
71
592
-657
663
67
-270
146
-241
85
-383
207
-124
-133
-133
33
-105
-478
498
-821
-224
366
-512
-278
69
-7
-563
292
-122
-262
17
50
-72
-166
560
-401
153
27
38
-73
50
169
-184
380
-87
148
28
146
-48
146
-69
75
163
-339
251
-201
42
75
-266
135
-104
-299
93
-57
-137
52
-100
55
-305
265
-140
-78
352
-358
173
55
72
-61
101
146
-78
122
265
-194
199
90
-43
354
-245
462
-247
244
89
-239
525
-399
226
26
-227
328
-190
61
137
-340
344
-118
-336
522
-395
175
2
-1
82
-448
511
-546
83
359
-428
256
-31
130
-15
-64
305
-263
80
314
-433
325
174
-317
260
-57
-140
39
-21
29
-151
45
43
-265
69
-132
-260
93
-287
-152
-105
-138
-75
-215
-90
-26
-109
-175
-29
-201
26
-14
-94
-41
156
-5
-185
306
-92
-123
189
-197
74
83
-11
-80
15
81
54
-319
423
-144
-134
504
-466
453
71
-107
146
133
-13
169
160
90
299
-141
538
-53
91
433
-259
496
-162
322
-63
116
251
-233
319
-53
152
-359
575
-391
-110
475
-579
78
-19
25
-425
291
-267
-139
48
-277
245
-322
154
-108
-223
57
-3
-323
63
139
-564
269
-69
-373
261
-435
108
-338
-201
152
-555
240
-213
-176
216
-158
-194
198
-50
-426
521
-170
-227
337
-66
-296
339
-62
-356
619
-545
517
-167
250
409
-449
757
-187
165
258
96
14
362
50
125
360
-141
198
189
-23
55
503
-425
574
-74
-20
492
-437
473
-167
-146
269
-173
-262
345
-241
-223
157
-166
-388
88
-225
-310
226
-377
38
-167
-291
100
-459
32
-109
-477
233
-335
-391
337
-385
-135
96
-274
-239
170
-27
-350
407
-271
17
-114
-6
151
-241
214
155
-164
187
157
-262
367
-48
181
127
-185
640
-270
373
293
-116
384
19
222
-46
485
47
130
190
118
139
89
149
194
183
-63
357
-72
187
224
-303
531
-236
-215
395
-404
274
-165
6
135
-372
246
-121
-316
111
-187
-122
-196
31
-161
-589
161
-317
-600
161
-351
-394
-4
-409
36
-797
309
-221
-866
618
-729
35
-122
-136
188
-568
331
-296
-354
541
-179
-290
722
-242
-116
478
-33
151
58
562
-303
139
641
-410
363
523
-59
-25
566
205
-146
716
393
-324
565
572
-387
407
557
-149
5
410
140
-312
382
197
-482
449
151
-412
352
196
-288
-15
214
-108
-349
406
-226
-410
507
-453
-170
91
-33
-357
-139
112
-480
-195
90
-228
-532
164
-294
-620
60
-251
-550
-156
91
-693
-227
196
-530
-171
-79
-50
-482
145
69
-383
195
40
-223
-64
383
-253
78
294
-156
249
194
-1
307
147
114
190
225
187
207
159
275
199
-35
456
-114
263
339
8
231
235
197
-26
322
133
12
-2
288
-91
24
332
-242
234
-72
-10
26
-70
213
-254
255
-51
-156
249
-151
29
57
-134
70
-55
-58
109
-387
207
-274
-276
228
-462
-76
-1
-331
-152
-78
-207
-281
-144
-265
-379
-16
-385
-88
-259
-205
-21
-455
-4
-86
-395
266
-78
-216
461
-258
147
308
-112
229
176
-84
365
27
166
369
-33
332
185
-48
320
208
-150
517
54
37
319
41
40
100
-59
123
30
-138
328
-150
-82
327
-323
123
91
-233
228
-55
-95
230
-79
-33
211
-208
73
78
-166
4
107
-287
313
-255
-134
429
-679
319
71
-650
446
-358
-254
217
-558
211
-244
-445
375
-650
-100
48
-505
46
-269
-136
-152
-83
-162
-175
116
-308
97
133
-404
543
-182
20
458
-298
499
56
-12
628
-307
263
573
-329
599
350
-152
679
-76
126
363
-82
372
29
-3
251
59
-116
257
-79
-110
120
-121
-176
217
-228
-72
292
-503
215
-26
-346
378
-305
19
155
-421
399
-342
-105
412
-613
228
69
-375
293
-172
-9
-11
-195
106
-235
-76
3
-306
-51
-194
-90
-295
-33
-45
-458
167
-340
-239
10
-275
-165
-60
-145
-32
-82
17
117
-159
251
-151
147
18
117
141
78
380
-45
336
145
172
197
286
36
370
200
139
347
-15
377
-13
121
328
-41
168
200
-58
171
145
-97
151
-61
-38
-40
-38
136
-248
247
-134
-200
112
-302
-24
-144
-117
-58
-221
113
-268
-129
240
-387
-22
59
-266
-26
-177
34
-111
-244
123
-309
-166
25
-256
-38
-134
-124
-139
-132
-118
-223
45
-310
-107
-124
-215
52
-311
145
-69
-237
152
-49
-64
121
-7
58
199
-5
358
11
276
200
-47
405
-34
249
202
196
252
129
309
179
162
280
105
226
176
146
275
45
226
172
-72
205
64
-58
253
-100
77
35
-17
105
-222
183
-144
-200
138
-206
10
-145
-28
-112
-194
-96
-145
-196
-68
-90
-230
-34
-221
-25
-275
-10
-111
-369
106
-357
-102
-135
-206
0
-359
5
-253
-190
-69
-268
32
-116
-91
-7
25
-45
41
-74
115
-60
-57
276
-174
290
-3
80
179
-111
274
-25
82
204
13
151
128
57
154
72
99
157
-88
260
126
14
264
137
134
-6
349
-25
-25
448
-159
115
319
-93
264
-15
138
127
-215
301
6
-249
300
-50
-238
212
-126
-83
-124
35
-70
-345
145
-224
-231
-143
-121
-252
-193
3
-266
-182
11
-287
-127
9
-231
-5
-219
76
-160
-172
221
-170
-119
322
-248
32
174
-167
143
-23
57
-17
-18
182
-177
89
144
-215
155
-28
19
-31
32
93
-221
143
-21
-129
165
-100
178
0
67
219
-28
87
194
-33
83
184
46
89
155
180
-109
333
-68
99
225
-120
304
12
26
168
51
-49
129
-13
-103
103
-98
-95
128
-211
23
-40
-224
69
-245
13
-53
-161
63
-183
-44
-48
-214
83
-217
-29
-6
-195
140
-177
67
-104
26
82
-263
300
-140
-46
193
-214
92
94
-236
221
-50
-182
189
-217
110
-91
-62
121
-221
34
-10
-141
-45
22
-177
102
-140
-50
112
-148
6
117
-79
-2
211
-183
210
55
-25
222
40
57
236
-21
106
279
-122
237
156
-36
143
155
-72
140
50
-57
143
-66
1
51
-114
47
-60
-83
23
-121
-39
-102
22
-121
-66
24
-42
-110
54
3
-109
34
81
-106
3
146
-141
129
-23
-5
112
-121
90
56
-136
112
39
-82
21
72
-109
-52
110
-255
47
1
-249
122
-258
-56
52
-393
205
-175
-229
239
-248
-20
55
-77
-29
-5
91
-51
-42
243
-165
185
56
-21
202
-69
258
-103
179
159
-133
254
59
-103
249
-36
-17
187
-133
190
-97
56
94
-77
27
20
6
-108
172
-201
101
-15
-23
20
-34
92
-124
46
26
-7
-67
133
-54
-128
179
-132
-85
119
-84
-60
124
-163
44
1
-149
192
-263
101
35
-210
83
-20
-141
52
-60
-137
73
-138
-56
-12
-36
-104
-9
-57
-93
-16
-40
-65
35
-43
-73
123
-154
104
-42
16
49
-68
180
-96
87
129
-99
166
77
-82
211
-62
158
21
-46
280
-179
171
89
-67
162
-62
115
-10
15
115
-41
39
101
-78
59
46
-64
117
6
-14
93
-43
8
95
-155
160
-34
-138
193
-171
64
46
-144
89
-59
-63
7
-57
8
-132
55
-58
-200
155
-194
-34
3
-145
43
-125
-75
49
-172
6
36
-205
93
-89
-82
56
-207
85
-35
-193
175
-120
-43
96
-164
145
-46
-47
182
-138
111
31
-23
145
-88
156
38
-58
202
-47
73
124
-53
165
-15
5
157
-86
89
94
-113
153
-2
-26
146
-103
109
0
-4
96
-80
108
34
-41
89
-15
6
36
-66
156
-112
61
118
-206
212
-59
-84
131
-123
67
-8
-113
163
-180
-53
91
-193
-6
2
-158
23
-123
-18
-48
-191
117
-191
-91
95
-207
-33
44
-155
-1
-62
-41
-27
-120
100
-125
-55
161
-266
146
-7
-116
151
-128
117
22
-53
153
-40
57
130
-139
244
-48
8
213
-146
228
-32
2
182
-108
147
33
-60
180
-78
102
69
-129
255
-165
11
180
-178
121
21
-54
122
-62
49
74
-102
142
-29
12
83
-58
123
-61
19
104
-135
105
4
-98
122
-99
-3
46
-144
92
-93
-73
46
-211
79
-68
-196
101
-123
-119
21
-120
-24
-66
-31
-16
-147
142
-128
-79
190
-218
66
90
-160
145
-20
-3
97
-115
154
-53
-49
155
-117
108
-18
-68
162
-137
55
67
-154
175
-73
-55
144
-120
55
37
-76
76
-16
1
38
-26
60
-32
42
29
-62
116
-70
18
73
-80
88
-17
-40
93
-95
60
46
-130
139
-48
-66
104
-91
37
19
-76
75
-43
-1
27
-52
64
-25
-19
59
-48
25
27
-55
36
-24
-5
-10
-56
59
-66
-17
2
-56
24
-49
-21
22
-44
23
-30
-4
67
-108
75
54
-111
112
-3
-41
78
-35
36
25
-36
77
4
-14
82
-26
53
-11
32
38
-62
88
-32
-17
66
-99
58
7
-142
154
-71
-90
131
-105
1
61
-79
46
-2
31
-35
8
89
-73
79
33
2
102
-3
19
80
-24
53
-15
-66
62
-108
-36
-20
-82
-24
-114
-23
-61
-69
-2
-77
6
4
-42
27
29
-1
60
3
38
47
-7
77
-1
24
34
-12
3
19
-12
-33
-11
-29
-27
-45
-35
-40
-53
-31
-56
-30
-6
-47
-21
2
-8
-8
32
39
5
60
41
27
78
23
57
54
16
31
3
10
13
-18
-7
-23
-35
-12
-55
6
0
-57
-24
-15
-35
-29
25
-51
17
31
-74
21
51
-37
24
14
-3
16
-26
10
29
28
-6
38
7
8
31
-3
56
29
-6
30
2
20
26
4
3
35
7
-10
3
33
10
-14
10
-27
33
-36
-15
48
-31
6
18
-27
-6
32
-22
-13
40
2
-25
45
-15
-15
43
-32
10
5
-25
-5
6
-26
3
-2
5
-29
12
5
-11
28
-33
13
9
-3
-33
-26
10
-21
-33
5
-28
-21
8
-37
2
-7
-15
-7
-43
-1
-3
-44
-9
1
-32
-21
-45
1
-16
-13
-21
-11
57
-44
0
41
11
3
8
4
28
-3
3
50
4
51
7
-1
73
-7
45
51
19
21
21
47
-1
8
24
4
-27
-34
-19
5
-52
-16
-32
-37
8
-54
-29
29
-38
17
-9
-1
14
-18
19
-20
18
-19
-30
1
-5
-20
33
-11
-5
32
-3
6
-2
20
26
-41
26
-8
-35
44
-42
-22
29
-30
-21
17
6
6
-13
7
16
1
-13
-7
30
-6
-22
30
-17
27
-11
5
56
-13
29
48
20
16
59
12
40
19
3
36
-1
23
-17
19
29
-43
23
4
-28
22
-48
-15
-2
-43
-17
-47
-16
-20
-68
0
-44
-28
-4
-64
27
-19
-20
25
-29
39
11
-13
45
-1
25
26
10
22
18
9
14
16
17
-14
23
7
-20
34
-12
-2
12
5
-2
-9
2
11
-31
4
2
-34
-2
6
-23
-4
-3
-1
-4
-10
20
-5
15
7
-4
17
-3
-8
5
-1
-4
-6
-7
8
-12
5
6
-18
21
-9
-14
-3
-13
-2
-26
-18
-21
-12
-1
-27
-23
-8
-14
-27
-27
-14
-18
-41
-5
-17
-35
-4
-18
-15
-6
0
-4
2
14
3
12
9
17
16
23
37
28
42
33
49
34
33
55
19
31
12
18
32
-1
9
22
-8
5
2
-1
19
-14
0
0
0
0
-3
3
-5
-1
-4
-1
-1
1
7
5
-12
2
13
0
2
18
-6
14
1
-29
26
5
-25
3
-17
-19
-5
-33
-19
-4
-26
-36
-22
-21
-38
-22
-36
-33
-12
-49
-16
-23
-23
-6
-14
-8
7
6
1
16
5
27
9
18
38
17
24
26
17
28
31
30
24
27
33
15
31
35
13
43
22
3
35
13
17
13
-1
16
-7
-5
3
-16
-4
-8
-28
-17
-19
-14
-17
-25
-9
-29
-27
-28
-31
-20
-29
-22
-29
-16
-9
-27
-1
3
-17
-4
-12
-13
-1
-17
-17
-19
-28
-10
-26
-31
4
-23
-25
0
-15
-11
-2
-7
0
-5
-1
4
0
12
9
13
6
19
22
3
34
23
14
43
21
32
49
35
39
35
31
41
27
23
33
22
9
18
21
8
19
7
-1
18
5
3
7
0
1
-2
-17
-12
-7
-23
-17
-21
-21
-13
-22
-10
-7
-4
-1
-6
-5
-1
-11
-6
-5
-12
-12
-23
-8
-17
-22
-14
-23
-9
-21
-18
-3
-23
-9
-6
-21
-13
-8
-17
-15
-15
-12
-16
-18
-11
-11
-10
-7
2
1
1
8
3
8
9
8
13
12
11
15
21
17
23
18
33
31
26
42
36
31
44
34
24
33
26
20
14
14
10
3
2
0
3
-1
-3
1
-5
-7
-12
-12
-8
-21
-22
-17
-29
-30
-21
-30
-37
-25
-34
-24
-31
-28
-18
-26
-13
-19
-7
-5
-6
1
2
0
-2
1
2
8
-7
1
0
-7
-4
-11
-6
-11
-12
-12
-14
-11
-13
-19
-13
-7
-12
-8
-3
-4
3
3
12
15
18
26
30
24
31
40
28
37
28
28
30
27
21
24
25
10
27
14
10
14
3
9
5
-8
-1
-3
-14
-5
-6
-10
-6
-12
-11
-2
-7
-13
-2
-4
-8
-3
-6
-4
-2
-8
2
-8
-8
-1
-15
-11
-4
-11
-8
-1
-3
2
-2
3
4
2
3
4
2
-2
-1
-5
-8
-6
-9
-12
-3
-14
-10
3
-10
-4
-3
1
-1
3
2
3
1
0
5
4
4
9
8
9
13
9
16
13
19
16
14
13
14
13
2
10
2
0
1
-5
-4
-2
-8
-7
-2
-14
-8
-8
-9
-5
-10
-13
-10
-13
-15
-15
-18
-20
-19
-22
-21
-19
-16
-17
-12
-13
-12
-10
-12
-7
-5
-10
-4
-8
-9
-9
-9
-1
2
-4
3
8
5
8
8
18
12
15
14
14
17
7
10
13
9
11
4
9
8
6
8
7
11
5
5
7
11
10
8
9
15
13
8
13
16
17
13
14
18
17
19
15
14
15
12
9
5
3
3
0
-8
-5
-8
-9
-9
-12
-5
-9
-12
-7
-9
-4
-9
-9
-5
-11
-15
-11
-17
-18
-14
-20
-21
-20
-20
-18
-16
-15
-8
-9
-11
-7
-7
-2
-5
-2
-4
-3
-1
0
-2
2
1
1
5
4
10
6
11
7
12
10
7
12
6
15
7
4
11
9
11
9
6
9
10
6
8
8
9
9
8
6
7
5
3
4
0
6
0
3
3
2
1
-2
-2
-1
1
-2
-5
-5
-5
-9
-7
-12
-14
-7
-13
-15
-18
-16
-21
-18
-21
-21
-15
-21
-17
-13
-16
-14
-12
-20
-15
-18
-18
-15
-15
-15
-8
-9
-6
0
-3
1
7
7
8
11
11
14
14
12
17
19
19
17
20
19
19
19
19
22
22
19
18
18
18
18
14
18
18
19
18
17
18
17
19
17
18
16
16
16
13
10
11
9
7
8
4
6
3
1
-1
-4
-5
-9
-8
-12
-10
-16
-14
-14
-17
-16
-22
-22
-23
-24
-23
-25
-27
-25
-26
-23
-22
-23
-21
-20
-18
-19
-17
-20
-17
-17
-17
-14
-16
-13
-14
-12
-9
-6
-7
-2
-2
-2
4
2
4
6
7
10
11
11
12
12
13
13
14
17
16
16
16
16
15
17
18
16
16
13
15
13
16
16
14
13
10
11
11
10
6
8
8
7
5
6
5
2
4
-1
3
-1
1
0
-2
2
-3
-2
-1
-6
-4
-7
-8
-9
-11
-13
-10
-12
-16
-17
-22
-17
-20
-21
-20
-21
-20
-20
-16
-17
-13
-14
-16
-11
-13
-10
-10
-12
-10
-5
-8
-5
-5
-5
1
0
2
5
6
8
9
11
10
14
15
16
17
16
19
19
18
19
19
19
23
22
19
22
23
20
24
19
15
16
14
15
17
12
12
16
11
11
10
8
6
5
-1
1
-2
-8
-5
