-6
-5
-3
-2
-3
-3
-1
-3
-4
-1
1
0
-1
-1
1
1
-1
1
2
2
2
3
4
5
6
6
6
4
4
4
4
3
3
4
4
2
1
2
2
1
-1
0
2
2
3
2
0
0
1
0
1
-1
-3
-2
-1
0
-1
0
1
-2
-3
-5
-4
-5
-3
-1
-2
-3
-4
-3
-2
0
-1
-1
-1
-1
-2
-2
-1
-1
-1
-4
-4
-3
-3
-2
-2
-2
-1
-4
-2
-2
-2
-2
-2
-1
0
1
1
3
3
2
3
4
5
6
6
5
6
7
7
5
4
5
4
3
4
4
1
3
4
3
2
1
2
4
4
5
6
4
4
5
4
5
7
8
7
5
6
5
5
4
3
3
3
2
-1
0
0
0
-2
-4
-5
-5
-4
-4
-4
-5
-4
-4
-3
-2
-3
-2
-3
-1
-1
-2
-2
-2
-2
-1
-2
-5
-5
-6
-7
-7
-6
-6
-5
-5
-5
-4
-5
-6
-7
-4
-3
-1
-1
-3
-4
-3
-1
-1
0
1
2
1
0
-1
2
5
6
5
4
3
2
2
0
0
0
0
-1
-1
-1
-1
-1
-1
-1
-1
-1
-1
-1
-1
-1
-1
-1
1
3
1
0
1
2
2
3
4
5
3
1
0
2
2
1
0
0
-1
-3
-3
-3
-2
0
-2
-3
-2
-4
-4
-2
1
2
1
-1
-2
0
1
2
4
4
4
4
5
3
3
2
2
4
3
3
3
4
4
3
1
2
3
3
0
1
1
2
2
1
0
0
0
-1
-2
-1
-1
-1
0
-2
0
2
1
2
1
2
1
0
2
1
3
5
4
1
0
-1
1
2
1
0
0
1
0
0
1
1
1
0
-1
-2
-3
-1
-1
-1
-3
-1
-2
-2
-1
-1
-1
-1
-2
-2
0
1
2
2
1
-1
-2
-4
-4
-4
-1
-1
-1
-2
-4
-4
-4
-5
-6
-6
-5
-4
-4
-4
-5
-5
-4
-3
-3
-4
-4
-3
-1
0
1
0
-2
-1
1
0
-1
0
-1
-1
-2
-1
0
0
1
1
1
3
3
3
3
3
3
2
3
4
3
4
2
1
1
3
2
2
1
2
2
0
-1
1
0
2
2
2
0
-2
0
1
2
1
0
-2
-2
-1
-1
-1
-1
-1
2
0
0
-1
-2
-3
-4
-5
-5
-4
-3
0
0
-1
-2
-1
-1
-1
-3
-5
-6
-6
-6
-5
-4
-3
-2
-3
-3
-2
-1
1
2
1
1
6
9
10
11
11
9
7
5
5
7
5
3
3
4
3
1
2
4
7
7
6
5
6
3
0
3
3
2
2
2
2
3
1
-1
0
0
0
1
0
0
-1
-1
-2
-1
-1
-1
-1
-2
-1
-2
-1
-1
0
2
1
0
0
-1
-2
-2
-2
-2
-1
-4
-7
-7
-3
-3
-2
-3
-3
-5
-7
-6
-4
-3
-3
-4
-2
-1
0
3
4
1
0
-1
-1
0
0
-1
-2
-3
-3
-3
-4
-4
-4
-5
-5
-4
-3
-3
-2
-3
-4
-6
-4
-3
-3
-3
-4
-2
-1
-2
-2
-1
1
3
3
1
2
1
1
0
1
-2
-2
-2
1
2
1
2
0
-1
-1
-1
-1
-1
-2
-3
-4
-4
-3
-3
-2
1
0
0
2
4
4
5
7
7
7
7
8
5
7
7
8
6
4
2
2
4
5
4
4
2
0
1
1
2
4
4
2
1
1
2
2
5
7
5
3
2
1
1
1
2
1
2
0
-1
-1
0
0
1
2
2
2
1
1
1
1
1
2
1
-1
-3
0
1
2
1
3
6
7
6
5
6
6
4
1
0
0
0
0
0
0
0
-1
-1
-1
-5
-5
-5
-5
-6
-6
-4
-4
-5
-7
-8
-7
-7
-6
-5
-6
-5
-7
-7
-6
-5
-5
-3
-3
-5
-5
-5
-3
-2
-3
-3
-4
-3
-3
-3
-1
-1
-2
-5
-5
-5
-1
0
-2
-3
-4
-5
-4
-5
-4
-6
-5
-4
-4
-3
-2
-2
-1
0
-1
-1
-2
0
2
4
2
1
1
2
1
2
3
3
2
1
1
1
3
1
1
0
-1
-2
-2
-2
-2
0
3
4
2
-1
-3
-3
2
9
11
10
7
7
7
5
7
10
12
13
8
4
5
8
13
16
16
16
19
23
20
12
9
12
14
7
-2
-6
0
8
6
-1
-4
2
6
2
-7
-6
2
8
9
8
8
1
-7
-11
-3
10
10
1
-3
-3
-7
-16
-18
-9
-2
-7
-16
-16
-14
-17
-28
-29
-14
0
-2
-14
-18
-11
-3
-10
-20
-16
-4
-4
-16
-22
-14
-2
2
0
0
4
3
-7
-15
-7
8
21
19
5
-4
4
22
26
8
-14
-23
-14
-6
-15
-27
-17
12
29
16
-8
-13
1
10
3
-6
-3
7
9
13
22
27
13
-13
-26
-16
4
9
2
-4
-2
3
3
2
0
-7
-12
-3
13
21
6
-15
-21
-7
3
-6
-16
-13
-8
-19
-42
-44
-18
6
-1
-32
-50
-46
-43
-48
-42
-10
25
32
11
2
30
73
87
71
60
83
119
133
111
77
62
72
88
89
77
58
46
28
5
-15
-22
-18
-25
-55
-84
-76
-32
2
-10
-44
-55
-28
-2
-5
-15
-1
29
42
27
11
8
11
5
-9
-15
-22
-54
-107
-156
-178
-174
-163
-162
-173
-199
-236
-261
-246
-207
-187
-195
-219
-234
-214
-94
162
473
624
493
219
86
222
464
597
593
549
479
342
180
118
152
146
8
-218
-402
-471
-446
-420
-459
-516
-518
-478
-440
-389
-269
-124
-29
31
124
250
357
441
515
544
523
515
544
554
472
335
199
80
-40
-172
-294
-381
-437
-483
-552
-617
-637
-639
-659
-660
-557
-353
-155
-50
-29
-14
73
255
466
607
637
605
562
514
460
415
390
364
305
192
40
-109
-224
-319
-412
-481
-493
-456
-425
-438
-479
-478
-387
-238
-114
-34
61
181
256
273
316
435
563
616
597
562
531
471
356
230
159
144
98
-31
-170
-248
-306
-392
-460
-453
-422
-438
-467
-466
-453
-417
-318
-182
-89
-24
62
102
57
66
210
323
290
259
342
381
250
106
95
94
-8
-83
-45
-16
-106
-246
-351
-401
-364
-254
-210
-274
-282
-157
-93
-189
-225
-44
175
229
185
189
268
416
598
700
651
572
559
526
449
468
588
567
318
109
115
164
59
-128
-270
-402
-507
-492
-406
-397
-445
-442
-466
-611
-660
-412
-84
-4
-115
-108
49
157
171
200
256
246
213
251
278
186
69
54
57
-37
-153
-223
-314
-429
-454
-413
-459
-546
-519
-463
-561
-695
-597
-339
-212
-232
-214
-161
-172
-129
37
88
-76
-169
-62
100
517
1392
1956
1229
-114
-378
583
1273
1094
923
1125
953
284
-20
298
555
413
143
-276
-872
-1016
-500
-240
-725
-1078
-712
-475
-830
-920
-369
10
-134
-80
352
525
487
766
1048
785
516
925
1312
902
396
501
553
-16
-454
-305
-371
-908
-1090
-821
-937
-1383
-1316
-1008
-1302
-1673
-1144
-274
-144
-381
-151
168
109
335
1154
1585
1170
877
1194
1277
823
662
948
909
480
294
231
-213
-661
-640
-620
-976
-1118
-782
-738
-1233
-1402
-954
-653
-755
-600
-86
92
-133
-180
31
179
373
756
857
505
330
541
568
274
263
570
523
121
-38
82
28
-131
19
307
325
199
185
154
15
84
396
484
293
265
431
308
-97
-207
56
197
11
-214
-273
-267
-299
-355
-364
-293
-207
-170
-168
-108
47
168
132
18
45
255
434
372
126
-42
23
183
226
101
-64
-186
-298
-437
-537
-462
-180
14
-188
-569
-584
-214
-7
-113
-89
152
267
216
272
390
281
183
350
442
234
84
277
378
142
-19
-27
-178
-491
-603
-564
-744
-855
-655
-563
-852
-1053
-835
-853
-1181
-1031
-572
-696
-1297
-1173
-396
279
1308
2631
2474
292
-1027
614
2687
2603
1746
2174
2660
1425
290
885
1741
1258
341
-21
-839
-1825
-1300
-210
-675
-2160
-2186
-1248
-1628
-2329
-1568
-275
-344
-995
-449
343
433
822
1710
1783
851
961
2190
2332
1495
1427
1886
1140
-95
57
516
-270
-1156
-852
-639
-1663
-2251
-1586
-1538
-2707
-2928
-1358
-339
-950
-1417
-997
-847
-875
261
1723
1566
601
818
1620
1286
644
1214
1985
1500
636
652
706
-50
-629
-454
-538
-1212
-1287
-759
-1096
-2170
-2358
-1604
-1447
-1743
-1194
-521
-1155
-2284
-1939
-544
545
1928
3660
3511
807
-881
1040
3637
3786
2982
3438
3696
1886
398
1253
2494
1940
649
115
-756
-2051
-1946
-1079
-1601
-3058
-2813
-1549
-2189
-3518
-2907
-1303
-1237
-1731
-430
1042
691
295
1451
2457
1768
1581
3016
3531
2495
2157
2863
2234
504
365
1022
81
-1328
-983
-378
-1838
-3317
-2643
-1965
-3190
-4057
-2683
-1583
-2413
-2860
-1831
-1192
-1363
-265
1583
1516
391
826
2095
1926
1415
2524
3372
2167
1025
1669
1994
302
-944
-224
151
-1047
-1908
-1547
-1895
-3123
-3145
-2290
-2648
-3676
-3280
-2036
-1706
-820
1781
3207
1040
-1396
168
3710
4795
3767
3690
4573
4118
2793
2745
3585
3770
2971
1883
277
-1458
-1634
-643
-845
-2555
-3485
-2770
-2801
-4194
-4651
-3370
-2141
-2140
-2050
-1287
-835
-397
726
1698
1404
1120
2613
4204
3813
2662
2674
3105
2363
1591
1943
2053
1021
-166
-774
-1502
-2167
-1763
-1591
-3114
-4592
-3725
-2012
-2343
-3527
-3162
-2204
-2203
-1912
-158
956
235
39
1332
2059
1378
1407
2720
3015
2127
1956
2365
1765
660
846
1164
-151
-1576
-1435
-839
-1590
-2639
-2690
-2933
-3689
-3596
-1883
324
1231
273
-2044
-3051
-492
3141
4016
2397
2231
3802
3521
1953
2458
4837
5277
2993
1315
755
181
244
951
555
-1652
-2575
-1467
-1967
-4166
-4385
-1900
-899
-2798
-3535
-2035
-980
-1040
-465
766
625
366
1881
3347
2981
2133
2636
2951
1912
1545
2369
2513
1219
89
-107
-501
-883
-997
-1947
-3735
-4324
-2874
-2026
-2985
-3655
-3207
-2986
-3210
-2225
-604
-478
-899
59
1480
1293
531
1409
2663
2497
1956
2485
3011
2109
1077
1034
1047
419
-109
-116
-668
-1977
-3007
-3419
-3441
-2988
-1476
759
1798
116
-3331
-4629
-1660
2512
3762
2535
2398
3413
2748
1131
1858
4725
5781
3918
1854
772
242
493
1400
1150
-754
-1678
-1005
-1644
-3913
-4417
-2180
-947
-2295
-3119
-1979
-1017
-1361
-1415
-520
145
836
2187
2961
2381
2021
2851
3041
2003
1912
3137
3285
1527
61
30
21
-570
-1084
-1693
-2866
-3612
-3054
-2559
-3171
-3860
-3770
-3552
-3445
-2535
-1312
-1248
-1718
-1027
450
870
411
703
1575
1934
1854
2178
2666
2462
1784
1284
1104
1025
904
637
-226
-1575
-2575
-2687
-2177
-1517
-269
1505
1824
-898
-4347
-4038
72
3115
2555
1368
2227
2886
1401
549
2636
5132
4845
2781
1120
161
200
1418
2072
557
-1156
-636
-36
-1859
-3734
-2780
-1059
-1767
-3124
-2402
-1071
-1160
-1569
-1018
-667
-734
469
2221
2271
1424
2040
3031
2054
921
1985
3243
2199
656
1001
1459
75
-1392
-1485
-1801
-3029
-3075
-1847
-1975
-3686
-4536
-3944
-3620
-3474
-2322
-1371
-1863
-2296
-1165
53
-181
-287
911
1897
1557
1223
2007
2604
2086
1441
1436
1711
1808
1855
1248
-536
-2005
-1777
-730
-313
468
2553
3183
-181
-4455
-4170
390
3354
2344
788
1299
1742
304
-311
1795
4099
3708
1500
-284
-1107
-568
1356
2456
1091
-743
-348
466
-917
-2351
-1132
831
269
-1501
-1442
-435
-451
-842
-519
-271
-464
305
1430
934
-80
703
2042
1219
-218
551
1830
938
-553
-25
1102
480
-697
-1061
-1829
-3090
-2641
-786
-655
-2413
-3199
-2635
-2826
-3312
-2179
-796
-1286
-2194
-1502
-648
-1231
-1419
6
961
254
-100
997
1543
684
231
913
1372
1281
1662
1689
-86
-1922
-1359
452
1236
2142
4211
4280
171
-3677
-2111
2389
3906
2196
1356
2167
1540
-624
-819
1732
3774
2766
67
-2143
-2784
-1315
898
1309
-376
-1466
-623
-425
-1780
-1999
-34
1477
651
-394
19
589
547
612
900
561
358
1549
2314
1020
-207
738
1765
478
-755
265
995
-694
-2169
-951
478
-364
-1663
-1900
-2523
-3645
-2968
-906
-524
-1924
-2493
-2010
-2276
-2522
-1125
266
-268
-1116
-420
109
-879
-1171
250
1037
107
-298
688
746
-555
-855
249
645
84
361
705
-867
-2711
-1986
264
1503
2627
4493
3960
-376
-3231
-272
4394
4874
2581
2230
3366
2435
376
721
3173
4155
2386
-173
-2191
-2776
-1178
841
423
-1949
-2627
-1197
-1298
-3171
-3265
-776
739
-355
-1287
-548
501
914
1039
996
604
1112
2720
3044
1568
956
2325
2741
847
-90
1294
1932
48
-1617
-903
87
-434
-1433
-2224
-3363
-4066
-2990
-1734
-2209
-3183
-2955
-2478
-3078
-3171
-1643
-571
-1123
-1433
-350
205
-568
-544
692
1210
628
735
1617
1344
111
-202
575
979
734
665
73
-1532
-2488
-1579
-240
111
1118
3270
3234
-565
-3763
-1782
2880
4611
2814
1289
1967
2598
1784
1316
2605
4348
3940
1346
-1394
-2266
-527
1613
1425
-772
-2027
-1016
-633
-2317
-3410
-1918
270
230
-1183
-1566
-751
210
529
320
69
613
2113
2611
1442
822
2051
2936
1460
76
1097
2365
1305
-709
-904
169
411
-337
-1476
-2784
-3428
-2585
-1605
-2101
-2838
-2424
-2047
-2969
-3514
-2206
-1008
-1369
-1616
-620
-20
-727
-922
-91
267
127
716
1530
1012
-37
74
675
711
815
1389
799
-1451
-2591
-1274
230
124
343
2447
3582
1020
-2743
-3118
328
3597
3544
1466
670
1811
2346
1303
944
2887
4450
2816
-587
-2384
-1224
1138
2112
840
-1218
-1576
-511
-792
-2612
-2960
-544
1285
130
-1678
-1394
151
673
174
-13
442
1437
2176
1760
829
1024
2328
2207
379
-238
1119
1716
139
-1183
-558
314
-86
-1194
-2219
-3021
-2862
-1714
-1432
-2283
-2521
-1836
-1986
-3077
-2692
-972
-482
-1205
-1039
27
-24
-816
-518
374
626
509
804
832
229
234
724
616
229
611
1034
-498
-2629
-2388
-377
653
72
476
2325
2687
184
-2652
-2221
1359
3945
2943
647
943
2856
2696
1041
1325
3691
4033
1349
-1194
-1525
-106
1545
1966
420
-1749
-1640
-277
-854
-2791
-2527
64
725
-1197
-2168
-1043
82
-122
-316
39
232
989
1976
1967
1227
1466
2546
1797
-41
255
2051
2124
171
-574
424
500
-725
-1784
-2203
-2519
-2265
-1515
-1869
-2746
-2622
-2192
-2814
-3555
-2340
-747
-1210
-2171
-1472
-91
-200
-838
-191
726
773
469
586
769
897
1585
1854
1064
465
1035
1355
-286
-1875
-1119
521
681
-406
-211
1464
2053
154
-2654
-2837
235
2880
2165
69
493
2402
2191
535
726
2919
3485
1563
-228
-425
701
1982
2127
580
-1141
-655
621
-116
-1972
-1890
0
331
-1107
-1769
-1166
-566
-620
-559
-497
-669
28
1140
1415
963
925
1238
519
-270
656
2091
2118
998
491
512
67
-372
-498
-803
-1341
-1360
-1026
-1415
-1985
-2021
-2366
-3126
-3045
-1628
-949
-2072
-2855
-2063
-1110
-1192
-1286
-423
245
90
-234
-205
214
945
1901
2083
1335
905
1091
967
215
-153
532
1103
839
-244
-881
540
2953
2905
-971
-4119
-1958
2432
2998
220
-475
1719
1985
-121
-611
1676
3161
1976
312
-412
-233
891
2020
1562
-279
-638
859
855
-1025
-1768
-153
868
-156
-967
-801
-837
-1049
-482
363
-97
-634
219
1092
765
72
255
321
-335
-131
1028
1534
812
107
85
-260
-561
-1
387
-577
-1745
-1290
-254
-412
-1276
-1950
-2340
-2348
-1425
-443
-1100
-2489
-2542
-1423
-1060
-1567
-1237
-298
-259
-936
-1004
-231
340
629
1090
1298
919
432
343
431
492
838
1189
751
-234
-902
-207
1976
3752
2464
-1550
-3681
-959
2924
3027
587
180
1705
1367
-469
-296
2194
3334
1815
-48
-807
-464
796
1967
1626
-16
-525
392
292
-1075
-1315
309
1075
-2
-993
-1185
-1152
-823
233
932
30
-636
207
962
403
-319
54
288
-255
-166
733
1092
317
-361
-387
-532
-393
280
295
-1117
-2139
-1004
287
-229
-1391
-1748
-1650
-1776
-1382
-661
-1022
-1916
-1827
-1012
-1142
-1814
-1378
-468
-490
-1017
-627
252
185
-194
292
1017
940
418
528
917
907
630
360
19
-224
-116
584
1986
3127
2030
-1265
-3047
-542
3057
3038
597
37
1340
1036
-408
290
2797
3337
1272
-458
-563
30
1001
2024
1764
79
-734
70
219
-970
-1219
406
1155
-257
-1484
-1309
-843
-529
227
877
173
-681
-258
386
150
-172
344
587
-25
-137
513
735
219
31
369
80
-495
-240
156
-641
-1582
-858
331
4
-1182
-1745
-1821
-1924
-1532
-879
-1181
-2059
-1965
-1151
-1428
-2350
-2096
-937
-432
-705
-599
-172
-285
-495
-53
703
1007
985
1000
657
90
12
457
621
343
177
332
1187
2376
2223
-166
-2348
-936
2407
2931
738
-252
883
1120
20
339
2221
2881
1481
151
-143
-93
717
2270
2510
650
-809
-9
786
-213
-997
257
1445
438
-1040
-1214
-915
-592
353
1204
360
-1173
-1087
-7
187
-324
-151
296
-134
-611
-333
64
260
682
969
19
-1227
-701
817
710
-798
-805
663
769
-688
-1613
-1532
-1378
-1129
-599
-900
-2184
-2585
-1587
-1289
-2418
-2772
-1562
-755
-1243
-1553
-940
-494
-585
-151
802
1048
515
240
375
359
516
1262
1488
553
-343
-268
811
2303
3030
1592
-1412
-2323
378
2826
1888
-18
317
1303
486
-412
862
2821
2640
1005
76
-18
402
1674
2826
2010
111
14
1142
726
-817
-561
1283
1269
-591
-1329
-695
-418
-550
-124
-10
-1014
-1446
-527
9
-744
-1130
-244
105
-646
-774
133
599
234
268
563
94
-304
482
1222
299
-696
205
1152
194
-1166
-1297
-1087
-1372
-1229
-707
-1350
-2721
-2632
-1416
-1661
-3069
-3007
-1593
-1166
-1774
-1566
-610
-408
-543
177
874
297
-286
580
1495
968
335
810
1108
281
-377
296
1742
2585
2057
77
-1929
-1465
1302
2717
1307
-218
216
937
444
283
1748
3100
2455
832
-27
193
1252
2795
3268
1838
317
439
848
58
-630
421
1548
678
-895
-1323
-1230
-1343
-958
-179
-432
-1476
-1465
-514
-456
-1219
-952
236
447
-300
-434
122
417
572
1030
1167
689
509
924
696
-364
-411
846
1211
-46
-1341
-1828
-1956
-1717
-976
-732
-1662
-2530
-2282
-2123
-3018
-3339
-1960
-632
-846
-1472
-1298
-883
-745
-167
872
1110
352
44
547
678
395
743
1340
919
-210
-709
-86
1236
2277
1763
-524
-2329
-1102
1700
2249
409
-531
566
1418
989
911
2126
3076
2444
1106
501
1097
2585
3751
3132
1219
180
577
751
97
-49
773
815
-645
-1977
-2193
-1931
-1544
-972
-825
-1655
-2312
-1706
-797
-730
-857
-265
327
45
-297
144
695
848
1258
1938
1889
1071
607
824
733
215
404
1008
579
-762
-1849
-2360
-2335
-1557
-596
-796
-2206
-3179
-2917
-2571
-2711
-2289
-1208
-796
-1283
-1535
-1183
-845
-347
760
1559
971
-196
-328
389
833
1133
1599
1294
-69
-1080
-921
-310
700
2134
2276
-250
-3004
-2229
987
2129
620
-120
1066
1729
853
466
1736
3197
3430
2760
1836
1288
2042
3582
3722
1981
638
948
1211
304
-402
-21
67
-950
-1894
-2155
-2299
-2161
-1529
-1343
-2234
-2724
-1589
-382
-617
-1203
-715
165
263
234
809
1154
920
1152
2001
2017
1068
696
1143
1062
312
287
772
189
-1083
-1706
-1822
-1985
-1724
-958
-1127
-2562
-3370
-2590
-1814
-2185
-2423
-1691
-1135
-1252
-1143
-577
-342
-311
351
1094
701
-201
-14
942
1204
900
902
639
-386
-965
-377
142
244
941
1541
76
-2491
-2550
310
2199
1316
177
669
1272
741
567
1901
3585
3968
3020
1634
779
1479
3406
4259
2816
930
509
613
-63
-592
11
512
-376
-1707
-2354
-2553
-2359
-1553
-827
-1229
-2114
-1882
-1045
-1000
-1185
-435
609
626
145
348
806
695
590
1303
1914
1323
447
387
516
121
-38
444
316
-758
-1476
-1480
-1536
-1639
-1179
-753
-1408
-2448
-2446
-1717
-1580
-1802
-1387
-771
-786
-1078
-977
-692
-570
-163
528
609
56
-79
435
548
110
239
828
613
-271
-494
-96
-336
-529
646
1716
548
-1640
-1762
325
1784
1403
685
849
1198
1085
1183
2086
3292
3649
2708
1204
676
1927
3598
3568
1863
409
191
201
-124
1
620
518
-709
-1995
-2472
-2124
-1153
-290
-428
-1508
-2211
-1633
-858
-817
-715
58
665
214
-607
-707
-252
103
390
902
1105
410
-466
-579
-217
-90
9
371
319
-403
-1113
-1353
-1163
-672
-85
22
-658
-1517
-1749
-1305
-871
-695
-594
-707
-1051
-1302
-1206
-914
-652
-324
-85
-291
-644
-611
-336
-341
-416
154
910
579
-587
-1121
-714
-350
100
1342
2116
747
-1580
-1859
338
2188
2046
1226
1173
1293
771
655
1852
3412
3748
2645
1228
716
1520
2740
2919
1840
760
556
562
157
41
521
621
-219
-1123
-1260
-949
-656
-437
-399
-717
-1152
-1153
-866
-692
-388
78
4
-872
-1545
-1200
-536
-422
-502
-200
13
-526
-1189
-1075
-525
-273
-99
297
272
-422
-1011
-1038
-597
173
894
746
-445
-1464
-1257
-363
-11
-272
-446
-621
-1162
-1626
-1400
-732
-309
-307
-605
-1083
-1287
-887
-344
-272
-373
34
566
245
-575
-760
-306
-15
270
1174
1809
863
-915
-1434
-45
1636
2086
1462
807
609
568
650
1218
2279
3080
2714
1290
209
639
2005
2721
2226
1340
836
595
365
457
999
1387
1072
210
-588
-781
-253
437
534
25
-535
-826
-984
-1103
-916
-474
-405
-1031
-1794
-2003
-1717
-1361
-1095
-870
-784
-1047
-1469
-1519
-1095
-591
-208
103
172
-94
-411
-502
-217
388
921
869
187
-504
-628
-218
113
-59
-446
-732
-956
-1199
-1294
-1045
-673
-584
-916
-1315
-1301
-873
-497
-414
-327
86
515
382
-193
-476
-180
323
793
1265
1389
673
-480
-887
-12
1235
1644
1160
633
422
255
236
856
1970
2622
2156
1022
345
800
1889
2545
2300
1630
1222
1154
1107
1115
1404
1748
1636
968
224
-39
282
761
812
264
-484
-945
-1038
-1011
-1009
-967
-1017
-1466
-2114
-2369
-2066
-1642
-1488
-1538
-1587
-1623
-1649
-1520
-1231
-952
-644
-217
45
-90
-370
-400
-110
310
625
636
316
-82
-246
-164
-176
-445
-655
-646
-738
-1079
-1317
-1228
-1043
-991
-1017
-960
-785
-536
-311
-219
-168
80
509
708
467
170
186
397
583
794
958
691
-38
-561
-295
428
841
683
337
147
141
350
815
1336
1625
1606
1396
1230
1360
1797
2210
2272
2051
1848
1768
1727
1753
1888
1973
1780
1335
884
619
620
791
793
355
-328
-822
-979
-1024
-1101
-1147
-1217
-1542
-2060
-2365
-2286
-2035
-1835
-1731
-1700
-1736
-1762
-1672
-1494
-1275
-944
-511
-280
-412
-606
-539
-247
61
298
385
224
-97
-352
-416
-397
-423
-497
-627
-863
-1095
-1146
-1052
-948
-802
-588
-448
-436
-373
-149
93
231
397
663
787
635
411
356
454
582
684
642
340
-69
-241
-78
167
266
233
174
121
112
239
520
850
1143
1326
1351
1292
1340
1575
1855
2026
2111
2144
2096
1995
1977
2056
2096
1980
1734
1459
1244
1151
1129
983
594
120
-226
-432
-588
-724
-873
-1150
-1586
-1974
-2119
-2096
-2045
-1993
-1963
-2022
-2167
-2236
-2124
-1875
-1598
-1372
-1231
-1192
-1158
-1026
-822
-611
-376
-150
-115
-312
-507
-519
-431
-425
-518
-630
-733
-830
-860
-788
-695
-592
-429
-268
-197
-130
42
242
345
430
652
892
893
666
490
520
654
738
710
571
351
145
57
94
213
309
278
135
42
134
355
584
781
960
1065
1067
1073
1188
1391
1613
1802
1894
1848
1738
1711
1784
1849
1864
1841
1736
1517
1305
1233
1241
1142
874
563
287
36
-184
-367
-552
-792
-1093
-1411
-1690
-1863
-1907
-1903
-1971
-2104
-2215
-2267
-2259
-2170
-2000
-1816
-1685
-1590
-1481
-1366
-1224
-1029
-815
-662
-611
-610
-604
-614
-621
-580
-547
-580
-626
-598
-511
-435
-371
-256
-75
89
182
240
313
428
564
682
754
782
761
662
534
493
585
694
660
494
304
176
139
194
293
334
294
251
278
377
533
738
919
996
1006
1061
1194
1330
1420
1465
1474
1459
1454
1456
1452
1442
1437
1426
1364
1260
1187
1163
1152
1118
1029
840
589
390
302
236
67
-191
-465
-736
-997
-1207
-1353
-1489
-1647
-1797
-1934
-2081
-2215
-2234
-2142
-2069
-2060
-2034
-1926
-1794
-1696
-1603
-1470
-1301
-1136
-1015
-968
-978
-950
-829
-691
-647
-673
-643
-520
-376
-252
-144
-39
79
197
294
363
440
559
683
739
741
742
747
696
612
614
731
821
754
563
369
287
344
470
538
474
346
299
383
536
694
822
892
893
879
916
1004
1105
1185
1206
1164
1099
1076
1110
1163
1212
1245
1248
1207
1156
1152
1193
1229
1223
1151
993
802
679
636
557
358
95
-153
-398
-655
-881
-1042
-1180
-1344
-1543
-1764
-1978
-2122
-2155
-2133
-2143
-2165
-2144
-2087
-2038
-1990
-1895
-1749
-1580
-1418
-1319
-1315
-1324
-1234
-1042
-872
-793
-736
-636
-511
-373
-208
-40
98
222
358
478
572
692
831
909
910
929
1011
1063
1002
888
850
907
971
953
800
566
396
381
440
442
369
313
315
323
317
347
441
552
610
604
581
604
695
792
815
780
783
837
890
916
955
1034
1112
1144
1148
1147
1138
1142
1165
1163
1080
946
839
765
635
438
243
73
-125
-375
-607
-781
-950
-1155
-1364
-1545
-1709
-1874
-2016
-2111
-2151
-2138
-2084
-2056
-2098
-2148
-2099
-1948
-1761
-1623
-1554
-1524
-1474
-1355
-1189
-1045
-933
-802
-625
-475
-380
-254
-55
163
330
456
580
709
831
947
1049
1129
1203
1277
1299
1228
1127
1093
1136
1159
1101
979
806
602
433
376
423
472
438
308
150
64
108
228
342
413
433
404
348
342
447
601
714
773
785
762
741
794
943
1109
1181
1147
1075
1027
1042
1111
1178
1166
1063
919
771
620
491
395
296
126
-116
-362
-574
-766
-935
-1080
-1226
-1396
-1574
-1733
-1848
-1906
-1910
-1905
-1946
-2013
-2038
-1998
-1939
-1883
-1791
-1665
-1575
-1539
-1491
-1376
-1223
-1075
-939
-811
-693
-564
-394
-210
-60
64
208
356
473
571
694
826
931
1019
1100
1142
1129
1104
1115
1135
1105
1024
932
844
759
676
596
502
407
347
313
256
175
138
171
223
253
273
297
308
316
374
480
586
668
717
748
779
831
918
1024
1106
1142
1137
1102
1069
1065
1081
1080
1038
977
887
732
535
387
323
265
142
-41
-232
-421
-611
-780
-911
-1024
-1150
-1294
-1451
-1598
-1695
-1717
-1712
-1730
-1784
-1841
-1887
-1899
-1842
-1722
-1594
-1530
-1506
-1470
-1398
-1294
-1160
-998
-836
-699
-585
-473
-349
-200
-28
127
238
334
449
575
680
776
882
988
1041
1023
980
976
1007
1026
988
893
795
728
682
624
536
444
375
320
262
207
173
170
195
228
249
258
282
340
427
519
609
698
769
815
857
924
1007
1058
1062
1048
1042
1040
1037
1034
1024
978
896
800
695
592
501
423
339
229
103
-30
-195
-380
-530
-622
-700
-816
-976
-1139
-1271
-1359
-1396
-1431
-1502
-1596
-1670
-1703
-1711
-1707
-1679
-1637
-1610
-1590
-1555
-1505
-1454
-1386
-1277
-1143
-1023
-918
-812
-705
-593
-452
-295
-146
-27
92
234
368
487
613
752
848
877
884
933
1009
1046
1017
962
922
896
849
772
684
620
585
532
443
353
314
316
317
302
300
312
323
343
390
467
555
633
694
738
773
819
877
930
964
977
985
986
986
996
999
959
882
802
734
669
599
535
463
361
229
78
-71
-194
-278
-352
-455
-591
-722
-835
-944
-1046
-1117
-1161
-1215
-1302
-1399
-1470
-1499
-1486
-1460
-1455
-1473
-1491
-1494
-1481
-1458
-1405
-1317
-1228
-1164
-1116
-1065
-991
-885
-752
-609
-485
-381
-264
-129
14
162
306
436
531
598
671
751
823
879
923
946
939
906
874
861
853
834
793
728
670
636
614
581
537
512
499
477
448
430
436
466
510
540
535
515
521
571
627
666
691
702
705
706
720
739
737
711
679
639
578
514
469
431
370
276
160
45
-55
-130
-196
-279
-380
-477
-559
-647
-737
-798
-827
-865
-927
-998
-1057
-1095
-1109
-1104
-1107
-1129
-1155
-1174
-1184
-1183
-1161
-1118
-1072
-1043
-1017
-978
-926
-861
-780
-687
-594
-505
-418
-326
-225
-113
2
101
177
246
315
386
455
530
597
634
654
674
698
711
719
733
742
735
715
711
713
702
682
670
665
652
631
611
582
553
541
541
519
475
449
452
454
441
433
438
438
435
446
465
471
464
460
455
433
408
396
380
335
277
222
160
92
35
-16
-82
-165
-242
-303
-371
-445
-498
-530
-574
-645
-711
-756
-793
-825
-838
-847
-871
-911
-939
-943
-943
-935
-916
-896
-878
-861
-836
-809
-771
-705
-624
-562
-525
-474
-394
-310
-245
-186
-114
-42
16
65
111
155
205
265
310
331
345
378
419
444
461
480
507
530
542
553
567
580
589
592
584
577
574
568
549
528
517
508
477
436
408
395
383
363
340
319
302
295
292
276
255
252
253
244
224
210
207
191
165
149
144
131
106
75
41
3
-26
-40
-67
-119
-173
-213
-248
-297
-349
-386
-425
-474
-518
-548
-583
-624
-651
-660
-666
-680
-683
-672
-659
-637
-606
-574
-544
-506
-450
-395
-355
-314
-256
-192
-142
-103
-61
-16
22
54
90
124
148
170
194
214
238
259
271
277
291
319
343
355
358
368
383
389
383
375
369
370
369
355
330
310
300
287
262
224
196
179
165
152
134
109
85
62
49
42
45
45
25
0
-14
-15
-14
-21
-33
-37
-34
-39
-53
-65
-71
-68
-63
-63
-71
-83
-93
-106
-118
-126
-134
-158
-194
-225
-239
-245
-260
-286
-313
-328
-337
-345
-345
-334
-318
-306
-296
-278
-251
-224
-196
-159
-116
-83
-61
-33
4
39
70
101
130
152
164
179
201
219
226
237
256
268
270
269
268
270
281
296
301
290
274
260
254
249
242
236
218
190
165
143
125
111
93
68
34
1
-18
-34
-61
-84
-94
-95
-105
-125
-142
-154
-156
-151
-146
-146
-151
-150
-145
-146
-147
-136
-123
-122
-131
-137
-140
-144
-145
-138
-133
-141
-164
-183
-191
-188
-185
-186
-188
-186
-184
-188
-202
-204
-180
-147
-126
-114
-95
-73
-55
-36
-7
25
50
69
88
111
125
136
154
178
199
213
214
214
225
236
242
251
260
267
264
258
263
273
275
276
283
294
290
271
253
244
241
239
225
194
156
128
108
86
57
28
1
-27
-63
-103
-139
-170
-189
-198
-206
-225
-249
-270
-284
-286
-275
-259
-245
-243
-239
-223
-204
-195
-184
-155
-121
-101
-101
-104
-102
-91
-76
-63
-59
-67
-83
-102
-121
-132
-129
-121
-127
-143
-161
-174
-179
-177
-160
-137
-120
-108
-94
-80
-67
-43
-3
39
64
71
79
97
117
130
142
160
175
177
172
167
172
184
190
189
188
190
193
193
194
208
224
235
239
243
252
263
274
282
285
293
294
281
257
240
235
229
208
173
134
100
71
41
1
-39
-70
-94
-127
-166
-193
-204
-213
-227
-238
-238
-236
-241
-240
-228
-212
-199
-191
-185
-179
-172
-167
-165
-170
-177
-177
-174
-177
-188
-206
-217
-218
-216
-217
-221
-221
-219
-223
-227
-219
-197
-176
-163
-154
-140
-122
-103
-82
-57
-34
-14
3
13
21
32
48
65
77
85
97
104
111
121
136
150
157
164
177
190
197
204
218
235
251
265
269
270
280
302
318
320
311
310
316
311
298
286
283
279
263
237
215
201
189
174
150
121
96
77
57
39
25
15
2
-17
-34
-50
-64
-78
-84
-86
-99
-117
-136
-152
-165
-178
-194
-213
-235
-250
-261
-278
-298
-310
-312
-315
-323
-325
-318
-313
-316
-314
-306
-297
-287
-276
-260
-248
-238
-223
-205
-194
-183
-161
-139
-131
-127
-121
-107
-95
-83
-63
-48
-36
-24
-1
23
41
68
107
138
154
164
185
215
238
253
265
278
285
288
288
287
288
289
283
267
250
242
238
226
204
185
178
174
160
142
130
127
129
128
120
112
105
106
113
118
120
113
104
102
94
81
73
65
51
32
10
-12
-36
-61
-82
-96
-110
-132
-159
-179
-189
-193
-198
-202
-205
-202
-197
-191
-188
-183
-178
-172
-170
-167
-158
-148
-145
-151
-160
-163
-157
-157
-161
-168
-172
-176
-179
-181
-184
-184
-175
-162
-154
-150
-136
-111
-84
-58
-33
-7
17
39
62
89
117
139
155
166
179
192
201
207
210
209
207
201
192
181
175
165
155
142
130
118
106
100
99
101
102
100
97
96
101
107
114
120
129
133
133
129
123
118
115
114
104
88
69
54
39
20
-1
-16
-31
-49
-69
-83
-95
-108
-118
-122
-123
-120
-114
-107
-104
-103
-100
-94
-90
-84
-74
-71
-73
-78
-87
-92
-96
-100
-103
-110
-124
-138
-149
-157
-164
-166
-165
-165
-169
-166
-159
-148
-133
-114
-92
-73
-57
-38
-18
3
27
48
64
71
81
95
104
107
110
115
110
95
83
80
81
73
62
48
30
22
25
36
40
36
36
40
43
45
52
67
81
93
96
94
94
98
108
111
108
103
97
88
72
58
52
43
34
23
6
-10
-21
-21
-19
-26
-38
-41
-36
-32
-33
-31
-22
-11
-8
-10
-10
-8
0
4
1
-8
-18
-22
-20
-23
-29
-37
-48
-57
-62
-67
-68
-65
-65
-69
-73
-74
-70
-62
-52
-38
-26
-17
-14
-7
5
21
36
48
52
52
50
51
54
61
63
61
53
40
31
26
18
9
0
-4
-9
-21
-36
-44
-40
-35
-38
-43
-44
-40
-39
-37
-36
-33
-24
-20
-22
-23
-20
-13
-9
-10
-13
-15
-16
-20
-21
-19
-16
-18
-25
-29
-26
-21
-17
-15
-13
-11
-10
-8
-4
4
17
25
29
28
25
26
30
31
30
27
24
23
17
12
10
5
0
-2
-1
0
0
1
1
2
7
17
24
26
31
43
55
60
60
65
75
84
88
89
85
83
84
85
76
64
60
58
50
39
26
17
7
-2
-6
-10
-20
-29
-36
-47
-54
-54
-49
-50
-58
-63
-63
-64
-67
-63
-58
-62
-73
-79
-77
-75
-79
-80
-83
-90
-99
-101
-97
-97
-95
-90
-85
-90
-91
-85
-74
-65
-56
-46
-36
-31
-25
-9
7
20
30
39
44
47
56
66
68
67
69
70
64
54
52
57
56
52
47
48
47
48
52
55
57
65
75
82
85
90
101
110
117
121
125
126
129
129
126
120
115
110
102
92
84
80
68
52
39
27
16
2
-9
-14
-21
-34
-46
-57
-65
-66
-62
-62
-73
-88
-93
-92
-94
-100
-106
-109
-114
-117
-122
-127
-133
-132
-130
-136
-147
-160
-160
-153
-150
-149
-147
-151
-155
-153
-144
-131
-121
-113
-101
-89
-78
-69
-57
-39
-21
-5
12
24
32
41
51
60
69
77
83
87
92
97
101
104
110
118
123
121
121
126
133
135
139
147
153
153
148
150
157
161
160
157
153
149
147
144
138
130
119
111
101
90
83
75
64
54
45
34
22
11
3
-2
-12
-26
-35
-42
-46
-54
-62
-70
-77
-84
-89
-98
-105
-112
-117
-120
-128
-135
-140
-144
-145
-147
-152
-161
-165
-160
-155
-157
-164
-164
-160
-160
-157
-154
-146
-137
-131
-125
-121
-112
-101
-84
-68
-58
-50
-39
-27
-18
-7
5
17
28
35
41
52
62
74
87
93
98
102
111
120
129
141
149
152
152
156
161
167
172
177
178
171
164
158
154
153
152
148
138
124
112
104
95
92
87
78
66
56
49
41
36
29
24
20
12
1
-7
-12
-16
-22
-31
-40
-50
-58
-63
-68
-76
-81
-87
-95
-103
-111
-118
-122
-127
-129
-136
-146
-153
-154
-151
-150
-155
-157
-154
-152
-150
-150
-146
-138
-132
-128
-126
-121
-112
-100
-91
-85
-80
-69
-60
-53
-47
-40
-28
-14
-3
4
11
22
35
46
55
64
76
88
100
111
119
124
129
139
150
158
162
163
161
159
157
156
158
158
154
148
139
129
122
114
110
104
98
93
82
72
66
62
62
55
44
35
29
25
23
17
12
7
-1
-11
-20
-25
-28
-30
-34
-42
-51
-59
-66
-71
-74
-76
-81
-89
-96
-105
-107
-107
-106
-105
-108
-116
-121
-123
-119
-116
-114
-115
-113
-110
-111
-109
-107
-101
-94
-88
-86
-83
-80
-77
-73
-65
-57
-51
-45
-42
-37
-28
-19
-12
-5
3
15
25
33
42
49
57
63
71
80
87
96
97
97
97
99
103
106
106
104
103
101
94
88
87
88
86
80
72
66
61
59
59
59
55
49
44
39
37
37
39
38
32
27
23
21
21
22
21
15
8
2
-2
-3
-4
-6
-12
-18
-24
-30
-35
-37
-38
-40
-43
-50
-55
-61
-64
-64
-62
-62
-66
-70
-71
-73
-74
-70
-69
-68
-69
-71
-70
-71
-69
-66
-61
-58
-60
-58
-50
-41
-37
-32
-27
-24
-21
-20
-13
-5
2
9
15
18
20
25
29
36
42
46
42
40
42
48
52
54
56
55
51
49
45
43
44
47
45
40
37
38
40
39
37
38
35
29
25
25
30
31
28
23
18
14
15
18
21
18
14
11
8
6
4
5
2
-1
-5
-8
-8
-9
-11
-15
-18
-19
-22
-26
-29
-30
-29
-29
-33
-37
-44
-45
-43
-41
-42
-46
-47
-47
-50
-51
-51
-49
-43
-41
-42
-46
-47
-42
-34
-27
-24
-20
-18
-18
-15
-9
0
6
7
10
13
14
17
20
25
30
30
28
27
28
30
31
33
33
33
34
33
31
31
32
35
35
32
31
32
32
28
27
26
27
27
24
22
23
25
26
21
16
15
18
22
20
15
11
10
9
7
5
5
5
4
1
-1
-4
-7
-6
-7
-9
-12
-13
-16
-18
-18
-18
-18
-21
-24
-26
-26
-27
-29
-32
-34
-35
-33
-35
-35
-32
-29
-28
-30
-32
-32
-29
-20
-17
-18
-18
-17
-13
-8
-5
1
6
8
6
3
4
7
11
12
13
11
11
9
8
12
14
14
12
10
5
4
6
6
7
7
7
8
3
2
2
4
4
4
3
3
3
4
6
6
7
6
6
4
2
2
3
4
1
2
2
0
-1
-2
-1
3
7
8
3
-1
-1
2
4
5
7
6
4
0
1
3
4
4
6
6
2
-1
-1
-1
-1
0
1
0
-4
-5
-3
0
2
0
0
2
3
5
6
6
6
10
15
14
13
13
14
16
19
18
18
19
17
17
16
16
14
13
8
4
3
1
0
-3
-7
-7
-9
-14
-17
-19
-18
-17
-19
-20
-21
-22
-22
-21
-21
-20
-20
-19
-24
-25
-22
-21
-23
-24
-24
-21
-23
-26
-26
-24
-22
-22
-21
-18
-14
-12
-16
-16
-15
-11
-7
-6
-3
0
4
6
7
8
9
12
13
11
13
16
18
18
14
12
14
16
20
20
23
24
22
19
19
19
24
29
27
24
23
27
28
29
27
27
28
28
26
25
27
29
28
23
21
22
25
23
18
12
10
9
5
2
-2
-2
-3
-7
-11
-11
-11
-10
-13
-17
-19
-17
-18
-23
-25
-23
-20
-23
-27
-26
-25
-23
-26
-30
-33
-36
-35
-35
-35
-34
-36
-36
-36
-37
-35
-34
-34
-33
-30
-28
-26
-23
-21
-17
-12
-10
-9
-9
-9
-6
-4
-1
0
4
6
6
6
7
9
15
19
19
18
17
19
22
24
25
31
33
34
31
30
35
40
43
40
37
38
40
41
42
42
41
42
40
34
29
31
33
29
25
23
21
18
13
8
8
9
7
3
-3
-7
-8
-7
-9
-13
-14
-16
-17
-20
-22
-23
-26
-30
-32
-32
-32
-32
-33
-36
-38
-40
-40
-40
-41
-41
-40
-41
-40
-40
-39
-36
-33
-31
-30
-28
-27
-27
-24
-21
-17
-16
-16
-15
-15
-11
-7
-4
0
1
2
2
1
4
7
10
13
16
17
16
16
19
23
28
30
34
36
36
37
40
45
46
47
48
50
50
50
50
49
48
47
45
41
37
35
35
34
29
26
21
18
17
16
15
12
10
5
0
-4
-4
-4
-4
-6
-8
-9
-15
-20
-23
-22
-24
-28
-34
-38
-40
-40
-40
-44
-50
-53
-51
-50
-50
-49
-51
-52
-50
-49
-48
-46
-46
-45
-45
-43
-41
-37
-33
-32
-31
-28
-27
-26
-21
-19
-16
-12
-9
-8
-7
-5
-2
1
4
9
13
15
19
20
22
24
29
32
35
38
43
44
43
44
49
52
52
54
56
57
55
53
52
51
50
48
46
43
41
40
40
37
32
31
30
26
22
22
21
19
15
11
8
7
5
5
3
-4
-9
-14
-19
-22
-21
-20
-24
-32
-34
-34
-32
-36
-39
-42
-41
-41
-42
-43
-43
-42
-40
-42
-43
-43
-39
-37
-40
-40
-38
-36
-38
-37
-35
-30
-28
-29
-27
-25
-23
-22
-19
-13
-11
-9
-8
-7
-6
-3
0
5
6
7
10
10
13
17
20
24
27
28
29
30
35
40
43
44
47
47
45
45
45
44
43
42
40
38
35
33
31
31
30
28
25
24
20
17
18
18
17
14
10
9
6
4
2
-2
-4
-5
-8
-12
-16
-15
-17
-21
-24
-25
-23
-25
-30
-35
-35
-35
-32
-33
-33
-33
-32
-31
-33
-31
-29
-27
-25
-25
-26
-26
-23
-21
-19
-17
-15
-17
-19
-19
-17
-15
-12
-11
-10
-12
-12
-11
-10
-5
-2
-3
-5
-6
-6
-5
1
7
12
13
13
14
16
17
18
23
28
30
28
28
29
31
31
32
33
33
30
27
23
24
24
26
26
25
23
20
21
21
18
19
20
19
17
12
12
14
14
12
11
9
5
4
0
-2
-4
-7
-9
-12
-15
-16
-14
-14
-16
-18
-20
-21
-20
-18
-20
-20
-19
-17
-17
-16
-16
-17
-18
-19
-16
-14
-14
-14
-11
-9
-10
-12
-11
-10
-8
-8
-8
-9
-12
-11
-11
-8
-8
-9
-8
-8
-8
-8
-5
-4
-4
-4
-4
-5
-5
-2
2
2
0
1
2
3
5
7
7
8
9
9
9
11
12
12
13
11
12
11
10
8
11
13
14
14
15
15
17
14
12
10
11
13
10
6
5
5
5
1
-1
-2
-2
-2
-4
-4
-4
-2
-1
-4
-6
-4
0
-1
-2
-4
-7
-8
-8
-7
-4
0
0
-1
-1
-1
-1
-1
-1
-2
-3
-4
-4
-6
-3
-3
-3
-3
-6
-6
-6
-4
-2
-1
-2
-4
-3
-3
-2
-2
-1
0
-1
-2
-1
0
2
3
5
5
4
3
5
6
5
5
6
6
3
1
1
2
2
3
4
3
2
1
1
1
2
2
4
5
5
3
2
3
3
2
0
-3
-3
-4
-5
-5
-5
-7
-8
-11
-13
-13
-14
-12
-11
-11
-11
-12
-12
-10
-9
-7
-7
-6
-6
-5
-5
-6
-6
-5
-2
1
3
3
3
2
4
5
2
2
3
4
6
7
7
9
10
10
10
11
12
13
9
8
10
11
11
12
14
17
14
12
11
11
11
8
7
8
8
7
6
7
9
7
4
3
1
1
1
1
0
-1
-3
-2
-4
-3
-3
-3
-3
-5
-5
-4
-2
-4
-3
-2
-4
-6
-8
-8
-8
-10
-10
-12
-15
-17
-19
-18
-16
-18
-19
-19
-19
-18
-20
-19
-19
-18
-17
-17
-16
-14
-13
-11
-9
-8
-8
-7
-6
-2
-1
0
2
3
5
5
5
7
9
11
13
16
16
14
13
16
18
18
17
17
15
13
14
17
16
13
14
14
13
13
14
15
15
13
13
13
11
11
13
11
9
9
8
7
6
3
2
2
-1
-2
-4
-6
-5
-4
-4
-5
-6
-7
-9
-9
-10
-10
-10
-10
-9
-10
-11
-10
-8
-10
-11
-11
-10
-9
-11
-11
-12
-14
-14
-14
-13
-13
-10
-9
-12
-12
-12
-11
-9
-10
-11
-10
-8
-9
-7
-7
-7
-5
-4
-3
-2
-1
0
2
4
5
7
10
13
13
13
14
15
16
17
17
15
17
17
16
17
15
15
13
14
14
14
15
16
15
14
13
15
14
13
13
11
9
8
9
9
6
4
4
3
2
-1
-2
-4
-5
-5
-6
-7
-6
-7
-8
-9
-10
-10
-11
-13
-15
-13
-12
-15
-15
-15
-14
-14
-14
-14
-16
-19
-20
-20
-20
-19
-19
-18
-17
-17
-18
-19
-19
-20
-20
-16
-13
-14
-14
-15
-13
-12
-9
-7
-6
-6
-5
-4
-2
-1
5
7
9
9
10
11
12
14
16
18
19
20
21
22
24
26
27
28
27
27
25
27
26
27
28
28
25
25
25
24
25
24
22
22
20
16
13
13
14
15
14
9
7
3
1
1
0
-1
-4
-5
-9
-10
-11
-13
-10
-10
-12
-15
-17
-18
-19
-20
-22
-23
-24
-24
-24
-27
-28
-30
-30
-29
-26
-25
-26
-27
-27
-27
-27
-29
-28
