-3
3
6
1
-3
7
-1
6
4
1
3
-6
-1
-3
-1
-5
-5
1
2
-3
2
-1
1
3
-5
1
-2
-3
2
3
4
2
4
7
4
4
3
2
11
-5
3
6
-1
3
3
5
-1
-7
1
0
-3
-1
-8
4
-3
-3
-1
-5
0
-3
-6
-1
-6
-7
-1
-4
-6
-8
-7
1
-5
-2
-1
0
-7
-6
0
0
-6
-2
-1
5
0
-2
4
1
-2
2
1
2
1
0
1
0
6
1
5
7
2
-1
4
2
0
-2
4
2
1
4
2
7
2
2
8
4
1
4
2
-1
2
-2
6
-1
6
0
1
0
-6
-3
1
-4
-5
3
-3
4
-6
-3
-4
-4
-5
-1
0
-4
-4
5
-5
-4
0
-5
1
-2
-2
-2
-1
-7
-2
-3
-4
-5
-1
1
1
0
-1
-2
4
-3
2
0
2
-4
2
-3
-4
1
-2
0
0
4
0
6
-1
4
3
5
3
2
7
-1
4
3
3
4
0
0
1
4
1
3
1
5
4
0
4
1
2
-1
-2
0
-2
-1
3
2
-1
0
-1
0
-2
-2
0
-2
-2
1
-1
4
-2
-5
-1
-4
-3
-5
-2
-2
-1
-1
-1
1
0
-1
-1
1
-3
0
1
-1
0
1
0
0
0
-2
0
1
3
-1
-1
-1
1
1
2
0
-1
-3
2
2
0
3
2
-1
0
7
1
6
0
6
2
0
2
2
2
2
1
5
4
2
2
3
4
1
0
-2
-2
-6
-2
-3
-2
-2
-4
-3
-1
-5
-2
-6
-4
-2
-4
0
-4
-3
-1
-1
1
0
1
-2
0
-4
1
-1
-4
2
-2
-1
1
0
-1
2
0
-1
-8
2
-3
-3
-4
-5
-3
-3
-3
4
5
-3
2
2
-1
1
0
0
0
6
4
-1
6
4
2
2
3
4
7
9
9
8
3
0
-1
-1
0
2
-1
-1
1
-3
-7
-6
-4
-7
-2
-2
-4
1
2
-1
-8
-4
-2
-5
-4
-5
-5
-9
-4
-3
-1
1
-3
0
-3
9
7
0
6
4
9
-2
2
3
11
5
-2
1
8
6
-1
14
10
4
7
6
-2
-7
2
0
3
-4
8
-1
5
11
10
11
0
15
6
11
-2
1
3
-1
-11
-11
4
8
1
5
13
10
-3
-6
-2
-4
1
1
1
-2
4
-4
5
13
12
9
2
4
-1
0
-2
2
4
4
-10
-14
0
2
-2
-13
-16
-22
-16
-1
-4
-14
-19
-9
-13
-16
-17
-7
-3
-11
-14
-18
-21
-24
-21
-12
-10
-13
-2
7
11
-1
-2
5
10
6
0
-8
-9
-5
5
-2
-15
-2
12
9
3
14
11
0
-7
-12
-17
-14
-8
-9
-3
-3
-4
-1
11
20
14
3
-5
0
3
5
-6
8
11
11
-7
4
28
19
17
3
2
-9
-5
15
19
13
12
10
5
7
15
11
3
-2
-2
-7
-1
-8
11
19
0
-14
-2
26
8
1
-2
0
-6
-1
4
4
12
10
3
-2
14
22
6
4
11
11
-7
-18
-12
-8
-9
-14
-7
10
16
-3
1
16
18
1
-11
0
2
-6
-6
-3
-1
1
4
-9
-9
11
26
24
15
-1
-31
-32
-22
-13
-21
-21
-11
5
24
13
11
9
2
-15
-21
-15
-4
2
-9
-20
-14
4
19
19
13
13
10
2
-1
-8
-28
-34
-7
14
1
-9
-15
-2
-6
-15
-7
3
3
-11
-8
-20
-37
-39
-21
-17
-16
5
39
36
4
-11
-4
-10
-17
-21
-9
6
13
9
12
18
7
6
21
32
22
15
-3
-9
-17
-29
-40
-22
4
17
13
16
25
32
16
-5
-24
-42
-32
-22
-7
-2
22
32
37
41
36
5
-15
-9
0
-5
-22
-13
-1
19
17
35
57
42
7
-21
-15
-3
-9
-4
16
19
11
13
20
21
11
1
-3
4
6
5
5
-2
-13
-23
-19
-9
12
23
20
6
-14
-21
-21
-29
-22
-1
-2
-19
-22
-7
14
27
22
-3
-23
-28
-27
-18
-13
-7
3
9
9
11
20
17
2
-26
-24
-5
18
24
20
2
-19
-13
-9
-3
-6
0
-6
-6
8
11
15
21
20
-3
-25
-28
-2
12
1
-5
-13
-8
0
5
-10
-21
-8
-5
-11
-3
15
30
20
-1
-5
4
1
7
21
25
-2
-21
-11
-6
-9
-20
-10
-5
-26
-47
-26
6
10
-4
-3
3
4
-4
-17
-34
-27
-12
6
10
35
54
22
-24
-24
-8
-20
-39
-6
51
56
31
13
15
0
-28
-32
21
53
22
-37
-36
3
4
-13
-12
5
23
31
32
46
56
19
-25
-23
-7
-21
-31
-23
16
27
11
9
14
42
25
4
-8
-5
-11
-30
-32
9
40
39
4
-21
2
26
7
-32
-57
-61
-38
1
46
43
29
19
0
-4
3
0
-14
-39
-31
-15
4
29
39
31
-15
-47
-24
10
15
-13
-31
-9
19
7
-14
-18
7
29
31
1
-15
-21
-34
-35
-45
-56
-62
-40
3
59
78
52
1
-24
-46
-46
0
38
49
41
39
15
21
33
7
-36
-40
10
44
44
20
-5
-39
-33
3
45
52
25
-9
-41
-52
-65
-45
-29
-18
-1
38
72
71
17
-46
-82
-78
-45
-14
3
6
11
50
46
10
-10
-2
-21
-53
-48
-29
-20
-30
-5
24
51
78
87
62
35
13
-7
-40
-54
-76
-75
-45
6
66
92
79
26
3
-28
-49
-52
-24
16
31
19
25
47
36
21
-6
-9
12
25
-9
-43
-52
-54
-27
8
25
33
41
29
19
-1
-62
-108
-62
13
65
68
62
45
14
-3
-18
-14
-7
20
12
-20
-38
-12
-10
7
30
7
4
18
20
-9
-48
-110
-106
-49
-6
23
23
9
-20
-41
-28
38
108
104
55
-2
-40
-64
-47
-32
-9
28
24
49
85
76
22
-23
-64
-78
-55
-26
16
25
3
-59
-87
-64
1
82
102
79
67
39
-14
-40
-29
-19
-29
-43
-16
30
70
97
80
41
-15
-46
-61
-41
-29
-45
-80
-86
-44
11
75
91
88
39
-25
-23
6
5
-15
-27
-17
20
53
85
103
100
41
-38
-77
-96
-99
-113
-99
-57
-21
-9
15
40
43
39
-13
-70
-66
-36
-61
-56
10
47
56
59
42
37
37
48
31
18
9
-24
-44
-31
14
18
4
10
30
5
26
30
5
-27
-50
-32
-4
12
-24
-35
-26
-10
-1
18
38
56
87
78
60
23
-42
-77
-80
-53
-6
-13
18
78
137
110
85
55
-9
-80
-135
-164
-151
-102
-90
-27
37
75
92
110
54
-31
-73
-89
-86
-14
3
-11
-23
10
91
165
200
181
138
52
-39
-75
-98
-182
-186
-144
-62
42
141
155
83
-46
-131
-142
-123
-91
-72
-31
-4
21
36
24
32
65
78
87
81
63
37
-33
-70
-74
-50
-9
42
121
112
29
-37
-46
-52
-74
-60
-45
-11
21
40
45
19
-16
-32
-22
3
25
66
57
29
47
20
-35
-57
-8
32
45
84
91
110
139
127
51
-75
-140
-150
-111
-52
-47
-25
-6
6
-5
-49
-32
-22
-43
-51
-48
-37
-36
-66
-94
-103
-44
48
140
195
223
163
67
35
43
9
-49
-85
-122
-97
-44
-32
-16
73
93
35
39
20
-37
-98
-197
-269
-215
-123
3
149
197
156
165
176
48
-21
-70
-118
-89
8
29
20
19
10
48
43
11
48
41
-8
-25
-10
-48
-108
-111
-104
-50
-29
32
109
129
92
90
82
43
28
-13
-111
-133
-97
-48
7
22
35
95
107
89
122
61
-71
-123
-87
-80
-43
-32
-15
10
60
83
75
-15
-129
-119
-148
-170
-96
-22
-25
-23
53
133
197
196
135
75
32
59
126
116
-7
-115
-144
-139
-135
-47
0
-30
-66
-33
-6
-37
-111
-129
-149
-146
-54
66
158
187
227
194
95
54
125
110
54
-17
-20
4
-53
-65
-20
34
-15
-1
62
20
-53
-52
-72
-128
-167
-130
-59
15
54
56
34
-11
28
51
14
15
74
43
-18
-25
-9
8
14
33
89
88
-1
-82
-114
-158
-205
-179
-145
-64
53
117
132
141
129
103
43
-23
8
24
-31
-54
-21
-9
-8
61
103
63
-15
-90
-105
-89
-119
-127
-89
-80
-14
70
120
135
154
136
81
35
0
2
13
-1
0
19
30
44
43
-7
-62
-107
-141
-150
-114
-57
9
81
92
92
83
35
30
79
119
99
43
-9
-48
-79
-105
-106
-83
-7
45
102
111
93
22
-118
-230
-258
-186
-85
32
121
142
102
52
12
-15
-40
-50
-28
26
61
80
84
48
5
-22
-59
-91
-78
-62
-63
-57
-44
-33
-21
-16
-40
-54
-69
-62
-30
21
58
122
154
121
85
30
1
-14
-22
-6
36
71
67
79
67
29
-3
-43
-47
-20
7
-8
-16
-19
-46
-50
-32
-19
-6
-7
8
44
63
69
74
80
60
31
-10
-35
-33
-31
-27
-8
9
23
1
-38
-83
-97
-104
-88
-17
41
71
78
71
41
2
-40
-62
-37
-18
-4
3
8
11
-5
-26
-42
-30
-16
-10
1
26
19
-4
-23
-15
7
22
32
35
30
12
-11
-46
-62
-71
-70
-72
-40
15
58
74
77
71
37
2
-29
-32
-21
-10
8
23
26
27
12
0
-18
-25
-9
25
67
94
94
52
-15
-76
-115
-111
-74
-28
-1
29
61
81
80
52
13
-3
-17
-8
28
60
68
35
-4
-43
-67
-66
-45
-28
-20
-25
-28
-35
-26
-12
-22
-33
-32
-21
-10
-6
7
15
4
-16
-28
-34
-61
-83
-94
-92
-74
-35
26
77
103
105
89
54
8
-14
-26
-40
-38
-28
-33
-36
-28
-18
-11
-6
8
32
50
59
72
79
70
58
53
50
46
49
50
48
44
46
41
32
14
4
-3
-6
11
36
54
61
65
61
42
20
-9
-22
-25
-18
0
10
8
-5
-2
8
19
23
15
-14
-42
-65
-77
-85
-95
-94
-87
-72
-52
-39
-46
-80
-111
-119
-112
-87
-55
-25
-9
-10
-11
-3
10
18
26
25
3
-22
-41
-47
-37
-14
14
30
40
47
46
31
12
-9
-34
-46
-31
-5
24
54
68
66
67
79
96
109
100
77
54
27
18
23
28
30
37
47
70
102
124
111
60
4
-39
-60
-60
-46
-29
-27
-33
-24
-20
-14
-10
-17
-29
-43
-50
-49
-36
-21
-19
-16
-7
18
59
89
101
88
47
-19
-86
-129
-140
-129
-114
-107
-107
-112
-101
-66
-30
-6
-10
-34
-61
-65
-48
-36
-33
-48
-70
-81
-74
-41
-8
7
1
-15
-27
-40
-37
-34
-47
-64
-70
-38
12
46
60
58
46
38
43
62
73
81
81
85
109
142
191
240
273
295
302
299
281
261
244
224
215
223
235
242
246
254
257
240
199
136
72
15
-33
-84
-149
-221
-280
-310
-302
-276
-246
-232
-228
-224
-217
-211
-220
-250
-304
-372
-424
-438
-425
-405
-391
-388
-384
-359
-304
-232
-178
-165
-192
-226
-254
-273
-284
-302
-339
-394
-452
-490
-494
-474
-455
-464
-504
-536
-500
-336
-9
430
855
1203
1525
1877
2241
2531
2668
2617
2387
2030
1655
1356
1100
800
390
-86
-496
-720
-756
-717
-747
-911
-1140
-1300
-1302
-1157
-967
-839
-782
-714
-541
-232
155
479
638
634
544
480
496
525
449
217
-112
-426
-621
-684
-700
-776
-947
-1158
-1324
-1399
-1416
-1428
-1498
-1639
-1793
-1870
-1787
-1543
-1230
-950
-742
-565
-350
-73
211
408
476
457
466
623
954
1374
1761
2067
2323
2579
2847
3069
3151
3003
2624
2110
1610
1205
861
482
10
-510
-948
-1193
-1246
-1220
-1229
-1332
-1483
-1563
-1477
-1232
-913
-595
-311
-28
350
849
1387
1821
2055
2097
2015
1907
1797
1633
1346
895
332
-234
-705
-1048
-1329
-1628
-1979
-2333
-2603
-2742
-2774
-2767
-2774
-2783
-2734
-2572
-2260
-1835
-1357
-895
-466
-54
351
752
1088
1274
1267
1118
919
712
485
193
-168
-526
-793
-927
-950
-906
-778
-518
-107
414
955
1450
1883
2252
2523
2664
2686
2613
2450
2208
1924
1672
1496
1350
1140
816
441
143
-8
-71
-185
-419
-722
-979
-1089
-1047
-906
-745
-604
-461
-298
-65
244
558
768
806
717
609
575
626
655
564
337
63
-146
-263
-352
-524
-826
-1210
-1585
-1858
-2003
-2045
-2049
-2083
-2141
-2148
-2011
-1698
-1286
-893
-613
-429
-245
7
294
498
515
356
133
-51
-155
-233
-348
-538
-788
-1043
-1222
-1275
-1224
-1154
-1127
-1125
-1043
-728
-101
772
1686
2435
2985
3466
3980
4458
4709
4625
4236
3667
3052
2487
2017
1597
1106
469
-261
-902
-1313
-1515
-1686
-2002
-2457
-2868
-3025
-2862
-2505
-2121
-1790
-1456
-1017
-437
237
881
1371
1642
1721
1736
1792
1905
1970
1852
1537
1131
796
595
440
214
-158
-632
-1110
-1517
-1841
-2126
-2399
-2663
-2894
-3017
-2975
-2740
-2371
-1971
-1601
-1249
-851
-395
53
399
582
621
594
575
580
569
508
397
267
162
91
20
-106
-328
-631
-935
-1145
-1214
-1173
-1056
-814
-366
322
1163
1991
2696
3265
3713
4033
4189
4176
3977
3591
3047
2430
1865
1363
835
181
-586
-1304
-1831
-2130
-2310
-2523
-2774
-2967
-2956
-2693
-2264
-1766
-1296
-852
-394
106
680
1255
1719
1962
1985
1923
1892
1937
1955
1805
1484
1091
783
606
460
264
-44
-422
-815
-1206
-1565
-1904
-2221
-2532
-2851
-3096
-3183
-3046
-2735
-2369
-2015
-1650
-1200
-653
-95
361
642
770
797
755
670
552
411
235
21
-183
-306
-296
-204
-159
-259
-469
-659
-733
-687
-605
-568
-525
-327
153
880
1669
2339
2829
3200
3507
3739
3846
3762
3439
2882
2192
1542
1017
553
4
-701
-1447
-2038
-2347
-2415
-2422
-2498
-2632
-2681
-2500
-2079
-1521
-976
-521
-124
285
782
1345
1865
2216
2319
2260
2170
2142
2151
2055
1779
1350
912
616
463
377
236
-19
-345
-696
-1007
-1293
-1607
-1990
-2464
-2945
-3317
-3480
-3402
-3165
-2850
-2495
-2058
-1481
-793
-97
454
777
919
960
978
950
822
579
260
-41
-244
-324
-316
-317
-395
-541
-690
-761
-740
-685
-655
-662
-570
-226
415
1193
1851
2297
2620
2930
3215
3355
3284
2985
2488
1894
1332
948
698
406
-37
-575
-977
-1096
-987
-869
-983
-1311
-1658
-1800
-1668
-1412
-1187
-1064
-950
-705
-278
330
978
1490
1763
1815
1840
1975
2200
2344
2184
1769
1308
1033
983
953
776
405
-43
-428
-736
-992
-1298
-1727
-2288
-2925
-3451
-3720
-3718
-3569
-3445
-3353
-3146
-2664
-1921
-1137
-530
-167
60
299
575
821
929
865
674
439
273
260
381
481
384
78
-252
-395
-316
-201
-249
-464
-597
-378
248
1047
1693
2080
2335
2601
2880
3059
3076
2893
2478
1868
1252
881
764
639
249
-387
-961
-1216
-1147
-1005
-1072
-1386
-1751
-1885
-1669
-1242
-794
-453
-190
115
547
1183
1919
2526
2800
2728
2568
2527
2615
2622
2297
1660
905
278
-118
-422
-787
-1301
-1865
-2305
-2562
-2644
-2663
-2721
-2886
-3167
-3405
-3440
-3220
-2874
-2602
-2425
-2204
-1774
-1114
-403
175
521
699
852
1029
1201
1243
1086
780
428
151
-1
-20
11
-61
-285
-550
-675
-600
-466
-449
-593
-757
-711
-305
432
1283
1962
2378
2678
3060
3531
3881
3905
3556
2950
2299
1780
1462
1227
835
194
-534
-1053
-1206
-1107
-1013
-1166
-1578
-2001
-2130
-1831
-1318
-921
-776
-724
-466
110
886
1601
2016
2080
1910
1754
1768
1862
1809
1411
726
20
-452
-619
-679
-888
-1339
-1887
-2238
-2288
-2160
-2104
-2268
-2585
-2893
-3029
-2917
-2608
-2231
-1929
-1706
-1415
-894
-138
652
1224
1465
1467
1450
1523
1614
1525
1133
551
21
-293
-422
-482
-560
-687
-852
-1000
-1046
-958
-821
-773
-859
-979
-919
-494
288
1220
2011
2531
2943
3457
4045
4442
4428
4043
3458
2820
2224
1714
1282
774
76
-729
-1391
-1717
-1787
-1826
-2029
-2398
-2727
-2798
-2528
-2070
-1669
-1427
-1231
-858
-233
522
1216
1674
1856
1852
1831
1917
2038
2024
1739
1232
725
372
182
-8
-350
-844
-1362
-1717
-1834
-1821
-1840
-1991
-2208
-2358
-2344
-2179
-1961
-1765
-1615
-1453
-1185
-771
-262
209
522
662
711
785
915
1036
1035
835
508
231
127
153
156
53
-114
-241
-257
-194
-162
-259
-503
-808
-1054
-1151
-1064
-766
-269
356
1001
1613
2236
2882
3427
3664
3518
3134
2733
2395
2050
1619
1138
658
193
-242
-603
-842
-1016
-1222
-1514
-1852
-2114
-2216
-2169
-2077
-2036
-2001
-1832
-1421
-825
-226
262
617
893
1138
1370
1592
1749
1777
1672
1498
1363
1283
1179
951
552
68
-391
-716
-918
-1104
-1353
-1659
-1909
-2000
-1945
-1836
-1776
-1761
-1709
-1540
-1241
-881
-542
-290
-129
-10
136
331
527
655
668
586
499
487
560
617
560
384
193
102
117
138
39
-231
-591
-906
-1090
-1168
-1189
-1123
-877
-387
268
931
1513
2003
2391
2587
2537
2337
2130
1954
1723
1384
1041
792
603
333
-62
-480
-797
-989
-1149
-1361
-1609
-1798
-1835
-1731
-1563
-1364
-1118
-786
-394
-7
372
747
1089
1320
1419
1481
1590
1752
1885
1902
1804
1632
1421
1162
815
371
-152
-688
-1159
-1542
-1837
-2060
-2213
-2298
-2319
-2275
-2177
-2012
-1768
-1464
-1140
-838
-551
-236
98
404
624
758
847
907
944
928
853
745
622
476
283
73
-103
-229
-335
-476
-676
-923
-1173
-1379
-1552
-1727
-1904
-1990
-1827
-1338
-600
198
901
1501
2079
2643
3078
3277
3258
3115
2896
2605
2289
2013
1723
1281
639
-43
-541
-795
-937
-1166
-1555
-1969
-2196
-2126
-1872
-1633
-1492
-1363
-1109
-710
-229
268
703
1009
1159
1255
1459
1806
2153
2296
2183
1949
1754
1624
1417
994
353
-379
-1026
-1508
-1832
-2067
-2262
-2417
-2494
-2437
-2232
-1916
-1577
-1312
-1145
-1009
-799
-482
-162
33
79
78
157
330
527
658
698
680
647
615
555
440
282
91
-136
-389
-611
-773
-911
-1082
-1287
-1473
-1601
-1680
-1690
-1528
-1078
-362
412
1048
1564
2118
2734
3204
3342
3196
2952
2696
2397
2062
1737
1382
896
287
-296
-673
-815
-853
-975
-1265
-1603
-1773
-1666
-1420
-1278
-1311
-1354
-1208
-871
-462
-72
280
586
830
1047
1315
1679
2060
2272
2218
1988
1770
1639
1464
1072
436
-275
-872
-1308
-1657
-1973
-2201
-2263
-2175
-2026
-1869
-1652
-1336
-1007
-809
-760
-713
-562
-377
-300
-350
-391
-312
-143
8
97
180
322
513
653
654
567
507
505
466
321
129
-32
-150
-294
-499
-731
-950
-1174
-1432
-1648
-1657
-1329
-719
-94
350
700
1203
1877
2416
2587
2477
2310
2171
2005
1815
1644
1429
1060
536
52
-191
-172
-85
-201
-587
-1028
-1232
-1133
-968
-977
-1154
-1276
-1184
-915
-553
-161
215
501
663
785
989
1333
1693
1815
1596
1225
1015
1019
972
640
76
-468
-853
-1131
-1373
-1548
-1596
-1552
-1506
-1467
-1358
-1100
-742
-458
-398
-496
-522
-378
-223
-236
-361
-407
-315
-195
-124
-52
89
266
383
370
260
173
177
191
82
-152
-369
-457
-463
-508
-633
-776
-904
-1067
-1278
-1422
-1368
-1057
-538
15
426
742
1188
1796
2259
2334
2163
2018
1935
1789
1602
1479
1350
1056
615
244
106
144
174
24
-338
-770
-1058
-1106
-1059
-1121
-1303
-1398
-1259
-940
-523
-49
411
750
980
1206
1463
1708
1882
1928
1782
1484
1198
1013
826
481
-11
-493
-863
-1141
-1369
-1529
-1599
-1598
-1529
-1396
-1237
-1086
-908
-668
-464
-418
-483
-508
-452
-422
-450
-445
-371
-279
-201
-117
-28
63
190
302
284
148
56
104
170
101
-92
-280
-379
-452
-563
-688
-808
-987
-1282
-1605
-1813
-1819
-1567
-1056
-483
-92
188
698
1501
2169
2365
2267
2211
2219
2169
2134
2207
2203
1911
1427
1049
931
981
978
701
100
-583
-989
-1020
-976
-1161
-1519
-1741
-1660
-1348
-897
-394
8
201
297
503
878
1309
1614
1637
1396
1136
1099
1232
1243
943
417
-88
-417
-602
-746
-918
-1138
-1390
-1574
-1585
-1453
-1323
-1286
-1309
-1361
-1420
-1389
-1214
-1029
-992
-1025
-924
-674
-391
-114
166
381
482
586
779
964
1030
1006
945
818
614
398
203
-19
-312
-640
-929
-1158
-1379
-1640
-1922
-2193
-2397
-2418
-2116
-1516
-882
-378
117
801
1624
2317
2738
2983
3167
3292
3349
3448
3583
3555
3223
2677
2153
1769
1466
1048
331
-629
-1544
-2150
-2453
-2667
-2920
-3154
-3225
-3041
-2580
-1889
-1153
-558
-122
272
722
1263
1855
2308
2431
2315
2234
2297
2341
2192
1815
1261
650
132
-234
-552
-969
-1495
-2007
-2377
-2596
-2710
-2728
-2669
-2590
-2532
-2373
-1975
-1421
-918
-544
-196
184
570
980
1390
1669
1728
1680
1648
1587
1452
1300
1130
822
325
-189
-558
-820
-1129
-1526
-1906
-2177
-2347
-2461
-2551
-2668
-2873
-3093
-3155
-2941
-2374
-1461
-450
357
1074
2121
3483
4598
5168
5454
5687
5756
5621
5480
5300
4757
3741
2513
1380
457
-327
-1147
-2182
-3374
-4388
-4872
-4826
-4638
-4601
-4556
-4180
-3449
-2527
-1437
-266
697
1312
1839
2538
3330
4012
4418
4433
4120
3798
3661
3488
2972
2126
1170
237
-636
-1405
-2091
-2819
-3675
-4534
-5127
-5312
-5226
-5079
-4874
-4481
-3860
-3006
-1908
-715
297
1073
1804
2535
3131
3550
3808
3767
3351
2818
2433
2115
1663
1070
436
-190
-752
-1193
-1558
-1926
-2339
-2756
-3061
-3142
-3076
-3078
-3164
-3180
-3104
-2975
-2718
-2257
-1645
-816
382
1748
2920
3953
5165
6415
7170
7305
7185
6982
6493
5623
4618
3616
2457
1025
-510
-1865
-2913
-3698
-4341
-4988
-5629
-6005
-5826
-5176
-4497
-3972
-3353
-2449
-1386
-265
959
2108
2878
3334
3823
4416
4880
5085
5015
4617
3955
3292
2786
2249
1399
214
-1044
-2117
-2962
-3687
-4386
-5105
-5836
-6384
-6452
-6019
-5408
-4842
-4178
-3226
-2049
-734
720
2136
3178
3793
4261
4736
5058
5058
4696
3981
3030
2126
1472
943
274
-577
-1427
-2083
-2477
-2661
-2793
-3018
-3339
-3603
-3620
-3342
-2947
-2658
-2477
-2265
-1967
-1565
-985
-261
396
974
1814
3050
4287
5167
5827
6469
6862
6715
6198
5603
4825
3642
2247
1035
-1
-1112
-2290
-3326
-4116
-4634
-4790
-4671
-4598
-4662
-4530
-3906
-3037
-2337
-1760
-1034
-169
649
1469
2386
3207
3709
3968
4136
4217
4188
4060
3741
3112
2251
1388
660
-19
-841
-1857
-2858
-3619
-4160
-4619
-5001
-5231
-5310
-5210
-4839
-4229
-3493
-2644
-1637
-576
415
1423
2531
3541
4172
4461
4609
4641
4481
4135
3589
2788
1866
1124
636
135
-562
-1263
-1720
-1991
-2277
-2568
-2732
-2804
-2924
-3064
-3032
-2771
-2445
-2202
-1993
-1703
-1297
-794
-255
188
465
757
1423
2486
3453
3904
4063
4406
4852
4875
4388
3785
3181
2275
1110
209
-266
-755
-1566
-2467
-3088
-3308
-3174
-2876
-2741
-2901
-3039
-2727
-2016
-1364
-966
-585
-51
524
1110
1806
2528
3001
3134
3086
3023
3041
3091
2960
2469
1756
1140
711
296
-271
-999
-1789
-2528
-3110
-3492
-3744
-3976
-4202
-4275
-4066
-3644
-3128
-2503
-1722
-883
-91
762
1763
2746
3443
3807
3994
4096
4068
3827
3351
2674
1882
1133
526
-12
-655
-1418
-2064
-2438
-2698
-3016
-3265
-3302
-3290
-3364
-3335
-3039
-2650
-2370
-2151
-1845
-1412
-882
-339
102
389
613
965
1678
2717
3593
3930
4029
4407
4930
5012
4559
3942
3281
2417
1459
776
373
-123
-924
-1816
-2425
-2601
-2495
-2422
-2623
-3026
-3263
-2982
-2286
-1649
-1289
-961
-421
278
1070
1922
2628
2979
3080
3147
3231
3344
3452
3297
2703
1967
1470
1100
525
-282
-1178
-2132
-3058
-3737
-4140
-4510
-4961
-5311
-5333
-4999
-4451
-3798
-3040
-2133
-1101
-6
1165
2375
3462
4286
4845
5161
5219
5086
4779
4148
3155
2062
1137
319
-560
-1475
-2304
-2949
-3363
-3600
-3797
-3949
-3972
-3954
-3988
-3913
-3559
-3053
-2588
-2146
-1635
-978
-99
859
1542
1876
2167
2566
2981
3546
4324
4827
4677
4376
4536
4812
4523
3752
2954
2113
1071
195
-162
-377
-1013
-1981
-2738
-3035
-2987
-2740
-2503
-2574
-2920
-2979
-2354
-1456
-866
-562
-216
212
752
1616
2615
3184
3229
3188
3202
3097
2963
2832
2298
1197
89
-563
-1024
-1669
-2451
-3267
-4104
-4747
-4912
-4756
-4716
-4849
-4791
-4291
-3454
-2483
-1474
-488
439
1375
2415
3481
4354
4921
5184
5125
4795
4390
3983
3314
2211
939
-134
-931
-1584
-2182
-2800
-3446
-3901
-3978
-3858
-3800
-3737
-3545
-3332
-3079
-2535
-1679
-861
-267
280
924
1646
2419
3129
3490
3400
3138
2962
2880
2934
3129
3091
2523
1886
1856
2190
2066
1407
810
436
-14
-384
-282
-33
-281
-934
-1388
-1479
-1436
-1265
-1048
-1229
-1863
-2184
-1646
-842
-523
-525
-355
-47
266
805
1500
1806
1566
1214
1024
896
836
811
476
-274
-959
-1175
-1167
-1357
-1760
-2175
-2487
-2640
-2557
-2281
-2047
-2009
-2000
-1711
-1097
-413
102
392
584
895
1405
1923
2171
2166
2143
2179
2196
2133
1972
1605
978
254
-342
-739
-1055
-1421
-1888
-2332
-2497
-2307
-2010
-1851
-1776
-1593
-1239
-750
-193
324
710
954
1128
1346
1674
1970
2006
1769
1441
1106
752
387
-3
-296
-203
178
368
379
807
1651
2085
1882
1723
1891
1885
1544
1361
1439
1341
916
406
-35
-423
-679
-822
-1143
-1797
-2470
-2718
-2616
-2595
-2734
-2768
-2623
-2437
-2069
-1340
-584
-175
65
425
819
1179
1623
1977
1964
1745
1644
1618
1493
1315
1033
467
-259
-789
-1057
-1322
-1718
-2153
-2512
-2687
-2624
-2396
-2186
-2031
-1764
-1344
-878
-338
417
1254
1851
2235
2648
3064
3245
3179
2996
2613
1999
1427
1070
739
267
-183
-512
-851
-1167
-1225
-1095
-1175
-1480
-1599
-1470
-1442
-1563
-1517
-1282
-1105
-967
-680
-290
26
267
436
426
271
192
383
901
1541
1938
2052
2330
2992
3543
3581
3381
3253
2954
2276
1643
1335
967
130
-1053
-2162
-2979
-3460
-3705
-4006
-4585
-5247
-5434
-4953
-4234
-3643
-3091
-2419
-1645
-633
755
2122
2990
3485
3932
4272
4450
4651
4709
4209
3266
2417
1822
1242
556
-270
-1314
-2411
-3151
-3404
-3545
-3896
-4330
-4531
-4390
-3992
-3424
-2787
-2203
-1627
-878
116
1243
2384
3392
4102
4557
4961
5360
5530
5285
4681
3824
2825
1878
1093
283
-711
-1657
-2299
-2710
-3030
-3190
-3167
-3171
-3256
-3175
-2830
-2469
-2227
-1912
-1424
-859
-263
373
952
1366
1683
1944
2014
1851
1599
1323
1126
1307
1760
1906
1670
1704
2172
2359
1977
1542
1245
640
-313
-1021
-1328
-1708
-2426
-3259
-3882
-4134
-3930
-3410
-3033
-3070
-3136
-2626
-1633
-767
-185
359
869
1278
1904
2848
3554
3703
3628
3498
3155
2814
2766
2583
1770
705
19
-324
-703
-1192
-1737
-2371
-2958
-3188
-3008
-2758
-2736
-2832
-2720
-2288
-1687
-1057
-434
140
668
1230
1890
2628
3348
3881
4085
4069
4080
4157
4071
3621
2835
1842
834
30
-595
-1321
-2224
-2942
-3236
-3347
-3466
-3416
-3134
-2930
-2883
-2637
-2063
-1456
-1020
-653
-263
156
685
1304
1752
1862
1799
1755
1605
1214
712
240
-275
-698
-650
-251
-56
-88
195
743
893
676
656
713
299
-384
-660
-636
-847
-1268
-1564
-1695
-1739
-1521
-1045
-716
-707
-673
-300
174
442
631
869
1028
1139
1498
2012
2235
2161
2081
1939
1567
1227
1087
782
140
-442
-686
-812
-994
-1115
-1191
-1357
-1500
-1373
-1064
-940
-1079
-1197
-1133
-987
-811
-565
-354
-229
7
462
980
1457
1972
2410
2538
2537
2725
2960
2861
2346
1615
818
82
-472
-925
-1498
-2155
-2560
-2588
-2474
-2369
-2193
-1944
-1798
-1747
-1546
-1140
-767
-588
-498
-367
-171
163
618
929
894
701
627
561
271
-128
-448
-819
-1164
-982
-310
156
251
567
1190
1465
1342
1379
1474
1054
318
5
83
-3
-272
-427
-502
-622
-547
-121
227
105
-205
-243
-140
-194
-235
-125
-155
-356
-230
292
647
719
880
1064
950
814
1028
1268
1140
880
823
858
838
825
766
461
-59
-484
-666
-851
-1263
-1762
-2104
-2272
-2297
-2102
-1762
-1458
-1137
-644
-28
616
1299
1895
2205
2331
2540
2795
2869
2701
2306
1692
1028
528
115
-443
-1125
-1696
-2048
-2263
-2382
-2388
-2378
-2465
-2552
-2439
-2144
-1859
-1665
-1493
-1276
-971
-510
66
533
741
812
930
1061
1048
855
550
160
-282
-474
-96
522
756
677
898
1503
1897
1896
1825
1669
1184
609
429
498
357
0
-340
-619
-819
-756
-498
-514
-977
-1440
-1495
-1333
-1269
-1221
-1092
-985
-821
-288
545
1221
1616
1948
2223
2370
2578
2892
2933
2539
2074
1782
1460
982
490
-38
-759
-1530
-2031
-2305
-2611
-2952
-3191
-3337
-3339
-2991
-2372
-1873
-1525
-936
-61
744
1429
2189
2848
3163
3387
3768
3985
3756
3335
2866
2051
935
39
-573
-1387
-2403
-3068
-3300
-3514
-3724
-3625
-3377
-3358
-3372
-2997
-2406
-2003
-1683
-1164
-603
-186
312
1013
1616
1938
2194
2460
2515
2360
2175
1869
1273
577
32
-357
-486
-266
-53
-151
-211
197
681
703
517
513
463
119
-161
-49
142
70
-143
-244
-225
-125
152
441
375
24
-128
16
83
41
155
318
298
365
846
1421
1662
1709
1797
1768
1542
1376
1307
1004
371
-274
-738
-1171
-1622
-1919
-2103
-2423
-2762
-2749
-2443
-2259
-2237
-2038
-1606
-1182
-785
-260
353
910
1414
1932
2429
2825
3092
3199
3113
2834
2402
1851
1154
290
-629
-1436
-2074
-2601
-3030
-3295
-3352
-3227
-2983
-2708
-2426
-2084
-1691
-1304
-898
-396
155
623
1022
1447
1881
2205
2386
2467
2412
2205
1939
1657
1279
761
222
-257
-771
-1302
-1650
-1822
-2043
-2107
-1616
-875
-485
-287
255
926
1130
1062
1206
1364
1170
922
1054
1363
1530
1590
1652
1635
1495
1409
1370
1010
212
-618
-1175
-1604
-1981
-2143
-2159
-2179
-2001
-1436
-747
-192
322
764
887
793
841
973
858
501
175
-48
-217
-263
-142
-56
-157
-261
-201
-111
-117
-155
-221
-404
-568
-506
-351
-297
-218
9
164
144
213
447
532
323
56
-127
-345
-606
-751
-818
-942
-958
-681
-319
-85
153
491
705
674
608
589
424
127
-84
-204
-359
-475
-427
-314
-238
-98
128
286
315
358
450
433
280
109
-90
-362
-593
-711
-871
-1139
-1302
-1278
-1267
-1144
-541
242
610
767
1296
1990
2246
2214
2278
2231
1888
1615
1653
1632
1305
897
489
-55
-657
-1062
-1343
-1861
-2557
-2964
-2952
-2814
-2585
-2109
-1591
-1168
-531
401
1172
1570
1892
2142
2051
1809
1750
1699
1370
980
840
823
768
769
823
703
352
34
-189
-532
-987
-1383
-1800
-2307
-2586
-2458
-2295
-2309
-2135
-1589
-1073
-743
-257
378
752
862
1078
1380
1501
1565
1766
1874
1677
1495
1603
1658
1350
949
680
302
-291
-822
-1194
-1622
-2072
-2283
-2306
-2314
-2114
-1572
-1033
-754
-436
139
638
837
972
1150
1151
963
872
936
942
872
851
813
660
493
382
128
-364
-883
-1292
-1650
-1766
-1414
-941
-742
-541
21
616
822
879
994
880
447
116
136
220
186
171
224
252
295
511
772
703
293
-123
-403
-636
-777
-757
-704
-642
-379
129
689
1225
1744
2027
1930
1692
1555
1384
984
470
25
-370
-736
-948
-956
-958
-1113
-1315
-1463
-1571
-1627
-1614
-1625
-1683
-1612
-1342
-993
-589
-44
567
1037
1373
1698
1965
2059
2001
1844
1542
1124
773
557
323
-15
-308
-463
-601
-783
-929
-1049
-1256
-1524
-1725
-1842
-1891
-1815
-1611
-1366
-1054
-542
137
793
1340
1791
2099
2207
2173
2076
1862
1473
979
460
-63
-533
-883
-1172
-1529
-1936
-2245
-2399
-2460
-2479
-2457
-2413
-2324
-2104
-1720
-1165
-393
496
1249
1815
2413
3084
3568
3702
3595
3332
2918
2446
2061
1749
1401
985
553
176
-110
-315
-493
-738
-1095
-1502
-1824
-1946
-1851
-1633
-1440
-1247
-868
-289
293
765
1192
1542
1647
1534
1406
1344
1240
1012
693
345
61
-97
-187
-347
-617
-916
-1208
-1525
-1835
-2062
-2219
-2383
-2478
-2356
-2022
-1559
-998
-402
81
423
777
1154
1396
1449
1428
1395
1293
1154
1076
1039
915
680
424
199
-15
-218
-424
-705
-1033
-1263
-1338
-1341
-1311
-1191
-989
-765
-502
-166
160
363
439
436
375
286
226
197
140
52
16
75
170
226
244
220
148
57
-33
-128
-235
-324
-390
-453
-457
-328
-105
127
422
861
1317
1638
1870
2090
2224
2185
2053
1883
1632
1325
1062
857
633
405
197
-52
-373
-716
-1006
-1244
-1475
-1691
-1870
-1956
-1868
-1576
-1171
-768
-334
151
566
810
933
996
921
676
370
96
-153
-365
-493
-548
-581
-587
-563
-553
-618
-752
-934
-1178
-1465
-1716
-1892
-1973
-1886
-1582
-1170
-775
-346
161
628
930
1111
1230
1229
1103
972
937
942
926
920
945
958
935
912
853
668
369
36
-312
-667
-951
-1138
-1277
-1365
-1304
-1077
-784
-482
-171
103
280
391
502
600
644
656
697
784
883
999
1141
1245
1245
1163
1046
886
668
423
183
-44
-223
-303
-287
-227
-153
-88
-74
-135
-257
-403
-561
-727
-847
-828
-647
-381
-98
195
489
724
859
900
854
729
568
418
306
228
185
152
102
22
-93
-224
-395
-645
-989
-1362
-1673
-1871
-1944
-1896
-1728
-1428
-1036
-626
-264
26
223
285
220
92
-43
-145
-184
-144
-40
109
293
499
692
822
857
813
708
551
365
188
51
-19
-15
43
134
252
387
499
555
537
441
296
125
-47
-188
-281
-318
-293
-191
-25
145
297
417
467
417
273
84
-117
-302
-438
-486
-405
-206
78
416
758
1031
1188
1238
1160
935
609
267
-52
-334
-534
-631
-639
-585
-498
-419
-397
-457
-583
-755
-961
-1173
-1336
-1413
-1395
-1272
-1018
-632
-109
513
1108
1559
1859
2027
2014
1790
1438
1022
578
191
-51
-146
-144
-82
-39
-105
-297
-581
-921
-1320
-1763
-2185
-2494
-2624
-2552
-2247
-1737
-1121
-462
218
859
1376
1726
1914
1928
1797
1598
1406
1274
1220
1230
1252
1227
1131
949
667
255
-286
-878
-1430
-1876
-2176
-2286
-2197
-1930
-1509
-999
-472
17
435
741
905
960
971
982
1019
1102
1231
1371
1508
1615
1644
1553
1331
989
559
90
-369
-780
-1096
-1297
-1389
-1375
-1266
-1099
-905
-694
-496
-346
-234
-133
-48
12
81
185
317
457
586
695
774
794
741
622
441
189
-113
-419
-703
-943
-1104
-1176
-1173
-1110
-1009
-909
-821
-748
-699
-674
-648
-590
-493
-343
-100
226
579
900
1173
1385
1507
1534
1465
1305
1084
845
616
403
220
62
-93
-263
-441
-608
-763
-917
-1074
-1205
-1277
-1272
-1176
-983
-716
-411
-87
244
545
791
974
1082
1118
1102
1063
1018
976
931
877
804
704
562
355
93
-204
-511
-796
-1014
-1132
-1147
-1068
-916
-711
-477
-260
-88
26
94
140
191
260
348
469
615
756
860
908
894
794
607
355
70
-212
-460
-640
-745
-781
-760
-703
-626
-548
-485
-443
-426
-422
-411
-377
-312
-205
-66
86
228
347
431
456
413
298
127
-78
-293
-486
-630
-714
-731
-679
-562
-382
-158
67
255
384
470
542
601
641
669
712
785
868
936
969
947
853
676
435
157
-125
-385
-614
-799
-920
-953
-896
-784
-660
-535
-415
-311
-233
-174
-133
-97
-44
50
188
350
520
681
815
882
866
775
619
401
139
-124
-352
-524
-635
-687
-692
-665
-611
-540
-468
-408
-350
-278
-171
-23
152
344
545
741
899
993
1008
946
821
649
450
245
59
-90
-196
-283
-374
-478
-598
-739
-902
-1060
-1174
-1215
-1179
-1068
-877
-616
-318
-18
244
433
533
555
535
487
440
430
462
511
551
585
618
626
584
477
331
175
25
-100
-197
-273
-337
-383
-400
-406
-405
-389
-361
-333
-300
-230
-114
40
206
368
516
636
721
755
723
622
467
302
143
1
-117
-202
-268
-330
-387
-440
-505
-592
-683
-759
-803
-808
-759
-657
-511
-337
-155
23
184
313
394
433
447
451
463
482
510
544
577
597
590
543
450
324
180
24
-127
-257
-344
-385
-393
-374
-344
-310
-276
-246
-222
-203
-178
-139
-90
-38
20
92
174
245
284
292
274
224
142
25
-115
-263
-395
-488
-536
-530
-479
-383
-250
-96
59
193
295
369
416
443
454
460
466
470
466
447
407
342
249
132
-1
-139
-263
-359
-416
-428
-401
-340
-253
-149
-46
35
83
96
85
54
11
-33
-57
-55
-30
5
47
91
126
134
101
27
-77
-187
-290
-373
-428
-445
-424
-377
-322
-267
-225
-208
-222
-263
-308
-330
-309
-239
-119
47
241
449
651
811
897
899
821
694
551
413
290
189
117
75
53
35
-8
-83
-188
-308
-425
-519
-559
-539
-466
-357
-225
-66
106
257
356
396
395
371
335
299
265
242
235
244
260
273
270
243
175
70
-60
-195
-323
-440
-538
-607
-637
-629
-587
-527
-471
-420
-372
-322
-272
-221
-159
-76
20
128
245
363
461
524
551
537
485
396
284
156
30
-83
-175
-242
-282
-302
-316
-329
-346
-364
-379
-394
-410
-418
-411
-384
-343
-286
-217
-142
-65
15
97
182
271
361
452
536
615
679
730
764
773
749
695
616
508
375
228
76
-73
-217
-340
-428
-481
-507
-505
-475
-426
-364
-277
-168
-49
76
196
299
378
430
466
479
470
441
413
397
390
388
379
352
299
220
128
24
-87
-197
-300
-383
-445
-481
-502
-522
-549
-587
-638
-693
-744
-783
-806
-795
-733
-620
-457
-263
-61
120
267
367
407
379
292
172
43
-71
-152
-182
-165
-115
-45
34
106
153
161
137
85
22
-31
-62
-70
-59
-27
29
93
153
198
221
223
209
195
188
193
216
259
319
390
461
525
564
565
535
483
415
330
234
137
48
-37
-113
-178
-230
-266
-287
-294
-281
-247
-195
-135
-78
-28
11
35
43
33
10
-17
-32
-37
-27
-9
19
47
69
76
65
33
-23
-96
-172
-240
-292
-332
-355
-365
-366
-361
-354
-354
-363
-382
-405
-419
-409
-369
-302
-211
-105
8
117
211
274
298
284
241
182
119
61
13
-24
-50
-65
-70
-67
-69
-79
-93
-103
-98
-76
-36
19
85
165
254
342
423
493
544
575
592
600
602
597
586
562
524
470
401
318
220
114
4
-102
-196
-274
-332
-370
-395
-412
-419
-417
-409
-397
-380
-357
-321
-270
-207
-134
-56
22
101
169
228
270
292
293
279
249
205
150
87
20
-51
-121
-189
-249
-299
-339
-366
-382
-386
-374
-348
-316
-280
-239
-193
-147
-102
-52
-1
52
107
163
213
246
260
257
235
192
128
56
-26
-108
-185
-251
-305
-344
-361
-359
-343
-316
-273
-218
-158
-94
-28
43
114
186
254
314
366
412
446
464
464
453
429
390
338
275
206
133
60
-9
-74
-129
-167
-187
-191
-178
-151
-114
-73
-29
13
53
91
124
152
178
204
228
250
267
271
267
247
213
166
108
37
-42
-123
-197
-263
-317
-360
-392
-409
-409
-402
-385
-356
-314
-263
-203
-135
-60
19
91
152
196
226
238
236
215
177
132
85
37
-14
-64
-104
-141
-179
-215
-246
-270
-291
-307
-318
-321
-318
-305
-281
-248
-207
-159
-102
-44
9
65
122
176
222
267
307
341
365
377
376
366
344
310
265
214
166
122
81
45
21
9
2
4
15
36
62
94
131
173
218
264
307
338
356
365
363
347
316
274
222
167
108
48
-15
-77
-140
-205
-269
-326
-377
-420
-457
-481
-483
-471
-446
-413
-373
-331
-291
-253
-221
-190
-163
-134
-105
-74
-40
-5
20
36
40
33
19
-11
-50
-97
-144
-186
-219
-243
-256
-253
-239
-218
-189
-150
-106
-64
-24
21
68
118
166
213
253
292
323
344
349
343
328
302
268
235
205
177
152
130
111
95
76
59
40
15
-10
-27
-37
-41
-32
-14
15
49
86
122
153
181
199
209
209
202
195
184
169
148
125
100
75
44
13
-19
-52
-84
-115
-143
-165
-180
-191
-196
-197
-192
-184
-173
-165
-155
-152
-149
-147
-149
-156
-164
-171
-179
-186
-189
-186
-182
-176
-166
-150
-130
-111
-90
-68
-44
-22
0
22
48
73
97
115
131
146
158
165
167
164
161
156
144
132
118
101
82
61
37
18
-1
-21
-42
-59
-69
-66
-54
-34
-8
24
60
98
133
162
181
189
192
185
172
154
130
99
68
35
4
-33
-72
-113
-148
-183
-215
-241
-255
-257
-248
-224
-189
-146
-94
-39
16
68
118
164
199
224
243
258
260
251
232
200
159
105
44
-27
-101
-175
-245
-308
-359
-400
-425
-435
-430
-410
-376
-332
-278
-214
-144
-68
11
92
170
245
313
375
426
461
479
482
469
439
397
341
277
203
125
47
-32
-105
-169
-226
-273
-309
-334
-349
-352
-347
-328
-297
-257
-205
-146
-82
-15
51
112
167
210
243
266
276
272
253
229
195
151
101
46
-7
-62
-115
-166
-212
-251
-281
-299
-305
-298
-277
-244
-201
-150
-90
-25
41
104
164
219
263
298
323
337
340
331
313
285
249
207
157
102
46
-10
-66
-118
-166
-207
-239
-265
-286
-299
-301
-294
-279
-257
-227
-189
-144
-99
-51
-6
36
75
106
134
156
175
191
201
206
209
209
204
192
175
153
127
100
74
49
28
10
-2
-7
-10
-9
-6
-2
-1
-3
-6
-12
-19
-30
-40
-47
-52
-57
-59
-59
-57
-56
-56
-55
-54
-56
-57
-61
-67
-72
-73
-73
-77
-81
-80
-79
-80
-80
-79
-78
-77
-76
-74
-69
-62
-57
-53
-49
-45
-43
-39
-37
-35
-30
-21
-9
5
22
37
54
70
81
89
91
94
90
81
71
62
54
46
38
30
22
16
12
6
-3
-12
-21
-31
-40
-44
-46
-44
-44
-38
-27
-13
0
15
30
42
54
71
89
107
121
134
148
159
170
177
179
177
174
170
164
156
146
133
120
105
88
70
50
28
4
-21
-45
-66
-85
-100
-111
-118
-118
-118
-114
-111
-108
-107
-107
-107
-110
-113
-117
-123
-127
-132
-134
-138
-143
-148
-153
-157
-163
-169
-175
-179
-184
-183
-178
-169
-157
-144
-128
-105
-82
-58
-34
-9
19
48
76
102
124
144
162
176
186
193
196
194
186
176
166
153
139
124
108
95
84
76
70
63
57
49
45
42
39
38
38
39
41
50
60
70
81
92
99
102
103
102
98
88
76
62
50
36
22
7
-10
-27
-44
-61
-79
-96
-111
-125
-133
-138
-139
-136
-134
-127
-117
-108
-98
-88
-79
-69
-62
-54
-47
-37
-27
-20
-14
-9
-6
-4
-4
-12
-19
-27
-36
-48
-60
-70
-80
-89
-96
-100
-103
-102
-99
-98
-94
-87
-81
-74
-67
-55
-40
-25
-9
7
27
48
68
88
104
118
131
142
149
153
155
152
146
139
133
125
115
104
92
81
71
60
48
36
29
21
17
14
13
17
22
31
43
55
66
75
80
87
90
91
89
83
74
63
52
38
23
9
-8
-28
-49
-71
-91
-111
-133
-151
-164
-174
-181
-181
-175
-167
-156
-142
-126
-108
-92
-77
-62
-50
-36
-23
-11
1
15
28
38
43
46
45
38
26
13
-3
-18
-33
-47
-57
-64
-71
-71
-69
-65
-61
-54
-45
-35
-22
-8
7
22
38
54
70
84
96
105
111
114
115
113
107
101
98
93
85
77
69
60
50
38
26
18
10
2
-4
-6
-6
-3
2
9
18
27
34
40
45
49
51
48
43
38
34
31
24
15
7
-1
-11
-19
-27
-34
-43
-53
-61
-67
-70
-75
-81
-83
-82
-79
-76
-74
-70
-67
-63
-59
-56
-53
-52
-52
-56
-60
-60
-62
-63
-61
-59
-53
-47
-41
-35
-31
-25
-16
-10
-7
-5
0
7
17
26
32
37
42
49
53
57
57
58
56
53
49
47
44
39
33
29
27
26
26
25
23
23
24
27
30
34
39
44
49
55
64
70
76
78
79
76
73
71
65
59
48
36
28
19
9
0
-9
-18
-29
-39
-44
-49
-54
-60
-63
-66
-64
-62
-61
-61
-60
-57
-55
-51
-45
-38
-32
-28
-26
-20
-15
-13
-11
-10
-10
-9
-9
-12
-14
-15
-19
-22
-24
-27
-29
-32
-34
-33
-34
-34
-33
-32
-29
-26
-24
-21
-17
-11
-5
-1
5
10
15
19
23
30
35
39
39
40
43
44
41
39
35
32
28
25
21
18
15
10
5
4
3
2
1
0
-1
0
2
5
6
9
14
17
22
26
30
35
37
40
42
44
45
43
42
39
35
29
24
18
10
2
-8
-15
-23
-30
-35
-42
-48
-51
-53
-55
-56
-56
-55
-53
-49
-44
-36
-30
-24
-19
-12
-6
-1
3
5
6
7
6
6
4
0
-3
-6
-9
-8
-8
-9
-6
-4
0
2
5
6
7
9
10
12
11
12
15
16
19
19
19
19
19
18
12
9
6
2
-3
-7
-13
-16
-17
-18
-18
-17
-14
-10
-6
-1
5
11
17
20
23
27
30
31
30
30
29
29
30
27
21
17
12
5
-3
-12
-18
-27
-35
-42
-47
-48
-47
-44
-40
-35
-26
-16
-7
0
9
14
17
19
20
20
22
21
18
17
17
15
12
9
5
2
-1
-5
-8
-12
-14
-14
-16
-17
-18
-19
-19
-16
-13
-13
-10
-6
-2
5
7
10
15
17
18
19
21
21
19
17
13
11
9
6
3
-1
-5
-10
-12
-14
-18
-21
-24
-24
-23
-22
-21
-19
-16
-15
-11
-6
-1
4
7
9
12
15
14
16
16
15
14
14
14
15
18
19
20
21
21
22
20
15
9
7
4
0
-2
-4
-4
-4
-3
-4
-3
-2
-2
-2
-3
-4
-6
-9
-9
-11
-11
-12
-13
-15
-16
-15
-15
-13
-11
-11
-10
-8
-5
-4
-4
-3
-5
-5
-7
-10
-10
-10
-10
-10
-8
-4
0
3
6
7
11
13
17
18
19
22
24
25
23
24
25
26
25
23
21
18
15
9
3
0
-4
-9
-14
-18
-22
-26
-28
-31
-33
-31
-29
-26
-23
-19
-13
-10
-8
-5
-2
0
0
0
-1
-1
-1
-1
1
0
0
1
0
1
-2
-4
-6
-8
-12
-14
-15
-13
-11
-8
-3
2
7
11
15
19
23
24
25
24
22
21
20
20
18
15
14
15
14
12
10
8
4
-1
-7
-10
-13
-15
-16
-16
-15
-11
-8
-4
1
5
8
12
14
16
18
19
20
19
21
19
18
17
15
12
10
7
5
3
1
-3
-5
-8
-9
-9
-10
-10
-11
-11
-9
-10
-11
-8
-5
-5
-6
-7
-8
-10
-10
-10
-12
-14
-15
-18
-20
-20
-19
-19
-19
-20
-18
-16
-15
-14
-15
-14
-13
-12
-14
-14
-14
-14
-16
-15
-13
-10
-7
-5
-1
1
4
8
9
12
12
13
13
12
9
8
6
4
3
2
3
5
5
7
7
9
10
10
11
14
17
17
16
15
16
20
24
22
22
22
24
25
24
24
24
22
21
21
20
19
16
13
10
8
5
2
1
-3
-4
-4
-7
-7
-8
-8
-8
-10
-12
-12
-11
-11
-11
-9
-6
-6
-4
-3
-3
-2
-3
-5
-9
-15
-17
-20
-22
-24
-28
-28
-28
-29
-28
-27
-24
-19
-20
-20
-19
-19
-18
-19
-20
-19
-16
-12
-7
-3
-1
2
3
6
5
5
4
4
5
4
5
6
7
7
7
9
11
11
13
15
16
17
17
20
23
24
25
27
31
33
34
36
36
37
38
37
36
35
31
30
28
23
18
13
10
7
4
2
-1
-4
-6
-8
-9
-10
-11
-12
-13
-15
-14
-13
-14
-16
-19
-19
-18
-18
-19
-21
-23
-25
-25
-28
-31
-35
-37
-39
-41
-41
-45
-45
-44
-42
-39
-37
-34
-33
-30
-27
-26
-22
-20
-19
-16
-13
-8
-5
-3
-1
0
1
3
6
10
13
15
19
21
24
27
27
26
27
28
28
29
30
29
30
30
33
37
40
41
43
44
43
44
42
41
38
37
36
35
36
37
37
37
37
38
36
32
29
25
19
14
10
5
1
-2
-4
-3
-6
-9
-11
-17
-19
-23
-27
-30
-35
-39
-43
-45
-45
-47
-48
-49
-49
-49
-46
-44
-42
-41
-39
-40
-40
-38
-37
-38
-39
-37
-36
-36
-34
-33
-33
-35
-35
-34
-31
-28
-25
-20
-15
-10
-6
-3
0
2
5
6
7
12
15
19
24
26
29
33
34
37
37
39
39
41
42
42
42
44
45
44
45
44
44
45
45
46
44
43
43
42
40
37
34
30
26
20
19
17
16
14
11
9
6
3
-1
-5
-8
-11
-15
-18
-19
-20
-20
-21
-21
-22
-22
-22
-24
-25
-27
-29
-33
-37
-39
-40
-40
-40
-39
-37
-35
-34
-33
-34
-33
-35
-37
-39
-40
-39
-34
-31
-26
-22
-18
-14
-9
-7
-5
-5
-5
-3
-2
0
1
4
8
10
12
13
13
11
10
11
9
10
10
15
17
18
20
24
27
28
30
32
32
33
34
35
37
39
40
43
43
44
47
48
46
44
39
35
30
25
21
17
15
13
10
10
9
8
6
4
1
-5
-9
-12
-15
-17
-18
-17
-15
-16
-17
-18
-19
-21
-25
-27
-30
-33
-34
-34
-34
-36
-38
-39
-39
-39
-40
-41
-44
-45
-43
-42
-42
-42
-42
-39
-36
-35
-32
-31
-29
-27
-23
-19
-13
-7
-4
-1
5
11
15
18
20
22
24
25
24
25
26
27
27
26
27
26
25
23
20
17
16
18
16
17
19
22
25
30
34
38
40
43
45
48
48
49
48
48
45
44
41
36
30
24
16
8
4
-1
-6
-13
-16
-19
-21
-24
-25
-26
-26
-25
-25
-24
-22
-21
-21
-19
-17
-14
-12
-12
-10
-9
-10
-9
-11
-13
-17
-21
-25
-30
-33
-36
-39
-42
-44
-44
-42
-43
-41
-38
-37
-32
-28
-26
-23
-19
-13
-9
-3
2
7
10
14
18
19
21
22
22
24
24
24
23
21
19
20
20
21
21
20
20
19
20
20
19
18
19
19
21
23
24
24
24
