1
2
2
4
2
2
2
1
1
0
0
-1
0
-1
-1
0
0
1
0
1
1
0
1
0
-1
-3
-3
-2
-2
-2
-3
-4
-4
-4
-5
-5
-5
-6
-7
-6
-7
-7
-8
-8
-7
-7
-8
-8
-6
-5
-5
-6
-6
-4
-5
-5
-4
-4
-3
-2
-1
-1
-2
-1
-1
0
0
0
1
2
2
1
2
2
3
3
4
5
5
5
5
5
6
5
7
5
5
3
3
4
3
3
3
1
1
2
2
2
3
3
1
0
1
1
2
2
1
0
-1
-2
-1
-1
-2
-1
-2
-3
-2
-3
-2
-2
-1
0
0
1
0
1
1
2
1
1
0
1
1
0
0
0
0
0
-2
-2
-1
-1
0
0
1
1
1
1
1
0
-1
-1
-2
-1
-1
-1
0
0
1
1
0
0
1
0
-1
-2
-2
-2
-2
-2
-1
0
0
0
0
0
0
0
0
1
2
1
2
2
3
3
6
6
5
5
5
4
2
3
3
2
4
4
4
5
5
4
2
2
1
1
1
-1
-1
-1
-2
-2
-2
-3
-4
-5
-6
-5
-5
-6
-7
-6
-7
-5
-4
-4
-3
-2
-2
-2
-2
-3
-4
-3
-4
-5
-6
-6
-5
-4
-4
-3
-3
-2
-2
-2
-2
-2
-1
-2
0
0
0
1
1
0
1
2
2
2
2
2
3
2
3
2
2
1
1
2
1
3
4
4
4
4
4
3
3
4
4
5
5
6
6
5
6
5
4
3
3
2
0
-1
0
-1
-2
-2
-2
-2
-2
-2
-2
-2
-1
-2
-1
-3
-3
-2
-3
-1
-2
-2
-2
-2
-2
-2
-4
-4
-2
-2
-3
-4
-2
-1
-2
-3
-1
-1
-3
-3
-1
-1
-3
-4
-2
-1
-2
-2
0
0
-1
-3
-2
-1
0
-1
0
2
0
2
2
2
2
1
3
4
4
5
6
6
6
5
5
7
6
6
6
8
8
7
6
6
5
6
6
4
6
4
4
2
2
1
-1
0
1
1
1
-2
0
1
-1
-2
-1
0
-2
-5
-4
-4
-3
-4
-4
-3
-3
-4
-5
-3
-5
-6
-7
-4
-6
-7
-6
-5
-6
-7
-7
-4
-4
-6
-6
-3
-4
-7
-6
-5
-5
-7
-5
-3
-2
-5
-4
-1
0
0
1
2
2
2
3
3
2
3
5
4
4
3
5
4
2
3
4
5
6
5
6
3
3
6
6
4
4
6
6
3
3
5
6
4
1
2
0
-1
0
2
1
-1
-3
-2
-1
-2
-3
0
1
-1
-2
0
0
1
0
-2
-2
-2
-2
1
-1
-1
-2
-2
-2
-2
-2
-2
0
-2
-4
-3
0
0
-2
-1
-1
-2
-1
1
1
1
1
0
-1
-1
-1
-2
-1
0
0
0
0
2
6
4
3
3
4
5
3
4
5
5
4
3
2
2
2
5
3
-1
0
1
3
2
0
0
0
-1
-1
0
-1
-2
-1
-1
-2
-2
-2
-3
-1
-5
-5
-1
-4
-6
-6
-6
-5
-1
0
-2
-2
-3
-5
-2
-2
-3
1
0
-1
1
1
-1
-2
1
-2
0
1
-1
0
-2
-3
2
3
-1
-2
1
3
1
1
2
1
0
0
-2
1
5
6
9
8
3
5
9
2
0
3
1
-2
1
-2
-4
-1
-3
-2
-1
-3
-5
0
0
2
1
1
-1
-1
3
-2
-1
2
-3
4
3
-2
5
4
3
0
-2
4
4
5
-1
-3
4
-1
-5
-4
-6
-2
1
-3
-1
-7
-4
-1
-4
-5
-5
-3
-5
-5
-2
2
1
2
-5
3
2
-2
0
0
2
-3
-4
-1
-1
0
2
-1
-5
-3
-1
5
7
7
8
8
3
4
7
5
7
6
13
13
9
7
4
7
5
2
0
2
-1
-5
-2
1
0
-7
-3
-5
-9
-3
0
2
-4
-8
-3
2
-1
-2
1
2
0
0
0
5
6
-1
-3
-9
-5
-2
0
3
-4
-6
0
-5
-10
-8
-3
-7
-10
-2
-6
-3
0
-6
0
2
0
-1
-2
-1
-3
4
5
-2
2
-1
-2
9
-1
3
11
-1
-3
0
3
0
-3
8
5
-1
9
1
8
11
-6
-1
8
4
5
10
9
1
2
-2
-6
1
-2
-2
6
-6
-11
-4
-3
-14
-12
-5
-7
-2
-7
-12
-7
-4
-6
-2
2
-6
-10
0
3
0
5
6
9
5
7
8
7
8
2
8
5
-2
5
12
0
-3
-1
-13
-6
-3
-8
0
0
-15
-14
-2
-7
-9
1
2
-2
0
-2
2
9
5
-5
4
0
-12
1
10
2
17
14
7
6
1
-4
-2
11
-2
5
25
10
4
21
11
-2
4
-1
-7
13
15
7
18
5
-28
-12
-4
-15
3
11
-10
-4
1
-4
8
6
-14
-11
4
-10
-18
56
43
0
-2
-21
-30
-24
-25
-32
-6
3
-7
13
31
-11
-13
-17
-41
-23
-2
4
18
27
5
-5
16
-2
-1
14
-3
-9
0
-4
-12
-3
-7
-16
-5
1
-5
9
23
10
9
18
-2
-1
-1
0
7
12
2
3
16
-1
-1
30
6
-17
-1
1
4
11
15
3
3
-7
-10
-3
9
-12
-11
2
-24
-25
-10
-13
-12
-8
-15
6
9
-4
-1
13
-2
-16
7
2
-15
-8
-6
-2
10
-7
-3
20
4
-23
1
12
-11
-9
5
3
-6
0
-11
4
3
-24
-3
17
1
-6
0
-7
-11
-17
-11
-3
9
-7
-9
8
-3
-17
-13
-7
4
2
-14
9
15
7
-1
13
18
10
12
11
12
0
-4
8
17
10
14
24
30
12
9
15
-1
-4
-7
-3
-10
-2
26
22
9
10
18
10
8
7
8
4
-4
5
-2
9
-4
1
28
13
-13
-8
5
1
-26
-23
-6
-22
-14
-16
-8
3
-14
-9
-5
-3
-23
-26
-6
-10
-20
-2
21
10
1
-8
5
3
-24
-10
8
-11
-23
-8
16
9
5
7
-5
-5
-10
-10
60
89
-49
-65
-26
-49
-39
14
12
19
27
7
-10
24
3
-15
98
56
-21
27
16
-9
18
-9
-21
18
21
13
40
23
1
-12
-57
-101
-54
9
13
32
55
7
-26
-12
31
43
31
2
-17
13
-17
-84
26
135
56
28
17
-34
-73
-77
-51
-50
-37
-35
-77
7
21
-43
-25
124
60
-98
-104
-77
-53
-7
-66
-44
57
58
51
123
274
82
-129
-150
-143
-116
-43
51
172
93
-71
-152
-42
35
-36
-27
38
31
-47
-23
47
43
-69
-93
-61
25
74
83
105
102
-13
-82
-50
18
48
40
68
86
117
36
-20
18
36
51
23
-11
22
14
-11
-25
31
45
-61
-43
15
28
-1
-56
-15
32
22
-40
30
154
23
-112
-56
-23
-7
-16
-77
-35
-28
-93
-48
39
1
-35
28
77
-16
-74
-73
-22
-21
-31
-8
-12
43
44
-35
-8
-1
-83
-32
-11
-33
20
63
31
44
34
-31
4
53
101
85
62
56
11
-21
-18
-14
26
39
-9
-45
-33
5
2
25
-19
-40
-23
4
31
3
-17
-22
-5
-11
2
32
24
37
12
-34
-26
-23
-15
12
21
-16
-46
1
104
17
-11
46
-23
-63
-9
-29
-51
-42
-28
-51
-9
23
-94
-63
-7
-33
-50
38
53
9
-3
-22
-82
2
31
-74
-9
26
-19
-22
31
56
44
-15
-37
39
2
14
25
-28
19
-12
-85
16
120
4
-40
-27
-28
21
54
29
60
71
-38
-91
-6
46
-65
-81
61
148
18
-26
82
34
-17
-7
-44
80
105
-32
18
188
101
-50
-23
1
-64
-84
-33
33
79
0
-82
-39
48
-3
-80
-19
54
-30
-58
43
46
-6
44
-12
-12
94
2
-121
11
53
-86
-67
36
45
-40
-72
-83
-28
-16
-85
-65
25
110
4
-75
97
49
-139
-19
155
120
63
29
-28
-8
39
-31
10
139
30
-60
-21
64
-23
-141
-69
-24
-75
-28
31
18
89
13
-141
-69
42
-86
-65
136
128
6
-29
-3
22
46
-22
-57
13
13
-15
-1
28
35
-124
-123
67
77
-6
-67
-77
-5
16
-89
-26
43
-62
-179
19
145
75
23
0
65
39
-23
-51
28
15
-64
-62
62
176
46
-130
-59
-34
-140
-45
58
7
-49
-43
-8
95
133
16
-74
-5
33
-3
35
107
81
-24
-4
54
62
27
-46
-121
-18
83
23
-4
28
-45
-127
-25
62
65
8
-13
0
37
52
-16
-31
12
1
-4
47
93
31
-57
-1
23
14
38
4
-37
3
-6
-43
34
101
-17
-145
-89
59
55
19
90
22
-73
16
81
35
42
-14
-130
-6
155
48
-16
-10
-110
-162
-74
10
-56
-92
-56
-73
-18
95
28
-118
-56
24
-16
84
190
21
-66
42
13
-14
81
55
-53
4
80
0
-48
-27
-73
-137
-71
29
4
-29
-52
-115
-52
91
49
9
100
45
-92
17
138
8
-40
46
51
47
132
138
-12
-51
-23
-76
-52
64
13
-92
-22
35
-30
-2
47
-46
-67
2
3
-28
8
19
-25
-6
50
1
-62
-33
-33
-23
63
46
-19
17
2
-106
-81
10
-27
-52
34
65
28
47
42
7
5
0
-45
-39
8
-7
-21
42
50
-54
-90
-43
-43
-38
17
-4
-35
35
39
-22
7
33
-49
-69
45
103
93
88
69
22
-11
-4
-1
21
68
47
7
66
127
57
-47
-92
-90
-60
-3
49
77
34
-58
-96
-31
25
-27
-45
15
17
-2
43
66
17
-32
-66
-67
12
69
26
-20
3
8
-35
-59
-40
-62
-110
-65
2
23
-4
-69
-110
-81
-45
-77
-99
-86
-88
-82
-39
21
42
-22
-102
-103
-38
17
11
21
58
50
31
80
125
90
44
35
90
172
175
141
157
176
135
126
164
127
37
31
94
181
244
207
130
75
31
-12
-5
21
53
44
1
18
58
-3
-83
-68
-40
-40
-20
28
46
4
-70
-120
-151
-140
-104
-79
-83
-85
-132
-241
-296
-256
-227
-219
-169
-146
-206
-305
-326
-288
-281
-267
-214
-201
-218
-201
-184
-215
-223
-212
-233
-181
-21
70
22
-30
-14
-11
-9
65
147
164
172
196
186
170
203
269
360
471
543
544
510
485
468
440
470
593
641
622
644
642
533
442
424
385
338
334
298
220
174
131
-14
-187
-234
-236
-281
-280
-259
-336
-452
-494
-505
-510
-467
-418
-432
-479
-488
-480
-483
-445
-375
-383
-435
-435
-435
-473
-478
-454
-470
-474
-406
-350
-372
-410
-430
-479
-531
-487
-393
-368
-370
-316
-278
-271
-237
-205
-229
-230
-117
23
104
143
174
187
276
444
515
485
559
710
850
1025
1218
1307
1252
1174
1164
1234
1358
1449
1419
1332
1290
1290
1276
1211
1027
701
410
303
312
287
149
-94
-390
-633
-698
-657
-673
-765
-899
-990
-974
-882
-814
-834
-915
-948
-859
-688
-541
-505
-597
-693
-646
-527
-457
-464
-518
-602
-701
-730
-668
-603
-620
-719
-840
-827
-695
-698
-816
-800
-686
-639
-580
-421
-339
-427
-458
-292
-52
98
132
155
246
330
322
324
409
437
389
548
997
1417
1520
1350
1136
1068
1151
1276
1398
1513
1561
1543
1559
1660
1672
1412
995
711
647
708
806
817
636
270
-155
-413
-428
-388
-439
-527
-553
-503
-454
-504
-644
-804
-914
-907
-754
-525
-370
-377
-489
-611
-690
-670
-576
-586
-719
-788
-728
-665
-727
-887
-1004
-973
-840
-777
-807
-762
-640
-685
-774
-643
-442
-356
-303
-254
-187
-67
16
17
-12
21
79
126
179
211
194
149
120
132
187
255
268
213
199
252
326
411
461
447
426
424
445
537
684
840
957
973
896
825
791
741
709
772
853
877
876
886
857
724
542
422
364
348
368
373
337
261
114
-78
-201
-236
-252
-276
-289
-331
-427
-496
-528
-590
-658
-661
-622
-576
-517
-439
-359
-328
-375
-449
-464
-387
-294
-268
-288
-256
-205
-251
-352
-386
-414
-496
-548
-542
-526
-521
-523
-567
-659
-729
-724
-651
-562
-495
-412
-352
-313
-249
-213
-237
-181
-22
74
108
217
344
384
380
361
361
383
367
323
344
418
409
290
183
125
82
171
461
745
741
482
269
264
360
413
449
572
772
952
1086
1220
1273
1083
722
502
586
828
1036
1127
989
591
141
-88
-64
-21
-110
-177
-121
-85
-213
-464
-703
-906
-1083
-1109
-860
-479
-291
-393
-577
-689
-741
-716
-579
-432
-360
-299
-199
-137
-251
-494
-616
-531
-487
-566
-548
-445
-505
-773
-996
-963
-770
-789
-988
-921
-609
-457
-575
-686
-495
-284
-399
-500
-196
127
-25
-221
68
459
452
249
276
532
548
255
71
196
366
365
482
996
1560
1577
1068
666
691
883
996
1149
1433
1671
1762
1782
1791
1674
1301
796
528
676
1011
1246
1254
915
244
-424
-729
-694
-579
-524
-476
-401
-402
-534
-756
-985
-1166
-1243
-1066
-565
-7
177
-92
-427
-548
-516
-442
-304
-122
2
29
-31
-184
-426
-723
-992
-1104
-968
-705
-618
-803
-1059
-1249
-1401
-1470
-1349
-1122
-1007
-1021
-983
-782
-602
-659
-822
-816
-525
-170
8
79
177
243
223
175
226
404
508
519
536
569
616
688
668
471
262
242
370
590
897
1254
1561
1648
1427
1082
866
883
1089
1332
1509
1613
1704
1763
1711
1462
1043
586
303
309
556
830
869
536
-52
-653
-1059
-1119
-877
-600
-497
-557
-622
-644
-711
-925
-1239
-1407
-1234
-792
-351
-112
-102
-257
-499
-647
-573
-355
-185
-159
-188
-144
-71
-132
-354
-583
-695
-709
-670
-604
-592
-732
-970
-1092
-1033
-988
-1082
-1187
-1151
-990
-792
-600
-451
-392
-415
-401
-260
-115
18
265
558
697
740
911
1100
1018
718
545
711
1003
1040
823
641
605
511
184
-125
-124
107
333
578
977
1308
1160
552
23
60
564
1071
1346
1510
1686
1754
1630
1437
1236
951
623
494
706
1013
1054
658
-46
-758
-1203
-1245
-1000
-776
-796
-1024
-1253
-1380
-1466
-1553
-1617
-1622
-1507
-1188
-700
-292
-220
-451
-710
-713
-395
65
438
615
620
542
435
348
302
268
232
194
153
85
-66
-314
-646
-978
-1187
-1251
-1223
-1158
-1126
-1161
-1234
-1264
-1201
-1082
-949
-793
-537
-180
94
198
313
565
831
915
815
739
837
957
914
799
788
809
673
373
55
-156
-254
-281
-236
-79
216
646
1004
939
394
-142
-145
343
871
1174
1374
1629
1821
1776
1555
1283
986
657
446
551
907
1156
979
373
-420
-1068
-1294
-1063
-671
-474
-531
-665
-766
-890
-1082
-1253
-1302
-1189
-901
-450
38
295
139
-302
-664
-657
-277
265
719
909
834
636
473
352
195
39
-5
93
202
154
-71
-407
-765
-1072
-1274
-1318
-1242
-1150
-1127
-1203
-1313
-1387
-1380
-1279
-1138
-958
-690
-349
-56
90
172
308
485
585
582
596
701
793
744
603
482
324
7
-364
-575
-593
-608
-740
-888
-866
-571
-24
581
874
624
105
-69
424
1265
1953
2353
2596
2712
2664
2587
2601
2511
2080
1491
1258
1545
1901
1805
1165
202
-807
-1495
-1520
-1009
-577
-677
-1141
-1529
-1718
-1846
-1939
-1908
-1759
-1536
-1156
-611
-196
-241
-650
-967
-863
-408
173
712
1043
999
648
308
207
268
324
366
459
521
376
-35
-568
-998
-1227
-1263
-1194
-1112
-1098
-1192
-1367
-1549
-1687
-1745
-1651
-1360
-982
-704
-570
-453
-262
-98
-38
52
334
734
978
964
851
792
766
678
547
379
141
-163
-398
-461
-396
-337
-361
-468
-563
-425
142
988
1511
1266
594
349
905
1816
2454
2713
2787
2735
2552
2436
2553
2618
2190
1371
812
916
1340
1411
811
-286
-1407
-2007
-1789
-1050
-550
-772
-1456
-2024
-2169
-2002
-1716
-1455
-1315
-1237
-1021
-600
-214
-188
-514
-829
-759
-235
437
848
784
397
54
-32
63
177
254
299
244
33
-274
-594
-871
-1050
-1049
-893
-755
-778
-966
-1224
-1424
-1444
-1227
-896
-685
-659
-647
-474
-195
9
77
90
166
378
692
970
1050
907
700
565
532
549
517
359
16
-413
-703
-704
-535
-463
-581
-778
-895
-881
-613
-5
874
1474
1334
647
264
752
1755
2507
2749
2807
2913
2971
2873
2778
2649
2247
1549
1043
1110
1474
1465
776
-323
-1330
-1868
-1794
-1321
-987
-1207
-1877
-2471
-2633
-2414
-2075
-1816
-1719
-1693
-1551
-1200
-823
-671
-760
-845
-668
-222
274
542
461
195
112
394
804
949
756
505
410
385
243
-10
-217
-287
-264
-232
-262
-423
-746
-1112
-1298
-1173
-828
-551
-567
-849
-1129
-1111
-788
-425
-259
-262
-182
55
282
341
285
264
296
331
412
563
652
500
151
-131
-237
-211
-117
23
36
-204
-509
-419
17
344
372
585
1210
1636
1346
861
1091
1917
2447
2404
2421
2714
2777
2339
1966
2030
2032
1496
837
681
853
699
101
-548
-1065
-1527
-1834
-1793
-1578
-1604
-1922
-2183
-2168
-1960
-1754
-1615
-1542
-1508
-1392
-1109
-744
-484
-407
-392
-325
-202
-77
59
257
511
686
670
527
464
525
564
504
437
379
186
-141
-353
-287
-181
-330
-686
-982
-1129
-1177
-1111
-945
-872
-1049
-1290
-1231
-842
-464
-358
-427
-419
-241
48
336
549
650
670
684
743
826
866
807
650
418
158
-43
-108
-29
31
-69
-326
-592
-756
-673
-123
882
1726
1667
816
216
638
1639
2295
2391
2364
2411
2402
2409
2658
2833
2315
1186
367
493
1098
1264
665
-400
-1479
-2198
-2280
-1846
-1537
-1847
-2541
-2928
-2689
-2178
-1913
-2047
-2307
-2322
-1946
-1313
-734
-474
-582
-817
-811
-372
258
667
700
634
779
1093
1303
1270
1123
1074
1185
1316
1219
786
225
-91
-4
239
251
-96
-623
-1064
-1249
-1173
-979
-901
-1047
-1295
-1385
-1179
-817
-575
-561
-596
-421
15
495
774
803
709
673
800
1035
1173
1060
784
529
352
170
25
10
17
-186
-557
-801
-771
-622
-339
263
999
1154
437
-352
-200
792
1645
1882
1900
2035
2073
1931
1948
2208
2144
1423
634
576
1105
1333
777
-232
-1167
-1763
-1910
-1609
-1244
-1360
-2026
-2637
-2650
-2194
-1817
-1822
-2019
-2068
-1837
-1420
-994
-714
-644
-682
-572
-163
384
728
759
718
912
1341
1709
1766
1544
1316
1312
1489
1549
1245
698
297
289
513
574
251
-366
-975
-1280
-1189
-922
-854
-1167
-1656
-1915
-1700
-1150
-676
-584
-783
-870
-559
13
476
628
583
554
649
833
980
942
683
334
92
29
61
28
-176
-553
-962
-1176
-1119
-903
-625
-210
353
721
490
-123
-364
202
1169
1856
2121
2227
2282
2204
2109
2234
2414
2191
1536
1025
1055
1277
1057
276
-681
-1431
-1805
-1765
-1477
-1401
-1873
-2614
-2977
-2685
-2124
-1828
-1897
-2034
-1944
-1580
-1053
-545
-248
-210
-206
55
616
1155
1385
1355
1360
1572
1850
1961
1832
1608
1457
1456
1491
1358
936
352
-68
-149
-43
-91
-441
-957
-1404
-1641
-1663
-1558
-1477
-1548
-1718
-1714
-1389
-952
-747
-799
-772
-412
151
598
802
862
892
928
1016
1132
1132
933
647
477
427
322
83
-254
-627
-993
-1186
-1108
-955
-977
-1010
-608
174
611
221
-433
-427
351
1189
1643
1898
2097
2045
1795
1832
2270
2468
1915
1081
770
983
1063
653
30
-588
-1234
-1752
-1793
-1450
-1363
-1848
-2384
-2361
-1904
-1579
-1600
-1692
-1602
-1354
-1017
-591
-180
40
46
91
365
737
968
1001
1002
1126
1359
1543
1520
1287
1084
1141
1357
1345
890
267
-81
-41
140
199
27
-388
-963
-1390
-1368
-1016
-794
-977
-1314
-1411
-1193
-882
-710
-698
-724
-601
-221
280
582
532
345
343
584
825
859
666
339
28
-115
-51
21
-172
-598
-1012
-1173
-1136
-1044
-1030
-1097
-1108
-776
-65
604
613
15
-398
-10
895
1571
1807
1884
1951
1872
1758
1905
2206
2102
1461
895
918
1185
1058
455
-181
-628
-973
-1198
-1173
-1038
-1114
-1423
-1576
-1392
-1169
-1223
-1449
-1482
-1197
-776
-444
-283
-260
-295
-267
-85
198
409
477
503
682
1022
1267
1220
949
767
860
1128
1269
1043
536
99
-7
172
343
256
-124
-685
-1153
-1250
-968
-684
-794
-1226
-1498
-1316
-917
-695
-733
-796
-685
-391
10
359
498
435
363
463
686
833
752
458
145
35
179
332
193
-273
-784
-1073
-1100
-984
-901
-930
-1038
-945
-449
190
381
-93
-615
-464
340
1172
1602
1721
1708
1568
1458
1668
2129
2334
1931
1323
1114
1295
1351
974
404
-88
-481
-814
-974
-933
-929
-1151
-1489
-1629
-1549
-1501
-1639
-1834
-1805
-1530
-1212
-1032
-986
-953
-825
-583
-279
-2
187
363
611
958
1248
1345
1296
1236
1307
1510
1701
1612
1189
717
540
670
841
775
387
-217
-811
-1061
-880
-578
-591
-986
-1375
-1410
-1134
-873
-796
-819
-764
-545
-206
105
233
221
206
269
405
567
644
509
224
53
151
306
173
-319
-845
-1095
-1066
-983
-988
-1078
-1195
-1228
-944
-307
206
0
-674
-857
-113
896
1368
1362
1388
1522
1550
1679
2183
2677
2413
1540
1038
1320
1729
1571
999
462
-10
-526
-834
-751
-578
-735
-1200
-1568
-1667
-1641
-1708
-1865
-1909
-1708
-1366
-1111
-1041
-1034
-894
-614
-297
8
318
615
856
1087
1324
1533
1615
1589
1578
1691
1866
1849
1482
936
648
775
982
872
419
-177
-756
-1149
-1139
-823
-671
-1004
-1521
-1708
-1504
-1249
-1139
-1071
-939
-802
-674
-463
-209
-66
-54
-20
134
300
338
227
40
-94
-73
42
2
-345
-864
-1209
-1266
-1181
-1179
-1289
-1353
-1304
-1055
-670
-242
-134
-461
-792
-469
515
1388
1641
1532
1601
1856
2113
2411
2810
2945
2495
1882
1753
2077
2173
1728
1109
633
211
-248
-491
-480
-541
-947
-1465
-1721
-1730
-1725
-1828
-1916
-1854
-1657
-1422
-1247
-1127
-968
-699
-382
-78
203
487
770
983
1194
1407
1603
1710
1715
1690
1671
1596
1352
974
681
642
710
585
141
-429
-918
-1229
-1335
-1244
-1118
-1230
-1603
-1918
-1895
-1628
-1389
-1242
-1071
-864
-742
-671
-511
-239
17
171
289
390
431
365
271
235
273
310
233
-10
-368
-690
-881
-979
-1073
-1195
-1250
-1134
-909
-571
-287
-140
-266
-457
-342
256
1059
1580
1709
1729
1944
2277
2608
2846
2975
2822
2386
2015
1996
2167
2057
1544
889
324
-136
-506
-679
-727
-879
-1321
-1835
-2130
-2160
-2098
-2088
-2067
-1977
-1828
-1672
-1523
-1327
-1050
-717
-401
-116
172
476
713
856
1036
1311
1577
1665
1591
1504
1406
1226
976
789
777
808
660
275
-216
-641
-940
-1085
-1039
-906
-908
-1190
-1567
-1734
-1586
-1294
-1037
-841
-705
-630
-618
-540
-300
3
217
293
321
334
306
265
256
268
262
206
62
-202
-529
-788
-903
-971
-1058
-1154
-1166
-1057
-875
-520
-148
62
-87
-310
-156
476
1211
1654
1851
2010
2218
2391
2614
2844
2937
2675
2236
2009
2063
2106
1796
1212
558
-10
-443
-693
-760
-867
-1188
-1700
-2122
-2262
-2194
-2082
-2064
-2071
-2000
-1822
-1606
-1412
-1192
-907
-568
-242
46
279
469
611
776
1054
1388
1591
1515
1257
1063
1051
1055
924
727
633
584
391
42
-337
-637
-870
-969
-860
-671
-695
-1042
-1399
-1448
-1162
-793
-550
-460
-472
-495
-426
-205
82
283
349
337
319
343
390
389
308
207
164
146
31
-234
-563
-788
-872
-895
-957
-1065
-1191
-1245
-1126
-677
-50
285
40
-413
-340
371
1161
1559
1714
1921
2126
2200
2348
2721
2939
2591
1975
1775
2041
2148
1730
1078
534
33
-470
-783
-815
-883
-1277
-1832
-2203
-2229
-2131
-2122
-2208
-2244
-2122
-1908
-1690
-1494
-1270
-1002
-736
-461
-135
209
429
532
680
985
1298
1404
1265
1070
1002
1062
1104
977
750
586
555
489
250
-97
-412
-625
-672
-503
-285
-330
-721
-1082
-1039
-674
-339
-230
-253
-313
-348
-255
29
348
436
284
142
189
335
397
325
190
50
-76
-170
-254
-363
-553
-790
-953
-964
-931
-1044
-1272
-1420
-1332
-1034
-498
143
466
140
-418
-336
527
1426
1779
1870
2084
2247
2123
2079
2445
2775
2506
1898
1659
1797
1698
1165
598
207
-228
-752
-1095
-1161
-1278
-1652
-2098
-2335
-2284
-2145
-2094
-2162
-2183
-2007
-1703
-1412
-1173
-900
-612
-374
-131
203
553
729
780
905
1160
1370
1402
1323
1209
1119
1117
1150
1040
753
547
578
589
343
-14
-221
-279
-317
-301
-210
-247
-490
-663
-506
-214
-159
-342
-433
-317
-157
-49
80
176
68
-164
-220
-23
178
180
27
-160
-339
-465
-490
-469
-517
-694
-907
-1043
-1080
-1110
-1226
-1372
-1447
-1346
-1001
-353
292
366
-247
-768
-338
786
1615
1762
1764
1945
1981
1819
2031
2706
2976
2323
1514
1442
1759
1623
1046
583
234
-378
-1031
-1212
-1042
-1152
-1677
-2146
-2236
-2079
-1972
-1995
-2066
-2008
-1731
-1369
-1090
-885
-650
-407
-205
73
497
842
880
788
913
1249
1475
1446
1312
1210
1185
1237
1246
1033
690
583
785
879
605
193
-88
-258
-326
-135
173
133
-319
-668
-585
-396
-445
-553
-445
-269
-299
-443
-478
-442
-519
-596
-448
-182
-101
-295
-558
-742
-818
-752
-566
-442
-542
-800
-1035
-1136
-1111
-1043
-1066
-1210
-1329
-1256
-930
-257
527
722
-30
-793
-281
1184
2048
1814
1569
1932
2162
1887
2017
2874
3196
2191
1081
1248
2012
1875
930
300
78
-457
-1150
-1212
-801
-900
-1661
-2280
-2246
-1851
-1601
-1651
-1831
-1792
-1388
-956
-795
-675
-308
64
150
234
661
1066
968
662
757
1238
1559
1485
1240
1042
959
1014
1067
891
567
496
753
814
375
-151
-329
-281
-208
10
273
75
-601
-980
-647
-205
-274
-575
-595
-478
-580
-750
-689
-522
-555
-707
-651
-413
-325
-522
-779
-875
-811
-680
-546
-529
-702
-964
-1171
-1207
-1062
-862
-866
-1173
-1447
-1389
-1028
-388
596
1277
731
-567
-749
768
2212
2250
1831
2140
2503
2048
1686
2460
3309
2709
1375
1102
1813
1840
833
51
-51
-330
-1049
-1346
-998
-953
-1636
-2300
-2317
-1880
-1458
-1354
-1573
-1758
-1466
-886
-574
-480
-190
173
215
135
450
953
1001
686
683
1108
1436
1335
1048
878
866
999
1163
1060
626
309
511
847
654
132
-115
-64
-35
12
237
222
-286
-652
-360
50
-161
-678
-774
-529
-520
-705
-674
-494
-569
-904
-1012
-757
-559
-679
-896
-945
-899
-915
-914
-859
-887
-1011
-1134
-1157
-1088
-982
-1001
-1289
-1528
-1336
-825
-295
483
1188
821
-563
-994
614
2424
2525
1763
1851
2334
1954
1449
2304
3566
3177
1505
784
1471
1731
862
220
380
200
-826
-1426
-1011
-714
-1272
-1877
-1832
-1428
-1076
-981
-1242
-1591
-1402
-679
-185
-119
-30
161
109
-42
291
951
1151
776
530
757
1080
1097
962
904
885
906
971
866
441
113
390
898
791
200
-140
-148
-197
-158
242
451
-59
-636
-517
-152
-362
-926
-1014
-670
-615
-937
-1135
-1050
-1063
-1299
-1333
-1014
-750
-875
-1157
-1251
-1181
-1107
-963
-745
-709
-914
-1141
-1215
-1079
-860
-770
-989
-1259
-1136
-768
-221
765
1546
900
-756
-952
1090
2844
2455
1484
1789
2410
1914
1494
2674
3879
2959
955
573
1771
2105
1033
364
612
281
-905
-1366
-590
-170
-879
-1621
-1631
-1199
-855
-851
-1220
-1539
-1147
-379
-122
-309
-234
15
-84
-213
290
1039
1014
361
113
554
1003
952
747
772
809
786
803
721
382
118
480
1023
841
130
-300
-311
-218
72
624
668
-194
-920
-661
-112
-276
-867
-923
-579
-684
-1214
-1429
-1180
-1093
-1373
-1401
-995
-802
-1126
-1507
-1457
-1173
-1009
-872
-700
-702
-915
-1135
-1152
-926
-569
-387
-641
-1045
-1047
-753
-282
781
1834
1442
-342
-982
800
2636
2393
1439
1802
2603
2107
1395
2369
3692
2961
961
537
1871
2366
1210
325
502
275
-831
-1271
-409
119
-661
-1602
-1752
-1307
-868
-804
-1165
-1536
-1248
-606
-484
-687
-461
-33
-118
-406
-15
744
716
18
-145
482
989
796
493
563
650
588
668
788
578
190
311
841
851
290
-117
-85
119
383
699
585
-159
-637
-251
222
-102
-849
-1027
-695
-741
-1187
-1352
-1150
-1172
-1557
-1629
-1205
-949
-1173
-1472
-1428
-1178
-1038
-939
-763
-654
-717
-865
-944
-793
-451
-234
-504
-982
-1003
-581
-201
552
1634
1769
195
-1102
97
2327
2763
1728
1600
2403
2222
1308
1801
3322
3337
1593
593
1448
2204
1449
468
432
435
-379
-979
-495
34
-498
-1360
-1633
-1360
-906
-627
-842
-1425
-1523
-901
-478
-577
-508
-103
-29
-338
-219
422
645
213
-4
390
860
865
601
485
516
613
783
825
554
167
218
707
832
389
6
-22
44
124
401
495
-66
-635
-395
108
-163
-1023
-1359
-965
-788
-1136
-1425
-1369
-1354
-1638
-1751
-1358
-923
-970
-1335
-1458
-1225
-1001
-879
-705
-540
-512
-601
-689
-645
-422
-258
-455
-795
-710
-264
19
607
1588
1736
257
-923
315
2476
2803
1733
1602
2348
2139
1244
1763
3296
3353
1614
506
1253
2001
1334
449
509
560
-316
-1068
-695
-132
-560
-1357
-1629
-1386
-978
-796
-1119
-1708
-1707
-1022
-624
-739
-642
-282
-320
-645
-421
298
515
79
-66
396
842
753
467
475
616
667
730
809
672
330
319
797
1008
620
207
115
143
236
573
750
185
-492
-351
168
-25
-849
-1206
-819
-647
-1080
-1454
-1352
-1213
-1504
-1728
-1313
-752
-788
-1260
-1420
-1130
-912
-859
-647
-349
-267
-437
-689
-750
-501
-142
-159
-563
-680
-337
-147
163
1118
1814
900
-646
-294
1696
2624
1840
1347
1977
2182
1377
1351
2699
3348
2050
538
762
1776
1653
757
455
485
-155
-980
-876
-257
-366
-1089
-1589
-1608
-1283
-976
-1094
-1611
-1779
-1224
-741
-792
-773
-452
-387
-654
-528
161
553
255
34
337
731
755
605
701
845
806
811
966
958
617
452
894
1269
931
402
298
452
489
575
723
400
-229
-342
47
6
-721
-1275
-1084
-832
-1133
-1536
-1542
-1379
-1550
-1811
-1553
-1019
-940
-1344
-1559
-1288
-1011
-974
-823
-525
-441
-638
-891
-900
-648
-333
-331
-673
-801
-493
-284
-89
799
1722
1210
-364
-464
1351
2568
2000
1390
1963
2372
1664
1322
2462
3419
2561
987
794
1748
1914
1070
510
496
106
-677
-820
-311
-242
-907
-1586
-1802
-1464
-936
-880
-1435
-1821
-1384
-824
-830
-856
-491
-273
-499
-515
58
549
389
110
259
638
861
809
792
846
878
922
986
977
789
638
872
1141
924
531
427
499
479
538
711
445
-219
-407
17
109
-584
-1276
-1223
-923
-1109
-1504
-1574
-1371
-1434
-1756
-1683
-1166
-897
-1215
-1558
-1396
-1107
-1088
-1024
-708
-500
-623
-895
-995
-840
-565
-471
-690
-819
-518
-256
-112
616
1554
1338
-93
-475
1051
2419
2163
1536
1871
2294
1796
1420
2370
3395
2823
1236
690
1511
1925
1254
595
514
176
-671
-1008
-508
-257
-859
-1609
-1868
-1507
-1005
-988
-1528
-1904
-1491
-917
-851
-845
-477
-253
-494
-544
20
584
487
167
278
703
974
896
827
948
1019
980
1005
1083
989
742
815
1151
1126
738
461
462
511
581
725
548
-48
-391
-157
17
-435
-1113
-1303
-1085
-1145
-1494
-1630
-1444
-1429
-1801
-1910
-1417
-992
-1210
-1652
-1611
-1258
-1163
-1167
-884
-551
-568
-883
-1078
-879
-518
-389
-637
-834
-583
-221
-164
308
1342
1714
545
-580
303
2101
2555
1778
1581
2160
2175
1597
1965
3167
3302
1828
596
1064
2036
1831
887
392
223
-345
-932
-759
-279
-489
-1257
-1831
-1726
-1149
-857
-1241
-1810
-1687
-997
-664
-747
-618
-320
-347
-508
-184
473
691
365
211
477
867
998
920
905
902
921
1068
1197
1080
753
693
1056
1205
888
540
433
408
371
528
651
226
-407
-545
-305
-435
-1031
-1405
-1253
-1178
-1506
-1767
-1658
-1503
-1741
-1984
-1679
-1179
-1139
-1531
-1690
-1402
-1138
-1069
-888
-569
-471
-735
-1024
-939
-552
-303
-441
-682
-587
-254
-247
-173
750
1745
1313
-183
-312
1378
2576
2121
1545
2041
2470
1878
1564
2617
3544
2729
1074
741
1708
2050
1196
394
299
53
-686
-1033
-584
-324
-914
-1744
-2020
-1499
-853
-889
-1556
-1882
-1276
-638
-700
-835
-417
-10
-197
-359
149
791
724
297
347
844
1176
1050
876
918
989
1023
1119
1169
974
680
728
983
926
670
505
388
236
273
524
377
-275
-683
-484
-347
-824
-1404
-1433
-1193
-1357
-1728
-1740
-1481
-1530
-1933
-1980
-1474
-1090
-1277
-1612
-1538
-1215
-1059
-988
-769
-526
-511
-743
-924
-775
-427
-278
-487
-646
-394
-52
-138
-4
992
1847
1191
-156
106
1796
2646
2054
1641
2161
2348
1738
1739
2864
3403
2220
712
690
1598
1680
857
248
100
-341
-978
-1009
-551
-563
-1247
-1879
-1902
-1303
-754
-949
-1655
-1792
-1016
-403
-521
-602
-166
144
-58
-69
531
1032
812
429
564
1038
1274
1137
995
982
1010
1098
1207
1110
745
512
745
979
792
512
375
184
-45
79
390
161
-536
-868
-671
-662
-1143
-1548
-1473
-1323
-1527
-1796
-1762
-1599
-1692
-1934
-1816
-1371
-1172
-1372
-1539
-1403
-1186
-1034
-825
-610
-560
-621
-707
-738
-630
-414
-301
-395
-396
-143
47
-44
360
1398
1910
1032
92
768
2185
2527
1940
1893
2386
2251
1674
2044
3095
3038
1590
541
949
1587
1261
517
182
-39
-656
-1129
-924
-513
-735
-1428
-1888
-1696
-1024
-694
-1146
-1745
-1472
-593
-302
-598
-517
30
214
-38
116
794
1087
636
298
646
1201
1257
940
824
937
973
930
927
825
538
380
579
719
568
349
100
-183
-232
114
271
-271
-931
-984
-699
-813
-1298
-1548
-1408
-1347
-1620
-1823
-1662
-1445
-1576
-1826
-1650
-1223
-1110
-1324
-1431
-1241
-951
-710
-570
-545
-517
-447
-474
-563
-452
-170
-78
-198
-135
164
263
62
376
1433
2073
1368
352
705
1965
2445
1990
1885
2288
2170
1586
1756
2619
2676
1570
604
693
1156
1072
533
67
-240
-593
-856
-818
-634
-756
-1209
-1577
-1453
-834
-482
-877
-1459
-1287
-498
-150
-375
-349
87
244
30
156
727
955
558
271
562
1002
1059
808
674
689
681
709
756
648
360
184
323
469
382
185
-77
-333
-359
-102
8
-391
-921
-1043
-916
-993
-1284
-1461
-1400
-1384
-1573
-1717
-1620
-1441
-1465
-1603
-1523
-1261
-1087
-1083
-1146
-1074
-817
-519
-393
-467
-462
-299
-228
-294
-242
-36
107
35
60
305
526
465
554
1258
1980
1746
836
731
1638
2335
2183
1914
2023
1996
1644
1559
2011
2230
1635
712
353
641
827
477
-111
-436
-582
-751
-891
-890
-900
-1116
-1380
-1374
-950
-586
-788
-1250
-1191
-542
-128
-209
-212
59
208
129
269
695
889
622
365
469
728
833
768
693
591
459
431
514
493
266
62
113
250
214
44
-177
-360
-386
-280
-276
-545
-841
-935
-956
-1090
-1255
-1277
-1209
-1285
-1512
-1585
-1378
-1137
-1145
-1289
-1229
-961
-787
-793
-783
-615
-405
-305
-230
-104
-1
-33
-151
-118
112
293
264
169
221
412
493
576
1057
1651
1616
904
622
1287
1970
1913
1619
1700
1817
1519
1252
1514
1771
1404
660
302
469
567
282
-154
-434
-612
-804
-929
-901
-915
-1111
-1341
-1370
-1058
-683
-652
-964
-1126
-800
-309
-71
-24
36
122
212
383
623
755
682
532
475
580
793
910
801
554
389
423
507
441
252
167
273
311
123
-60
-86
-145
-301
-317
-152
-210
-656
-1020
-943
-711
-805
-1153
-1298
-1188
-1207
-1403
-1392
-1084
-931
-1139
-1272
-1001
-668
-660
-807
-742
-473
-280
-225
-174
-91
-111
-263
-273
45
386
334
32
-64
140
311
541
1103
1547
1236
508
493
1301
1865
1683
1426
1562
1666
1393
1194
1431
1567
1135
497
334
575
572
161
-260
-421
-535
-778
-962
-860
-701
-856
-1233
-1338
-928
-515
-589
-919
-910
-481
-125
-42
13
174
266
246
349
664
898
774
487
420
643
842
809
695
631
551
407
316
285
250
257
382
448
233
-89
-209
-140
-84
-59
-49
-215
-592
-858
-763
-571
-679
-1044
-1255
-1168
-1089
-1212
-1331
-1234
-1069
-1070
-1139
-1055
-864
-785
-850
-848
-651
-397
-300
-371
-407
-306
-162
-98
-56
59
154
65
-96
104
868
1508
1265
465
279
1008
1687
1719
1550
1574
1489
1209
1215
1651
1824
1318
607
367
603
747
500
83
-215
-422
-693
-925
-886
-664
-637
-924
-1208
-1145
-857
-722
-798
-794
-562
-329
-277
-237
-63
129
221
308
503
688
709
587
500
560
717
783
683
552
523
570
546
387
177
86
205
405
441
264
6
-226
-318
-157
155
238
-115
-588
-742
-555
-370
-440
-733
-1034
-1151
-1065
-950
-975
-1119
-1223
-1182
-1043
-904
-818
-799
-861
-942
-878
-626
-369
-330
-440
-467
-347
-226
-188
-125
12
118
112
229
635
1004
917
579
617
1082
1436
1416
1341
1429
1493
1401
1342
1443
1482
1246
835
608
668
704
463
82
-139
-249
-445
-682
-729
-613
-589
-747
-916
-902
-791
-749
-751
-639
-401
-254
-279
-300
-174
46
223
321
383
443
479
471
460
534
648
648
523
422
424
448
425
354
257
182
180
216
206
171
125
20
-118
-130
34
131
-20
-279
-378
-284
-225
-352
-553
-662
-688
-747
-822
-848
-888
-1023
-1127
-1042
-866
-819
-926
-1004
-962
-862
-773
-689
-610
-575
-575
-536
-427
-287
-163
-77
8
127
334
580
739
767
730
759
916
1158
1369
1432
1342
1221
1180
1215
1236
1147
950
692
475
385
400
364
118
-247
-516
-607
-594
-521
-436
-454
-628
-803
-776
-590
-428
-396
-406
-321
-178
-111
-138
-114
27
187
291
370
426
393
304
286
396
537
596
532
385
247
194
228
295
328
273
168
95
86
95
60
27
44
105
137
92
1
-61
-54
-16
1
-38
-168
-374
-529
-539
-481
-501
-622
-768
-890
-959
-941
-873
-840
-863
-885
-873
-840
-801
-751
-676
-576
-476
-405
-345
-260
-128
55
265
447
509
478
509
673
891
1059
1157
1197
1172
1109
1088
1116
1122
1038
873
719
616
526
368
163
15
-82
-210
-380
-495
-516
-530
-602
-664
-655
-631
-663
-700
-632
-498
-411
-384
-344
-274
-216
-163
-80
22
111
185
230
245
268
326
380
386
374
386
384
316
226
199
243
277
253
206
181
157
116
96
143
231
277
255
209
189
203
226
228
215
183
107
-24
-154
-207
-199
-231
-364
-534
-643
-684
-706
-733
-733
-697
-700
-747
-759
-685
-598
-548
-489
-366
-239
-170
-138
-91
1
126
260
387
500
572
584
572
604
692
764
766
706
642
595
530
448
364
286
183
51
-73
-175
-266
-347
-419
-483
-538
-584
-611
-620
-609
-577
-535
-501
-490
-470
-402
-308
-235
-185
-130
-61
1
49
110
183
241
280
309
342
367
378
377
375
376
367
337
299
282
294
305
293
265
253
266
298
328
356
392
425
440
459
499
531
517
480
472
469
426
344
252
164
71
-30
-126
-228
-341
-460
-557
-612
-642
-664
-691
-726
-747
-729
-676
-629
-616
-599
-536
-436
-338
-263
-210
-165
-109
-36
52
130
178
190
191
216
261
299
302
268
218
170
122
71
10
-55
-108
-159
-211
-270
-341
-420
-473
-463
-418
-389
-394
-411
-418
-400
-349
-275
-203
-160
-141
-119
-67
3
64
103
136
183
242
291
312
326
359
406
446
459
453
448
441
435
452
496
525
507
456
428
440
478
507
518
527
530
528
527
543
562
569
556
541
513
463
400
327
249
163
77
-16
-129
-244
-339
-413
-483
-556
-626
-696
-770
-818
-813
-770
-731
-720
-724
-712
-673
-602
-519
-445
-401
-375
-340
-286
-221
-152
-88
-53
-54
-72
-64
-32
1
17
14
-8
-50
-97
-131
-145
-156
-180
-207
-218
-226
-261
-310
-329
-305
-265
-235
-216
-199
-184
-162
-125
-71
-15
30
59
79
108
151
197
239
277
308
333
355
382
416
451
479
494
501
510
527
545
557
563
559
549
543
548
555
554
550
545
537
533
535
540
545
540
525
508
484
456
424
392
361
317
255
180
98
21
-53
-127
-194
-264
-336
-413
-496
-565
-618
-649
-668
-689
-709
-738
-770
-779
-760
-729
-704
-691
-678
-656
-623
-583
-540
-493
-444
-399
-368
-346
-317
-278
-242
-210
-181
-160
-155
-164
-170
-159
-148
-154
-170
-176
-180
-197
-222
-228
-212
-192
-180
-170
-155
-134
-108
-72
-31
14
60
109
158
199
233
275
336
402
452
477
502
535
571
600
622
636
634
627
630
636
635
616
584
553
532
523
524
523
514
498
489
492
503
521
546
568
580
582
579
573
558
535
490
430
364
297
229
152
66
-33
-144
-256
-364
-461
-552
-643
-732
-809
-870
-917
-960
-999
-1032
-1045
-1036
-1021
-998
-959
-901
-849
-813
-768
-708
-641
-571
-499
-427
-371
-325
-282
-238
-198
-163
-136
-121
-113
-106
-96
-91
-98
-119
-141
-146
-145
-148
-152
-148
-141
-128
-101
-55
-9
34
79
128
185
243
304
367
428
488
540
586
627
663
694
720
742
755
761
756
742
720
703
686
664
641
621
596
559
524
505
504
498
482
470
468
471
470
471
480
491
488
463
431
401
377
341
289
222
148
67
-20
-110
-199
-293
-396
-498
-592
-673
-749
-824
-894
-950
-987
-1007
-1016
-1018
-1014
-999
-972
-936
-899
-853
-798
-739
-684
-631
-571
-515
-467
-422
-374
-326
-293
-265
-240
-220
-212
-211
-208
-201
-194
-191
-195
-207
-218
-218
-200
-170
-142
-118
-97
-70
-29
35
110
177
231
282
343
403
456
510
567
620
655
674
685
692
693
694
699
706
707
688
660
634
616
607
604
605
599
584
567
554
555
565
577
579
572
564
559
555
548
540
530
515
486
437
374
312
255
195
124
41
-46
-135
-224
-318
-406
-486
-565
-640
-710
-768
-820
-870
-910
-930
-938
-940
-937
-932
-920
-897
-858
-807
-761
-724
-693
-658
-613
-564
-515
-474
-443
-413
-383
-352
-325
-305
-290
-278
-265
-248
-232
-215
-200
-182
-162
-141
-119
-90
-54
-17
23
58
92
132
181
232
279
322
361
401
436
473
508
537
561
582
601
613
620
625
627
633
638
641
641
634
625
616
613
616
615
606
593
573
555
536
520
501
482
465
441
412
377
340
303
267
233
201
161
108
41
-24
-76
-125
-175
-233
-295
-356
-414
-464
-507
-548
-588
-626
-660
-687
-704
-715
-724
-728
-728
-722
-709
-696
-680
-660
-632
-597
-559
-530
-508
-483
-452
-420
-385
-352
-321
-291
-268
-244
-220
-194
-169
-147
-124
-96
-72
-54
-42
-24
4
31
59
84
103
118
132
152
182
217
250
274
290
304
321
340
365
387
404
413
418
416
417
426
439
447
449
449
452
454
458
459
460
459
458
457
452
443
429
415
405
396
379
355
329
305
281
251
222
194
170
141
107
73
45
15
-19
-59
-98
-131
-168
-206
-242
-271
-299
-332
-363
-391
-409
-427
-449
-464
-472
-479
-487
-496
-498
-493
-486
-475
-462
-446
-426
-407
-388
-367
-344
-324
-304
-280
-256
-230
-207
-186
-169
-153
-136
-115
-96
-81
-67
-54
-43
-38
-33
-21
-3
17
32
42
49
60
72
89
111
128
142
152
161
172
185
200
214
227
235
242
248
255
264
275
285
290
290
283
279
277
276
277
278
275
263
253
246
240
231
225
221
211
197
177
162
153
145
133
115
98
84
68
50
38
27
16
-3
-24
-49
-74
-95
-113
-129
-145
-159
-178
-200
-216
-225
-233
-243
-253
-254
-255
-260
-262
-260
-252
-243
-237
-227
-209
-193
-185
-180
-168
-148
-130
-117
-107
-93
-81
-71
-62
-56
-47
-41
-37
-35
-29
-26
-25
-23
-19
-16
-13
-8
-3
3
10
12
12
18
27
33
35
40
48
55
60
63
71
82
92
96
98
102
108
111
115
119
123
123
127
128
132
134
135
138
144
146
145
145
146
146
144
143
139
135
128
120
115
113
107
98
84
72
64
56
46
34
20
7
-9
-25
-43
-59
-73
-81
-88
-96
-104
-116
-126
-133
-130
-124
-124
-129
-134
-134
-130
-129
-125
-116
-109
-106
-102
-94
-86
-83
-81
-74
-65
-58
-58
-60
-62
-59
-56
-55
-54
-53
-55
-57
-57
-52
-47
-48
-48
-47
-43
-37
-32
-28
-25
-21
-18
-13
-6
0
3
6
11
18
24
29
33
36
38
42
44
45
49
49
50
53
61
69
74
78
77
80
87
94
99
99
97
95
94
94
94
91
88
87
88
87
84
75
67
63
59
54
47
42
35
27
20
16
12
6
-1
-10
-16
-21
-27
-33
-37
-39
-42
-45
-46
-46
-48
-51
-53
-48
-43
-43
-47
-46
-43
-40
-37
-34
-32
-30
-32
-31
-26
-18
-17
-19
-21
-22
-22
-22
-20
-24
-29
-32
-35
-38
-39
-37
-37
-37
-39
-35
-35
-39
-38
-36
-32
-31
-30
-29
-30
-33
-34
-29
-22
-20
-25
-25
-22
-16
-10
-5
-1
0
3
5
12
19
22
24
26
31
37
42
43
45
50
51
50
50
52
52
49
49
48
48
48
45
44
41
40
37
35
35
34
30
26
26
27
24
21
20
16
14
13
10
6
7
7
2
-2
-2
-1
-4
-9
-10
-7
-4
-5
-13
-12
-7
-5
-3
4
11
12
9
9
10
13
14
12
8
6
1
-6
-15
-18
-18
-21
-25
-30
-34
-36
-39
-42
-44
-45
-50
-58
-64
-61
-62
-69
-73
-75
-76
-80
-80
-78
-73
-71
-71
-69
-67
-63
-57
-48
-41
-37
-33
-25
-19
-12
-5
1
6
11
17
22
26
29
34
39
43
47
47
50
54
57
61
65
70
69
69
72
73
75
78
82
81
81
83
81
76
74
77
77
71
65
59
54
49
47
47
44
38
34
29
23
18
18
17
16
11
7
6
6
3
2
6
6
-1
-5
-6
-5
-7
-8
-11
-16
-20
-27
-32
-36
-38
-44
-51
-58
-62
-64
-68
-77
-81
-84
-86
-93
-98
-100
-100
-101
-102
-100
-98
-100
-101
-98
-90
-85
-80
-75
-70
-64
-56
-49
-44
-40
-37
-32
-23
-15
-9
-5
-1
5
13
20
26
29
34
40
47
54
59
63
68
74
83
91
94
95
95
96
100
103
105
103
99
99
98
95
91
85
84
82
75
65
56
49
42
37
33
30
24
15
8
3
0
-2
-1
2
1
-5
-8
-8
-5
-6
-9
-10
-12
-19
-23
-24
-23
-26
-30
-32
-35
-37
-39
-44
-47
-50
-51
-54
-58
-64
-70
-78
-81
-80
-79
-80
-87
-91
-88
-85
-83
-84
-83
-82
-80
-75
-70
-67
-63
-57
-50
-44
-40
-35
-27
-21
-16
-10
-5
0
4
9
19
29
33
37
43
48
55
64
70
74
76
80
85
91
97
100
102
100
99
98
98
99
96
93
88
84
81
76
69
63
60
57
53
46
38
31
25
20
16
14
11
7
2
-3
-6
-10
-12
-15
-17
-20
-26
-28
-29
-30
-32
-33
-34
-38
-43
-44
-45
-45
-46
-48
-49
-51
-51
-54
-54
-52
-52
-55
-59
-61
-62
-63
-65
-67
-66
-68
-70
-73
-73
-70
-69
-69
-67
-66
-64
-60
-58
-52
-48
-42
-37
-32
-29
-22
-15
-7
-1
5
12
18
24
30
37
45
49
52
53
56
61
64
66
67
69
69
71
72
72
72
75
76
75
73
72
72
70
69
64
64
61
56
52
46
44
42
39
34
31
28
19
11
7
6
4
-1
-7
-10
-13
-16
-19
-20
-21
-22
-24
-27
-26
-27
-28
-31
-30
-29
-28
-27
-26
-25
-22
-24
-25
-26
-24
-26
-30
-30
-31
-33
-35
-38
-36
-37
-39
-44
-46
-46
-48
-51
-55
-55
-56
-54
-53
-52
-49
-46
-44
-41
-38
-32
-24
-20
-18
-13
-6
0
4
8
13
16
18
20
24
28
34
34
33
35
38
42
41
41
43
42
41
40
41
42
42
42
43
43
43
41
40
42
43
39
37
36
34
31
29
26
23
21
19
15
10
6
2
1
-1
-2
-7
-11
-13
-15
-18
-16
-16
-15
-16
-17
-17
-16
-14
-11
-10
-8
-6
-4
-3
-1
1
3
3
4
3
3
1
-1
-4
-6
-8
-13
-16
-21
-25
-29
-32
-33
-35
-39
-44
-47
-48
-48
-47
-47
-45
-42
-39
-40
-38
-34
-26
-21
-17
-15
-10
-6
-3
0
3
6
8
11
15
19
19
20
21
22
22
25
25
25
22
21
23
23
24
23
22
21
20
23
24
24
24
26
27
26
26
26
26
25
24
22
23
22
18
15
12
11
6
4
4
4
2
-1
-2
-2
-3
-5
-6
-6
-5
-5
-5
-3
0
1
-1
1
5
9
13
13
15
17
14
12
10
11
10
5
0
-4
-7
-13
-19
-26
-30
-33
-37
-40
-41
-43
-50
-54
-55
-52
-49
-47
-46
-44
-42
-39
-37
-35
-29
-27
-25
-24
-20
-16
-12
-7
-3
0
2
2
5
6
8
11
13
16
16
17
16
18
19
21
25
26
26
26
28
28
31
34
36
36
36
37
37
36
36
37
36
34
33
29
27
27
26
25
24
21
15
11
12
15
13
9
5
4
6
5
6
6
6
4
5
8
10
10
9
8
9
10
11
11
11
11
9
6
3
2
2
-1
-7
-11
-14
-18
-25
-32
-36
-41
-44
-49
-53
-55
-58
-62
-64
-64
-62
-61
-61
-61
-59
-56
-52
-48
-45
-40
-36
-33
-28
-23
-21
-18
-15
-12
-10
-7
-5
-2
-1
4
8
10
9
9
10
12
15
17
22
25
25
25
28
31
35
37
37
37
38
38
38
39
41
40
35
32
31
29
29
29
29
27
26
22
19
18
21
23
21
19
18
21
20
22
20
20
18
19
20
21
22
22
22
23
24
25
25
25
23
22
20
18
16
13
9
6
3
-3
-7
-10
-14
-20
-24
-29
-34
-36
-37
-41
-43
-46
-49
-49
-48
-45
-46
-49
-49
-48
-47
-44
-43
-43
-42
-40
-38
-36
-36
-33
-31
-29
-27
-29
-30
-29
-27
-24
-20
-20
-21
-22
-20
-16
-11
-9
-6
-6
-4
-1
4
8
13
17
19
21
24
25
29
34
35
36
36
36
36
38
39
39
39
38
38
37
34
32
32
33
35
32
31
32
32
32
33
34
33
33
33
33
32
34
36
35
34
31
28
27
27
25
21
19
14
8
4
2
-2
-6
-11
-15
-21
-26
-32
-35
-38
-40
-43
-47
-51
-54
-56
-56
-54
-54
-55
-57
-56
-54
-53
-51
-50
-49
-48
-49
-47
-44
-42
-40
-36
-32
-31
-30
-29
-26
-23
-19
-18
-14
-11
-9
-7
-5
-1
4
8
11
12
16
20
23
26
30
31
32
35
38
41
43
44
46
47
48
49
52
54
54
55
58
58
58
55
54
54
56
54
54
52
48
46
46
44
43
41
37
34
30
28
26
23
20
16
13
8
4
1
-3
-5
-10
-16
-20
-24
-30
-33
-36
-37
-41
-46
-51
-57
-58
-59
-59
-60
-60
-64
-68
-69
-69
-69
-67
-68
-69
-69
-65
-64
-61
-58
-54
-50
-48
-45
-40
-37
-34
-30
-24
-19
-17
-15
-12
-8
-3
-1
1
4
8
9
11
14
18
20
22
24
26
27
30
33
36
38
40
42
46
48
50
51
51
54
55
55
55
55
54
55
54
53
53
52
51
48
48
46
45
42
41
38
37
35
32
30
26
23
21
18
16
13
11
7
3
-1
-3
-6
-9
-11
-16
-22
-25
-27
-29
-32
-34
-38
-40
-44
-48
-52
-53
-54
-55
-57
-56
-55
-56
-56
-55
-54
-53
-51
-51
-49
-48
-47
-45
-43
-40
-37
-36
-34
-33
-29
-27
-25
-20
-15
-12
-12
-13
-9
-6
-3
-1
3
6
8
9
13
18
21
23
25
27
29
32
35
39
42
45
46
48
47
49
48
49
50
50
49
47
47
47
46
44
43
41
40
37
36
35
34
33
31
29
26
25
24
22
19
16
13
11
8
6
3
0
-2
-4
-5
-8
-9
-12
-16
-20
-23
-26
-29
-34
-38
-41
-42
-43
-44
-46
-47
-48
-48
-47
-45
-44
-43
-42
-43
-40
-41
-39
-38
-37
-36
-34
-33
-31
-30
-26
-24
-23
-22
-21
-18
-16
-17
-16
-14
-13
-13
-13
-12
-8
-7
-5
0
4
7
8
10
12
16
19
22
25
25
26
27
29
31
33
34
36
35
37
41
42
43
43
42
41
41
40
40
39
37
34
32
31
31
29
28
26
25
24
22
21
19
18
17
15
13
10
7
5
3
2
0
-4
-7
-8
-11
-15
-17
-20
-23
-26
-26
-26
-26
-29
-28
-27
-26
-27
-29
-28
-28
-27
-25
-23
-21
-21
-20
-20
-18
-16
-16
-16
-17
-16
-17
-18
-17
-17
-17
-18
-18
-18
-17
-17
-17
-18
-18
-15
-15
-16
-16
-14
-12
-11
-9
-7
-5
-3
-2
0
2
4
7
8
11
14
14
16
17
18
20
21
22
22
23
23
23
22
22
23
22
21
23
24
24
23
22
23
23
24
23
23
22
21
19
18
17
17
15
14
12
11
11
9
9
7
5
3
1
-1
-3
-3
-6
-7
-8
-10
-10
-10
-11
-11
-12
-11
-13
-11
-11
-11
-11
-11
-9
-11
-12
-12
-12
-11
-12
-12
-13
-15
-15
-16
-16
-16
-18
-20
-21
-20
-22
-21
-20
-20
-19
-20
-20
-20
-18
-18
-17
-15
-15
-14
-15
-15
-12
-10
-8
-5
-3
-2
-1
0
2
4
7
9
11
12
12
11
14
17
18
20
20
20
20
22
22
23
24
24
23
24
24
24
23
23
23
23
24
23
23
22
22
19
16
15
14
12
11
11
10
8
6
5
3
1
-1
-2
-4
-5
-5
-7
-7
-10
-10
-11
-10
-11
-11
-10
-12
-12
-11
-9
-8
-8
-8
-9
-10
-10
-12
-12
-13
-15
-16
-16
-17
-17
-17
-17
-19
-18
-19
-19
-18
-17
-17
-18
-18
-18
-16
-15
-14
-13
-10
-10
-9
-8
-6
-4
-5
-3
0
1
2
2
4
4
5
7
8
11
12
12
12
14
14
15
16
16
15
15
16
17
19
22
22
21
20
21
21
21
21
20
19
18
16
15
13
12
12
10
7
6
5
4
4
2
1
1
-2
-2
-2
-4
-4
-4
-6
-5
-7
-8
-11
-11
-10
-10
-9
-8
-10
-12
-11
-12
-13
-12
-13
-12
-14
-14
-15
-16
-16
-15
-15
-15
-15
-16
-16
-16
-17
-16
-16
-16
-16
-15
-14
-14
-11
-9
-9
-8
-8
-6
-6
-6
-5
-3
-1
1
2
3
5
6
6
7
7
9
10
10
11
11
14
14
16
17
18
19
19
19
21
21
22
22
20
20
17
17
17
16
16
13
12
10
10
10
10
10
10
8
8
8
7
6
6
6
5
6
6
5
5
4
2
2
1
0
0
-2
-2
-3
-3
-4
-3
-2
-1
-3
-5
-5
-3
-5
-6
-8
-8
-9
-10
-10
-10
-11
-11
-12
-13
-15
-17
-17
-18
-19
-19
-18
-18
-19
-19
-20
-20
-19
-19
-18
-18
-18
-17
-17
-16
-15
-14
-13
-12
-12
-12
-11
-9
-9
-7
-6
-7
-6
-3
-2
0
2
5
6
6
8
10
11
12
12
12
13
14
15
16
16
16
18
18
17
17
17
17
16
15
16
15
15
14
13
14
13
13
13
12
14
12
11
11
11
11
10
9
8
7
8
8
7
7
6
6
5
6
7
6
4
3
1
-1
-2
-3
-3
-4
-5
-7
-9
-10
-10
-12
-12
-12
-13
-13
-13
-15
-16
-17
-17
-15
-14
-15
-16
-17
-17
-16
-15
-16
-15
-15
-14
-14
-14
-12
-12
-12
-14
-12
-11
-9
-7
-6
-4
-6
-4
-1
0
2
3
4
5
7
9
11
12
15
16
16
15
17
17
19
19
19
17
17
17
17
16
18
17
17
17
17
18
16
14
14
13
11
10
9
5
4
5
3
2
1
1
1
-2
-3
-4
-4
-6
-8
-8
-10
-12
-12
-12
-11
-11
-11
-12
-11
-12
-11
-12
-13
-11
-13
-13
-15
-17
-18
-19
-18
-18
-18
-18
-20
-19
-19
-18
-17
-17
-17
-16
-15
-15
-14
-11
-11
-11
-11
-11
-8
-6
-5
-5
-3
-3
-1
0
1
3
3
4
4
5
5
8
9
8
9
10
12
13
15
16
17
18
20
22
23
24
24
25
25
25
26
24
24
23
25
23
23
21
20
20
20
19
17
16
16
14
13
12
10
9
6
4
3
1
-1
0
-2
-2
-4
-4
-3
-3
-5
-7
-6
-8
-8
-8
-11
-11
-12
-15
-16
-16
-16
-18
-19
-19
-19
-19
-18
-18
-17
-15
-15
-14
-15
-15
-15
-14
-12
-12
-14
-13
-14
-13
-12
-12
-12
-11
-11
-10
-9
-7
-8
-8
-8
-6
-7
-8
-8
-7
-8
-8
-7
-5
-3
-2
0
2
2
5
7
7
8
10
9
9
10
11
10
11
11
11
12
13
14
14
14
13
14
15
14
15
15
15
15
14
14
13
12
10
10
10
7
7
5
4
6
5
4
3
3
3
2
1
2
1
1
1
1
-1
-1
-1
-1
-1
-2
-3
-3
-5
-6
-7
-6
-5
-5
-7
-7
-6
-8
-6
-5
-5
-5
-7
-8
-7
-6
-6
-5
-6
-5
-7
-6
-6
-6
-6
-6
-7
-7
-8
-8
-9
-10
-12
-11
-12
-14
-13
-14
-13
-12
-10
-9
-7
-6
-6
-3
-1
0
3
5
8
7
8
9
10
10
11
13
14
