-4
-4
-5
-6
-3
-3
-3
-2
-3
-3
-3
-2
-2
-1
-4
-4
-2
-4
-4
-3
-2
-3
-4
-3
-2
-2
-1
-2
-2
-1
0
-2
-1
0
-2
-3
-4
-3
-3
-4
-2
1
0
-1
-1
0
-2
-2
-3
-3
-4
-2
-1
0
-1
-2
-1
0
2
-2
-1
0
1
1
1
3
5
2
1
2
2
3
4
4
3
-1
1
2
3
1
-1
2
4
2
2
4
7
5
4
6
7
6
6
7
6
5
5
4
4
5
2
2
0
-2
-2
-2
-2
-2
-3
-1
2
0
3
1
1
1
-1
1
4
5
5
4
2
2
4
3
1
0
2
1
-1
-1
-2
-2
-4
-4
-4
-4
-4
-3
-2
-3
-3
-3
-4
-5
-4
-2
0
-1
-1
0
0
0
-2
1
3
1
0
0
0
-4
-2
-3
-1
-1
-3
-4
-4
-4
-4
-2
-3
-3
-2
-3
-3
-3
-1
1
2
2
-1
-1
2
2
1
0
3
4
3
2
0
0
-2
-2
-3
-4
-3
-2
-1
0
-1
-2
-2
1
1
1
1
0
-1
0
2
2
0
0
0
0
0
0
0
0
-1
-4
-4
-2
-2
-2
-5
-5
-4
-3
-3
-3
-3
-5
-4
-2
-2
-4
-2
1
0
-2
-4
-1
-2
-3
-3
-2
-1
1
1
2
2
1
3
6
7
7
5
2
2
3
2
4
4
5
4
3
3
6
4
4
3
2
4
4
5
4
1
3
5
6
5
4
5
5
5
3
1
2
1
1
1
2
1
0
-1
-3
-3
-2
-3
-5
-4
-2
0
1
1
5
3
1
2
1
1
1
-3
-5
-4
-4
-4
-3
-3
-2
0
-1
-3
-3
-4
-4
-3
-3
-3
-3
-2
1
2
0
0
1
0
0
-1
-4
-5
-5
-5
-2
0
-2
-3
-6
-4
-4
-5
0
0
-1
-1
2
2
1
2
5
2
1
0
0
-1
-4
-3
-3
-2
-2
-3
-2
-1
-1
-2
-1
1
3
2
1
2
1
0
-1
-3
-2
-1
-2
-2
-4
-4
-2
-1
-1
-4
-3
-2
-1
-1
1
2
3
3
3
4
4
3
4
5
5
3
2
2
2
2
0
2
-1
1
4
5
4
4
4
4
4
4
5
6
7
6
7
8
6
4
3
3
2
2
1
0
-1
-1
-1
-2
-2
-2
-2
-2
-2
-2
-3
-1
1
1
0
1
0
-1
0
-2
-3
-3
-3
-3
-1
0
-2
-3
-2
0
-1
0
0
0
-2
-2
-2
-3
-2
-1
-1
-1
0
-2
-1
-1
-1
-1
-1
0
2
0
1
1
2
0
1
0
0
1
-1
-2
-1
-2
-2
-1
-1
-3
-3
-2
-3
-2
-1
-1
-3
-4
-4
-3
-3
-2
0
0
-1
0
3
4
0
-1
1
1
-3
-6
-5
-5
-5
-6
-5
-4
-5
-5
-7
-5
-4
-2
-2
-1
2
2
1
0
1
2
3
3
4
3
3
4
2
0
0
0
1
0
1
1
0
1
1
0
0
1
2
1
-1
0
0
3
4
5
8
7
2
1
1
0
0
2
4
3
2
6
8
8
5
6
6
5
4
4
2
2
1
0
-1
0
-1
-1
0
-1
-2
-3
0
1
1
2
2
2
2
2
3
4
3
4
4
2
0
0
-1
-5
-5
-3
-1
-2
-3
-6
-7
-9
-7
-2
0
-1
-3
-4
-5
-4
-3
-3
-3
-2
0
3
1
-2
-3
-3
-2
-1
2
3
1
2
2
0
-2
-1
1
2
3
5
5
4
4
4
2
-1
-2
0
0
2
0
-1
-2
-2
-2
-3
0
2
2
3
1
-1
-2
-5
-5
-2
-2
0
1
3
6
4
3
3
2
0
-3
-3
-5
-5
-6
-6
-7
-7
-4
-3
0
-1
-4
-6
-9
-8
-5
-3
-1
-1
0
-2
-2
-3
-7
-12
-14
-14
-11
-8
0
7
8
8
6
3
-1
-3
-2
0
3
5
8
9
10
10
12
12
11
10
9
7
5
7
11
13
16
17
17
15
11
7
6
9
13
17
17
16
11
6
2
-2
-6
-13
-17
-19
-14
-13
-13
-11
-8
-8
-8
-7
-4
-1
3
5
6
7
9
7
5
3
8
15
17
15
12
6
1
-6
-11
-16
-15
-15
-14
-12
-11
-8
-8
-8
-9
-7
-3
1
4
5
5
6
9
12
15
14
16
13
7
1
-2
-2
-2
-3
-3
-4
-11
-20
-28
-31
-33
-34
-32
-28
-27
-25
-20
-17
-15
-9
-6
-4
-6
-8
-7
-4
-3
-7
-8
-5
-2
0
5
10
9
3
-3
-8
-12
-12
-3
8
17
23
25
19
10
5
9
21
34
48
59
56
46
41
38
29
22
22
21
12
0
-5
-11
-23
-36
-40
-48
-60
-60
-43
-29
-32
-38
-30
-20
-23
-33
-29
-12
4
6
7
13
10
-2
-16
-24
-27
-27
-21
-21
-32
-41
-35
-16
-2
10
31
57
74
82
80
74
66
69
82
94
98
98
91
73
46
19
-3
-20
-25
-18
-10
-13
-28
-50
-58
-45
-18
7
19
20
17
15
12
20
35
44
46
50
50
40
21
-1
-29
-60
-77
-77
-96
-144
-183
-191
-195
-221
-244
-240
-215
-196
-183
-166
-151
-149
-155
-143
-103
-34
48
154
314
503
618
596
503
447
422
368
315
324
371
366
296
205
90
-86
-272
-391
-431
-426
-391
-362
-393
-458
-463
-393
-306
-218
-82
73
182
243
303
359
384
390
410
427
411
358
279
159
14
-103
-192
-307
-450
-564
-638
-716
-808
-863
-851
-776
-663
-562
-501
-460
-391
-281
-152
0
171
304
375
457
655
959
1254
1385
1251
925
647
588
641
597
473
414
379
205
-97
-353
-527
-717
-902
-951
-835
-682
-610
-618
-662
-672
-573
-348
-57
218
443
590
651
675
718
795
908
1035
1073
929
682
490
350
159
-63
-220
-325
-478
-689
-876
-999
-1090
-1144
-1107
-981
-834
-714
-622
-537
-416
-225
15
263
493
662
731
735
768
837
865
821
733
613
456
273
70
-146
-328
-419
-452
-521
-657
-796
-874
-862
-773
-659
-557
-438
-268
-94
3
62
186
354
455
507
596
674
638
534
482
465
411
324
233
126
6
-97
-211
-355
-429
-353
-225
-163
-144
-92
-53
-93
-145
-104
47
234
382
480
537
562
534
437
328
294
327
349
302
214
129
3
-140
-193
-163
-179
-295
-399
-416
-421
-421
-367
-299
-272
-281
-248
-179
-146
-147
-140
-113
-95
-87
-27
46
6
-142
-283
-346
-390
-422
-344
-217
-196
-317
-487
-568
-557
-516
-487
-431
-309
-250
-215
365
1556
2206
1409
233
249
1020
1207
958
1223
1750
1583
861
461
383
38
-563
-893
-904
-932
-896
-757
-1003
-1642
-1896
-1523
-1197
-1054
-518
172
292
125
328
702
883
1197
1747
1926
1582
1310
1280
1084
712
580
625
304
-401
-917
-1121
-1405
-1748
-1790
-1625
-1606
-1650
-1523
-1420
-1445
-1276
-763
-160
406
940
1220
1072
908
1188
1675
1889
1821
1753
1681
1376
874
355
-101
-387
-455
-424
-577
-1028
-1510
-1784
-1823
-1723
-1559
-1282
-936
-649
-478
-364
-146
134
308
457
747
1126
1317
1208
976
741
552
485
449
205
-322
-855
-1141
-1401
-1664
-1259
278
1646
1093
-713
-1370
-417
381
362
778
1906
2482
2016
1419
1327
1266
875
428
183
118
192
304
-12
-981
-1875
-2096
-1969
-1784
-1257
-550
-463
-926
-994
-620
-349
63
930
1609
1568
1347
1430
1422
1188
1152
1347
1278
773
249
-102
-588
-1143
-1334
-1245
-1399
-1742
-1628
-1199
-1304
-1811
-1804
-1128
-493
-204
96
410
529
651
995
1516
1948
2020
1743
1382
1155
938
579
314
275
272
85
-413
-1144
-1848
-2237
-2255
-2036
-1712
-1483
-1500
-1601
-1540
-1411
-1404
-1320
-857
-198
184
110
811
2906
4550
3519
1160
802
2274
2724
1953
1942
2778
2581
1097
211
284
94
-858
-1694
-1871
-2038
-2206
-1823
-1606
-2289
-3026
-2684
-1950
-1699
-1067
319
1067
772
623
1078
1547
1910
2512
2955
2815
2558
2344
1942
1413
1020
796
371
-357
-994
-1400
-1814
-2424
-2853
-2776
-2688
-2739
-2374
-1752
-1627
-1889
-1607
-747
-48
565
1157
1271
1143
1478
2185
2511
2390
2240
1960
1508
1060
499
-48
-309
-443
-800
-1177
-1280
-1526
-2112
-2522
-2551
-2385
-2009
-1451
-1080
-1031
-979
-676
-193
134
98
39
383
774
595
1289
3756
5578
3961
721
-119
1382
2163
1739
1711
2337
2221
878
-193
-255
-14
-433
-1328
-1860
-1982
-1738
-1105
-1087
-2089
-2915
-2487
-1657
-1279
-604
461
614
103
244
873
1280
1843
2819
3081
2256
1759
1957
1889
1369
1067
1109
671
-470
-1410
-1720
-1934
-2377
-2533
-2176
-2188
-2709
-2603
-1953
-1979
-2411
-1758
-192
595
521
574
689
681
1065
1902
2532
2557
2258
1699
947
412
163
49
-114
-415
-592
-555
-782
-1675
-2580
-2634
-2195
-1927
-1715
-1346
-1140
-1106
-899
-771
-969
-1013
-549
4
180
953
3322
5538
4800
1469
-263
1321
3069
2715
2175
3037
3575
2024
96
-331
23
-198
-1009
-1667
-2004
-2098
-1784
-1640
-2374
-3398
-3401
-2349
-1420
-921
-158
575
538
288
552
1257
2202
3287
3757
2924
1814
1712
2055
1936
1439
1037
524
-445
-1544
-2222
-2418
-2362
-2360
-2398
-2502
-2805
-2828
-2303
-2007
-2262
-1932
-398
896
955
910
1297
1317
1064
1546
2619
3117
2755
2181
1600
880
55
-575
-559
-51
21
-753
-1717
-2278
-2449
-2407
-2302
-2327
-2320
-1967
-1612
-1585
-1376
-968
-794
-695
-301
135
221
1419
4146
5628
3589
404
135
2468
3655
2818
2325
3158
3297
1460
-82
160
600
-309
-1477
-1609
-1520
-1855
-1897
-1869
-2567
-3445
-3182
-2064
-1190
-534
237
551
243
134
526
1363
2671
3865
3901
2825
2063
2141
2223
1930
1620
1454
903
-379
-1681
-2345
-2627
-2880
-2909
-2486
-2341
-2929
-3279
-3022
-3035
-3297
-2553
-825
176
285
626
1006
825
764
1558
2638
3089
3021
2759
2242
1480
527
-206
-215
437
761
20
-1354
-2363
-2547
-2288
-2358
-2866
-3002
-2430
-2101
-2320
-2362
-2001
-1587
-1142
-428
77
456
2465
5272
5512
2324
116
1907
4736
4977
3832
3823
4477
3471
1299
425
899
761
-624
-1764
-2132
-2469
-2741
-2800
-3451
-4681
-4893
-3630
-2488
-1968
-1124
-79
69
-20
569
1386
2430
4026
5097
4518
3393
3412
3797
3451
2812
2479
2064
964
-623
-1963
-2761
-3086
-3301
-3476
-3460
-3725
-4162
-4088
-3779
-3935
-3908
-2707
-1211
-394
443
1251
1059
587
1371
2851
3465
3420
3480
3200
2313
1298
524
103
378
894
431
-1034
-2379
-2811
-2602
-2500
-3064
-3619
-3302
-2671
-2735
-2878
-2415
-1922
-1629
-734
376
757
2221
5197
6307
3346
673
2253
5300
5706
4588
4550
5091
4072
1962
981
1239
1005
-588
-2039
-2469
-2612
-2787
-2916
-3759
-5375
-5967
-4681
-3331
-2704
-1638
-313
-253
-577
270
1468
2324
3747
5348
5363
4188
3952
4420
4161
3339
2850
2609
1816
254
-1422
-2654
-3397
-3997
-4330
-4043
-4037
-4827
-5395
-5124
-4850
-4746
-3915
-2525
-1450
-284
907
963
477
1266
3015
3895
3857
4073
4222
3586
2524
1568
974
1000
1459
1326
127
-1594
-2766
-2851
-2426
-2761
-3720
-3896
-3163
-3084
-3574
-3510
-2841
-2325
-1556
-383
429
1952
4585
5642
3049
663
2293
5597
6240
5125
4932
5419
4563
2740
1918
2195
2083
830
-716
-1851
-2574
-2557
-2217
-3055
-5135
-6086
-4860
-3712
-3587
-2907
-1515
-1258
-1579
-758
441
1137
2452
4254
4504
3485
3648
4791
4890
3972
3352
3098
2453
1384
408
-476
-1526
-2616
-3304
-3428
-3803
-4561
-4727
-4394
-4710
-5384
-4970
-3847
-3181
-2268
-870
-383
-648
217
1867
2450
2423
3319
4265
3868
2850
2398
2409
2390
2409
2210
1463
111
-1072
-1369
-1207
-1805
-3092
-3509
-2938
-3069
-3970
-4274
-3720
-3143
-2485
-1595
-930
700
3207
3829
1335
-73
2378
5495
5733
4929
5349
6032
5185
3655
3174
3467
3276
2040
554
-580
-1220
-1344
-1573
-2995
-5159
-5949
-4939
-4307
-4412
-3759
-2579
-2701
-3185
-2297
-925
80
1650
3401
3641
3030
3684
4968
5186
4667
4401
4053
3237
2298
1629
901
-125
-1201
-2062
-2677
-3614
-4631
-4802
-4488
-5016
-5886
-5626
-4622
-4183
-3631
-2534
-1957
-1769
-655
839
1364
1730
2996
3930
3544
2984
3156
3387
3282
3289
3179
2402
1088
162
-63
-268
-1192
-2550
-3139
-3012
-3277
-3934
-4292
-4079
-3731
-3071
-2442
-1269
1011
2752
1327
-1158
-89
3988
6087
5225
4811
5721
5928
4788
4247
4581
4629
3601
2077
727
-134
-438
-521
-1275
-3098
-5078
-5555
-4923
-4632
-4642
-3974
-3262
-3451
-3541
-2697
-1462
-37
1642
2712
2629
2787
3988
5150
5482
5368
5025
4264
3388
2738
2263
1859
1227
0
-1440
-2741
-4028
-4825
-4411
-4139
-5398
-6706
-6240
-5152
-4886
-4607
-3778
-3131
-2540
-1342
-227
290
1189
2719
3450
3111
3025
3573
4016
4089
3904
3310
2415
1602
1155
1010
621
-679
-2112
-2720
-2894
-3545
-4105
-3975
-3632
-3592
-3317
-1507
801
1212
-1244
-3023
-992
3131
4972
4387
4264
5204
5067
4099
4495
5726
5792
4450
3014
1861
1161
1236
1309
164
-1884
-3379
-3740
-3894
-4290
-4480
-4167
-4089
-4267
-4040
-3370
-2639
-1726
-600
304
755
1485
2594
3608
4394
4964
4945
4226
3593
3526
3610
3465
2870
1900
707
-718
-2305
-3114
-2831
-3001
-4461
-5720
-5615
-5240
-5528
-5747
-5329
-4723
-3846
-2814
-2251
-2132
-1222
528
1473
1474
1825
2782
3614
4002
4014
3718
3257
2925
2667
2508
2086
1168
187
-575
-1461
-2494
-2768
-2488
-2567
-3390
-2836
-419
1047
-1096
-4299
-4076
-491
2421
2677
2293
2945
3697
3089
2715
3917
5530
5498
4134
2753
2157
2479
3222
2892
1014
-999
-1571
-1430
-1881
-2833
-3212
-3301
-3771
-4143
-3869
-3178
-2495
-2144
-2187
-2074
-1015
549
1436
1736
2323
3178
3493
3100
2779
3003
3644
3936
3443
2555
1698
418
-1118
-1474
-864
-1202
-2808
-3857
-3894
-4068
-4737
-5135
-5184
-4816
-3928
-3144
-3223
-3543
-2770
-1293
-553
-445
62
1125
1970
2341
2533
2692
2748
2740
2966
3239
2773
1659
1041
986
514
-502
-849
-630
-813
-1801
-1756
197
1647
-283
-3780
-4141
-924
1663
1423
758
1354
1929
1326
1186
2362
3639
3787
3112
2111
1446
1915
3230
3552
2093
134
-527
-125
50
-515
-1180
-1661
-2134
-2476
-2552
-2448
-1979
-1375
-1442
-2124
-2026
-798
196
427
739
1331
1441
1226
1350
1727
1974
2326
2611
2355
1534
557
-213
-222
208
-174
-1538
-2313
-2021
-1981
-2771
-3545
-3808
-3779
-3415
-2905
-2860
-3098
-2756
-1960
-1674
-1893
-1643
-694
317
906
1117
1067
1004
1240
1964
2711
2567
1509
798
1053
1306
876
387
480
521
-23
-620
138
1762
1821
-752
-2972
-1922
751
1614
805
657
1159
853
279
888
2074
2574
2330
1723
783
489
1735
3206
2846
948
-314
-48
540
483
-7
-359
-695
-1099
-1483
-1708
-1560
-980
-685
-1221
-1820
-1446
-612
-190
-29
238
234
6
283
885
1023
1006
1436
1747
1116
226
79
599
983
569
-517
-1353
-1274
-914
-1165
-1866
-2430
-2812
-3020
-2875
-2599
-2525
-2407
-2031
-1938
-2410
-2698
-2105
-991
-72
393
388
146
210
904
1779
2020
1558
1218
1400
1542
1243
982
1120
1269
1013
527
520
1510
2512
1607
-986
-2291
-780
1253
1404
648
562
627
11
-329
414
1432
1889
1764
1031
164
373
1762
2517
1600
361
233
719
742
381
164
2
-319
-551
-673
-838
-814
-421
-323
-970
-1539
-1200
-403
57
84
-128
-499
-551
-46
397
335
426
908
874
66
-413
114
911
978
247
-612
-925
-739
-662
-899
-1234
-1627
-2208
-2631
-2499
-2181
-2047
-1908
-1813
-2227
-2919
-2917
-2097
-1190
-540
-195
-355
-754
-489
518
1269
1236
1063
1155
1181
982
1070
1546
1804
1543
1159
927
1010
1765
2711
2322
256
-1278
-527
1137
1568
1003
791
747
194
-284
172
1166
1756
1600
875
222
418
1319
1849
1463
697
201
29
109
289
303
81
-161
-379
-738
-1083
-961
-360
-5
-397
-1072
-1212
-686
-99
75
-150
-432
-457
-210
4
139
406
645
379
-165
-249
275
770
757
240
-499
-969
-868
-512
-460
-877
-1519
-2091
-2294
-2027
-1698
-1587
-1608
-1747
-2241
-2748
-2594
-1761
-911
-424
-383
-754
-1051
-655
219
755
773
703
688
557
499
830
1309
1471
1291
1047
794
821
1546
2531
2351
734
-623
-248
1074
1713
1437
1075
866
558
311
556
1237
1820
1807
1135
373
292
993
1651
1535
741
-28
-337
-248
-54
156
281
121
-436
-1051
-1322
-1053
-391
203
129
-584
-1097
-788
-87
269
172
-20
-157
-239
-203
9
335
568
472
50
-277
-91
446
646
136
-702
-1172
-1085
-788
-692
-920
-1404
-1907
-2110
-1938
-1648
-1509
-1541
-1723
-2102
-2448
-2359
-1732
-963
-498
-514
-876
-1174
-1019
-412
252
596
528
264
121
247
556
878
1178
1370
1312
991
846
1345
2219
2399
1429
278
237
1183
1868
1759
1417
1297
1121
809
788
1271
1820
1891
1355
615
293
662
1238
1318
760
62
-346
-412
-228
72
227
35
-410
-862
-1141
-999
-327
347
285
-467
-981
-738
-134
226
191
-87
-377
-458
-326
-165
49
338
359
-103
-519
-275
301
440
12
-516
-822
-892
-776
-640
-734
-1083
-1462
-1670
-1663
-1496
-1330
-1368
-1659
-2025
-2214
-2068
-1618
-1086
-783
-884
-1276
-1557
-1363
-692
55
372
141
-259
-311
86
637
1056
1299
1382
1323
1147
1134
1593
2367
2605
1793
715
558
1328
1959
1916
1583
1317
1025
802
904
1313
1643
1601
1101
410
72
431
1050
1196
663
-71
-518
-535
-243
115
232
6
-436
-870
-1084
-845
-188
334
192
-427
-843
-719
-271
104
153
-163
-502
-548
-394
-290
-76
272
292
-196
-549
-287
206
326
76
-309
-669
-843
-751
-583
-613
-848
-1175
-1534
-1738
-1614
-1337
-1250
-1488
-1827
-2054
-2034
-1754
-1317
-979
-964
-1240
-1492
-1397
-890
-245
164
112
-237
-404
-96
502
981
1191
1240
1231
1188
1286
1751
2377
2461
1747
964
966
1604
2098
2066
1730
1372
1132
1137
1390
1711
1907
1796
1223
424
101
606
1290
1301
613
-158
-615
-706
-465
-40
185
-33
-565
-1094
-1341
-1061
-344
242
149
-443
-855
-741
-327
42
164
20
-224
-378
-412
-334
-73
240
230
-141
-423
-296
10
109
-80
-405
-702
-825
-758
-653
-686
-897
-1213
-1509
-1613
-1483
-1288
-1258
-1440
-1711
-1904
-1908
-1703
-1378
-1101
-1072
-1294
-1505
-1407
-957
-413
-95
-126
-354
-409
-96
422
803
978
1086
1182
1195
1273
1636
2127
2179
1625
1076
1138
1641
1979
1900
1637
1435
1368
1419
1548
1724
1872
1796
1337
749
580
962
1324
1149
558
-9
-357
-465
-311
16
185
-4
-444
-879
-1084
-865
-296
172
98
-385
-742
-688
-399
-131
2
-59
-291
-538
-640
-572
-360
-113
-65
-286
-513
-466
-243
-168
-310
-504
-614
-648
-632
-603
-626
-761
-964
-1131
-1195
-1178
-1152
-1169
-1282
-1472
-1630
-1654
-1563
-1440
-1342
-1325
-1415
-1483
-1344
-999
-670
-525
-531
-555
-422
-60
395
730
884
965
1063
1199
1415
1724
1994
1979
1627
1265
1270
1597
1856
1838
1691
1592
1559
1574
1667
1798
1851
1716
1414
1112
1042
1216
1324
1074
554
79
-170
-202
-90
63
74
-166
-574
-912
-989
-745
-330
-51
-165
-572
-875
-823
-542
-273
-151
-213
-436
-682
-764
-644
-413
-204
-175
-346
-540
-530
-363
-273
-320
-398
-445
-506
-589
-631
-633
-666
-772
-901
-999
-1049
-1076
-1123
-1226
-1374
-1499
-1538
-1511
-1471
-1430
-1400
-1405
-1411
-1313
-1068
-788
-622
-579
-542
-377
-56
318
593
723
779
898
1090
1288
1486
1694
1773
1556
1219
1158
1451
1750
1796
1688
1601
1568
1621
1784
1968
2032
1934
1725
1490
1372
1456
1547
1350
880
429
191
96
85
151
162
-71
-491
-820
-886
-714
-431
-224
-313
-682
-998
-975
-693
-420
-295
-348
-569
-840
-956
-844
-596
-387
-359
-537
-753
-795
-651
-497
-432
-418
-427
-501
-624
-679
-615
-538
-568
-692
-803
-849
-896
-983
-1102
-1232
-1346
-1397
-1400
-1409
-1435
-1435
-1421
-1418
-1355
-1157
-900
-724
-643
-535
-331
-41
281
551
709
784
893
1075
1279
1464
1635
1695
1509
1198
1072
1263
1537
1629
1551
1457
1420
1449
1566
1730
1828
1788
1647
1488
1404
1434
1470
1354
1068
777
593
490
447
466
458
269
-81
-363
-422
-305
-150
-70
-186
-524
-869
-962
-813
-647
-596
-667
-865
-1140
-1321
-1271
-1049
-862
-831
-928
-1047
-1057
-935
-770
-646
-561
-488
-467
-487
-457
-338
-245
-288
-420
-501
-515
-546
-644
-796
-972
-1144
-1266
-1329
-1358
-1376
-1383
-1397
-1418
-1374
-1206
-969
-784
-667
-528
-297
28
386
677
827
850
863
962
1145
1360
1554
1635
1477
1116
842
891
1156
1342
1351
1272
1175
1092
1122
1313
1528
1633
1616
1550
1473
1458
1539
1587
1465
1226
1051
961
910
896
904
790
477
131
-53
-73
-16
36
-51
-379
-801
-1032
-1017
-938
-908
-929
-1056
-1320
-1568
-1612
-1481
-1327
-1232
-1204
-1231
-1258
-1210
-1096
-975
-845
-697
-573
-514
-478
-417
-369
-398
-464
-488
-466
-478
-585
-764
-953
-1107
-1197
-1218
-1221
-1261
-1320
-1336
-1289
-1176
-989
-757
-565
-440
-308
-86
223
549
812
936
924
892
963
1134
1318
1474
1515
1312
935
693
771
997
1129
1147
1128
1072
1004
1045
1213
1385
1482
1522
1526
1525
1602
1739
1761
1566
1300
1147
1110
1133
1200
1216
1013
609
227
35
35
147
234
96
-313
-773
-1015
-1014
-908
-813
-829
-1042
-1404
-1706
-1783
-1646
-1440
-1323
-1366
-1527
-1646
-1602
-1414
-1188
-1010
-906
-870
-859
-798
-643
-455
-351
-355
-412
-478
-546
-603
-628
-662
-754
-883
-1001
-1088
-1134
-1114
-1038
-959
-891
-807
-682
-530
-353
-137
109
363
601
786
884
955
1064
1216
1359
1464
1495
1384
1159
987
987
1073
1090
1012
929
888
893
951
1037
1096
1076
1012
975
1048
1258
1500
1576
1396
1086
866
853
1025
1272
1417
1307
958
558
303
298
500
710
683
342
-140
-515
-660
-591
-442
-414
-639
-1061
-1473
-1713
-1729
-1600
-1493
-1540
-1733
-1936
-2014
-1912
-1677
-1440
-1306
-1270
-1245
-1166
-1018
-806
-591
-460
-453
-525
-599
-612
-553
-475
-480
-619
-816
-973
-1035
-1015
-952
-893
-873
-875
-857
-768
-580
-318
-41
201
400
567
721
902
1131
1362
1536
1637
1656
1573
1444
1403
1490
1570
1500
1294
1084
961
955
1042
1126
1084
894
660
511
542
771
1079
1226
1064
715
438
400
607
947
1226
1229
951
595
382
407
651
957
1065
837
402
17
-170
-140
19
112
-52
-470
-943
-1276
-1402
-1357
-1282
-1338
-1571
-1863
-2059
-2083
-1951
-1750
-1606
-1579
-1591
-1538
-1404
-1219
-1013
-830
-738
-749
-780
-751
-642
-505
-425
-474
-642
-820
-898
-858
-769
-701
-690
-731
-772
-739
-591
-359
-107
109
267
386
525
731
986
1223
1390
1488
1521
1483
1429
1451
1578
1692
1652
1446
1205
1055
1035
1123
1234
1240
1054
748
492
424
567
823
1004
930
616
277
136
250
526
793
887
726
425
201
194
403
696
879
807
517
211
55
78
210
332
294
19
-397
-758
-941
-970
-953
-1005
-1193
-1487
-1759
-1904
-1910
-1838
-1765
-1738
-1751
-1756
-1699
-1578
-1420
-1268
-1144
-1057
-984
-897
-781
-657
-572
-556
-609
-681
-705
-647
-553
-502
-532
-622
-698
-678
-533
-314
-108
28
90
121
204
413
732
1057
1263
1330
1320
1295
1317
1440
1659
1853
1877
1708
1471
1324
1336
1463
1599
1610
1424
1095
784
641
709
887
1007
923
634
282
51
49
238
461
550
432
191
-6
-23
160
441
656
682
525
323
226
278
407
516
512
343
46
-262
-464
-550
-605
-715
-915
-1176
-1430
-1612
-1708
-1761
-1818
-1881
-1917
-1897
-1818
-1702
-1593
-1518
-1476
-1411
-1280
-1088
-885
-739
-687
-720
-774
-779
-698
-560
-443
-414
-489
-615
-706
-689
-556
-369
-214
-136
-122
-116
-51
117
385
671
883
987
1027
1070
1153
1271
1414
1568
1690
1718
1637
1517
1449
1473
1554
1622
1590
1432
1194
966
829
820
891
936
849
612
311
81
30
162
356
447
357
150
-36
-66
89
359
607
702
610
407
247
238
369
537
614
515
249
-83
-356
-497
-528
-548
-646
-853
-1131
-1405
-1605
-1704
-1725
-1715
-1710
-1722
-1753
-1783
-1782
-1741
-1652
-1512
-1348
-1206
-1114
-1067
-1039
-1004
-937
-824
-689
-585
-535
-532
-552
-560
-521
-423
-294
-180
-98
-39
20
100
217
369
538
698
830
927
1009
1092
1187
1285
1362
1417
1470
1512
1526
1504
1461
1429
1431
1443
1429
1356
1229
1076
934
840
808
803
766
646
433
200
57
67
183
290
303
207
50
-66
-46
118
344
514
544
426
244
137
182
335
482
509
366
84
-222
-417
-456
-402
-372
-474
-731
-1070
-1363
-1522
-1538
-1479
-1432
-1469
-1602
-1776
-1910
-1933
-1825
-1629
-1436
-1328
-1330
-1389
-1424
-1365
-1186
-930
-690
-553
-536
-589
-628
-585
-438
-221
-15
102
110
57
27
86
245
453
623
709
707
671
656
709
847
1022
1150
1187
1146
1079
1051
1087
1173
1261
1304
1271
1181
1091
1042
1036
1036
998
910
796
692
608
540
477
419
359
294
237
211
216
237
267
294
319
357
419
483
520
537
559
593
616
617
597
538
435
307
184
85
6
-76
-193
-380
-615
-838
-1018
-1148
-1233
-1290
-1353
-1457
-1592
-1725
-1817
-1837
-1772
-1649
-1523
-1448
-1441
-1475
-1486
-1401
-1207
-961
-756
-659
-667
-716
-726
-637
-443
-209
-29
19
-53
-156
-186
-91
100
299
426
445
377
287
254
335
511
699
822
850
803
735
708
757
866
986
1067
1077
1013
915
842
830
869
921
937
891
779
631
514
487
533
581
576
507
409
342
350
434
544
622
645
612
567
576
671
808
901
906
832
722
625
568
546
528
470
347
167
-43
-242
-396
-514
-627
-761
-916
-1078
-1232
-1367
-1467
-1529
-1571
-1613
-1647
-1664
-1668
-1673
-1674
-1653
-1596
-1502
-1391
-1288
-1217
-1178
-1147
-1101
-1025
-907
-748
-591
-491
-459
-459
-431
-342
-190
-15
132
223
248
239
250
332
483
658
800
869
864
826
814
862
959
1074
1149
1149
1078
985
921
912
943
976
983
951
881
787
702
666
680
709
716
693
649
603
576
581
618
671
713
731
723
714
726
761
806
835
843
824
778
713
648
594
537
456
345
205
44
-125
-284
-425
-557
-687
-819
-966
-1124
-1274
-1393
-1478
-1540
-1584
-1618
-1661
-1721
-1785
-1815
-1794
-1728
-1646
-1581
-1551
-1544
-1536
-1500
-1417
-1286
-1132
-998
-916
-879
-844
-765
-629
-458
-294
-161
-74
-22
27
110
238
401
564
692
770
811
845
890
956
1041
1132
1197
1214
1189
1148
1109
1082
1066
1057
1051
1028
980
909
832
774
747
742
744
747
743
721
690
665
662
683
722
759
776
775
766
764
773
788
805
806
773
705
631
565
503
442
372
276
143
-13
-167
-307
-425
-523
-610
-714
-839
-977
-1110
-1220
-1289
-1318
-1332
-1364
-1429
-1505
-1561
-1574
-1548
-1496
-1444
-1413
-1408
-1416
-1405
-1352
-1256
-1136
-1024
-947
-905
-877
-826
-736
-605
-458
-325
-226
-162
-111
-49
53
191
345
478
569
624
663
705
766
851
949
1028
1066
1066
1048
1028
1017
1019
1026
1018
992
947
885
819
767
735
710
681
652
626
600
574
556
549
556
575
596
610
612
616
624
636
648
656
654
634
596
549
501
445
391
335
263
166
48
-72
-191
-298
-390
-470
-553
-650
-758
-867
-965
-1032
-1065
-1082
-1110
-1154
-1208
-1258
-1284
-1279
-1251
-1221
-1207
-1213
-1227
-1237
-1220
-1169
-1092
-1013
-950
-911
-888
-855
-790
-691
-573
-460
-367
-299
-249
-197
-118
-7
117
233
323
389
438
488
551
632
724
809
869
899
912
922
940
965
993
1012
1015
995
958
915
884
863
845
816
777
735
691
648
610
585
570
558
538
513
488
473
471
478
484
486
477
458
431
407
393
375
349
313
263
188
97
7
-70
-134
-198
-270
-352
-442
-536
-625
-703
-766
-810
-847
-885
-927
-977
-1019
-1043
-1045
-1028
-1010
-1003
-1008
-1014
-1011
-992
-955
-903
-848
-806
-780
-767
-747
-705
-640
-563
-482
-415
-368
-339
-306
-246
-161
-62
31
103
153
194
241
301
377
462
543
602
636
661
691
725
762
803
836
855
856
848
831
812
803
800
786
764
738
704
656
610
581
561
539
511
481
445
409
385
371
360
346
329
304
268
235
212
196
180
156
121
69
4
-57
-101
-141
-187
-238
-292
-355
-423
-488
-543
-590
-627
-660
-694
-737
-781
-817
-836
-841
-834
-825
-821
-825
-827
-811
-780
-741
-694
-645
-609
-586
-565
-534
-483
-418
-347
-283
-239
-213
-187
-148
-91
-21
49
107
145
174
205
247
300
362
420
464
487
503
528
562
594
625
650
661
659
658
659
660
658
653
643
624
600
576
552
530
507
487
464
439
413
386
358
334
318
304
290
271
253
230
203
173
144
123
99
70
33
-13
-61
-109
-155
-197
-240
-284
-336
-391
-446
-493
-536
-573
-606
-634
-661
-689
-716
-737
-748
-750
-745
-737
-736
-735
-723
-702
-676
-645
-607
-567
-534
-506
-474
-432
-381
-322
-260
-202
-159
-117
-71
-21
34
97
159
208
247
282
320
359
400
448
491
525
545
562
578
600
625
643
653
650
641
632
624
612
598
583
563
534
498
465
439
414
387
357
327
293
255
221
196
178
160
138
112
84
58
36
17
-1
-17
-32
-52
-79
-110
-136
-165
-198
-229
-257
-288
-323
-362
-397
-431
-461
-488
-518
-550
-576
-589
-598
-608
-619
-629
-634
-631
-619
-603
-588
-569
-547
-526
-500
-466
-424
-384
-347
-309
-272
-230
-181
-132
-84
-41
2
40
78
113
157
203
242
275
304
335
366
397
432
468
500
525
541
555
574
596
613
623
628
623
616
606
597
586
572
554
528
493
458
426
392
357
323
293
257
215
175
141
111
89
70
48
22
-7
-32
-56
-73
-88
-99
-119
-144
-167
-189
-213
-239
-262
-279
-301
-332
-365
-391
-416
-436
-458
-482
-505
-526
-539
-548
-558
-568
-576
-578
-574
-567
-555
-545
-533
-516
-497
-476
-452
-424
-392
-363
-338
-309
-273
-233
-194
-161
-129
-98
-66
-33
2
39
76
110
142
173
207
244
280
319
356
395
428
457
482
512
542
568
591
608
616
618
621
625
627
625
619
605
584
562
540
517
494
472
444
410
374
340
308
281
256
230
204
177
147
116
90
70
50
25
-3
-32
-61
-93
-125
-159
-190
-218
-249
-286
-325
-360
-388
-418
-448
-480
-508
-529
-548
-564
-582
-594
-607
-610
-609
-606
-602
-595
-587
-575
-565
-549
-529
-503
-476
-451
-428
-404
-377
-346
-310
-273
-243
-216
-189
-158
-123
-82
-41
-3
32
64
101
140
181
222
264
305
339
366
393
425
458
488
512
531
540
549
560
569
579
586
587
584
577
567
556
547
541
530
513
489
463
439
413
387
363
340
314
284
247
213
184
157
129
95
63
30
-5
-43
-80
-116
-150
-182
-214
-245
-277
-310
-340
-370
-398
-421
-438
-453
-469
-485
-502
-516
-525
-528
-528
-526
-524
-521
-518
-514
-501
-484
-466
-450
-435
-417
-400
-381
-356
-327
-297
-271
-244
-219
-192
-163
-133
-98
-62
-28
0
32
65
97
132
166
201
232
261
287
312
338
363
385
401
414
423
429
435
441
447
452
449
442
435
429
419
407
398
387
373
355
339
323
305
287
272
257
239
221
201
178
156
135
114
91
65
41
17
-8
-38
-67
-93
-115
-134
-157
-179
-200
-223
-244
-262
-274
-279
-286
-298
-309
-319
-326
-333
-333
-331
-327
-327
-332
-335
-331
-326
-320
-315
-308
-302
-300
-295
-284
-268
-251
-236
-224
-211
-197
-180
-158
-131
-104
-79
-58
-42
-23
1
29
54
76
94
109
126
146
168
190
208
219
227
235
241
244
248
259
268
270
267
264
263
265
265
264
263
258
253
249
244
238
230
222
214
207
197
189
177
163
150
138
125
109
91
72
56
42
23
3
-18
-36
-50
-67
-82
-101
-121
-138
-151
-159
-165
-168
-174
-185
-194
-198
-201
-203
-202
-200
-202
-208
-210
-205
-198
-192
-191
-195
-199
-202
-199
-193
-184
-176
-168
-166
-162
-154
-142
-124
-104
-87
-72
-60
-50
-35
-16
4
22
41
57
72
85
102
116
129
138
148
155
158
161
163
165
168
171
171
171
172
169
165
162
157
151
147
146
141
131
125
119
113
109
103
96
86
75
67
60
52
41
30
23
15
4
-6
-17
-29
-40
-47
-56
-67
-78
-86
-96
-103
-105
-107
-108
-111
-113
-116
-117
-117
-118
-117
-118
-116
-116
-117
-116
-110
-105
-103
-105
-110
-112
-106
-100
-91
-84
-81
-74
-69
-62
-53
-43
-28
-17
-7
1
7
15
25
36
47
59
66
74
82
88
94
97
101
106
108
109
108
108
108
108
108
107
106
104
103
101
97
90
84
79
75
73
68
60
51
44
39
33
29
23
16
6
-2
-7
-13
-21
-29
-33
-38
-46
-51
-57
-63
-68
-74
-72
-73
-73
-77
-79
-79
-78
-73
-70
-71
-70
-66
-64
-60
-59
-58
-57
-57
-59
-60
-56
-50
-46
-44
-46
-48
-44
-40
-35
-28
-22
-15
-9
-7
-2
7
20
32
41
48
55
60
65
70
77
83
89
88
86
86
87
89
91
92
93
90
85
78
74
73
74
69
62
57
53
50
51
47
40
34
30
27
21
16
9
2
-4
-10
-16
-21
-29
-41
-52
-58
-62
-69
-76
-82
-90
-98
-106
-111
-115
-119
-123
-125
-125
-125
-125
-125
-123
-119
-114
-108
-101
-95
-90
-85
-78
-73
-67
-57
-47
-41
-35
-29
-21
-13
-5
1
4
9
16
20
24
32
42
52
57
60
68
80
89
100
109
115
120
124
126
131
137
145
150
152
152
152
150
147
144
146
144
137
126
114
103
97
92
83
74
63
53
42
33
24
18
12
2
-8
-17
-25
-34
-41
-47
-50
-56
-62
-69
-79
-89
-94
-98
-105
-112
-119
-125
-132
-141
-143
-142
-144
-151
-156
-156
-153
-153
-152
-148
-143
-136
-129
-121
-115
-107
-97
-87
-80
-75
-65
-54
-48
-38
-29
-22
-16
-9
-1
4
7
13
21
27
32
43
51
58
63
74
84
94
104
114
122
129
132
136
141
146
152
154
155
155
156
157
155
151
146
141
134
123
114
108
101
94
82
71
63
55
46
36
28
21
15
8
0
-7
-15
-22
-29
-35
-41
-46
-54
-63
-70
-78
-83
-88
-90
-97
-105
-113
-119
-124
-126
-128
-130
-137
-142
-142
-141
-140
-139
-137
-135
-131
-126
-120
-115
-108
-101
-97
-91
-84
-78
-69
-61
-57
-49
-41
-32
-26
-20
-15
-9
0
10
17
25
35
43
49
57
67
80
91
98
109
117
123
128
134
142
149
156
158
157
158
159
161
159
155
149
145
139
131
124
118
110
102
94
86
74
63
56
47
39
31
23
14
7
-1
-6
-14
-21
-25
-28
-35
-45
-53
-59
-64
-69
-73
-76
-81
-90
-98
-104
-107
-111
-114
-117
-125
-132
-131
-130
-128
-126
-126
-124
-124
-124
-120
-114
-106
-101
-97
-95
-94
-88
-80
-73
-68
-61
-54
-48
-45
-42
-39
-36
-31
-26
-20
-13
-6
2
9
18
27
36
47
57
68
78
85
93
100
108
115
122
125
130
136
139
140
142
141
137
133
129
125
121
117
110
103
95
86
80
71
63
57
54
49
43
35
29
25
20
11
7
5
-1
-4
-12
-17
-21
-22
-25
-30
-35
-40
-43
-50
-58
-62
-65
-68
-75
-83
-88
-88
-89
-93
-97
-99
-98
-98
-98
-95
-92
-88
-85
-85
-83
-81
-78
-71
-68
-65
-61
-57
-56
-53
-52
-52
-51
-48
-45
-44
-40
-37
-34
-30
-27
-20
-13
-5
2
12
20
28
36
44
54
64
73
78
85
91
94
100
106
108
110
109
111
107
104
102
100
94
90
86
83
80
76
70
65
59
56
51
45
40
34
29
26
23
20
16
13
7
3
-1
-4
-8
-12
-19
-24
-33
-37
-40
-41
-45
-50
-56
-61
-63
-64
-65
-66
-68
-70
-72
-74
-73
-74
-73
-72
-73
-72
-70
-67
-64
-60
-58
-56
-53
-53
-53
-52
-51
-48
-46
-46
-46
-43
-42
-40
-37
-33
-30
-25
-21
-13
-10
-6
0
7
14
20
28
36
41
47
53
59
66
70
72
77
79
82
84
83
83
84
82
81
79
78
76
72
70
68
65
63
60
58
54
47
42
39
40
38
37
35
30
24
18
14
13
10
5
0
-7
-13
-18
-23
-28
-32
-40
-45
-47
-47
-51
-54
-56
-59
-62
-65
-65
-63
-63
-64
-64
-60
-60
-59
-55
-51
-46
-43
-43
-42
-43
-43
-41
-41
-42
-39
-37
-35
-35
-34
-31
-27
-24
-19
-16
-14
-12
-11
-7
-2
3
7
11
14
19
23
27
30
35
37
39
42
47
50
53
52
52
53
53
53
52
51
50
46
44
41
40
39
40
39
35
29
25
25
24
22
22
20
17
13
11
11
11
8
5
5
2
-1
-4
-7
-9
-10
-13
-14
-18
-19
-21
-24
-27
-29
-32
-33
-35
-36
-37
-37
-39
-39
-40
-41
-40
-37
-37
-37
-38
-38
-37
-34
-31
-30
-28
-25
-21
-18
-17
-15
-12
-10
-9
-5
-2
-1
1
5
7
7
9
12
14
17
19
20
22
24
27
31
34
33
35
35
35
33
32
34
36
37
36
33
27
23
24
25
25
22
20
18
14
10
7
4
2
0
1
0
-1
-4
-8
-7
-8
-8
-10
-11
-14
-18
-20
-20
-21
-23
-22
-20
-19
-19
-20
-21
-22
-23
-21
-20
-20
-21
-20
-21
-23
-24
-23
-19
-15
-14
-16
-20
-22
-21
-18
-14
-9
-7
-6
-6
-6
-3
2
4
6
7
8
7
7
11
15
15
14
17
18
20
22
26
28
27
30
30
30
31
31
29
30
29
31
32
32
32
31
30
28
28
25
22
21
19
16
15
13
10
6
2
-1
-6
-9
-10
-12
-17
-21
-24
-24
-24
-27
-28
-28
-31
-35
-37
-37
-35
-33
-35
-35
-32
-32
-30
-29
-29
-28
-26
-24
-22
-19
-17
-16
-17
-19
-18
-16
-12
-8
-10
-12
-9
-6
-6
-3
2
4
5
5
6
9
13
17
18
18
21
25
27
30
33
35
36
35
35
36
36
36
37
38
41
43
41
38
36
36
36
34
32
28
25
25
22
20
19
17
15
10
6
3
1
2
-1
-5
-10
-14
-20
-22
-26
-27
-27
-30
-34
-38
-42
-45
-43
-44
-45
-48
-47
-47
-47
-48
-45
-40
-35
-33
-33
-33
-32
-29
-26
-25
-24
-22
-23
-24
-23
-23
-22
-20
-20
-17
-14
-11
-11
-10
-9
-7
-4
-1
3
5
8
8
10
11
16
19
21
24
25
28
29
32
36
38
40
42
44
43
42
46
50
53
54
55
56
58
57
55
54
53
52
50
47
46
42
40
39
39
34
30
25
23
20
15
12
9
6
-1
-7
-11
-14
-19
-25
-32
-39
-44
-50
-51
-51
-52
-53
-57
-59
-63
-63
-62
-60
-58
-56
-54
-53
-51
-50
-47
-44
-44
-42
-39
-37
-37
-36
-36
-36
-38
-35
-31
-25
-20
-19
-17
-17
-14
-11
-8
-4
-3
0
3
4
8
12
16
19
21
26
29
31
33
35
39
41
41
44
46
45
45
47
50
53
54
56
56
59
61
61
58
57
56
55
52
50
50
50
46
41
38
32
32
29
27
23
17
13
9
4
0
-4
-7
-11
-19
-27
-34
-37
-40
-46
-49
-50
-53
-56
-57
-57
-56
-58
-58
-60
-61
-60
-58
-52
-50
-47
-46
-45
-44
-43
-41
-39
-37
-35
-34
-32
-32
-31
-31
-30
-27
-22
-20
-17
-16
-13
-12
-11
-7
-3
1
4
7
10
14
18
21
23
26
32
36
39
44
47
49
52
53
55
58
61
61
62
63
63
63
60
59
57
56
50
49
50
49
47
43
40
40
37
35
34
30
27
25
20
15
10
7
3
-1
-7
-14
-20
-24
-27
-32
-35
-39
-44
-47
-51
-54
-55
-55
-55
-53
-52
-53
-53
-54
-53
-53
-52
-52
-52
-51
-48
-48
-47
-47
-47
-43
-41
-41
-39
-37
-34
-34
-32
-30
-30
-28
-26
-22
-19
-16
-13
-7
-5
-3
0
5
9
13
17
19
21
23
25
28
34
38
42
46
46
46
48
48
50
54
55
53
51
50
54
56
55
52
50
48
47
45
45
42
42
41
39
37
34
33
33
28
25
23
18
15
10
5
1
0
-5
-9
-13
-19
-24
-27
-30
-31
-32
-35
-41
-45
-47
-47
-44
-43
-41
-41
-43
-44
-45
-43
-41
-39
-38
-37
-37
-37
-36
-34
-32
-30
-29
-29
-30
-28
-27
-25
-24
-26
-24
-20
-17
-14
-12
-12
-10
-7
-3
-2
-1
2
4
7
10
14
18
21
23
26
29
33
35
37
36
38
41
42
41
40
40
39
39
40
42
43
42
39
36
34
34
35
33
31
28
26
24
24
23
24
21
16
12
8
5
5
2
0
-2
-6
-10
-15
-18
-19
-20
-21
-22
-26
-30
-30
-29
-29
-30
-31
-30
-30
-31
-31
-31
-30
-30
-33
-34
-33
-34
-36
-35
-33
-32
-32
-36
-37
-36
-32
-31
-28
-26
-22
-22
-21
-18
-16
-12
-10
-6
-3
1
4
10
13
14
16
18
22
26
27
30
31
34
35
36
36
35
35
35
36
35
37
38
37
39
38
36
34
33
33
34
33
32
29
27
25
24
23
21
21
19
16
13
10
8
5
2
0
-5
-10
-14
-18
-19
-19
-21
-24
-24
-26
-29
-31
-30
-31
-30
-28
-29
-28
-28
-28
-28
-28
-27
-26
-27
-31
-31
-29
-29
-27
-24
-24
-25
-26
-25
-24
-24
-22
-19
-16
-15
-13
-12
-10
-7
-3
-2
0
2
5
6
9
10
12
15
18
20
20
20
22
26
26
27
28
28
27
25
26
27
27
25
23
23
21
17
16
17
16
17
15
15
13
9
9
11
9
8
8
6
1
-1
-2
-3
-4
-5
-8
-9
-11
-14
-14
-15
-13
-13
-13
-14
-17
-18
-17
-16
-15
-16
-16
-14
-13
-10
-7
-8
-9
-8
-10
-11
-10
-8
-5
-5
-8
-7
-8
-9
-7
-5
-4
-6
-5
-5
-2
1
2
4
7
8
8
11
13
13
13
14
14
15
14
14
15
15
17
19
21
21
21
21
22
22
23
21
19
17
17
18
17
14
12
8
6
5
5
3
2
-2
-5
-7
-7
-8
-10
-10
-8
-10
-13
-13
-12
-12
-15
-14
-13
-14
-19
-22
-23
-22
-20
-23
-25
-28
-28
-28
-28
-29
-27
-26
-27
-26
-22
-19
-17
-16
-14
-16
-15
-13
-12
-11
-8
-6
-5
-4
-4
-2
-1
0
2
4
4
5
9
10
14
16
15
16
17
17
19
21
21
20
22
24
25
25
28
28
29
30
30
30
29
28
29
30
30
29
27
27
27
25
23
20
19
15
13
11
8
7
5
1
0
-3
-3
-4
-8
-10
-10
-10
-12
-14
-17
-16
-15
-15
-16
-15
-18
-20
-21
-22
-23
-26
-29
-29
-28
-27
-26
-24
-24
-22
-22
-21
-20
-20
-18
-19
-20
-20
-21
-20
-17
-18
-17
-15
-15
-15
-15
-13
-13
-9
-10
-8
-6
-4
-1
1
5
6
9
10
13
16
17
19
21
21
22
24
26
27
26
27
29
30
32
30
29
29
29
29
30
30
30
30
31
31
29
27
25
22
19
16
12
11
8
5
4
0
-3
-6
-9
-11
-13
-17
-19
-19
-22
-24
-24
-23
-26
-28
-29
-29
-33
-33
-33
-33
-32
-34
-34
-35
-35
-35
-35
-35
-37
-34
-31
-30
-28
-27
-27
-26
-23
-18
-16
-16
-12
-10
-9
-6
-4
-2
1
3
3
4
7
9
9
13
13
15
17
19
24
26
29
29
30
32
36
38
38
41
43
46
47
47
49
49
47
47
47
46
45
44
44
40
37
36
34
31
30
27
24
20
18
17
14
11
7
3
0
-4
-6
-9
-12
-17
-17
-21
-27
-29
-29
-29
-31
-32
-34
-36
-36
-39
-43
-45
-47
-46
-45
-46
-47
-45
-45
-47
-49
-49
-51
-50
-48
-48
-48
-47
-45
-43
-39
-37
-36
-35
-30
-28
-26
-23
-20
-14
-10
-8
-4
2
7
11
15
20
23
26
28
28
31
31
35
38
38
40
42
43
43
44
46
50
49
48
46
46
48
49
50
49
50
48
46
42
41
40
40
40
36
33
28
25
22
19
16
16
14
8
3
1
-2
-7
-10
-11
-13
-17
-19
-22
-24
-25
-27
-28
-30
-30
-32
-37
-38
-37
-37
-37
-37
-41
-41
-41
-42
-42
-41
-42
-40
-40
-41
-42
-40
-38
-37
-36
-35
-34
-32
-30
-27
-26
-26
-24
-21
-18
-14
-9
-7
-5
1
4
6
10
16
19
23
25
27
30
31
32
32
32
37
37
38
40
41
39
41
41
42
42
41
42
41
41
40
41
41
42
40
35
34
30
25
21
19
16
10
7
3
0
