-1
-1
-1
-2
-3
-3
-4
-3
-2
-1
-2
-1
-2
-2
-2
-1
-2
-1
0
1
2
2
3
3
4
2
1
1
0
0
1
0
-1
-1
0
0
0
-1
0
0
0
0
0
1
2
2
3
3
4
4
4
5
5
5
4
5
5
4
3
1
1
0
-1
-1
0
0
1
1
1
0
0
1
0
-1
-1
0
2
3
1
1
1
2
2
2
2
0
0
0
-1
-1
-2
-3
-3
-5
-4
-6
-6
-7
-8
-8
-8
-7
-6
-6
-5
-5
-4
-4
-6
-4
-4
-4
-3
-2
-3
-1
-3
-4
-4
-5
-6
-7
-7
-7
-7
-6
-6
-5
-5
-5
-4
-3
-1
-2
-1
0
2
3
2
4
4
6
6
6
7
9
8
8
9
7
7
7
6
5
5
5
5
5
4
4
4
4
4
3
2
3
2
2
3
3
3
4
5
5
5
5
5
4
2
3
1
2
2
2
2
2
2
1
0
-1
-2
-1
-1
0
1
1
1
0
0
-2
-2
-3
-3
-2
-2
-1
-2
-1
-1
-2
-2
-2
-2
-3
-2
-3
-3
-4
-4
-3
-2
-2
-3
-3
-3
-3
-2
-2
-1
-1
-1
0
0
-1
0
-1
-2
-1
-2
-3
-2
-1
-3
-3
-2
-3
-1
0
1
-1
0
1
2
3
3
1
0
3
2
3
3
3
4
2
4
3
2
2
1
1
0
0
-1
-2
-4
-5
-4
-4
-4
-4
-3
-1
-1
-1
0
0
-2
-2
-2
-3
-2
-1
-1
-3
-2
-1
0
-1
-1
0
-1
0
0
-1
-1
0
-1
-2
-3
-3
-4
-3
-3
-4
-4
-4
-3
-4
-4
-4
-3
-4
-4
-2
-1
1
-1
-2
-3
-1
0
2
2
1
2
4
5
6
4
3
4
6
9
11
13
12
9
7
7
4
4
4
4
5
4
3
-1
-3
-5
-4
-1
1
1
-1
-5
-6
-6
-4
-4
-2
0
4
7
7
6
1
-4
-5
-4
-2
1
2
4
8
13
15
13
11
11
10
8
6
5
1
1
1
1
1
1
0
-1
1
2
2
1
-2
-6
-6
-7
-5
-2
1
2
2
-1
-5
-8
-11
-14
-13
-9
-5
-1
-3
-3
-4
-6
-8
-12
-16
-17
-15
-11
-12
-12
-12
-12
-8
-3
-3
-5
-8
-11
-10
-7
-6
-5
-5
-3
-2
-1
3
5
5
6
8
10
12
11
6
3
2
5
8
8
7
10
14
18
18
17
16
16
17
20
21
20
15
7
-1
-7
-12
-15
-14
-10
-6
-4
-6
-8
-11
-15
-19
-24
-21
-16
-11
-9
-12
-15
-16
-16
-15
-10
-4
5
9
8
3
-3
-4
-5
-5
-6
-4
1
4
5
3
-3
-9
-12
-10
-4
4
9
13
18
22
22
17
6
-3
-6
-4
0
5
7
8
9
9
8
6
4
3
4
7
9
7
2
-4
-8
-6
-2
7
15
19
17
13
7
2
-3
-2
6
13
18
20
18
18
21
22
21
20
21
22
22
18
8
-3
-13
-19
-19
-12
-1
5
5
2
1
1
2
-4
-12
-19
-21
-16
-9
-7
-12
-15
-15
-12
-5
0
-2
-8
-12
-11
-9
-9
-12
-13
-11
-8
-6
-8
-14
-22
-29
-32
-29
-20
-5
8
18
16
9
4
2
2
1
-2
-2
-2
3
7
4
-10
-27
-36
-34
-27
-16
-8
-4
-4
-10
-15
-13
-3
2
6
6
6
5
9
15
14
12
6
-1
0
9
18
23
22
19
13
19
27
25
9
-14
-30
-31
-18
-5
3
3
1
3
15
37
43
29
12
17
32
31
22
17
28
54
120
228
349
412
351
199
26
-125
-253
-350
-386
-353
-221
16
260
398
350
132
-147
-356
-449
-487
-510
-517
-430
-244
-27
143
226
228
178
110
48
-16
-64
-140
-258
-331
-292
-121
109
311
395
384
349
275
156
25
-115
-275
-364
-285
-84
98
154
133
130
193
214
123
34
15
15
-20
-16
53
113
118
113
129
127
128
165
181
140
36
-56
-78
-19
42
15
27
113
182
130
20
-16
1
-5
-57
-102
-78
-46
-33
-22
0
-18
-127
-205
-144
-2
48
-12
-42
-11
-36
-152
-190
-86
38
13
-152
-221
-130
-53
-88
-133
-87
-38
-32
-26
-5
0
-76
-183
-236
-199
-119
-49
30
93
111
55
-21
-34
12
35
18
32
79
116
114
93
72
65
96
139
149
118
61
53
62
59
24
17
88
197
277
280
216
116
-43
-186
-233
-155
9
164
273
296
300
273
172
3
-142
-229
-257
-188
-25
152
268
274
161
-11
-155
-216
-244
-269
-307
-333
-318
-251
-156
-77
-78
-164
-287
-390
-435
-417
-381
-370
-355
-281
-161
-35
86
128
59
-61
-178
-235
-203
-109
-9
65
128
194
249
281
271
227
164
95
80
122
211
308
395
479
557
621
661
651
590
485
364
259
203
205
243
328
430
495
487
414
327
211
59
-112
-274
-385
-415
-385
-323
-262
-189
-135
-118
-133
-211
-343
-489
-602
-698
-739
-705
-578
-425
-307
-256
-255
-274
-303
-363
-454
-533
-559
-537
-512
-464
-400
-315
-248
-206
-206
-232
-247
-238
-245
-263
-249
-183
-45
143
348
520
655
738
767
740
704
677
689
720
777
843
922
1021
1122
1179
1134
998
815
630
489
385
302
249
242
274
303
326
332
299
210
48
-161
-357
-502
-568
-586
-569
-529
-469
-401
-360
-354
-410
-523
-659
-800
-896
-943
-908
-824
-741
-686
-670
-675
-671
-658
-674
-734
-799
-831
-835
-799
-730
-653
-565
-473
-397
-351
-289
-223
-194
-225
-283
-303
-259
-145
25
212
433
685
917
1078
1161
1200
1188
1146
1082
1019
1001
1035
1116
1200
1253
1293
1300
1275
1196
1046
832
602
415
266
148
66
48
113
234
370
474
531
529
435
237
-41
-315
-526
-670
-731
-697
-565
-369
-172
-59
-87
-242
-464
-711
-975
-1230
-1412
-1476
-1417
-1266
-1088
-912
-751
-638
-627
-720
-846
-943
-1006
-1050
-1074
-1041
-925
-739
-542
-399
-313
-259
-225
-226
-260
-316
-329
-272
-158
-33
125
355
659
962
1183
1310
1385
1436
1458
1417
1348
1305
1321
1377
1434
1482
1514
1549
1557
1491
1328
1101
870
656
446
238
63
-31
-47
-9
31
73
138
202
206
111
-44
-209
-372
-528
-683
-792
-821
-756
-630
-506
-425
-393
-415
-508
-683
-901
-1111
-1261
-1350
-1394
-1397
-1344
-1233
-1106
-1013
-961
-926
-897
-888
-915
-960
-989
-967
-902
-825
-758
-671
-544
-397
-283
-227
-220
-222
-201
-154
-82
27
202
439
698
942
1160
1364
1547
1670
1719
1729
1756
1809
1865
1893
1904
1912
1910
1881
1803
1683
1540
1378
1188
960
711
456
218
17
-146
-271
-352
-394
-406
-416
-430
-451
-469
-492
-537
-612
-703
-778
-825
-839
-820
-772
-704
-626
-544
-483
-456
-473
-538
-639
-768
-918
-1065
-1186
-1274
-1328
-1340
-1294
-1200
-1079
-971
-879
-811
-778
-782
-808
-849
-892
-914
-896
-831
-724
-584
-421
-257
-112
9
98
178
265
368
507
693
908
1120
1314
1498
1673
1830
1945
2021
2061
2087
2095
2095
2081
2043
1976
1875
1762
1641
1499
1328
1128
894
622
327
44
-191
-381
-540
-670
-758
-817
-862
-908
-953
-993
-1025
-1056
-1081
-1073
-1035
-970
-884
-771
-669
-597
-557
-527
-511
-507
-517
-542
-576
-615
-659
-700
-739
-784
-840
-898
-950
-994
-1025
-1046
-1045
-1034
-1022
-989
-926
-844
-761
-695
-646
-609
-573
-535
-493
-437
-372
-290
-179
-16
191
455
748
1023
1245
1412
1556
1685
1787
1847
1891
1949
2035
2135
2236
2329
2405
2424
2373
2241
2057
1826
1556
1257
932
596
266
-20
-257
-459
-624
-755
-859
-945
-1054
-1181
-1307
-1396
-1457
-1496
-1513
-1485
-1401
-1278
-1128
-964
-806
-663
-536
-419
-317
-235
-162
-98
-46
-35
-67
-134
-215
-326
-467
-615
-732
-801
-837
-855
-857
-843
-830
-837
-869
-914
-963
-1002
-1013
-992
-949
-879
-777
-647
-511
-388
-282
-171
-52
80
226
415
649
893
1109
1300
1498
1700
1886
2035
2162
2269
2348
2383
2385
2358
2305
2215
2090
1928
1747
1553
1356
1152
927
672
394
107
-180
-456
-720
-953
-1150
-1306
-1435
-1529
-1573
-1562
-1515
-1448
-1379
-1305
-1224
-1132
-1031
-918
-794
-661
-516
-365
-220
-81
45
147
208
203
142
38
-88
-236
-398
-552
-674
-756
-808
-835
-838
-822
-805
-807
-832
-874
-922
-969
-1014
-1046
-1050
-1013
-937
-825
-696
-559
-425
-296
-166
-24
140
347
582
823
1052
1272
1494
1696
1863
1975
2054
2106
2143
2166
2191
2215
2223
2192
2113
1985
1819
1622
1399
1148
869
569
264
-27
-298
-546
-773
-973
-1139
-1278
-1400
-1494
-1550
-1569
-1562
-1536
-1491
-1411
-1303
-1173
-1029
-866
-696
-526
-377
-247
-137
-34
57
130
185
216
224
215
182
119
27
-77
-179
-282
-376
-458
-507
-532
-536
-539
-552
-581
-630
-697
-784
-876
-951
-998
-1004
-981
-935
-871
-792
-696
-589
-456
-291
-79
169
423
659
880
1103
1316
1501
1638
1740
1825
1902
1969
2038
2110
2171
2197
2172
2092
1979
1835
1665
1456
1204
913
596
280
-26
-314
-579
-813
-1008
-1167
-1295
-1384
-1428
-1429
-1402
-1368
-1334
-1293
-1242
-1166
-1068
-945
-792
-626
-460
-302
-150
-10
115
219
290
332
345
347
342
317
264
182
81
-43
-184
-333
-467
-577
-660
-725
-775
-817
-865
-935
-1031
-1149
-1269
-1381
-1470
-1519
-1528
-1502
-1448
-1362
-1239
-1080
-881
-648
-368
-45
290
609
904
1178
1413
1599
1731
1829
1930
2044
2177
2325
2481
2619
2712
2734
2679
2558
2379
2144
1857
1532
1179
816
467
147
-139
-394
-625
-837
-1027
-1195
-1331
-1424
-1467
-1472
-1457
-1437
-1405
-1352
-1271
-1163
-1023
-862
-690
-518
-351
-183
-17
143
283
391
462
501
518
517
490
427
318
172
-11
-215
-421
-612
-762
-871
-951
-1014
-1075
-1142
-1231
-1339
-1466
-1595
-1723
-1835
-1913
-1943
-1917
-1839
-1709
-1536
-1330
-1090
-812
-492
-131
244
606
940
1246
1508
1726
1912
2085
2262
2436
2598
2747
2886
3003
3074
3081
3018
2892
2704
2454
2149
1806
1437
1059
682
306
-52
-383
-682
-947
-1172
-1356
-1489
-1567
-1591
-1579
-1538
-1475
-1394
-1295
-1190
-1078
-955
-822
-678
-524
-360
-190
-18
150
295
408
486
540
571
572
531
440
300
120
-92
-319
-540
-736
-901
-1040
-1163
-1272
-1369
-1457
-1550
-1656
-1786
-1933
-2080
-2207
-2294
-2318
-2269
-2155
-1983
-1778
-1551
-1305
-1023
-696
-317
88
491
882
1260
1624
1960
2264
2538
2789
3005
3173
3296
3396
3480
3530
3513
3414
3242
3015
2745
2441
2111
1758
1383
986
575
163
-232
-595
-917
-1195
-1431
-1624
-1760
-1829
-1834
-1787
-1707
-1605
-1488
-1364
-1234
-1104
-967
-819
-662
-493
-320
-144
36
209
367
494
583
630
637
599
508
370
203
11
-203
-438
-682
-926
-1156
-1367
-1553
-1703
-1818
-1909
-1995
-2082
-2178
-2280
-2373
-2441
-2465
-2439
-2351
-2199
-1984
-1720
-1429
-1120
-790
-433
-43
371
789
1202
1610
2015
2399
2736
3021
3251
3439
3579
3670
3734
3776
3786
3732
3596
3380
3108
2801
2468
2109
1723
1307
867
416
-21
-424
-791
-1117
-1403
-1643
-1830
-1961
-2027
-2021
-1962
-1875
-1777
-1669
-1532
-1356
-1152
-936
-726
-528
-345
-175
-11
160
333
486
592
636
629
583
512
406
260
76
-134
-365
-619
-883
-1142
-1387
-1618
-1835
-2028
-2177
-2268
-2310
-2318
-2320
-2326
-2338
-2341
-2320
-2263
-2162
-2011
-1814
-1571
-1279
-948
-585
-193
237
699
1167
1616
2045
2465
2869
3220
3497
3700
3850
3951
3996
3991
3949
3871
3731
3517
3232
2904
2552
2184
1798
1397
976
540
102
-314
-693
-1036
-1348
-1624
-1849
-2020
-2125
-2165
-2136
-2057
-1946
-1822
-1685
-1526
-1338
-1124
-907
-709
-530
-368
-208
-44
120
274
403
494
535
530
492
428
333
190
-3
-227
-462
-704
-950
-1200
-1453
-1706
-1946
-2155
-2298
-2366
-2372
-2339
-2291
-2242
-2191
-2126
-2040
-1926
-1793
-1642
-1460
-1251
-1002
-715
-392
-53
297
667
1070
1500
1923
2329
2716
3082
3393
3619
3756
3828
3860
3843
3769
3649
3497
3318
3084
2790
2458
2121
1789
1455
1103
731
347
-36
-399
-733
-1029
-1291
-1513
-1698
-1841
-1942
-1993
-1986
-1930
-1845
-1751
-1649
-1521
-1348
-1139
-912
-695
-500
-332
-181
-39
97
227
335
409
436
419
380
326
250
131
-44
-259
-493
-730
-972
-1225
-1480
-1723
-1940
-2115
-2235
-2291
-2292
-2253
-2197
-2139
-2071
-1990
-1894
-1786
-1672
-1538
-1374
-1158
-893
-592
-272
56
387
732
1098
1491
1894
2276
2621
2923
3188
3407
3562
3654
3691
3683
3621
3507
3358
3195
3002
2757
2454
2116
1775
1450
1135
821
500
168
-168
-501
-811
-1084
-1317
-1515
-1678
-1808
-1899
-1941
-1927
-1867
-1787
-1700
-1604
-1483
-1323
-1123
-904
-691
-492
-311
-146
9
151
277
373
431
436
396
327
238
124
-27
-219
-441
-673
-904
-1136
-1367
-1597
-1811
-1998
-2143
-2242
-2289
-2287
-2252
-2196
-2121
-2022
-1894
-1744
-1579
-1401
-1207
-990
-744
-474
-190
86
351
611
889
1198
1544
1899
2235
2528
2780
3001
3191
3341
3442
3482
3464
3389
3275
3148
3011
2845
2616
2313
1960
1592
1245
923
621
326
24
-278
-564
-806
-994
-1142
-1271
-1393
-1502
-1587
-1636
-1642
-1615
-1570
-1525
-1478
-1408
-1290
-1119
-914
-703
-507
-330
-168
-9
148
297
423
504
523
476
385
265
119
-63
-291
-554
-831
-1102
-1355
-1586
-1793
-1972
-2130
-2265
-2361
-2401
-2371
-2295
-2194
-2082
-1962
-1822
-1661
-1474
-1274
-1065
-847
-617
-370
-111
149
404
655
909
1183
1482
1812
2147
2458
2727
2948
3136
3284
3378
3406
3366
3274
3147
3003
2856
2694
2502
2259
1963
1641
1324
1036
770
511
239
-39
-305
-542
-737
-888
-1017
-1139
-1267
-1392
-1499
-1569
-1599
-1595
-1579
-1555
-1509
-1414
-1257
-1045
-815
-596
-408
-250
-109
18
136
235
298
308
265
181
75
-44
-188
-374
-600
-850
-1106
-1347
-1567
-1766
-1947
-2112
-2247
-2336
-2353
-2296
-2185
-2057
-1926
-1787
-1629
-1448
-1257
-1063
-867
-662
-454
-231
8
259
507
738
953
1165
1395
1653
1935
2216
2463
2668
2838
2986
3096
3153
3150
3097
3003
2874
2722
2556
2380
2184
1946
1667
1373
1097
849
616
389
153
-87
-324
-545
-740
-907
-1061
-1214
-1371
-1515
-1628
-1688
-1698
-1669
-1617
-1545
-1445
-1302
-1109
-880
-638
-416
-229
-83
34
134
214
262
267
221
136
32
-78
-189
-313
-473
-669
-888
-1105
-1301
-1472
-1623
-1766
-1894
-1992
-2036
-2020
-1945
-1833
-1705
-1576
-1440
-1293
-1127
-942
-747
-553
-374
-204
-32
149
340
524
690
839
993
1176
1395
1645
1902
2137
2347
2521
2667
2780
2855
2889
2875
2807
2688
2542
2381
2207
2007
1765
1499
1226
975
755
560
372
174
-37
-248
-452
-638
-807
-966
-1119
-1272
-1408
-1512
-1568
-1582
-1562
-1521
-1463
-1374
-1244
-1068
-864
-653
-466
-315
-196
-95
-4
74
123
126
82
-1
-99
-198
-306
-437
-600
-791
-991
-1185
-1359
-1511
-1650
-1785
-1909
-1998
-2028
-1978
-1864
-1719
-1578
-1448
-1322
-1185
-1030
-860
-686
-519
-356
-192
-11
186
392
584
743
870
990
1143
1352
1615
1884
2116
2306
2478
2643
2798
2916
2989
3005
2956
2850
2703
2549
2387
2190
1934
1637
1338
1079
869
685
509
315
97
-137
-370
-579
-761
-931
-1106
-1290
-1458
-1580
-1639
-1644
-1619
-1582
-1536
-1468
-1359
-1198
-998
-792
-615
-477
-364
-253
-133
-16
76
119
101
38
-43
-126
-217
-341
-511
-719
-938
-1141
-1318
-1476
-1624
-1766
-1886
-1964
-1975
-1914
-1800
-1666
-1546
-1444
-1347
-1235
-1095
-933
-765
-599
-432
-257
-63
143
343
526
674
798
929
1104
1337
1620
1902
2143
2341
2510
2672
2821
2931
2987
2978
2916
2810
2684
2548
2393
2200
1952
1669
1383
1128
910
707
498
267
15
-240
-476
-678
-845
-999
-1148
-1299
-1432
-1525
-1576
-1591
-1589
-1575
-1545
-1487
-1387
-1238
-1054
-860
-683
-535
-402
-270
-130
0
96
141
132
75
-16
-128
-268
-442
-653
-894
-1139
-1367
-1561
-1729
-1874
-2000
-2091
-2129
-2102
-2015
-1885
-1740
-1599
-1474
-1354
-1223
-1071
-895
-710
-519
-320
-109
117
343
563
760
936
1100
1269
1466
1696
1954
2211
2433
2609
2750
2874
2976
3045
3067
3043
2979
2883
2755
2603
2430
2226
1984
1712
1431
1170
939
725
511
287
51
-188
-419
-630
-816
-982
-1134
-1277
-1408
-1519
-1601
-1651
-1671
-1678
-1670
-1641
-1576
-1470
-1331
-1175
-1017
-869
-732
-601
-475
-358
-259
-195
-178
-209
-279
-378
-498
-644
-816
-1011
-1214
-1404
-1567
-1695
-1786
-1842
-1864
-1843
-1777
-1669
-1528
-1375
-1224
-1090
-971
-853
-723
-568
-393
-202
-1
206
415
622
819
997
1157
1292
1412
1531
1667
1835
2030
2227
2396
2527
2635
2722
2787
2814
2795
2731
2629
2498
2346
2192
2032
1855
1647
1404
1150
908
685
475
256
16
-241
-498
-736
-942
-1118
-1273
-1417
-1553
-1673
-1765
-1818
-1835
-1823
-1799
-1768
-1716
-1627
-1498
-1333
-1156
-986
-838
-707
-588
-475
-375
-295
-250
-250
-284
-343
-409
-484
-581
-709
-866
-1029
-1182
-1307
-1399
-1461
-1491
-1489
-1453
-1377
-1259
-1112
-950
-792
-649
-519
-391
-249
-83
99
285
466
645
815
979
1127
1249
1348
1422
1481
1544
1626
1734
1858
1983
2089
2168
2235
2293
2337
2348
2308
2227
2117
1995
1863
1727
1591
1436
1253
1037
808
584
369
156
-69
-307
-546
-773
-972
-1139
-1274
-1388
-1494
-1595
-1681
-1738
-1761
-1760
-1748
-1733
-1710
-1660
-1574
-1449
-1293
-1128
-967
-819
-681
-542
-407
-285
-190
-130
-105
-106
-120
-147
-184
-242
-329
-442
-567
-684
-784
-862
-924
-965
-979
-960
-898
-801
-678
-548
-421
-309
-207
-107
-3
112
230
357
485
624
769
911
1037
1145
1220
1268
1299
1325
1351
1376
1403
1432
1469
1512
1553
1590
1620
1639
1635
1600
1539
1460
1371
1269
1150
1018
873
720
558
389
220
55
-109
-275
-442
-607
-766
-910
-1038
-1150
-1248
-1334
-1403
-1452
-1479
-1488
-1486
-1475
-1453
-1415
-1361
-1286
-1184
-1057
-917
-775
-642
-514
-391
-276
-178
-100
-40
1
32
52
62
56
28
-27
-103
-191
-281
-364
-434
-493
-536
-558
-545
-498
-418
-317
-210
-108
-25
37
82
114
146
186
245
326
429
546
661
761
829
863
862
836
801
767
747
745
765
807
860
909
949
985
1014
1031
1027
1004
967
917
860
792
724
651
574
489
395
301
203
100
-19
-158
-310
-468
-617
-750
-861
-950
-1021
-1075
-1110
-1128
-1133
-1129
-1122
-1114
-1102
-1080
-1034
-957
-847
-717
-580
-446
-320
-199
-85
20
110
182
238
277
299
305
296
269
225
160
81
1
-77
-148
-219
-287
-343
-376
-376
-341
-275
-188
-101
-28
14
30
28
19
11
16
40
84
145
216
281
327
342
323
282
229
184
161
165
196
250
322
401
483
568
656
742
811
849
858
853
841
823
804
786
763
730
687
636
583
521
434
315
165
-10
-191
-363
-516
-646
-759
-857
-934
-983
-1007
-1015
-1016
-1015
-1011
-994
-957
-891
-796
-676
-546
-420
-299
-189
-83
13
97
165
222
274
326
379
427
464
477
460
413
342
258
163
59
-56
-169
-262
-323
-345
-331
-293
-247
-213
-208
-237
-288
-354
-430
-499
-550
-574
-557
-509
-440
-369
-313
-276
-259
-248
-233
-200
-145
-67
36
163
317
481
642
792
915
1015
1082
1120
1139
1146
1153
1154
1151
1146
1139
1126
1095
1039
956
840
693
510
300
71
-167
-389
-589
-753
-876
-957
-998
-1008
-1000
-985
-966
-939
-902
-849
-786
-709
-612
-495
-364
-234
-108
8
116
214
300
380
457
531
596
647
676
683
663
611
524
402
251
77
-113
-310
-494
-645
-751
-804
-816
-795
-759
-730
-729
-765
-825
-898
-966
-1010
-1017
-981
-904
-793
-668
-539
-422
-323
-245
-175
-102
-11
105
243
397
565
735
892
1029
1144
1238
1307
1339
1336
1315
1283
1255
1229
1211
1196
1178
1143
1080
986
862
705
513
290
49
-190
-405
-582
-716
-803
-853
-870
-860
-833
-800
-765
-733
-699
-658
-606
-535
-444
-332
-207
-79
42
155
261
360
449
527
593
649
691
720
727
708
659
574
455
303
125
-75
-286
-503
-712
-891
-1028
-1109
-1137
-1128
-1102
-1078
-1068
-1080
-1113
-1157
-1196
-1215
-1202
-1146
-1047
-911
-757
-603
-464
-350
-253
-166
-74
29
148
275
409
546
692
843
978
1097
1192
1267
1316
1334
1323
1293
1253
1212
1168
1133
1107
1084
1048
983
882
751
594
416
223
31
-151
-307
-429
-515
-562
-577
-566
-542
-514
-488
-466
-443
-417
-385
-337
-275
-189
-79
48
183
312
428
527
605
658
687
697
689
664
620
557
473
367
237
78
-103
-301
-512
-724
-931
-1120
-1274
-1380
-1434
-1442
-1416
-1370
-1326
-1294
-1283
-1289
-1299
-1296
-1270
-1212
-1121
-997
-848
-687
-531
-389
-268
-162
-64
30
137
256
385
519
653
787
922
1048
1161
1258
1331
1380
1394
1381
1350
1314
1277
1236
1200
1168
1140
1104
1044
958
844
706
548
374
201
39
-97
-204
-284
-330
-348
-339
-314
-289
-263
-241
-217
-187
-147
-94
-30
48
135
222
302
369
422
449
451
430
395
350
295
229
145
46
-70
-198
-338
-488
-649
-821
-1000
-1183
-1355
-1501
-1609
-1665
-1670
-1634
-1567
-1485
-1403
-1333
-1283
-1250
-1221
-1182
-1119
-1028
-901
-751
-588
-423
-272
-135
-16
90
189
282
378
477
575
671
766
873
993
1112
1216
1307
1387
1446
1474
1470
1446
1410
1373
1333
1303
1283
1266
1234
1171
1077
956
813
655
485
322
175
52
-46
-117
-163
-189
-200
-205
-213
-220
-220
-210
-187
-155
-109
-51
15
84
146
193
222
223
202
161
106
41
-30
-109
-196
-291
-393
-499
-611
-725
-847
-979
-1119
-1257
-1387
-1502
-1588
-1636
-1641
-1602
-1533
-1442
-1340
-1243
-1163
-1100
-1049
-995
-928
-837
-718
-581
-427
-273
-132
-9
96
188
269
344
418
500
595
692
793
898
1006
1120
1225
1314
1386
1440
1478
1490
1478
1455
1424
1395
1363
1337
1320
1300
1263
1195
1096
974
832
678
517
361
218
94
-5
-86
-143
-184
-219
-250
-285
-314
-335
-340
-332
-311
-281
-240
-196
-158
-132
-124
-131
-160
-206
-266
-330
-394
-459
-526
-596
-668
-742
-818
-897
-980
-1064
-1151
-1239
-1325
-1402
-1459
-1494
-1495
-1462
-1390
-1289
-1167
-1038
-918
-818
-738
-671
-606
-531
-437
-325
-197
-59
78
208
324
418
492
550
601
655
715
786
860
938
1011
1081
1157
1229
1291
1342
1383
1417
1432
1427
1410
1395
1381
1366
1344
1322
1295
1246
1165
1049
910
756
590
420
255
106
-20
-126
-212
-287
-346
-399
-444
-482
-510
-522
-519
-504
-485
-464
-441
-417
-401
-395
-401
-419
-451
-497
-548
-597
-638
-676
-708
-744
-778
-814
-853
-896
-943
-994
-1046
-1103
-1154
-1195
-1218
-1219
-1198
-1151
-1078
-976
-855
-723
-598
-483
-385
-303
-232
-166
-100
-23
63
159
257
351
438
509
564
603
636
669
712
756
803
848
891
934
981
1034
1084
1118
1148
1172
1200
1219
1227
1228
1222
1207
1184
1158
1131
1091
1023
916
783
636
485
336
195
67
-47
-147
-229
-298
-350
-391
-427
-460
-486
-501
-503
-497
-489
-486
-485
-492
-501
-510
-519
-530
-548
-578
-608
-635
-657
-676
-697
-722
-750
-774
-796
-819
-840
-862
-885
-908
-928
-935
-922
-892
-853
-804
-741
-659
-561
-457
-353
-258
-175
-107
-57
-16
28
75
122
170
219
273
328
378
416
445
465
488
515
544
574
603
628
647
664
688
728
777
820
861
903
952
992
1011
1015
1006
989
963
932
905
870
817
736
635
529
425
330
245
164
87
21
-38
-91
-136
-178
-220
-258
-292
-314
-325
-328
-333
-347
-371
-405
-443
-479
-510
-539
-570
-604
-637
-666
-689
-711
-738
-768
-796
-818
-831
-836
-829
-811
-790
-771
-750
-723
-689
-651
-618
-581
-533
-469
-391
-307
-224
-149
-89
-45
-16
5
21
40
65
93
132
178
232
282
321
348
366
383
403
431
462
498
530
558
579
601
638
687
730
772
813
861
904
926
929
919
899
872
842
819
796
765
714
641
556
467
384
306
232
161
94
35
-20
-69
-117
-163
-207
-250
-286
-311
-334
-357
-389
-436
-490
-549
-602
-646
-681
-708
-730
-744
-749
-744
-735
-729
-727
-730
-731
-730
-719
-698
-669
-637
-611
-588
-567
-544
-521
-497
-471
-437
-389
-328
-261
-195
-138
-96
-75
-67
-64
-62
-53
-36
-11
24
70
123
178
234
290
343
397
456
519
576
620
649
657
652
643
644
658
676
694
711
731
758
774
777
774
765
756
744
741
743
739
713
658
582
494
402
314
224
141
65
0
-51
-90
-116
-139
-165
-196
-228
-257
-282
-309
-342
-392
-456
-528
-600
-662
-711
-748
-774
-785
-781
-760
-727
-692
-660
-634
-612
-589
-559
-519
-474
-432
-398
-377
-362
-350
-338
-326
-313
-293
-264
-218
-162
-103
-53
-20
-7
-12
-25
-36
-43
-45
-37
-21
5
43
91
149
208
267
326
387
450
505
544
565
565
548
522
492
474
472
474
474
476
487
506
522
532
540
549
557
569
586
601
603
580
530
462
386
313
244
182
123
68
23
-8
-32
-48
-63
-90
-124
-162
-201
-242
-290
-349
-424
-508
-588
-653
-700
-723
-731
-727
-711
-684
-646
-600
-559
-525
-499
-475
-445
-409
-365
-323
-287
-264
-252
-242
-231
-215
-197
-178
-154
-124
-89
-53
-23
-6
-2
-14
-36
-59
-76
-86
-87
-83
-68
-44
-4
48
106
167
226
283
339
388
424
443
440
420
382
338
297
274
265
259
257
261
284
320
352
382
414
447
479
509
542
575
597
592
561
518
473
431
389
343
297
254
214
181
154
128
94
50
-7
-70
-132
-198
-268
-351
-442
-533
-611
-671
-710
-723
-715
-696
-662
-616
-559
-498
-438
-389
-347
-307
-263
-216
-171
-132
-104
-93
-95
-100
-105
-104
-101
-99
-95
-91
-80
-68
-61
-67
-89
-121
-159
-195
-224
-245
-257
-257
-251
-229
-187
-129
-62
7
75
139
197
244
278
290
281
252
208
160
113
78
65
60
64
78
116
174
238
305
374
446
519
587
652
712
757
780
772
744
706
663
615
560
499
441
384
333
280
228
175
111
33
-55
-145
-237
-333
-429
-526
-613
-677
-716
-728
-716
-680
-628
-566
-499
-423
-345
-270
-207
-158
-120
-88
-60
-43
-35
-39
-51
-72
-94
-112
-122
-124
-125
-127
-131
-133
-137
-150
-174
-211
-257
-308
-357
-398
-426
-440
-432
-406
-358
-290
-208
-116
-26
54
114
160
186
193
181
149
104
49
-2
-46
-79
-91
-77
-42
4
67
149
248
351
447
536
622
700
769
824
869
895
898
875
836
788
735
677
613
543
470
396
323
246
164
79
-16
-118
-224
-320
-402
-473
-529
-570
-589
-586
-562
-520
-460
-388
-308
-227
-150
-79
-15
34
66
80
83
81
72
54
32
4
-25
-60
-96
-129
-160
-187
-220
-257
-300
-345
-393
-448
-511
-576
-634
-683
-718
-729
-717
-682
-626
-557
-475
-383
-288
-193
-111
-39
18
60
88
99
94
76
49
16
-15
-41
-54
-53
-30
13
69
139
227
331
440
545
645
740
831
907
964
1008
1033
1038
1018
977
928
868
798
720
633
543
450
354
254
153
58
-37
-128
-212
-283
-339
-385
-420
-442
-448
-438
-414
-375
-324
-259
-188
-118
-54
-1
41
65
65
51
28
-6
-45
-95
-148
-201
-249
-293
-334
-368
-398
-426
-457
-492
-527
-563
-601
-646
-696
-743
-783
-809
-820
-811
-782
-732
-665
-581
-483
-375
-261
-151
-53
29
93
137
161
164
150
121
84
46
13
-5
-6
11
54
120
204
304
417
540
663
773
872
956
1026
1074
1104
1122
1125
1111
1077
1029
973
905
830
749
663
574
483
386
286
187
93
-3
-91
-173
-243
-294
-331
-351
-353
-336
-303
-261
-209
-157
-104
-60
-33
-25
-35
-58
-96
-148
-208
-270
-329
-387
-437
-481
-516
-538
-559
-578
-597
-617
-639
-665
-695
-729
-764
-797
-828
-855
-876
-886
-881
-857
-814
-750
-664
-561
-445
-321
-199
-82
24
111
176
220
244
249
244
232
218
207
199
200
211
234
267
312
368
434
501
569
636
704
770
828
876
915
945
968
980
987
987
978
955
920
876
821
757
684
602
507
403
292
181
77
-18
-99
-164
-212
-235
-239
-220
-190
-152
-114
-79
-50
-32
-28
-38
-65
-109
-171
-244
-324
-402
-473
-540
-595
-638
-669
-686
-692
-692
-689
-686
-689
-697
-710
-730
-758
-786
-817
-845
-867
-878
-877
-861
-829
-781
-714
-630
-532
-424
-313
-204
-101
-6
78
149
207
250
279
300
314
326
337
348
360
372
387
405
426
447
466
489
509
528
547
571
600
633
668
701
738
779
821
867
908
944
969
978
972
949
906
846
768
676
567
450
338
233
139
62
1
-40
-66
-75
-71
-60
-51
-45
-51
-71
-103
-148
-202
-267
-344
-427
-510
-592
-667
-730
-777
-812
-832
-838
-828
-807
-780
-746
-718
-698
-687
-686
-693
-707
-728
-752
-774
-790
-795
-784
-760
-719
-668
-605
-535
-457
-374
-291
-209
-132
-62
4
67
127
180
230
275
321
366
410
453
493
526
552
567
573
570
559
543
523
505
490
483
487
503
532
570
617
672
733
797
858
913
956
982
990
973
934
874
794
700
597
488
381
282
193
113
47
-4
-43
-71
-90
-105
-119
-139
-167
-206
-256
-317
-388
-461
-536
-608
-676
-735
-782
-816
-835
-840
-832
-809
-776
-734
-692
-651
-616
-587
-567
-560
-563
-575
-590
-610
-634
-656
-671
-683
-684
-675
-653
-622
-577
-521
-455
-381
-302
-220
-134
-47
41
130
220
307
389
464
534
595
647
684
708
720
715
697
668
632
591
549
510
476
456
452
459
479
512
557
609
667
726
780
824
856
871
869
847
809
752
683
604
518
429
343
261
186
116
55
4
-38
-73
-103
-131
-158
-191
-228
-272
-323
-380
-440
-502
-563
-621
-672
-713
-744
-763
-769
-762
-742
-713
-678
-638
-597
-558
-525
-497
-478
-468
-465
-471
-485
-504
-531
-560
-590
-618
-643
-663
-674
-677
-666
-644
-609
-558
-492
-414
-321
-217
-107
10
127
246
356
456
544
617
673
709
728
728
712
680
636
584
530
479
433
396
371
363
373
395
428
474
527
584
636
685
724
753
769
773
765
747
723
687
649
608
564
519
476
433
389
344
295
243
190
134
74
12
-54
-123
-195
-269
-342
-413
-478
-538
-589
-631
-661
-680
-688
-687
-678
-664
-642
-620
-596
-573
-554
-538
-527
-523
-524
-532
-543
-559
-577
-600
-624
-648
-675
-698
-719
-733
-741
-736
-716
-681
-628
-559
-472
-370
-258
-136
-9
119
246
363
467
556
629
682
716
730
724
703
670
629
583
533
486
444
405
378
362
357
363
378
403
432
465
503
539
572
602
627
649
663
672
674
669
659
642
620
591
556
515
468
416
356
294
227
157
84
12
-61
-133
-205
-273
-339
-400
-455
-504
-546
-579
-606
-624
-635
-639
-635
-626
-613
-599
-582
-567
-553
-543
-537
-535
-534
-536
-543
-554
-569
-590
-615
-642
-670
-694
-716
-733
-739
-733
-712
-677
-626
-559
-476
-383
-279
-165
-48
69
180
282
373
450
513
557
585
600
603
594
578
556
534
512
491
473
461
455
457
466
482
501
526
553
579
602
624
647
667
686
702
717
729
736
738
735
724
707
682
648
606
556
497
432
360
284
205
123
40
-39
-117
-192
-263
-328
-390
-443
-491
-531
-562
-585
-602
-614
-619
-623
-624
-625
-623
-622
-624
-627
-630
-635
-642
-651
-662
-677
-696
-717
-740
-766
-791
-815
-837
-855
-868
-872
-862
-839
-800
-745
-674
-587
-486
-377
-259
-138
-18
97
205
306
395
472
539
591
631
662
684
697
702
702
700
697
694
690
687
688
689
693
698
699
701
702
703
705
708
711
715
719
723
726
728
728
720
707
688
661
628
587
538
482
421
355
285
214
139
66
-9
-83
-155
-225
-292
-355
-412
-465
-513
-556
-592
-627
-657
-683
-707
-729
-749
-769
-783
-794
-802
-810
-816
-819
-825
-831
-843
-856
-871
-890
-907
-925
-937
-945
-943
-933
-910
-875
-825
-763
-686
-597
-497
-388
-275
-157
-36
81
197
308
413
508
593
668
731
783
824
855
875
887
891
889
882
871
856
840
824
806
788
768
745
721
698
675
653
631
613
597
588
584
584
586
588
590
587
582
566
545
516
476
428
372
308
238
162
84
6
-74
-152
-227
-299
-367
-428
-480
-525
-563
-595
-624
-649
-672
-694
-718
-740
-763
-786
-805
-823
-837
-845
-853
-856
-855
-853
-851
-846
-843
-839
-835
-828
-822
-811
-797
-776
-747
-708
-659
-600
-531
-451
-361
-262
-161
-58
48
157
265
367
467
563
648
725
792
844
887
916
933
940
938
927
910
890
862
833
803
772
741
713
682
651
619
586
551
519
486
458
436
416
405
399
397
399
399
397
389
375
354
326
293
253
203
149
88
24
-43
-113
-183
-248
-309
-364
-412
-459
-499
-535
-566
-594
-621
-647
-669
-691
-715
-739
-761
-781
-798
-809
-816
-816
-809
-797
-781
-761
-742
-724
-707
-690
-670
-649
-623
-596
-565
-531
-492
-449
-402
-349
-288
-218
-141
-57
31
122
214
306
395
482
565
642
712
773
822
860
886
900
904
900
886
866
838
806
771
733
693
652
609
568
527
486
449
413
380
351
325
302
282
267
257
246
238
232
225
219
210
196
179
155
129
96
58
16
-28
-76
-126
-179
-231
-284
-333
-378
-419
-455
-487
-516
-541
-565
-587
-610
-632
-656
-681
-701
-719
-732
-741
-744
-740
-730
-713
-692
-670
-646
-620
-594
-572
-545
-519
-491
-459
-427
-393
-355
-312
-266
-216
-161
-101
-37
29
99
170
242
316
384
454
520
582
638
689
731
766
792
808
817
816
810
796
776
751
721
689
652
615
575
535
498
463
430
400
373
347
323
302
282
261
241
223
206
187
171
153
133
110
84
55
24
-12
-49
-86
-125
-168
-209
-250
-291
-331
-370
-408
-443
-477
-509
-536
-561
-584
-606
-626
-644
-658
-669
-674
-674
-671
-661
-645
-623
-599
-570
-541
-511
-477
-445
-414
-386
-358
-334
-313
-294
-274
-253
-232
-206
-175
-140
-100
-53
-2
57
120
183
247
313
379
439
496
548
594
635
669
695
718
734
743
746
745
736
722
698
671
636
594
551
504
458
414
370
326
288
252
217
187
160
136
115
97
78
63
52
41
30
17
2
-16
-39
-65
-91
-123
-156
-188
-219
-251
-281
-309
-334
-360
-383
-405
-426
-450
-477
-503
-526
-549
-570
-583
-589
-585
-577
-557
-533
-504
-473
-443
-411
-379
-345
-313
-280
-251
-226
-204
-183
-169
-159
-152
-144
-135
-121
-102
-81
-55
-26
5
41
82
126
174
225
277
324
372
413
447
476
501
527
550
572
594
612
625
632
630
620
602
577
544
508
471
430
389
347
304
261
218
180
149
124
107
92
82
74
62
49
32
14
-6
-26
-45
-66
-86
-108
-131
-160
-190
-221
-250
-276
-297
-315
-328
-336
-344
-351
-362
-379
-398
-421
-445
-462
-473
-475
-470
-458
-438
-416
-391
-365
-338
-309
-280
-252
-221
-187
-158
-136
-122
-119
-126
-140
-155
-170
-182
-185
-178
-162
-137
-107
-72
-33
3
40
83
126
168
208
248
283
313
339
363
386
408
431
460
490
521
550
572
586
591
586
574
555
530
497
462
422
378
331
284
236
189
148
110
74
48
24
0
-19
-32
-48
-66
-80
-94
-107
-117
-129
-143
-158
-172
-189
-208
-222
-240
-256
-267
-279
-290
-296
-300
-305
-311
-315
-326
-336
-344
-356
-364
-366
-363
-356
-342
-319
-293
-266
-236
-208
-185
-166
-156
-153
-156
-164
-176
-187
-195
-199
-197
-190
-179
-164
-142
-113
-81
-44
-5
38
79
118
154
186
214
236
255
276
302
327
355
387
421
454
485
508
526
540
544
539
529
513
485
449
409
362
314
264
211
158
108
63
28
1
-22
-41
-56
-65
-74
-79
-78
-80
-81
-81
-84
-89
-96
-103
-111
-122
-130
-136
-142
-145
-146
-148
-152
-156
-166
-178
-193
-211
-230
-247
-261
-273
-281
-285
-285
-281
-275
-269
-258
-249
-241
-228
-217
-210
-204
-200
-204
-208
-207
-209
-208
-203
-198
-193
-180
-164
-145
-122
-97
-69
-39
-3
32
62
93
122
145
167
189
210
227
245
265
286
312
338
360
385
407
422
430
435
431
422
408
388
362
335
305
274
242
211
180
148
117
85
54
27
4
-19
-39
-53
-62
-69
-69
-65
-59
-54
-49
-46
-40
-37
-35
-36
-40
-46
-55
-65
-75
-87
-99
-114
-131
-142
-151
-159
-167
-176
-184
-189
-196
-203
-210
-215
-224
-233
-242
-253
-266
-277
-287
-294
-295
-294
-286
-273
-255
-238
-219
-201
-183
-165
-143
-122
-102
-81
-59
-38
-17
3
21
37
52
67
85
105
128
153
182
210
240
267
293
313
328
340
347
348
343
333
318
305
288
273
261
250
242
237
235
230
224
213
195
174
151
123
97
73
49
29
15
5
-2
-5
-6
-6
-6
-4
-4
-5
-8
-14
-23
-35
-52
-72
-92
-114
-134
-151
-168
-182
-195
-206
-214
-220
-223
-225
-231
-235
-240
-248
-256
-266
-278
-291
-304
-315
-321
-327
-326
-322
-312
-301
-284
-265
-241
-215
-189
-161
-134
-103
-74
-45
-17
11
37
59
81
102
121
138
157
176
197
216
238
258
279
299
316
332
343
350
354
355
354
350
343
334
324
310
296
282
267
251
235
220
203
187
169
152
134
113
93
75
58
41
28
15
1
-9
-19
-28
-40
-50
-61
-74
-84
-98
-113
-127
-143
-158
-171
-181
-190
-198
-204
-209
-213
-219
-226
-234
-245
-257
-267
-277
-285
-293
-299
-303
-304
-305
-301
-295
-286
-278
-270
-259
-243
-225
-207
-185
-164
-140
-115
-90
-64
-38
-14
10
31
52
73
93
115
136
160
185
208
235
259
279
296
308
315
320
321
320
319
320
319
319
319
319
317
313
308
300
289
276
261
242
221
199
175
149
123
99
76
55
37
20
4
-10
-24
-37
-52
-65
-78
-90
-102
-114
-125
-136
-146
-159
-172
-184
-198
-213
-228
-238
-247
-253
-257
-260
-260
-258
-254
-251
-249
-247
-246
-247
-250
-256
-261
-266
-269
-268
-262
-251
-238
-220
-199
-177
-153
-128
-105
-83
-61
-40
-19
0
18
37
54
73
93
115
138
162
185
209
233
255
275
294
308
318
326
331
333
331
330
325
319
314
307
296
283
270
257
243
228
212
197
179
160
138
119
98
77
58
40
22
5
-11
-27
-44
-60
-78
-93
-106
-117
-129
-138
-145
-152
-158
-164
-171
-175
-182
-187
-191
-196
-199
-200
-202
-202
-204
-205
-206
-205
-203
-202
-199
-196
-194
-192
-190
-188
-182
-176
-171
-161
-152
-141
-129
-118
-106
-94
-82
-68
-56
-40
-24
-9
8
28
47
67
87
108
131
151
170
188
202
214
223
228
233
237
237
236
236
235
235
234
232
228
223
216
208
201
191
181
170
158
147
134
119
103
85
66
49
32
12
-5
-23
-39
-52
-64
-73
-81
-88
-93
-100
-105
-111
-115
-121
-128
-135
-142
-149
-154
-160
-163
-165
-168
-169
-167
-163
-158
-153
-150
-148
-145
-142
-141
-140
-140
-140
-137
-136
-133
-127
-122
-117
-110
-102
-93
-83
-72
-62
-51
-39
-24
-10
3
17
29
43
57
69
81
92
104
114
127
138
149
160
171
179
190
198
206
212
218
220
220
219
216
209
204
198
190
182
174
168
161
152
143
133
123
110
95
80
64
47
29
12
-6
-22
-35
-48
-60
-71
-80
-88
-97
-105
-114
-122
-130
-138
-145
-154
-160
-167
-172
-175
-176
-179
-179
-181
-182
-181
-182
-180
-180
-179
-177
-175
-174
-170
-166
-160
-153
-145
-136
-126
-115
-104
-95
-83
-71
-61
-50
-38
-25
-12
0
12
24
36
48
58
68
78
89
99
111
122
134
145
157
169
179
188
195
200
206
211
214
215
216
217
217
214
212
211
207
202
196
188
179
166
151
135
118
102
86
72
58
43
31
17
6
-6
-19
-32
-46
-59
-72
-84
-97
-111
-121
-133
-142
-151
-160
-167
-174
-181
-185
-191
-196
-204
-208
-213
-216
-217
-218
-215
-215
-212
-208
-201
-192
-181
-168
-154
-140
-126
-113
-100
-87
-73
-61
-46
-32
-21
-9
1
14
23
33
42
50
56
62
68
73
81
87
95
105
115
126
137
149
159
170
179
188
194
201
205
206
209
209
208
208
207
206
203
201
196
190
185
178
170
162
151
140
125
111
97
80
64
47
28
12
-7
-27
-44
-61
-78
-93
-106
-117
-126
-135
-141
-148
-154
-162
-168
-177
-186
-194
-201
-206
-211
-214
-216
-218
-216
-214
-208
-204
-200
-194
-188
-180
-171
-160
-147
-134
-119
-102
-83
-66
-49
-36
-23
-12
-3
5
11
15
18
22
26
31
36
41
46
54
61
68
76
84
93
102
111
120
131
142
152
160
170
178
185
189
192
195
195
194
192
191
190
189
189
186
181
173
165
154
140
125
107
89
71
53
36
19
3
-14
-29
-43
-52
-65
-76
-85
-96
-105
-114
-120
-125
-130
-134
-139
-142
-143
-145
-147
-148
-152
-154
-159
-161
-164
-167
-169
-170
-169
-168
-165
-159
-152
-144
-136
-126
-117
-107
-96
-86
-75
-68
-60
-52
-45
-37
-29
-24
-21
-17
-13
-9
-5
2
9
18
28
38
50
61
75
86
97
109
120
129
139
147
157
165
173
180
190
198
205
213
218
221
221
220
215
210
203
192
182
170
158
142
128
112
97
81
65
49
33
19
6
-4
-14
-23
-32
-40
-46
-53
-58
-64
-66
-71
-77
-82
-88
-97
-105
-114
-123
-133
-142
-151
-158
-168
-176
-184
-189
-194
-198
-201
-204
-205
-202
-198
-191
-184
-175
-166
-154
-144
-133
-122
-113
-103
-94
-86
-78
-70
-60
-53
-45
-37
-28
-19
-9
0
11
20
31
41
51
61
72
81
93
105
118
130
143
157
168
180
191
200
208
217
223
226
229
228
227
224
221
217
208
199
188
176
164
150
137
123
110
96
82
71
57
44
32
20
9
0
-11
-21
-29
-40
-50
-61
-72
-81
-93
-102
-111
-122
-131
-140
-150
-158
-165
-173
-181
-190
-196
-202
-208
-211
-213
-213
-213
-211
-209
-206
-203
-196
-188
-177
-166
-155
-146
-135
-126
-116
-105
-91
-81
-68
-56
-43
-28
-15
-1
13
27
40
54
68
83
95
108
122
134
146
159
169
181
191
201
211
221
231
240
246
252
255
256
256
252
247
242
235
226
216
204
192
176
160
144
127
111
96
80
64
48
32
15
-2
-20
-37
-52
-68
-82
-95
-106
-117
-127
-138
-146
-154
-161
-170
-178
-186
-195
-200
-207
-213
-217
-223
-228
-230
-231
-229
-227
-225
-221
-218
-213
-209
-203
-197
-189
-180
-171
-160
-150
-137
-125
-112
-96
-80
-65
-47
-31
-14
2
19
36
53
70
86
103
119
135
151
164
178
190
202
213
223
233
241
246
253
256
260
261
261
260
257
252
246
240
233
224
212
200
187
174
158
141
125
107
92
78
62
47
34
19
3
-11
-24
-39
-54
-69
-84
-99
-112
-127
-140
-152
-162
-172
-182
-190
-197
-203
-210
-217
-221
-226
-228
-230
-230
-231
-232
-230
-230
-226
-220
-215
-208
-203
-195
-187
-177
-165
-153
-141
-127
-113
-98
-84
-68
-52
-34
-17
1
17
34
53
71
88
103
119
133
148
161
172
182
193
202
209
216
220
225
230
231
233
233
233
234
236
235
233
230
225
219
211
201
190
180
169
155
141
127
112
96
80
64
46
30
11
-8
-25
-41
-57
-70
-84
-96
-108
-119
-129
-138
-147
-156
-165
-173
-182
-188
-195
-202
-209
-215
-218
-222
-223
-222
-220
-217
-215
-209
-204
-198
-190
-182
-175
-165
-153
-143
-134
-124
-114
-104
-93
-80
-68
-54
-39
-25
-9
5
18
32
48
62
75
88
99
111
121
132
141
153
163
173
182
190
197
202
207
206
207
205
202
198
195
191
186
183
178
173
166
159
152
144
133
122
111
98
84
71
57
45
30
16
1
-11
-24
-37
-51
-62
-74
-86
-97
-107
-115
-122
-130
-137
-142
-148
-152
-155
-160
-163
-166
-168
-167
-167
-163
-160
-158
-153
-149
-144
-138
-133
-125
-120
-113
-107
-99
-92
-85
-78
-69
-59
-50
-40
-30
-21
-12
-2
8
17
27
36
45
55
62
73
81
91
99
107
113
117
123
128
132
135
138
142
144
145
145
145
143
140
136
133
129
125
120
116
111
106
100
94
89
83
75
68
59
49
39
29
20
10
-1
-13
-23
-34
-42
-52
-62
-71
-80
-89
-96
-104
-110
-116
-119
-123
-125
-125
-126
-126
-127
-126
-128
-126
-124
-122
-119
-115
-112
-107
-105
-100
-94
-89
-83
-77
-72
-66
-62
-55
-49
-43
-36
-30
-23
-15
-8
-1
5
13
20
27
37
45
53
59
66
72
75
80
84
88
92
96
99
104
105
108
111
113
117
119
120
122
121
119
117
115
111
104
100
94
87
81
74
67
60
54
46
39
31
22
14
3
-6
-18
-27
-35
-43
-49
-56
-63
-69
-73
-77
-81
-84
-88
-90
-93
-95
-97
-98
-102
-103
-103
-104
-103
-101
-98
-96
-92
-89
-85
-80
-77
-73
-67
-61
-56
-52
-48
-44
-39
-33
-29
-23
-19
-13
-8
-2
3
9
13
18
22
25
32
36
39
45
49
55
59
62
67
70
74
78
82
84
87
89
90
92
93
93
91
90
88
86
84
80
76
72
66
61
56
51
47
42
37
34
28
22
17
12
6
0
-7
-14
-19
-25
-29
-35
-40
-45
-47
-51
-56
-58
-62
-64
-67
-70
-72
-74
-75
-75
-76
-77
-75
-74
-72
-72
-69
-67
-63
-61
-59
-57
-55
-53
-49
-46
-43
-41
-38
-33
-29
-24
-20
-16
-13
-9
-5
-3
1
5
8
12
15
18
22
25
30
32
35
39
43
46
49
51
53
57
57
59
60
61
63
62
63
64
63
63
62
61
59
58
56
53
48
44
41
36
32
27
22
18
14
10
7
3
-2
-6
-7
-10
-14
-16
-20
-24
-26
-28
-31
-34
-36
-38
-41
-42
-44
-46
-46
-46
-46
-47
-47
-46
-45
-44
-42
-41
-42
-41
-40
-39
-38
-36
-33
-32
-30
-28
-27
-24
-23
-20
-19
-17
-14
-11
-7
-5
-1
2
4
7
9
14
16
18
20
23
27
29
32
33
36
36
38
40
42
42
42
41
40
40
39
38
37
36
35
35
35
33
32
32
31
30
29
28
27
23
23
20
17
14
10
7
3
0
-3
-6
-8
-9
-12
-12
-13
-16
-17
-18
-19
-21
-23
-26
-29
-30
-30
-33
-36
-36
-37
-36
-36
-36
-36
-34
-34
-31
-31
-30
-29
-28
-27
-28
-28
-27
-26
-25
-24
-24
-22
-22
-20
-18
-17
-15
-12
-10
-8
-6
-4
-4
-1
2
2
2
4
5
7
10
11
14
16
18
20
23
25
27
27
28
30
31
33
33
35
36
36
36
37
36
35
34
32
29
26
25
22
20
18
16
15
15
13
11
9
8
5
4
4
3
1
0
-1
-3
-3
-4
-6
-6
-7
-7
-8
-9
-10
-10
-10
-12
-14
-15
-16
-17
-18
-20
-19
-19
-19
-18
-17
-16
-17
-16
-17
-16
-14
-14
-14
-12
-12
-10
-10
-12
-12
-10
-10
-11
-10
-11
-11
-10
-10
-9
-7
-5
-5
-4
-3
-2
0
1
1
1
2
4
3
3
5
7
8
9
11
13
14
16
17
20
20
21
22
24
23
21
21
19
18
17
15
15
14
13
12
12
11
9
8
7
5
5
4
4
4
4
2
1
1
-1
-1
-2
-4
-5
-6
-8
-11
-12
-14
-15
-18
-18
-19
-21
-21
-22
-22
-22
-22
-22
-23
-22
-24
-23
-23
-24
-22
-20
-19
-18
-17
-16
-15
-14
-11
-9
-7
-6
-6
-4
-4
-4
-3
-4
-1
-2
-1
0
2
3
4
5
6
6
9
10
11
13
16
18
20
21
22
23
23
25
26
27
26
26
27
26
27
26
27
26
26
25
26
23
21
19
17
15
12
11
11
10
9
9
8
6
5
4
4
1
0
-1
-2
-4
-6
-7
-9
-11
-14
-15
-17
-17
-18
-19
-20
-23
-22
-21
-22
-21
-22
-22
-23
-23
-23
-23
-25
-24
-24
-23
-23
-22
-21
-18
-16
-14
-14
-13
-13
-11
-10
-7
-7
-5
-4
-4
-2
-1
1
2
3
3
6
7
6
7
9
10
9
11
13
14
15
16
18
19
20
20
22
23
24
23
22
20
20
20
17
18
16
16
14
12
13
11
12
10
8
9
8
8
7
6
5
1
3
1
0
-2
-4
-5
-5
-6
-7
-8
-8
-10
-13
-15
-16
-17
-17
-17
-19
-20
-21
-21
-21
-21
-20
-21
-20
-20
-20
-21
-20
-20
-20
-18
-17
-16
-15
-14
-11
-10
-10
-7
-7
-6
-4
-4
-2
-1
1
2
2
4
6
9
11
12
12
15
16
18
19
20
20
21
22
24
25
25
26
26
27
29
28
28
30
29
30
28
28
27
27
27
27
25
23
22
20
19
18
15
11
9
6
5
0
-2
-3
-5
-7
-10
-13
-14
-15
-17
-18
-21
-22
-25
-27
-28
-29
-32
-33
-35
-37
-38
-40
-41
-42
-44
-45
-46
-46
-47
-49
-50
-49
-49
-49
-48
-45
-44
-41
-38
-36
-32
-29
-25
-20
-18
-12
-8
-3
1
6
10
13
16
20
22
26
29
31
34
38
41
45
49
51
55
59
61
63
64
66
66
68
69
69
69
67
65
65
61
60
57
54
54
49
46
42
38
35
31
26
23
18
14
11
6
1
-3
-7
-10
-13
-17
-21
-26
-32
-36
-42
-47
-51
-56
-62
-67
-70
-75
-77
-79
-83
-85
-87
-87
-87
-87
-88
-87
-86
-84
-82
-78
-75
-72
-69
-65
-60
-56
-51
-45
-40
-34
-30
-23
-17
-11
-4
2
9
15
22
28
34
39
43
48
54
59
64
69
76
80
85
88
90
91
92
94
96
95
95
93
93
92
91
89
86
85
81
78
75
69
66
63
58
52
46
41
37
32
26
19
15
8
3
-3
-9
-14
-19
-27
-35
-41
-48
-57
-64
-71
-77
-84
-88
-92
-95
-96
-99
-101
-103
-105
-106
-107
-104
-103
-103
-101
-100
-97
-92
-89
-83
-79
-74
-70
-63
-57
-53
-46
-41
-36
-29
-23
-15
-8
-1
7
13
21
28
34
40
46
53
58
62
67
70
73
78
80
83
84
85
87
89
90
92
94
95
96
96
97
96
95
94
93
90
87
84
80
77
73
67
63
56
51
46
40
34
27
19
11
2
-7
-16
-25
-33
-41
-48
-55
-60
-66
-70
-75
-80
-84
-88
-89
-91
-93
-95
-95
-95
-98
-97
-99
-98
-98
-97
-95
-93
-91
-88
-86
-84
-81
-78
-74
-71
-66
-61
-56
-50
-45
-39
-33
-25
-19
-13
-5
3
11
19
25
32
37
41
46
51
58
63
69
72
76
81
84
87
89
89
89
91
92
93
95
96
96
95
95
92
91
88
85
82
78
74
69
66
61
57
53
47
44
38
33
28
23
17
10
4
-3
-9
-15
-20
-24
-29
-36
-41
-47
-52
-58
-63
-68
-72
-76
-80
-84
-86
-89
-90
-92
-92
-92
-92
-91
-89
-90
-89
-88
-86
-82
-79
-76
-72
-68
-65
-62
-58
-53
-49
-43
-38
-34
-29
-23
-18
-12
-5
1
6
13
20
26
31
36
41
47
53
58
61
65
68
72
72
75
77
79
79
81
80
81
80
80
82
82
82
82
80
79
76
73
70
67
63
59
55
51
45
40
35
30
26
21
19
14
9
4
-1
-7
-12
-19
-25
-29
-34
-38
-44
-48
-53
-56
-60
-62
-64
-66
-69
-70
-70
-73
-74
-75
-75
-76
-77
-77
-78
-77
-77
-77
-74
-71
-69
-66
-63
-60
-57
-53
-49
-44
-41
-36
-32
-28
-23
-19
-14
-10
-4
0
5
9
15
20
24
31
34
38
42
46
49
53
54
56
59
60
61
63
63
63
64
66
67
68
67
67
67
66
66
65
65
65
63
62
61
59
57
55
51
49
45
41
36
32
25
20
14
10
4
-1
-6
-10
-13
-19
-22
-26
-29
-33
-36
-40
-42
-45
-48
-49
-51
-54
-56
-58
-59
-60
-62
-63
-62
-61
-61
-60
-60
-59
-57
-55
-54
-52
-52
-51
-48
-48
-46
-44
-41
-37
-34
-30
-27
-24
-20
-15
-11
-7
-4
0
4
8
12
16
19
23
26
29
32
35
38
42
45
47
49
51
53
54
56
57
58
60
60
60
60
60
59
59
58
56
54
52
50
48
45
42
40
36
32
27
25
20
16
10
5
1
-4
-8
-13
-17
-22
-25
-28
-32
-34
-37
-40
-43
-45
-49
-50
-53
-56
-57
-59
-60
-60
-60
-60
-59
-58
-58
-56
-54
-52
-50
-48
-46
-44
-41
-40
-37
-34
-32
-29
-26
-22
-18
-14
-9
-5
-2
1
5
9
14
17
22
26
30
33
36
38
41
43
45
47
48
50
53
53
54
55
56
55
56
55
55
53
51
49
48
45
43
43
43
41
38
36
33
30
27
24
22
19
15
14
11
7
3
1
-2
-5
-9
-12
-16
-20
-23
-26
-29
-33
-36
-39
-43
-46
-48
-49
-51
-51
-54
-54
-54
-56
-56
-57
-56
-54
-53
-51
-51
-50
-49
-46
-43
-40
-37
-33
-30
-27
-25
-22
-18
-16
-11
-6
-2
3
7
10
13
15
18
21
23
28
30
33
36
38
41
43
42
42
43
44
44
45
44
43
44
43
44
42
41
40
39
38
37
36
35
32
30
30
27
25
23
22
19
16
14
12
9
6
3
-1
-2
-5
-7
-10
-13
-16
-21
-23
-26
-28
-30
-32
-33
-35
-36
-38
-41
-41
-43
-43
-45
-45
-45
-45
-46
-45
-45
-43
-41
-40
-39
-37
-34
-32
-30
-28
-24
-22
-19
-17
-14
-11
-9
-6
-3
-1
1
3
5
7
10
12
14
17
18
21
24
27
30
32
34
35
36
36
37
38
39
39
40
40
40
39
40
40
38
39
38
37
35
33
31
28
29
27
25
24
23
21
18
16
13
10
8
4
0
-2
-4
-8
-9
-11
-14
-16
-20
-23
-25
-27
-29
-32
-34
-35
-38
-38
-38
-39
-40
-40
-40
-39
-40
-39
-39
-38
-37
-38
-37
-35
-35
-32
-29
-28
-27
-26
-24
-22
-19
-17
-15
-11
-9
-7
-4
-2
-1
1
3
6
9
12
14
17
20
23
25
27
29
30
32
33
35
36
35
36
37
37
37
38
37
38
37
38
38
37
36
36
34
34
33
29
28
26
24
22
21
17
14
12
8
6
3
-1
-4
-7
-8
-10
-12
-14
-16
-17
-19
-22
-24
-27
-28
-31
-33
-34
-36
-37
-37
-38
-38
-38
-38
-37
-35
-35
-34
-34
-32
-30
-29
-27
-25
-26
-25
-22
-21
-19
-18
-17
-15
-13
-10
-7
-4
-2
0
3
4
7
9
10
12
12
14
15
17
20
23
24
26
27
28
27
27
29
28
30
31
31
31
31
32
30
30
30
29
29
28
27
27
25
24
23
21
19
17
16
14
12
10
8
6
3
0
-3
-4
-6
-8
-9
-12
-14
-17
-18
-20
-22
-23
-24
-26
-27
-28
-28
-28
-29
-30
-32
-31
-32
-32
-32
-31
-29
-29
-28
-26
-25
-23
-23
-22
-20
-18
-16
-15
-13
-11
-9
-8
-6
-5
-3
-2
1
3
4
6
7
9
10
11
14
17
18
17
19
20
21
21
21
22
22
22
23
23
25
25
25
25
26
26
26
25
26
24
25
24
22
21
20
20
18
16
14
13
13
10
9
6
5
2
1
1
-2
-3
-5
-8
-10
-11
-11
-13
-13
-16
-18
-18
-20
-20
-21
-20
-21
-22
-23
-23
-23
-24
-24
-24
-24
-24
-24
-23
-23
-22
-21
-21
-21
-19
-17
-17
-16
-15
-14
-12
-11
-9
-8
-6
-4
-4
-3
0
0
4
4
5
7
8
10
12
13
13
15
15
16
17
17
18
19
20
20
19
20
20
20
20
20
21
22
20
20
20
19
18
17
15
14
12
12
10
10
8
6
5
4
1
1
0
-2
-2
-3
-4
-6
-7
-7
-8
-9
-10
-11
-11
-12
-11
-12
-13
-12
-13
-11
-13
-12
-12
-14
-14
-14
-12
-13
-13
-12
-13
-12
-11
-12
-10
-9
-8
-9
-8
-6
-6
-6
-5
-3
-3
-1
-1
-1
0
1
0
1
2
3
4
4
5
5
7
8
8
7
8
8
8
9
9
8
8
9
8
9
9
8
8
8
9
8
8
7
8
7
6
7
6
6
7
6
7
6
4
4
2
0
0
-1
-2
-2
-3
-3
-4
-4
-4
-6
-6
-6
-7
-7
-8
-8
-10
-10
-9
-9
-9
-9
-9
-10
-10
-10
-10
-9
-9
-9
-8
-8
-8
-6
-6
-7
-6
-6
-6
-6
-4
-4
-4
-2
-3
-3
-2
-1
1
1
1
2
3
3
4
5
6
6
6
7
8
7
8
8
9
8
8
9
10
10
10
9
9
8
10
10
10
9
8
9
8
7
7
5
5
6
5
4
4
4
4
4
2
2
2
2
2
2
0
1
1
1
0
0
0
-2
-1
-2
-2
-2
-3
-3
-4
-3
-4
-4
-3
-4
-5
-5
-5
-6
-6
-7
-7
-7
-6
-6
-5
-4
-5
-4
-5
-5
-6
-6
-6
-7
-7
-7
-7
-7
-7
-6
-6
-6
-6
-7
-6
-6
-5
-5
-6
-5
-5
-5
-4
-4
-2
-1
0
1
1
0
1
3
3
4
5
7
7
8
8
8
8
9
8
9
9
9
9
10
9
9
9
8
8
8
7
7
7
7
7
6
6
6
5
4
4
3
3
1
1
0
-1
-2
-3
-3
-5
-5
-5
-5
-7
-6
-7
-7
-7
-7
-7
-9
-8
-9
-12
-11
-11
-12
-12
-11
-11
-12
-11
-9
-9
-7
-9
-7
-6
-7
-6
-6
-6
-5
-5
-5
-4
-3
-3
-2
-2
0
0
0
0
2
1
2
3
4
5
4
5
5
7
9
10
10
11
10
10
11
10
11
12
13
13
13
13
12
14
14
15
14
16
15
14
14
13
13
11
11
10
9
8
6
4
4
2
2
1
-1
-3
-3
-5
-6
-7
-7
-9
-9
-9
-8
-9
-9
-8
-10
-10
-11
-11
-12
-11
-12
-13
-12
-13
-13
-12
-12
-11
-11
-11
-12
-10
-11
-10
