2
2
3
3
2
1
0
0
2
2
3
3
3
3
3
3
4
4
3
4
4
3
1
0
0
1
1
0
1
0
1
1
1
2
2
3
2
1
1
2
2
1
0
-1
0
1
0
-2
-2
-2
-1
-1
-2
-2
-2
-2
-2
-3
-4
-3
-3
-2
-2
-1
1
0
-1
-2
-1
1
0
0
0
2
1
2
1
0
-1
0
2
0
0
0
0
0
0
0
-2
-2
-1
-1
1
0
-1
-2
-2
-2
-3
-3
-3
-2
-3
-2
-2
-3
0
-2
-1
-1
-2
-1
-1
-1
-1
-2
0
0
-1
-1
-1
0
-1
-3
-4
-3
-1
-1
1
0
0
0
-1
0
0
0
1
0
0
1
2
3
4
3
2
2
2
3
4
5
5
6
5
4
2
2
2
2
1
1
-1
0
0
1
1
0
-1
0
-1
0
-1
0
0
0
0
1
0
1
2
2
2
3
0
1
1
1
3
3
4
2
1
0
1
0
-2
-2
-3
-3
-2
0
0
0
0
0
0
0
1
1
2
0
1
1
0
1
2
1
0
0
2
1
1
1
1
1
0
-2
-2
-1
-1
-1
-2
-1
-1
-1
-1
-1
-1
-2
0
-1
-1
-1
-1
0
0
-1
-1
-2
-1
0
-2
-3
-4
-2
-2
-3
-5
-5
-4
-4
-6
-5
-5
-4
-6
-6
-5
-5
-5
-5
-4
-4
-4
-2
-2
-2
-3
-4
-3
-2
-2
-3
-3
-2
-2
0
0
0
-1
-1
-2
-1
0
0
0
1
1
3
3
4
4
4
4
6
7
7
5
7
6
4
5
6
6
8
9
8
7
7
8
8
7
8
7
4
5
5
5
4
3
4
3
3
4
3
1
0
-2
-3
-2
-2
-2
-2
-4
-4
-6
-4
-4
-5
-5
-4
-3
-4
-4
-4
-2
-2
-3
-2
-3
-4
-4
-3
-4
-2
-2
-2
-2
-3
-2
-1
0
-1
-1
0
0
1
1
2
1
2
4
6
7
5
3
5
4
4
3
3
3
4
3
5
4
5
6
5
5
3
4
4
3
2
2
2
3
0
-1
-3
-6
-7
-7
-9
-13
-13
-13
-15
-12
-14
-13
-10
-9
-7
-7
-6
-5
-2
0
-3
-2
2
1
-1
-1
-1
-1
0
-1
-4
-5
-8
-13
-14
-15
-16
-16
-13
-11
-13
-15
-15
-12
-8
-3
0
1
8
13
17
19
21
23
25
21
24
24
23
24
19
20
20
15
12
13
11
8
7
7
2
-7
-7
-9
-13
-10
-5
-1
3
2
3
3
0
1
2
8
3
-2
5
6
8
12
13
9
8
6
3
2
0
-10
-16
-16
-15
-8
-4
-9
-14
-12
-16
-15
0
-8
-18
-6
-4
0
3
4
4
5
5
8
18
22
9
8
11
4
2
-5
-5
-8
-9
-17
-15
-8
-18
-17
-13
-13
-9
-17
-19
-10
-5
3
4
9
12
9
15
14
18
20
11
13
11
6
1
-7
-9
-11
-17
-11
-12
-13
-13
-13
-8
-9
-19
-24
-11
-12
-7
14
19
20
21
22
27
14
14
8
-5
10
12
0
1
-10
-8
-8
-12
-7
-11
-15
-30
-24
-5
-6
-18
-17
-13
-17
-4
5
18
17
-4
10
25
12
22
28
12
25
16
7
16
16
5
3
6
-3
-12
-17
-14
-16
-23
-20
-15
-19
-10
-15
-14
-18
-28
-18
-12
-1
14
14
17
14
26
36
16
30
24
-3
23
25
19
31
9
-14
-10
-5
-34
-12
-12
-42
-38
-24
-24
-27
-25
-30
-23
-17
-11
0
28
20
32
53
40
49
49
35
34
48
41
28
35
29
18
18
19
-4
-18
-18
-39
-20
-31
-61
-47
-46
-52
-27
-25
-31
-22
-21
14
18
23
20
14
19
14
24
33
34
28
35
42
35
21
9
-3
-5
-18
-20
-49
-46
-28
-61
-29
-15
-49
-29
-32
-52
-10
-29
-16
-13
-11
23
14
32
48
43
9
17
25
41
58
38
45
43
9
23
25
-1
4
-61
-25
-7
-46
-36
-32
-42
-46
-47
-25
-37
-37
3
-17
7
-6
-10
33
44
48
41
32
11
38
61
53
58
28
-4
-19
5
5
-30
-20
-34
-80
-35
9
-62
-47
-49
-91
-52
-30
-9
-29
13
-14
-6
13
27
0
-18
31
-3
49
57
56
78
58
44
80
20
-1
65
-24
-10
31
-5
-3
9
4
-54
-36
-58
-86
-53
-47
-42
-30
-21
-1
18
9
14
24
25
7
85
98
66
90
82
92
73
45
32
-2
18
-10
-42
2
-44
-72
-54
-84
-73
-98
-74
-54
-59
-46
-33
-26
-27
15
-2
-10
39
13
37
82
55
77
58
47
69
26
17
24
-5
-9
-33
-14
-10
-39
-21
-41
-59
-75
-79
-62
-68
-41
-38
-44
-16
1
9
-5
29
23
-24
48
47
32
71
81
60
63
64
35
31
37
11
-17
18
-52
-34
0
5
2
-48
-65
-84
-81
-93
-46
-38
-63
-24
0
-9
36
23
5
11
1
22
65
75
87
39
60
31
28
59
-27
30
24
-43
35
7
-34
-11
17
-70
-69
-33
-115
-32
-12
-40
-3
-23
-46
37
-27
19
6
-5
64
72
109
68
35
-1
12
-5
18
31
0
25
20
-3
64
18
-86
-33
-71
-106
-22
-50
23
35
12
17
26
0
7
-10
-21
7
-28
10
8
43
63
34
-34
28
8
-52
17
-18
2
10
15
-46
-56
-13
-83
-29
0
-1
-33
35
-7
-6
19
-14
-31
6
20
-32
39
-27
77
4
65
24
-11
54
-25
-4
0
36
-4
66
47
39
38
6
26
-27
-54
-55
-72
-73
-41
-102
-22
24
-105
1
4
-51
4
-36
22
39
40
104
78
75
77
82
49
118
49
30
27
-7
-23
3
-28
-90
-48
-118
-68
-79
-105
-18
-103
-118
-90
-88
-117
-95
-46
-90
37
75
40
156
136
37
145
69
69
101
106
36
65
97
30
108
79
-38
-7
-28
-160
-125
-143
-121
-133
-140
-32
-148
7
-45
-71
43
-40
10
9
50
80
131
102
142
117
106
124
132
90
90
113
-2
-2
-9
-78
-43
-95
-105
-112
-102
-89
-161
-91
-41
-51
-63
-58
-9
-15
-4
48
67
56
152
56
134
187
30
162
74
66
70
-16
19
20
14
-28
-12
-44
-137
-85
-121
-92
-141
-153
-83
-99
-116
32
-55
26
52
-48
38
39
100
93
56
95
121
6
118
12
80
31
-32
17
43
86
-43
36
-99
-33
-122
-129
-48
-21
-119
11
-48
-124
87
-191
-21
-58
-48
-44
-31
83
-2
196
137
92
100
156
9
170
14
17
70
-36
46
18
76
-51
-4
-57
-115
-74
-184
-104
-132
-179
-27
-86
-99
63
-86
-29
-2
-137
50
-24
47
82
116
25
125
127
62
208
171
61
113
57
11
98
-106
48
-173
-109
-95
-299
8
-93
-123
-53
-122
-134
-64
-137
16
34
13
19
68
199
118
316
114
198
172
25
125
95
65
35
-67
-31
-79
-154
76
-119
-32
-131
-134
-73
-214
-2
-58
-103
-5
-42
5
63
69
103
58
51
47
26
187
144
24
188
-31
71
62
66
30
0
54
-118
46
-161
-74
-63
-196
-162
-74
-182
-35
22
-106
52
-120
-51
-1
15
-73
70
74
-19
48
176
20
195
71
77
159
-9
112
-85
129
-62
-113
-50
-33
-183
-70
-118
-135
-67
-107
-63
-111
-3
-93
-6
-46
33
112
-27
126
52
18
75
17
66
118
64
128
83
83
18
-44
164
-139
1
97
-286
7
-106
-111
25
-70
47
-92
-35
108
-93
9
99
-105
106
-139
99
21
116
126
27
120
-49
63
-75
-40
97
-45
-91
175
-102
73
76
-32
60
-121
43
-157
-2
-22
-157
21
-137
24
-45
51
80
-53
67
53
-89
67
-20
-9
69
-126
217
87
88
271
-5
222
-50
-27
50
-172
-112
-205
-120
-163
-66
-127
-122
-37
-107
-74
5
1
-87
53
-45
3
126
84
73
224
118
64
250
75
111
191
36
-33
49
-99
-93
37
-132
-9
-44
-247
-134
-68
-184
-83
-79
-147
-165
58
-19
74
160
70
69
62
117
97
215
108
47
24
147
-84
152
92
-77
16
-125
47
-20
42
-136
-56
-62
-243
-42
-213
-160
-53
-13
-91
192
60
-6
34
-9
13
-8
51
-66
85
-25
75
145
60
35
90
-11
40
-18
0
-16
-78
-6
-110
81
-104
-45
34
6
30
73
-22
-173
122
-198
-16
61
-78
82
23
54
60
110
26
88
-26
25
26
7
-47
-65
167
-79
128
-47
84
-22
-124
135
-135
64
-44
23
33
-21
54
-33
-60
77
-148
-153
93
-161
-45
25
-34
106
-20
18
-19
94
-30
-10
-2
-51
101
-74
30
37
94
-74
-15
35
-5
-21
38
9
-205
-38
-153
-177
-30
-60
-28
50
-50
0
93
14
49
20
-59
40
135
26
114
209
47
-159
55
49
-115
113
117
47
-51
235
-128
45
-35
-51
-91
-99
-6
-93
44
-88
89
-226
124
-58
-47
121
72
108
-136
204
-28
-14
110
33
-46
106
-71
-104
116
-45
14
-34
-39
-197
31
-31
-62
163
0
-177
30
-113
-49
2
49
-69
-77
166
11
-44
186
-56
39
44
64
80
-49
60
-171
-134
-125
-45
-159
-12
-27
0
-69
206
-33
-13
297
-228
267
-28
74
148
-31
250
-87
159
130
124
175
119
136
121
-165
-9
-209
-218
27
-387
-75
-109
-241
-65
-68
87
-184
197
-15
-204
265
-100
1
200
23
-11
238
93
151
48
244
50
-29
134
-198
-1
-258
-192
-44
-290
-25
-85
-106
-31
76
-119
-113
-47
-93
-28
81
75
-228
331
-7
-34
206
-15
146
46
24
39
18
-39
-102
-95
43
-53
72
137
-26
153
59
139
97
41
-107
-92
27
-195
50
-10
-127
-12
29
-130
279
-234
70
-93
-101
-14
-51
136
-94
143
-57
36
46
201
-115
304
-134
44
245
-111
76
-231
-1
-153
8
-126
-27
-79
-121
-184
18
-117
-139
147
-202
309
-41
127
44
90
-41
64
92
-202
279
-122
56
15
58
-74
53
-57
-86
152
-90
71
-229
198
-181
0
56
23
-54
16
-23
-40
178
-171
173
-28
100
106
100
-53
142
160
76
32
26
-42
-39
231
-89
51
241
-146
35
84
-109
-35
-4
-169
-27
-62
-12
6
-29
-130
-74
-140
-106
-25
-170
59
-119
-29
187
-29
-13
136
-191
120
9
189
73
16
150
-157
38
134
-128
90
-186
3
-103
-243
186
-354
-72
75
-326
46
118
-203
186
-65
-31
62
-17
130
-152
404
110
-7
285
-5
158
-46
15
66
15
30
-80
-94
194
-291
-101
-80
-9
-49
-55
237
-71
42
57
-199
47
-33
35
-20
-11
200
-65
15
272
-170
39
37
-163
15
-26
159
-196
207
-184
111
-65
-81
88
-203
-33
-3
-71
18
59
-78
118
-150
-61
-171
-60
25
-150
82
-57
-86
106
89
75
179
-2
123
39
101
-111
115
119
-219
51
-58
59
-27
201
-87
-109
-2
-32
-96
130
-61
52
-63
-140
129
-23
285
-104
150
23
-91
-54
-5
28
86
-75
-46
113
-23
95
-144
106
-150
-255
134
-82
63
129
30
62
76
-49
168
118
81
129
-39
22
99
-159
23
-71
27
-19
-160
56
-149
-209
14
-25
-132
-8
-38
-125
-52
135
95
-47
121
22
-44
197
221
-90
25
-89
-14
29
42
42
117
26
-119
71
-155
79
-80
-204
0
58
73
-145
25
35
-40
-85
-14
-169
99
-120
-83
311
-151
168
-205
12
-84
47
81
-159
197
-115
138
26
210
-39
-154
-5
-133
-46
171
100
-194
208
-299
-143
-9
-3
-16
-291
334
-226
37
-3
-33
-51
-73
-35
140
137
250
-10
85
193
-142
-42
51
-166
118
-69
11
232
1
-28
-134
376
-331
-76
129
-198
225
-69
-170
123
107
-136
-127
148
-150
127
27
-148
19
225
-238
-54
54
57
82
-98
436
-87
216
16
-332
313
-16
-236
238
-33
23
-3
-21
-71
56
-121
-124
-27
56
-173
-88
141
-275
95
-217
183
4
144
61
-72
319
-241
127
162
128
150
-18
173
118
-68
243
-246
-113
3
-450
-46
9
-195
184
-160
-38
44
9
158
24
265
-208
53
-104
-126
-65
-70
-22
34
-85
240
-28
81
241
-137
286
-237
-161
103
-70
-89
179
157
-123
-134
64
-125
-111
458
-386
369
-32
-144
47
-162
-34
-318
83
-164
60
-165
237
-85
91
4
-79
156
-362
348
-442
336
86
0
11
132
51
-111
32
-7
117
-472
256
-287
114
120
-175
-92
-47
104
-92
-21
-15
-24
35
13
97
158
-54
-162
-55
-131
174
60
65
258
-137
47
217
20
-7
3
-47
-209
3
-50
-189
204
-34
-202
202
19
30
-45
-54
52
-15
135
-56
62
68
-72
-2
-36
222
192
-212
402
-66
50
162
-219
23
-67
-160
62
-252
240
-242
-44
224
-165
82
-11
70
174
14
153
5
-131
123
-419
350
-103
15
207
-245
170
3
-134
233
-157
18
74
-6
-25
-66
-29
45
-170
96
-87
-86
48
-82
-40
102
152
-258
103
-97
-91
244
-150
125
-57
-63
261
-261
81
127
-123
-180
-49
-87
196
69
-158
104
-83
167
-68
206
-132
51
-282
-80
373
-452
250
-91
-204
84
89
25
142
-86
-4
-138
117
117
-26
11
48
34
-183
105
44
25
-215
136
-160
144
-10
-159
192
-118
381
-375
231
-16
-36
105
-110
151
-423
-142
-179
39
-128
147
-181
236
-84
-27
243
29
198
-181
-89
-21
39
-126
44
276
-143
-184
281
-488
364
-63
-173
509
-619
335
-258
-44
330
-146
107
67
-120
129
-58
178
158
-211
282
-322
272
63
-70
406
-357
283
-101
-139
226
-363
50
-462
77
119
-295
330
-21
-155
486
-315
321
152
-298
367
-504
560
1
-17
83
41
-134
14
-14
106
-15
-208
158
-334
260
-469
277
-100
60
232
-366
369
-186
-224
96
-103
188
-93
-213
266
-82
52
239
-216
345
-273
103
256
-325
293
-265
-132
71
-123
-38
-43
48
-60
-142
356
-153
-75
124
-323
149
-203
64
65
105
132
-91
189
71
-123
268
-218
65
32
-284
160
-22
56
225
-95
42
-76
15
125
-202
137
-231
-32
-187
11
-1
-41
236
-381
253
-17
-259
231
-161
132
128
-21
244
-131
-185
161
-126
64
21
7
-110
-100
143
-225
103
-321
-120
-145
-46
346
-24
201
77
-370
34
-77
54
-14
-166
167
-49
66
312
33
42
-87
-204
79
209
97
60
34
-255
16
-145
-224
396
-113
-339
587
-268
152
73
-7
95
-103
-63
81
97
132
123
59
-55
-125
-309
64
-224
347
-194
-25
222
-262
78
-145
197
-192
288
0
165
230
24
162
-253
159
-132
142
-353
327
-99
-69
280
-333
251
-387
-1
-248
142
-149
63
43
16
149
-124
92
-193
168
-137
154
-61
310
7
-178
175
-277
310
-304
381
-333
241
-65
41
95
-430
57
-435
-37
-22
110
-211
228
-77
24
378
-263
488
-404
89
-162
53
-111
414
-44
-292
330
-151
154
11
61
16
191
-205
419
-274
94
140
-518
305
-341
40
-16
-315
349
-262
-363
343
-253
-225
227
-113
334
-108
251
34
-76
150
107
-324
115
393
-472
218
445
-287
109
-16
-107
300
-481
64
129
-688
458
-349
-298
271
41
-422
240
139
-117
215
108
59
39
140
-131
124
-275
155
-149
102
206
-63
310
-222
77
-86
-108
138
-67
-171
-20
-26
-12
-60
-188
80
-148
80
149
86
148
-41
65
-91
-5
167
-232
-51
-79
9
-87
172
255
-178
190
-91
66
-8
-6
180
-300
118
239
-307
234
120
-446
114
11
-238
171
13
170
-83
-139
258
-331
294
-131
125
-120
51
358
-636
487
-72
-331
285
-69
-36
52
160
-85
356
-236
51
-201
149
-130
-123
109
-272
334
-313
65
102
-83
-73
-37
-115
240
-168
408
-318
269
-294
92
119
-174
321
-619
451
-196
56
-53
437
-506
131
42
-367
670
-410
356
-210
140
-325
156
1
-109
248
-309
326
-269
377
-69
-141
209
-131
-83
79
16
-64
331
-574
206
109
-284
86
108
-118
-157
277
-154
164
-126
57
44
-14
197
-97
55
19
57
-266
300
-110
-159
116
-157
82
-111
57
-164
-80
-19
24
-156
186
118
-314
248
17
41
-52
226
49
-241
311
-82
72
94
-239
-16
-36
-62
190
-248
337
-163
-149
11
-33
16
-27
-165
176
-209
20
-68
-38
127
-87
203
-239
309
16
-156
175
224
-379
219
-71
58
9
-9
-50
-86
194
-218
95
195
3
-339
103
-127
89
-154
154
-100
43
-88
-13
106
75
125
-317
388
-305
143
24
242
-216
267
-306
183
265
-285
341
-135
127
-285
303
-450
307
-111
-88
-99
31
72
-361
236
-127
162
-291
328
-70
-112
172
-123
71
118
-1
-143
238
-120
76
90
-72
164
-223
104
148
-205
26
69
-97
-197
314
-279
84
160
-377
99
-62
-148
-8
89
-138
201
-222
180
-30
-22
196
-170
147
-33
41
42
-3
-18
197
-272
8
50
24
182
-195
172
-67
-42
-81
363
-314
214
-25
-374
293
-68
-101
301
-16
-256
279
-272
145
110
-289
27
-7
-64
40
5
5
73
-198
-91
153
-23
123
-96
275
-40
-101
43
154
-189
39
23
-191
386
-213
-83
31
67
-349
8
-43
-39
-2
-225
213
-197
176
-84
132
-30
45
-22
-6
179
35
-27
-36
329
-193
30
97
117
-297
-23
91
-118
164
-104
-194
16
91
-417
33
134
-31
-176
73
64
-61
102
-91
89
83
100
-134
329
118
-108
83
74
36
82
-33
15
257
-120
90
17
41
-130
-68
-81
93
53
-167
26
76
17
-206
231
56
-60
22
-8
8
168
3
-173
216
-43
-237
56
179
-40
-48
-200
4
16
-214
70
35
-44
-104
-235
-26
82
-250
-159
137
-119
-11
65
-93
93
-125
-379
-9
48
-170
38
-63
81
-114
-373
51
-55
-228
-112
-52
21
186
77
-28
248
15
-65
117
374
547
341
446
653
419
267
439
308
344
360
273
479
446
308
77
81
44
-181
-227
-5
-31
-151
-205
-269
-278
-316
-517
-539
-267
-446
-424
-239
-73
-283
-331
-334
-356
-229
-219
-137
-43
5
-190
-401
-238
-154
-421
-461
-117
-232
-492
-292
-218
-360
-473
-357
-584
-376
-155
-393
-281
-21
-138
-349
-7
279
264
457
804
765
597
767
752
798
1088
1121
1152
1416
1494
1228
1143
1119
907
464
490
661
547
523
442
159
-97
-306
-698
-619
-623
-748
-815
-722
-643
-816
-902
-917
-859
-952
-703
-513
-300
-128
-203
-338
-132
-195
-432
-105
32
-66
-31
-4
-69
-145
-384
-573
-606
-487
-591
-820
-637
-613
-907
-992
-881
-980
-913
-831
-665
-258
-145
-94
-2
87
181
302
675
1272
1438
1417
1533
1574
1527
1530
1502
1694
1789
1629
1617
1716
1668
1169
626
343
226
18
65
196
149
-42
-447
-607
-605
-712
-902
-867
-592
-503
-491
-279
-178
-418
-549
-511
-347
-111
-21
-54
103
96
-121
-209
-158
-137
-405
-468
-322
-316
-590
-733
-937
-1130
-1190
-1387
-1291
-1093
-1149
-1413
-1319
-1256
-1369
-1461
-1317
-1006
-922
-846
-563
-319
-162
-129
-189
184
606
820
1210
1808
1997
1780
1551
1649
1829
1820
1919
2070
2228
2164
1900
1783
1748
1257
592
366
413
476
475
388
202
-172
-706
-1004
-866
-653
-633
-585
-385
-245
-374
-455
-361
-341
-358
-238
83
398
482
339
200
151
-4
-246
-257
-124
-251
-453
-487
-601
-858
-1092
-1298
-1399
-1404
-1478
-1558
-1520
-1571
-1712
-1685
-1577
-1509
-1502
-1313
-1106
-986
-863
-695
-527
-595
-428
-361
-69
353
459
555
870
956
1117
1642
1904
1914
1692
1692
1825
2086
2270
2302
2360
2235
1939
1870
2148
2133
1573
923
694
547
552
531
252
-68
-661
-1228
-1195
-875
-964
-1172
-1265
-1086
-820
-714
-528
-443
-634
-795
-532
6
600
663
480
532
434
195
167
259
92
-168
-342
-264
-293
-647
-1117
-1439
-1556
-1756
-1996
-1953
-1739
-1877
-2107
-1930
-1737
-1798
-1883
-1790
-1389
-978
-813
-697
-500
-386
-389
-247
287
624
549
530
664
968
1164
1657
2200
2380
2044
1637
1793
2200
2350
2312
2403
2541
2468
2127
2245
2431
2013
1172
504
435
562
521
328
86
-476
-1291
-1797
-1570
-1322
-1482
-1785
-1723
-1376
-1169
-1015
-891
-672
-796
-856
-396
388
854
754
717
856
897
733
742
794
669
216
-71
31
-20
-456
-1047
-1245
-1368
-1734
-2118
-2223
-2180
-2255
-2376
-2203
-1929
-1954
-2174
-2107
-1637
-1309
-1172
-915
-576
-422
-394
-211
160
463
473
539
903
1295
1251
1295
2035
2614
2510
2058
1935
2242
2440
2429
2650
3080
3094
2475
2031
2369
2548
1956
1209
802
649
515
321
230
-55
-871
-1910
-2179
-1729
-1563
-1812
-1983
-1835
-1785
-1833
-1702
-1283
-917
-937
-810
-141
590
659
524
745
948
813
696
903
1101
904
402
178
208
-81
-773
-1090
-911
-1100
-1749
-2186
-2199
-2183
-2287
-2266
-1995
-1850
-2064
-2296
-1998
-1397
-1234
-1224
-881
-462
-420
-459
-192
151
248
135
314
759
1082
1173
1637
2538
2720
2019
1453
1652
2204
2620
2943
3419
3579
3072
2385
2346
2815
2602
1711
1100
1002
1020
858
566
140
-806
-2010
-2662
-2298
-1690
-1821
-2362
-2542
-2402
-2485
-2550
-2250
-1694
-1336
-1148
-583
298
708
488
399
839
1319
1411
1477
1695
1734
1314
856
784
828
428
-169
-362
-326
-762
-1616
-2227
-2331
-2208
-2246
-2226
-2133
-2192
-2462
-2625
-2227
-1759
-1696
-1670
-1322
-811
-558
-552
-417
-221
-176
-60
439
1092
1291
1125
1522
2650
3298
2815
1997
1854
2361
2795
3209
3802
4150
3632
2601
2317
2961
3142
2161
959
453
641
664
364
-121
-1096
-2547
-3608
-3322
-2278
-2005
-2694
-3252
-3176
-2998
-3034
-2873
-2235
-1668
-1370
-662
590
1374
1015
445
739
1617
2147
2283
2451
2504
1996
1285
1189
1455
1091
98
-454
-252
-297
-1195
-2218
-2583
-2507
-2549
-2616
-2380
-2271
-2730
-3206
-2818
-1912
-1482
-1623
-1532
-979
-606
-529
-448
-152
-10
-41
428
1489
2039
1514
999
1635
2792
3029
2511
2273
2572
2689
2570
2954
3792
3883
2765
1907
2407
3171
2638
1267
389
285
215
-97
-267
-622
-1870
-3538
-3995
-2981
-2168
-2601
-3309
-3292
-3019
-3146
-3200
-2497
-1618
-1324
-1018
258
1743
1873
1019
889
1741
2433
2576
2805
3220
2993
1958
1320
1705
1848
840
-261
-314
-49
-742
-1923
-2467
-2370
-2476
-2925
-2944
-2476
-2514
-3186
-3238
-2278
-1501
-1623
-1768
-1287
-748
-710
-728
-267
245
205
71
682
1496
1277
583
934
2317
2981
2306
1648
1837
2251
2182
2211
2994
3657
2974
1826
1917
2847
2760
1414
399
431
673
394
-29
-297
-1122
-2717
-3678
-2918
-1716
-1835
-2797
-3098
-2680
-2565
-2818
-2524
-1589
-996
-858
-64
1413
2039
1276
719
1473
2567
2863
2707
2864
2934
2204
1328
1404
1924
1407
30
-597
-271
-419
-1567
-2542
-2510
-2172
-2426
-2840
-2629
-2361
-2780
-3174
-2401
-1106
-836
-1452
-1637
-1053
-579
-561
-368
218
420
-8
-139
474
749
91
-193
959
2332
2260
1268
870
1272
1416
1264
1952
3265
3506
2343
1670
2475
3063
2056
764
691
1370
1420
801
445
-22
-1486
-3091
-2948
-1388
-767
-1810
-2774
-2621
-2383
-2800
-2912
-1957
-980
-961
-895
343
1560
1188
149
426
1862
2688
2552
2502
2733
2276
1207
981
1893
2231
1032
-214
-220
1
-796
-1886
-2023
-1556
-1703
-2336
-2336
-1866
-2104
-2915
-2735
-1408
-662
-1174
-1704
-1402
-1005
-1131
-1126
-447
99
-288
-911
-661
-96
-454
-1055
-280
1489
2177
1353
599
855
1213
1102
1569
3118
4234
3491
2231
2414
3342
3013
1725
1294
1967
2281
1620
963
584
-530
-2435
-3195
-1835
-401
-885
-2383
-2999
-2836
-3099
-3470
-2767
-1391
-907
-1245
-806
510
953
128
-110
1196
2624
2859
2548
2612
2518
1666
1039
1725
2700
2204
665
-107
89
-228
-1330
-1907
-1428
-1093
-1701
-2317
-2173
-2095
-2787
-3083
-1989
-696
-767
-1679
-1924
-1493
-1342
-1461
-1039
-206
-101
-868
-1247
-808
-757
-1468
-1433
270
1991
1904
681
125
459
704
1014
2369
4140
4331
2820
1922
2718
3412
2675
1792
2157
2925
2664
1691
1097
481
-1082
-2624
-2205
-308
375
-1034
-2618
-2962
-2920
-3296
-3152
-1866
-765
-1014
-1484
-744
301
126
-539
121
1825
2709
2281
1841
1929
1653
943
1093
2295
2742
1487
-39
-293
-30
-577
-1432
-1326
-542
-602
-1580
-2116
-1958
-2178
-2687
-2144
-583
121
-807
-1921
-1958
-1497
-1427
-1384
-768
-239
-742
-1652
-1810
-1488
-1888
-2532
-1758
518
2042
1387
-153
-752
-315
328
1436
3345
4819
4257
2462
1966
3249
4134
3540
2893
3261
3672
3077
2118
1558
722
-916
-2030
-1102
672
610
-1506
-3355
-3699
-3493
-3470
-2903
-1716
-1307
-2183
-2733
-1801
-571
-445
-724
78
1585
2193
1703
1366
1593
1554
1290
1912
3181
3303
1737
175
-7
402
154
-351
-174
252
-265
-1495
-2104
-1996
-2130
-2413
-1786
-567
-387
-1609
-2761
-2802
-2311
-2015
-1704
-1151
-942
-1613
-2496
-2649
-2393
-2586
-2835
-1835
442
2097
1680
45
-983
-680
589
2419
4392
5485
4776
2993
2255
3426
4943
5174
4478
3954
3696
3202
2513
1910
1124
-159
-1205
-878
337
412
-1479
-3712
-4519
-4035
-3360
-2742
-2165
-2235
-3184
-3824
-3022
-1428
-472
-378
-174
596
1260
1266
1110
1380
1758
1923
2442
3411
3653
2432
767
170
673
1116
947
681
562
-40
-1213
-1948
-1832
-1676
-1873
-1760
-1152
-1028
-1907
-2964
-3267
-2947
-2584
-2235
-1806
-1697
-2278
-3067
-3351
-3172
-3024
-2867
-2155
-722
870
1602
978
-270
-742
372
2541
4484
5370
5175
4289
3335
3308
4652
6258
6508
5271
3837
3211
3076
2560
1617
785
182
-458
-823
-707
-1065
-2737
-4726
-5265
-4228
-3149
-3063
-3512
-3855
-4177
-4272
-3304
-1346
70
7
-491
-119
884
1499
1674
2165
2956
3304
3220
3322
3467
2835
1606
1077
1642
2189
1798
901
230
-393
-1304
-1889
-1632
-1239
-1547
-2209
-2498
-2584
-3027
-3545
-3544
-3163
-2967
-3048
-3015
-2918
-3106
-3472
-3503
-3101
-2621
-2205
-1652
-777
343
1380
1729
1364
1069
1638
2968
4300
5069
5323
5297
4912
4473
4776
5934
6626
5811
4188
3056
2678
2304
1581
1000
661
-170
-1546
-2349
-2322
-2738
-4149
-5208
-4872
-4043
-3991
-4408
-4350
-4031
-4067
-3817
-2376
-507
222
-305
-560
351
1544
2101
2496
3321
3860
3450
2929
3153
3521
3121
2271
2002
2341
2183
1131
140
-164
-436
-1071
-1453
-1388
-1681
-2609
-3335
-3321
-3089
-3290
-3789
-4002
-3850
-3770
-3852
-3704
-3381
-3368
-3523
-3225
-2452
-1870
-1641
-1338
-642
457
1837
2947
3087
2363
1801
2408
4012
5540
6226
6218
5770
4892
4243
4740
5948
6181
4818
3040
2123
1858
1402
802
406
-240
-1635
-2927
-3130
-2936
-3645
-4924
-5344
-4719
-4265
-4435
-4364
-3816
-3569
-3639
-2920
-1236
100
230
-48
400
1392
2095
2531
3325
4108
3916
3094
2937
3530
3683
3078
2601
2520
2029
917
147
277
387
-418
-1531
-2075
-2369
-3035
-3624
-3481
-3169
-3611
-4496
-4864
-4579
-4312
-4345
-4226
-3737
-3304
-3197
-2953
-2212
-1500
-1304
-1058
-179
986
1887
2667
3308
3320
2783
2712
3773
5266
6066
5975
5646
5265
4571
4092
4629
5522
5309
3787
2138
1263
931
598
247
-35
-775
-2324
-3773
-4072
-3674
-3747
-4328
-4578
-4388
-4376
-4525
-4164
-3226
-2495
-2262
-1840
-837
124
387
379
894
1865
2625
3036
3458
3757
3471
2825
2651
3186
3637
3325
2546
1918
1362
610
8
-49
42
-508
-1679
-2709
-3170
-3394
-3665
-3771
-3666
-3799
-4439
-5103
-5122
-4578
-4059
-3737
-3303
-2752
-2517
-2551
-2236
-1369
-474
72
520
1265
2208
2938
3204
3199
3244
3510
4067
4925
5717
5839
5208
4372
3923
4058
4569
4890
4487
3217
1549
367
181
550
618
-1
-1174
-2587
-3637
-3834
-3353
-2923
-3014
-3484
-3907
-4012
-3744
-3140
-2383
-1787
-1519
-1326
-861
-186
335
612
1000
1626
2213
2524
2659
2666
2447
2171
2223
2670
2985
2635
1747
901
343
13
-74
33
-132
-973
-2190
-3082
-3316
-3170
-3042
-3092
-3321
-3790
-4403
-4718
-4404
-3696
-3119
-2799
-2522
-2249
-2098
-1921
-1440
-649
198
863
1365
1818
2268
2642
2917
3196
3581
4042
4463
4697
4685
4459
4160
3933
3870
3985
4043
3654
2737
1626
770
445
527
576
200
-672
-1812
-2753
-3023
-2636
-2148
-2065
-2453
-3010
-3364
-3293
-2779
-2050
-1452
-1205
-1189
-1091
-743
-242
224
632
1009
1334
1529
1592
1595
1569
1563
1630
1771
1850
1681
1204
631
205
-14
-102
-168
-346
-809
-1495
-2117
-2466
-2538
-2455
-2398
-2486
-2728
-3058
-3319
-3324
-3016
-2559
-2148
-1882
-1765
-1714
-1577
-1217
-636
22
544
855
1087
1408
1851
2298
2651
2883
3061
3238
3430
3582
3636
3549
3356
3175
3110
3111
2964
2500
1806
1138
680
472
411
283
-133
-849
-1577
-1934
-1836
-1568
-1463
-1610
-1912
-2215
-2344
-2130
-1616
-1108
-869
-843
-808
-638
-362
-2
400
740
899
868
811
863
949
967
960
986
935
722
458
259
114
-66
-282
-430
-529
-733
-1074
-1383
-1544
-1642
-1719
-1708
-1647
-1697
-1915
-2140
-2197
-2092
-1926
-1750
-1593
-1488
-1442
-1348
-1078
-684
-341
-113
123
446
783
1108
1474
1825
2035
2118
2232
2447
2654
2717
2690
2655
2586
2416
2209
2066
1902
1611
1249
932
679
406
111
-133
-318
-516
-750
-936
-1023
-1078
-1156
-1215
-1207
-1159
-1123
-1078
-963
-770
-564
-360
-154
24
147
235
341
487
632
750
799
745
609
477
424
420
413
377
279
85
-170
-362
-425
-445
-526
-675
-836
-982
-1113
-1203
-1209
-1192
-1257
-1409
-1537
-1592
-1624
-1666
-1651
-1551
-1442
-1375
-1310
-1157
-949
-748
-513
-174
176
414
571
774
1050
1292
1486
1663
1799
1823
1742
1665
1637
1586
1455
1285
1135
984
775
556
386
253
105
-26
-94
-132
-216
-319
-356
-319
-293
-320
-341
-309
-248
-180
-63
99
225
289
350
475
616
711
764
804
823
806
782
806
840
786
644
516
440
360
248
166
124
32
-150
-347
-485
-579
-674
-741
-768
-816
-953
-1146
-1294
-1360
-1388
-1419
-1447
-1489
-1566
-1658
-1683
-1594
-1444
-1291
-1132
-954
-769
-608
-455
-260
-18
239
479
687
845
933
976
1016
1063
1099
1097
1030
907
754
603
457
318
188
57
-79
-219
-349
-449
-489
-484
-458
-413
-333
-241
-159
-76
53
229
422
598
758
912
1039
1129
1208
1287
1336
1341
1314
1268
1203
1115
1020
929
841
738
609
465
335
228
154
121
122
105
15
-119
-227
-277
-288
-294
-331
-420
-565
-738
-894
-1000
-1067
-1122
-1178
-1263
-1372
-1480
-1551
-1546
-1474
-1346
-1203
-1090
-1028
-993
-933
-802
-598
-369
-166
-32
23
30
48
118
214
293
329
321
258
150
43
-14
-19
-6
0
-15
-65
-150
-224
-234
-160
-39
74
149
199
234
282
385
543
726
877
970
1021
1038
1034
1040
1081
1147
1192
1179
1111
1008
899
808
773
779
771
693
559
425
335
309
326
358
362
305
192
91
42
37
29
2
-63
-169
-310
-452
-543
-580
-600
-651
-736
-831
-916
-981
-1003
-969
-900
-850
-852
-871
-879
-858
-806
-707
-575
-466
-426
-450
-474
-468
-438
-398
-348
-312
-333
-414
-510
-554
-539
-504
-470
-437
-415
-417
-441
-434
-356
-235
-95
36
158
261
336
411
538
716
901
1036
1112
1149
1151
1139
1151
1206
1276
1300
1245
1137
1009
880
777
723
703
663
557
402
252
143
78
62
85
103
61
-37
-140
-202
-221
-225
-236
-261
-317
-413
-513
-572
-580
-579
-592
-609
-618
-636
-666
-673
-636
-572
-516
-483
-452
-429
-419
-395
-321
-208
-118
-88
-103
-127
-145
-159
-142
-104
-82
-115
-193
-261
-292
-298
-302
-290
-270
-275
-300
-316
-297
-244
-182
-103
1
99
173
240
322
425
523
612
701
770
795
789
789
816
848
857
844
799
721
616
517
459
431
396
335
247
140
29
-59
-94
-90
-81
-93
-132
-195
-256
-299
-305
-287
-273
-280
-311
-355
-396
-417
-412
-384
-360
-346
-356
-371
-379
-368
-338
-298
-257
-230
-223
-232
-232
-222
-192
-153
-115
-98
-104
-130
-161
-169
-153
-125
-108
-114
-134
-149
-153
-140
-106
-63
-28
-6
9
32
66
106
148
205
272
336
375
397
418
442
463
486
510
524
515
483
451
435
427
402
364
320
273
216
170
137
109
78
40
1
-36
-76
-118
-139
-140
-139
-147
-166
-189
-221
-253
-266
-258
-243
-246
-269
-288
-301
-305
-301
-287
-269
-263
-271
-268
-255
-245
-238
-232
-213
-199
-199
-205
-205
-202
-203
-197
-181
-167
-168
-182
-189
-184
-172
-157
-131
-102
-73
-53
-33
-5
34
77
130
185
234
267
289
318
354
394
434
472
503
514
508
503
506
514
512
496
476
453
423
382
338
301
264
224
185
150
116
71
18
-24
-49
-66
-88
-115
-140
-165
-188
-200
-203
-205
-215
-235
-253
-256
-257
-263
-270
-278
-281
-289
-296
-298
-289
-285
-285
-282
-270
-254
-245
-236
-219
-198
-187
-178
-170
-163
-154
-150
-145
-134
-130
-132
-131
-130
-123
-116
-105
-93
-78
-62
-47
-37
-22
2
28
56
82
109
144
178
207
231
255
280
301
321
348
376
393
396
389
389
393
385
376
366
353
328
305
289
275
246
208
178
154
130
92
55
29
0
-37
-74
-105
-138
-171
-202
-223
-236
-256
-282
-305
-323
-337
-343
-340
-326
-318
-317
-311
-298
-278
-258
-234
-202
-170
-145
-121
-99
-79
-63
-51
-39
-26
-15
-4
5
6
-4
-14
-17
-15
-9
-4
-5
-14
-26
-33
-27
-14
-7
-9
-7
0
15
37
64
94
114
122
131
154
186
221
249
274
294
299
297
299
306
310
311
310
310
303
280
248
214
190
170
156
140
114
73
25
-22
-52
-71
-94
-119
-151
-184
-218
-246
-264
-275
-280
-286
-292
-298
-301
-304
-297
-279
-259
-241
-225
-209
-186
-165
-144
-117
-88
-61
-47
-39
-33
-30
-27
-15
-4
2
-2
-17
-38
-51
-58
-54
-46
-45
-56
-74
-85
-86
-79
-68
-55
-48
-41
-31
-10
25
58
86
112
141
172
202
235
269
302
327
349
366
379
382
387
395
406
415
415
404
378
342
309
289
271
249
211
163
105
46
-5
-46
-74
-110
-154
-199
-241
-280
-313
-336
-346
-350
-361
-367
-371
-376
-379
-373
-351
-318
-289
-269
-253
-239
-225
-210
-184
-149
-122
-111
-110
-108
-101
-90
-82
-77
-71
-68
-73
-84
-93
-97
-100
-103
-102
-98
-97
-103
-110
-108
-95
-73
-51
-27
-4
14
35
66
106
154
199
240
273
300
327
354
389
426
455
476
489
496
503
508
514
519
513
493
467
440
411
384
345
298
249
196
144
90
39
-14
-65
-117
-171
-217
-259
-298
-332
-360
-382
-396
-403
-409
-415
-423
-421
-401
-371
-341
-318
-304
-293
-281
-264
-238
-208
-185
-177
-177
-177
-175
-179
-181
-182
-182
-186
-197
-212
-230
-248
-263
-265
-259
-257
-260
-257
-248
-230
-209
-180
-142
-104
-70
-33
15
70
125
175
227
282
329
369
411
459
509
550
583
612
637
653
661
671
682
686
676
659
633
604
567
527
482
434
382
324
262
195
128
57
-11
-74
-132
-185
-235
-290
-343
-385
-418
-441
-454
-462
-470
-473
-478
-472
-450
-420
-397
-381
-362
-344
-323
-302
-273
-242
-226
-224
-223
-216
-206
-200
-193
-186
-186
-199
-218
-229
-234
-244
-255
-255
-250
-247
-251
-251
-242
-227
-209
-183
-145
-106
-74
-42
-2
43
87
134
183
233
277
321
364
407
444
474
505
535
562
581
595
607
614
609
600
588
569
548
521
489
454
412
364
312
256
201
145
89
38
-13
-64
-115
-161
-208
-251
-290
-319
-335
-342
-354
-368
-379
-384
-381
-370
-352
-334
-322
-313
-303
-287
-267
-254
-241
-227
-216
-209
-203
-199
-194
-192
-191
-187
-183
-184
-190
-192
-192
-185
-174
-161
-153
-148
-139
-122
-96
-66
-35
-8
17
42
67
99
135
168
201
233
265
293
313
333
351
373
388
400
412
416
414
405
394
383
369
350
329
309
286
255
217
180
139
102
66
30
-6
-46
-88
-124
-153
-177
-201
-226
-249
-265
-276
-280
-277
-274
-273
-273
-268
-252
-233
-214
-200
-188
-176
-169
-158
-144
-130
-120
-113
-109
-103
-101
-106
-110
-106
-100
-97
-97
-97
-96
-97
-92
-80
-62
-48
-39
-28
-12
10
33
59
86
110
129
148
171
195
216
235
257
277
290
297
301
307
305
305
308
311
308
290
267
245
228
209
192
175
150
116
81
47
15
-22
-58
-88
-115
-146
-183
-216
-248
-277
-302
-316
-323
-329
-342
-354
-358
-356
-349
-338
-322
-308
-295
-281
-260
-235
-212
-195
-176
-156
-135
-111
-89
-72
-62
-50
-35
-19
-5
4
13
24
33
45
57
67
75
85
101
120
138
152
166
178
195
213
235
256
271
279
289
304
320
328
334
341
347
345
338
332
326
317
306
296
287
269
241
218
200
182
159
136
114
85
53
21
-2
-26
-59
-94
-124
-146
-172
-205
-236
-261
-287
-312
-325
-331
-341
-359
-378
-389
-391
-392
-386
-373
-361
-356
-351
-340
-327
-311
-297
-276
-252
-236
-224
-213
-200
-182
-167
-147
-123
-102
-89
-78
-60
-37
-16
4
27
49
72
94
119
147
170
194
216
241
264
282
300
317
333
345
355
371
381
382
382
381
379
371
361
352
340
323
306
285
269
249
228
210
186
160
132
107
83
57
31
9
-16
-46
-78
-105
-129
-154
-180
-203
-219
-238
-261
-280
-296
-305
-314
-323
-333
-341
-348
-348
-340
-329
-319
-315
-307
-298
-282
-269
-255
-243
-232
-224
-215
-196
-178
-168
-156
-141
-124
-107
-92
-75
-57
-39
-17
5
33
57
78
102
132
159
184
208
230
252
272
292
315
333
345
352
358
369
372
370
370
367
360
351
339
328
317
303
290
280
271
253
228
208
188
168
143
117
92
65
38
8
-16
-46
-79
-110
-133
-153
-173
-194
-216
-237
-258
-275
-288
-294
-305
-318
-327
-337
-338
-340
-340
-336
-333
-326
-323
-319
-316
-314
-309
-301
-288
-269
-255
-241
-229
-216
-197
-172
-147
-120
-97
-78
-53
-31
-7
22
53
83
113
137
158
181
200
227
251
272
289
300
307
315
317
315
316
310
307
296
285
273
260
251
243
237
231
217
201
184
169
150
135
121
106
85
64
43
22
2
-18
-44
-67
-88
-111
-129
-141
-156
-168
-182
-198
-198
-203
-209
-209
-209
-214
-210
-208
-207
-198
-197
-194
-187
-180
-173
-174
-177
-177
-186
-184
-176
-168
-154
-146
-138
-130
-135
-125
-102
-84
-61
-43
-31
-6
12
31
69
97
119
145
161
191
231
258
291
319
326
331
334
331
329
331
329
319
307
292
263
247
244
220
203
198
178
161
146
111
96
86
71
64
60
41
23
2
-27
-43
-58
-77
-93
-108
-137
-161
-174
-186
-202
-218
-243
-260
-257
-260
-248
-235
-237
-234
-234
-250
-249
-243
-245
-236
-236
-235
-229
-224
-224
-237
-247
-243
-235
-225
-203
-199
-194
-192
-199
-183
-162
-135
-92
-57
-22
5
0
35
89
113
159
206
218
252
303
314
345
383
369
343
346
327
310
337
342
329
329
277
209
211
183
162
223
219
175
230
173
36
70
81
-42
13
77
13
66
186
110
35
25
-126
-230
-165
-157
-153
-1
52
10
19
-30
-133
-169
-204
-242
-200
-137
-104
-67
-52
-67
-141
-225
-293
-328
-327
-295
-259
-226
-245
-282
-324
-369
-344
-318
-320
-263
-227
-223
-157
-134
-164
-137
-124
-144
-54
82
151
242
342
331
284
266
208
183
261
325
341
407
423
350
320
292
229
190
176
146
120
130
139
119
115
67
-17
-45
-42
-2
72
102
120
122
77
33
-7
-7
20
63
111
140
174
185
153
117
66
-3
-69
-64
-46
-21
25
36
16
-26
-111
-168
-186
-166
-112
-112
-131
-135
-133
-204
-218
-210
-308
-321
-307
-365
-317
-252
-261
-252
-256
-324
-365
-324
-294
-237
-150
-150
-164
-105
-35
-5
53
135
136
167
197
143
176
262
228
175
215
219
138
173
232
149
95
136
29
-75
11
-32
-85
17
4
-75
-26
3
-75
-29
53
-59
-23
127
79
185
283
192
279
229
148
211
225
223
316
323
260
347
284
187
251
183
25
110
190
81
64
186
58
-128
25
-194
-246
-46
-269
-253
-100
-342
-371
-275
-423
-440
-289
-274
-451
-232
-164
-418
-236
-110
-344
-140
-9
-235
60
185
-97
107
291
33
125
205
117
114
115
67
38
119
154
-110
35
77
-275
-154
19
-284
-127
-89
-246
-152
-210
-190
-124
-252
-86
21
-180
40
147
-41
48
345
-122
88
451
139
148
432
359
113
390
418
86
446
460
26
452
249
56
458
190
211
207
178
258
-13
220
16
-113
18
-127
-228
41
-98
-286
-168
-244
-553
-253
-340
-531
-128
-342
-135
-382
-358
68
-497
-285
159
-285
129
189
-76
449
77
153
232
-1
231
103
175
287
239
-52
187
-103
-167
-29
-416
-146
-213
-371
-137
-400
-455
-79
-669
-318
-332
-633
90
-177
-217
18
-93
-72
-64
30
115
-131
507
318
-44
742
357
63
581
339
-81
636
373
230
721
389
227
156
70
168
351
42
181
284
43
-7
42
107
-336
-227
74
-357
-208
287
-309
-377
39
-492
-380
-94
-99
-267
-139
136
-157
-192
113
-61
-2
30
424
270
-132
518
237
-80
315
260
-55
177
327
-93
-104
367
-179
-156
-4
-357
-292
-326
-395
-115
-465
-176
-223
-668
-375
-196
-170
-530
-20
-142
-164
-36
14
23
232
-1
91
28
80
574
251
165
527
408
-249
294
386
-159
508
480
-128
189
277
-73
62
36
156
37
62
199
-248
30
-190
-278
-260
-25
-295
-55
29
-288
-98
-462
-227
-279
-354
-292
92
-140
22
136
-122
122
-56
-1
83
577
253
431
559
177
234
220
477
86
214
335
94
-137
47
139
-207
-254
-177
-611
-535
143
-931
-222
325
-925
-539
6
-447
-201
180
-219
-101
109
-168
22
595
263
297
283
-48
284
215
409
426
418
170
-140
139
320
300
332
98
-231
19
-368
-34
273
106
96
-148
-326
-257
102
-89
-287
47
-232
-509
-202
57
-73
120
-144
-406
-429
-366
84
-29
91
292
215
-194
-303
512
-128
-58
715
-6
-109
539
297
92
343
178
-157
-394
427
-182
-135
614
-145
-250
219
-290
-802
161
-55
-623
6
260
-474
-191
-54
-167
47
-546
257
-49
-42
11
275
-18
203
419
-409
80
445
114
-85
360
186
245
-258
77
526
-18
42
167
93
181
-146
119
-49
381
-43
-86
186
-259
8
-135
-77
-271
87
-247
-452
-40
61
-179
126
-413
-713
21
-450
-525
313
164
19
-28
106
-18
-40
217
135
83
126
297
536
276
639
573
-155
-250
155
76
-91
306
298
10
-534
-210
-595
-672
212
-319
-653
-31
-59
-569
-108
269
-442
-86
-173
-369
212
635
-7
580
381
-52
109
89
521
69
705
-41
-111
389
94
-371
534
300
-401
-135
108
-225
126
79
-169
-186
-471
-293
-93
-252
342
208
-391
190
-341
-141
-96
353
-310
-22
271
-74
244
411
-60
-42
-7
-419
183
217
217
310
163
-270
-341
74
-233
-257
493
157
-370
301
460
-486
77
225
-152
-305
123
308
-34
169
-73
-342
36
-273
-130
171
-324
43
-50
-672
85
-205
-151
-55
-229
-194
104
271
-209
353
13
155
38
108
87
654
-215
332
297
-99
318
58
278
-53
262
-102
103
3
-142
-146
21
-77
-367
-175
-193
-111
-334
167
-144
-237
47
-148
-120
-1
109
-117
244
-297
-61
286
-130
-134
585
-177
-115
487
-236
259
232
103
-374
127
123
40
321
417
104
-13
27
-406
68
285
58
-73
305
-382
-442
305
-209
-495
295
-449
-283
103
-159
-126
-38
-107
-640
167
75
9
312
195
-120
-299
450
14
113
272
459
-63
6
189
195
419
-342
605
-54
-308
270
151
-157
-12
80
-515
-22
129
-412
-47
255
-457
-136
47
-285
57
-169
-72
-214
-24
6
-270
295
67
-175
41
79
-210
192
367
-120
211
175
87
64
57
-117
255
-63
-25
178
-21
151
-438
-9
-211
-77
-142
-9
-92
2
-347
-250
-26
-537
-56
-41
177
-179
582
-199
-24
282
-365
15
327
118
277
248
-55
256
10
131
101
319
-264
234
297
-208
316
133
-165
-92
174
-149
102
337
115
-259
324
-109
-376
514
-269
-174
-84
147
-220
421
405
-339
33
-18
-436
-31
178
-175
248
-305
-102
-6
-255
-114
-22
-289
-120
91
-220
183
263
-325
-6
49
-415
54
87
163
31
-18
109
-267
-68
255
-160
-241
-100
-221
-116
-5
3
-140
18
-75
-295
-45
-10
226
-495
-15
166
-503
537
170
-217
125
145
-332
231
121
262
125
232
196
242
316
244
364
-154
325
187
18
665
-178
225
330
-69
18
193
35
-277
-125
111
-90
-56
526
-413
153
-252
-95
-200
119
245
-577
522
-154
-354
174
34
-379
-153
-7
-152
101
31
120
-112
39
-542
180
-324
46
328
-644
268
-276
-238
-69
92
-206
-126
-297
-165
-471
149
-346
-148
69
-675
104
-328
244
-87
-246
260
-394
-14
419
-138
129
286
-352
156
133
297
253
167
355
-192
224
330
72
24
316
146
-477
572
330
-302
836
23
-49
-17
322
191
-184
408
149
-119
440
149
85
372
-51
82
-63
257
60
278
252
-20
-60
-30
-483
-156
-140
-168
-45
-109
172
-239
-71
-98
-295
-348
-310
-163
-227
199
-120
-92
-89
-347
-332
-87
-106
-289
-30
-167
-64
-251
-50
-136
-105
-227
-43
-293
-135
205
-244
10
-76
-193
260
-206
-280
389
-206
67
74
302
7
114
251
94
161
164
288
0
248
362
-31
188
598
-289
311
318
-70
416
32
51
-57
-34
89
101
239
182
125
143
-87
188
-40
76
222
-156
146
77
-41
117
-141
136
-115
6
74
-78
203
-13
-230
-112
-181
-437
-109
-55
-175
-256
244
-617
-255
43
-372
-274
-140
-203
-303
-315
227
-362
-150
-24
-182
-470
135
60
-336
318
-3
-372
56
224
-460
203
67
4
116
366
319
147
271
246
-175
90
140
137
55
359
58
139
213
-30
133
43
19
90
50
300
50
34
181
-103
49
-12
143
103
163
110
131
177
215
-69
255
-35
-110
1
17
-48
87
58
120
-286
167
-158
-427
-106
-71
-174
-145
244
-246
-15
35
-421
-254
0
-384
-89
-39
-144
-117
-186
-346
-229
-308
-258
-133
33
-78
16
63
-51
-11
-170
-20
-60
-80
217
7
160
176
168
9
175
182
-54
258
89
163
213
345
116
156
117
149
-111
258
136
140
171
55
171
-181
108
34
-193
-24
193
-216
190
133
95
17
123
70
-387
498
-169
-117
362
-133
-176
-36
166
-228
97
30
0
-212
-152
-2
-164
96
-86
-100
-195
311
-597
-35
142
-582
-49
-172
-145
-67
-51
-82
-265
-253
-25
-347
-146
246
-223
-100
17
31
-301
177
-129
-139
-14
-16
0
63
448
76
111
241
131
-156
384
-60
233
211
233
233
168
365
-144
81
-24
61
96
-16
419
-68
105
30
-98
-74
-9
-75
-70
263
15
10
172
301
-382
259
-130
-163
290
-122
111
180
189
-84
5
19
-132
-103
-30
-120
-34
108
-247
142
-177
-1
-380
-32
-57
-402
297
-447
128
-289
-178
-152
-311
-115
-243
-103
-163
126
-228
268
-328
97
-131
-181
127
-186
199
-99
143
-75
220
-75
-18
235
-243
250
-5
157
179
270
82
14
351
71
-5
280
57
130
228
149
118
-9
172
-246
180
-134
21
176
-34
125
115
-25
-36
57
-232
81
-123
-24
26
-181
182
-342
113
9
-95
92
-101
178
-182
215
-5
-184
432
-360
203
46
-102
82
34
-137
8
70
-193
35
-255
201
-582
127
-151
-302
7
-210
-107
-373
201
-467
-170
-25
-118
-110
-226
75
-34
-262
149
199
-269
413
-132
93
142
235
19
133
281
164
91
213
278
-55
313
-134
185
197
-58
252
-69
152
-114
120
-95
84
191
-239
188
-98
112
-215
229
-151
-6
36
-42
34
97
200
-244
308
-98
0
-145
137
-112
27
52
-74
139
-37
89
-196
96
-40
-168
1
-13
28
-177
71
-234
-48
-82
-298
173
-315
98
-166
-58
-31
35
-258
85
-79
-275
189
-262
275
-328
227
-227
-103
56
-201
13
-167
162
-219
166
-179
350
-221
163
88
-154
360
-200
393
-189
306
117
-76
466
-83
254
80
36
115
88
11
294
-122
214
83
-250
521
-484
339
-47
-187
118
-161
76
-112
26
-66
-131
-4
-34
-298
253
-205
95
-88
59
89
-252
235
-228
-110
228
-220
15
269
-246
203
-189
-24
-24
-193
33
-207
97
-92
-81
-84
39
-204
-6
-166
-70
-5
-160
73
-186
202
-355
297
-187
71
131
-141
77
96
-44
-5
237
-231
392
-232
200
-87
182
40
-96
451
-158
194
92
117
83
111
90
69
36
176
-56
132
328
-214
332
-14
-73
247
-236
223
-35
-162
274
-225
113
94
-250
173
-221
-40
-30
-242
157
-259
-11
-91
-146
25
-258
56
-285
58
-33
-252
233
-96
-177
80
-137
-171
100
-182
60
-167
287
-223
-147
300
-392
182
-325
148
-166
-62
69
-197
187
-150
-86
-1
85
-324
317
-246
154
73
-190
426
-347
391
-174
147
50
51
187
-44
294
66
44
184
105
-19
245
-3
143
129
108
188
-5
307
-23
11
192
-134
153
-34
43
-47
165
-166
150
-243
167
-167
-157
117
-291
140
-180
105
-319
170
-238
-249
119
-239
-144
110
-141
-184
289
-401
104
-37
-188
46
-65
31
33
69
-9
63
-78
8
-68
-83
52
-26
19
-100
50
-82
-62
-130
1
-144
-16
-28
-186
149
-88
-164
80
-75
-50
15
13
-42
94
-14
85
35
159
115
18
241
-25
321
-112
426
-17
118
275
-121
290
41
168
5
251
-120
247
-55
45
241
-254
329
-210
245
-201
213
-61
-68
145
-147
86
-134
200
-255
80
-36
-28
-175
121
-64
-168
180
-303
96
-108
-133
-12
-152
-89
-4
-238
37
-80
-254
92
-233
5
-101
-28
-13
-136
-33
-115
-116
-83
-120
-13
-181
1
-77
-157
-69
-25
-258
19
-132
-132
-14
-9
-80
-36
92
-131
48
-52
85
-3
82
175
48
152
222
-73
348
-16
182
172
134
255
121
192
193
66
127
98
19
205
-23
139
75
79
38
56
53
12
28
83
-91
215
-187
110
84
-220
238
-143
49
59
-69
89
44
-170
187
-130
66
-47
20
3
-131
61
-169
37
-145
-105
-36
-124
-182
102
-346
109
-251
-128
24
-290
31
-179
-68
-148
-40
-183
-78
-114
-68
-138
-110
34
-111
-6
-72
76
-194
178
-129
-31
217
-163
168
100
-78
298
-91
101
227
-93
259
54
73
174
112
64
120
104
108
19
219
-23
171
65
9
100
1
27
46
-20
116
-93
111
70
-138
248
-226
190
5
-51
113
-28
28
7
-57
137
-165
106
36
-195
294
-309
177
-126
9
-99
-18
-138
58
-257
117
-84
-281
242
-467
108
-163
-229
13
-160
-70
-181
58
-196
-11
-48
-154
-2
-169
38
-127
-45
-14
0
-213
259
-287
103
79
-135
155
-68
95
12
128
-42
264
-106
181
20
47
80
37
191
-30
183
74
118
-53
243
-138
134
27
-22
91
40
89
-74
196
-92
51
31
84
-109
236
-118
111
74
-26
78
51
16
-13
96
39
68
-60
240
-171
33
145
-251
157
-160
46
-271
285
-460
139
-84
-189
84
-268
76
-196
14
-278
170
-385
100
-200
38
-145
-5
-40
-112
62
-143
101
-134
115
-99
52
1
32
-12
20
161
-311
413
-344
262
-90
68
55
18
63
9
174
-120
234
-109
250
-191
276
-32
18
169
-94
158
-53
173
-90
177
18
13
90
35
75
-44
158
-56
150
-154
167
-29
-82
137
-95
105
-52
52
-2
-4
24
-66
-50
7
-119
-9
-70
-63
-15
-106
6
-113
-42
-107
-16
-151
-21
-120
-16
-161
-110
-30
-144
-106
-54
-79
-51
-69
-38
3
-116
52
-25
-100
89
-16
-171
201
-21
-77
120
51
-73
96
-24
100
-41
56
127
-82
166
-21
71
32
55
-24
99
-23
64
35
68
1
71
25
61
43
23
76
26
126
-84
229
-90
49
137
-134
181
-6
18
115
9
95
-70
172
-42
-49
119
-59
-10
48
-11
-34
50
-54
-81
63
-97
-59
-20
33
-163
68
-125
18
-132
-36
-45
-91
-80
8
-152
41
-41
-266
309
-389
187
-162
45
-5
-78
103
-138
161
-142
130
-121
101
-126
89
-82
33
92
-219
361
-392
346
-199
163
-154
132
9
-111
276
-251
278
-185
241
-295
371
-213
90
107
-131
284
-292
398
-247
228
-43
66
53
-28
163
-171
259
-161
167
-144
230
-190
98
34
-112
163
-181
190
-163
161
-200
170
-118
-21
79
-151
140
-149
91
-110
27
17
-194
169
-178
14
-4
-78
-7
28
-102
-68
72
-144
-32
-15
-44
-70
-40
38
-192
65
-36
-114
16
-4
-24
-51
46
-52
-26
35
-9
-62
71
-29
-9
-55
152
-152
43
103
-202
202
-125
72
6
39
5
60
4
52
54
-62
202
-127
151
-51
163
-56
81
122
-109
238
-106
97
34
84
-62
99
46
-55
166
-154
226
-219
228
-97
-17
120
-103
48
-51
146
-234
225
-139
54
6
-54
117
-178
233
-210
113
-63
45
-103
90
-35
-29
54
-104
92
-153
160
-248
163
-93
-122
180
-309
258
-270
64
-76
-63
15
-107
63
-183
195
-304
163
-170
71
-165
86
-56
-77
87
-95
4
6
-29
-60
101
-109
88
-67
93
-16
14
23
24
39
-65
160
-97
97
40
-59
117
-120
191
-194
212
-133
156
-49
40
78
-82
267
-259
300
-204
273
-206
256
-90
-29
207
-186
174
-150
292
-299
259
-87
0
43
-56
143
-282
393
-317
112
58
-151
134
-109
18
-53
50
-87
44
-58
19
-19
-121
102
-172
38
-25
-93
50
-109
15
-146
137
-192
-5
38
-120
4
-1
-38
-13
-22
6
-86
21
49
-91
106
-29
6
66
-73
109
26
-74
174
-46
39
27
112
-124
78
117
-157
98
10
-35
105
-50
-17
63
-8
-42
-38
75
38
-133
106
-7
-115
179
-99
37
19
34
-3
-19
118
-107
75
44
-73
72
-12
-11
55
6
0
-37
38
1
-66
24
-1
-60
31
-68
-28
13
-22
-121
96
-100
3
17
-95
48
-3
1
-194
238
-250
139
-31
-156
267
-253
171
-122
129
-67
14
69
-2
0
149
-40
-28
175
-83
55
-26
193
-194
130
123
-284
377
-294
197
-120
82
-56
65
-51
4
59
-145
220
-299
352
-343
284
-164
21
70
-142
109
-25
-12
-42
28
4
-25
-38
73
-158
126
-114
-17
136
-237
201
-143
-29
88
-184
167
-235
166
-94
-95
74
-82
-27
74
-137
63
-124
74
-60
-23
1
-53
-1
-60
7
-4
19
-70
143
-180
182
-36
-28
165
-142
166
-41
34
141
-103
187
35
-85
209
-79
100
38
24
106
-115
210
-115
84
-33
30
-62
55
2
-125
195
-145
-1
67
-102
-27
59
-32
-133
195
-122
-54
94
-97
15
-46
-23
112
-189
182
-93
-78
168
-179
54
-45
88
-156
91
-10
-71
8
-10
-83
-31
49
-85
14
1
5
-115
87
-46
-95
118
-116
33
35
-103
112
-85
17
35
-54
58
15
-72
65
137
-138
70
170
-221
205
-6
-77
154
-6
-24
143
-57
133
-10
-32
248
-271
313
-161
50
146
-150
121
-77
124
-102
20
109
-153
134
-63
-14
-2
-3
-29
-46
70
-99
-35
31
-2
-144
80
-45
-42
59
-80
-46
87
-76
-51
31
-47
-69
102
-195
144
-104
52
-95
-47
84
-140
46
1
-119
53
15
-183
123
-98
28
-116
85
-150
41
72
-169
149
-91
20
18
-51
142
-173
245
-81
-78
242
-131
15
230
-278
300
-156
173
5
-37
269
-249
254
-87
18
53
49
3
-28
93
-33
26
47
7
-44
96
-44
-28
97
-58
25
-87
153
-183
70
-2
-29
-6
-51
64
-117
79
57
-167
133
-5
-142
65
9
-25
-27
13
40
-157
142
-35
-166
158
-113
-3
-73
128
-94
-62
159
-211
52
37
-65
1
-30
68
-204
142
-35
-106
79
-24
-32
-14
5
17
-41
29
-34
-56
63
42
-96
81
82
-93
81
-17
81
-7
75
-79
161
-66
45
39
0
51
-2
15
-13
66
8
-90
170
-120
-15
144
-240
233
-154
25
43
-108
131
-131
58
73
-169
181
-116
-7
110
-110
98
-71
49
70
-150
196
-109
-10
142
-203
218
-159
14
132
-255
210
-68
-137
204
-151
17
49
-129
108
-96
-20
78
-177
161
-122
8
85
-219
199
-178
38
91
-182
198
-137
26
54
-153
175
-111
-23
133
-145
153
-98
52
101
-192
179
-36
-145
280
-224
52
129
-214
230
-242
167
-3
-188
257
-181
103
-18
-25
99
-211
184
-119
-23
137
-139
49
66
-105
85
-47
-23
114
-183
174
-146
51
92
-168
126
-53
-19
31
-28
-14
57
-62
54
-52
9
77
-183
236
-204
79
43
-67
43
17
-44
-28
72
-69
12
-12
48
-11
-24
24
-23
19
33
-97
89
-51
28
62
-65
106
-15
-70
155
-136
133
6
-41
94
-1
-37
43
92
-173
265
-206
142
38
-99
145
-71
124
-165
184
-123
45
16
6
-21
28
1
-69
117
-145
147
-157
118
-84
28
-11
-50
39
-102
126
-232
238
-239
116
-43
-95
114
-161
60
-67
19
-93
96
-194
188
-154
-47
172
-262
155
-62
-29
-20
56
-102
23
7
-33
23
-73
84
-80
72
-82
78
-71
17
-28
10
42
-80
110
-104
102
-26
-25
121
-83
62
-11
42
-61
103
-28
-40
171
-90
50
82
-30
29
74
-19
18
67
-43
70
-87
117
-11
-59
136
-90
16
66
-8
-102
187
-164
92
-44
-35
14
-11
-31
-57
67
-98
99
-110
89
-83
12
92
-232
183
-62
-35
19
14
-12
-54
90
-156
109
-47
-22
9
-81
58
-91
44
-48
-19
-51
68
-53
54
-34
37
-16
-61
135
-137
107
6
-13
-1
27
17
-26
71
-35
-10
56
-14
-14
77
-4
-31
49
14
-12
27
-15
18
31
-11
49
-69
126
-88
39
2
26
27
-70
89
-49
75
-112
72
-21
20
13
-112
145
-79
-5
-8
7
-7
-6
-19
9
22
6
9
-36
40
-30
-35
22
-34
-46
55
-26
-56
29
-27
24
-27
3
32
-82
65
-10
-30
-45
66
-67
-85
118
-134
26
62
-100
41
2
-23
-13
-31
41
-22
-31
28
80
-152
82
42
-140
138
-68
3
9
83
-65
5
119
-100
3
24
44
-56
123
-63
-19
67
9
-66
51
69
-87
-6
41
7
-93
136
-103
20
22
44
-72
18
95
-129
65
14
-25
-17
2
-22
-27
-1
33
-81
39
-4
-20
-27
51
-44
-33
21
-26
14
-87
97
-75
25
-10
-13
-15
49
4
-29
88
-9
5
-16
55
-31
78
-58
62
-21
-4
57
-44
127
-117
75
-27
10
55
-36
56
-17
22
-29
21
23
32
-6
-9
41
1
49
-40
50
15
-31
54
-46
43
19
-40
52
-8
39
-18
-38
89
-98
23
-5
-22
25
-56
23
-14
-60
10
-71
53
-47
-31
1
-54
2
-43
-48
9
-27
-39
-71
25
3
-10
-7
-33
-34
-20
-7
-44
1
-11
-29
-39
52
15
-16
63
-39
-9
64
-54
60
6
12
-49
44
-1
-4
33
-17
39
2
4
34
35
15
-15
1
7
68
-83
84
21
-23
35
23
-9
52
-25
-22
59
-42
24
-17
82
-75
62
-61
20
23
-63
46
-30
15
-58
1
3
3
-16
-17
-10
-49
19
-28
24
-32
9
-27
-18
14
-15
14
3
-39
5
18
-48
66
-75
21
-29
-37
52
-29
13
-1
6
-12
42
-10
39
9
-14
32
23
30
5
28
-4
46
-55
52
3
12
37
-56
95
-57
101
-47
13
45
-77
73
-54
68
-36
57
-19
2
29
-11
65
-29
45
-4
20
8
13
6
18
-8
-19
7
-20
3
4
-12
-24
7
-39
8
4
-37
4
-30
-27
4
-8
-33
14
-47
-34
5
-54
24
-12
-27
5
-36
-17
0
-16
-14
-15
-48
-4
-23
-36
16
-51
19
-51
7
7
-16
19
-32
2
-14
0
-6
-7
-7
0
-40
11
-36
36
-28
3
-2
-27
34
-2
10
-5
26
-11
32
-13
24
32
-14
43
-16
33
32
12
7
37
-3
17
23
7
27
-3
34
-2
30
1
16
13
2
29
-7
31
4
4
28
-10
18
16
12
9
26
-14
27
-4
1
27
-19
25
-17
3
-1
-2
-13
10
-44
18
-34
13
-15
-33
7
-53
7
-41
-1
-10
-23
5
-28
-9
-4
-20
-7
-4
-8
-7
2
-9
10
-12
12
-7
-1
14
-8
12
8
-5
12
4
3
3
5
1
0
15
-23
24
4
-10
15
-22
17
-11
13
-5
14
14
-15
33
-23
27
-2
-12
20
-4
29
5
22
10
10
12
7
25
-4
10
5
-17
15
-3
5
2
-15
13
-16
15
-17
14
-26
15
-30
-15
4
-47
18
-48
1
-24
-12
-18
-27
2
-37
-3
-21
-36
11
-56
3
-20
-19
-2
-36
-1
-26
9
-17
-11
-19
-3
-20
5
-5
-16
12
-23
24
-20
26
-11
26
8
1
22
-7
35
-6
32
5
20
27
8
44
-11
33
9
21
17
28
17
17
61
-16
47
5
6
50
-7
50
13
3
39
-19
39
-3
8
5
3
14
-6
27
-29
4
-27
-22
23
-45
23
-21
4
-8
-6
-10
-9
-16
-22
-14
-26
-9
-15
-5
-26
0
-49
10
-41
-2
-4
-31
6
-25
4
-21
-7
-36
12
-39
10
-8
-21
22
-37
20
-7
2
-7
-3
1
-21
16
-16
20
3
15
15
7
23
11
3
24
8
-3
43
-21
64
-5
45
23
7
42
-13
44
3
17
17
-6
26
-4
6
11
-11
9
-10
-6
9
-17
0
-19
-11
-13
-6
-3
-30
11
-45
16
-32
1
-8
-19
-2
-14
-11
-10
-7
-21
4
-28
-6
-20
-21
-2
-24
-24
-10
-26
-11
-8
-20
3
-25
7
-8
-10
5
-20
13
-20
13
-11
11
7
-10
30
-12
37
-2
23
18
2
21
5
24
14
25
12
27
16
18
16
20
15
26
8
31
3
28
10
6
25
-7
30
2
17
17
-4
28
-9
30
1
6
10
-11
9
-21
17
-26
10
-25
-9
-6
-26
11
-26
8
-16
-22
-1
-27
-7
-22
-28
-1
-33
-2
-20
-27
10
-51
3
-33
-6
-15
-28
11
-50
13
-31
-1
-12
-18
3
-31
15
-22
11
-2
-6
19
-18
9
12
-11
33
-15
26
13
1
25
-10
24
-10
20
-2
13
12
2
17
6
12
8
23
-2
25
2
12
33
0
34
3
6
18
-2
23
9
-7
25
-19
24
-5
5
6
0
11
-15
19
-11
7
5
-8
1
-5
-15
7
-27
-4
-10
-24
7
-31
6
-26
1
-18
-10
-7
-25
8
-28
6
-22
-1
-13
-1
1
-12
2
-21
1
-23
-1
-14
-6
1
-11
7
-7
9
0
-1
-5
-2
-7
2
-4
-2
1
5
1
6
2
-3
10
-5
15
5
2
12
3
8
15
8
31
13
24
6
17
8
16
14
-4
27
-25
24
-6
5
23
-15
33
-15
22
-5
17
4
7
6
-6
20
-7
16
-9
9
-14
5
-5
-1
4
-6
2
-8
0
-5
0
-12
-2
-20
-11
-12
-17
0
-23
0
-21
-10
-10
-21
0
-14
-8
-7
-8
-2
-2
-1
5
-7
-8
-6
-6
-10
-3
-14
-7
-7
-9
2
-9
0
-6
-5
-1
-2
-3
4
-5
4
-4
16
-2
17
-4
9
10
-4
26
-9
25
3
5
21
-1
15
4
8
8
4
11
-5
1
-1
-8
3
-8
0
-1
-8
10
-7
9
1
11
3
10
4
0
17
-14
20
-11
16
-1
-7
9
-19
8
-16
4
-14
0
-10
-5
-5
-6
-14
-10
-11
-13
-7
-6
-4
-9
5
-8
9
-1
4
6
2
12
2
14
7
3
13
0
14
-5
10
-2
0
5
3
6
3
3
5
0
2
2
-2
10
-7
8
-2
5
7
6
10
7
7
14
-1
7
-1
6
5
-5
10
-13
13
-7
-1
-2
-11
0
-15
-6
-6
-14
-2
-7
-8
-3
-15
-3
-6
-12
-5
-13
-2
-7
-8
0
-9
1
-12
-4
-8
-16
-1
-13
-7
0
-13
8
-12
-1
-6
-3
1
1
1
2
5
-10
8
-10
6
-2
1
7
1
9
7
11
10
15
7
14
5
6
2
0
0
0
3
-5
2
-6
5
-4
0
0
6
4
4
7
-2
11
3
14
7
7
3
6
7
5
7
3
8
-1
5
-1
-3
0
0
4
-6
5
-6
0
-3
-13
-1
-16
1
-6
-7
0
-8
-4
-2
-8
7
-8
5
5
-2
13
-6
14
1
6
3
-4
6
-6
3
0
-4
10
-2
8
2
2
7
-7
10
-5
4
-3
-3
-2
-12
-3
-7
-2
3
2
10
6
8
11
7
10
4
6
1
-1
-3
-5
-1
-4
-4
-2
-1
-5
0
-4
-8
-2
-9
-3
-7
-9
-6
-15
-4
-11
-3
-2
-4
3
-9
-2
-6
-2
-6
-5
-6
-7
0
-9
-8
-9
-10
-10
-10
-12
-6
-8
0
-3
2
3
-2
6
-4
3
-6
-1
-3
-5
6
-2
6
0
5
-1
4
5
5
7
0
6
0
6
1
4
3
2
4
6
7
6
8
6
17
4
20
13
19
19
14
19
10
23
10
18
8
3
10
2
8
3
1
1
-5
-1
0
-1
1
4
-6
4
-2
1
9
-4
9
-5
2
-4
-6
0
-1
3
0
-5
-4
-7
-5
-2
-8
-2
-11
-7
-8
-16
-6
-18
-5
-13
-12
-10
-17
-12
-14
-8
-12
-9
-9
1
-5
2
-3
-1
3
-4
3
-6
2
-1
3
5
0
12
-1
10
2
4
8
5
9
3
3
1
1
2
5
-4
7
-4
4
-3
1
5
-2
11
-1
10
3
3
3
-1
0
-2
-2
2
-8
-5
-4
-11
2
-10
1
-4
-4
2
-10
2
-13
0
-13
-6
-8
-12
-2
-12
-4
-9
-7
-6
-7
