0
-1
-1
-1
0
1
1
2
3
1
2
3
3
3
2
3
2
2
2
1
2
1
1
1
1
2
1
1
1
1
2
2
0
0
0
-1
0
0
0
1
0
-1
-1
0
0
0
0
1
1
1
2
1
2
2
2
2
3
2
3
2
2
2
2
2
2
2
2
2
1
1
0
0
-1
-1
-2
-2
-2
-2
-2
-2
-2
-2
-2
-1
-2
-2
-1
0
0
-1
-1
-1
-2
0
0
-1
-1
-1
0
-1
-1
-1
-1
-2
-2
-1
0
-1
-1
-1
0
0
1
1
1
2
1
1
1
1
1
1
0
0
-1
-1
0
-1
-1
-1
-3
-2
-2
-2
-2
-3
-4
-3
-4
-3
-2
-3
-1
-3
-2
-1
-2
-1
-1
0
-1
-1
-1
-2
-1
0
0
-2
-1
0
0
0
0
0
1
0
1
0
2
2
2
2
3
2
3
4
4
4
4
4
2
3
3
2
2
3
1
1
1
-1
0
1
0
0
0
-1
0
0
0
1
-1
0
-1
0
0
0
0
0
0
0
0
0
1
0
1
1
1
2
1
3
2
1
2
1
0
1
1
2
1
1
1
1
2
0
0
1
1
1
1
1
0
0
-2
-1
-2
-1
-1
-2
0
-1
-1
-1
0
1
0
2
1
1
1
2
3
2
1
1
0
0
0
0
0
0
1
1
-1
0
-1
-1
-1
-2
-3
-4
-4
-5
-4
-5
-6
-7
-5
-5
-3
-3
-4
-5
-5
-5
-4
-4
-4
-4
-4
-4
-2
-2
-2
0
0
1
2
1
1
2
2
2
2
3
2
3
2
3
3
1
2
2
3
0
0
0
-1
-2
-3
-4
-5
-5
-5
-5
-5
-5
-6
-6
-5
-4
-4
-3
-1
0
1
4
5
7
7
10
12
13
14
15
17
19
18
18
18
19
17
16
15
15
14
13
11
9
5
4
2
0
-3
-4
-7
-8
-9
-11
-12
-13
-15
-17
-19
-18
-19
-19
-19
-20
-19
-18
-19
-17
-16
-15
-14
-14
-12
-9
-6
-3
0
3
5
10
13
16
22
24
26
28
30
31
32
32
32
31
28
27
24
19
15
10
6
2
-4
-8
-13
-18
-22
-26
-27
-28
-29
-30
-29
-28
-28
-26
-24
-22
-20
-19
-18
-16
-16
-17
-15
-16
-15
-15
-13
-12
-11
-9
-6
-3
2
7
14
20
26
31
38
43
46
51
53
54
53
51
47
43
36
27
18
9
-1
-12
-22
-32
-42
-48
-54
-59
-63
-64
-62
-60
-57
-51
-46
-38
-32
-24
-18
-12
-6
-3
1
4
5
6
6
5
3
0
-3
-5
-7
-9
-9
-6
-5
-1
3
11
19
30
41
51
61
72
80
88
93
96
97
95
90
82
72
60
46
32
16
1
-14
-27
-39
-51
-58
-66
-71
-73
-75
-73
-70
-65
-61
-53
-46
-39
-33
-28
-22
-16
-14
-10
-9
-10
-11
-16
-19
-24
-29
-33
-38
-41
-44
-47
-44
-42
-38
-30
-22
-9
4
19
36
55
73
90
107
122
132
138
142
141
135
126
115
100
83
64
45
28
10
-7
-21
-35
-46
-53
-59
-63
-64
-64
-64
-63
-61
-58
-55
-53
-50
-48
-48
-46
-47
-45
-47
-49
-51
-54
-55
-58
-61
-63
-66
-68
-71
-71
-72
-69
-66
-62
-56
-48
-40
-28
-16
-1
16
36
56
75
94
110
124
134
141
143
142
138
129
117
104
89
74
58
44
31
20
9
1
-7
-14
-20
-25
-30
-33
-35
-38
-40
-41
-43
-43
-44
-44
-45
-44
-45
-45
-44
-44
-45
-45
-46
-47
-46
-48
-48
-49
-50
-53
-54
-55
-57
-56
-57
-55
-53
-49
-42
-32
-18
-1
20
41
63
88
110
129
145
156
164
165
162
156
147
133
117
99
81
62
45
27
11
-5
-22
-36
-47
-58
-66
-72
-77
-80
-81
-81
-79
-78
-78
-75
-73
-71
-66
-60
-55
-50
-46
-42
-38
-34
-31
-28
-28
-29
-31
-34
-38
-41
-41
-39
-34
-26
-15
0
16
36
54
74
94
111
127
139
146
147
141
131
118
102
83
66
47
28
11
-4
-16
-26
-36
-44
-51
-57
-64
-69
-73
-76
-80
-85
-87
-88
-88
-87
-84
-82
-78
-77
-73
-68
-61
-55
-49
-41
-34
-25
-18
-10
-3
2
5
10
15
20
25
29
36
42
49
59
67
76
83
89
95
98
99
100
97
90
84
77
68
58
45
33
21
8
-3
-13
-24
-34
-42
-52
-59
-65
-69
-71
-73
-72
-72
-68
-63
-57
-49
-40
-32
-24
-17
-11
-7
-4
-4
-4
-4
-5
-4
-3
-2
0
1
2
2
3
3
1
-2
-5
-9
-10
-12
-9
-5
3
14
28
45
64
81
98
113
125
134
140
143
141
135
124
108
90
71
50
30
12
-5
-20
-30
-37
-41
-43
-43
-41
-39
-36
-35
-37
-39
-46
-57
-69
-83
-97
-109
-122
-132
-139
-144
-143
-138
-130
-120
-108
-97
-86
-77
-68
-63
-62
-62
-63
-66
-68
-70
-66
-57
-40
-17
13
46
82
121
157
191
218
239
252
255
252
240
223
199
170
139
104
70
37
6
-20
-46
-68
-86
-99
-111
-120
-127
-134
-139
-143
-146
-147
-143
-141
-136
-131
-119
-102
-83
-59
-35
-10
16
41
66
88
105
120
130
134
135
133
126
117
106
92
79
65
53
42
29
17
5
-8
-22
-37
-51
-66
-81
-93
-105
-115
-121
-125
-122
-116
-105
-90
-73
-54
-34
-15
4
19
33
46
55
63
66
66
65
64
63
61
59
57
53
51
47
45
41
36
31
25
17
11
4
-1
-7
-12
-13
-10
-6
1
10
21
32
42
53
61
68
73
73
70
64
54
43
30
18
5
-7
-17
-23
-29
-32
-33
-30
-28
-26
-25
-25
-28
-33
-41
-50
-62
-75
-87
-99
-109
-117
-121
-122
-122
-117
-111
-103
-95
-88
-82
-77
-74
-72
-72
-72
-73
-73
-70
-65
-57
-46
-32
-13
7
31
56
82
108
132
155
176
193
207
215
216
211
200
185
164
139
112
82
53
25
-1
-23
-41
-55
-62
-65
-65
-61
-54
-47
-38
-28
-20
-13
-10
-6
-6
-5
-8
-10
-12
-14
-17
-20
-23
-29
-34
-41
-49
-58
-70
-81
-93
-108
-122
-137
-152
-165
-177
-185
-189
-186
-177
-161
-133
-100
-56
-6
48
104
161
215
264
303
335
353
362
359
346
324
295
258
217
174
133
96
62
31
2
-21
-42
-58
-72
-84
-97
-110
-123
-136
-149
-160
-168
-175
-178
-177
-169
-156
-135
-112
-86
-60
-32
-7
16
34
42
44
39
29
13
-2
-18
-31
-43
-51
-53
-46
-31
-9
14
40
66
86
105
116
119
111
95
71
41
9
-25
-58
-89
-113
-129
-139
-138
-130
-116
-100
-84
-66
-50
-37
-31
-27
-30
-40
-52
-65
-75
-83
-86
-84
-76
-61
-38
-12
16
46
72
95
115
127
134
132
124
110
93
77
59
43
30
19
14
16
21
32
44
58
72
82
89
93
95
90
80
67
51
35
21
9
-1
-10
-16
-21
-20
-20
-17
-15
-18
-23
-32
-43
-55
-70
-86
-104
-121
-133
-141
-143
-139
-133
-122
-111
-95
-79
-63
-51
-43
-39
-39
-40
-42
-39
-34
-22
-5
22
55
97
147
200
251
296
334
364
385
395
392
375
344
304
256
202
146
89
33
-19
-68
-105
-132
-151
-164
-173
-180
-184
-185
-185
-183
-185
-190
-197
-203
-204
-202
-197
-189
-179
-168
-152
-133
-113
-92
-76
-64
-58
-54
-56
-61
-71
-88
-105
-122
-135
-141
-142
-138
-126
-110
-84
-52
-14
26
65
101
132
159
179
194
203
206
201
193
185
175
168
164
162
161
163
166
172
177
179
176
170
158
143
123
99
72
41
11
-16
-40
-59
-74
-86
-95
-102
-104
-103
-100
-98
-97
-99
-103
-107
-112
-121
-134
-148
-164
-182
-196
-208
-218
-223
-229
-231
-228
-220
-212
-203
-195
-186
-172
-154
-128
-91
-48
-1
47
101
158
216
270
318
356
389
417
439
454
457
449
423
385
339
292
245
191
136
76
17
-32
-74
-110
-146
-177
-202
-223
-234
-236
-230
-222
-214
-202
-189
-166
-137
-104
-73
-48
-24
0
27
54
78
99
111
119
124
128
134
136
133
124
109
95
83
73
61
44
25
2
-18
-37
-56
-76
-103
-133
-161
-187
-206
-216
-223
-230
-235
-238
-232
-221
-206
-190
-175
-161
-146
-130
-114
-97
-83
-76
-71
-67
-56
-37
-14
11
39
68
100
133
166
195
217
231
239
240
238
233
227
215
195
171
152
135
122
112
105
100
95
92
90
90
87
83
71
52
34
15
-1
-19
-35
-49
-59
-65
-67
-63
-54
-43
-35
-28
-25
-22
-22
-28
-42
-64
-91
-119
-151
-180
-205
-225
-242
-260
-275
-282
-279
-263
-241
-220
-202
-187
-166
-147
-133
-127
-123
-117
-118
-118
-110
-76
-26
20
62
116
188
271
352
425
481
529
570
605
630
641
640
610
549
479
413
352
291
218
131
38
-35
-79
-116
-167
-225
-274
-315
-352
-380
-395
-403
-419
-442
-460
-460
-433
-390
-350
-324
-295
-241
-165
-85
-19
35
79
121
158
190
219
244
259
254
236
223
223
229
216
184
149
123
106
88
58
21
-20
-65
-113
-158
-197
-231
-266
-304
-337
-358
-356
-336
-311
-294
-273
-243
-197
-146
-96
-47
-4
35
63
88
116
145
164
164
151
138
132
126
115
94
62
32
7
-7
-8
4
18
31
44
65
99
141
179
204
217
231
249
272
291
297
287
261
229
197
170
149
124
87
45
12
-8
-23
-41
-62
-85
-105
-120
-124
-126
-125
-128
-136
-146
-152
-143
-123
-106
-99
-97
-90
-79
-69
-69
-74
-86
-106
-133
-165
-196
-217
-233
-253
-287
-319
-328
-319
-304
-287
-266
-238
-201
-158
-113
-73
-29
11
38
43
48
91
162
221
254
292
358
443
525
596
647
676
692
697
686
660
626
568
459
313
175
68
-26
-122
-228
-340
-425
-454
-442
-431
-431
-418
-382
-347
-318
-277
-221
-182
-180
-199
-215
-202
-169
-140
-135
-141
-123
-70
4
69
115
155
190
214
225
231
235
225
186
118
45
0
-23
-45
-83
-125
-142
-127
-95
-66
-41
-20
-9
-9
-14
-18
-23
-41
-81
-136
-188
-221
-229
-228
-236
-248
-246
-219
-171
-119
-63
-11
28
53
71
92
114
123
104
63
17
-14
-30
-44
-63
-84
-98
-102
-93
-69
-39
-16
-4
2
20
58
113
164
192
207
228
269
320
357
375
382
390
403
421
442
446
419
365
295
236
191
143
76
-7
-82
-131
-155
-164
-168
-180
-199
-210
-201
-170
-139
-120
-117
-123
-127
-116
-95
-83
-90
-106
-114
-110
-95
-81
-72
-75
-89
-107
-119
-124
-128
-143
-175
-211
-230
-228
-219
-227
-246
-255
-240
-205
-165
-129
-98
-72
-45
-22
-11
-5
1
-9
-55
-119
-139
-87
-23
0
1
39
126
229
316
377
416
449
483
518
542
557
553
493
381
265
195
156
110
32
-73
-159
-171
-117
-74
-82
-99
-84
-57
-44
-28
-1
8
-27
-87
-140
-160
-145
-126
-146
-194
-215
-166
-77
-5
28
37
50
75
100
105
100
84
47
-19
-95
-139
-149
-158
-198
-259
-296
-282
-229
-176
-147
-137
-124
-104
-87
-80
-82
-92
-119
-168
-212
-225
-204
-176
-171
-179
-174
-136
-68
2
56
90
116
147
187
221
232
219
182
131
83
56
51
42
12
-26
-49
-48
-29
-13
-17
-37
-48
-19
48
128
188
235
280
339
404
465
514
540
536
509
489
493
497
460
372
260
158
78
15
-50
-134
-233
-321
-359
-361
-354
-355
-359
-351
-344
-330
-294
-238
-193
-184
-192
-181
-133
-66
-10
20
30
45
87
146
191
206
195
179
161
139
121
110
90
41
-33
-103
-137
-138
-145
-181
-242
-285
-284
-253
-230
-244
-281
-306
-314
-314
-314
-308
-299
-300
-309
-303
-259
-193
-137
-111
-106
-96
-60
0
41
13
-55
-69
10
105
138
144
206
318
420
494
563
634
682
704
722
761
809
821
749
604
450
346
281
199
55
-137
-293
-338
-307
-303
-355
-389
-370
-352
-360
-337
-264
-217
-258
-335
-375
-357
-310
-271
-274
-315
-328
-257
-131
-32
10
33
78
131
163
165
168
175
145
57
-40
-78
-64
-66
-115
-169
-179
-130
-52
22
74
109
151
203
239
247
248
249
224
157
75
26
18
15
-25
-89
-133
-128
-90
-56
-40
-31
-15
6
20
24
22
19
0
-52
-125
-178
-187
-178
-198
-252
-301
-307
-273
-239
-236
-259
-278
-278
-283
-308
-321
-281
-202
-126
-66
27
190
396
578
703
801
916
1042
1138
1172
1162
1123
1048
913
719
507
308
124
-68
-284
-491
-624
-668
-675
-703
-732
-703
-606
-505
-445
-406
-352
-290
-258
-274
-304
-312
-289
-264
-261
-261
-223
-131
-27
52
114
193
301
388
412
387
366
372
364
288
162
48
-15
-52
-105
-174
-226
-233
-211
-188
-171
-143
-95
-56
-66
-118
-159
-157
-149
-191
-291
-378
-388
-338
-296
-297
-308
-281
-216
-138
-61
9
66
93
84
44
-5
-39
-76
-179
-360
-496
-458
-276
-107
-27
61
263
554
833
1040
1170
1250
1294
1324
1338
1325
1264
1113
850
524
237
60
-50
-202
-467
-760
-910
-862
-759
-755
-825
-839
-764
-667
-581
-471
-359
-302
-302
-299
-238
-109
66
217
265
249
300
486
686
754
692
612
583
555
458
302
141
-12
-191
-397
-573
-665
-688
-706
-752
-799
-777
-641
-442
-294
-239
-204
-102
40
119
115
100
115
131
113
87
94
142
193
204
178
157
198
286
336
290
195
141
145
127
32
-107
-215
-294
-380
-477
-536
-546
-538
-538
-544
-531
-474
-374
-290
-303
-374
-334
-89
210
372
431
575
852
1124
1291
1386
1445
1451
1406
1347
1291
1202
1040
779
423
37
-265
-433
-572
-835
-1226
-1544
-1607
-1479
-1381
-1394
-1378
-1224
-1001
-793
-563
-273
-11
143
231
337
486
669
858
961
900
772
775
918
1001
888
683
533
435
293
101
-83
-242
-425
-647
-848
-958
-953
-882
-829
-838
-841
-710
-418
-109
61
106
175
335
495
558
542
519
499
440
344
264
226
199
129
-3
-166
-276
-274
-212
-226
-371
-528
-555
-494
-484
-547
-587
-572
-567
-590
-569
-478
-376
-312
-296
-332
-346
-173
223
601
742
767
958
1345
1669
1790
1772
1711
1613
1485
1384
1308
1185
937
537
74
-315
-537
-663
-859
-1214
-1661
-1959
-1923
-1668
-1498
-1531
-1522
-1262
-864
-515
-192
185
493
620
668
789
973
1129
1210
1170
966
744
708
820
802
515
157
-65
-172
-308
-519
-730
-901
-1064
-1237
-1365
-1360
-1241
-1097
-995
-905
-749
-475
-79
320
580
706
862
1139
1388
1445
1354
1257
1165
995
751
511
299
79
-165
-409
-633
-803
-871
-864
-885
-989
-1080
-1030
-862
-721
-693
-694
-615
-479
-369
-279
-129
62
197
271
360
490
597
645
627
484
237
107
283
564
590
391
336
560
801
854
810
761
653
491
427
476
467
305
36
-269
-560
-727
-702
-644
-788
-1136
-1378
-1248
-844
-506
-405
-346
-108
237
536
809
1130
1360
1336
1184
1113
1130
1129
1090
967
619
142
-125
-97
-120
-466
-928
-1229
-1401
-1568
-1688
-1684
-1661
-1689
-1673
-1525
-1246
-872
-422
0
272
482
841
1382
1864
2067
2039
1960
1926
1857
1656
1345
979
572
109
-351
-709
-952
-1160
-1401
-1658
-1872
-1953
-1816
-1535
-1325
-1286
-1223
-923
-499
-197
-25
173
388
501
568
726
919
993
952
891
781
602
466
380
140
-285
-522
-347
-76
-64
-175
-54
264
487
558
599
640
608
544
527
504
407
232
19
-242
-514
-657
-626
-558
-667
-945
-1076
-824
-374
-118
-101
13
350
679
853
1019
1250
1342
1245
1132
1078
988
877
857
773
403
-54
-218
-152
-292
-715
-1084
-1248
-1383
-1588
-1703
-1655
-1557
-1454
-1293
-1067
-800
-433
68
530
767
864
1074
1461
1764
1769
1558
1343
1181
952
610
246
-72
-400
-771
-1105
-1328
-1426
-1429
-1388
-1395
-1486
-1485
-1196
-735
-435
-393
-312
10
381
573
665
809
921
890
833
862
889
803
681
537
234
-194
-494
-635
-939
-1430
-1606
-1236
-750
-568
-463
-27
596
1040
1281
1485
1623
1594
1539
1572
1535
1275
900
567
204
-251
-583
-645
-649
-945
-1440
-1624
-1300
-833
-648
-647
-461
-66
297
579
915
1224
1287
1193
1167
1175
1053
921
944
846
358
-184
-308
-198
-423
-958
-1318
-1406
-1525
-1725
-1732
-1522
-1319
-1148
-887
-565
-291
53
596
1081
1218
1146
1265
1622
1826
1659
1306
1002
699
266
-219
-612
-937
-1327
-1764
-2086
-2225
-2197
-2014
-1745
-1545
-1466
-1259
-707
-12
434
588
777
1114
1374
1429
1451
1540
1509
1271
1027
911
794
579
352
84
-384
-943
-1276
-1398
-1649
-1932
-1746
-1081
-510
-268
107
854
1528
1799
1874
1968
1922
1683
1520
1454
1198
703
233
-112
-515
-913
-1030
-935
-1038
-1482
-1836
-1682
-1155
-715
-564
-435
-78
426
907
1359
1827
2119
2096
1943
1829
1676
1396
1150
915
340
-544
-1151
-1213
-1258
-1724
-2246
-2402
-2364
-2395
-2309
-1908
-1446
-1132
-813
-388
-8
312
805
1401
1687
1587
1523
1791
2104
2073
1723
1279
810
249
-335
-814
-1211
-1643
-2099
-2420
-2516
-2413
-2114
-1653
-1197
-910
-687
-247
421
1013
1305
1402
1478
1519
1484
1446
1427
1288
951
584
338
138
-109
-346
-572
-964
-1535
-1970
-2087
-2027
-1812
-1253
-456
176
626
1333
2298
2923
2945
2745
2577
2253
1774
1447
1243
802
103
-520
-948
-1295
-1475
-1415
-1434
-1848
-2414
-2558
-2145
-1571
-1184
-940
-565
64
816
1558
2272
2899
3207
3098
2778
2437
2053
1575
1032
309
-723
-1725
-2191
-2198
-2301
-2633
-2787
-2631
-2431
-2224
-1767
-1100
-552
-195
151
494
770
1113
1608
1971
1921
1670
1599
1718
1708
1413
921
290
-468
-1220
-1775
-2123
-2423
-2721
-2855
-2681
-2264
-1685
-956
-175
440
817
1144
1543
1880
2013
1971
1787
1415
951
656
559
378
-31
-448
-674
-836
-1078
-1291
-1393
-1554
-1906
-2257
-2371
-2183
-1573
-435
891
1802
2271
2906
3877
4508
4276
3480
2602
1667
672
-76
-483
-879
-1466
-2033
-2348
-2390
-2072
-1416
-875
-979
-1548
-1748
-1144
-200
413
619
879
1466
2227
2931
3507
3872
3789
3146
2178
1187
280
-561
-1377
-2321
-3449
-4310
-4321
-3612
-2945
-2649
-2278
-1537
-742
-170
359
962
1380
1473
1458
1490
1532
1624
1843
1944
1622
1082
790
741
477
-172
-936
-1625
-2292
-2903
-3216
-3145
-2869
-2524
-2021
-1265
-329
642
1546
2229
2499
2378
2107
1859
1542
1053
519
88
-274
-612
-764
-621
-409
-428
-655
-849
-952
-1058
-1151
-1184
-1278
-1534
-1750
-1650
-1179
-316
998
2452
3422
3737
3942
4357
4467
3733
2363
883
-493
-1633
-2223
-2260
-2198
-2306
-2382
-2209
-1830
-1228
-414
192
62
-630
-1036
-634
243
985
1411
1787
2344
3063
3764
4233
4234
3581
2323
784
-695
-1938
-2910
-3631
-4215
-4718
-4836
-4150
-2785
-1452
-612
-51
518
959
1074
1010
955
809
517
282
283
470
806
1318
1763
1751
1300
822
488
12
-794
-1704
-2461
-3052
-3435
-3364
-2729
-1803
-908
-71
812
1671
2350
2782
2883
2494
1655
756
160
-182
-471
-673
-652
-488
-334
-138
180
415
253
-268
-840
-1285
-1614
-1769
-1635
-1333
-1093
-870
-445
185
849
1668
2772
3685
3790
3247
2812
2588
1966
784
-436
-1377
-2158
-2618
-2347
-1572
-1005
-904
-944
-936
-928
-738
-292
-75
-544
-1263
-1278
-333
973
2051
2828
3449
3909
4143
4138
3824
3024
1605
-237
-2019
-3303
-3935
-4023
-3782
-3477
-3182
-2599
-1471
-143
674
793
650
517
243
-168
-333
-122
152
333
624
1137
1677
2101
2365
2199
1370
168
-835
-1499
-2114
-2729
-3059
-2983
-2664
-2169
-1360
-293
657
1181
1327
1319
1267
1171
1003
693
196
-322
-528
-300
110
420
594
679
592
280
-97
-397
-725
-1241
-1790
-2054
-1913
-1469
-811
-28
622
915
961
1011
1060
1001
1084
1560
2054
2038
1703
1670
1866
1626
818
-58
-770
-1480
-2004
-1935
-1473
-1232
-1325
-1364
-1187
-896
-404
290
701
428
-104
-97
587
1421
1990
2324
2561
2688
2682
2575
2310
1723
670
-717
-2027
-2858
-3119
-3008
-2749
-2473
-2174
-1673
-837
96
650
699
572
450
179
-209
-323
-29
314
466
638
1017
1432
1686
1749
1499
782
-201
-1020
-1520
-1898
-2215
-2312
-2154
-1905
-1575
-983
-161
547
842
807
724
725
743
662
412
21
-359
-514
-378
-108
125
275
333
235
11
-182
-282
-450
-807
-1182
-1294
-1083
-670
-161
360
722
821
789
747
633
446
548
1148
1770
1867
1613
1551
1597
1219
396
-403
-1017
-1589
-1926
-1637
-907
-318
-80
14
82
144
408
849
969
430
-291
-396
229
1076
1734
2161
2413
2455
2288
1941
1401
602
-509
-1825
-3008
-3626
-3518
-2931
-2238
-1648
-1128
-527
182
766
902
588
142
-242
-621
-919
-821
-263
412
929
1348
1755
2011
1982
1641
927
-136
-1244
-2027
-2440
-2637
-2596
-2200
-1567
-974
-481
57
621
959
922
675
471
385
348
293
224
170
160
203
240
224
181
142
12
-312
-728
-1000
-1046
-1008
-987
-886
-615
-217
223
678
1070
1206
1024
650
225
-145
-212
343
1260
1809
1717
1507
1604
1593
975
-39
-957
-1646
-2070
-1905
-1059
-74
519
750
876
929
939
1020
957
367
-615
-1218
-956
-148
681
1372
1984
2457
2661
2522
2001
1149
99
-1048
-2215
-3141
-3421
-2973
-2135
-1273
-499
184
730
1063
1072
681
24
-640
-1200
-1676
-1890
-1545
-712
207
936
1467
1771
1760
1448
841
-90
-1203
-2133
-2639
-2749
-2486
-1800
-829
57
636
1028
1359
1515
1320
808
208
-262
-496
-534
-486
-399
-242
-9
189
271
289
292
199
-91
-492
-798
-895
-832
-707
-539
-279
96
515
887
1192
1357
1232
801
209
-369
-744
-529
360
1256
1467
1229
1263
1503
1276
507
-269
-860
-1382
-1509
-838
225
929
1114
1058
825
465
292
313
19
-810
-1560
-1547
-864
33
943
1765
2267
2360
2192
1796
1074
160
-723
-1579
-2411
-2808
-2401
-1469
-580
79
569
795
717
479
98
-539
-1266
-1726
-1880
-1868
-1535
-682
413
1260
1720
1874
1681
1163
494
-265
-1156
-1987
-2390
-2276
-1803
-1057
-114
721
1131
1153
1012
775
378
-151
-671
-1016
-1047
-716
-190
265
545
739
876
832
574
231
-97
-418
-694
-823
-787
-619
-335
15
317
516
642
689
643
574
455
121
-416
-901
-1197
-1235
-657
610
1802
2128
1913
1928
2008
1491
520
-263
-847
-1428
-1514
-673
463
1057
1159
1105
749
95
-320
-353
-604
-1334
-1860
-1593
-766
238
1356
2381
2846
2697
2300
1755
916
-64
-885
-1598
-2282
-2534
-2015
-1060
-248
268
526
434
67
-300
-653
-1190
-1752
-1948
-1760
-1411
-827
122
1160
1859
2113
1993
1506
785
69
-616
-1370
-2017
-2176
-1773
-1083
-343
330
782
874
654
265
-196
-628
-929
-1074
-1055
-775
-193
480
933
1055
963
773
500
154
-209
-496
-609
-503
-283
-77
123
376
586
610
465
259
54
-97
-149
-211
-465
-821
-1021
-1059
-1040
-632
466
1689
2173
1997
1924
2004
1657
846
152
-286
-720
-909
-387
504
973
921
723
343
-378
-993
-1064
-952
-1199
-1533
-1286
-421
626
1643
2549
3021
2832
2213
1500
764
-13
-754
-1423
-2002
-2247
-1915
-1177
-485
-116
-69
-274
-605
-899
-1129
-1384
-1604
-1564
-1180
-596
81
846
1592
2092
2204
1918
1271
400
-465
-1180
-1736
-2095
-2119
-1736
-1044
-248
426
792
791
503
52
-443
-817
-940
-843
-608
-219
340
904
1272
1377
1218
784
193
-286
-539
-663
-724
-628
-354
-45
222
500
705
634
321
48
-35
-56
-114
-142
-133
-198
-338
-403
-424
-630
-906
-634
374
1443
1875
1836
1810
1705
1264
692
334
-24
-592
-911
-508
257
691
708
546
180
-383
-797
-859
-875
-1095
-1199
-835
-154
558
1306
2091
2569
2474
1971
1349
693
-28
-755
-1393
-1858
-2017
-1813
-1380
-930
-541
-271
-230
-415
-682
-922
-1141
-1271
-1154
-763
-191
468
1119
1623
1901
1957
1679
937
-119
-1085
-1716
-2024
-2051
-1768
-1248
-623
27
599
865
694
282
-94
-382
-639
-753
-574
-158
317
777
1195
1404
1222
740
257
-74
-323
-541
-674
-690
-563
-250
185
532
643
608
544
408
136
-166
-340
-402
-460
-506
-426
-233
-108
-177
-413
-725
-1040
-1090
-504
553
1417
1699
1787
2022
2148
1862
1331
798
141
-544
-717
-207
370
442
163
-141
-486
-839
-960
-839
-801
-925
-861
-437
154
776
1512
2222
2487
2174
1551
899
284
-309
-875
-1447
-1907
-2000
-1649
-1098
-650
-381
-329
-525
-848
-1105
-1204
-1165
-923
-415
201
730
1143
1461
1563
1334
858
228
-539
-1326
-1837
-1851
-1462
-948
-523
-230
29
328
576
572
273
-125
-418
-543
-504
-262
158
626
1011
1209
1162
890
519
159
-212
-601
-860
-816
-514
-122
293
712
1015
1074
916
652
309
-99
-508
-818
-938
-811
-492
-185
-34
42
112
22
-359
-921
-1446
-1787
-1620
-587
1017
2390
3077
3406
3545
3148
2104
898
-83
-1020
-1835
-1945
-1172
-175
443
757
877
565
-167
-879
-1265
-1495
-1699
-1657
-1201
-376
708
1911
2866
3156
2753
1915
902
-118
-1005
-1683
-2172
-2372
-2124
-1511
-817
-268
126
279
68
-456
-1078
-1574
-1814
-1690
-1250
-697
-154
422
1049
1567
1790
1638
1097
259
-587
-1114
-1222
-1063
-804
-488
-109
318
681
832
689
348
-2
-293
-535
-681
-588
-215
283
686
895
939
859
653
338
-13
-271
-333
-189
73
327
495
557
506
356
141
-111
-402
-695
-843
-760
-554
-370
-216
-40
74
26
-122
-264
-433
-662
-810
-768
-604
-327
377
1587
2788
3345
3222
2755
1987
929
-116
-800
-1248
-1643
-1657
-954
134
898
1056
734
24
-901
-1626
-1866
-1711
-1374
-875
-205
535
1327
2148
2775
2833
2230
1247
185
-746
-1416
-1767
-1872
-1811
-1543
-1140
-752
-485
-351
-433
-864
-1503
-2044
-2267
-2097
-1512
-554
485
1298
1777
1943
1836
1533
1108
511
-226
-785
-879
-593
-205
191
579
712
471
107
-129
-309
-559
-702
-595
-378
-159
159
628
1027
1161
1080
886
606
272
-16
-206
-286
-175
119
430
564
506
337
77
-242
-530
-724
-866
-953
-895
-659
-340
-46
164
254
210
80
-66
-195
-265
-242
-157
-61
44
160
302
681
1396
2102
2302
1945
1447
880
119
-647
-1010
-1034
-1118
-1100
-582
278
833
857
568
-33
-942
-1718
-1883
-1488
-925
-326
304
823
1202
1594
1948
1876
1206
273
-567
-1196
-1537
-1530
-1283
-1045
-834
-579
-356
-291
-397
-575
-888
-1292
-1586
-1613
-1345
-813
-4
876
1500
1762
1752
1544
1135
608
104
-324
-586
-600
-389
-78
262
625
832
732
459
215
13
-244
-450
-435
-287
-167
-57
157
406
541
583
598
533
314
30
-158
-205
-134
40
261
379
300
120
1
-50
-117
-220
-323
-425
-542
-589
-492
-317
-201
-193
-201
-158
-90
-1
135
297
358
246
38
-156
-305
-211
306
1065
1573
1599
1421
1135
610
-135
-701
-981
-1284
-1511
-1220
-363
416
702
651
326
-314
-1013
-1324
-1175
-894
-575
-141
320
717
1138
1586
1710
1336
739
152
-362
-758
-910
-852
-795
-724
-616
-557
-597
-651
-601
-654
-812
-897
-845
-696
-447
43
592
922
1043
1057
974
756
555
469
345
209
245
430
511
408
345
263
-35
-415
-610
-581
-579
-582
-386
-86
111
147
168
191
138
99
113
143
131
120
206
361
560
760
861
775
467
71
-292
-563
-710
-784
-803
-772
-638
-338
-10
200
215
85
-98
-291
-397
-411
-381
-296
-113
130
276
274
227
109
-49
41
471
931
972
817
684
389
-152
-641
-695
-661
-748
-578
29
629
732
539
220
-341
-939
-1185
-1001
-714
-430
14
468
754
1000
1302
1393
1026
499
59
-380
-733
-828
-648
-468
-374
-218
-151
-260
-460
-573
-677
-924
-1080
-1014
-763
-363
231
903
1329
1451
1367
1068
585
77
-242
-398
-487
-398
-142
114
298
474
618
530
268
18
-209
-473
-718
-734
-543
-297
-23
264
500
628
741
878
886
688
353
19
-201
-279
-183
-25
59
64
57
81
60
-19
-127
-269
-447
-664
-787
-752
-653
-561
-494
-408
-333
-248
-76
101
206
238
275
291
148
-100
-340
-563
-576
-223
431
925
1078
1137
1001
582
-29
-378
-473
-694
-807
-485
153
531
534
509
294
-198
-684
-859
-760
-648
-378
100
505
788
1071
1370
1389
1064
685
233
-274
-628
-690
-579
-550
-477
-304
-198
-227
-332
-416
-615
-874
-999
-992
-879
-605
-128
352
644
800
853
737
485
268
170
108
73
143
262
342
404
480
515
443
328
189
-48
-310
-469
-473
-420
-385
-309
-195
-48
154
416
678
811
799
678
483
289
133
19
-110
-280
-412
-466
-472
-486
-494
-444
-390
-410
-494
-561
-548
-538
-563
-544
-461
-351
-267
-145
62
281
459
575
618
501
147
-315
-740
-1051
-1136
-851
-202
430
752
938
1076
1037
682
298
145
-33
-249
-186
318
854
1014
1039
938
516
-91
-485
-512
-539
-600
-480
-292
-179
-18
403
796
761
505
238
-60
-360
-476
-359
-272
-211
-38
101
63
-73
-137
-290
-612
-813
-831
-824
-800
-530
-80
165
230
340
446
399
369
549
711
671
632
676
593
344
188
172
45
-153
-176
-99
-144
-226
-149
-29
-59
-120
-108
-143
-237
-244
-139
-85
-77
4
69
49
73
255
432
423
296
114
-202
-579
-817
-891
-939
-966
-863
-694
-515
-291
-51
78
20
-73
-129
-213
-285
-255
-144
-71
-22
31
-1
-136
-258
-323
-314
-132
298
773
995
1066
1142
1149
946
646
474
332
206
280
590
870
864
716
491
73
-435
-786
-888
-947
-997
-850
-575
-358
-201
61
377
498
450
381
304
173
44
34
82
126
211
301
281
117
-40
-153
-328
-554
-731
-809
-813
-722
-501
-272
-152
-97
-50
-10
55
230
456
561
562
605
689
695
632
613
595
468
309
223
132
-54
-260
-385
-512
-698
-818
-780
-648
-495
-306
-135
-76
-96
-94
-59
-46
-30
37
111
148
172
187
151
52
-48
-172
-361
-536
-607
-596
-583
-552
-446
-299
-174
-71
33
100
79
23
5
29
50
57
93
165
219
209
153
89
-5
-96
2
357
749
961
1049
1085
970
671
395
301
224
66
21
215
424
413
301
163
-144
-608
-991
-1120
-1091
-990
-748
-402
-91
131
371
621
707
604
437
277
90
-138
-277
-265
-153
-21
95
196
219
151
40
-82
-244
-457
-616
-629
-525
-383
-207
22
226
292
234
151
76
-10
-68
-48
14
77
184
361
516
533
408
219
-11
-294
-565
-706
-687
-569
-395
-163
80
232
267
237
157
-31
-289
-473
-499
-425
-298
-78
191
367
382
289
129
-105
-335
-435
-387
-269
-112
127
382
506
481
395
269
57
-214
-425
-521
-519
-399
-131
196
419
478
426
298
95
-85
-84
51
163
208
267
352
388
379
363
284
90
-113
-147
-22
101
193
285
320
242
130
100
161
234
268
246
142
-28
-148
-149
-116
-145
-233
-303
-331
-349
-339
-246
-86
36
58
21
-24
-56
-66
-64
-78
-171
-308
-382
-352
-260
-147
-22
76
81
18
-22
0
30
28
16
-19
-109
-201
-201
-103
-12
20
33
36
-39
-194
-354
-450
-486
-479
-415
-301
-169
-40
119
298
425
466
446
417
383
345
352
438
534
534
418
246
59
-134
-292
-386
-442
-505
-540
-479
-353
-230
-129
-37
15
-10
-57
-46
40
161
301
427
471
394
236
79
-52
-152
-183
-106
12
84
112
144
172
163
128
88
57
45
114
297
517
650
663
562
356
83
-159
-297
-320
-270
-214
-190
-196
-183
-117
-24
24
4
-57
-123
-159
-140
-68
17
79
86
26
-79
-188
-256
-297
-353
-429
-509
-554
-542
-465
-334
-203
-95
-7
71
132
178
225
267
275
235
171
112
65
45
56
76
73
49
15
-32
-104
-175
-214
-205
-165
-95
12
139
263
361
417
417
352
246
152
106
110
146
214
287
319
268
146
-4
-158
-298
-407
-456
-449
-388
-275
-129
-1
67
81
40
-48
-151
-217
-229
-211
-167
-100
-40
-34
-87
-151
-193
-210
-177
-49
110
205
220
197
166
138
142
186
236
258
295
415
560
613
556
411
189
-67
-252
-300
-218
-86
6
25
-29
-124
-199
-222
-226
-255
-296
-310
-274
-196
-100
1
89
111
52
-44
-117
-143
-116
-53
6
14
-35
-97
-116
-101
-102
-133
-183
-232
-272
-260
-164
-13
128
220
266
280
276
290
335
360
322
237
150
72
-1
-49
-57
-43
-40
-39
-12
38
95
155
199
203
165
119
109
145
199
252
306
323
281
191
76
-54
-201
-338
-444
-508
-535
-507
-417
-305
-218
-168
-144
-152
-191
-231
-240
-220
-181
-119
-47
1
0
-35
-88
-145
-195
-188
-119
-50
-17
-10
6
26
51
85
138
201
287
427
616
775
842
811
687
494
279
114
29
12
-2
-50
-133
-237
-330
-376
-373
-359
-356
-352
-326
-280
-222
-150
-61
22
67
66
39
10
4
25
50
48
2
-71
-140
-171
-162
-132
-86
-43
-21
-18
0
58
130
176
175
135
68
1
-30
-15
18
44
67
76
59
23
1
6
21
32
54
100
173
263
350
404
389
307
198
99
24
-22
-32
-19
-18
-52
-111
-176
-247
-318
-377
-421
-454
-473
-457
-400
-325
-250
-176
-101
-36
11
43
57
45
7
-39
-74
-96
-114
-130
-155
-193
-229
-234
-195
-92
43
162
234
261
260
257
275
323
385
436
493
571
656
691
659
557
380
171
4
-80
-100
-86
-76
-95
-147
-198
-208
-181
-153
-153
-177
-213
-236
-215
-155
-87
-54
-63
-92
-112
-113
-94
-63
-47
-63
-109
-156
-173
-147
-83
-6
66
119
159
195
235
265
276
258
211
138
63
7
-14
-9
3
8
-3
-33
-79
-118
-141
-144
-131
-97
-43
26
95
151
183
179
141
79
9
-54
-95
-119
-140
-170
-212
-271
-337
-400
-447
-467
-464
-439
-407
-371
-337
-298
-248
-195
-142
-93
-52
-26
-20
-32
-50
-48
-24
46
152
253
310
307
256
192
148
139
169
226
307
407
520
607
661
667
621
537
454
389
348
328
302
243
139
16
-91
-162
-209
-248
-285
-329
-381
-422
-430
-397
-321
-218
-109
-23
23
29
23
1
-35
-74
-109
-126
-127
-101
-53
-5
17
-2
-54
-113
-148
-150
-116
-62
-4
41
76
115
163
207
237
249
235
197
164
151
157
166
166
148
107
56
19
3
-9
-28
-59
-97
-131
-150
-150
-134
-117
-112
-124
-151
-174
-183
-182
-181
-190
-216
-262
-317
-367
-405
-430
-438
-417
-371
-308
-239
-168
-113
-82
-65
-48
-25
2
35
69
102
123
147
179
229
282
312
305
259
194
143
122
142
197
275
371
472
567
630
644
604
511
389
267
179
135
132
140
135
101
39
-34
-99
-156
-217
-288
-362
-422
-452
-439
-378
-285
-182
-92
-31
-2
0
-16
-53
-107
-168
-215
-235
-217
-162
-98
-47
-29
-34
-55
-76
-75
-43
6
56
103
156
215
284
355
412
431
400
327
226
116
12
-71
-130
-168
-193
-206
-202
-187
-172
-171
-186
-213
-240
-251
-233
-191
-138
-90
-55
-37
-33
-34
-37
-47
-71
-110
-161
-217
-267
-297
-300
-285
-256
-219
-172
-124
-75
-39
-22
-21
-29
-31
-11
30
88
145
193
225
244
262
285
320
358
376
373
359
347
347
367
402
432
456
474
484
478
452
401
325
230
133
52
0
-29
-42
-56
-83
-124
-167
-196
-215
-229
-245
-262
-278
-284
-278
-256
-223
-190
-166
-162
-181
-224
-282
-343
-399
-439
-452
-427
-357
-247
-117
9
109
171
205
223
239
263
290
318
350
385
420
439
432
392
312
193
47
-110
-254
-369
-455
-507
-524
-502
-448
-378
-309
-254
-225
-220
-227
-238
-246
-242
-216
-168
-108
-47
7
40
39
5
-49
-118
-194
-260
-302
-313
-291
-237
-154
-49
61
173
266
319
327
303
267
243
250
299
382
485
595
699
785
833
833
785
696
587
485
404
356
338
334
326
304
271
222
152
53
-71
-212
-350
-466
-541
-570
-554
-500
-421
-339
-274
-236
-224
-235
-260
-290
-315
-323
-312
-277
-221
-154
-97
-68
-73
-116
-189
-277
-366
-444
-498
-524
-507
-450
-360
-249
-134
-26
62
133
188
238
285
336
389
444
493
537
569
584
581
554
499
419
320
207
93
-6
-84
-141
-181
-209
-223
-234
-242
-248
-263
-287
-315
-340
-357
-364
-359
-340
-305
-252
-188
-126
-76
-41
-20
-14
-15
-16
-6
19
57
106
160
212
251
270
262
229
179
128
81
48
26
15
21
38
67
97
124
143
159
179
207
239
277
311
340
361
377
382
372
346
302
241
160
71
-23
-116
-198
-263
-312
-341
-345
-331
-316
-304
-294
-284
-272
-259
-241
-215
-184
-147
-100
-53
-8
25
44
51
45
33
18
12
12
13
13
15
22
35
53
73
92
102
96
76
48
17
-8
-20
-23
-23
-29
-40
-56
-77
-111
-152
-197
-240
-274
-292
-289
-266
-239
-212
-193
-179
-172
-164
-155
-154
-160
-164
-171
-176
-173
-153
-118
-67
2
68
125
169
206
232
262
307
373
450
532
615
687
725
723
681
598
492
393
318
267
248
244
241
214
171
117
58
2
-45
-84
-121
-147
-158
-150
-130
-100
-73
-57
-60
-85
-125
-176
-228
-279
-319
-346
-357
-350
-331
-311
-298
-305
-327
-361
-394
-415
-421
-410
-391
-362
-327
-286
-244
-199
-159
-131
-111
-93
-80
-63
-34
7
56
114
173
227
273
305
322
326
322
318
313
303
281
256
221
184
149
113
75
36
-6
-45
-84
-118
-143
-154
-152
-139
-119
-96
-73
-59
-62
-75
-93
-108
-104
-65
-9
48
91
114
114
103
99
107
132
174
244
332
423
484
511
492
434
357
282
224
191
187
184
169
142
110
73
36
-7
-62
-128
-192
-246
-283
-298
-284
-246
-198
-145
-104
-86
-88
-108
-145
-190
-231
-254
-252
-229
-191
-152
-131
-132
-156
-198
-247
-290
-312
-316
-297
-263
-219
-171
-120
-76
-47
-25
-6
6
15
19
25
34
45
64
102
149
204
259
302
319
307
271
217
166
132
115
118
132
143
143
127
88
31
-36
-103
-156
-194
-209
-201
-179
-153
-125
-99
-84
-75
-73
-74
-77
-76
-68
-55
-38
-15
10
31
58
86
120
159
189
196
173
133
92
67
68
97
147
201
254
299
319
304
261
204
146
100
76
77
101
130
154
156
141
111
73
28
-26
-82
-135
-171
-187
-185
-171
-142
-113
-95
-91
-105
-131
-163
-192
-215
-227
-227
-211
-183
-153
-131
-120
-126
-147
-178
-212
-240
-251
-246
-228
-208
-189
-174
-161
-156
-157
-157
-161
-161
-152
-141
-129
-116
-99
-79
-60
-41
-20
6
38
70
99
119
130
142
153
168
187
207
227
242
247
241
231
223
215
207
201
195
193
195
204
218
232
248
263
272
278
285
292
305
323
340
348
349
336
309
265
210
144
81
27
-13
-34
-41
-42
-44
-57
-86
-122
-159
-190
-212
-220
-222
-214
-205
-199
-198
-207
-223
-245
-270
-298
-318
-330
-334
-324
-308
-290
-272
-258
-250
-249
-253
-261
-267
-270
-268
-258
-242
-221
-198
-178
-162
-156
-156
-164
-174
-183
-185
-177
-155
-122
-80
-35
12
51
83
104
114
122
136
156
183
210
233
247
253
259
264
274
283
292
298
296
285
275
268
269
277
293
309
319
319
304
279
254
235
228
237
259
282
292
285
262
233
204
183
175
177
186
196
198
181
145
93
34
-21
-63
-92
-110
-124
-142
-171
-210
-253
-295
-331
-361
-388
-407
-412
-402
-375
-336
-296
-267
-249
-244
-250
-258
-262
-261
-256
-252
-256
-260
-267
-271
-271
-272
-278
-286
-296
-297
-282
-250
-203
-151
-106
-75
-61
-55
-48
-36
-15
8
34
62
89
117
144
164
176
172
162
145
139
147
170
198
224
240
246
244
241
237
234
228
223
220
223
233
251
275
294
304
294
270
240
216
205
210
230
253
269
270
248
213
174
138
113
98
92
92
96
102
105
96
70
30
-17
-59
-87
-96
-89
-74
-63
-62
-69
-81
-90
-98
-108
-123
-141
-163
-183
-200
-217
-231
-246
-269
-298
-333
-365
-388
-399
-402
-401
-397
-390
-378
-358
-334
-311
-294
-285
-283
-282
-280
-271
-255
-229
-201
-174
-152
-136
-124
-111
-95
-74
-47
-20
3
28
58
96
143
189
231
260
283
305
331
370
420
467
506
523
521
509
491
476
461
441
419
406
400
401
405
400
376
339
287
235
197
178
167
160
140
108
67
22
-23
-65
-100
-136
-170
-203
-233
-252
-260
-263
-267
-277
-297
-317
-335
-346
-349
-347
-344
-336
-331
-327
-323
-321
-318
-317
-319
-319
-313
-294
-262
-220
-171
-120
-72
-30
7
34
55
71
88
103
116
122
127
133
132
130
121
108
91
75
62
57
54
57
62
67
73
78
87
97
106
109
105
99
90
81
72
63
55
47
39
29
19
8
-4
-13
-18
-16
-9
3
16
31
43
53
62
73
82
92
102
107
112
116
120
119
110
96
81
65
56
56
63
73
83
89
92
87
77
60
35
7
-23
-48
-66
-79
-87
-95
-107
-121
-139
-158
-174
-190
-203
-214
-220
-222
-217
-207
-195
-181
-166
-153
-145
-141
-138
-134
-130
-117
-104
-86
-68
-48
-30
-13
1
13
23
35
55
78
105
132
159
183
197
204
202
196
187
178
168
157
144
130
116
101
87
76
71
73
80
89
100
108
115
117
113
102
92
79
72
67
61
52
38
16
-15
-51
-86
-116
-138
-152
-160
-168
-174
-176
-177
-169
-162
-150
-138
-128
-119
-113
-106
-96
-87
-76
-69
-63
-58
-52
-50
-50
-53
-59
-66
-72
-74
-71
-62
-47
-32
-20
-11
-3
3
8
10
12
9
5
3
3
4
12
24
38
51
60
71
79
83
86
83
81
77
74
75
84
96
108
114
114
102
86
70
54
46
43
48
60
76
94
113
126
132
130
122
110
99
92
88
91
96
98
97
91
79
66
44
22
-2
-24
-43
-57
-62
-61
-53
-43
-35
-31
-31
-38
-49
-65
-84
-101
-117
-130
-140
-148
-154
-162
-170
-183
-200
-214
-228
-236
-237
-233
-221
-207
-192
-178
-164
-149
-133
-117
-99
-83
-69
-54
-39
-25
-12
1
11
19
24
28
30
32
36
45
57
71
86
100
113
125
136
147
158
169
181
193
204
212
218
216
211
200
187
179
173
172
174
174
172
167
154
137
116
97
75
56
42
32
29
30
33
31
22
6
-14
-33
-49
-60
-65
-60
-52
-39
-25
-17
-14
-20
-35
-55
-78
-96
-110
-117
-120
-120
-118
-116
-120
-124
-132
-143
-153
-161
-164
-164
-159
-149
-139
-131
-128
-127
-129
-132
-134
-138
-141
-142
-143
-143
-144
-142
-141
-137
-132
-125
-118
-110
-99
-84
-63
-43
-18
9
32
53
68
80
90
99
112
128
146
165
185
204
222
234
241
244
238
230
221
214
212
220
231
247
257
263
265
262
255
246
236
220
201
182
164
144
124
101
76
48
19
-13
-43
-70
-91
-108
-124
-137
-149
-157
-166
-172
-183
-196
-206
-214
-217
-214
-207
-196
-186
-179
-176
-177
-178
-182
-184
-184
-181
-177
-168
-155
-143
-129
-119
-115
-114
-119
-123
-125
-123
-114
-100
-80
-58
-37
-18
-2
9
16
21
26
29
36
47
57
67
75
80
84
87
88
92
92
92
93
93
92
93
95
100
106
112
122
132
143
155
165
172
178
180
180
177
171
167
164
163
157
147
136
126
118
108
100
89
80
76
72
63
51
37
25
14
2
-9
-22
-30
-38
-46
-56
-70
-83
-96
-111
-132
-153
-168
-179
-181
-182
-183
-183
-182
-178
-177
-183
-187
-190
-190
-185
-179
-170
-161
-149
-141
-140
-141
-139
-134
-124
-110
-99
-87
-73
-62
-51
-41
-26
-10
8
28
44
56
67
75
81
88
96
105
116
124
131
133
135
133
132
132
132
133
134
137
138
139
138
137
136
134
131
127
123
116
105
95
87
84
87
91
95
98
97
96
89
81
71
62
56
47
40
34
28
26
21
10
-1
-14
-25
-37
-49
-59
-70
-78
-87
-97
-107
-118
-127
-131
-135
-138
-141
-145
-145
-147
-153
-159
-163
-161
-155
-150
-148
-148
-146
-146
-148
-150
-154
-151
-143
-133
-123
-114
-106
-100
-99
-97
-90
-77
-60
-45
-34
-28
-23
-14
1
21
41
62
80
95
105
112
121
131
146
161
176
192
207
219
223
218
205
190
180
178
181
189
197
202
201
195
185
177
171
166
158
146
131
119
109
99
87
76
64
53
40
29
14
-2
-21
-42
-61
-77
-89
-94
-97
-98
-101
-104
-108
-113
-118
-126
-133
-135
-134
-133
-132
-134
-139
-146
-153
-161
-168
-171
-173
-170
-165
-162
-155
-152
-151
-152
-153
-151
-146
-138
-128
-120
-109
-101
-94
-88
-82
-73
-63
-52
-43
-34
-27
-19
-10
1
10
20
30
39
51
60
70
79
86
91
98
105
115
126
135
139
138
136
136
141
151
160
167
171
173
174
174
173
173
171
167
159
152
146
140
134
126
118
109
101
92
85
79
72
66
57
44
32
21
10
3
-2
-6
-13
-24
-36
-51
-67
-83
-96
-106
-114
-122
-126
-127
-129
-131
-135
-144
-151
-158
-161
-160
-158
-154
-152
-149
-146
-139
-131
-121
-114
-115
-119
-124
-126
-124
-117
-108
-101
-93
-85
-78
-75
-76
-79
-82
-83
-77
-64
-47
-26
-6
9
18
24
29
39
52
66
82
96
110
121
130
136
140
144
151
161
170
176
180
177
173
165
158
155
156
161
161
158
150
136
121
109
101
97
92
87
78
66
53
39
28
18
9
4
4
4
5
2
-5
-17
-30
-43
-54
-61
-64
-67
-68
-71
-79
-85
-94
-104
-113
-121
-128
-133
-135
-138
-142
-144
-143
-135
-124
-115
-108
-106
-106
-106
-106
-105
-98
-84
-68
-52
-43
-40
-43
-49
-54
-56
-56
-54
-46
-38
-29
-23
-16
-13
-12
-12
-11
-6
-1
5
14
18
23
27
33
43
54
67
75
85
92
97
99
100
100
103
108
116
125
132
138
140
137
129
119
107
99
93
91
91
88
83
76
71
69
70
72
71
65
58
49
41
33
26
22
14
6
-2
-10
-20
-33
-47
-61
-77
-87
-91
-92
-89
-85
-83
-83
-84
-87
-92
-94
-95
-97
-97
-96
-96
-95
-95
-96
-94
-90
-85
-77
-67
-58
-50
-42
-36
-31
-25
-21
-15
-6
1
9
14
14
19
19
23
28
30
31
30
30
33
39
46
55
61
62
58
54
49
45
40
35
30
25
20
16
15
14
12
11
9
7
4
4
3
0
-1
-2
0
5
10
11
12
9
3
-6
-15
-24
-29
-29
-26
-19
-13
-8
-3
-1
-4
-9
-12
-12
-8
1
11
19
22
24
22
19
17
17
19
22
25
28
28
28
25
23
20
17
12
10
7
4
0
-5
-10
-14
-18
-18
-19
-19
-16
-17
-17
-16
-17
-17
-15
-15
-14
-13
-12
-11
-12
-15
-18
-17
-17
-15
-14
-9
-5
-1
-1
-5
-8
-11
-12
-10
-8
-4
1
6
10
12
16
16
15
13
11
9
9
11
13
14
18
22
25
28
25
21
14
9
7
8
9
11
11
8
3
-3
-9
-13
-17
-19
-20
-21
-20
-23
-26
-30
-33
-31
-23
-15
-4
4
9
11
9
3
-4
-7
-7
-2
4
11
15
15
9
0
-8
-15
-16
-12
-5
2
8
11
14
13
13
12
13
13
13
10
4
-4
-10
-16
-18
-16
-13
-6
1
6
10
12
12
12
11
12
12
11
11
9
8
3
-2
-6
-10
-12
-17
-18
-22
-25
-28
-30
-29
-23
-17
-7
2
9
16
18
17
14
10
7
3
1
1
2
2
3
2
-2
-3
-3
-3
-2
0
4
5
5
4
2
2
3
5
4
0
-3
-7
-11
-14
-17
-19
-19
-17
-12
-7
-2
1
2
2
1
2
3
6
8
10
9
9
7
5
4
3
0
-2
-6
-8
-11
-10
-8
-4
1
3
5
8
11
15
20
22
23
22
23
21
19
17
15
14
15
17
18
19
20
19
19
18
15
14
16
16
16
13
11
10
7
4
0
-5
-10
-14
-18
-21
-25
-26
-27
-26
-22
-19
-16
-12
-10
-9
-12
-14
-18
-21
-22
-24
-25
-26
-26
-28
-30
-33
-36
-34
-33
-30
-27
-24
-20
-17
-13
-8
-6
-4
-1
1
4
6
7
9
9
9
8
10
9
11
13
15
16
16
16
17
18
18
21
23
25
26
25
23
24
22
23
24
24
26
26
27
26
24
21
19
19
20
20
20
20
16
9
1
-3
-8
-11
-12
-11
-12
-12
-14
-16
-19
-23
-25
-27
-27
-25
-22
-22
-22
-25
-27
-28
-27
-25
-23
-20
-20
-20
-21
-23
-24
-23
-22
-20
-15
-14
-11
-8
-8
-10
-12
-14
-14
-13
-11
-10
-8
-7
-4
0
2
7
12
18
25
32
39
43
45
46
47
47
49
50
52
53
53
49
44
41
37
35
33
30
28
26
24
22
20
19
17
15
10
5
0
-5
-9
-10
-12
-13
-14
-14
-14
-16
-19
-21
-24
-25
-25
-26
-27
-28
-28
-30
-31
-32
-34
-35
-37
-39
-42
-46
-49
-52
-54
-56
-57
-55
-50
-43
-37
-32
-28
-23
-19
-19
-18
-18
-15
-11
-8
-6
-5
-4
-2
-1
-2
-3
-6
-7
-6
-5
-3
-2
2
6
10
15
20
23
25
25
23
21
20
20
23
25
26
30
35
40
46
50
51
53
51
51
50
52
54
58
64
68
71
73
73
69
64
56
48
41
34
29
27
26
26
26
27
25
21
15
10
1
-6
-12
-17
-21
-25
-26
-26
-28
-30
-35
-42
-47
-54
-58
-63
-68
-72
-73
-73
-71
-68
-64
-62
-62
-62
-64
-66
-68
-66
-65
-64
-61
-56
-51
-45
-40
-34
-32
-29
-27
-25
-21
-18
-14
-9
-5
1
6
12
18
24
27
29
29
28
25
23
21
21
23
27
30
32
34
34
32
32
32
32
32
32
36
36
34
33
33
33
35
37
40
40
38
37
34
31
28
27
30
34
38
42
45
45
45
41
39
33
28
23
20
20
20
20
19
16
12
8
2
-2
-8
-15
-19
-24
-26
-26
-25
-24
-26
-28
-31
-37
-44
-52
-59
-64
-67
-68
-67
-67
-66
-67
-66
-68
-69
-70
-70
-68
-63
-56
-49
-45
-39
-34
-28
-21
-17
-11
-8
-6
-5
-2
0
4
10
13
17
24
30
33
38
42
45
46
47
48
49
51
56
60
62
63
62
61
60
59
57
53
50
43
38
33
31
32
34
36
35
34
33
28
23
15
8
3
-2
-6
-7
-8
-8
-11
-13
-16
-20
-23
-25
-27
-27
-27
-29
-29
-29
-26
-23
-21
-17
-15
-16
-17
-20
-23
-26
-30
-30
-32
-33
-31
-28
-25
-24
-23
-23
-22
-24
-23
-24
-25
-24
-24
-22
-19
-17
-13
-13
-12
-13
-17
-20
-22
-24
-23
-19
-15
-12
-6
-2
0
1
5
9
12
17
20
21
23
22
22
23
22
22
25
26
26
27
26
26
26
26
25
25
26
29
30
33
35
33
32
31
28
26
21
19
17
15
14
10
9
8
6
6
5
2
0
-4
-4
-3
-4
-4
-5
-4
-5
-4
-4
-7
-11
-15
-19
-21
-23
-22
-21
-20
-20
-19
-19
-20
-19
-19
-19
-17
-15
-13
-13
-13
-12
-11
-11
-8
-7
-4
-1
2
3
2
1
0
1
3
5
7
10
10
11
12
13
11
10
10
8
9
8
8
7
5
4
2
-1
-3
-4
-5
-7
-7
-7
-5
-2
-2
0
-1
0
-1
0
0
-2
-4
-7
-9
-11
-13
-16
-18
-20
-21
-20
-18
-17
-17
-16
-15
-12
-10
-8
-5
-2
1
1
4
6
6
8
8
8
9
8
7
7
6
7
8
8
9
11
13
14
14
14
13
11
12
13
16
17
18
17
14
13
12
11
11
10
7
6
5
6
4
5
4
4
3
1
2
2
1
0
-2
-5
-6
-9
-11
-12
-14
-14
-13
-13
-13
-12
-9
-9
-8
-8
-5
-5
-3
2
4
7
7
5
4
5
4
3
3
2
1
-1
-4
-6
-6
-5
-6
-7
-8
-7
-9
-8
-9
-8
-7
-7
-6
-7
-7
-8
-7
-8
-9
-10
-12
-12
-12
-12
-11
-11
-11
-11
-7
-4
0
3
5
6
5
6
7
6
7
7
10
12
13
15
15
13
12
10
10
11
12
12
14
15
16
15
14
14
14
13
14
14
13
10
6
4
2
0
0
0
0
1
0
-1
-1
-3
-5
-5
-6
-4
-3
-1
-1
-1
0
1
1
0
-1
-2
-3
-3
-4
-3
-5
-5
-5
-5
-6
-6
-6
-7
-10
-11
-12
-12
-12
-12
-12
-11
-11
-11
-12
-12
-14
-14
-15
-17
-18
-17
-15
-14
-12
-11
-7
-5
-6
-5
-6
-6
-4
-4
-4
-4
-4
-2
0
1
2
3
3
2
2
0
0
1
4
8
12
12
14
15
17
19
21
21
22
21
22
23
23
23
23
24
21
20
19
18
16
15
16
14
13
11
9
6
7
9
8
6
3
-2
-6
-8
-8
-6
-6
-7
-9
-10
-11
-11
-14
-15
-17
-17
-19
-18
-16
-17
-17
-18
-16
-16
-15
-13
-13
-12
-13
-13
-13
-12
-11
-10
-8
-7
-7
-6
-6
-6
-5
-4
-4
-2
-2
-1
1
3
5
6
6
6
6
6
7
8
8
9
8
11
10
9
8
7
6
6
6
7
7
6
6
4
5
5
6
6
6
6
7
7
6
5
3
2
3
3
3
3
3
2
1
1
1
0
0
2
0
2
3
1
2
1
-1
-2
-3
-3
-2
-2
-3
-2
-2
-3
-5
-6
-6
-6
-6
-7
-7
-8
-8
-8
-9
-11
-12
-12
-12
-12
-10
-8
-7
-8
-8
-8
-9
-9
-10
-10
-9
-7
-4
-1
0
1
0
-1
0
2
3
4
6
8
8
9
8
8
8
8
9
8
9
10
12
12
14
13
14
14
14
13
14
13
14
15
13
12
12
11
10
9
8
5
4
4
2
-1
-1
-3
-3
-4
-5
-6
-7
-9
-9
-8
-8
-7
-5
-4
-4
-5
-7
-9
-10
-9
-7
-7
-7
-7
-8
-9
-10
-9
-10
-9
-9
-10
-9
-7
-8
-8
-8
-8
-9
-11
-9
-8
-7
-6
-7
-6
-6
-4
-3
-1
-1
-1
-1
-1
-2
-2
-1
-1
0
1
1
1
2
2
2
2
2
3
4
6
7
8
9
9
9
8
9
9
11
13
14
16
17
15
15
13
14
15
14
15
16
16
14
13
13
10
10
9
8
5
5
4
4
3
3
1
-2
-1
-2
-3
