-1
0
-1
-1
0
0
0
0
0
-1
0
-1
-1
-1
1
0
0
-1
-2
-2
-1
0
-1
-3
-3
-3
-1
-1
-2
-3
-2
-2
-2
-2
-2
-1
-1
-1
1
1
0
-1
-1
-1
-1
1
1
0
-2
-1
0
0
-1
-1
-2
-1
1
1
1
0
0
0
-1
-2
-1
-1
0
-1
-1
0
0
1
0
0
0
-1
0
0
-1
-2
-1
0
0
-2
0
1
2
1
1
2
2
3
2
1
1
1
0
1
0
0
2
0
-1
-2
-2
0
1
1
1
0
2
1
0
0
-1
0
0
0
0
1
2
2
1
1
3
3
4
4
3
4
4
2
1
2
3
3
2
2
2
2
2
3
1
1
2
1
1
0
1
1
0
-1
0
-2
-2
-2
-1
-2
-2
-2
-2
-2
-3
-3
-4
-2
-1
-1
-1
0
0
0
-2
-2
0
-1
-1
-3
-1
-2
-1
-3
-4
-3
-3
-3
-3
-4
-3
-1
-1
-1
-2
-4
-2
-3
-1
-1
-2
-1
-1
-1
0
1
-2
-1
-1
-1
0
0
0
1
2
1
0
2
1
0
-1
-2
-1
-1
0
0
-1
0
0
0
0
-1
0
-1
0
0
2
2
3
4
3
4
4
2
2
1
2
1
1
1
0
-2
-1
-2
-3
-4
-3
0
-1
1
-1
-1
-2
-2
-1
0
0
0
-1
-1
-2
-1
-1
0
-1
-2
-2
0
1
0
-1
-1
0
0
1
2
3
4
2
0
0
2
2
2
3
2
2
4
4
3
3
3
4
3
1
2
2
3
2
2
2
3
3
3
1
1
2
1
1
0
0
1
2
1
0
0
0
-1
-2
-2
-3
-2
0
-1
-1
-1
1
1
-1
-2
-1
0
0
-1
-2
-3
-2
-2
-2
-2
-3
-1
-2
-2
-2
-1
0
0
-1
0
0
0
-1
0
-1
1
3
4
3
2
2
2
0
-1
-2
0
-1
-3
-3
-2
0
1
0
-2
-3
-3
-3
-3
-2
-2
-2
-2
-1
-4
-3
-3
-3
-4
-4
-3
-2
-1
-2
-2
-3
-3
-2
-2
0
1
-1
-2
-1
-2
-2
-1
-2
-3
-5
-6
-3
-4
-3
-3
-3
-3
-3
-3
-3
-3
-3
-2
0
0
0
1
2
1
-1
1
2
5
6
6
7
5
5
5
4
3
4
4
5
3
3
3
5
4
4
3
3
4
3
5
4
4
6
5
5
4
3
4
6
5
3
2
2
2
2
2
2
3
3
3
3
4
5
5
4
4
5
4
3
1
-1
-2
-2
-2
-2
-3
-3
-4
-5
-5
-6
-7
-7
-6
-5
-6
-4
-2
0
0
0
0
0
-1
-1
-2
-1
0
1
2
0
0
-1
0
1
0
1
1
0
-2
-1
-2
-2
-2
-5
-4
-3
-3
-3
-2
-2
0
1
-1
-1
1
1
3
2
3
1
1
1
0
-1
-1
1
-1
-3
-4
-3
-3
-3
-3
-2
-2
-3
-3
-2
-2
-2
-2
-2
-3
-5
-6
-6
-5
-5
-7
-4
-4
-5
-4
-4
-1
0
-1
-2
-2
0
-1
-1
-2
-2
-2
-1
1
0
1
1
1
2
1
1
1
3
2
1
1
1
1
3
3
3
6
6
8
7
7
6
8
10
12
13
13
12
9
5
2
3
5
6
7
8
7
6
5
2
1
1
1
3
5
7
7
5
3
1
-2
-3
1
3
6
7
6
2
-1
-4
-5
-4
-1
2
2
2
-1
-6
-9
-11
-12
-11
-9
-7
-5
-5
-5
-4
-4
-5
-4
-4
0
1
0
0
-4
-2
-2
-2
-3
-2
-1
-1
-3
-4
-6
-6
-5
-4
-3
-2
-2
-4
-8
-10
-10
-6
-3
1
4
6
7
2
-1
-3
-1
2
8
11
14
13
8
1
-6
-9
-7
-2
4
7
9
7
1
-5
-10
-11
-11
-3
3
8
10
8
6
0
-5
-5
0
6
13
16
15
12
5
-1
-8
-10
-7
-2
2
1
-1
-4
-10
-16
-22
-19
-11
-3
3
5
4
-1
-7
-10
-11
-6
1
10
17
15
11
4
-1
-4
-4
1
9
17
18
12
6
-2
-10
-14
-10
-3
6
11
12
7
-1
-9
-12
-11
-4
5
12
15
14
6
-3
-9
-11
-8
-1
8
13
14
8
-1
-8
-15
-12
-2
6
13
16
11
3
-6
-13
-11
-5
6
17
21
18
8
-4
-11
-13
-12
-3
8
12
14
9
-6
-14
-23
-25
-19
-11
0
4
2
-3
-11
-18
-21
-19
-11
-2
1
4
3
0
-2
-5
-10
-8
-3
5
10
11
16
14
3
1
-5
-9
0
11
21
29
17
8
4
-6
-13
-10
1
14
18
23
28
15
-7
-19
-22
-9
3
14
31
24
1
-16
-25
-32
-31
-15
3
21
24
10
5
-4
-23
-33
-23
-1
17
31
43
36
5
-16
-20
-22
-4
7
13
24
9
-9
-9
-11
-30
-45
-35
-21
-8
0
9
3
-28
-41
-39
-31
-13
-14
6
19
10
9
4
3
-6
-18
-12
14
21
16
34
27
10
14
-3
-2
18
3
9
36
37
22
25
8
-22
-18
-19
0
24
15
19
17
7
10
-2
-8
-2
-12
-10
21
33
19
16
-1
-19
-36
-48
-25
-1
5
6
3
5
-13
-22
-11
-14
-19
-12
5
22
44
30
-13
-12
-24
-39
12
38
13
10
-9
-30
-6
-9
-26
1
-16
-35
6
8
9
4
-36
-25
-32
-40
5
24
26
9
-15
-8
5
5
11
39
14
-15
16
12
28
26
-16
1
-8
-23
20
35
11
7
-2
-25
8
18
-13
11
2
-15
7
10
22
5
-14
-1
-13
-11
21
22
6
17
-16
-25
30
2
-13
33
-2
-26
12
13
-7
4
-19
-36
5
10
26
40
21
12
-39
-19
22
-24
13
34
-18
-20
9
3
-51
-31
-14
-46
2
-4
-16
12
-14
-39
-33
8
-8
-43
9
11
-21
-8
-9
6
-2
-22
-16
-1
8
-4
35
56
-12
-11
-19
-13
43
3
6
35
-21
-6
55
23
-29
18
-33
-50
74
19
19
81
-11
-41
-3
-1
6
27
26
43
17
-33
5
-16
-36
-11
-16
1
39
35
8
15
-27
-78
-17
4
8
66
12
-9
4
-26
-33
-6
-6
-22
-13
1
21
10
-8
-21
-15
-48
-50
-6
24
20
29
-1
-50
-28
-32
-14
18
24
-4
12
-14
7
52
-20
9
14
-51
2
33
-12
47
17
-59
16
-15
-40
24
6
-4
16
-3
38
10
-9
26
-18
-2
24
26
60
42
-23
13
41
-36
-17
56
-14
12
19
-2
40
7
-29
-40
17
-32
-45
79
36
-7
-15
-23
0
-10
-9
-24
40
32
-55
48
46
-55
-34
-25
-14
-9
5
0
37
-25
-65
40
12
-78
-13
0
-46
11
9
-8
14
-30
-81
15
-13
-60
26
71
-64
-14
26
-47
79
10
-40
76
1
-31
64
60
-15
-1
-5
9
58
-92
0
84
-35
-49
69
30
-90
-46
36
7
40
3
14
19
-74
-4
40
45
-4
15
-7
-42
-46
-44
6
110
-62
-64
81
-48
-35
31
70
-58
-57
21
-21
91
43
-52
32
-2
-130
16
90
-13
2
-38
-1
7
-47
13
29
-14
-40
-17
21
10
64
-25
33
89
-177
18
77
-37
38
13
31
-27
-20
6
28
-13
-46
14
23
-1
18
-3
17
70
-130
-73
86
5
-67
115
60
-103
2
-48
-67
96
33
-34
78
24
-89
73
94
-46
23
-9
6
-13
29
53
14
28
-100
25
32
-110
65
-27
30
-6
-60
127
-31
-33
16
-46
-32
43
-19
57
93
-41
-21
-1
-51
-49
-7
45
-24
46
-40
-62
91
-104
-55
13
-45
1
-27
50
10
-36
-7
-110
-19
30
-83
49
161
-73
17
-5
-43
18
-2
98
-31
22
3
-12
58
54
69
-108
-26
31
-30
101
32
-45
42
-61
-165
104
25
-88
139
-111
-68
84
-113
78
-7
-17
-1
-6
49
-37
163
-17
24
-2
-110
61
-39
112
-18
14
3
-53
60
-150
102
-59
-81
109
-198
0
115
-181
41
47
-78
-57
-28
-6
24
128
-93
57
-30
-18
85
10
109
-2
-46
85
36
28
43
-43
-11
-43
-48
82
23
-59
21
-111
-6
26
-84
133
-42
-14
64
-126
71
-15
13
111
-30
63
91
-47
114
49
-98
-20
-10
-65
78
70
20
-29
-72
-8
-148
34
-23
10
34
2
3
58
42
-112
16
46
-50
33
54
22
93
-45
18
-38
-90
54
-118
60
89
-123
86
40
-58
-19
-47
-87
-75
-13
7
35
38
46
-45
-67
38
-92
-18
41
-77
129
-32
-52
107
-147
55
-53
-97
89
-6
35
67
9
-31
50
-74
90
-24
-52
161
-201
203
3
-7
119
-150
42
-132
6
115
-155
67
-21
33
60
-94
152
-217
101
-88
-96
180
-14
51
-48
151
-72
-120
213
-117
12
102
24
-16
-22
209
-259
97
79
-320
132
-115
1
27
-7
70
-143
98
-48
-174
195
-67
-66
161
26
-44
48
112
-217
65
78
-167
67
129
-55
-27
81
-105
-163
40
34
-77
39
43
-6
-113
70
76
-112
174
11
-137
131
-69
-55
208
-46
-22
175
-78
56
20
39
-61
-62
125
-100
76
32
22
127
-204
-35
110
-174
222
-161
121
154
-239
182
-237
45
80
-259
309
-111
-32
201
-262
328
-191
-137
212
-238
30
83
37
-27
21
5
-88
70
-66
-31
-47
24
-61
-142
238
-29
-163
160
-132
-21
-47
-59
77
-43
197
-215
-10
149
-252
56
109
-66
-10
-29
10
99
-62
93
-36
-12
-10
-78
76
-81
102
-31
-130
264
-261
-45
282
-337
187
-122
29
179
-111
267
-226
84
109
-251
334
-112
43
135
-166
184
3
-19
-142
206
-63
-165
256
-229
84
-48
-95
67
-234
318
-236
70
200
-364
322
-272
156
104
-246
368
-292
149
27
-187
263
-158
175
-101
-63
194
-245
57
-59
10
-119
22
129
-202
203
-83
-72
45
-89
90
-142
146
-2
-174
249
-218
118
126
-127
193
-117
-33
102
36
-27
43
-32
-63
68
-59
38
-14
-18
91
-86
57
35
-63
28
-20
83
-156
118
-7
-92
307
-187
-6
58
19
-12
-64
185
-99
64
49
-110
150
-94
4
72
-87
77
-209
92
85
-128
86
-182
55
117
-161
85
-37
-43
-13
-92
167
-151
73
143
-271
205
-90
-236
340
-150
-92
102
-182
77
48
-106
66
7
-79
-78
122
-142
-2
57
-102
75
-128
99
-120
179
-51
-139
276
-326
260
34
-257
407
-339
77
167
-148
194
-136
215
-168
45
38
-197
300
-268
65
102
-235
210
-126
138
77
-228
201
-96
8
69
-50
60
41
55
-142
139
102
-166
125
-36
-11
-32
73
-58
68
110
-323
220
-73
-28
96
-101
243
-298
136
4
-179
309
-275
128
6
-33
12
-187
336
-258
-15
118
-215
119
68
-82
12
162
-255
102
172
-258
203
54
-208
191
-206
173
-184
104
102
-339
382
-284
124
153
-235
178
-128
15
-66
-78
357
-374
180
147
-253
282
-172
79
-53
134
-131
-82
190
-60
-29
-33
218
-426
363
-222
-35
289
-324
245
-127
44
-65
-62
251
-187
23
126
-134
151
-136
68
123
-270
169
-27
-42
105
-145
128
40
-131
-57
148
-155
189
-121
-42
120
-253
224
-176
113
71
-188
15
126
-145
39
5
111
-276
112
55
-294
473
-430
167
228
-425
230
7
5
-17
-39
113
-213
294
-275
-63
329
-334
5
77
-20
-7
48
-126
73
47
-208
98
98
-167
228
-115
-82
394
-378
160
192
-201
114
-7
-79
160
-80
84
-131
114
8
-239
312
-146
-10
224
-284
270
-111
-100
344
-365
135
108
-87
-10
95
87
19
-107
101
-186
78
48
-224
331
-26
-145
169
-24
-141
194
-88
-111
172
-5
-118
109
-17
-78
-139
96
-124
105
75
-104
172
-284
304
-410
29
333
-357
77
264
-254
11
81
24
-128
9
111
-176
155
0
-111
93
8
-142
131
-54
25
170
-340
328
-195
-157
324
-415
392
-221
-30
244
-338
262
66
-301
222
8
-189
102
-150
255
-117
-25
124
-50
-4
55
-182
86
218
-583
639
-277
-57
267
-293
321
-273
23
296
-432
329
-2
-239
270
-209
123
-106
84
-82
93
-148
60
63
-205
318
-379
311
-194
-141
396
-345
219
68
-246
417
-478
350
-16
-260
387
-330
316
-262
252
-141
45
46
-236
178
-143
113
-59
-98
322
-380
242
-44
-145
239
-334
239
-41
-138
134
-96
-18
105
-160
159
-33
64
45
-141
67
99
-233
75
55
-68
125
-128
99
12
-43
-95
64
117
-127
-36
183
-49
-73
208
-169
27
101
-124
-16
234
-224
152
-47
-53
136
-232
259
-74
-50
53
84
80
-63
-12
117
-272
47
57
-139
272
-185
56
161
-194
-64
194
-315
150
-47
-22
121
-176
150
-86
-141
90
-33
-135
267
-201
103
119
-244
219
-6
-389
429
-219
85
-65
104
225
-414
275
3
-293
313
-302
155
45
-248
442
-430
482
-352
-186
372
-361
191
-184
290
-129
-105
379
-431
318
-282
170
-30
-247
659
-660
546
2
-541
669
-669
402
-99
-195
384
-396
576
-538
313
43
-526
520
-610
517
-314
62
293
-467
575
-694
272
252
-541
443
-328
406
-139
-248
532
-512
285
-191
100
235
-282
380
-262
330
-408
134
-15
-84
171
-238
422
-378
245
-130
-213
265
-387
270
-45
-63
341
-423
372
-240
82
-28
-214
542
-441
377
-246
148
118
-406
330
-189
250
-195
-25
432
-512
321
-186
-17
133
-222
232
-45
118
-98
31
70
-247
207
-152
49
68
-153
261
-287
199
-50
-196
183
-120
38
80
134
-154
83
-21
-236
209
-112
-16
78
-5
219
-338
261
-57
-345
319
-332
320
-135
-77
421
-435
233
-172
-89
302
-489
383
-119
-90
359
-554
483
-297
-109
188
-147
314
-398
401
-39
-293
339
-192
36
-58
196
-137
-70
485
-393
113
125
-211
201
-310
135
61
-160
155
-106
127
-100
19
-35
18
38
-211
37
296
-275
89
127
-244
205
-252
201
-48
59
-37
-155
284
-366
258
-151
-34
158
-240
141
41
38
-103
-59
231
-285
234
-101
122
45
-292
391
-268
167
42
-234
328
-396
213
-139
9
248
-415
454
-373
117
221
-485
369
3
-86
128
77
16
26
-204
119
68
-299
305
-13
-99
51
11
-51
-10
-56
51
37
-66
204
-239
313
-171
-212
371
-357
286
-134
13
334
-571
483
-72
-344
450
-540
262
-144
-54
98
-100
96
-149
262
-414
467
-331
61
241
-400
570
-238
110
124
-153
123
-356
328
-47
-471
652
-413
-5
414
-514
321
-216
-5
-24
-20
186
-233
113
73
-130
108
-51
104
-135
5
167
-257
347
-256
111
-51
-124
266
-321
245
-104
-73
136
-67
104
8
-34
90
-135
33
-38
78
40
-110
184
-273
435
-400
195
-37
-313
383
-510
520
-140
-48
106
-104
233
-451
272
-44
-179
218
-110
89
115
-83
21
-143
190
-264
51
211
-218
151
-198
236
-341
270
-8
-275
406
-314
92
82
-82
16
-59
-12
72
-67
119
-78
129
-95
-122
84
-105
68
-49
19
53
25
-15
126
30
-149
51
-24
37
115
-137
96
147
-193
100
-30
-6
151
-204
263
-162
190
-97
-180
154
-437
239
9
-67
249
-22
-185
134
-8
-304
162
-65
-19
177
-126
465
-307
42
118
-626
726
-512
116
444
-580
594
-622
258
77
-508
535
-489
293
86
-286
427
-269
-81
-12
21
-106
314
-116
2
416
-404
327
-34
-228
352
-584
309
207
-315
425
-239
92
-31
-413
330
-423
125
162
-366
528
-42
-175
183
-140
-18
-290
-72
640
-541
346
388
-684
515
-29
-586
438
59
-378
227
209
-39
-230
256
-185
-395
402
-154
6
337
-41
-182
235
109
-424
111
5
-216
142
235
-18
3
305
-326
-148
369
-533
147
86
-58
116
-134
470
-426
186
-61
-479
434
-299
76
146
-74
100
-335
398
-188
-121
393
-328
328
-54
-5
-49
-206
186
-529
320
18
-81
298
-250
280
-234
60
54
-381
364
-343
159
181
-357
458
-544
245
36
-235
464
-340
379
-317
122
58
-471
599
-604
325
311
-535
745
-581
476
-218
-519
768
-755
655
-411
130
464
-747
919
-622
322
209
-817
888
-560
289
88
-250
569
-723
601
-413
-29
356
-750
461
-255
271
-91
-157
613
-909
327
55
-326
464
-362
256
98
-133
233
-321
181
-124
-256
269
34
31
63
150
-166
-62
-83
-106
119
-66
52
-9
199
179
-294
184
-124
-346
257
-317
326
13
-120
263
-88
59
-108
-28
-53
-241
104
48
-161
311
67
-369
441
-282
-119
331
-420
430
-176
25
350
-399
332
-272
70
269
-441
519
-280
86
223
-505
497
-296
34
65
-120
189
-232
349
-244
-61
124
-199
33
-38
157
-332
4
197
-292
129
298
-243
182
63
-212
18
145
-123
-301
515
-173
-177
611
-287
-91
263
-417
248
-197
161
-126
-250
661
-607
166
451
-457
98
41
-61
-210
224
-184
-60
361
-286
81
85
110
-70
-191
337
-288
89
402
-547
490
-187
-470
292
-316
266
-212
126
362
-487
367
-73
-176
249
-590
275
-78
87
320
-285
350
-204
-169
50
-43
108
-66
297
-363
392
-17
-410
579
-651
162
-161
-220
732
-635
459
-253
-176
336
-843
726
-224
-114
303
-288
454
-169
259
-170
-45
352
-733
887
-181
-112
512
-570
242
-350
108
-19
-172
763
-573
146
352
-380
0
-113
1
-406
348
103
1
454
-221
-14
-182
41
123
-234
298
261
-457
151
225
-596
375
26
-643
627
-74
-257
445
69
-128
-482
502
-482
-127
727
-675
195
298
-331
290
-123
366
-538
-2
140
-496
438
-81
179
-44
-154
362
-630
633
-95
-579
697
-517
122
69
326
-484
-141
800
-1114
634
709
-1032
729
-178
-407
266
-255
500
-519
285
-61
-364
488
-93
-79
-122
233
-319
-134
500
-360
-94
282
-365
41
127
373
-221
165
501
-798
153
239
-554
489
-246
-92
74
49
154
-148
40
90
-504
72
198
-260
271
203
-166
-168
620
-773
358
218
-495
41
166
39
-54
563
-582
-77
474
-688
102
500
-308
324
-182
303
-363
73
41
-464
323
-93
166
12
243
-8
-438
81
-237
74
-67
46
513
-441
644
-403
-32
275
-330
27
37
8
112
-18
209
-130
193
-282
-21
443
-484
613
-285
-91
248
-359
-11
128
79
-153
-97
299
-124
55
87
-143
-106
-30
-47
57
399
130
-407
161
-79
218
-392
200
473
-658
183
194
-405
431
-264
-396
273
-193
165
-58
325
-131
-218
-298
193
-29
-238
630
-435
176
357
-486
254
110
-366
-76
56
162
-283
259
286
-575
286
-32
-566
367
135
-586
532
169
-314
519
-215
70
-65
-125
-9
-136
273
-294
302
-123
190
-51
-383
525
-360
-219
309
-88
6
-7
201
-274
111
327
-791
691
-280
-159
390
-314
495
-599
517
155
-534
674
-558
26
339
-339
266
-194
-23
148
-372
55
325
-341
60
339
-554
459
-16
-308
501
-545
131
149
-267
671
-435
62
145
-188
-139
104
-135
-164
367
-399
116
56
66
-101
104
195
3
-259
535
-531
110
283
-540
219
-108
219
-257
397
58
-221
177
-154
-264
382
-333
275
-70
-94
404
-277
271
-166
134
-315
142
136
-146
266
175
-209
117
40
-265
-180
302
-197
-346
837
-334
-16
545
-471
-364
369
-367
78
201
-12
124
129
-159
-209
116
-151
-464
265
228
-265
806
-427
-57
183
-395
-350
344
29
-13
152
144
412
-465
8
408
-898
275
187
-713
1013
-294
-185
341
-226
-264
-148
154
-39
-146
248
-156
173
-30
-2
-270
160
2
-216
344
216
59
-516
658
-410
-421
487
-292
-49
409
-545
277
-25
86
-177
-202
362
-362
378
-40
162
-197
297
-334
379
44
-445
685
-627
163
118
-797
822
-362
124
370
-591
763
-619
125
44
-36
-271
221
500
-584
411
110
-406
360
-479
215
43
480
-52
-287
307
-487
16
-446
437
-239
33
285
14
81
-88
-169
-520
78
1
-202
582
310
261
-308
-135
182
-776
743
-400
-108
756
-642
778
-363
91
127
-906
711
-456
301
128
-198
265
-892
565
-310
-162
868
-885
713
-261
-142
856
-924
1134
-1292
745
246
-740
1060
-770
505
-193
-25
460
-497
557
-238
-574
270
-578
600
-678
1099
-474
-221
776
-1105
1262
-793
-210
276
-351
734
-398
231
330
-500
-21
-380
837
-748
148
469
-747
673
-609
-162
415
-94
-377
-156
874
-606
-218
807
-1074
1029
-639
-38
160
-309
597
-718
727
79
-538
451
124
-92
-50
-424
198
-476
659
-391
-446
965
-562
-439
585
-317
208
-182
451
-255
-134
435
-240
465
-280
59
-458
495
295
-953
789
136
-955
416
-66
-5
-33
-373
-3
-80
219
-167
484
296
-166
-278
-509
793
-170
-413
889
-467
288
452
-589
531
241
-832
-137
298
234
177
-26
150
-364
-647
-68
54
144
419
-553
191
546
-90
-463
647
-57
-748
654
97
226
429
-67
-2
-41
-307
-249
407
123
-230
148
-450
732
-563
-231
313
-1116
705
-756
145
760
-442
472
-522
544
189
-871
682
-493
378
-63
-210
805
-180
177
-782
260
-78
-647
615
-526
389
-40
-547
521
-676
531
-566
110
384
-557
1023
-576
581
59
-885
1019
-1036
622
726
-795
976
-433
202
-49
-98
313
-643
230
22
-312
536
-98
-327
240
-368
-162
395
-382
-138
338
-576
453
-297
222
467
-765
235
346
-132
19
261
-236
154
15
-422
366
113
-876
321
149
-403
245
166
-283
403
-85
-752
918
-308
-475
725
-616
449
9
-392
862
-300
-127
225
-149
-204
214
-26
-221
622
-82
-412
619
-307
-82
23
-236
556
-438
-3
140
-378
184
-310
-268
207
-258
-25
-9
95
347
-719
-127
561
-369
-36
134
-427
202
-161
-590
653
-326
-464
234
-348
512
275
-561
527
69
-225
293
51
781
101
202
413
175
853
-257
294
572
-296
438
114
260
580
-389
357
-68
-115
432
-378
383
309
-471
179
74
-196
237
-298
-303
312
-184
-414
305
-324
-607
-241
-432
-256
-249
-687
-207
-381
-679
-335
-517
-527
-452
-467
-601
406
-303
-650
344
-837
-542
10
-797
12
92
-645
-319
-58
-173
-278
221
146
135
448
363
862
626
501
992
447
1229
1301
847
1681
1310
882
1220
1320
1165
1126
849
830
591
609
622
80
114
-101
-891
-418
-139
-785
-621
-550
-884
-1014
-889
-707
-890
-588
-914
-826
-134
-693
-646
-412
-435
-858
-1070
-272
-833
-830
-259
-1504
-577
-345
-2008
-414
-29
-1722
-568
-572
-1342
-307
-906
-914
-203
-714
-247
57
219
962
516
477
1159
1153
532
1163
1920
1379
2021
2343
1848
2641
2319
1468
1833
1746
1177
963
1563
1807
1109
793
772
62
-356
-232
-559
-168
-52
-902
-348
-166
-1075
-1238
-980
-1484
-1339
-546
-798
-123
305
-1113
-647
-270
-1439
-519
-391
-974
8
-577
-1266
-461
-942
-1789
-1218
-1560
-1702
-775
-1426
-1786
-833
-1842
-2345
-1272
-1433
-1260
-430
-803
-594
304
-228
20
975
636
720
1353
1378
1665
2209
2130
2000
2568
2274
2077
2701
2512
2223
2020
1497
1516
1524
1127
1107
1074
612
299
252
100
156
12
-396
-446
-458
-636
-444
-378
-608
-550
-634
-512
-116
-52
-180
-332
-245
80
-228
-238
-103
-545
-522
-844
-1174
-221
-728
-2244
-1383
-1094
-2423
-2312
-1594
-2497
-2643
-1868
-2839
-2445
-1379
-2723
-2689
-1068
-1229
-1374
-564
44
430
548
782
1249
1277
1164
1394
1859
2970
3244
2502
2967
3500
2577
2113
2988
2569
1657
1881
1790
1940
2223
1174
127
436
-214
-1012
370
987
5
-129
-314
-820
-507
-446
-846
-449
-288
-643
10
733
436
-352
-576
-459
-597
-66
316
-1
-190
-639
-1235
-1237
-882
-1301
-1803
-1613
-1789
-2183
-2138
-2276
-2847
-3104
-3259
-3333
-2839
-2403
-2015
-1765
-1669
-1582
-1769
-1148
-65
601
1146
1577
1468
1369
2091
2541
2775
3282
3113
3076
3564
3801
3947
3640
2596
1618
1344
1466
2108
2455
1715
835
-244
-847
-369
-5
19
-94
-397
-633
-594
-400
-239
-459
-1134
-1228
-391
422
900
1021
458
-291
-652
-457
63
468
259
-405
-581
-630
-1079
-1353
-1394
-1852
-2341
-2430
-2356
-2349
-2759
-3292
-3566
-3669
-3514
-3106
-2915
-2594
-2184
-2260
-2263
-1637
-987
-118
996
1404
1504
1710
1814
2269
2979
3525
4045
4023
3919
4191
4205
3995
3556
2653
1954
1887
2089
2314
2359
1538
-43
-936
-985
-674
-243
-11
-248
-672
-1048
-1265
-912
-556
-882
-1216
-714
204
690
850
855
385
-384
-589
89
738
949
479
-216
-397
-681
-1135
-1187
-1327
-1899
-2497
-2589
-2322
-2556
-3248
-3704
-4021
-4227
-3949
-3534
-2961
-2622
-2788
-2704
-2266
-1535
-563
480
1293
1443
1415
1622
2313
3274
3739
4111
4424
4406
4372
4468
4463
4022
3082
2156
1969
2249
2350
2178
1575
315
-1067
-1648
-1260
-618
-359
-684
-977
-1058
-1434
-1475
-872
-575
-906
-805
216
1140
1252
1103
910
403
93
331
1015
1581
1268
344
-179
-275
-693
-1194
-1215
-1361
-2006
-2694
-3004
-2927
-3447
-4280
-4436
-4152
-4132
-4194
-3866
-3398
-3115
-3105
-3035
-2147
-869
17
807
1503
1724
1467
1686
2795
3920
4642
4906
4876
4693
4398
4222
4145
3825
3018
2152
2016
2491
2398
1561
563
-742
-1770
-1637
-941
-269
-233
-986
-1659
-1840
-1559
-1069
-554
-419
-611
-275
601
1308
1418
1166
795
573
818
1390
1778
1482
655
-93
-309
-124
-226
-583
-1001
-1848
-2872
-3321
-3208
-3308
-3800
-4162
-4108
-4104
-4520
-4737
-4316
-4064
-3818
-2991
-2098
-1407
-924
-354
595
1240
1152
1387
2425
3636
4399
4840
5249
5079
4184
3734
4409
4939
4408
3353
2578
2261
1920
1605
1457
973
-482
-1758
-1396
-450
-379
-1111
-1655
-1880
-1978
-1722
-759
162
-383
-1540
-1210
242
1083
1255
1314
1158
561
254
858
1722
1518
355
-153
330
619
-6
-548
-832
-1954
-3165
-3001
-2096
-2226
-3310
-4123
-4229
-4205
-4573
-4620
-3883
-3501
-3929
-3509
-2078
-1402
-1711
-1216
345
1338
1385
1598
2563
3432
3550
3797
4981
5643
4743
3974
4588
5115
4244
3071
2745
2566
1881
1507
1814
1541
-148
-2026
-2041
-888
-730
-1283
-1357
-1304
-1903
-2334
-1495
-310
-572
-1641
-1315
224
1001
887
1009
1277
685
-30
745
2162
2113
738
-48
393
751
178
-275
-136
-831
-2455
-2802
-1825
-1731
-2983
-3932
-3705
-3463
-3942
-4276
-3921
-3633
-4099
-4214
-2727
-1289
-1618
-2120
-994
629
1070
1034
1822
2735
2905
3102
4233
5466
5317
4027
3664
4497
4647
3777
3119
2970
2283
1358
1410
1853
1056
-867
-2040
-1522
-714
-812
-1173
-1278
-1649
-2334
-2242
-972
-47
-556
-1292
-758
416
817
751
997
1070
510
283
1212
2262
1756
385
-111
441
793
423
52
-234
-1166
-2382
-2439
-1581
-1584
-2911
-3890
-3652
-3317
-3613
-3839
-3703
-3854
-4293
-4023
-2602
-1286
-1498
-2283
-1581
187
1093
1279
1823
2349
2369
2627
3907
5332
5302
3958
3179
3853
4489
4103
3574
3181
2249
1234
1307
2078
1688
-211
-1746
-1607
-692
-376
-571
-747
-1358
-2406
-2485
-1053
301
-32
-1172
-1260
-305
308
461
837
920
108
-420
548
1913
1822
518
-299
-27
428
406
294
95
-869
-2232
-2394
-1356
-1070
-2199
-3358
-3493
-3260
-3273
-3288
-3242
-3552
-4231
-4163
-2810
-1441
-1500
-2280
-2145
-762
744
1498
1867
1996
1739
1868
3199
4896
5373
4506
3448
3328
3941
4376
4193
3566
2461
1350
1351
2248
2372
926
-897
-1705
-1237
-311
171
-82
-990
-2128
-2528
-1558
-62
366
-548
-1409
-1178
-365
410
845
742
87
-465
-81
1133
1822
1116
-86
-498
-3
512
637
353
-441
-1612
-2241
-1722
-1021
-1429
-2746
-3638
-3547
-3130
-3010
-3225
-3664
-4230
-4406
-3664
-2305
-1554
-2086
-2726
-2082
-218
1368
1804
1529
1181
1158
2137
3974
5419
5342
4009
3000
3342
4435
4906
4336
3257
2162
1610
2095
2970
2586
692
-1196
-1576
-541
475
538
-304
-1485
-2440
-2328
-1003
240
-30
-1359
-1953
-1206
-150
382
509
232
-408
-676
205
1508
1626
434
-497
-167
578
854
663
124
-925
-1924
-1850
-903
-616
-1834
-3332
-3692
-3185
-2870
-3015
-3319
-3898
-4547
-4319
-3038
-1962
-2083
-2850
-2930
-1884
-137
1419
1833
1180
431
733
2448
4509
5317
4588
3544
3063
3418
4461
5222
4617
3049
1906
1995
2909
3380
2581
913
-559
-1040
-303
847
1087
-54
-1541
-2165
-1734
-760
-93
-291
-1137
-1798
-1412
-352
351
276
-301
-706
-516
240
1018
1196
456
-407
-374
330
792
619
-33
-913
-1488
-1409
-993
-981
-1755
-2860
-3365
-3003
-2557
-2753
-3349
-3947
-4346
-4125
-3096
-2200
-2200
-2699
-2860
-2284
-843
788
1330
701
123
428
1776
3484
4292
3998
3425
3050
3169
4090
4996
4664
3343
2405
2462
3089
3518
3188
1993
495
-430
-82
1090
1559
634
-733
-1430
-1503
-1153
-463
-137
-758
-1653
-1666
-826
-171
-264
-605
-646
-593
-458
184
929
701
-292
-671
-31
578
489
128
-258
-863
-1402
-1272
-798
-1014
-2052
-2777
-2595
-2341
-2682
-3085
-3147
-3408
-3916
-3824
-3000
-2524
-2859
-3165
-2695
-1837
-976
31
677
349
-225
132
1519
3014
3746
3743
3610
3412
3287
3976
5071
5175
4077
3194
3285
3705
3787
3555
2846
1453
192
224
1245
1686
848
-514
-1430
-1754
-1548
-824
-270
-840
-2074
-2420
-1567
-698
-451
-485
-685
-1086
-1060
-172
857
831
-122
-589
-48
535
554
402
71
-751
-1450
-1096
-306
-513
-1697
-2607
-2667
-2556
-2697
-2794
-2828
-3416
-4255
-4181
-3220
-2816
-3384
-3692
-3118
-2406
-1801
-646
401
123
-718
-405
1233
2833
3471
3596
3834
3870
3607
4190
5502
5789
4542
3625
3959
4482
4313
3909
3414
2155
599
275
1392
2044
1008
-647
-1427
-1568
-1674
-1267
-511
-770
-2144
-2834
-1941
-800
-587
-859
-886
-893
-1014
-536
636
1059
80
-740
-196
762
884
540
279
-216
-985
-1078
-285
13
-1067
-2440
-2709
-2404
-2575
-3032
-3111
-3386
-4230
-4574
-3923
-3404
-3813
-4342
-4058
-3240
-2580
-2030
-890
93
-190
-673
291
1987
2936
3298
3865
4530
4697
4562
5045
5976
5992
5038
4545
4853
4756
4134
3803
3579
2594
1104
516
1002
1104
108
-995
-1352
-1519
-1965
-1938
-1215
-1145
-2134
-2625
-1898
-1151
-1066
-889
-446
-344
-626
-514
286
875
498
2
447
1025
701
186
291
237
-548
-1051
-658
-541
-1509
-2586
-2816
-2792
-3265
-3792
-3753
-3653
-4179
-4831
-4697
-4173
-4238
-4459
-3871
-2917
-2504
-2294
-1405
-13
697
569
889
2003
2952
3546
4407
5283
5437
5055
5000
5590
6153
5877
5016
4470
4195
3710
3335
3401
3054
1562
-90
-551
-110
22
-451
-1039
-1492
-1972
-2260
-1766
-997
-1046
-1731
-1822
-1067
-376
-112
61
188
51
-90
339
1143
1311
611
142
458
694
322
-96
-304
-760
-1458
-1694
-1523
-1837
-2834
-3630
-3737
-3613
-3724
-4037
-4280
-4502
-4793
-4729
-4006
-3476
-3732
-3957
-3390
-2444
-1620
-890
-231
585
1393
1691
1855
2547
3314
3729
4221
5031
5680
5682
5034
4499
4673
4921
4593
4129
3922
3359
2378
1862
2022
1752
459
-642
-493
60
-84
-492
-546
-734
-1414
-1566
-543
344
-11
-686
-534
-35
146
409
1025
1151
273
-443
48
761
395
-308
-329
-365
-1117
-1687
-1483
-1503
-2418
-3215
-3041
-2779
-3260
-3861
-3853
-3793
-4223
-4441
-3889
-3344
-3541
-3783
-3287
-2626
-2558
-2537
-1906
-1190
-796
-228
626
1228
1669
2174
2426
2460
2646
3073
3634
4103
4291
4347
4291
3829
3405
3562
3766
3378
2797
2477
2168
1729
1560
1735
1471
457
-223
161
722
691
515
542
280
-256
-120
738
1068
452
-1
277
465
309
399
670
256
-709
-1000
-498
-396
-1100
-1631
-1695
-1935
-2417
-2442
-2113
-2472
-3486
-3813
-3165
-2856
-3251
-3403
-3155
-3268
-3592
-3237
-2408
-2250
-2738
-2632
-1784
-1224
-1264
-1207
-890
-903
-1101
-434
1050
1655
1019
881
1673
1954
1577
1759
2507
2808
2520
2640
3461
3679
2717
2051
2675
3362
3056
2589
2718
2744
2107
1777
2405
2769
1852
834
1071
1920
2162
1847
1660
1384
622
198
924
1698
1226
93
-439
-345
-181
-87
-93
-584
-1727
-2607
-2324
-1495
-1436
-2200
-2882
-3238
-3491
-3394
-2816
-2543
-3124
-3800
-3694
-3018
-2539
-2490
-2575
-2641
-2758
-2608
-1865
-1084
-1009
-1411
-1459
-1067
-729
-525
-325
-287
-476
-520
-171
443
809
601
400
806
1343
1407
1305
1401
1549
1705
2021
2498
2863
2742
2342
2397
2988
3392
3304
3195
3218
3074
2861
3103
3613
3466
2608
2096
2397
2762
2615
2220
1897
1353
620
469
925
910
50
-830
-1242
-1479
-1680
-1624
-1571
-2110
-3101
-3629
-3387
-3092
-3243
-3482
-3558
-3729
-3902
-3621
-3055
-2915
-3142
-3044
-2631
-2378
-2211
-1851
-1522
-1520
-1518
-1122
-608
-493
-626
-512
-249
-232
-281
-121
-70
-330
-412
-63
264
202
65
118
233
434
879
1335
1295
905
943
1588
2150
2375
2661
2916
2752
2580
3109
3971
4189
3755
3476
3602
3670
3621
3826
3973
3347
2315
2009
2457
2595
2090
1554
1051
189
-573
-499
-87
-408
-1441
-2276
-2618
-2828
-2941
-2740
-2651
-3241
-4089
-4342
-3960
-3555
-3374
-3242
-3232
-3504
-3614
-3112
-2326
-1887
-1797
-1683
-1519
-1401
-1141
-582
-93
-35
-209
-188
20
110
138
272
301
79
-124
-107
-91
-282
-447
-362
-223
-277
-371
-341
-249
-177
82
611
1076
1109
901
945
1421
2066
2662
3138
3302
3106
2945
3241
3879
4346
4338
4010
3633
3393
3337
3457
3511
3125
2278
1455
1084
1057
1008
682
59
-755
-1500
-1877
-1843
-1766
-2026
-2630
-3243
-3579
-3578
-3351
-3099
-3061
-3327
-3618
-3575
-3176
-2679
-2291
-2078
-2031
-2032
-1875
-1498
-1038
-692
-505
-462
-461
-372
-203
-31
39
-10
-120
-207
-253
-268
-249
-249
-325
-446
-490
-441
-391
-351
-289
-192
-55
144
389
611
744
829
943
1174
1568
2067
2447
2513
2315
2167
2310
2685
3062
3251
3147
2761
2359
2309
2590
2814
2647
2088
1411
938
835
1007
1129
805
-23
-907
-1295
-1119
-773
-654
-993
-1746
-2491
-2693
-2266
-1649
-1394
-1702
-2298
-2711
-2602
-2012
-1294
-947
-1173
-1659
-1888
-1625
-1024
-459
-256
-473
-891
-1129
-971
-547
-213
-216
-514
-841
-957
-828
-555
-302
-263
-451
-641
-620
-369
-36
233
399
478
536
686
937
1219
1433
1589
1721
1789
1785
1782
1815
1837
1814
1755
1667
1503
1228
981
870
841
777
603
333
-17
-352
-528
-493
-395
-397
-537
-712
-854
-902
-790
-564
-407
-437
-550
-587
-498
-350
-171
-24
5
-52
-77
-15
125
245
274
195
46
-93
-125
-57
-30
-117
-272
-411
-511
-547
-503
-476
-563
-748
-921
-969
-894
-757
-621
-536
-558
-607
-557
-344
-51
203
393
516
560
607
752
981
1212
1343
1379
1346
1295
1252
1240
1238
1163
973
738
527
325
127
-37
-186
-364
-584
-811
-999
-1164
-1291
-1366
-1377
-1412
-1512
-1600
-1601
-1524
-1412
-1263
-1109
-1031
-1016
-953
-758
-481
-234
-53
55
115
174
336
608
868
971
923
849
822
864
958
1054
1048
890
685
561
547
576
584
520
374
204
119
178
291
374
395
392
398
466
608
782
914
981
1018
1064
1160
1265
1332
1334
1261
1146
1061
1005
947
860
728
538
287
23
-196
-387
-593
-794
-977
-1163
-1378
-1599
-1776
-1887
-1973
-2017
-2005
-2000
-2052
-2120
-2131
-2067
-1960
-1837
-1701
-1583
-1520
-1471
-1360
-1176
-990
-845
-720
-632
-569
-480
-318
-115
59
173
253
328
407
509
642
784
880
926
969
1025
1101
1194
1282
1347
1357
1365
1409
1482
1552
1610
1638
1632
1593
1548
1547
1566
1559
1502
1422
1339
1261
1198
1142
1072
952
798
658
564
499
422
331
220
96
-35
-137
-213
-282
-368
-493
-622
-729
-820
-901
-983
-1086
-1198
-1305
-1375
-1412
-1446
-1508
-1607
-1713
-1811
-1857
-1864
-1856
-1864
-1903
-1949
-1978
-1977
-1941
-1865
-1758
-1655
-1556
-1452
-1324
-1159
-973
-764
-526
-272
-37
179
378
585
825
1084
1340
1563
1723
1832
1919
2021
2153
2288
2371
2365
2295
2207
2141
2105
2071
1995
1853
1653
1443
1283
1168
1061
931
770
592
421
281
179
98
-2
-122
-235
-304
-348
-380
-398
-415
-447
-502
-543
-565
-580
-611
-646
-677
-724
-783
-839
-889
-939
-1001
-1064
-1126
-1195
-1277
-1347
-1396
-1441
-1492
-1534
-1555
-1574
-1585
-1559
-1496
-1411
-1324
-1227
-1110
-992
-865
-701
-509
-317
-140
53
266
465
649
847
1048
1211
1335
1451
1577
1677
1737
1786
1830
1830
1794
1748
1705
1640
1557
1475
1391
1265
1105
965
839
714
585
465
359
230
88
-16
-78
-147
-240
-333
-399
-466
-533
-561
-556
-568
-607
-634
-634
-633
-638
-630
-615
-631
-671
-699
-697
-692
-717
-757
-801
-855
-912
-939
-933
-939
-972
-1016
-1036
-1035
-1025
-985
-941
-909
-878
-813
-700
-568
-436
-306
-176
-58
73
243
447
641
801
940
1063
1177
1285
1403
1518
1600
1643
1652
1644
1618
1577
1532
1480
1398
1280
1141
994
835
689
555
417
265
101
-64
-210
-333
-439
-526
-607
-692
-776
-833
-864
-875
-870
-852
-835
-821
-796
-734
-659
-590
-528
-479
-443
-413
-369
-311
-262
-247
-252
-261
-278
-302
-321
-335
-375
-438
-496
-546
-580
-615
-650
-669
-688
-707
-694
-646
-581
-518
-449
-355
-248
-131
3
159
309
441
570
724
882
1017
1137
1239
1326
1385
1441
1493
1523
1514
1470
1399
1309
1212
1108
1008
885
715
526
337
160
-12
-167
-309
-455
-618
-772
-879
-952
-999
-1029
-1046
-1057
-1061
-1039
-975
-889
-804
-719
-632
-529
-425
-321
-210
-112
-25
51
128
195
233
244
238
219
193
169
133
74
-2
-93
-175
-242
-304
-365
-426
-476
-513
-523
-503
-469
-422
-380
-323
-242
-134
-1
135
263
367
470
576
690
796
891
970
1020
1046
1052
1047
1038
1013
956
875
776
653
526
395
257
108
-53
-213
-360
-496
-625
-737
-830
-910
-976
-1006
-1001
-975
-943
-900
-831
-734
-621
-498
-365
-248
-144
-34
88
219
322
398
455
492
514
523
525
507
460
386
306
234
156
69
-26
-126
-224
-314
-381
-425
-466
-500
-521
-514
-488
-447
-393
-323
-244
-161
-65
38
139
241
336
425
515
594
655
690
704
703
690
668
642
599
527
434
335
230
134
46
-44
-142
-250
-356
-445
-506
-551
-578
-597
-616
-630
-630
-602
-545
-481
-419
-347
-267
-188
-101
-1
101
189
257
321
380
430
470
490
495
476
439
394
353
314
260
195
114
35
-34
-91
-136
-179
-222
-261
-289
-300
-293
-278
-256
-227
-192
-154
-106
-55
-2
49
96
144
189
230
258
279
295
306
314
308
282
237
186
139
91
39
-22
-97
-176
-251
-319
-363
-395
-429
-468
-505
-519
-516
-497
-468
-429
-390
-347
-292
-221
-148
-92
-31
32
98
163
218
270
309
332
348
367
384
391
384
367
347
324
299
265
227
189
153
116
87
57
34
16
6
9
10
13
15
27
46
67
93
121
145
155
166
183
199
210
203
191
172
146
116
84
49
3
-49
-97
-141
-194
-249
-295
-341
-386
-423
-458
-484
-512
-539
-550
-544
-534
-526
-514
-500
-471
-428
-372
-308
-245
-195
-152
-96
-33
30
93
148
183
210
236
270
299
312
317
317
313
312
306
298
283
261
242
235
231
222
211
198
187
181
187
198
206
206
204
210
230
244
254
256
258
263
270
284
292
278
252
232
217
205
188
153
111
61
16
-17
-49
-88
-140
-198
-246
-283
-313
-337
-363
-394
-420
-437
-443
-443
-442
-438
-430
-424
-405
-376
-345
-317
-292
-268
-244
-214
-178
-143
-116
-96
-76
-55
-33
-18
-5
7
16
21
27
34
41
47
49
55
59
67
78
87
97
110
124
146
171
189
205
221
238
258
277
297
311
315
312
310
308
306
302
296
284
263
235
206
181
159
129
100
67
27
-13
-48
-76
-99
-127
-155
-183
-206
-228
-241
-246
-251
-256
-257
-252
-244
-238
-224
-202
-186
-171
-149
-125
-102
-86
-72
-55
-38
-27
-23
-15
-2
3
4
10
12
10
12
10
13
12
12
12
14
9
9
9
9
15
21
31
36
38
42
51
59
68
79
97
105
107
117
124
128
131
134
134
130
122
114
102
85
62
38
20
-2
-28
-54
-81
-102
-129
-149
-158
-168
-183
-194
-202
-198
-190
-175
-161
-151
-141
-122
-91
-54
-18
14
41
67
94
130
161
185
203
210
218
228
239
238
227
212
194
175
157
143
124
100
74
51
29
11
-6
-20
-34
-47
-49
-48
-47
-48
-48
-44
-29
-11
3
12
23
36
43
56
71
78
78
70
63
51
38
24
3
-29
-64
-105
-141
-178
-217
-256
-296
-336
-372
-405
-436
-457
-470
-478
-479
-476
-464
-444
-412
-372
-323
-273
-223
-171
-117
-55
13
84
147
200
246
295
342
385
421
448
466
478
480
477
469
453
428
399
370
337
302
265
227
186
150
115
89
65
43
22
9
0
-6
-2
3
16
29
42
57
74
88
100
112
123
132
132
126
113
93
71
48
20
-14
-52
-96
-144
-194
-242
-290
-338
-385
-426
-462
-490
-515
-534
-547
-550
-541
-524
-498
-463
-422
-380
-328
-269
-205
-139
-74
-9
55
121
185
242
291
334
373
404
428
444
453
454
446
432
411
388
361
330
296
259
224
189
154
121
91
64
44
26
11
3
2
4
3
6
16
28
41
52
63
70
72
72
75
73
65
50
31
8
-25
-59
-90
-121
-160
-202
-245
-288
-327
-365
-396
-424
-445
-465
-478
-483
-481
-470
-455
-434
-410
-379
-340
-294
-246
-194
-143
-89
-34
16
68
118
165
208
246
281
314
338
361
378
389
393
390
383
375
367
355
344
329
306
283
264
247
231
215
203
193
182
168
156
149
145
140
137
133
127
117
109
101
91
81
63
41
18
-7
-38
-65
-93
-126
-159
-195
-231
-264
-297
-328
-356
-386
-413
-431
-448
-457
-462
-462
-458
-450
-439
-421
-396
-365
-327
-292
-255
-214
-175
-134
-90
-42
6
46
83
116
147
177
205
230
249
263
272
282
287
288
293
292
289
282
275
273
273
270
263
261
263
265
270
275
279
283
287
291
298
298
296
295
289
280
273
263
246
223
196
164
134
98
59
18
-29
-78
-124
-170
-212
-254
-299
-341
-380
-416
-448
-473
-501
-519
-537
-546
-544
-540
-534
-525
-509
-486
-459
-429
-401
-376
-346
-309
-270
-230
-196
-163
-133
-102
-69
-42
-14
16
33
50
73
91
101
114
123
134
150
163
184
201
216
235
257
284
305
325
353
375
393
421
443
457
477
498
508
525
534
529
520
508
488
463
442
410
373
336
293
246
198
142
87
27
-33
-88
-144
-193
-239
-289
-329
-361
-396
-417
-436
-446
-449
-454
-451
-445
-440
-438
-427
-410
-394
-373
-354
-338
-321
-318
-311
-295
-285
-277
-264
-259
-251
-243
-239
-231
-222
-217
-210
-197
-168
-134
-114
-81
-45
-22
9
55
107
156
209
260
305
360
411
448
488
516
539
574
597
613
624
616
609
593
565
539
500
457
418
372
325
286
233
184
139
80
38
-5
-49
-75
-108
-132
-163
-181
-193
-211
-220
-228
-244
-255
-259
-268
-270
-273
-274
-282
-298
-306
-320
-349
-377
-404
-432
-452
-467
-480
-502
-522
-538
-551
-555
-552
-538
-522
-500
-462
-412
-364
-316
-267
-218
-154
-91
-21
71
153
221
290
365
427
475
527
573
611
645
686
718
728
730
713
694
675
641
609
572
525
476
431
389
329
269
228
182
140
116
88
59
38
15
-1
-11
-15
-25
-25
-25
-35
-40
-52
-63
-85
-104
-114
-131
-157
-191
-230
-279
-326
-381
-418
-438
-489
-521
-544
-601
-630
-665
-700
-710
-736
-735
-720
-692
-660
-626
-584
-550
-499
-451
-379
-303
-222
-123
-47
43
109
159
226
297
361
442
526
578
646
668
663
682
664
652
670
679
722
709
754
754
589
485
395
279
221
294
328
379
411
389
344
245
139
40
-6
34
78
226
369
335
292
170
12
-82
-119
-97
-54
-7
13
-34
-122
-284
-405
-550
-629
-628
-630
-567
-541
-582
-656
-779
-911
-973
-1001
-981
-875
-772
-703
-629
-658
-681
-691
-692
-605
-502
-385
-258
-85
-14
49
144
131
181
238
262
416
508
572
708
705
707
744
761
750
753
680
605
568
500
519
529
527
519
519
465
435
433
315
262
174
115
184
174
259
340
266
341
365
321
327
235
98
-39
-110
-133
-64
28
-34
-1
-41
-209
-261
-393
-508
-541
-610
-614
-561
-542
-589
-612
-660
-783
-677
-623
-643
-484
-520
-628
-567
-651
-667
-444
-461
-345
-75
-199
-77
55
-154
107
192
47
426
351
302
616
432
530
659
427
646
618
501
698
539
422
451
299
230
337
339
155
294
212
-119
148
16
-189
151
-72
-213
52
-260
-132
106
-190
7
-22
-268
-7
-113
-91
75
-63
22
-44
-110
-21
-59
-111
-192
-107
-260
-223
86
-166
-75
-9
-411
-260
-178
-494
-70
-106
-314
-10
-274
-256
-114
-213
-120
-133
-77
47
26
236
77
148
265
-75
311
393
167
694
689
259
658
435
46
621
310
130
619
303
51
400
93
-80
139
-271
-182
-68
-480
-229
-96
-457
-307
-229
-743
-412
-271
-821
-200
-268
-736
-92
-355
-538
17
-336
-439
-101
-318
-295
0
-65
-78
-64
16
-164
-61
229
-87
105
18
-35
73
0
101
123
-4
134
39
78
222
9
97
134
124
242
578
395
346
366
428
450
403
934
701
601
837
563
560
788
562
415
688
366
364
827
210
296
371
-137
-46
-26
-29
-308
55
-209
-611
-42
-670
-604
-382
-745
-563
-671
-449
-891
-826
-487
-954
-686
-569
-686
-810
-661
-488
-727
-364
-376
-564
-426
-505
-271
-347
-36
-273
-363
-171
-354
41
-46
86
224
-216
-128
24
-138
109
391
-65
92
579
96
456
769
225
508
600
462
748
1210
724
886
999
475
726
911
664
918
1185
673
719
810
175
292
451
29
422
423
183
221
-12
-392
-208
-562
-673
-176
-504
-373
56
-557
-662
-627
-1082
-1031
-708
-651
-592
-123
-583
-619
-540
-878
-761
-868
-570
-545
-414
-93
-581
-276
-228
-835
-403
-249
-373
-313
263
-135
53
184
-402
63
-118
-39
282
226
653
458
453
316
581
255
424
922
343
1179
880
611
1125
683
786
615
854
844
515
1173
504
1009
574
160
631
-286
491
82
165
510
-142
68
-386
-242
-268
-417
-315
-594
-226
-689
-442
-236
-789
-304
-902
-811
-550
-643
-472
-567
-384
-805
-628
-765
-761
-208
-893
-394
-274
-740
-317
-436
-551
-392
-234
-677
-317
93
-483
-5
-94
-197
-3
-377
242
10
220
629
22
489
494
231
429
683
599
749
1044
634
949
994
427
988
825
572
1215
544
661
947
483
395
641
280
22
570
72
193
606
-433
7
-30
-685
208
-350
-283
26
-412
-444
-460
-57
-631
-422
-165
-814
-101
-520
-587
-420
-619
-564
-844
-406
-585
-579
-427
-717
-455
-938
-496
-627
-693
-111
-768
-292
-487
-318
-364
-533
-4
-421
151
6
149
518
77
485
-151
461
317
178
1053
339
967
720
601
686
593
790
227
953
661
572
1047
420
798
353
423
305
218
884
-18
673
475
112
290
40
117
-317
261
-277
-130
313
-544
101
-486
-270
-172
-802
-105
-740
-308
-411
-428
-226
-673
-147
-1101
-491
-50
-948
-3
-351
-679
-337
-498
-532
-584
-79
-806
-473
14
-677
0
-264
-448
-179
-383
-44
-219
281
184
-51
462
-130
318
359
162
579
331
635
605
344
816
541
457
624
476
446
383
728
247
639
535
-10
527
134
107
286
196
199
-17
356
-116
63
376
-214
-37
-64
-98
-261
174
101
-157
149
-430
-321
-278
-453
-98
-593
-180
-424
-604
-208
-505
-297
-803
-325
-736
-557
117
-686
21
-220
-631
-171
-362
-130
-134
-35
-111
-228
260
-186
219
-9
-148
236
-230
335
241
190
264
-9
133
103
269
325
340
493
132
491
281
190
636
123
283
600
171
455
462
273
247
173
217
88
364
104
152
254
-130
182
-90
-122
224
-315
214
-46
-252
228
-379
38
-238
-73
-60
-331
115
-399
-114
-113
-336
-141
-523
-102
-340
-399
-16
-405
-289
-439
-396
-534
-344
-266
-397
-113
-269
-169
-137
-261
-14
-285
-75
36
-67
245
225
178
177
232
-41
110
271
20
357
292
334
240
158
182
-220
257
35
91
450
189
426
257
301
187
25
240
91
127
359
319
324
344
199
-60
172
23
-188
228
-14
-226
125
-29
-119
-91
-26
-165
-505
140
-290
-353
312
-351
-63
-87
-162
-111
-317
153
-534
-175
75
-621
206
-116
-90
-82
-222
-86
-626
195
-367
-222
235
-377
208
-272
130
-94
-332
331
-494
250
167
-53
438
-160
327
-196
9
436
-301
441
105
-23
212
76
134
-109
398
-270
-90
258
-419
237
-81
3
-4
-74
333
-253
400
160
-187
357
-113
166
184
146
351
-45
359
3
64
303
-296
93
-90
-181
-52
2
5
-37
100
-158
-110
-55
-198
99
-44
178
193
219
440
-80
283
-104
-116
130
-118
221
-6
200
3
-172
-9
-368
-184
-321
-256
-126
-128
66
-230
-24
-207
-416
-115
-148
-152
-56
101
-63
-175
309
-274
-80
132
-269
-48
3
100
-195
277
-215
-196
152
-340
182
-73
8
-8
-293
151
-210
36
85
-205
159
-104
214
-35
152
216
-259
302
-24
155
337
247
215
-43
310
-134
111
343
-28
291
162
250
84
245
295
-149
111
-34
-115
213
188
230
71
51
-203
-172
115
-226
273
-105
-132
76
-326
113
-162
-104
-170
-354
58
-82
-23
170
-102
-193
-178
-209
-259
73
-3
-274
19
-47
-245
28
90
-103
-13
-50
-102
-14
99
83
-88
110
-91
-203
109
10
74
-81
111
-102
42
202
-54
122
-99
-144
-110
40
262
204
179
192
60
40
-49
48
28
-20
49
-65
214
37
1
84
-236
-92
-169
76
-57
185
65
-277
218
-269
-80
19
-175
44
-158
35
40
-55
205
-206
-38
-98
-210
34
-166
118
-264
75
38
-91
267
-136
223
-190
2
110
-147
367
51
266
230
63
415
-36
253
41
-124
214
-162
188
-6
23
1
-190
74
-177
108
-101
20
57
-10
259
19
400
3
36
85
-136
267
6
43
194
-190
82
-148
-155
-44
-310
-168
-418
-85
-215
-214
-1
-156
-204
-290
-106
-285
-79
101
-315
77
6
-319
111
-55
-150
-25
-66
-162
-92
51
-116
-94
64
-231
-89
3
29
115
-18
200
-35
-24
269
-68
358
206
176
413
115
488
98
400
255
61
395
-65
372
160
140
267
-135
256
-78
90
176
-59
294
-69
225
52
-32
255
-296
53
-70
-215
123
-163
124
-221
-10
-73
-484
154
-474
-244
-69
-455
-22
-258
-135
-145
-288
-43
-323
-116
-144
-46
77
-204
135
-262
-178
-123
-212
-92
-210
41
-238
-37
32
-262
97
-128
-121
-42
-152
60
-75
126
114
49
235
172
151
174
145
245
99
409
177
300
310
109
264
63
346
10
292
140
205
254
17
433
-66
81
69
-150
26
64
103
31
138
-85
-64
-56
-114
-30
-99
53
-106
43
-128
-122
-131
-243
-204
-141
-181
-39
-46
-163
-116
-179
-185
-253
53
-240
-41
-123
-65
-176
-169
6
-342
57
-171
-76
21
23
-104
-86
-79
-141
-105
89
64
55
299
-97
279
21
22
133
50
164
114
332
85
393
163
77
236
-54
137
70
157
129
141
141
68
71
177
-48
142
76
-32
148
-49
195
99
23
-25
33
-136
-119
23
-179
-39
-67
-86
-126
-49
-139
-193
-226
-156
-337
-233
-17
-222
-4
-119
-63
-282
-59
-262
-129
-153
-151
1
-225
82
-175
-76
31
-190
104
-88
58
120
-135
147
32
-91
254
-50
165
66
87
163
-18
369
2
201
207
32
189
-6
128
77
-7
235
-40
239
156
-14
331
-106
255
18
-29
261
-202
209
-26
81
135
10
208
-42
108
83
-133
96
-100
-142
-7
-110
-39
-119
-82
-82
-129
-27
-164
35
-213
-49
-40
-250
28
-206
-123
-70
-207
-84
-135
-181
71
-245
17
-138
-82
-112
16
-45
-64
223
-128
73
128
12
134
112
107
40
-1
170
-112
289
-16
24
169
-196
144
-76
76
60
-66
80
-84
-12
11
-66
75
-81
2
100
-41
75
161
49
104
195
-46
138
48
-41
163
-33
100
-29
-18
139
-181
173
-123
1
62
-158
97
-131
-22
-73
-74
-34
-92
172
-156
-21
32
-264
61
-137
-16
-32
-127
25
-209
46
-156
-21
48
-76
123
-117
135
-9
47
139
-94
174
37
-32
197
-47
68
107
-70
142
-31
20
-2
-72
-22
-90
-57
-98
-46
-39
-85
-78
-28
-42
-54
-95
17
-101
-41
61
-122
209
-30
-27
61
-77
-33
51
11
71
103
-33
91
-30
31
-44
-51
115
-92
72
45
-37
152
1
5
108
-114
54
-31
59
64
89
-12
-15
127
-85
149
43
86
55
10
109
0
103
143
-46
210
-154
53
55
-88
207
-60
75
11
-99
20
9
32
-99
15
-89
-191
57
-214
38
-125
-40
-92
-152
-37
-128
-96
-15
-125
-6
-148
-58
-34
-75
29
-132
53
-171
121
-80
50
46
-124
122
-119
146
51
6
156
-29
95
2
28
120
-12
147
49
17
99
-6
30
127
57
-94
305
-166
78
212
-236
303
-63
-12
157
-55
136
-18
68
36
-63
97
-116
76
-59
-90
54
-111
47
-161
-2
-72
-204
60
-322
60
-90
-224
158
-321
28
-67
-244
161
-271
-39
-74
-160
63
-121
5
-24
-96
17
-108
33
-17
-47
65
-44
58
-62
88
-60
96
91
-11
217
47
70
258
4
165
166
-10
207
81
103
218
42
116
115
46
212
47
116
182
-105
206
0
-7
267
-134
104
109
-109
83
8
-41
31
-55
-83
-34
-30
-140
-31
-152
-132
-175
-191
-84
-218
-40
-208
-222
13
-345
-59
-156
-249
-1
-223
-63
-98
-78
-56
-111
-23
-83
-14
-66
-13
42
-133
187
-166
131
-4
-55
135
-59
193
-36
143
128
13
212
31
112
185
-1
236
87
258
144
196
277
42
294
163
158
264
79
185
47
185
110
-4
252
-104
134
-8
14
87
-100
43
-104
-127
-31
-153
-28
-96
-91
-144
-137
-167
-218
-154
-254
-164
-260
-166
-128
-229
-94
-139
-222
-60
-304
-50
-164
-183
-18
-222
-85
-73
-153
-86
-63
-132
-66
8
-56
17
58
-61
158
-36
97
142
-74
231
24
134
167
106
314
-1
289
161
9
338
30
127
277
61
198
228
112
156
173
79
141
166
34
221
-9
107
38
-8
82
-32
6
-76
102
-116
13
-4
-129
-22
-74
-106
-61
-88
-151
-132
-76
-211
-143
-39
-255
-12
-133
-211
9
-208
-63
-187
-89
-92
-160
36
-151
-9
-60
-86
-39
-21
-6
15
15
23
54
53
36
98
42
130
138
79
231
30
131
66
58
84
82
105
23
139
6
122
124
9
126
-50
71
56
-56
91
2
-99
-3
-16
-131
-15
-35
-135
-41
-81
-109
29
-100
-10
-152
-66
-112
-106
-43
-106
-86
-98
-24
-105
-19
-56
-161
-37
-92
-98
-4
-27
-21
-31
-16
78
-86
128
48
-49
209
-57
129
125
70
175
117
133
176
131
166
126
174
111
155
238
92
204
127
108
126
49
50
66
39
1
101
-65
-35
73
-199
52
-74
-168
-8
-181
-106
-100
-132
-115
-163
-93
-206
-189
-77
-229
-169
-125
-247
-182
-90
-221
-90
-104
-240
-50
-200
-144
-66
-209
-25
-95
-94
-24
-63
-41
-44
28
-63
55
38
47
83
36
137
23
197
127
67
296
102
199
312
151
259
256
196
267
287
267
198
289
180
190
223
175
257
177
141
185
74
133
63
80
107
-21
32
-65
41
-106
-71
-44
-224
-103
-140
-218
-102
-163
-233
-199
-166
-252
-224
-161
-284
-202
-281
-278
-236
-216
-210
-308
-167
-285
-288
-168
-270
-158
-208
-223
-37
-201
-86
-44
-191
9
-83
-40
37
73
-17
90
90
41
166
113
207
164
206
219
211
269
304
172
381
263
259
414
217
327
300
187
315
235
247
304
201
262
160
127
171
136
75
69
58
36
-7
-4
-61
-66
-117
-108
-183
-130
-145
-253
-100
-221
-256
-159
-291
-234
-190
-325
-190
-290
-172
-292
-210
-172
-332
-205
-208
-301
-153
-222
-211
-170
-129
-155
-124
-104
-149
-63
-44
-102
-48
33
-85
65
101
-37
171
153
51
337
95
208
235
209
311
187
386
234
288
320
278
344
208
305
219
203
305
113
343
168
113
263
-26
205
52
45
81
-47
102
-12
17
53
-106
-49
-148
-134
-97
-193
-49
-261
-82
-187
-207
-75
-253
-152
-254
-199
-229
-201
-187
-221
-207
-215
-171
-212
-221
-182
-263
-199
-150
-241
-58
-146
-129
-40
-166
-42
-118
-34
-89
-19
27
-13
114
31
100
76
91
44
213
114
126
254
121
218
250
180
221
270
148
188
216
200
169
191
208
152
197
151
172
106
178
61
59
151
-47
83
84
-50
70
10
-25
59
-64
34
-73
-6
-10
-149
33
-160
-106
-5
-197
-28
-131
-211
-16
-261
-63
-149
-202
-82
-279
-56
-254
-145
-157
-222
-127
-182
-119
-99
-121
-73
-160
-90
-76
-163
20
-136
7
-13
33
51
24
145
-11
111
72
138
62
114
164
25
214
111
138
163
95
168
79
161
141
32
236
43
126
165
25
173
-33
179
-28
52
150
-100
212
-94
71
34
-122
163
-185
37
12
-102
96
-138
65
-112
-53
-13
-160
-2
-111
-103
-94
-82
-88
-100
1
-141
-44
-42
-160
3
-84
-54
-72
-30
-97
-52
-33
-137
29
-69
-65
4
20
31
17
19
-21
-22
6
-47
53
17
21
7
84
49
40
149
-31
95
54
55
4
127
-8
42
106
-55
134
6
6
86
-47
41
45
-14
48
-2
29
-79
101
-46
-69
150
-193
48
56
-75
61
-81
60
-148
91
-20
-139
175
-189
60
-11
-10
59
-121
159
-207
56
33
-163
108
-95
-15
-52
57
-81
-51
100
-207
77
-52
-95
105
-146
119
-91
-1
66
-131
154
-122
81
-26
-13
152
-128
193
-34
58
85
-10
139
-52
170
-40
62
171
-66
132
50
27
25
31
79
-86
51
50
-114
149
-80
16
48
-39
20
-26
36
-29
-44
54
-77
-10
24
-40
13
-79
41
-120
8
33
-149
69
-99
-51
3
-109
71
-180
9
-87
-126
111
-264
111
-140
-95
77
-236
187
-158
-58
73
-182
91
-135
80
-59
-75
139
-257
272
-125
-19
213
-250
293
-134
116
158
-179
302
-177
156
76
-54
253
-146
254
-47
49
236
-174
249
-63
18
110
-75
152
-56
109
29
-11
164
-97
101
4
-36
90
-77
117
-30
38
12
-36
79
-86
75
-46
-69
79
-105
4
15
-45
-87
0
-96
-57
-26
-116
-88
-68
-46
-172
53
-111
-109
-11
-145
-4
-105
-89
-5
-104
1
-65
-55
47
-68
-47
-23
24
-64
73
-12
19
55
-88
158
-84
88
2
-42
135
-75
153
-25
120
75
-28
183
-29
144
31
31
168
-39
154
66
43
141
-31
163
35
133
-10
102
93
-26
141
-63
150
-36
17
120
-81
132
-82
-24
9
-99
58
-151
133
-86
-117
105
-251
70
-140
-161
53
-218
39
-159
-23
-41
-182
1
-197
-12
-116
-105
67
-164
6
-59
-102
34
-163
14
-84
15
-27
-70
153
-139
93
-26
-112
144
-176
47
58
-94
147
-93
83
83
-64
105
0
82
27
33
84
38
106
5
104
82
31
134
-24
150
42
-23
152
24
76
78
-9
88
22
-5
22
-19
35
-68
36
43
-33
34
-53
-34
38
-111
9
-22
-44
45
-105
77
-11
-98
68
-105
-10
-10
-105
43
-55
7
-30
-32
6
-58
-37
-42
-20
-5
-56
44
-57
24
17
-103
104
-57
-20
62
-84
61
-36
-41
61
-86
33
-12
-40
123
-68
15
76
-63
55
-24
80
3
4
81
-35
103
4
-27
81
-36
71
-3
10
115
-89
67
-2
-44
50
-82
3
-33
-21
-33
-36
52
-90
-12
-5
-102
72
-88
-13
67
-101
38
-5
-58
38
-85
-25
-17
-45
6
-30
47
-28
20
36
-14
43
-39
17
2
17
45
-54
92
-15
-7
46
21
26
-2
42
-20
73
59
-13
119
6
22
33
22
76
-8
33
12
20
40
21
48
-6
81
-77
23
79
-124
89
-65
-17
14
-43
30
-29
18
-90
-56
-42
-76
-71
-74
8
-155
23
-41
-166
114
-224
-21
-41
-108
56
-153
163
-115
-57
128
-212
143
-67
-82
114
-158
133
-34
5
142
-143
113
-13
-47
110
-84
77
49
10
92
15
72
31
14
25
14
61
21
97
86
3
121
16
64
104
-5
118
65
33
114
56
52
83
5
32
37
-29
17
13
-46
18
-31
14
-1
-11
22
-89
10
-88
-79
8
-154
21
-97
-103
15
-168
9
-103
-140
3
-202
6
-63
-111
14
-123
-15
-45
-42
-11
-48
-29
-39
-29
14
-13
-10
-11
0
-27
1
29
38
9
79
29
46
92
0
67
14
47
50
23
127
16
85
74
-6
119
-25
98
40
25
118
-26
81
49
7
52
24
18
22
47
-57
46
-1
-74
61
-95
26
-35
-69
67
-121
28
-45
-91
48
-111
45
-90
-1
-15
-128
58
-129
-18
-28
-123
37
-141
25
-38
-83
45
-123
-2
-41
-66
31
-94
27
-23
-50
70
-91
67
-44
-4
37
-49
104
6
74
52
-20
91
-23
61
69
9
109
35
81
71
90
67
33
116
-3
92
105
13
128
19
24
36
4
43
-12
18
24
2
36
19
2
0
-1
-66
-10
-17
-88
41
-44
-41
-6
-68
-49
-51
-85
-67
-52
-76
-40
-26
-66
-64
-49
-74
-37
-58
-79
9
-79
-31
-29
-85
-5
-54
-16
-41
17
-7
-6
12
-21
1
16
-4
37
12
-5
44
-10
71
-5
40
24
23
60
27
70
63
41
61
67
16
74
36
35
80
10
63
79
12
43
14
-22
20
-32
5
0
-20
0
2
-1
-44
6
-70
-22
-8
-64
6
-17
-16
-48
-15
-30
-42
-9
-35
-53
9
-39
-39
15
-47
-60
-32
-27
-44
4
4
-26
21
-15
-24
35
-37
12
-14
-53
24
-7
2
50
25
-34
62
-2
-21
83
-34
10
51
-13
35
62
31
37
47
13
35
61
20
46
45
-1
48
32
40
59
12
25
29
-1
4
27
-2
-14
16
-7
-17
28
-48
-7
-32
-49
-32
-42
5
-55
24
-23
-29
28
-56
-19
-8
-71
-3
-11
-35
-2
-24
-26
-28
-2
-45
17
41
-59
49
-14
-35
40
-37
-9
32
-9
-1
40
24
-10
28
-1
-1
37
-32
25
27
-10
4
15
14
4
-3
-4
7
-12
-11
-18
34
-58
-31
16
-59
-9
-13
-51
-6
28
-64
-7
52
-76
-4
10
-71
3
-12
-38
40
4
-47
33
-11
-32
6
-25
7
38
-27
18
9
-13
8
-20
0
-17
2
6
26
67
-17
54
23
2
33
7
29
18
28
-2
19
67
-23
44
64
-59
74
-13
1
42
-14
3
10
43
-22
18
16
-5
4
4
16
33
11
1
12
3
3
-9
42
-16
-2
-6
-8
34
-19
-10
4
-28
-28
-3
-22
-37
15
-76
-23
29
-75
29
8
-57
9
-17
-42
42
-23
-46
26
-37
6
20
-1
37
-16
3
35
-22
33
11
17
21
11
20
13
31
-18
19
-17
8
25
-39
44
-1
-40
42
-41
-2
23
-57
23
1
-39
7
-22
-8
-38
-11
-36
2
-17
-33
13
-29
-22
10
-23
-5
-5
-75
18
-53
-25
-10
-41
17
-46
-15
-4
-40
11
-50
9
0
-34
45
22
19
32
16
8
47
31
-6
68
34
-11
65
13
33
50
5
26
18
17
-12
32
51
-5
26
9
6
40
-31
32
11
-10
-7
36
16
-10
72
-44
22
40
-67
8
34
-61
-20
41
-67
11
26
-101
9
-19
-88
-4
2
-65
6
-14
-31
14
-34
-38
-11
-23
-62
10
-11
-20
-2
-46
5
-25
-10
17
-25
37
-24
5
66
-12
65
-7
-9
71
-43
93
80
17
130
3
26
86
45
29
13
23
-35
14
62
-15
42
-7
-27
13
-15
41
5
17
24
8
24
10
35
24
-25
18
-17
-18
50
-72
-24
-20
-80
-42
-21
-50
-77
-34
-103
-76
-32
-109
-49
-20
-91
-39
-33
-23
-31
-45
-16
-49
13
11
15
32
16
-27
13
31
-26
20
22
-6
50
15
-46
77
8
-64
53
-15
-5
42
-19
23
40
0
14
64
63
24
25
78
13
14
19
3
88
7
6
83
42
14
43
-3
16
42
-55
23
58
-13
-17
13
-26
-38
-24
-76
-5
-8
-101
-32
-5
-57
-37
-51
-76
-42
-32
-63
20
32
-33
10
7
-39
0
-19
-43
23
-8
-22
34
28
-11
25
11
-44
50
11
-2
37
-12
-5
25
11
22
40
29
13
10
47
27
43
33
30
36
36
38
53
64
15
15
55
24
51
52
5
56
-2
-31
13
-8
0
-25
-13
-3
-35
-12
-44
-16
-20
-87
-45
-19
-62
-28
-20
-45
-39
-25
-74
-21
-14
-63
-18
-31
-43
-13
-24
-35
-24
-40
-41
-29
0
-23
27
-4
-12
1
-16
0
1
6
-11
25
6
-4
34
50
10
22
27
12
61
45
44
71
31
10
46
40
47
36
9
49
19
-5
45
57
16
1
28
15
19
26
-17
35
12
-15
1
-10
25
-39
-34
14
-16
-2
-21
-27
-6
-62
-75
-53
-30
-34
-84
-35
-17
-69
-67
-62
-61
-80
-61
-52
-17
-9
-66
-40
-13
-46
-54
-10
12
13
1
2
27
36
8
8
10
18
11
19
31
32
5
15
37
45
19
20
54
40
49
63
67
99
71
60
106
86
87
89
87
75
61
20
50
84
25
35
39
6
-9
-28
-1
5
11
-2
-18
-7
-10
-27
-22
-13
-49
-53
-34
-19
-26
-27
-35
-46
-90
-112
-96
-87
-73
-86
-81
-86
-95
-86
-90
-62
-64
-104
-89
-34
-41
-35
-7
-35
-21
-32
-42
17
48
19
40
44
18
46
30
25
58
31
44
82
66
48
45
27
28
48
35
44
65
53
56
79
83
98
76
57
58
52
57
73
83
48
26
20
0
14
18
-16
-8
-7
-46
-25
-3
-20
-29
-47
-80
-78
-69
-70
-57
-75
-71
-68
-82
-77
-67
-99
-104
-88
-93
-70
-49
-57
-56
-39
-64
-61
-35
-38
-33
-28
-13
5
24
7
9
30
10
37
44
55
74
51
52
62
67
53
67
68
64
80
66
86
100
66
59
72
56
68
73
70
80
67
62
71
74
51
45
50
29
22
20
2
-4
-6
-27
-26
-19
-42
-54
-44
-66
-72
-69
-70
-51
-58
-62
-55
-67
-66
-71
-64
-59
-63
-60
-61
-50
-61
-52
-52
-64
-70
-87
-88
-69
-68
-64
-43
-38
-46
-42
-28
-18
-12
-3
19
27
35
40
46
57
50
45
55
75
66
68
78
78
75
67
72
62
63
52
49
66
58
40
51
47
38
31
23
32
29
13
15
28
25
28
23
24
23
-1
3
9
0
-9
-20
-28
-25
-40
-53
-49
-50
-58
-65
-53
-48
-51
-67
-66
-63
-63
-65
-61
-49
-55
-48
-47
-30
-36
-30
-25
-23
-12
-27
-4
2
13
14
13
17
13
19
13
24
20
30
35
33
38
33
30
36
38
31
41
42
48
47
49
45
46
45
36
43
43
41
42
47
34
33
30
19
16
6
1
3
-2
-11
-8
-13
-15
-17
-21
-22
-28
-35
-36
-32
-38
-33
-39
-36
-39
-45
-39
-36
-34
-38
-37
-39
-29
-35
-33
-31
-29
-28
-28
-23
-14
-13
-12
-5
-10
-18
-14
-8
-10
0
0
3
9
10
10
10
15
13
17
20
21
27
29
28
28
28
24
27
32
29
37
39
40
36
36
26
24
21
17
17
14
11
5
2
-6
-5
-15
-16
-20
-22
-21
-21
-17
-19
-15
-19
-19
-16
-19
-20
-20
-18
-17
-13
-18
-10
-9
-11
-5
-13
-12
-17
-13
-18
-14
-14
-15
-9
-13
-5
-2
4
9
6
8
5
8
10
15
21
29
34
36
39
38
39
37
35
32
31
30
32
30
33
28
26
21
20
17
11
12
11
18
9
12
9
8
8
3
1
-5
-6
-9
-8
-13
-11
-15
-19
-22
-25
-25
-29
-27
-30
-29
-32
-32
-31
-32
-33
-36
-35
-39
-37
-35
-28
-24
-19
-18
-18
-16
-18
-20
-18
-18
-17
-12
-13
-7
-7
-4
0
-2
0
0
2
6
13
8
14
15
12
18
14
14
20
20
19
21
19
23
25
25
27
21
24
26
27
26
24
24
19
18
10
10
9
8
5
2
1
-3
-4
-7
-8
-10
-10
-13
-10
-10
-14
-13
-16
-15
-16
-14
-13
-12
-12
-14
-10
-11
-11
-14
-14
-15
-15
-11
-7
-4
-2
1
3
4
4
2
3
5
2
2
5
8
9
5
4
4
4
9
11
13
14
17
15
14
11
11
11
7
10
11
14
16
14
13
12
9
9
9
8
11
12
15
16
17
13
7
8
2
4
0
-1
-2
-3
-6
-7
-9
-12
-11
-11
-11
-14
-12
-10
-10
-8
-11
-8
-9
-11
-8
-11
-10
-10
-10
-15
-12
-13
-11
-7
-11
-7
-8
-8
-7
-4
-6
-5
-3
-6
-4
-7
-9
-11
-12
-13
-14
-13
-14
-11
-10
-8
-8
-3
-4
-3
-3
-6
-1
-4
3
2
7
4
6
9
8
8
7
9
8
8
7
11
11
11
10
9
9
7
4
3
6
4
4
3
1
-3
-4
-5
-4
-4
-3
1
-2
3
2
1
1
-1
1
1
4
3
2
2
-1
2
2
1
3
0
2
0
0
-1
-2
2
0
4
0
3
4
3
5
6
8
6
1
5
6
7
7
10
12
8
9
7
8
10
10
13
14
15
14
12
15
12
9
4
4
3
3
3
1
3
-2
-1
-1
-3
-3
-5
-4
-6
-7
-8
-5
-8
-8
-8
-12
-11
-14
-12
-16
-11
-13
-11
-11
-11
-11
-10
-8
-9
-7
-9
-6
-6
-5
-8
-8
-8
-9
-10
-11
-7
-9
-6
-8
-7
-7
-5
-4
-3
0
-1
1
1
3
3
5
5
7
5
6
7
8
8
8
7
6
8
6
5
5
3
3
4
1
1
3
4
5
4
3
2
0
-1
-2
-3
-3
-3
-2
-1
-3
-2
-1
-2
-5
-5
-1
-3
0
-4
-1
-4
-3
-3
-3
-3
-4
-2
-2
1
-2
0
-2
-1
-1
1
1
1
1
-1
0
-2
1
0
1
-1
-1
2
1
5
1
4
3
4
4
5
6
6
10
5
10
7
11
7
9
9
8
9
10
9
8
9
10
11
9
11
11
12
8
6
6
4
6
3
3
2
0
1
-4
-4
-6
-6
-6
-7
-11
-11
-11
-10
-8
-8
-6
-9
-7
-8
-7
-7
-4
-4
-2
-2
-6
-5
-4
-5
-3
-5
-5
-4
-5
-5
-5
-3
-5
-5
-6
-5
-2
-4
-4
-5
-4
-2
-4
-3
-3
-4
-3
-1
-2
1
3
5
5
5
2
5
3
6
5
4
3
3
2
0
2
1
4
2
1
0
-1
0
0
0
1
0
-1
-3
-4
-3
-3
-3
-4
-2
-4
-3
-4
-3
-1
-3
-1
-1
1
0
1
3
3
4
3
4
1
2
0
-1
-1
-1
-3
0
-1
0
2
0
0
-3
-2
0
-1
1
3
3
4
3
2
4
4
4
5
4
3
3
4
6
7
6
9
7
6
7
3
4
3
4
4
2
3
4
5
4
2
4
4
4
3
2
3
4
6
3
2
2
1
-1
0
1
1
1
0
2
0
-2
-1
-2
-2
-4
-6
-5
-4
-5
-7
-7
-7
-8
-8
-7
-5
-5
-4
-5
-6
-4
-4
-2
-4
-4
-4
-4
-4
-3
-3
-2
-2
-2
-4
-4
-5
-3
-4
-6
-5
-6
-4
-3
-4
-3
-3
-1
0
0
2
2
3
4
6
5
6
7
6
3
5
3
5
6
1
1
0
0
3
2
1
-2
-3
-1
-4
-2
-3
-3
-4
-4
-5
-4
-2
-4
-2
-2
0
2
2
2
1
3
4
4
2
2
3
4
3
1
1
1
-2
-3
-3
-3
0
-2
0
-1
0
2
3
5
2
5
3
5
2
3
5
5
4
4
3
3
3
3
3
3
6
5
6
4
2
0
4
5
3
5
-1
2
-1
0
0
-2
1
-2
-1
-1
-1
-2
-3
-2
-5
-2
-4
-4
-3
-4
-1
-1
-2
0
0
0
0
1
1
-1
2
0
3
2
2
2
1
1
-2
-3
-2
-3
0
-2
-3
-2
0
0
0
1
-1
0
-2
-3
-2
1
3
2
1
0
1
1
0
-2
-3
-1
-2
-3
-3
-5
-5
-6
-5
-6
-8
-8
-5
-4
-4
-3
-2
-1
-1
-5
-5
-6
-4
-2
-5
-2
-3
0
-1
-2
-3
-4
-3
-4
-3
-4
-3
-2
-3
-2
-2
-3
-2
-3
-4
-3
-4
-1
1
1
4
4
3
2
3
4
6
8
8
8
8
8
9
12
11
10
10
7
7
8
8
10
7
5
5
4
3
3
2
1
2
2
3
3
2
3
3
5
6
5
3
3
1
1
2
2
2
0
-1
-3
-1
-3
-2
-6
-6
-7
-7
-6
-6
-5
-5
-5
-4
-5
-4
-5
-4
-5
-6
-7
-5
-2
-2
-1
-2
-1
-2
-1
-2
0
1
2
4
0
1
0
1
2
3
2
3
4
1
2
0
1
1
-1
-1
-2
1
1
2
1
1
-3
-3
-5
-4
-6
-5
-4
-4
-1
-1
3
1
0
-2
-2
-1
0
-1
-2
-2
-1
-2
-3
-3
-4
-3
-5
-5
-7
-6
-7
-5
-3
-3
-2
-1
0
-1
-3
-2
0
-1
-2
-1
0
4
2
2
2
2
4
6
6
5
6
5
6
4
5
4
3
3
2
0
0
-2
-1
0
0
-1
0
-1
-1
0
0
2
0
1
2
2
3
1
2
2
4
3
1
2
0
3
2
4
3
2
3
1
1
1
0
0
0
-1
-1
0
2
3
2
2
1
2
1
2
0
2
2
2
2
2
3
3
4
4
5
3
4
3
2
2
1
0
2
1
1
1
-2
-1
-1
0
0
0
1
-1
-1
-2
0
-1
-1
-2
-3
-3
-5
-3
-5
-6
-7
-4
-6
