-4
-3
-4
-5
-6
-5
-4
-3
-2
0
-2
-3
-3
-1
0
0
-3
-3
-2
-4
-4
-4
-1
-1
0
0
-1
-3
-3
1
3
1
-1
-1
-1
-1
-4
-5
-5
-4
-3
-2
-3
-3
-1
-2
-2
0
0
-1
0
0
2
3
1
0
-1
-2
0
1
1
0
-1
-1
-1
1
1
3
4
1
0
2
2
2
0
0
0
0
-2
0
0
0
-1
-1
-2
0
2
3
4
3
2
1
1
4
3
2
1
0
-2
-3
0
3
3
1
1
3
4
2
1
1
1
1
2
2
1
1
0
-1
-2
-3
-4
-3
-1
0
-2
0
1
3
4
6
5
3
2
2
3
4
3
4
6
1
4
4
4
3
3
3
3
0
1
1
0
-2
-4
-2
-1
-1
0
-1
-2
-2
-3
-3
-2
-4
-6
-5
-4
-1
-2
-2
-2
-3
-4
-4
-3
-3
-2
-1
-2
-4
-4
-3
-4
-3
-2
-3
-5
-5
-4
-3
-3
-3
-2
-3
-5
-6
-5
-4
-1
-1
-1
-1
-1
0
2
5
3
3
2
3
2
2
2
2
3
4
5
4
3
3
3
5
4
2
1
1
1
1
0
1
4
4
3
4
6
5
4
1
3
4
2
-1
-1
-1
-1
-1
0
1
0
-2
-1
-1
-2
-3
-4
-3
-3
-2
-3
-1
-1
0
-2
-2
-1
-2
-3
-4
-1
0
-2
-3
-4
-6
-6
-3
-2
-3
-5
-4
-4
-4
-3
-1
1
1
0
1
1
1
0
0
1
1
0
-1
-1
1
1
1
2
1
2
1
-1
1
3
3
6
5
4
3
2
2
3
2
2
1
1
2
4
4
2
4
6
8
10
7
6
3
3
4
5
7
8
8
6
5
5
4
4
3
2
1
1
0
0
0
1
2
0
0
0
-2
-3
-2
1
0
-2
-1
-2
-3
-3
-3
-2
-4
-5
-4
-4
-6
-5
-6
-6
-8
-7
-6
-5
-7
-6
-4
-5
-4
-6
-5
-4
-5
-3
-3
-3
-4
-3
-3
-4
-3
-3
-4
-4
-3
0
1
1
-1
-1
-1
3
3
2
2
3
5
3
2
3
4
3
4
6
8
6
4
4
4
5
3
3
2
0
0
0
0
-1
-2
-1
-2
-4
-5
-3
-2
-3
-1
-2
0
0
-2
-2
-2
0
0
1
0
1
2
3
3
3
3
3
3
-1
-1
-2
-1
-1
0
0
-2
-2
-1
0
0
1
1
1
1
0
0
1
1
1
2
4
3
1
0
0
0
0
0
-1
2
2
2
3
2
3
5
5
4
3
2
4
5
3
2
4
5
4
5
3
3
3
2
0
0
0
1
1
0
-3
-1
-2
-3
-4
-3
-3
-3
-4
-4
-4
-4
-3
-3
-5
-7
-5
-3
-4
-5
-4
-5
-7
-8
-5
-4
-6
-6
-4
-4
-6
-6
-4
-3
-6
-8
-6
-4
-5
-5
-3
-4
-6
-6
-5
-3
-5
-5
0
2
3
3
2
4
6
5
5
8
8
8
9
9
8
5
7
6
4
4
4
5
2
2
3
2
0
-1
1
5
3
1
1
4
6
7
6
5
5
5
7
5
4
4
5
6
5
7
7
3
-4
-8
-6
-2
-3
-8
-11
-10
-8
-9
-13
-18
-14
-9
-5
-5
-4
0
0
-2
-1
4
11
13
14
11
4
2
4
5
2
-4
-2
9
16
7
-8
-10
2
12
3
-11
-9
10
24
21
7
0
7
15
18
15
14
17
12
1
-1
9
20
16
0
-12
-11
1
9
2
-13
-19
-14
-5
-8
-20
-25
-19
-15
-16
-21
-18
-14
-18
-28
-33
-26
-16
-16
-25
-28
-15
-3
-7
-27
-43
-41
-26
-15
-18
-26
-34
-36
-32
-27
-25
-23
-21
-19
-12
-5
3
11
14
11
4
1
5
9
9
17
34
49
54
47
41
37
33
38
52
62
51
21
6
17
33
33
24
32
51
59
45
30
32
41
37
26
30
54
66
50
26
25
37
31
5
1
26
50
40
6
-15
-18
-17
-24
-27
-17
-11
-18
-28
-31
-22
-20
-27
-32
-28
-21
-21
-23
-23
-25
-36
-48
-55
-53
-60
-76
-81
-63
-35
-23
-34
-51
-56
-51
-46
-48
-49
-46
-34
-23
-30
-53
-69
-61
-46
-41
-57
-78
-80
-55
-26
-27
-51
-57
-30
1
10
17
40
62
64
59
74
114
158
183
173
138
111
113
131
136
129
124
114
79
26
-8
-5
10
13
4
-3
-6
-5
-9
-26
-38
-29
-9
1
-2
2
10
10
6
11
27
33
27
15
1
-33
-71
-87
-85
-86
-100
-127
-166
-202
-212
-211
-217
-233
-243
-230
-193
-150
-140
-177
-207
-186
-138
-114
-112
-101
-110
-172
-225
-110
280
803
1104
903
374
46
197
547
723
729
741
707
487
180
14
2
-35
-178
-354
-500
-557
-523
-546
-731
-902
-816
-544
-341
-242
-109
41
96
123
267
504
715
873
954
890
709
577
567
578
521
417
247
-66
-435
-657
-715
-764
-836
-847
-825
-854
-909
-925
-912
-873
-707
-366
1
217
269
255
250
348
592
865
976
895
756
610
402
178
69
69
54
-3
-108
-354
-699
-912
-882
-754
-689
-655
-594
-546
-561
-566
-467
-324
-163
48
227
257
184
153
114
-10
-8
383
1066
1575
1543
1051
522
323
443
641
837
1040
1093
822
365
47
-28
-12
-81
-242
-432
-616
-774
-891
-992
-1062
-1010
-848
-726
-645
-468
-211
-37
25
158
458
797
1002
1028
974
936
937
920
890
908
891
671
236
-220
-536
-729
-848
-920
-968
-1057
-1220
-1367
-1424
-1434
-1405
-1250
-932
-575
-296
-111
18
165
321
476
679
950
1163
1185
1085
926
641
320
204
299
288
-3
-408
-807
-1118
-1289
-1293
-1270
-1336
-1338
-1194
-1118
-1219
-696
1006
2442
1752
-95
-289
1436
2523
2031
1722
2482
2843
1893
982
1110
1343
814
96
-254
-637
-1041
-1002
-1042
-1830
-2520
-2095
-1435
-1629
-1854
-1170
-456
-579
-714
-107
546
783
1174
1815
1892
1421
1417
1850
1796
1375
1373
1371
557
-378
-508
-472
-1041
-1627
-1585
-1454
-1685
-1815
-1768
-2070
-2482
-2010
-816
-171
-276
-204
157
162
140
853
1731
1802
1432
1381
1306
780
433
659
786
388
7
-88
-488
-1299
-1679
-1315
-1023
-1325
-1549
-1244
-987
-1136
-1267
-1123
-965
-769
-262
186
107
-172
-140
-60
86
1579
4198
4909
2088
-871
-175
2468
3037
1806
1793
2857
2276
246
-424
499
725
-302
-1075
-1331
-1810
-1891
-1189
-1246
-2634
-3141
-1761
-730
-1200
-1271
-97
494
-52
17
1080
1651
1659
2320
3071
2399
1278
1530
2347
1959
1043
993
854
-439
-1563
-1397
-1135
-1790
-2312
-2041
-2100
-2787
-2899
-2378
-2443
-2757
-1847
-403
-125
-486
-82
513
402
683
2003
2732
1984
1405
1952
2172
1315
753
1066
1045
358
150
260
-725
-2275
-2422
-1428
-1360
-2171
-2160
-1618
-1904
-2450
-2040
-1406
-1639
-1745
-963
-377
-554
639
3899
5640
3026
-400
248
3653
4787
3246
2769
4050
4026
1757
301
1179
2162
1373
-280
-1541
-2442
-2786
-2221
-2041
-3258
-4274
-3447
-2396
-2877
-3228
-1760
-280
-469
-744
424
1701
2051
2453
3163
3061
2583
3318
4426
3818
2258
1950
2153
779
-1063
-1032
-209
-1046
-2826
-3290
-2991
-3567
-4203
-3852
-3607
-3994
-3434
-1786
-1070
-1429
-1115
-250
-148
9
1653
3394
3302
2458
2594
2922
2194
1528
2107
2802
2293
1242
556
-277
-1484
-1979
-1607
-1743
-2595
-2897
-2552
-2831
-3539
-3428
-2762
-2617
-2564
-1816
-1144
-615
1606
4780
4891
1400
-319
2660
6050
5649
3868
4464
5832
4508
1869
1509
2732
2368
473
-693
-1218
-2249
-2944
-2725
-3225
-4820
-5177
-3850
-3300
-3907
-3395
-1757
-1252
-1726
-1076
660
1731
2136
2998
3758
3350
2932
3813
4736
4164
3280
3272
2775
970
-232
235
325
-1373
-2916
-2809
-2667
-3664
-4564
-4716
-4960
-4966
-3784
-2462
-2266
-2343
-1840
-1578
-1649
-457
1979
3312
2789
2354
2842
2896
2113
1977
2894
3508
3110
2306
1208
-383
-1381
-846
-379
-1642
-3067
-2866
-2448
-3431
-4497
-4147
-3308
-2953
-2467
-994
1205
2600
1624
-904
-1438
1830
5630
6083
4408
4123
5047
4488
3028
3254
4596
4251
2189
719
121
-893
-1772
-1813
-2422
-4168
-4823
-3767
-3580
-4907
-5094
-3498
-2506
-2632
-2147
-920
-145
480
1721
2721
2717
2938
4203
5274
5003
4248
3925
3627
3002
2554
2165
959
-812
-1679
-1632
-2134
-3233
-3829
-4255
-5244
-5698
-4876
-4092
-4073
-3846
-3188
-2884
-2476
-974
762
1331
1325
2014
2947
3101
2887
3235
3897
4032
3572
3107
2546
1372
101
-242
-1
-522
-1860
-2936
-3335
-3651
-4141
-4517
-4470
-3999
-2578
122
2313
1283
-2242
-3409
136
4453
5243
4229
4882
6100
4979
3096
3622
5454
5290
3325
1979
1493
554
-421
-753
-1502
-3116
-3833
-3239
-3421
-4905
-5416
-4305
-3560
-3612
-2962
-1713
-1328
-1277
-162
1298
1662
1834
3049
4443
4819
4677
4535
3971
3032
2904
3620
3363
1469
-208
-569
-1102
-2581
-3560
-3633
-4088
-4852
-4787
-4375
-4762
-5376
-5263
-4765
-3964
-2273
-585
-483
-1137
-480
1107
1903
1983
2595
3631
3917
3332
2944
3100
2965
2303
1910
1899
1417
368
-538
-1295
-2144
-2764
-2837
-2904
-3179
-2883
-1030
1030
732
-2393
-4536
-2413
1857
3492
2424
2420
4100
4135
2265
2152
4399
5485
3981
2406
2254
2257
1656
1125
310
-1211
-2043
-1218
-890
-2625
-4273
-3709
-2859
-3376
-3646
-2423
-1573
-1979
-1925
-678
100
235
1195
2702
3135
2827
3055
3393
2949
2550
3138
3513
2396
1001
874
805
-740
-2359
-2532
-2517
-3272
-3562
-3052
-3399
-4774
-5404
-4877
-4248
-3378
-1934
-1175
-1906
-2342
-1288
35
617
1245
2332
2937
2544
2109
2451
2868
2503
2050
2442
2847
1934
420
-246
-174
-461
-1190
-1791
-2075
-2338
-1381
1038
2225
-497
-4522
-4411
19
2940
1718
506
2357
3914
2084
395
2215
4747
4321
2408
1683
1814
1712
1910
1966
605
-1016
-604
445
-521
-2464
-2477
-1455
-1882
-2980
-2708
-1881
-1975
-2209
-1551
-1115
-1451
-874
849
1769
1439
1538
1954
1376
778
2128
4064
3650
1369
288
879
916
-141
-781
-944
-1706
-2475
-2370
-2299
-3124
-3948
-4147
-4404
-4509
-3528
-2254
-2429
-3376
-3037
-1745
-1186
-1076
-275
815
1256
1393
1910
2361
2133
1892
2581
3558
3289
1927
1160
1377
1449
911
213
-395
-817
-1082
-1182
-725
673
1384
-690
-3742
-3459
173
2483
1332
3
1041
2453
2090
1415
2314
3730
3746
2717
2241
2282
1969
1765
2148
1927
492
-491
-150
-301
-1606
-2157
-1444
-1291
-2279
-3039
-2886
-2463
-2040
-1567
-1396
-1426
-813
427
1134
861
539
863
1390
1739
2237
3042
3270
2030
290
-164
466
783
486
-236
-1394
-2270
-2096
-1916
-2796
-3688
-3525
-3292
-3770
-3898
-3141
-2689
-2978
-2827
-2036
-1724
-1922
-1373
54
1273
1739
1786
1663
1465
1664
2592
3348
2760
1609
1591
2089
1424
261
218
619
-51
-1200
-1425
-702
494
1335
352
-2177
-3075
-636
1980
1568
17
583
2385
2633
1625
1764
3072
3561
2717
1861
1758
2063
2484
2646
1642
-161
-820
-124
-202
-1374
-1580
-658
-899
-2596
-3469
-2747
-1838
-1484
-1287
-1315
-1554
-1195
-94
497
232
293
1125
1471
978
923
2059
2929
1988
226
-223
706
1309
739
-513
-1641
-1942
-1410
-1278
-2166
-3013
-3000
-3065
-3815
-4023
-2998
-2094
-2246
-2588
-2466
-2504
-2613
-1819
-239
932
1278
1237
1080
778
849
1862
3029
3055
2056
1413
1399
1167
687
728
953
584
-336
-951
-417
1024
1972
762
-1819
-2540
-214
1952
1478
227
881
2247
2116
1288
1738
2980
3264
2404
1744
1891
2306
2522
2286
1235
-172
-658
-165
-129
-941
-1207
-649
-788
-2170
-3167
-2775
-1760
-1146
-1003
-1356
-1774
-1491
-435
262
229
331
859
1049
699
674
1489
2351
2017
889
433
962
1278
706
-197
-786
-1025
-975
-977
-1437
-2208
-2879
-3347
-3627
-3432
-2750
-2390
-2769
-3170
-3187
-3217
-3160
-2296
-804
370
759
655
371
229
684
1838
2948
3047
2068
1202
1213
1456
1319
1133
1127
893
90
-318
693
2150
1892
-498
-2437
-1521
975
1964
1002
387
1129
1538
892
728
1875
2948
2776
1779
992
989
1740
2476
2185
779
-353
-272
70
-447
-1087
-659
94
-420
-1944
-2784
-2315
-1257
-493
-465
-1194
-1803
-1187
162
584
35
-43
588
766
386
531
1309
1692
1172
465
339
602
778
624
-3
-875
-1268
-963
-796
-1366
-2052
-2299
-2507
-2861
-2889
-2446
-2283
-2631
-2752
-2603
-2837
-3055
-2293
-868
-6
122
123
23
-169
259
1553
2575
2348
1479
1231
1399
1267
1065
1297
1543
1012
-14
46
1756
3203
1979
-1192
-2589
-526
2171
2271
701
409
1443
1508
463
407
1946
3215
2837
1422
340
282
1170
2116
1973
677
-382
-448
-379
-852
-1002
-181
469
-287
-1763
-2388
-1700
-531
48
-312
-1119
-1273
-355
627
582
11
-27
324
249
31
500
1301
1287
319
-427
-120
575
710
222
-470
-1066
-1294
-1037
-801
-1087
-1672
-2102
-2310
-2355
-2310
-2327
-2468
-2509
-2330
-2398
-2987
-3229
-2265
-799
-96
-276
-675
-868
-527
511
1662
1972
1386
847
952
1434
1676
1618
1592
1435
781
181
1043
3333
4288
1675
-2075
-2351
1002
3346
2278
554
861
1662
839
-307
478
2463
3266
2221
571
-439
-226
1043
2078
1533
-15
-829
-610
-566
-973
-794
64
278
-745
-1893
-1946
-887
239
474
-262
-1034
-863
136
851
745
375
217
43
-211
-21
668
1107
591
-369
-560
166
629
118
-741
-1175
-1163
-973
-809
-859
-1186
-1687
-2145
-2320
-2141
-1881
-1882
-2072
-2115
-2115
-2491
-3000
-2699
-1501
-469
-266
-571
-949
-1087
-540
720
1760
1662
875
446
753
1349
1572
1455
1384
1251
665
216
1387
3759
4077
791
-2466
-1381
2445
3885
1963
506
1328
1947
864
129
1392
3198
3407
1867
92
-634
187
1820
2432
1131
-657
-1272
-988
-1039
-1255
-773
50
-21
-1246
-2459
-2369
-971
417
556
-311
-827
-350
417
678
558
500
519
419
309
341
516
647
338
-337
-493
156
608
-37
-1197
-1769
-1529
-1102
-971
-1083
-1322
-1778
-2383
-2626
-2291
-1889
-1836
-1872
-1832
-2120
-2830
-3074
-2177
-890
-285
-330
-556
-931
-1122
-392
1016
1781
1432
785
553
856
1227
1270
1244
1447
1530
882
300
1483
3710
3575
96
-2529
-544
3291
3921
1548
323
1319
1854
969
701
2109
3551
3283
1497
-353
-871
568
2607
2792
777
-1211
-1637
-1407
-1543
-1391
-494
220
-255
-1700
-2889
-2674
-1049
594
819
-96
-575
-78
484
507
512
913
1245
1050
603
263
168
343
413
83
-80
275
424
-302
-1474
-2073
-1714
-1006
-683
-922
-1578
-2378
-2917
-2717
-2031
-1701
-1922
-2077
-2000
-2236
-2900
-3059
-2058
-728
-223
-547
-1046
-1365
-1189
-202
971
1334
954
552
425
548
750
902
1185
1634
1769
974
146
1199
3532
3683
537
-1880
83
3657
3969
1588
702
1992
2602
1632
1197
2454
3835
3531
1715
-126
-520
894
2559
2393
452
-1314
-1835
-1816
-1736
-1153
-299
-62
-836
-2167
-3132
-2742
-883
942
1025
-187
-805
-212
430
479
671
1276
1478
978
325
-134
-247
220
687
303
-296
-101
237
-415
-1716
-2235
-1598
-839
-594
-805
-1492
-2522
-3130
-2636
-1686
-1427
-1727
-1895
-1990
-2436
-3076
-3034
-1967
-748
-317
-750
-1450
-1800
-1336
-106
935
1009
617
392
318
438
788
1126
1358
1710
1877
1038
238
1576
4055
3928
513
-1622
697
4003
3791
1454
960
2254
2549
1554
1260
2435
3661
3349
1435
-575
-796
1027
2612
1962
-138
-1598
-1917
-1955
-1716
-805
-16
-214
-1131
-2161
-2857
-2398
-474
1277
1177
-95
-664
-169
340
571
1078
1570
1357
650
96
-250
-248
327
670
46
-565
-121
347
-534
-1993
-2303
-1440
-684
-537
-750
-1400
-2540
-3275
-2756
-1743
-1405
-1587
-1741
-2158
-3125
-3871
-3368
-1893
-758
-636
-1197
-1919
-2310
-1841
-415
898
1139
652
170
74
460
1118
1630
1847
2127
2207
1439
1063
2615
4560
3577
116
-1020
1943
4648
3608
1290
1144
2191
2038
1328
1799
3178
3815
2774
590
-1074
-475
1904
3196
1832
-508
-1635
-1764
-1836
-1380
-195
444
-238
-1436
-2329
-2742
-2032
-72
1386
883
-530
-960
-349
140
387
897
1217
792
185
-97
-276
-294
135
387
-57
-251
359
412
-952
-2268
-1952
-705
-92
-266
-709
-1562
-2810
-3323
-2490
-1463
-1353
-1730
-2127
-2943
-4080
-4368
-3211
-1782
-1325
-1608
-2016
-2472
-2750
-2068
-453
796
894
427
104
163
703
1521
2036
2175
2439
2511
2137
2346
3685
4218
2181
-141
858
3959
4670
2412
851
1469
2032
1533
1553
2600
3308
2753
1167
-603
-1151
399
2524
2611
562
-1292
-1824
-1899
-1723
-664
561
490
-653
-1657
-2279
-2363
-1097
1047
1844
607
-726
-740
-162
213
711
1310
1193
484
65
-109
-346
-228
297
321
-237
-181
332
-179
-1613
-2162
-1265
-326
-205
-472
-965
-1982
-2970
-2864
-1891
-1369
-1584
-1873
-2316
-3327
-4267
-4018
-2739
-1759
-1641
-1904
-2247
-2677
-2652
-1620
-177
590
552
302
201
377
1050
1893
2339
2453
2498
2525
2829
3748
4278
2946
643
434
2923
4789
3739
1701
1116
1419
1229
1193
2307
3539
3396
1751
-383
-1506
-569
1657
2844
1782
-239
-1595
-2184
-2258
-1386
183
933
152
-1264
-2398
-2818
-1994
-22
1487
1168
-74
-721
-743
-543
117
1093
1416
911
563
596
208
-420
-390
91
387
628
782
12
-1503
-2182
-1450
-499
-153
-140
-561
-1808
-3186
-3398
-2428
-1495
-1346
-1810
-2606
-3559
-4207
-4034
-3169
-2299
-1979
-2174
-2518
-2731
-2578
-1835
-744
13
166
157
359
742
1234
1767
2121
2211
2268
2873
4111
5040
4349
2079
476
1417
3812
4875
3882
2462
1674
1032
563
1191
2818
3825
3007
958
-851
-1257
-165
1300
1807
1097
-78
-1238
-2227
-2437
-1408
102
596
-289
-1568
-2368
-2344
-1381
-2
693
363
-102
-180
-307
-374
323
1299
1310
568
361
881
1107
696
108
-363
-314
460
991
194
-1129
-1316
-625
-593
-1147
-1161
-815
-1112
-1932
-2441
-2542
-2515
-2283
-2021
-2290
-3009
-3474
-3432
-3288
-3178
-2806
-2305
-2142
-2218
-2049
-1606
-1196
-848
-432
55
606
1193
1592
1608
1526
1794
2212
2796
4050
5413
4971
2262
91
1031
3711
4905
4082
2995
2258
1243
388
854
2446
3705
3493
1768
-511
-1654
-728
1021
1687
1098
220
-779
-2138
-2912
-2042
-316
467
-175
-1406
-2456
-2756
-1902
-405
389
91
-259
-133
-190
-400
111
1138
1522
1194
1086
1092
628
200
312
493
412
511
537
-316
-1466
-1384
-283
-12
-929
-1771
-2070
-2361
-2499
-2085
-1705
-2049
-2755
-3186
-3420
-3520
-3136
-2458
-2264
-2787
-3278
-3207
-2733
-2020
-1116
-484
-694
-1333
-1361
-448
850
1846
2191
1926
1448
1329
2231
4125
5796
5582
3373
1414
1735
3579
4657
4345
3757
3364
2500
1323
1101
2245
3416
3130
1420
-370
-851
13
870
628
-296
-886
-1224
-1770
-2002
-1403
-761
-1054
-1853
-2209
-2128
-1892
-1224
-364
-266
-928
-1213
-721
-133
426
1283
1735
1093
381
763
1489
1489
1301
1530
1425
569
-76
-44
-91
-426
-260
301
94
-1086
-2242
-2823
-2901
-2284
-1229
-983
-2228
-3835
-4352
-3814
-3097
-2565
-2160
-2146
-2787
-3665
-3987
-3299
-1902
-581
-152
-840
-1839
-1971
-975
423
1519
2037
1871
1176
707
1647
3953
5831
5450
3319
1910
2538
4065
4679
4292
3917
3736
3134
2181
1848
2556
3412
3128
1463
-357
-751
333
1230
748
-430
-1234
-1785
-2368
-2276
-1248
-476
-969
-2121
-2850
-2975
-2522
-1413
-347
-309
-1025
-1467
-1440
-1168
-273
1228
2099
1611
833
617
622
788
1588
2543
2440
1337
365
-146
-554
-523
301
990
481
-834
-2037
-2930
-3287
-2583
-1316
-1006
-2187
-3707
-4405
-4176
-3395
-2519
-2130
-2456
-3051
-3413
-3436
-3039
-2099
-1037
-598
-929
-1314
-1225
-746
84
1104
1795
1684
1108
990
2067
4050
5466
4838
2768
1784
3076
4895
5148
4304
3853
3693
2947
2092
2259
3297
3972
3380
1578
-389
-1007
71
1304
1189
163
-768
-1710
-2780
-2970
-1751
-449
-460
-1482
-2573
-3367
-3376
-2158
-593
-154
-765
-1252
-1408
-1637
-1232
462
2154
2216
1125
416
411
760
1535
2442
2555
1773
1063
674
68
-425
57
909
653
-667
-1774
-2185
-2367
-2385
-2088
-2080
-2867
-3774
-3902
-3480
-3218
-3185
-3146
-3282
-3623
-3559
-2838
-2104
-1905
-1910
-1736
-1501
-1196
-507
343
704
670
798
1025
1034
1554
3314
5054
4699
2657
1594
2661
4267
4792
4613
4542
4252
3296
2306
2196
2983
3869
3927
2697
841
-221
93
759
718
237
-169
-774
-1732
-2276
-1959
-1493
-1481
-1593
-1639
-2026
-2594
-2526
-1878
-1529
-1543
-1272
-885
-925
-940
-282
427
350
52
435
1109
1382
1513
1716
1488
871
805
1358
1501
1021
764
747
126
-910
-1267
-886
-714
-1022
-1434
-2091
-3175
-3917
-3536
-2643
-2346
-2667
-3021
-3379
-3843
-3905
-3192
-2248
-1699
-1545
-1656
-2009
-2078
-1261
-66
535
610
860
1104
1000
1330
2713
3831
3357
2426
2803
3935
4085
3438
3458
4215
4537
4123
3595
3272
3093
2991
2708
2020
1484
1684
1938
1211
-153
-947
-995
-973
-950
-695
-742
-1617
-2628
-2819
-2442
-2164
-1831
-1267
-1255
-2206
-3039
-2679
-1544
-570
98
384
-56
-884
-1061
-292
696
1478
2040
2006
1130
264
387
1122
1511
1522
1546
1268
327
-671
-961
-684
-413
-381
-722
-1610
-2649
-3051
-2728
-2468
-2686
-2948
-2952
-2967
-3136
-3172
-2952
-2723
-2514
-2142
-1786
-1675
-1546
-1023
-351
-21
34
398
1266
2208
2605
2241
1726
1956
2979
3790
3740
3423
3536
3730
3449
3101
3383
3984
4019
3271
2285
1626
1479
1694
1812
1431
663
-98
-691
-1091
-1153
-910
-808
-1177
-1769
-2165
-2281
-2200
-1945
-1658
-1626
-1890
-2109
-2014
-1643
-1173
-755
-518
-486
-574
-600
-345
234
821
969
713
561
779
1108
1227
1196
1212
1208
977
544
222
239
449
425
-103
-907
-1480
-1593
-1457
-1407
-1627
-2042
-2454
-2760
-2946
-2953
-2701
-2311
-2096
-2199
-2469
-2623
-2425
-1741
-758
-79
-120
-398
-61
938
1684
1652
1480
1937
2751
3043
2733
2566
2991
3531
3606
3316
3159
3284
3365
3082
2552
2215
2266
2344
1979
1220
538
203
37
-145
-312
-481
-829
-1351
-1790
-1950
-1872
-1700
-1569
-1632
-1921
-2222
-2258
-1963
-1522
-1151
-1005
-1084
-1190
-1116
-838
-454
-37
287
304
53
-48
264
716
910
853
823
866
833
693
561
490
465
437
311
7
-391
-675
-777
-833
-994
-1251
-1509
-1732
-1879
-1929
-1956
-2077
-2237
-2202
-1972
-1863
-1982
-1937
-1421
-759
-518
-612
-378
384
1017
950
678
1092
2117
2727
2436
1979
2156
2739
3028
2916
2830
2933
2934
2612
2170
1966
2117
2302
2073
1404
719
359
223
117
47
-8
-266
-813
-1394
-1691
-1623
-1335
-1078
-1138
-1534
-1910
-1923
-1632
-1311
-1058
-877
-859
-998
-1096
-986
-681
-240
192
285
-79
-464
-334
211
576
511
340
329
341
223
56
20
179
387
376
-13
-526
-716
-507
-289
-376
-674
-923
-1048
-1114
-1141
-1147
-1204
-1315
-1349
-1268
-1228
-1319
-1345
-1070
-613
-399
-514
-402
271
984
964
407
312
1095
2028
2283
1980
1781
1914
2097
2132
2175
2387
2577
2396
1838
1344
1333
1663
1758
1340
725
328
170
49
-66
-86
-120
-378
-846
-1270
-1399
-1215
-940
-887
-1146
-1463
-1519
-1298
-1030
-850
-746
-724
-791
-859
-801
-572
-230
58
81
-187
-433
-339
10
222
102
-132
-218
-172
-185
-303
-398
-372
-281
-283
-458
-699
-813
-720
-532
-458
-566
-740
-835
-823
-701
-507
-386
-451
-586
-606
-546
-524
-442
-133
241
332
95
-25
359
1002
1257
915
569
837
1492
1773
1522
1329
1560
1838
1761
1533
1560
1790
1789
1390
916
774
998
1197
1004
489
21
-185
-219
-217
-189
-139
-230
-583
-1009
-1171
-979
-668
-517
-615
-849
-1016
-994
-815
-600
-422
-301
-316
-489
-663
-616
-323
10
131
-38
-312
-410
-259
-87
-144
-336
-392
-289
-283
-513
-785
-856
-724
-579
-589
-755
-947
-1026
-937
-773
-679
-696
-714
-653
-551
-470
-400
-316
-202
-50
79
89
30
117
437
749
780
629
713
1164
1557
1410
886
677
1100
1662
1720
1361
1163
1302
1400
1239
1089
1197
1345
1180
759
435
414
549
556
355
70
-165
-318
-418
-462
-459
-481
-610
-802
-911
-854
-724
-662
-697
-743
-728
-638
-519
-431
-387
-357
-314
-285
-289
-275
-181
-45
18
-54
-202
-268
-169
-22
-37
-239
-426
-443
-377
-429
-615
-761
-754
-681
-709
-877
-1049
-1085
-991
-875
-819
-837
-897
-925
-849
-649
-406
-247
-192
-153
-56
75
206
397
695
985
1061
922
854
1167
1739
2051
1782
1270
1158
1547
1898
1782
1431
1273
1311
1248
1054
966
1043
1016
696
270
64
143
255
148
-148
-424
-587
-675
-711
-661
-591
-654
-870
-1054
-1040
-862
-673
-582
-609
-682
-685
-559
-380
-270
-222
-158
-98
-129
-206
-185
-32
98
59
-92
-187
-126
9
35
-139
-377
-465
-385
-315
-413
-632
-815
-867
-821
-772
-788
-858
-937
-1000
-1031
-995
-890
-764
-666
-610
-565
-501
-383
-189
30
206
321
411
521
673
848
999
1120
1226
1307
1377
1521
1714
1794
1629
1342
1228
1376
1536
1464
1224
1013
873
731
594
534
549
512
315
-1
-278
-376
-325
-290
-387
-573
-739
-846
-913
-953
-947
-893
-810
-749
-791
-908
-930
-731
-433
-271
-302
-358
-306
-179
-49
61
134
146
146
178
224
234
219
217
224
197
115
-2
-108
-176
-244
-342
-445
-511
-570
-691
-841
-899
-855
-819
-861
-911
-885
-829
-784
-718
-599
-456
-336
-226
-106
30
151
255
393
616
838
906
828
788
932
1154
1254
1191
1083
1063
1103
1124
1094
1005
842
642
505
509
579
558
376
109
-73
-90
-1
70
44
-82
-272
-438
-501
-459
-398
-408
-509
-660
-785
-806
-713
-599
-571
-621
-652
-607
-521
-431
-331
-214
-103
-20
55
156
278
388
466
522
580
637
682
723
748
706
568
431
407
466
448
254
-22
-226
-298
-309
-363
-500
-682
-843
-943
-970
-924
-843
-800
-845
-924
-936
-845
-686
-528
-398
-301
-231
-167
-66
85
254
384
443
456
472
534
620
679
684
668
662
638
569
476
424
416
393
301
165
64
44
69
51
-35
-113
-123
-105
-127
-186
-222
-220
-211
-213
-228
-259
-285
-285
-262
-255
-281
-317
-324
-284
-206
-130
-97
-90
-45
61
181
268
342
442
549
620
647
678
763
876
936
913
867
855
851
789
674
572
501
406
243
41
-133
-261
-383
-526
-666
-769
-835
-898
-970
-1029
-1050
-1039
-1018
-1000
-960
-893
-829
-779
-730
-647
-519
-375
-260
-184
-131
-76
3
107
219
315
372
377
356
350
377
420
447
441
405
348
302
287
295
298
280
235
162
83
35
34
45
25
-21
-55
-57
-55
-74
-95
-91
-65
-44
-40
-43
-33
-14
-10
-19
-11
36
96
117
105
108
162
228
272
305
354
415
458
471
476
504
555
592
593
568
534
490
428
363
318
283
214
85
-70
-194
-271
-332
-413
-507
-579
-629
-694
-777
-839
-840
-794
-754
-757
-782
-780
-726
-643
-563
-493
-422
-350
-296
-264
-228
-149
-35
67
118
127
131
161
213
256
270
273
295
330
355
354
342
330
329
337
347
335
283
206
138
92
59
25
-15
-62
-117
-175
-222
-240
-224
-184
-159
-167
-181
-164
-113
-46
25
95
154
185
205
244
320
406
467
490
495
504
525
546
548
540
530
507
456
398
369
356
317
239
155
99
75
56
17
-39
-96
-142
-190
-235
-272
-293
-310
-338
-378
-411
-427
-439
-458
-476
-482
-472
-459
-450
-444
-439
-428
-408
-382
-361
-340
-314
-285
-261
-237
-203
-174
-152
-130
-103
-68
-33
-6
14
36
67
100
114
98
84
95
108
92
52
13
-12
-29
-53
-90
-123
-146
-160
-179
-205
-219
-214
-201
-193
-180
-148
-98
-52
-6
58
139
224
289
345
412
491
561
608
640
670
694
709
700
677
653
638
614
572
522
479
440
393
331
274
239
217
189
152
114
76
42
23
24
22
-2
-45
-74
-75
-67
-82
-125
-169
-196
-216
-256
-315
-359
-373
-379
-402
-443
-478
-496
-497
-492
-484
-471
-456
-451
-459
-465
-442
-398
-354
-329
-323
-318
-301
-287
-282
-271
-242
-215
-226
-263
-285
-268
-230
-208
-207
-214
-212
-199
-186
-173
-148
-108
-75
-62
-42
5
75
138
179
215
256
308
359
403
446
489
525
547
558
567
583
594
591
573
555
552
549
527
492
458
426
394
365
342
327
303
267
214
168
139
132
122
105
91
83
70
36
16
29
57
58
24
-13
-30
-30
-35
-59
-92
-117
-134
-160
-202
-244
-264
-272
-300
-350
-403
-432
-443
-451
-471
-499
-520
-523
-526
-531
-529
-514
-501
-508
-518
-501
-464
-430
-413
-405
-386
-352
-318
-293
-268
-231
-183
-149
-129
-103
-54
9
62
104
146
189
228
260
294
338
383
407
414
417
428
440
447
452
448
431
406
383
369
359
342
318
293
275
260
247
228
215
210
207
197
179
164
156
159
164
165
162
159
154
151
152
151
142
129
122
117
106
84
58
33
11
-7
-19
-31
-48
-77
-118
-159
-183
-193
-206
-227
-252
-275
-301
-325
-342
-341
-334
-335
-347
-362
-367
-358
-340
-324
-312
-299
-288
-282
-280
-270
-249
-228
-213
-208
-198
-187
-173
-156
-133
-105
-77
-51
-29
-13
4
30
57
80
100
116
126
131
140
150
159
165
170
167
159
149
144
139
134
132
131
130
123
113
104
104
122
142
154
159
168
182
196
210
228
252
274
289
294
293
296
305
314
320
317
305
281
252
225
206
188
164
133
98
59
18
-21
-58
-93
-122
-148
-176
-206
-239
-275
-306
-318
-312
-309
-322
-342
-352
-344
-328
-313
-294
-273
-253
-245
-245
-241
-217
-184
-160
-154
-155
-152
-145
-130
-108
-84
-68
-63
-64
-67
-62
-48
-29
-15
-12
-17
-22
-24
-19
-4
9
9
-2
-10
-7
0
11
20
24
26
31
42
55
69
87
109
131
146
155
168
193
226
254
269
273
283
305
323
331
333
336
341
341
336
325
310
292
271
246
214
187
168
145
110
63
15
-20
-49
-82
-118
-152
-186
-216
-247
-279
-298
-309
-313
-320
-329
-332
-327
-318
-307
-289
-268
-251
-242
-229
-204
-176
-159
-149
-131
-110
-92
-83
-73
-56
-38
-25
-23
-27
-23
-15
-8
-11
-14
-9
-2
-3
-7
-9
-6
-4
-2
4
7
10
17
25
32
41
53
62
74
87
103
116
132
149
166
181
196
211
225
240
248
260
268
270
270
267
266
264
256
245
236
224
203
180
156
132
108
87
62
29
-6
-38
-62
-86
-114
-145
-173
-198
-218
-232
-246
-262
-273
-281
-285
-286
-279
-268
-258
-249
-240
-231
-217
-195
-170
-151
-142
-133
-121
-104
-89
-76
-61
-51
-46
-46
-44
-40
-36
-32
-30
-30
-31
-30
-29
-22
-10
1
2
0
-1
6
18
34
47
49
49
57
72
87
93
105
122
136
144
156
177
194
206
218
232
243
255
268
282
292
297
300
297
288
279
276
276
268
246
222
200
184
166
141
110
80
51
20
-14
-46
-70
-97
-130
-161
-189
-216
-242
-262
-276
-287
-298
-311
-327
-334
-329
-320
-313
-308
-303
-294
-281
-267
-247
-224
-204
-193
-184
-172
-156
-141
-127
-110
-98
-92
-92
-89
-81
-69
-59
-57
-55
-50
-43
-33
-20
-5
8
16
22
28
43
62
80
95
107
118
132
146
159
170
188
206
216
219
223
231
245
257
259
259
264
270
277
283
284
282
275
266
258
254
253
246
232
212
193
173
156
135
116
96
70
38
3
-25
-45
-62
-84
-112
-141
-163
-183
-203
-215
-223
-234
-251
-268
-276
-276
-271
-270
-271
-270
-267
-261
-256
-253
-242
-227
-214
-211
-211
-205
-197
-188
-179
-174
-171
-164
-159
-151
-142
-132
-123
-118
-112
-104
-91
-79
-64
-47
-32
-19
-4
9
29
53
73
92
111
128
145
165
190
211
224
232
243
257
271
283
291
293
294
298
303
304
304
304
300
288
275
265
259
254
248
236
218
198
184
169
152
132
116
98
74
50
28
9
-12
-34
-57
-76
-92
-110
-130
-147
-165
-180
-194
-205
-215
-223
-233
-246
-256
-258
-254
-253
-253
-254
-254
-256
-253
-245
-235
-229
-233
-238
-238
-235
-229
-223
-211
-203
-202
-206
-206
-196
-181
-166
-153
-145
-139
-129
-108
-85
-64
-45
-27
-9
10
31
55
81
109
136
156
173
187
207
230
250
265
277
284
294
302
306
313
321
326
325
320
315
308
307
300
288
276
264
251
235
220
207
194
177
157
136
118
101
84
63
40
22
4
-15
-35
-50
-66
-85
-108
-125
-137
-148
-163
-181
-199
-213
-220
-227
-236
-242
-246
-248
-254
-260
-263
-264
-262
-258
-255
-255
-256
-254
-245
-237
-228
-220
-212
-206
-200
-190
-176
-160
-146
-135
-121
-107
-94
-77
-58
-40
-26
-12
7
26
45
64
83
100
118
134
148
159
173
186
199
209
217
223
231
240
247
252
257
259
259
259
257
257
254
250
248
242
232
219
208
197
187
175
164
151
133
113
95
83
73
61
45
25
7
-11
-27
-44
-57
-70
-81
-99
-120
-132
-139
-145
-157
-169
-176
-183
-192
-198
-203
-203
-205
-209
-219
-228
-229
-224
-219
-215
-212
-209
-209
-210
-204
-189
-173
-164
-159
-153
-142
-130
-116
-103
-88
-74
-63
-52
-40
-24
-11
3
18
36
50
59
69
80
94
108
112
117
127
138
145
146
148
156
164
170
171
168
170
172
171
167
167
167
168
165
158
153
151
149
145
139
133
127
118
110
103
94
86
77
71
61
48
38
26
13
-1
-13
-22
-31
-44
-58
-70
-77
-82
-88
-97
-102
-110
-118
-122
-124
-122
-128
-135
-139
-139
-136
-137
-138
-136
-134
-134
-137
-138
-133
-123
-113
-108
-106
-105
-100
-92
-83
-72
-59
-47
-40
-38
-32
-21
-9
2
13
26
35
38
39
43
52
63
73
78
78
77
77
80
82
83
87
89
87
80
74
72
75
79
79
73
70
65
62
62
61
62
63
62
61
58
57
57
60
60
55
48
43
42
39
30
19
10
5
-1
-8
-17
-24
-29
-40
-49
-55
-57
-61
-69
-74
-76
-81
-89
-92
-90
-89
-91
-98
-101
-99
-93
-88
-90
-90
-85
-79
-74
-68
-60
-51
-42
-36
-33
-27
-20
-12
0
10
17
20
21
20
28
38
44
45
47
48
47
48
51
58
64
66
64
61
58
55
59
62
59
55
53
50
43
38
37
38
35
28
23
20
17
17
16
16
15
15
14
14
15
18
19
16
12
10
7
5
1
-1
-5
-9
-11
-17
-20
-22
-27
-34
-40
-43
-44
-46
-52
-55
-54
-55
-59
-62
-61
-56
-55
-55
-57
-56
-52
-45
-39
-37
-35
-29
-23
-17
-13
-7
2
8
14
16
18
24
32
40
45
49
50
47
49
53
58
61
59
56
53
51
48
47
49
50
48
42
36
32
29
32
34
30
24
17
13
10
10
8
3
-2
-10
-17
-17
-19
-21
-21
-22
-23
-25
-26
-24
-21
-19
-15
-13
-14
-15
-15
-15
-15
-17
-19
-22
-28
-33
-36
-39
-41
-43
-48
-50
-54
-56
-55
-59
-64
-65
-65
-66
-67
-65
-62
-62
-63
-62
-57
-54
-48
-42
-35
-30
-25
-14
-5
2
7
16
27
34
42
48
57
64
68
73
75
76
75
74
76
77
77
78
76
74
72
69
65
64
64
63
60
54
50
46
43
41
38
35
32
30
28
23
18
18
16
15
14
13
13
17
19
18
17
17
17
16
18
20
21
18
14
9
5
4
-1
-4
-9
-18
-27
-35
-41
-47
-52
-58
-67
-76
-86
-91
-92
-93
-100
-106
-110
-113
-113
-112
-110
-109
-107
-106
-103
-98
-90
-83
-76
-70
-62
-54
-43
-33
-22
-13
-3
6
11
17
27
38
43
43
44
47
54
58
59
60
60
60
60
59
60
61
60
58
58
57
54
52
53
52
48
45
45
44
44
46
48
49
47
46
47
52
55
55
55
54
53
55
54
56
58
57
56
52
49
47
45
40
36
31
24
15
4
-3
-10
-18
-28
-39
-51
-61
-67
-74
-84
-92
-102
-109
-114
-118
-121
-125
-128
-133
-134
-134
-129
-124
-120
-115
-110
-106
-101
-91
-77
-63
-54
-48
-42
-31
-19
-8
2
12
22
29
33
38
45
54
59
61
61
62
66
71
75
77
77
77
79
82
84
86
85
82
78
78
81
84
85
82
82
81
79
77
77
81
83
81
73
70
72
75
74
72
68
64
59
55
51
48
43
35
27
16
6
-1
-8
-18
-29
-41
-52
-62
-75
-85
-91
-96
-104
-115
-124
-128
-131
-132
-133
-136
-137
-139
-142
-141
-138
-131
-124
-118
-113
-110
-104
-96
-84
-73
-63
-54
-47
-42
-36
-25
-12
-3
2
4
13
20
25
32
40
43
46
47
49
54
57
58
60
61
62
64
64
66
67
68
68
69
70
73
76
76
76
75
77
82
83
83
82
85
85
83
83
83
83
84
84
82
80
78
77
76
70
65
59
53
44
33
24
16
8
-2
-15
-28
-39
-48
-58
-68
-75
-83
-92
-102
-109
-110
-110
-111
-113
-117
-118
-119
-116
-112
-105
-102
-100
-100
-98
-93
-85
-76
-70
-65
-62
-58
-52
-44
-36
-27
-20
-18
-14
-9
-1
7
11
15
18
20
20
21
23
25
28
31
30
28
29
31
34
32
32
36
40
41
43
45
49
50
52
55
59
66
71
76
78
80
81
85
88
89
88
88
88
88
86
82
78
73
71
67
60
55
49
41
33
26
18
7
-5
-13
-20
-28
-37
-44
-51
-57
-67
-73
-76
-81
-85
-89
-91
-89
-88
-87
-84
-82
-80
-79
-77
-75
-72
-68
-64
-61
-62
-60
-56
-50
-49
-49
-47
-45
-43
-41
-38
-34
-28
-28
-26
-24
-20
-17
-14
-13
-13
-13
-12
-11
-9
-5
0
4
6
7
12
17
24
29
31
35
37
41
46
49
57
64
69
69
70
75
79
80
83
84
85
86
87
87
86
85
85
84
80
75
72
66
62
60
53
47
38
28
21
17
12
8
1
-5
-13
-21
-31
-37
-38
-38
-36
-37
-41
-46
-48
-50
-48
-48
-47
-47
-49
-49
-50
-48
-48
-46
-45
-46
-45
-41
-40
-42
-43
-44
-41
-41
-39
-43
-44
-44
-44
-43
-40
-37
-35
-37
-39
-39
-37
-34
-31
-26
-23
-21
-22
-17
-12
-9
-6
-2
-1
-3
-1
2
9
17
25
29
30
30
33
36
41
46
51
56
56
58
60
63
63
63
62
60
56
53
52
50
47
44
38
35
31
23
16
13
9
5
-1
-7
-13
-17
-23
-28
-29
-27
-27
-32
-32
-34
-38
-39
-37
-34
-30
-27
-27
-26
-26
-23
-16
-14
-14
-14
-13
-13
-16
-16
-9
-5
-3
-2
-4
-5
-5
-6
-4
-2
2
4
3
1
-1
-1
0
-1
-4
-6
-8
-7
-8
-7
-3
-1
-2
-5
-4
-4
-1
4
8
12
14
14
13
15
20
24
27
27
27
29
30
29
28
31
34
36
38
36
32
30
30
30
29
25
23
19
15
8
3
2
3
1
-4
-11
-18
-20
-21
-19
-18
-17
-21
-27
-29
-29
-26
-23
-22
-23
-24
-24
-23
-23
-21
-16
-11
-12
-16
-17
-17
-14
-12
-8
-7
-5
-6
-6
-6
-7
-7
-6
-5
-4
-4
-4
-4
-3
-3
-6
-5
-5
-6
-5
-3
-2
-1
1
2
1
1
-2
-3
-2
-1
2
1
1
1
-2
-3
-2
0
4
6
7
8
10
11
14
17
20
21
21
22
21
22
23
22
22
20
17
13
10
9
8
7
7
4
1
-1
-1
-3
-7
-9
-11
-14
-15
-16
-17
-19
-20
-19
-20
-21
-20
-15
-12
-12
-12
-10
-8
-4
-1
-1
1
4
4
3
2
2
3
1
0
1
5
4
3
4
4
5
5
3
4
5
7
5
3
3
4
2
3
3
3
2
2
3
-1
0
0
5
6
2
3
5
8
8
8
11
14
14
13
13
14
15
18
21
21
21
20
18
15
17
17
17
15
14
15
14
10
7
4
2
-1
-3
-7
-12
-15
-18
-21
-25
-26
-29
-30
-32
-35
-36
-37
-35
-33
-33
-35
-35
-35
-32
-32
-32
-31
-29
-29
-29
-30
-31
-30
-29
-25
-23
-20
-19
-18
-14
-10
-6
-2
2
5
7
8
10
12
15
20
22
24
26
29
30
30
31
35
39
40
41
41
43
46
47
49
48
48
49
50
52
54
56
54
52
51
52
52
49
47
48
48
46
42
38
36
33
30
25
20
16
11
5
-5
-12
-18
-22
-25
-31
-37
-44
-52
-56
-63
-66
-68
-70
-76
-80
-82
-83
-86
-86
-83
-84
-86
-88
-86
-82
-79
-77
-73
-70
-68
-64
-60
-55
-52
-48
-42
-39
-39
-39
-37
-31
-25
-22
-20
-16
-10
-6
-3
3
10
14
21
25
31
35
42
49
53
55
57
61
66
71
74
78
83
87
88
90
94
99
104
106
111
116
119
120
120
120
118
115
113
113
112
107
102
96
89
84
80
74
65
54
42
31
22
10
-2
-15
-26
-39
-51
-65
-74
-83
-93
-103
-111
-119
-127
-132
-136
-139
-146
-147
-148
-149
-151
-151
-150
-149
-144
-139
-135
-131
-126
-120
-114
-104
-96
-90
-83
-75
-68
-63
-56
-49
-42
-36
-30
-24
-16
-9
-4
3
9
16
21
25
29
33
40
43
49
55
58
62
68
76
81
87
95
103
112
117
121
125
130
133
136
139
141
141
141
139
138
135
135
133
128
122
117
110
103
98
95
88
78
67
54
44
32
21
13
3
-7
-20
-32
-42
-52
-60
-68
-75
-84
-93
-101
-106
-111
-113
-116
-117
-118
-120
-120
-120
-118
-115
-113
-112
-111
-108
-103
-97
-94
-90
-86
-85
-82
-79
-75
-69
-64
-60
-56
-53
-50
-44
-41
-37
-33
-32
-32
-29
-25
-22
-21
-20
-14
-9
-7
-4
2
10
18
23
28
35
43
50
58
67
76
82
88
99
107
113
118
121
127
132
137
140
142
139
136
135
133
128
121
117
112
107
98
88
76
68
60
50
41
28
18
8
-2
-12
-23
-33
-39
-46
-55
-62
-70
-76
-82
-87
-91
-94
-97
-98
-100
-100
-98
-97
-97
-96
-94
-94
-92
-88
-86
-83
-81
-79
-78
-72
-68
-65
-63
-59
-57
-56
-53
-49
-46
-45
-42
-38
-36
-32
-28
-25
-21
-18
-15
-8
-3
4
11
16
22
28
36
43
49
57
64
69
74
82
87
96
103
107
110
112
115
116
115
116
117
117
113
105
100
96
94
90
84
75
67
57
49
44
37
29
22
15
9
-1
-11
-21
-26
-31
-35
-43
-50
-55
-60
-61
-66
-68
-70
-73
-73
-76
-77
-75
-73
-73
-76
-77
-78
-77
-77
-75
-73
-71
-73
-74
-72
-71
-69
-68
-67
-69
-67
-65
-62
-64
-62
-61
-58
-54
-52
-48
-45
-42
-38
-35
-28
-20
-14
-8
-2
5
12
20
31
40
49
54
60
69
77
83
89
95
98
105
107
110
111
112
112
111
111
106
102
100
97
93
88
81
75
68
60
52
46
38
31
24
17
10
2
-4
-10
-16
-18
-23
-27
-33
-40
-43
-43
-43
-43
-43
-42
-41
-45
-47
-49
-49
-47
-45
-47
-51
-50
-50
-47
-44
-41
-39
-36
-36
-34
-37
-37
-35
-32
-33
-34
-35
-34
-34
-35
-34
-31
-29
-27
-24
-22
-18
-15
-10
-7
-5
-3
-1
0
3
9
12
16
18
21
23
25
29
33
36
40
43
44
43
44
46
48
48
46
44
42
39
37
37
33
27
22
18
14
8
5
2
-2
-5
-8
-12
-16
-16
-18
-19
-19
-18
-18
-19
-16
-16
-19
-20
-22
-22
-20
-17
-18
-20
-20
-20
-19
-17
-14
-13
-11
-9
-8
-8
-6
-6
-5
-4
-5
-8
-12
-14
-10
-9
-7
-8
-9
-8
-9
-6
-7
-4
0
2
3
4
5
6
7
10
11
11
12
15
19
21
20
23
24
27
28
28
31
33
34
33
33
34
33
34
34
33
32
30
28
23
19
17
13
10
7
4
3
0
-3
-8
-11
-14
-17
-18
-19
-20
-24
-25
-27
-28
-29
-32
-34
-33
-33
-35
-33
-31
-32
-30
-29
-27
-27
-26
-25
-23
-20
-19
-17
-16
-13
-12
-16
-17
-17
-15
-14
-12
-12
-11
-10
-9
-8
-6
-5
-4
-2
-2
-1
0
1
3
5
6
8
10
10
13
13
17
21
23
23
24
26
28
29
31
34
38
38
37
36
37
37
36
36
35
34
33
31
30
28
27
26
24
22
16
15
13
11
8
4
3
1
-2
-6
-9
-13
-15
-18
-21
-21
-23
-29
-31
-31
-30
-30
-32
-33
-34
-34
-35
-33
-35
-35
-33
-32
-33
-35
-36
-33
-32
-31
-30
-28
-26
-27
-25
-24
-20
-16
-15
-14
-12
-8
-8
-6
-6
-5
-2
1
3
2
2
6
7
10
13
15
19
23
26
29
32
33
36
37
36
38
39
40
39
36
35
37
36
33
32
34
36
35
36
36
37
37
35
31
25
23
22
19
14
11
7
1
-5
-9
-11
-12
-17
-20
-21
-22
-23
-24
-23
-25
-26
-26
-27
-29
-30
-30
-32
-33
-33
-34
-35
-34
-34
-35
-35
-34
-33
-30
-30
-29
-25
-24
-24
-23
-22
-21
-19
-19
-17
-14
-14
-13
-12
-12
-9
-6
-2
1
3
5
7
9
12
17
20
21
22
23
27
29
30
30
31
30
29
30
30
31
30
30
29
31
31
29
27
26
27
27
28
29
27
26
26
24
23
21
22
23
21
18
13
12
10
8
6
3
1
-1
-2
-5
-9
-10
-15
-18
-21
-25
-28
-30
-29
-31
-33
-35
-36
-37
-39
-38
-39
-38
-37
-37
-38
-38
-38
-37
-34
-33
-29
-29
-27
-26
-24
-24
-22
-19
-14
-13
-12
-12
-10
-6
-2
0
1
1
1
4
8
10
12
13
14
15
16
20
21
20
20
23
24
25
27
29
30
31
33
32
34
34
34
36
35
32
31
31
31
30
28
27
26
24
23
22
21
20
19
17
15
13
11
8
6
4
-1
-3
-5
-7
-11
-13
-16
-17
-18
-19
-20
-19
-21
-24
-27
-28
-28
-29
-29
-30
-30
-31
-32
-34
-36
-36
-36
-35
-33
-33
-32
-32
-28
-25
-23
-19
-16
-13
-13
-13
-13
-13
-9
-6
-5
-6
-4
-2
-2
0
2
6
6
9
12
16
18
19
21
21
21
20
23
24
24
24
22
23
21
24
26
26
26
29
29
28
28
28
27
27
25
24
23
22
23
22
20
19
18
18
18
16
13
10
7
4
2
0
-2
-3
-6
-9
-9
-10
-11
-12
-14
-17
-19
-20
-20
-21
-22
-25
-25
-26
-26
-25
-26
-28
-27
-27
-27
-29
-27
-25
-25
-26
-24
-22
-21
-21
-20
-18
-17
-16
-17
-15
-10
-8
-8
-8
-6
-4
-2
2
4
4
4
6
6
8
8
10
11
14
14
15
18
18
18
18
19
19
21
22
23
22
23
23
23
20
17
15
14
14
12
14
15
14
15
16
16
16
17
18
19
19
16
15
14
12
13
11
9
4
1
1
2
-1
-4
-8
-11
-12
-11
-8
-10
-12
-11
-12
-14
-14
-14
-18
-20
-25
-26
-27
-27
-27
-29
-28
-27
-28
-28
-29
-28
-30
-30
-26
-23
-19
-17
-15
-13
-9
-4
-2
-1
-4
-5
-4
-1
2
4
5
6
7
10
14
15
13
13
14
14
17
20
22
21
21
20
21
21
19
17
17
19
24
23
21
18
18
19
18
20
20
19
16
14
15
17
17
15
12
6
7
9
8
6
5
4
2
0
-2
-3
-5
-8
-9
-10
-11
-12
-11
-12
-13
-12
-14
-18
-21
-23
-25
-26
-25
-24
-21
-22
-23
-25
-27
-31
-34
-33
-31
-32
-31
-29
-28
-26
-24
-21
-19
-18
-15
-10
-7
-5
-4
-4
-5
-5
-4
1
4
4
5
8
12
13
15
15
13
10
8
9
13
14
17
19
23
27
29
30
