1
1
1
1
1
1
3
0
1
1
1
1
1
3
2
1
1
1
1
1
2
2
1
-1
0
0
0
1
0
1
0
-1
-1
0
0
-2
-2
-1
-2
-2
-2
-2
-4
-3
-2
-1
-2
-3
-3
-3
-1
0
0
1
1
0
-1
1
1
1
1
4
3
2
3
2
3
2
2
2
1
1
1
1
2
1
1
0
1
0
1
0
-1
-1
0
1
2
1
2
1
2
2
2
3
2
2
3
3
1
1
0
1
0
0
0
0
0
0
-1
-2
-3
-4
-2
-3
-3
-2
-2
-2
0
0
0
0
-1
-1
-1
-1
-1
-1
-1
0
1
0
-1
-1
0
-1
-1
1
0
0
0
1
0
0
-1
-2
-2
-1
-2
-2
-2
-1
-2
-2
-1
-1
1
0
1
0
-1
0
0
1
1
0
1
0
0
0
0
-1
-2
-1
-1
-2
-1
-1
-1
0
-1
0
-1
0
2
0
0
1
0
-1
0
-1
0
2
3
3
2
1
1
-1
-1
-1
-2
-1
0
0
0
2
0
0
-2
-1
-1
-1
0
0
1
0
0
0
-2
-1
-1
0
0
-1
0
0
0
1
2
1
2
1
2
3
3
2
2
1
2
1
1
1
1
3
3
3
3
2
2
1
0
1
1
1
0
1
2
0
1
1
1
2
2
2
3
3
3
4
2
1
2
1
1
0
1
0
0
-2
-3
-1
-2
-2
-1
-2
-1
-1
-2
-2
-2
-1
-1
-1
-1
-2
-1
-1
-1
-1
0
1
1
1
2
0
0
0
1
0
-1
-1
-2
-2
-1
-1
-2
-1
-2
-2
-3
-3
-3
-3
-3
-4
-2
-3
-3
-4
-4
-5
-4
-3
-3
-2
-3
-4
-4
-2
-3
-3
-3
-3
-3
-3
-2
-1
-2
-3
-1
-1
-1
-1
-1
-2
-1
-2
-1
-1
-2
1
1
2
3
3
3
3
4
4
4
5
5
6
7
7
7
6
5
5
5
4
4
4
4
2
3
3
3
5
4
3
3
2
3
2
1
1
1
0
1
1
0
0
-1
-2
-2
-2
-3
-2
-3
-2
-2
-2
-2
-2
-2
-2
-3
-4
-4
-5
-4
-4
-4
-4
-4
-3
-2
-1
-2
-1
-2
-2
-2
-3
-1
-1
-1
-1
0
0
1
1
2
3
2
2
2
1
2
2
2
3
3
2
1
0
0
1
1
-1
0
0
2
2
2
2
3
3
3
3
3
2
2
2
1
3
2
1
1
0
-2
-1
-1
-2
-1
0
-1
-2
-1
-1
-1
-2
-2
-2
-3
-3
-3
-2
-2
-1
-1
-2
-1
-3
-2
-3
-2
-2
-2
-2
-3
-2
-3
-2
-2
-3
-2
-2
-2
-1
-1
-1
-2
0
0
1
1
-1
-2
-1
0
0
1
1
2
0
0
1
2
3
3
2
2
2
0
0
1
1
1
2
1
0
0
2
2
2
1
1
1
1
0
0
1
-1
0
1
0
1
1
1
1
2
1
0
0
0
0
0
0
-1
-1
-1
-1
-1
-2
-3
-2
-3
-2
-3
-2
-2
-2
-1
0
0
0
1
1
1
2
2
2
2
1
2
2
1
1
2
1
1
0
0
0
0
2
0
1
1
2
1
2
1
2
3
4
4
4
4
3
3
3
2
2
2
1
2
2
1
1
1
1
2
2
2
2
0
1
3
3
3
2
3
2
2
1
1
2
2
2
1
1
1
1
0
-1
1
-1
-1
-1
-2
-4
-4
-4
-6
-7
-7
-7
-7
-8
-9
-9
-9
-9
-9
-8
-8
-7
-8
-8
-7
-7
-7
-8
-6
-7
-5
-5
-6
-3
-4
-4
-4
-2
-2
-3
-4
-2
-2
-3
-2
-1
1
2
2
3
3
4
4
5
4
4
4
4
5
5
4
5
6
5
5
6
7
8
7
7
8
8
7
8
6
5
5
5
5
5
4
4
4
4
4
5
4
4
3
5
5
4
5
5
4
4
4
2
2
1
-1
-3
-3
-4
-4
-4
-4
-6
-6
-6
-7
-7
-7
-7
-7
-7
-6
-7
-6
-5
-5
-5
-4
-2
-2
-2
-1
-2
-2
-2
-2
-2
-3
-3
-3
-2
-3
-3
-2
-2
-1
-2
1
2
4
5
4
6
6
6
7
6
7
6
6
7
6
6
6
6
7
6
5
5
5
6
4
5
5
5
4
2
3
2
0
-1
-1
-1
-2
-3
-4
-4
-3
-3
-1
-1
0
2
2
2
2
2
2
0
0
0
-1
0
0
-1
0
-2
-2
-3
-3
-4
-3
-4
-4
-4
-5
-6
-7
-9
-9
-11
-11
-11
-11
-10
-11
-11
-11
-11
-13
-13
-16
-16
-15
-16
-17
-15
-15
-14
-11
-9
-8
-8
-8
-10
-10
-10
-10
-11
-9
-9
-9
-8
-8
-7
-6
-4
-1
1
6
9
13
15
18
21
21
22
24
26
28
30
31
33
35
37
37
38
40
41
42
43
44
45
46
44
41
38
34
29
24
19
13
7
1
-5
-10
-13
-17
-19
-22
-24
-25
-27
-30
-31
-32
-35
-38
-41
-45
-48
-51
-53
-55
-55
-57
-57
-58
-61
-64
-67
-72
-73
-74
-77
-77
-74
-72
-66
-61
-51
-41
-29
-14
0
16
29
43
58
72
87
102
115
129
143
158
170
181
188
193
193
190
184
175
162
146
129
112
95
77
60
45
27
10
-10
-30
-50
-71
-92
-112
-132
-151
-166
-180
-191
-198
-201
-202
-202
-198
-194
-188
-183
-178
-171
-164
-157
-147
-137
-126
-114
-102
-91
-79
-68
-59
-54
-51
-49
-51
-50
-48
-43
-33
-19
1
29
63
101
144
187
229
268
302
330
349
361
365
365
359
349
333
313
289
262
234
206
178
148
117
83
49
15
-18
-50
-78
-106
-129
-144
-154
-160
-163
-166
-171
-174
-178
-181
-184
-187
-192
-195
-195
-194
-190
-185
-177
-171
-165
-157
-149
-143
-138
-137
-139
-142
-147
-152
-159
-167
-174
-183
-192
-197
-199
-194
-187
-179
-167
-153
-130
-100
-59
-13
41
100
166
234
303
372
430
477
513
534
545
552
550
538
517
484
446
405
363
323
283
241
195
146
97
51
6
-36
-78
-118
-152
-174
-186
-189
-189
-189
-189
-188
-188
-185
-181
-178
-177
-180
-184
-186
-185
-180
-177
-173
-171
-167
-160
-154
-151
-154
-163
-177
-192
-205
-218
-230
-244
-260
-278
-296
-310
-321
-330
-336
-340
-341
-334
-320
-301
-274
-244
-209
-162
-105
-30
60
152
248
340
427
508
583
646
691
715
720
712
700
691
679
658
624
580
531
485
445
405
355
292
222
154
92
38
-13
-68
-128
-189
-238
-270
-289
-304
-320
-339
-358
-365
-362
-352
-345
-348
-354
-355
-344
-324
-300
-279
-263
-249
-224
-189
-148
-107
-78
-55
-41
-25
-12
-1
-3
-21
-48
-76
-102
-125
-147
-175
-207
-240
-266
-279
-282
-279
-274
-270
-265
-256
-241
-220
-194
-171
-148
-124
-93
-51
3
72
155
247
341
438
531
619
694
754
789
797
785
761
739
718
697
669
628
577
523
468
414
358
291
207
111
15
-76
-160
-244
-330
-413
-489
-541
-571
-580
-579
-573
-564
-550
-526
-489
-446
-402
-364
-327
-286
-237
-180
-120
-65
-14
34
78
120
156
179
191
190
179
158
129
91
42
-16
-80
-140
-201
-258
-310
-355
-395
-430
-456
-472
-475
-467
-447
-419
-383
-339
-286
-225
-162
-98
-40
11
61
121
203
308
419
519
602
674
747
813
861
884
873
836
786
742
710
680
634
563
475
393
330
285
239
166
66
-45
-147
-228
-293
-357
-431
-513
-583
-622
-624
-598
-574
-561
-552
-530
-483
-419
-352
-297
-256
-223
-180
-120
-48
26
86
125
158
195
242
283
299
285
251
213
175
136
92
41
-19
-82
-141
-185
-218
-253
-298
-357
-419
-466
-496
-519
-539
-551
-549
-529
-492
-445
-386
-312
-236
-162
-92
-22
48
111
161
205
264
349
446
540
622
704
786
851
882
880
856
822
784
742
696
645
579
487
374
259
165
92
22
-61
-154
-241
-311
-364
-418
-478
-534
-580
-610
-617
-594
-547
-497
-457
-426
-382
-312
-220
-130
-55
4
62
128
195
258
311
354
382
394
399
407
410
392
337
254
167
92
20
-58
-144
-228
-303
-365
-419
-466
-504
-542
-587
-635
-665
-668
-651
-635
-628
-610
-558
-472
-374
-276
-188
-105
-22
54
126
188
231
240
216
185
192
255
352
438
494
549
629
724
800
825
801
742
666
597
551
534
511
442
331
218
153
141
139
102
16
-88
-174
-228
-267
-317
-381
-454
-519
-551
-528
-454
-372
-324
-313
-294
-231
-128
-19
60
105
140
184
240
300
344
365
354
322
293
287
298
295
248
172
96
45
6
-53
-140
-240
-337
-421
-494
-557
-611
-668
-728
-780
-800
-784
-749
-724
-716
-697
-641
-551
-458
-380
-310
-230
-135
-33
65
160
248
319
361
380
394
399
379
319
251
231
287
380
442
463
484
535
591
611
591
552
505
452
402
382
394
398
349
253
167
145
177
207
185
114
40
6
1
-5
-28
-64
-99
-131
-140
-100
-21
43
50
14
-3
37
107
152
144
101
59
32
8
-25
-71
-126
-196
-274
-333
-347
-324
-315
-347
-398
-416
-390
-359
-364
-405
-457
-498
-528
-542
-536
-512
-491
-491
-496
-466
-388
-299
-248
-241
-229
-169
-66
41
121
181
237
295
348
401
458
500
496
427
328
243
173
84
-51
-191
-255
-208
-109
-24
44
134
258
373
443
482
513
536
530
513
525
577
627
621
556
495
493
540
570
523
414
302
225
159
76
-21
-114
-203
-303
-389
-415
-381
-344
-361
-416
-442
-400
-322
-270
-273
-308
-334
-341
-350
-366
-388
-407
-436
-468
-468
-402
-289
-186
-133
-102
-46
43
124
157
140
91
35
-18
-58
-76
-81
-92
-132
-180
-193
-151
-89
-71
-114
-171
-186
-152
-106
-83
-83
-84
-70
-36
22
99
175
208
179
115
66
41
-11
-137
-305
-415
-383
-241
-91
17
123
275
457
611
720
792
827
808
751
723
768
837
834
715
552
450
450
478
435
288
95
-65
-163
-233
-309
-397
-495
-601
-686
-689
-595
-465
-394
-404
-423
-373
-244
-102
-19
-17
-55
-76
-60
-28
-2
4
-15
-52
-78
-39
58
156
189
158
123
126
148
147
99
14
-92
-199
-277
-304
-293
-284
-312
-363
-383
-343
-271
-234
-264
-328
-364
-341
-285
-234
-205
-187
-162
-112
-34
69
170
235
238
186
116
66
17
-101
-310
-525
-597
-474
-261
-95
14
156
381
622
806
918
977
974
898
810
789
839
854
732
491
264
174
213
256
186
0
-195
-301
-321
-324
-367
-448
-550
-642
-671
-587
-413
-243
-162
-151
-113
23
231
413
483
438
357
316
324
333
295
200
66
-65
-143
-140
-90
-69
-121
-204
-251
-236
-201
-202
-262
-370
-486
-572
-595
-561
-507
-479
-479
-470
-397
-256
-110
-30
-36
-67
-51
24
112
163
165
137
119
141
205
272
295
249
132
-31
-195
-329
-465
-678
-981
-1257
-1326
-1126
-800
-527
-323
-59
326
748
1089
1319
1455
1488
1421
1334
1332
1403
1406
1222
903
626
517
545
560
437
173
-108
-289
-353
-382
-459
-599
-763
-896
-925
-810
-593
-392
-290
-264
-204
-35
212
424
503
446
345
303
332
365
338
224
59
-96
-188
-194
-165
-179
-275
-399
-467
-460
-428
-435
-503
-613
-730
-790
-757
-658
-563
-513
-484
-432
-319
-151
17
108
92
46
70
178
284
328
324
297
270
269
303
336
297
157
-55
-288
-508
-699
-877
-1103
-1402
-1658
-1662
-1310
-794
-369
-47
345
890
1444
1864
2132
2263
2244
2077
1894
1824
1826
1735
1420
962
568
374
352
323
127
-254
-654
-900
-977
-997
-1075
-1218
-1366
-1444
-1364
-1086
-693
-344
-128
-3
154
413
730
983
1050
916
708
575
547
529
421
203
-67
-317
-481
-531
-533
-598
-761
-936
-1020
-1005
-951
-916
-930
-998
-1074
-1048
-868
-610
-386
-235
-115
20
190
402
610
712
647
524
497
578
648
617
522
411
282
160
97
75
-29
-271
-588
-898
-1145
-1332
-1489
-1681
-1938
-2142
-2034
-1456
-658
-19
441
984
1715
2400
2845
3085
3169
3042
2679
2305
2121
2026
1787
1276
650
116
-186
-265
-316
-552
-1026
-1495
-1709
-1698
-1626
-1600
-1608
-1601
-1516
-1243
-749
-126
411
742
936
1119
1383
1694
1895
1830
1486
1056
731
534
339
39
-336
-743
-1127
-1387
-1487
-1502
-1566
-1702
-1817
-1831
-1719
-1529
-1311
-1119
-982
-841
-600
-208
253
648
911
1048
1125
1190
1281
1338
1230
951
637
447
378
313
189
22
-164
-378
-590
-726
-791
-884
-1109
-1422
-1665
-1763
-1756
-1730
-1754
-1819
-1806
-1493
-705
362
1257
1846
2406
3131
3792
4111
4111
3914
3478
2735
1963
1507
1253
837
103
-695
-1275
-1581
-1651
-1629
-1730
-2086
-2479
-2553
-2274
-1867
-1511
-1193
-865
-496
53
854
1731
2368
2629
2663
2643
2612
2527
2310
1832
1043
152
-544
-983
-1336
-1766
-2243
-2665
-2960
-3064
-2959
-2731
-2542
-2398
-2163
-1750
-1200
-625
-56
471
896
1243
1609
2030
2377
2499
2400
2150
1805
1387
961
534
11
-595
-1115
-1374
-1393
-1358
-1344
-1313
-1235
-1151
-1070
-930
-752
-595
-527
-568
-611
-541
-343
-173
-177
-326
-459
-445
-278
232
1121
1898
2231
2388
2819
3388
3577
3252
2649
1975
1190
440
98
32
-187
-760
-1379
-1696
-1720
-1507
-1196
-1046
-1305
-1737
-1749
-1242
-634
-250
3
338
750
1263
1937
2622
2985
2834
2351
1794
1295
864
371
-349
-1326
-2229
-2670
-2675
-2582
-2611
-2673
-2638
-2512
-2278
-1911
-1453
-1069
-847
-599
-160
475
1126
1623
1947
2105
2164
2187
2145
1931
1436
779
97
-554
-1105
-1498
-1705
-1858
-1975
-1861
-1415
-782
-248
113
397
617
744
763
761
723
597
425
186
-84
-314
-455
-613
-1001
-1512
-1863
-1940
-1912
-1668
-752
557
1500
1993
2658
3735
4506
4457
3914
3356
2748
1854
1083
750
474
-168
-1086
-1773
-2100
-2179
-2058
-1959
-2200
-2778
-3051
-2599
-1842
-1260
-807
-174
607
1349
2159
3072
3797
3947
3531
2921
2329
1797
1222
426
-639
-1764
-2505
-2765
-2869
-3053
-3277
-3332
-3257
-3133
-2842
-2335
-1743
-1310
-924
-289
594
1506
2160
2544
2771
2856
2810
2590
2199
1597
829
84
-587
-1101
-1430
-1603
-1699
-1794
-1691
-1282
-727
-338
-216
-144
-54
25
67
106
169
163
137
116
18
-152
-345
-527
-859
-1354
-1712
-1763
-1630
-1464
-769
776
2373
3267
3765
4576
5428
5424
4549
3452
2456
1237
-167
-1023
-1271
-1480
-2033
-2632
-2860
-2742
-2341
-1874
-1683
-2014
-2482
-2337
-1574
-734
-19
803
1819
2737
3508
4334
5083
5267
4562
3268
1858
570
-557
-1683
-2929
-4158
-4953
-5036
-4674
-4249
-3819
-3290
-2741
-2371
-2013
-1397
-621
-25
299
772
1649
2711
3546
3936
4038
3957
3634
2973
1981
831
-375
-1535
-2512
-3170
-3340
-3107
-2654
-2131
-1518
-675
274
1003
1244
1160
1055
952
753
447
232
151
78
-12
-130
-338
-657
-1016
-1406
-1925
-2484
-2748
-2631
-2377
-2005
-770
1566
3840
5027
5589
6409
7112
6635
5047
3247
1633
-167
-1992
-2896
-2891
-2727
-2939
-3201
-3118
-2733
-2090
-1469
-1340
-1961
-2654
-2451
-1456
-308
811
2119
3545
4651
5474
6242
6693
6177
4482
2159
-174
-2132
-3660
-4911
-6016
-6820
-6906
-6108
-4855
-3622
-2507
-1549
-901
-608
-306
255
906
1358
1624
2181
3194
4309
5024
5125
4773
4042
2923
1411
-310
-1939
-3365
-4406
-4920
-4805
-4050
-2907
-1666
-588
352
1236
1897
2057
1616
977
488
118
-217
-428
-334
-50
187
322
300
1
-562
-1207
-1880
-2652
-3279
-3375
-2952
-2311
-1347
811
3992
6468
7309
7402
7680
7372
5542
2797
269
-1769
-3761
-5130
-4966
-3750
-2608
-2090
-1779
-1432
-1028
-539
-329
-867
-2091
-2856
-2296
-833
895
2711
4600
6125
6928
7266
7210
6328
4162
991
-2390
-5256
-7098
-7894
-8001
-7734
-6955
-5403
-3278
-1270
236
1205
1571
1330
801
560
791
1302
1784
2302
3240
4496
5511
5668
4865
3432
1563
-619
-2898
-4787
-5981
-6455
-6137
-5109
-3476
-1497
424
1858
2545
2718
2621
2222
1321
139
-679
-886
-733
-474
-35
615
1140
1227
860
79
-1013
-2211
-3287
-4134
-4635
-4456
-3523
-2144
-644
1581
4977
8104
9166
8497
7614
6689
4596
1432
-1511
-3459
-4806
-5648
-5034
-3024
-883
263
370
-47
-552
-762
-870
-1438
-2604
-3467
-2833
-790
1761
4251
6444
7899
8158
7464
6277
4531
1848
-1688
-5262
-7954
-9158
-8825
-7498
-5889
-4282
-2515
-589
1028
1930
2134
1749
873
-141
-665
-303
740
1903
2837
3742
4680
5200
4745
3193
1002
-1359
-3613
-5470
-6513
-6508
-5605
-4037
-2141
-246
1446
2726
3297
2948
1998
1037
331
-329
-986
-1171
-630
210
811
1140
1373
1348
819
-173
-1437
-2713
-3675
-4087
-4026
-3639
-2732
-1221
500
1957
3792
6522
8752
8750
7088
5564
4384
2354
-485
-2887
-4158
-4804
-4964
-3919
-1859
-15
624
186
-713
-1404
-1419
-1048
-1065
-1684
-1953
-780
1562
3999
5865
7091
7444
6649
5024
3141
1145
-1330
-4303
-7137
-8923
-9121
-7897
-5999
-4225
-2789
-1423
34
1243
1855
1925
1674
1199
652
477
1041
2143
3139
3584
3669
3631
3249
2133
342
-1626
-3373
-4695
-5399
-5275
-4354
-2930
-1292
262
1452
2149
2448
2380
1830
984
362
251
349
314
340
708
1124
1061
507
-141
-714
-1292
-1933
-2631
-3203
-3335
-2914
-2225
-1566
-755
315
1349
2152
3485
5698
7372
7110
5633
4446
3547
1916
-378
-2409
-3678
-4448
-4627
-3702
-1950
-421
86
-349
-1101
-1406
-944
-234
-112
-653
-902
82
2029
3995
5360
6032
5889
4827
3151
1351
-422
-2492
-4965
-7313
-8636
-8382
-6773
-4664
-2832
-1429
-166
1122
2158
2639
2558
2167
1601
987
641
916
1720
2488
2778
2641
2306
1702
615
-898
-2461
-3737
-4500
-4591
-3945
-2731
-1202
383
1715
2513
2724
2529
2086
1404
610
63
-55
-7
-115
-251
-155
-10
-205
-723
-1225
-1544
-1735
-1891
-2067
-2165
-2020
-1567
-989
-459
121
884
1681
2660
4387
6474
7355
6485
5010
3820
2426
268
-2179
-4110
-5263
-5678
-5056
-3301
-1160
270
498
-104
-660
-559
37
405
96
-431
-164
1374
3536
5308
6172
6109
5182
3544
1568
-441
-2528
-4862
-7168
-8682
-8715
-7228
-4897
-2614
-885
385
1532
2549
3087
2893
2157
1330
738
514
694
1233
1858
2250
2302
2101
1651
787
-548
-2096
-3445
-4222
-4181
-3360
-2131
-869
326
1421
2232
2552
2332
1675
730
-239
-866
-924
-576
-253
-225
-367
-393
-311
-307
-444
-631
-797
-938
-1035
-1027
-850
-608
-493
-551
-572
-275
335
1046
2113
3956
5875
6420
5434
4078
2903
1270
-1173
-3733
-5515
-6195
-5812
-4336
-1998
422
1953
2163
1492
884
846
1002
736
-4
-541
-29
1706
3860
5360
5752
5211
3911
1951
-355
-2627
-4816
-6984
-8713
-9221
-8080
-5654
-2838
-420
1294
2452
3283
3721
3501
2578
1357
412
63
297
932
1751
2440
2726
2585
2083
1179
-226
-1997
-3719
-4917
-5188
-4429
-2956
-1338
62
1246
2190
2720
2697
2153
1192
0
-972
-1266
-868
-220
233
397
421
489
581
546
288
-167
-683
-1133
-1457
-1581
-1470
-1339
-1417
-1579
-1402
-717
190
988
2082
4004
5923
6323
5194
3758
2423
575
-1861
-4036
-5162
-5102
-4105
-2278
114
2412
3666
3310
1814
386
-274
-544
-986
-1503
-1471
-386
1631
3787
5184
5438
4668
2992
590
-2002
-4206
-5916
-7269
-7984
-7448
-5461
-2647
29
1956
3063
3491
3367
2729
1686
519
-431
-820
-473
466
1594
2547
3077
2990
2330
1264
-167
-1927
-3741
-5079
-5508
-4880
-3404
-1552
141
1360
2110
2450
2360
1885
1110
101
-891
-1354
-952
39
971
1421
1427
1230
993
700
278
-287
-909
-1469
-1837
-1961
-1885
-1720
-1647
-1758
-1851
-1532
-689
316
1056
1802
3352
5355
6222
5339
3789
2340
639
-1465
-3222
-3945
-3603
-2593
-1060
942
3024
4253
3735
1666
-605
-1887
-2292
-2437
-2427
-1897
-634
1241
3250
4713
5104
4329
2537
71
-2441
-4315
-5358
-5828
-5800
-4955
-3081
-644
1511
2808
3176
2805
1932
806
-333
-1197
-1569
-1363
-597
576
1795
2656
2893
2438
1451
206
-1140
-2501
-3656
-4281
-4121
-3126
-1557
104
1366
2004
2084
1798
1302
751
241
-288
-777
-876
-302
704
1534
1794
1533
1065
624
226
-201
-676
-1151
-1605
-2011
-2288
-2380
-2344
-2302
-2271
-2083
-1530
-552
572
1473
2087
3085
4763
6051
5734
4255
2744
1343
-298
-1865
-2691
-2620
-1937
-924
493
2111
3224
2857
857
-1693
-3329
-3623
-3212
-2601
-1694
-279
1491
3266
4646
5225
4666
2981
619
-1648
-3192
-3907
-4050
-3847
-3193
-1972
-345
1087
1811
1716
1012
7
-1026
-1799
-2144
-1953
-1325
-460
511
1498
2250
2426
1948
1099
217
-590
-1341
-1994
-2358
-2256
-1634
-692
263
934
1174
988
518
5
-370
-571
-731
-930
-997
-590
308
1194
1534
1351
1035
791
569
284
-57
-454
-914
-1428
-1884
-2142
-2218
-2220
-2191
-1935
-1257
-257
716
1348
1670
1942
2651
3891
4802
4569
3474
2314
1189
39
-967
-1514
-1623
-1384
-762
358
1578
2108
1354
-473
-2403
-3428
-3296
-2559
-1607
-462
939
2323
3538
4462
4743
3949
2173
104
-1592
-2618
-3105
-3183
-2946
-2378
-1545
-641
-5
170
-22
-556
-1278
-1915
-2139
-1841
-1111
-241
558
1342
2103
2565
2508
2056
1420
743
74
-630
-1284
-1692
-1649
-1271
-847
-543
-318
-221
-353
-648
-851
-883
-825
-793
-793
-580
117
1129
1813
1890
1672
1524
1404
1118
625
-21
-715
-1395
-1975
-2352
-2449
-2400
-2276
-2037
-1504
-573
468
1179
1252
977
771
1451
2887
4049
4033
3335
2608
1801
883
-58
-757
-1227
-1348
-967
140
1390
1946
1294
-264
-1940
-2862
-2804
-2167
-1223
-149
932
1932
3011
3877
3967
3032
1444
-284
-1775
-2770
-3190
-3042
-2516
-1782
-1041
-399
2
154
-1
-585
-1432
-2073
-2174
-1742
-939
-44
768
1493
2098
2421
2404
2060
1440
667
-130
-908
-1586
-1902
-1839
-1517
-1107
-670
-305
-155
-185
-314
-476
-733
-963
-1062
-913
-413
498
1527
2200
2385
2309
2132
1754
1119
215
-854
-1849
-2489
-2646
-2530
-2328
-2112
-1822
-1330
-621
193
644
610
171
-318
-526
-33
1657
3770
5136
5088
4495
3721
2634
1190
-340
-1583
-2273
-2124
-1070
454
1513
1520
418
-1228
-2718
-3327
-2988
-1983
-761
456
1611
2755
3728
3991
3297
1895
342
-1100
-2096
-2498
-2189
-1430
-682
-212
-75
-149
-483
-1004
-1705
-2468
-2910
-2682
-1811
-620
554
1514
2135
2407
2375
2068
1488
704
-82
-616
-841
-841
-732
-523
-350
-226
-213
-356
-690
-1114
-1497
-1780
-1827
-1606
-1075
-319
581
1476
2223
2607
2517
2091
1510
815
-39
-967
-1784
-2239
-2249
-1934
-1613
-1432
-1303
-1149
-927
-646
-374
-319
-567
-850
-1025
-869
-299
1187
3535
5570
6277
5686
4714
3212
1320
-655
-2119
-2891
-2914
-2039
-370
1334
2120
1581
98
-1597
-2818
-3104
-2625
-1570
-266
1104
2177
3028
3542
3343
2397
1111
-81
-1104
-1679
-1727
-1223
-626
-249
-252
-555
-1101
-1693
-2065
-2277
-2284
-1911
-1065
-62
836
1392
1627
1539
1270
862
366
-115
-435
-387
-4
437
597
476
185
-200
-616
-1050
-1495
-1913
-2127
-2032
-1591
-869
-23
735
1284
1610
1806
1922
1789
1316
642
3
-550
-1006
-1310
-1340
-1172
-966
-831
-778
-731
-773
-927
-1133
-1334
-1381
-1270
-1008
-670
-310
217
864
2389
4570
6266
6333
5049
3496
1575
-350
-1904
-2474
-2357
-1838
-715
937
2394
2684
1610
-327
-2482
-3986
-4263
-3417
-1794
68
1710
2685
3279
3450
3040
2090
900
-257
-1257
-1743
-1581
-810
-116
79
-250
-868
-1555
-2044
-2197
-2149
-1880
-1336
-620
-35
362
598
685
541
229
-45
-107
127
562
1077
1538
1695
1368
609
-310
-1133
-1755
-2107
-2219
-2060
-1658
-1018
-166
643
1122
1226
1109
899
636
438
293
144
-26
-148
-210
-252
-253
-252
-364
-611
-815
-911
-963
-1127
-1364
-1555
-1612
-1418
-1039
-585
-179
68
405
866
2157
4027
5474
5489
4197
2818
1222
-237
-1416
-1688
-1359
-784
172
1382
2434
2485
1266
-820
-3101
-4527
-4552
-3412
-1538
407
2078
2861
3079
2882
2303
1428
332
-588
-1332
-1479
-979
-21
683
719
197
-590
-1392
-1979
-2124
-1970
-1642
-1233
-760
-414
-233
-137
-106
-147
-220
-120
276
846
1510
2063
2371
2141
1298
113
-1076
-1884
-2284
-2274
-1892
-1311
-531
196
791
1060
937
496
-146
-630
-843
-640
-223
215
504
694
781
655
401
8
-387
-785
-1031
-1108
-1150
-1227
-1429
-1582
-1639
-1418
-875
-362
105
285
568
915
1643
3072
4373
4874
3957
2859
1685
496
-447
-816
-505
-132
389
1063
1624
1547
447
-1329
-3261
-4668
-4770
-3719
-1802
202
1974
2814
2758
2377
1800
1117
277
-277
-554
-442
34
859
1542
1533
799
-325
-1444
-2315
-2616
-2514
-2258
-1916
-1466
-1085
-953
-919
-703
-427
-92
252
821
1448
1985
2373
2384
2005
1084
-27
-1081
-1724
-1780
-1384
-661
-71
345
563
545
288
-320
-1075
-1714
-1923
-1611
-882
97
1016
1560
1646
1410
977
459
-81
-513
-799
-941
-864
-762
-746
-941
-1177
-1268
-1257
-934
-539
-142
149
265
510
661
1578
2938
4030
4052
3216
2631
1705
701
-109
-203
108
224
454
744
862
400
-842
-2354
-3864
-4496
-3956
-2618
-880
767
2064
2379
2081
1595
1050
541
215
306
581
967
1493
2012
1973
1187
20
-1165
-2253
-3039
-3184
-2931
-2516
-1991
-1448
-1079
-1007
-834
-503
-155
201
668
1270
1647
1901
2106
2137
1813
1105
367
-242
-465
-319
-24
188
90
-129
-552
-1124
-1757
-2323
-2589
-2463
-1803
-787
285
1220
1756
1797
1440
902
360
-107
-393
-369
-191
-12
110
58
-154
-663
-1084
-1392
-1429
-1172
-910
-592
-519
-279
-24
479
1725
3165
4130
3774
3083
2484
1560
609
-39
62
222
276
615
932
834
-155
-1601
-3042
-4157
-4218
-3324
-1842
-311
1086
1955
1948
1541
1068
700
428
533
1010
1504
1872
2168
2232
1526
256
-1001
-1997
-2806
-3197
-2960
-2534
-2093
-1638
-1204
-1085
-1284
-1291
-1113
-810
-353
442
1388
2032
2629
3067
3215
2801
2000
1181
305
-228
-508
-534
-545
-667
-789
-1223
-1802
-2415
-2787
-2801
-2417
-1462
-402
546
1238
1601
1612
1273
928
647
475
513
832
1170
1221
971
440
-358
-1367
-2112
-2435
-2335
-1892
-1434
-991
-808
-554
-314
229
1459
2787
3656
3481
3254
3024
2318
1455
838
857
841
767
999
1018
517
-819
-2318
-3626
-4537
-4372
-3453
-2014
-661
581
1299
1256
969
695
555
491
874
1681
2455
2914
3104
2851
1750
179
-1179
-2112
-2756
-2995
-2782
-2553
-2403
-2175
-1946
-2031
-2353
-2268
-1777
-1104
-243
977
2282
3147
3712
3990
3825
3090
2106
1261
510
23
-170
-224
-438
-836
-1260
-1837
-2566
-3229
-3532
-3379
-2715
-1597
-420
530
1197
1612
1695
1470
1330
1381
1515
1669
1876
1983
1682
1041
189
-813
-1855
-2611
-2838
-2591
-2115
-1681
-1359
-1250
-1188
-1120
-545
758
2354
3439
3606
3695
3600
2970
1987
1304
1162
997
826
889
894
393
-837
-2219
-3446
-4311
-4308
-3549
-2371
-1259
-158
566
691
524
382
507
713
1238
2064
2904
3424
3457
3000
1845
357
-870
-1675
-2214
-2437
-2308
-2173
-2273
-2436
-2510
-2608
-2743
-2535
-1930
-1138
-224
970
2278
3183
3694
3876
3702
3053
2220
1592
1063
618
216
-68
-390
-830
-1314
-1924
-2603
-3244
-3581
-3501
-2965
-1964
-829
174
897
1402
1654
1606
1541
1610
1828
1997
2116
2127
1787
1061
50
-986
-1925
-2622
-2850
-2635
-2072
-1653
-1459
-1456
-1585
-1645
-1523
-512
1124
2728
3467
3694
3932
3592
2736
1798
1383
1200
897
906
1151
1192
502
-763
-2056
-3359
-4107
-3991
-3094
-1983
-971
-114
200
120
-92
-65
125
485
1170
2096
2954
3387
3391
2822
1641
283
-709
-1259
-1589
-1697
-1697
-1778
-1979
-2215
-2367
-2600
-2686
-2470
-1905
-1115
-224
934
1944
2589
2858
2890
2659
2022
1475
1185
1007
775
540
451
234
-244
-847
-1470
-2124
-2737
-2930
-2599
-1947
-1168
-294
469
842
902
770
608
451
505
798
1118
1334
1347
1174
634
-173
-948
-1493
-1737
-1644
-1104
-509
-290
-433
-740
-1023
-1298
-1221
-422
835
1968
2479
2761
2825
2287
1386
644
388
281
325
804
1505
1834
1322
268
-890
-2026
-2787
-2801
-2112
-1259
-544
-81
41
-188
-599
-890
-941
-657
-82
756
1561
2106
2350
2147
1440
429
-319
-672
-743
-652
-500
-353
-372
-534
-821
-1208
-1556
-1737
-1610
-1254
-691
43
639
939
923
789
515
140
-20
104
371
608
891
1167
1154
790
311
-100
-521
-840
-778
-348
107
405
619
663
361
-245
-908
-1389
-1590
-1405
-873
-235
198
329
247
-47
-496
-878
-951
-714
-238
406
1032
1359
1209
736
160
-397
-789
-709
-45
778
1230
1300
1231
859
195
-381
-575
-454
-211
296
1088
1772
1868
1326
496
-405
-1119
-1272
-828
-163
320
526
442
47
-568
-1187
-1541
-1611
-1421
-915
-133
672
1214
1320
885
135
-509
-728
-561
-216
176
532
762
753
532
185
-200
-573
-803
-774
-524
-178
66
104
-59
-338
-643
-918
-1055
-984
-705
-258
208
600
821
890
876
808
719
626
679
887
1109
1220
1172
939
451
-242
-953
-1429
-1573
-1459
-1184
-865
-608
-523
-588
-776
-1028
-1155
-1025
-609
-12
648
1259
1592
1473
953
315
-213
-621
-790
-568
-2
526
724
664
387
-68
-523
-731
-643
-390
6
583
1226
1600
1496
1046
504
68
-110
68
425
686
726
556
218
-260
-721
-983
-1004
-868
-596
-163
281
501
410
86
-347
-730
-865
-661
-253
130
382
514
515
399
236
83
-53
-143
-100
70
222
232
100
-140
-478
-853
-1169
-1359
-1356
-1059
-533
-3
357
545
664
708
687
652
643
662
745
932
1111
1125
898
496
-2
-511
-894
-1063
-1042
-949
-839
-717
-654
-679
-751
-806
-786
-646
-365
10
417
722
776
520
53
-406
-696
-786
-696
-399
45
420
569
499
267
-29
-215
-203
-19
261
599
978
1314
1449
1271
870
416
73
-10
176
496
746
821
713
463
139
-186
-411
-502
-491
-384
-170
64
165
49
-248
-628
-931
-1022
-862
-562
-282
-60
127
289
392
440
426
342
237
208
259
271
156
-115
-487
-893
-1222
-1384
-1363
-1191
-875
-458
-87
135
221
230
205
213
335
574
852
1099
1279
1335
1213
927
542
123
-273
-556
-652
-590
-443
-294
-230
-309
-516
-735
-863
-855
-726
-524
-294
-96
25
24
-85
-265
-451
-553
-532
-395
-165
159
502
688
646
441
205
83
145
322
450
473
437
446
498
505
406
203
-15
-103
81
487
893
1093
1019
749
429
205
138
179
211
154
49
-40
-129
-245
-420
-686
-983
-1143
-1057
-746
-344
-8
181
245
256
268
288
267
194
125
116
154
171
56
-228
-601
-916
-1070
-1055
-931
-782
-626
-469
-319
-169
-17
119
254
430
635
827
952
980
915
788
636
495
402
353
314
275
213
107
-63
-289
-556
-825
-1018
-1084
-996
-821
-667
-589
-567
-563
-588
-621
-634
-582
-444
-242
1
233
415
543
658
742
687
495
275
103
13
16
51
29
-42
-66
32
223
396
474
493
509
587
777
1013
1164
1179
1105
979
816
653
494
311
62
-233
-465
-583
-615
-615
-637
-739
-890
-960
-875
-677
-467
-307
-207
-136
-60
35
128
170
151
105
41
-61
-189
-315
-408
-447
-417
-354
-297
-273
-260
-215
-127
-32
40
99
162
255
376
489
571
610
621
631
646
653
628
577
486
338
141
-75
-285
-488
-665
-789
-851
-867
-862
-867
-890
-910
-896
-837
-727
-562
-352
-136
60
217
313
328
261
176
141
192
301
369
334
222
76
-36
-57
-10
32
63
155
343
599
842
987
1009
940
853
836
926
1053
1103
1021
804
498
184
-71
-244
-372
-492
-588
-630
-633
-636
-664
-752
-881
-951
-885
-702
-467
-236
-55
44
74
57
9
-46
-86
-106
-106
-101
-91
-72
-49
-50
-97
-175
-255
-306
-290
-184
-22
135
247
318
365
423
497
572
621
618
579
544
539
535
500
404
239
24
-203
-397
-538
-632
-694
-729
-738
-735
-720
-700
-688
-688
-674
-615
-500
-336
-160
-16
64
66
17
-55
-115
-147
-136
-69
33
91
61
-16
-91
-126
-85
43
209
377
549
729
899
1026
1058
990
891
842
888
1011
1119
1107
937
644
308
3
-227
-373
-457
-510
-546
-548
-526
-519
-549
-621
-720
-786
-754
-625
-444
-264
-129
-52
-22
-21
-31
-43
-53
-63
-64
-44
-24
-9
-4
-7
-12
-9
10
37
80
136
200
262
310
350
387
434
487
529
550
550
515
444
353
250
133
2
-138
-273
-392
-487
-542
-564
-574
-594
-632
-685
-747
-784
-773
-717
-626
-498
-355
-228
-140
-107
-128
-200
-297
-381
-415
-387
-300
-165
-4
134
186
161
117
87
114
235
412
573
722
874
1010
1105
1134
1072
932
775
656
610
630
649
617
524
358
143
-63
-227
-349
-433
-485
-492
-447
-379
-327
-305
-335
-405
-455
-437
-377
-304
-236
-187
-177
-186
-194
-201
-201
-193
-155
-88
-23
15
26
12
-32
-75
-76
-37
26
119
247
383
503
586
606
554
459
373
337
335
328
302
265
203
116
9
-117
-256
-391
-498
-566
-600
-614
-623
-625
-620
-608
-591
-572
-554
-530
-489
-437
-376
-308
-241
-188
-162
-169
-196
-230
-254
-254
-226
-164
-43
118
249
322
351
342
337
385
466
528
575
630
710
810
886
880
789
666
565
521
529
518
440
305
146
-2
-105
-160
-170
-161
-158
-156
-153
-175
-238
-331
-447
-548
-571
-485
-328
-161
-30
25
7
-64
-156
-244
-308
-331
-300
-209
-81
49
137
169
161
137
127
141
169
217
288
378
464
527
547
522
472
411
349
286
211
126
49
-8
-59
-118
-204
-314
-441
-563
-666
-733
-758
-743
-690
-612
-537
-483
-458
-457
-476
-504
-517
-494
-433
-346
-256
-185
-139
-122
-130
-149
-173
-181
-152
-68
35
99
111
103
108
166
292
435
547
619
678
740
790
790
710
582
484
472
567
726
857
890
805
618
366
111
-94
-235
-319
-346
-312
-226
-130
-69
-89
-211
-381
-514
-559
-518
-425
-318
-223
-153
-97
-46
1
31
45
67
109
162
208
234
230
192
147
120
108
106
134
188
248
289
298
280
248
207
176
152
117
63
-5
-77
-148
-215
-277
-326
-363
-386
-398
-403
-418
-451
-498
-559
-623
-669
-680
-657
-603
-521
-426
-333
-260
-225
-239
-295
-366
-426
-456
-454
-423
-365
-275
-144
27
190
280
276
223
165
155
219
333
451
562
684
819
952
1034
1026
942
832
749
725
742
740
683
570
420
252
95
-23
-100
-156
-201
-230
-234
-236
-255
-298
-375
-468
-513
-463
-339
-191
-56
39
95
119
129
134
121
89
78
97
125
127
101
58
-1
-49
-60
-42
-22
4
53
113
153
156
126
82
37
21
47
85
106
112
108
87
37
-35
-125
-232
-345
-435
-496
-535
-566
-582
-582
-577
-576
-583
-605
-655
-709
-742
-741
-701
-623
-510
-388
-288
-225
-195
-201
-240
-289
-313
-286
-200
-55
115
251
311
330
351
381
433
516
605
682
773
893
1014
1073
1035
916
778
684
660
698
736
704
597
440
250
54
-108
-214
-281
-321
-319
-270
-202
-157
-147
-183
-255
-303
-266
-150
-8
118
202
222
184
127
75
23
-26
-58
-49
-14
9
17
4
-50
-129
-188
-193
-144
-50
88
231
331
374
375
347
286
213
155
112
72
36
5
-48
-148
-282
-415
-530
-623
-697
-744
-776
-808
-825
-808
-770
-735
-696
-642
-573
-496
-406
-322
-271
-268
-296
-319
-330
-319
-287
-251
-247
-281
-308
-297
-245
-162
-44
65
136
211
331
478
618
735
806
836
867
940
1045
1135
1148
1079
976
881
811
773
730
625
452
259
91
-43
-133
-180
-214
-253
-279
-252
-184
-119
-87
-83
-107
-126
-92
-1
98
149
137
74
-19
-107
-153
-160
-152
-152
-149
-132
-105
-85
-68
-61
-76
-84
-38
60
171
268
339
368
347
302
257
201
116
15
-89
-196
-304
-399
-476
-550
-624
-675
-692
-677
-650
-619
-602
-611
-633
-631
-582
-507
-437
-376
-333
-315
-313
-310
-305
-317
-347
-376
-390
-403
-397
-368
-339
-328
-324
-294
-226
-119
37
235
413
529
611
695
775
849
933
1002
1032
1047
1075
1102
1095
1027
906
760
619
509
452
427
374
275
154
16
-122
-211
-225
-191
-138
-64
32
122
173
173
114
0
-123
-192
-192
-144
-81
-22
13
1
-62
-142
-215
-269
-285
-236
-140
-34
64
154
214
234
234
230
211
170
135
113
89
46
-8
-75
-166
-265
-346
-398
-445
-502
-560
-594
-612
-613
-587
-548
-518
-502
-482
-465
-472
-495
-511
-519
-530
-529
-513
-497
-503
-515
-519
-521
-520
-499
-445
-376
-293
-197
-102
-30
12
39
65
107
185
313
484
652
770
831
846
828
801
803
821
826
835
859
884
877
830
736
599
462
377
355
375
400
396
343
237
101
-19
-86
-106
-93
-58
-7
36
61
62
27
-58
-165
-249
-289
-288
-253
-195
-147
-114
-93
-64
-23
26
81
131
156
152
132
106
78
52
36
34
38
41
34
8
-58
-155
-258
-346
-409
-439
-434
-417
-406
-403
-414
-439
-478
-521
-559
-586
-599
-596
-589
-589
-602
-619
-628
-623
-600
-555
-497
-436
-376
-321
-270
-226
-186
-142
-98
-52
-2
54
113
167
202
222
232
245
282
355
456
564
657
727
755
751
736
712
686
672
675
687
707
714
690
630
541
444
369
341
344
357
358
331
259
155
47
-49
-113
-140
-131
-102
-73
-52
-49
-72
-126
-182
-220
-216
-164
-76
23
102
145
157
150
131
111
102
102
110
116
115
96
48
-20
-94
-159
-205
-222
-216
-202
-197
-212
-247
-300
-369
-438
-506
-565
-620
-655
-672
-680
-687
-697
-708
-720
-724
-716
-696
-677
-653
-612
-550
-477
-398
-323
-257
-206
-168
-144
-126
-103
-71
-23
26
60
79
98
120
147
179
219
268
331
409
499
587
651
686
710
723
722
721
719
705
690
685
680
664
639
601
547
486
422
361
315
272
225
184
139
83
32
-8
-44
-70
-78
-66
-37
-2
31
58
77
89
103
119
126
126
130
136
141
144
141
133
122
107
99
97
89
73
52
25
-11
-49
-88
-134
-187
-243
-305
-375
-452
-535
-617
-691
-758
-814
-857
-893
-917
-924
-914
-891
-849
-794
-734
-667
-602
-539
-476
-416
-358
-303
-255
-219
-187
-155
-122
-91
-64
-42
-25
-9
13
45
85
132
187
246
310
370
425
476
516
545
572
602
629
657
686
706
715
705
676
639
596
558
522
490
458
425
394
358
320
278
236
195
159
125
101
84
69
57
46
40
39
47
61
72
79
79
76
69
63
61
58
58
65
81
102
120
132
137
140
144
148
152
144
120
82
29
-36
-113
-198
-293
-392
-488
-576
-655
-729
-795
-853
-901
-936
-956
-958
-942
-915
-877
-829
-779
-723
-661
-600
-537
-480
-422
-364
-310
-264
-226
-196
-169
-138
-101
-59
-13
37
90
148
210
270
326
372
414
454
490
517
533
545
558
574
590
602
606
602
587
572
559
542
525
505
480
450
422
396
374
355
334
311
284
256
230
210
191
172
151
130
111
100
91
80
64
40
14
-4
-11
-5
12
34
56
80
104
128
151
172
188
202
210
217
219
213
194
163
117
59
-14
-95
-180
-269
-356
-438
-514
-582
-641
-693
-739
-779
-813
-838
-848
-847
-836
-817
-792
-767
-741
-714
-686
-659
-631
-598
-554
-499
-435
-376
-322
-274
-233
-190
-138
-78
-15
58
134
212
283
340
377
394
401
404
415
432
451
473
494
513
527
534
535
536
536
536
533
528
524
521
517
504
480
451
417
383
352
324
296
268
241
213
185
158
130
108
92
71
50
27
11
14
29
47
60
71
81
94
110
121
128
131
136
145
158
163
159
143
117
89
59
25
-13
-58
-107
-159
-210
-263
-318
-374
-431
-489
-544
-593
-633
-667
-695
-717
-732
-738
-737
-733
-730
-726
-715
-697
-670
-633
-594
-552
-509
-462
-411
-355
-300
-246
-192
-136
-74
-8
59
120
170
207
239
268
298
330
364
397
430
464
496
522
539
551
557
562
565
572
582
588
593
590
574
548
517
481
446
412
378
344
310
276
239
204
165
124
85
48
17
-12
-33
-50
-62
-73
-84
-91
-92
-84
-70
-55
-42
-27
-11
9
33
52
66
75
81
84
82
73
56
31
2
-29
-59
-89
-119
-152
-189
-228
-270
-309
-348
-381
-412
-439
-459
-472
-478
-483
-488
-497
-504
-505
-499
-489
-475
-456
-435
-410
-384
-360
-341
-319
-292
-258
-217
-173
-130
-85
-42
-3
34
67
96
126
158
190
222
253
281
302
319
333
349
363
376
391
401
405
402
398
391
381
369
356
343
329
320
311
294
268
241
215
190
167
142
118
92
67
42
20
2
-13
-24
-28
-30
-31
-31
-33
-36
-37
-36
-27
-9
19
49
77
101
118
128
134
132
126
119
113
106
96
81
63
42
16
-12
-38
-64
-89
-108
-122
-138
-158
-180
-202
-225
-243
-261
-279
-295
-307
-318
-326
-336
-349
-361
-373
-383
-389
-391
-390
-382
-371
-355
-335
-311
-279
-245
-212
-180
-150
-123
-99
-72
-43
-13
17
47
75
98
117
133
147
156
167
179
191
204
217
231
243
250
256
259
265
273
281
288
288
284
274
262
244
226
208
194
185
177
167
155
141
124
107
90
77
70
68
73
79
84
88
93
96
98
96
97
98
101
103
103
98
92
85
78
68
57
40
23
6
-7
-19
-32
-46
-57
-66
-73
-80
-88
-98
-115
-130
-146
-166
-185
-204
-226
-250
-277
-302
-324
-343
-357
-367
-371
-368
-360
-350
-338
-325
-310
-292
-272
-250
-225
-199
-173
-149
-128
-107
-87
-65
-43
-21
-1
18
35
51
65
78
92
107
123
140
156
175
192
206
218
229
236
245
252
254
252
246
241
234
225
213
198
183
171
159
149
142
135
131
127
123
121
120
120
120
118
116
114
110
107
102
95
86
74
63
56
51
46
40
33
22
9
-4
-14
-20
-25
-31
-32
-33
-32
-32
-32
-37
-45
-54
-62
-69
-71
-74
-76
-85
-98
-114
-132
-148
-164
-176
-189
-199
-206
-207
-210
-212
-218
-223
-226
-227
-224
-221
-216
-209
-202
-192
-182
-172
-160
-148
-136
-125
-115
-104
-91
-77
-59
-42
-22
-2
16
34
51
65
78
91
106
119
130
139
150
156
159
158
152
145
142
141
140
137
135
132
132
131
128
126
126
128
135
139
140
138
135
132
131
131
129
128
127
123
120
118
114
107
97
85
75
70
67
65
60
52
42
34
27
25
21
16
11
6
1
-3
-7
-12
-17
-23
-29
-36
-41
-47
-56
-64
-70
-78
-87
-97
-108
-120
-133
-150
-167
-182
-193
-205
-214
-223
-225
-226
-225
-225
-228
-229
-228
-223
-217
-213
-208
-198
-184
-168
-151
-134
-117
-102
-85
-68
-50
-30
-9
11
28
46
62
77
92
100
104
104
108
113
119
124
131
138
145
152
156
159
161
161
162
162
160
160
160
160
162
160
160
158
159
157
156
150
143
137
129
122
112
104
97
91
86
81
74
67
60
54
49
45
39
33
26
17
10
5
1
-4
-8
-13
-18
-24
-29
-35
-40
-45
-50
-57
-65
-75
-86
-97
-107
-118
-128
-140
-151
-158
-163
-168
-173
-181
-189
-196
-204
-206
-206
-203
-200
-195
-188
-182
-178
-173
-167
-159
-150
-139
-128
-114
-98
-81
-67
-55
-44
-31
-17
-3
8
17
29
41
55
69
81
92
104
111
120
123
127
131
133
136
139
142
144
146
148
150
150
151
151
154
156
157
157
154
151
149
147
142
135
129
126
121
116
110
101
91
84
77
71
64
55
49
42
36
30
25
16
11
6
0
-4
-6
-10
-13
-18
-24
-32
-40
-45
-50
-55
-62
-69
-77
-87
-99
-109
-120
-128
-135
-140
-144
-149
-157
-163
-170
-175
-179
-183
-185
-185
-184
-180
-176
-172
-168
-164
-158
-149
-141
-134
-125
-116
-108
-101
-91
-83
-72
-60
-47
-32
-20
-5
7
17
27
37
47
58
65
71
80
88
99
110
120
129
135
139
145
151
157
163
168
174
179
183
185
185
187
188
186
183
181
181
179
177
170
162
155
149
142
132
121
110
101
94
84
74
64
54
44
34
26
18
9
-1
-8
-16
-24
-31
-37
-44
-53
-60
-68
-76
-88
-100
-114
-127
-136
-144
-150
-156
-163
-172
-181
-191
-198
-207
-215
-223
-229
-232
-229
-226
-220
-213
-207
-199
-192
-186
-178
-169
-160
-151
-141
-130
-118
-106
-97
-88
-79
-68
-54
-41
-26
-13
3
20
36
50
62
74
86
97
108
117
127
135
142
148
153
160
169
178
187
195
203
211
218
223
226
227
228
231
234
238
239
238
232
224
216
205
192
178
163
148
134
118
104
88
71
56
42
31
19
9
-1
-9
-16
-22
-28
-37
-49
-60
-71
-81
-91
-101
-110
-121
-131
-139
-146
-154
-161
-170
-180
-189
-198
-208
-213
-220
-226
-227
-226
-223
-221
-218
-217
-214
-213
-211
-208
-205
-199
-193
-183
-173
-162
-148
-137
-123
-110
-97
-83
-68
-54
-40
-25
-9
8
24
38
51
64
77
88
98
105
110
115
124
133
142
152
162
169
176
183
188
193
199
204
209
213
217
224
229
231
230
228
224
223
221
218
213
205
194
183
172
158
143
127
111
95
80
68
56
45
32
20
6
-6
-20
-31
-42
-50
-60
-68
-76
-87
-96
-105
-114
-121
-128
-133
-140
-149
-158
-169
-179
-187
-195
-200
-201
-200
-196
-195
-193
-191
-189
-187
-184
-183
-182
-182
-180
-178
-178
-178
-180
-179
-176
-170
-165
-158
-151
-140
-128
-113
-96
-79
-64
-47
-29
-15
-1
10
21
33
46
60
73
88
103
115
124
131
137
142
148
153
161
171
180
190
199
206
213
219
226
232
235
240
241
242
240
234
226
219
212
203
194
184
174
164
153
144
134
123
115
104
91
78
63
47
36
23
11
-6
-17
-27
-41
-52
-63
-76
-91
-105
-120
-132
-143
-155
-163
-172
-179
-187
-193
-197
-199
-200
-197
-193
-189
-188
-187
-188
-188
-189
-189
-189
-190
-188
-187
-185
-181
-179
-176
-171
-164
-154
-145
-134
-122
-110
-101
-92
-82
-72
-64
-53
-43
-33
-20
-8
4
15
24
37
48
60
73
84
96
106
117
128
137
147
156
164
174
182
190
199
206
213
217
221
224
225
226
224
221
217
210
204
197
189
181
174
165
157
148
135
122
108
94
81
72
62
52
43
32
21
12
2
-10
-19
-29
-39
-50
-62
-72
-83
-94
-105
-114
-122
-132
-139
-146
-150
-153
-153
-154
-157
-159
-159
-158
-158
-159
-160
-160
-160
-159
-159
-160
-161
-161
-158
-155
-150
-146
-142
-138
-135
-131
-126
-121
-114
-107
-100
-91
-82
-72
-60
-47
-36
-25
-13
-4
7
14
24
32
40
49
58
67
74
83
91
98
107
115
124
133
139
147
154
160
164
166
168
168
171
175
178
180
180
179
178
175
171
164
156
150
142
135
127
121
114
106
98
91
83
77
68
57
46
34
23
11
-1
-13
-22
-34
-45
-56
-66
-77
-87
-95
-102
-104
-109
-111
-113
-116
-120
-122
-125
-129
-130
-131
-131
-132
-133
-132
-132
-132
-131
-131
-131
-130
-130
-127
-127
-127
-128
-129
-126
-121
-115
-110
-105
-101
-94
-86
-77
-71
-63
-55
-51
-44
-35
-29
-20
-12
-6
0
8
18
28
36
44
50
55
62
71
80
91
96
102
107
112
117
123
128
135
140
145
150
153
155
155
152
147
143
140
140
137
135
135
133
129
124
120
115
110
103
97
90
81
72
62
55
45
34
24
14
6
-3
-13
-24
-33
-42
-49
-56
-63
-68
-75
-81
-88
-93
-95
-99
-99
-99
-102
-103
-104
-103
-104
-104
-107
-111
-111
-113
-114
-116
-117
-115
-115
-115
-116
-115
-112
-109
-103
-99
-95
-91
-85
-78
-72
-68
-65
-62
-57
-53
-50
-45
-40
-34
-27
-20
-13
-6
-1
5
12
18
26
34
42
51
60
68
75
80
86
91
95
99
103
105
108
110
112
113
114
114
115
116
118
118
119
118
118
117
115
112
110
107
103
100
94
89
83
77
70
63
54
46
37
26
15
4
-6
-13
-19
-25
-31
-36
-40
-48
-51
-54
-56
-60
-63
-67
-70
-71
-75
-80
-84
-88
-91
-93
-94
-94
-95
-95
-97
-100
-102
-103
-103
-102
-101
-99
-96
-93
-90
-87
-84
-81
-78
-74
-69
-63
-59
-56
-51
-46
-40
-35
-29
-24
-21
-15
-11
-6
-1
5
11
17
24
29
33
39
43
46
50
55
59
64
70
74
79
82
84
86
89
90
92
97
99
102
103
102
102
104
103
103
102
100
102
99
95
89
84
79
73
69
64
58
52
44
37
29
21
15
8
4
-1
-7
-13
-20
-26
-32
-36
-42
-46
-51
-53
-56
-62
-65
-68
-72
-74
-79
-82
-84
-84
-85
-86
-89
-89
-90
-88
-88
-88
-88
-88
-87
-86
-85
-82
-79
-77
-77
-74
-73
-70
-65
-62
-58
-55
-49
-43
-37
-32
-30
-27
-24
-20
-14
-8
0
5
11
16
21
24
28
31
32
35
39
43
47
52
57
60
65
70
73
76
80
82
84
88
92
94
96
97
98
99
99
99
99
97
96
92
90
87
83
78
71
69
66
61
57
51
45
37
31
24
17
12
6
0
-3
-8
-13
-18
-22
-27
-31
-33
-38
-44
-48
-53
-56
-60
-63
-65
-67
-69
-72
-76
-78
-81
-81
-83
-82
-84
-86
-86
-89
-89
-89
-87
-85
-85
-83
-80
-78
-73
-71
-69
-66
-64
-60
-57
-52
-46
-39
-33
-29
-25
-21
-17
-15
-11
-9
-6
-3
2
6
8
13
18
22
26
30
35
38
42
47
50
54
59
62
65
70
76
84
90
97
102
106
108
112
113
116
117
116
116
114
114
113
110
106
101
95
85
77
68
58
49
42
34
30
24
19
13
6
-2
-10
-17
-24
-29
-34
-37
-40
-43
-46
-51
-53
-58
-64
-69
-72
-75
-79
-83
-86
-90
-94
-96
-99
-100
-103
-105
-106
-107
-108
-109
-108
-106
-104
-103
-101
-100
-97
-94
-88
-84
-80
-74
-69
-63
-59
-55
-49
-43
-38
-30
-21
-12
-2
8
15
23
25
29
32
35
38
41
48
54
62
70
76
81
85
89
94
97
101
104
107
111
114
116
119
120
121
123
124
124
123
121
118
115
113
108
105
100
94
88
81
74
66
59
50
39
28
17
8
1
-7
-15
-21
-29
-37
-44
-50
-54
-60
-68
-74
-81
-85
-87
-89
-89
-90
-91
-92
-93
-94
-94
-98
-99
-100
-101
-100
-97
-93
-89
-85
-84
-82
-80
-82
-81
-82
-83
-85
-86
-84
-81
-78
-75
-69
-63
-56
-49
-43
-35
-29
-24
-17
-12
-8
-3
2
8
15
22
29
38
47
54
59
64
69
72
74
78
81
83
86
90
92
95
98
99
101
102
101
101
100
99
98
96
95
96
95
96
95
92
90
88
86
82
75
70
63
56
50
43
36
28
21
10
1
-8
-15
-20
-27
-31
-37
-41
-46
-50
-55
-60
-67
-73
-77
-81
-86
-87
-88
-89
-87
-86
-84
-83
-81
-79
-79
-80
-81
-81
-79
-77
-76
-74
-72
-69
-67
-64
-64
-62
-59
-57
-58
-57
-58
-58
-58
-56
-53
-49
-43
-38
-30
-23
-15
-8
0
5
11
15
18
21
24
26
29
32
37
42
48
55
60
65
72
78
82
87
91
94
97
98
99
100
99
99
101
101
101
101
99
96
92
90
86
82
78
75
71
66
60
54
49
44
39
36
32
26
20
14
5
-3
-13
-20
-29
-35
-42
-47
-51
-57
-60
-62
-63
-66
-68
-69
-71
-71
-73
-74
-76
-78
-80
-82
-82
-80
-77
-76
-73
-72
-69
-68
-64
-60
-57
-56
-56
-56
-57
-57
-57
-54
-52
-52
-51
-50
-49
-48
-48
-46
-44
-41
-36
-33
-29
-25
-21
-17
-14
-9
-3
2
9
14
21
24
27
31
37
40
46
53
58
64
69
73
74
76
80
81
85
88
90
91
92
94
92
92
90
89
90
90
90
91
87
84
80
74
69
64
57
53
47
42
35
28
21
17
10
6
2
-2
-5
-10
-14
-21
-28
-34
-41
-47
-52
-57
-61
-63
-65
-68
-71
-74
-74
-77
-78
-79
-79
-79
-76
-74
-73
-72
-70
-68
-65
-61
-59
-57
-55
-56
-56
-56
-55
-55
-52
-52
-51
-48
-45
-40
-35
-28
-25
-22
-17
-13
-8
-5
-3
0
1
1
5
8
14
18
22
28
31
37
43
49
56
60
64
68
72
76
78
78
79
79
80
81
82
82
82
78
76
74
71
67
66
64
61
60
55
53
50
47
42
37
30
23
18
11
4
0
-3
-9
-12
-16
-18
-21
-24
-26
-27
-29
-31
-34
-39
-43
-48
-51
-54
-54
-56
-57
-57
-60
-61
-61
-61
-62
-61
-62
-61
-62
-60
-60
-59
-58
-56
-54
-51
-51
-50
-48
-47
-45
-42
-40
-37
-32
-30
-27
-26
-23
-21
-20
-17
-13
-9
-5
2
5
8
10
13
14
16
18
20
22
24
25
28
32
37
41
45
48
49
52
54
57
60
60
61
61
59
61
61
62
62
61
61
61
60
57
54
51
47
46
43
41
37
35
34
31
33
32
31
30
26
24
22
19
14
10
5
-1
-6
-12
-15
-17
-19
-22
-26
-28
-29
-30
-32
-35
-40
-44
-45
-46
-46
-48
-48
-49
-48
-48
-50
-51
-52
-54
-55
-55
-58
-58
-61
-62
-62
-62
-62
-62
-59
-58
-56
-53
-52
-50
-48
-44
-40
-35
-30
-27
-23
-20
-17
-14
-11
-8
-6
-4
0
5
11
16
21
26
30
31
34
36
41
43
48
52
55
58
61
63
65
65
63
65
64
64
64
65
64
63
64
65
67
67
66
63
61
59
55
52
47
42
39
33
30
27
24
22
18
15
12
8
5
3
1
-2
-7
-12
-16
-20
-23
-27
-32
-37
-42
-47
-51
-53
-55
-58
-60
-61
-63
-64
-65
-68
-68
-69
-68
-65
-63
-61
-58
-56
-56
-56
-57
-56
-55
-52
-50
-46
-43
-39
-35
-33
-29
-27
-26
-23
-21
-18
-14
-11
-8
-5
-3
1
5
11
14
16
19
23
26
32
36
40
42
44
47
49
50
50
51
53
54
55
57
57
59
60
60
60
59
58
57
56
56
53
52
50
50
48
47
46
43
42
41
39
37
35
30
26
22
19
16
12
8
4
-1
-4
-8
-11
-15
-18
-21
-25
-29
-33
-36
-39
-41
-45
-48
-51
-53
-56
-56
-55
-56
-56
-56
-56
-55
-55
-55
-56
-55
-54
-53
-52
-50
-48
-48
-46
-45
-45
-42
-41
-39
-37
-35
-32
-28
-26
-24
-23
-19
-17
-15
-12
-9
-5
-2
2
7
11
14
16
19
21
24
27
29
32
34
37
41
41
43
45
46
47
50
50
50
51
51
50
50
52
54
56
57
58
55
52
50
49
46
44
43
41
39
37
35
33
28
24
22
20
18
16
13
9
5
2
-3
-7
-12
-15
-19
-20
-24
-25
-29
-32
-33
-35
-36
-39
-42
-46
-48
-49
-52
-53
-53
-54
-54
-53
-51
-49
-46
-45
-45
-44
-42
-40
-39
-38
-36
-35
-35
-33
-30
-27
-24
-22
-18
-17
-13
-11
-6
-3
-1
0
3
5
5
6
8
10
9
10
13
14
17
18
22
24
26
28
30
30
31
32
34
35
36
36
36
36
37
38
39
40
41
40
40
38
35
36
35
34
32
30
28
25
24
22
21
18
15
14
11
10
8
6
4
1
0
-1
-4
-5
-6
-7
-9
-10
-13
-15
-16
-18
-21
-21
-23
-23
-24
-25
-27
-28
-30
-30
-31
-31
-31
-30
-32
-31
-31
-32
-32
-32
-31
-30
-30
-29
-30
-30
-28
-29
-28
-27
-24
-23
-20
-18
-16
-15
-14
-13
-13
-10
-8
-7
-6
-5
-3
-2
1
2
2
3
6
9
10
13
15
17
19
22
24
26
28
29
30
30
29
30
31
32
32
34
35
35
35
32
30
31
32
33
34
33
32
31
29
27
25
25
22
21
21
20
18
17
14
10
5
2
2
2
0
-1
-3
-5
-7
-8
-10
-11
-11
-13
-14
-16
-19
-21
-23
-25
-26
-28
-27
-28
-29
-29
-29
-31
-32
-32
-32
-35
-33
-33
-33
-31
-31
-31
-30
-30
-30
-30
-27
-25
-23
-22
-20
-19
-18
-17
-15
-12
-10
-9
-7
-6
-6
-2
0
2
3
4
7
9
12
14
17
17
18
19
20
20
21
22
21
24
25
28
29
29
30
29
28
26
28
29
29
29
30
30
30
31
30
30
29
28
26
25
24
22
22
21
19
15
13
10
8
6
4
1
0
-3
-4
-5
-8
-10
-11
-11
-12
-14
-15
-15
-17
-19
-19
-20
-19
-20
-22
-23
-23
-24
-23
-23
-24
-22
-23
-25
-26
-27
-27
-27
-26
-26
-26
-26
-25
-25
-23
-25
-24
-23
-21
-20
-19
-17
-16
-15
-14
-13
-11
-9
-7
-5
-5
-3
-2
-2
0
1
4
6
9
11
12
15
17
17
18
19
20
19
20
20
23
24
24
25
27
26
25
26
26
25
25
26
25
25
25
26
25
25
24
23
21
19
18
18
17
16
15
15
12
11
9
8
6
6
3
0
0
-1
-1
-5
-5
-6
-8
-9
-12
-15
-15
-16
-16
-17
-18
-18
-17
-16
-16
-15
-15
-16
-17
-18
-18
-18
-18
-17
-17
-18
-19
-18
-19
-17
-17
-17
-15
-15
-15
-14
-14
-14
-15
-16
-16
-16
-16
-15
-14
-14
-13
-11
-12
-9
-7
-6
-3
-1
0
2
4
5
7
8
10
10
10
12
13
14
13
15
17
17
18
19
18
18
19
19
21
22
22
23
22
22
23
23
23
23
22
22
20
21
20
18
15
13
11
9
7
5
4
2
-1
-2
-4
-6
-8
-8
-9
-10
-11
-12
-12
-12
-13
-13
-15
-15
-17
-18
-19
-19
-19
-18
-18
-17
-16
-17
-17
-17
-18
-18
-17
-16
-14
-14
-13
-12
-12
-11
-11
-11
-11
-10
-10
-9
-10
-10
-9
-9
-7
-8
-7
-6
-7
-5
-4
-2
-3
-1
0
1
1
2
4
7
9
10
12
12
13
14
15
17
18
20
21
22
22
20
21
22
23
22
23
23
23
25
25
24
26
26
26
26
25
24
23
23
21
18
15
13
12
10
9
7
6
6
4
3
1
2
1
-1
-2
-3
-5
-7
-9
-11
-12
-14
-14
-18
-19
-20
-21
-23
-23
-23
-22
-24
-24
-25
-26
-26
-26
-26
-25
-25
-24
-24
-23
-24
-24
-24
-25
-25
-24
-23
-20
-20
-19
