1
2
3
2
2
2
2
1
1
1
2
1
1
1
0
-1
-2
-2
-1
-1
-2
-1
-1
-2
-2
-1
-1
0
1
1
0
1
0
0
-1
-2
0
0
0
0
-1
-1
-1
-1
-1
0
-1
-1
0
0
0
-2
-2
-2
-2
-4
-2
-3
-3
-3
-1
-1
-1
-1
0
-1
-2
-2
-1
-1
0
-1
-1
-2
-2
-1
0
-2
-2
-1
-1
-1
0
1
0
0
1
0
0
1
1
1
2
2
1
2
2
1
1
0
1
1
2
2
1
0
1
1
2
1
2
2
1
1
0
0
0
-1
-1
0
-1
0
-1
-1
-1
-1
-1
0
0
1
1
2
2
2
3
2
2
3
1
1
2
1
1
2
1
1
2
0
0
1
-1
1
1
2
2
0
0
1
0
2
3
2
3
3
3
2
1
1
2
1
0
-2
-3
-3
-4
-5
-5
-6
-6
-7
-5
-6
-5
-6
-5
-5
-4
-3
-2
-3
-3
-3
-1
-1
1
1
1
0
0
2
2
3
2
3
2
3
3
2
3
2
2
2
0
0
2
3
3
2
2
2
2
2
1
0
1
-1
1
1
0
1
0
0
-1
-1
-1
-2
-2
-2
-6
-6
-4
-3
-2
-2
-2
-2
-2
-3
-3
-4
-3
-4
-4
-4
-3
-2
-2
-2
-1
0
1
1
1
0
1
2
3
3
3
3
2
2
2
3
3
3
3
4
4
4
4
4
3
3
3
4
3
2
3
4
3
2
2
2
1
1
1
1
2
3
2
-1
0
-1
0
0
1
1
2
1
1
3
3
0
0
-2
0
-1
-1
1
2
1
-1
-1
0
-1
-1
-1
-1
-1
-2
-1
-2
-3
-2
-2
-2
-4
-3
-3
-5
-4
-5
-5
-3
-4
-4
-5
-5
-7
-5
-5
-3
-5
-5
-4
-5
-3
-1
-1
-1
0
1
1
3
3
4
2
1
0
3
2
5
6
4
5
4
5
4
3
1
0
1
2
3
4
4
4
4
4
1
1
1
0
1
0
0
0
2
0
0
-1
0
-1
-1
-3
-3
-4
-5
-3
-2
-4
-5
-4
-3
-4
-4
-4
-5
-4
-3
-4
-2
1
1
4
2
2
3
1
1
1
2
1
1
2
3
4
3
4
3
4
2
2
1
1
1
2
1
1
2
3
3
3
4
3
5
4
4
1
3
2
2
1
0
1
1
0
0
0
-1
-1
-1
-1
-1
-3
-2
-3
-3
-4
-5
-4
-2
-2
-1
-1
-1
0
0
-3
-2
-1
-1
0
-1
-1
0
0
0
1
1
2
2
0
-2
-1
-2
-2
-3
-1
-1
-1
-2
-2
-5
-5
-4
-7
-5
-4
-4
-3
-2
0
1
-2
-3
-4
-3
-3
-3
-4
-3
-1
2
3
3
4
5
4
3
1
4
5
4
3
3
5
3
5
4
3
4
6
4
3
4
1
2
4
6
6
6
2
0
3
2
0
-2
-1
-3
-4
-3
-1
2
4
2
0
0
0
1
-2
-7
-5
-5
-6
-2
-1
-1
0
2
-1
-7
-8
-8
-9
-5
-5
0
4
7
4
2
6
-1
-4
-7
-7
-2
1
-1
6
7
2
4
6
2
-6
-4
-2
1
3
0
-2
0
0
-3
-2
2
7
5
2
-2
-1
5
5
4
3
-2
4
6
5
8
3
-5
-5
3
4
-4
-3
1
-2
-3
-9
-6
4
5
-1
-3
3
7
0
-7
-11
-11
-1
0
1
1
-1
3
3
-6
-6
-9
-12
-13
-12
-3
7
16
14
8
0
-5
-8
-9
-8
-4
-1
-5
-4
3
4
3
-2
-3
2
1
5
7
15
23
11
-7
-16
-17
-5
0
6
18
17
11
3
-4
-5
-1
3
14
23
30
28
19
7
-1
-6
-8
-8
8
15
0
-3
10
9
-8
-16
-9
-3
3
7
8
5
-3
-19
-22
-16
-14
-14
-13
-6
-6
-17
-24
-16
-17
-22
-25
-22
-7
1
-2
-9
-2
10
2
-3
3
-3
1
6
5
10
20
25
11
5
9
4
-3
7
16
26
12
1
10
2
-9
-12
-2
3
-10
-5
2
7
12
9
1
-4
-6
2
4
8
14
4
-3
1
7
5
2
5
-6
-22
-16
-15
-13
-3
-7
-8
-3
6
4
-6
1
1
-3
-1
-11
-18
-20
-16
-10
0
21
21
2
2
1
-3
-3
5
10
-13
-18
-8
13
30
25
14
9
10
1
-10
-4
2
-4
-18
-11
18
31
32
18
3
1
-6
-16
-16
-9
3
-5
-5
6
12
2
-21
-24
-3
-2
-2
5
8
11
3
1
-3
1
19
31
33
15
-1
3
1
-19
-43
-35
-6
13
18
27
27
24
24
7
-43
-53
-21
-26
-10
11
17
16
25
24
-1
-31
-33
-24
-7
-2
-23
-10
18
34
18
-24
-1
27
16
-5
-32
-17
3
4
-15
-29
-2
10
6
45
39
-11
-25
-28
-16
-15
-11
1
-3
10
13
3
17
7
0
-9
-49
-50
-27
15
29
11
14
-1
20
64
58
33
7
-21
-34
-34
-22
-12
8
47
28
14
26
2
-6
-2
-20
-44
-37
11
41
14
-24
-43
-32
-4
16
2
15
52
61
0
-53
-22
-29
-47
-38
-50
22
98
61
2
-36
-28
-49
-48
-18
-18
19
56
38
33
54
48
7
-56
-47
-25
-8
0
18
38
55
39
-9
-22
-7
-2
-44
-36
7
38
11
-32
-70
-39
-27
-50
-11
21
49
38
23
19
-1
-23
-46
-54
-22
34
59
60
23
-1
-3
-16
-2
5
23
23
-7
-22
-18
-33
-14
-15
-8
52
64
82
41
4
2
-58
-62
-75
-25
29
-6
30
54
25
4
-28
-36
-28
-15
-32
-42
49
54
26
37
31
32
-2
-49
-42
21
23
-42
-45
-25
-32
-39
-44
-9
14
4
-23
2
58
39
-7
-35
-44
-21
-21
-5
66
82
58
33
24
49
57
34
20
-20
-37
-44
-38
24
16
4
36
19
38
11
-21
-23
-75
-85
-113
-80
29
77
40
39
73
38
-7
-54
-55
-33
-22
-25
-41
45
98
12
21
12
-12
-12
-79
-15
-3
-34
-56
-85
14
30
-14
60
54
44
13
-35
44
-40
-54
-39
-77
35
62
87
93
-2
14
-32
-8
16
-39
-16
-37
-3
42
-27
-6
-12
-45
-3
-21
46
83
37
-7
-39
12
-12
-71
-38
-77
-15
83
49
63
19
-48
-51
-67
-16
1
19
-6
-67
38
111
130
116
-31
-87
-35
11
31
-15
22
6
-34
-55
-33
69
41
-66
-123
-114
-12
53
55
14
-8
60
52
24
44
29
-16
-48
-26
12
53
90
113
115
45
-47
-68
-51
-129
-162
-99
8
11
16
85
113
153
38
-99
-156
-157
-112
-127
-60
78
154
176
111
135
164
62
-50
-174
-136
-32
3
-2
15
64
54
-19
-30
30
62
-7
-130
-66
22
-38
-115
-124
-28
27
18
29
87
142
39
-22
-37
-63
-24
-52
-108
-104
-38
16
12
81
122
133
111
43
25
-22
-135
-191
-177
-120
-57
83
226
274
252
151
-42
-195
-235
-236
-169
-84
43
105
200
291
170
18
-67
-115
-155
-181
-98
10
74
60
-2
49
101
70
48
-32
-46
7
-27
2
2
2
21
-33
10
27
15
5
-54
57
77
24
34
-7
0
-100
-124
-82
-97
-60
-77
12
110
124
105
16
-12
-6
-81
-141
-106
-9
4
19
105
223
289
172
-4
-66
-107
-81
-45
-63
-18
-5
2
-15
-6
99
49
7
-23
-46
12
-89
-106
-102
-96
-67
-64
33
85
109
143
55
35
-7
-131
-142
-182
-48
40
-25
-85
-139
-62
23
102
234
178
59
10
-74
-12
-35
-30
-13
-72
49
137
252
265
194
59
-133
-149
-72
-76
-76
-101
-109
-98
-86
92
149
135
43
-2
102
94
-43
-136
-244
-267
-233
-102
127
191
285
229
120
151
83
-60
-267
-339
-224
-128
-1
163
233
192
19
-30
123
47
29
9
-72
-63
-126
-126
-151
-152
-53
36
236
334
260
132
-81
-232
-218
-205
-108
14
36
51
8
175
244
215
85
-47
8
22
42
52
-30
-308
-451
-377
-83
214
362
407
163
-42
-247
-368
-320
-226
-129
-75
20
196
322
277
179
-43
-75
-138
-161
22
124
262
131
-68
-134
-227
-232
-172
-12
216
241
204
127
-47
-60
-136
-220
-176
-205
-104
37
163
396
373
288
90
-114
-143
-220
-99
56
94
75
6
47
78
-48
-62
-49
32
92
-21
23
-75
-138
-114
-201
-179
-272
-220
-42
106
379
460
421
291
-19
-222
-389
-367
-136
-171
-167
-42
186
564
580
435
188
-216
-454
-590
-522
-282
-233
15
176
292
436
422
468
258
-42
-240
-347
-215
-50
-43
28
-19
103
243
214
236
129
-64
-200
-392
-256
-170
-121
-35
-192
-121
-21
214
413
337
139
11
-76
-101
-162
-154
-189
-264
-150
31
222
374
254
61
-93
-215
-121
-50
1
10
-12
13
-5
21
159
78
47
68
80
143
-36
-209
-362
-453
-340
-209
47
306
367
328
124
-12
-63
-162
-251
-322
-96
253
463
635
594
389
81
-314
-389
-386
-358
-251
-190
2
106
161
197
57
-116
-335
-419
-271
-41
147
151
79
154
254
287
269
140
95
-70
-68
77
146
168
-39
-264
-284
-266
-83
78
78
19
-167
-173
-90
-8
10
-162
-291
-217
-44
177
277
322
264
82
-29
-35
8
58
-64
-136
-56
47
190
200
167
59
-86
-142
-171
-144
-91
-95
-87
-7
92
107
103
65
66
26
5
24
65
101
35
-3
-30
-97
-146
-154
-86
-5
67
151
138
31
-69
-114
-91
-6
-25
-9
32
105
196
170
155
86
-15
-104
-148
-17
158
129
-38
-213
-268
-224
-138
-77
-56
-61
-93
-39
137
256
237
124
-87
-221
-228
-106
47
118
203
199
206
240
171
101
-36
-183
-248
-268
-181
-104
-72
-56
-106
-45
57
104
84
61
28
-13
-69
-83
-48
-49
-50
-86
-26
79
151
218
230
187
151
67
22
23
1
-41
-151
-197
-180
-124
-44
0
45
88
69
77
45
-15
-75
-174
-165
-160
-144
-70
-22
119
219
276
319
261
189
73
-59
-115
-173
-230
-231
-176
-32
95
190
229
176
71
-21
-80
-73
-77
-130
-211
-284
-254
-178
-40
79
136
165
118
57
21
-37
-108
-185
-205
-149
-55
103
259
328
337
283
195
112
7
-73
-146
-187
-184
-172
-90
-21
59
116
101
53
-39
-125
-194
-233
-193
-145
-94
-17
72
180
234
265
256
203
135
95
91
113
86
4
-92
-155
-131
-95
-51
-28
-36
-47
-89
-127
-128
-121
-125
-145
-127
-50
54
163
227
224
181
125
88
66
43
34
11
10
47
89
151
165
128
64
-23
-78
-78
-42
1
-1
-25
-40
-47
-22
10
20
-3
-58
-94
-121
-151
-157
-159
-132
-103
-101
-96
-103
-113
-144
-191
-211
-185
-118
-26
22
35
34
7
-23
-56
-62
-55
-52
-42
-45
-43
-30
-40
-47
-50
-40
8
77
167
256
316
357
344
299
257
253
285
322
360
411
470
535
571
552
490
383
232
59
-90
-157
-176
-180
-176
-184
-170
-152
-132
-128
-164
-228
-304
-346
-346
-330
-319
-320
-342
-371
-383
-380
-334
-278
-265
-300
-362
-431
-471
-488
-489
-481
-457
-396
-320
-214
-124
-76
-54
-89
-170
-277
-366
-401
-402
-377
-341
-299
-238
-174
-130
-101
-78
-27
57
190
369
647
1036
1447
1853
2189
2428
2560
2589
2505
2274
1944
1560
1140
755
419
147
-49
-195
-323
-471
-625
-810
-1019
-1210
-1392
-1535
-1596
-1550
-1394
-1155
-844
-490
-138
187
419
529
523
429
290
86
-159
-402
-606
-736
-833
-904
-927
-930
-949
-1030
-1157
-1303
-1463
-1629
-1802
-1938
-1980
-1899
-1730
-1486
-1186
-864
-554
-300
-92
64
150
222
368
645
1095
1638
2162
2626
3017
3351
3578
3664
3600
3346
2960
2457
1905
1470
1144
834
430
-28
-356
-528
-593
-662
-835
-1026
-1227
-1394
-1430
-1302
-980
-613
-326
-26
343
837
1299
1525
1540
1390
1178
937
661
416
142
-210
-616
-1025
-1289
-1402
-1485
-1638
-1892
-2141
-2331
-2492
-2618
-2749
-2849
-2891
-2878
-2716
-2393
-1968
-1525
-1159
-848
-572
-300
-26
170
283
339
339
343
349
351
338
310
379
638
1060
1546
1989
2382
2740
3006
3156
3134
2953
2676
2313
1922
1590
1364
1225
1013
708
408
194
100
6
-159
-384
-642
-829
-934
-930
-815
-658
-437
-157
210
698
1228
1718
2049
2181
2158
1978
1714
1372
934
413
-185
-764
-1251
-1629
-1932
-2244
-2555
-2838
-3074
-3233
-3361
-3452
-3467
-3419
-3298
-3093
-2764
-2278
-1700
-1107
-560
-77
361
694
857
827
645
415
155
-123
-393
-645
-826
-941
-991
-970
-892
-660
-254
260
895
1537
2133
2681
3128
3478
3670
3722
3663
3486
3310
3115
2938
2819
2596
2283
1880
1434
1030
585
95
-503
-1179
-1749
-2195
-2417
-2444
-2363
-2114
-1778
-1308
-703
-74
552
1016
1304
1481
1569
1685
1765
1755
1654
1436
1217
983
678
311
-203
-840
-1555
-2263
-2864
-3379
-3797
-4140
-4402
-4454
-4275
-3913
-3432
-2938
-2424
-1886
-1347
-811
-323
112
432
607
700
735
753
713
533
246
-83
-364
-591
-849
-1116
-1335
-1408
-1202
-701
58
1020
1996
2875
3624
4284
4831
5119
5114
4805
4328
3889
3479
3107
2734
2256
1696
1045
452
-2
-406
-842
-1478
-2203
-2800
-3208
-3349
-3337
-3184
-2830
-2332
-1606
-707
284
1268
1982
2377
2489
2454
2394
2201
1910
1551
1171
916
706
549
414
145
-300
-950
-1630
-2241
-2836
-3389
-3955
-4435
-4672
-4674
-4394
-3870
-3175
-2410
-1733
-1083
-458
102
546
707
660
523
389
325
242
128
-54
-327
-588
-806
-905
-936
-1072
-1300
-1464
-1291
-719
64
1000
1963
2873
3710
4414
5056
5573
5786
5566
4969
4370
3937
3575
3135
2463
1682
906
180
-441
-993
-1511
-2153
-2966
-3712
-4201
-4313
-4121
-3829
-3438
-2883
-2046
-951
194
1243
2025
2494
2704
2707
2674
2616
2395
1968
1426
1044
907
857
777
552
208
-222
-765
-1339
-1918
-2465
-3076
-3787
-4316
-4487
-4292
-3871
-3433
-2933
-2286
-1515
-735
-95
412
721
799
734
589
525
538
471
269
-2
-166
-252
-428
-722
-1123
-1526
-1892
-2219
-2286
-1919
-1194
-355
547
1713
3089
4407
5405
5995
6355
6504
6279
5692
4971
4319
3619
2701
1661
728
13
-656
-1482
-2377
-3162
-3785
-4355
-4914
-5277
-5315
-5035
-4554
-3925
-3062
-1943
-703
432
1358
2180
2929
3513
3824
3876
3803
3650
3349
2871
2328
1882
1521
1111
639
188
-182
-558
-1092
-1782
-2445
-2969
-3430
-3864
-4134
-4111
-3819
-3367
-2858
-2264
-1552
-831
-282
71
353
600
732
665
443
250
184
152
74
-13
-19
-15
-131
-403
-765
-1107
-1452
-1864
-2189
-2145
-1672
-974
-213
689
1807
2987
3957
4612
5090
5473
5608
5387
4919
4420
3910
3197
2255
1236
322
-500
-1411
-2402
-3296
-3967
-4464
-4913
-5220
-5230
-4893
-4268
-3520
-2665
-1647
-505
651
1644
2484
3228
3830
4219
4323
4234
4069
3775
3296
2632
1920
1279
681
135
-360
-734
-944
-1107
-1287
-1477
-1636
-1779
-1992
-2261
-2496
-2622
-2597
-2487
-2286
-1936
-1479
-1003
-606
-274
45
288
365
200
-131
-476
-795
-1109
-1412
-1632
-1703
-1673
-1620
-1552
-1456
-1363
-1359
-1473
-1574
-1479
-1111
-593
-28
629
1528
2626
3692
4553
5201
5711
5998
5926
5524
4915
4169
3169
1878
518
-683
-1652
-2532
-3410
-4114
-4510
-4564
-4403
-4128
-3703
-3166
-2529
-1826
-1085
-243
611
1411
2114
2681
3223
3711
4087
4273
4190
3954
3583
3090
2517
1831
1135
453
-167
-608
-850
-853
-699
-505
-323
-257
-316
-530
-909
-1376
-1957
-2590
-3148
-3529
-3635
-3534
-3293
-2980
-2661
-2304
-1959
-1648
-1408
-1338
-1386
-1480
-1532
-1474
-1344
-1139
-887
-619
-347
-135
29
109
19
-232
-573
-808
-752
-440
10
550
1299
2371
3562
4589
5296
5700
5908
5803
5303
4503
3543
2543
1410
184
-874
-1615
-2055
-2448
-2868
-3100
-3084
-2857
-2636
-2529
-2375
-2136
-1761
-1302
-793
-131
602
1385
2128
2775
3444
4032
4434
4556
4382
4110
3755
3294
2702
1979
1307
674
79
-435
-882
-1172
-1407
-1652
-1913
-2235
-2581
-3049
-3614
-4157
-4663
-5056
-5309
-5354
-5107
-4634
-3991
-3286
-2564
-1801
-1076
-401
160
542
786
900
956
978
983
1012
1038
1056
1055
1021
953
794
479
12
-527
-962
-1154
-1106
-916
-599
-64
778
1828
2796
3519
4020
4374
4533
4390
4026
3564
3041
2368
1500
737
279
-3
-365
-899
-1347
-1543
-1587
-1647
-1807
-1900
-1878
-1796
-1581
-1218
-659
-13
554
1081
1581
2122
2621
2917
3030
2943
2793
2659
2455
2176
1753
1253
740
164
-399
-970
-1495
-1969
-2480
-2898
-3217
-3476
-3716
-4033
-4286
-4414
-4440
-4391
-4292
-4008
-3567
-3053
-2478
-1897
-1248
-579
-11
480
927
1380
1727
1887
1925
1901
1916
1902
1754
1547
1352
1161
871
441
-36
-505
-943
-1371
-1683
-1703
-1486
-1131
-637
124
1139
2126
2898
3467
3989
4436
4560
4381
4064
3701
3230
2524
1796
1244
803
264
-474
-1104
-1442
-1619
-1809
-2143
-2403
-2440
-2362
-2181
-1950
-1544
-994
-469
56
566
1195
1874
2320
2514
2520
2544
2597
2409
1964
1328
723
197
-447
-1105
-1710
-2186
-2551
-2975
-3282
-3383
-3355
-3379
-3598
-3749
-3695
-3495
-3260
-3131
-2858
-2316
-1641
-913
-241
472
1178
1685
1978
2087
2234
2378
2251
1903
1506
1288
1221
1051
783
548
444
311
-63
-513
-889
-1199
-1527
-1929
-2130
-1961
-1586
-1106
-458
534
1751
2786
3493
3998
4499
4910
4912
4521
3948
3332
2685
1940
1239
670
135
-524
-1290
-1862
-2110
-2204
-2383
-2721
-2994
-3025
-2855
-2596
-2311
-1917
-1422
-921
-395
201
912
1573
1939
2022
2051
2203
2358
2284
1942
1503
1125
742
240
-341
-895
-1397
-1917
-2396
-2694
-2727
-2615
-2616
-2699
-2657
-2403
-2052
-1811
-1650
-1413
-1016
-551
-177
180
573
879
995
911
837
914
1005
926
652
450
421
432
389
275
244
310
298
170
6
-91
-181
-376
-603
-756
-728
-588
-395
3
684
1476
2095
2442
2692
2992
3255
3238
2881
2380
1874
1360
840
402
42
-354
-918
-1565
-1964
-2030
-1965
-2019
-2221
-2339
-2242
-1946
-1548
-1132
-654
-216
144
533
997
1553
1964
2062
1937
1786
1809
1861
1753
1482
1086
748
439
85
-258
-639
-1042
-1511
-1950
-2137
-2099
-1960
-1942
-2025
-1938
-1678
-1360
-1147
-1068
-962
-849
-758
-691
-594
-393
-277
-309
-349
-239
104
444
587
600
668
887
1101
1179
1150
1056
937
741
448
176
-95
-462
-915
-1259
-1269
-1008
-774
-724
-648
-217
517
1141
1423
1498
1615
1818
1946
1975
1980
1921
1635
1130
771
779
922
757
126
-563
-884
-858
-815
-999
-1294
-1508
-1578
-1456
-1156
-690
-252
-115
-176
-145
236
829
1191
1172
977
976
1274
1608
1768
1668
1386
1036
638
314
69
-242
-770
-1484
-2021
-2155
-1994
-1857
-1968
-2136
-2118
-1880
-1566
-1331
-1166
-1056
-989
-905
-714
-342
58
245
223
233
506
951
1256
1242
1046
927
944
976
905
712
449
143
-143
-359
-522
-766
-1221
-1749
-2076
-2051
-1790
-1597
-1509
-1291
-728
153
1057
1769
2282
2664
3001
3303
3586
3767
3638
3130
2405
1822
1532
1291
764
-109
-999
-1585
-1837
-1930
-2079
-2336
-2611
-2778
-2655
-2190
-1518
-922
-600
-390
-2
708
1540
2114
2298
2243
2210
2318
2445
2428
2152
1629
996
410
-8
-329
-742
-1355
-2050
-2546
-2692
-2586
-2467
-2460
-2477
-2379
-2102
-1700
-1286
-969
-806
-729
-598
-300
104
417
538
554
658
939
1280
1486
1454
1271
1086
976
900
721
365
-116
-584
-895
-1038
-1123
-1291
-1567
-1809
-1844
-1603
-1208
-879
-715
-574
-235
392
1173
1822
2186
2338
2466
2694
2982
3161
3033
2555
1902
1323
989
812
498
-111
-895
-1531
-1797
-1756
-1673
-1779
-2022
-2195
-2103
-1677
-1084
-544
-214
-39
210
698
1390
2004
2290
2253
2093
2044
2125
2141
1908
1383
715
93
-379
-731
-1110
-1593
-2142
-2579
-2727
-2585
-2305
-2061
-1889
-1697
-1369
-908
-453
-140
-12
0
37
182
382
523
548
490
466
573
757
885
862
695
509
399
366
277
39
-303
-646
-858
-921
-946
-1038
-1255
-1520
-1689
-1647
-1419
-1190
-1071
-1018
-809
-268
508
1241
1703
1936
2134
2423
2769
2995
2967
2664
2163
1657
1306
1126
917
454
-242
-902
-1249
-1287
-1273
-1425
-1726
-1975
-1996
-1744
-1309
-846
-481
-243
-6
402
996
1595
1945
1983
1880
1843
1929
1996
1890
1577
1122
661
275
-21
-292
-643
-1085
-1534
-1821
-1877
-1799
-1735
-1741
-1727
-1590
-1335
-1048
-833
-692
-589
-494
-360
-190
-25
77
95
99
164
314
454
461
356
235
188
205
183
52
-160
-367
-506
-564
-576
-618
-764
-1004
-1255
-1398
-1385
-1312
-1288
-1320
-1298
-1061
-565
86
715
1207
1580
1935
2335
2747
3039
3100
2910
2562
2225
1980
1802
1550
1108
519
-54
-453
-683
-877
-1157
-1530
-1872
-2046
-1996
-1759
-1459
-1177
-916
-593
-119
469
1053
1489
1723
1825
1875
1925
1947
1862
1633
1272
872
520
232
-35
-358
-740
-1113
-1392
-1528
-1574
-1607
-1656
-1665
-1584
-1426
-1246
-1107
-1017
-943
-869
-770
-626
-453
-307
-207
-113
29
237
444
546
539
504
514
562
591
536
388
220
76
-26
-93
-187
-356
-616
-909
-1165
-1351
-1470
-1601
-1760
-1865
-1830
-1568
-1106
-549
16
528
1026
1550
2089
2555
2832
2898
2807
2636
2463
2277
2039
1716
1275
776
317
-42
-338
-662
-1037
-1410
-1675
-1769
-1741
-1633
-1475
-1258
-943
-533
-38
493
993
1414
1713
1933
2097
2187
2176
2022
1754
1439
1133
844
524
154
-249
-633
-948
-1200
-1414
-1594
-1747
-1864
-1913
-1878
-1780
-1684
-1634
-1620
-1574
-1432
-1221
-996
-773
-552
-293
25
373
711
982
1165
1247
1275
1301
1288
1195
991
692
383
102
-170
-472
-819
-1184
-1562
-1915
-2232
-2516
-2747
-2933
-3046
-3035
-2857
-2491
-1951
-1263
-458
397
1240
2045
2785
3424
3895
4173
4278
4251
4121
3882
3549
3147
2666
2091
1440
769
130
-482
-1084
-1666
-2185
-2561
-2779
-2835
-2739
-2505
-2128
-1650
-1092
-481
165
820
1394
1848
2199
2470
2679
2795
2788
2672
2471
2202
1861
1452
985
457
-114
-719
-1324
-1867
-2324
-2698
-2999
-3205
-3281
-3229
-3088
-2885
-2621
-2282
-1880
-1446
-987
-502
8
503
936
1303
1592
1806
1915
1896
1770
1568
1294
943
529
84
-374
-827
-1281
-1720
-2100
-2421
-2707
-2959
-3152
-3266
-3297
-3247
-3118
-2874
-2466
-1881
-1143
-285
668
1654
2612
3515
4324
5020
5545
5848
5935
5840
5595
5178
4584
3838
2958
2000
1005
16
-917
-1784
-2574
-3263
-3794
-4104
-4189
-4063
-3763
-3307
-2681
-1909
-1025
-97
825
1697
2464
3119
3660
4069
4313
4335
4139
3762
3249
2633
1900
1046
97
-892
-1858
-2765
-3583
-4286
-4851
-5242
-5432
-5401
-5143
-4704
-4142
-3497
-2780
-1995
-1177
-373
367
1019
1594
2088
2475
2741
2870
2850
2688
2409
2043
1606
1110
555
-30
-590
-1105
-1580
-2003
-2375
-2682
-2912
-3059
-3122
-3106
-3022
-2882
-2683
-2388
-1974
-1419
-721
106
1055
2131
3299
4422
5391
6185
6788
7167
7268
7068
6606
5923
5038
3960
2778
1566
312
-966
-2209
-3309
-4186
-4850
-5329
-5631
-5705
-5516
-5084
-4420
-3574
-2586
-1497
-375
756
1859
2890
3761
4384
4771
4940
4916
4683
4202
3518
2664
1686
628
-478
-1570
-2627
-3618
-4505
-5251
-5788
-6104
-6206
-6080
-5719
-5109
-4286
-3317
-2251
-1142
-29
1023
1953
2750
3390
3841
4085
4134
4021
3759
3357
2820
2181
1515
859
223
-375
-924
-1405
-1832
-2197
-2477
-2664
-2760
-2811
-2809
-2697
-2466
-2148
-1791
-1409
-978
-501
16
581
1207
1885
2581
3309
4109
4869
5437
5770
5908
5866
5569
4961
4109
3110
2012
792
-475
-1642
-2699
-3679
-4539
-5178
-5482
-5501
-5330
-5021
-4546
-3870
-3078
-2209
-1295
-353
607
1506
2318
3057
3728
4269
4567
4611
4449
4131
3672
3017
2175
1204
178
-847
-1848
-2788
-3632
-4350
-4923
-5345
-5555
-5520
-5281
-4889
-4348
-3602
-2634
-1516
-359
780
1889
2911
3762
4409
4831
4990
4869
4492
3939
3300
2591
1792
945
145
-544
-1117
-1569
-1908
-2133
-2258
-2329
-2347
-2268
-2107
-1937
-1813
-1691
-1503
-1224
-925
-685
-492
-298
-101
71
241
457
744
1090
1487
1982
2564
3094
3465
3651
3668
3506
3129
2546
1824
1040
227
-592
-1329
-1942
-2460
-2887
-3193
-3320
-3254
-3057
-2789
-2465
-2055
-1573
-1044
-458
162
795
1397
1941
2449
2926
3310
3485
3428
3227
2921
2514
1977
1327
645
-38
-712
-1348
-1904
-2352
-2733
-3070
-3322
-3413
-3315
-3116
-2900
-2619
-2198
-1632
-1010
-415
188
835
1474
2028
2469
2834
3088
3147
3007
2739
2426
2064
1611
1102
613
201
-162
-490
-776
-1044
-1308
-1572
-1813
-2013
-2190
-2366
-2545
-2684
-2737
-2692
-2553
-2355
-2120
-1825
-1471
-1076
-678
-276
131
526
929
1384
1949
2573
3088
3411
3615
3770
3801
3588
3134
2564
1968
1335
679
98
-358
-783
-1267
-1728
-2028
-2137
-2181
-2273
-2368
-2338
-2152
-1863
-1497
-1042
-497
108
729
1350
1981
2569
2996
3204
3225
3121
2924
2616
2178
1640
1066
509
-26
-553
-1081
-1596
-2072
-2519
-2930
-3254
-3461
-3568
-3599
-3540
-3334
-2963
-2471
-1920
-1312
-620
167
1022
1871
2631
3259
3735
4035
4151
4079
3809
3352
2722
1975
1220
494
-251
-1064
-1887
-2624
-3203
-3632
-3967
-4214
-4348
-4372
-4279
-4040
-3643
-3124
-2550
-1949
-1287
-500
371
1187
1850
2352
2761
3102
3367
3567
3759
3959
4011
3849
3622
3441
3233
2803
2123
1383
757
229
-332
-871
-1294
-1657
-2047
-2444
-2692
-2693
-2560
-2469
-2405
-2153
-1657
-1049
-467
77
691
1384
2026
2517
2899
3252
3484
3476
3255
2932
2597
2170
1570
861
183
-417
-1045
-1766
-2512
-3159
-3663
-4100
-4488
-4751
-4812
-4693
-4443
-4022
-3376
-2542
-1664
-830
34
1016
2064
3000
3735
4313
4754
5022
5054
4815
4355
3688
2781
1696
619
-362
-1296
-2237
-3163
-3953
-4491
-4823
-5036
-5110
-4993
-4705
-4271
-3680
-2938
-2051
-1100
-203
649
1527
2411
3205
3805
4153
4264
4213
4005
3595
3041
2460
1974
1621
1259
849
537
383
265
29
-259
-446
-502
-526
-595
-557
-337
-141
-136
-262
-308
-206
-96
-133
-277
-304
-196
-79
14
137
358
587
704
734
828
1029
1091
886
560
280
94
-133
-469
-814
-1059
-1218
-1407
-1620
-1781
-1871
-1965
-2130
-2252
-2174
-1926
-1693
-1522
-1224
-711
-107
375
702
1033
1392
1681
1831
1905
1970
1977
1876
1658
1400
1155
825
332
-290
-896
-1361
-1728
-2097
-2463
-2677
-2696
-2621
-2471
-2211
-1803
-1284
-753
-246
281
860
1369
1697
1888
2025
2146
2211
2131
1906
1636
1320
880
352
-176
-639
-972
-1017
-779
-500
-208
183
721
1313
1715
1931
2122
2296
2302
2164
2139
2137
1871
1314
661
182
-110
-441
-942
-1468
-1816
-2022
-2143
-2226
-2264
-2182
-2040
-1915
-1728
-1315
-725
-295
-129
-17
245
618
874
938
905
892
896
844
715
540
326
-22
-480
-877
-1097
-1211
-1461
-1865
-2150
-2141
-1973
-1937
-1967
-1858
-1641
-1362
-1011
-517
74
617
1069
1496
1984
2406
2635
2668
2498
2209
1889
1577
1226
802
396
36
-269
-496
-634
-696
-774
-894
-1006
-1078
-1112
-1160
-1211
-1193
-1061
-854
-597
-269
86
408
650
787
867
902
881
794
882
1328
1769
1981
2155
2520
3011
3272
3194
2984
2807
2476
1798
1107
563
-136
-1143
-2274
-3170
-3701
-4036
-4423
-4827
-4932
-4728
-4331
-3801
-3199
-2470
-1634
-797
1
863
1840
2629
3041
3217
3351
3518
3548
3281
2782
2233
1724
1164
497
-218
-902
-1563
-2255
-2877
-3263
-3411
-3549
-3785
-3911
-3691
-3163
-2646
-2223
-1659
-885
0
898
1821
2758
3597
4283
4798
5194
5438
5392
5056
4459
3651
2743
1840
939
-36
-976
-1746
-2338
-2772
-3129
-3399
-3520
-3507
-3407
-3258
-3004
-2636
-2197
-1663
-1056
-388
326
989
1534
1968
2307
2524
2549
2354
1999
1606
1326
1297
1363
1259
1065
1003
1114
1154
938
573
166
-304
-934
-1564
-1909
-2153
-2621
-3246
-3662
-3630
-3311
-3008
-2846
-2607
-2118
-1503
-870
-241
402
1015
1521
1946
2368
2890
3333
3371
3087
2760
2519
2274
1838
1212
537
-30
-498
-958
-1367
-1694
-1991
-2283
-2511
-2542
-2346
-2114
-2043
-2017
-1778
-1266
-694
-255
146
647
1218
1760
2277
2824
3294
3557
3640
3690
3774
3741
3415
2783
2013
1249
502
-255
-1037
-1782
-2384
-2823
-3120
-3247
-3191
-3088
-3036
-2961
-2731
-2303
-1808
-1412
-1072
-628
-42
570
1104
1540
1873
2097
2162
2044
1818
1515
1040
379
-269
-613
-573
-487
-570
-653
-517
-194
45
100
63
-44
-278
-639
-892
-905
-896
-1086
-1428
-1589
-1345
-843
-421
-235
-70
205
523
808
1017
1214
1359
1358
1283
1324
1580
1797
1726
1444
1166
1052
1012
790
356
-96
-420
-666
-923
-1133
-1204
-1205
-1272
-1380
-1326
-1035
-767
-744
-867
-854
-574
-238
-49
34
185
482
819
1163
1545
1937
2226
2281
2234
2260
2290
2074
1468
680
-3
-515
-959
-1446
-1900
-2219
-2404
-2455
-2379
-2189
-1956
-1809
-1752
-1641
-1325
-883
-550
-384
-228
89
564
994
1275
1448
1523
1455
1213
889
570
166
-417
-1056
-1408
-1230
-833
-631
-583
-384
111
620
879
967
1002
953
707
448
468
632
610
261
-129
-136
199
461
340
-2
-237
-314
-352
-473
-587
-598
-651
-798
-834
-531
-9
301
260
172
356
779
1092
1114
999
970
1056
1105
1065
1033
964
689
210
-232
-423
-518
-863
-1491
-2017
-2094
-1874
-1700
-1626
-1458
-1057
-511
66
671
1321
1887
2166
2250
2420
2721
2902
2623
1962
1345
971
676
191
-443
-978
-1366
-1699
-1986
-2109
-2087
-2148
-2402
-2639
-2540
-2096
-1680
-1534
-1474
-1182
-614
-9
416
684
901
1024
969
837
784
730
441
-126
-662
-827
-592
-199
7
36
227
661
1149
1455
1515
1458
1305
988
601
450
544
457
1
-543
-746
-521
-281
-381
-682
-849
-862
-890
-937
-912
-754
-589
-540
-388
132
915
1509
1687
1769
2058
2468
2672
2501
2176
1907
1598
1138
614
202
-155
-661
-1301
-1791
-1917
-1870
-2035
-2414
-2662
-2537
-2156
-1838
-1628
-1277
-704
-66
531
1180
1914
2515
2779
2778
2822
3000
2985
2498
1661
838
198
-372
-1032
-1757
-2339
-2728
-3041
-3240
-3190
-2931
-2709
-2675
-2682
-2432
-1836
-1233
-902
-665
-262
298
852
1297
1665
1996
2174
2083
1898
1837
1788
1460
830
199
-157
-306
-506
-801
-895
-676
-450
-344
-172
170
508
566
377
257
354
441
311
174
252
474
652
675
700
907
1136
1124
885
662
537
393
109
-245
-393
-316
-252
-251
-157
141
510
707
696
628
630
594
346
-31
-364
-577
-762
-1028
-1248
-1268
-1149
-1087
-1141
-1132
-962
-737
-612
-585
-454
-149
165
382
594
917
1298
1560
1595
1498
1418
1293
952
412
-141
-591
-979
-1381
-1740
-1898
-1849
-1755
-1697
-1571
-1279
-903
-617
-469
-348
-138
104
265
359
492
681
823
872
902
986
1076
1011
755
469
291
173
-25
-311
-536
-619
-642
-703
-763
-738
-669
-687
-798
-828
-583
-183
68
181
382
770
1203
1470
1585
1724
1918
1997
1933
1912
1943
1821
1398
759
197
-165
-536
-1116
-1774
-2221
-2416
-2464
-2443
-2320
-1987
-1545
-1140
-702
-104
585
1088
1292
1341
1415
1568
1627
1445
1168
969
875
779
653
560
475
329
87
-154
-247
-265
-402
-714
-1014
-1119
-1080
-1061
-1135
-1220
-1207
-1122
-1030
-926
-793
-670
-646
-671
-591
-327
48
366
575
795
1125
1513
1778
1846
1760
1556
1245
841
406
2
-395
-836
-1282
-1573
-1613
-1502
-1380
-1291
-1160
-916
-592
-291
-75
71
157
177
182
240
348
425
406
337
306
358
419
374
213
29
-77
-45
147
408
625
797
951
1105
1259
1359
1316
1068
660
230
-74
-258
-468
-763
-1072
-1278
-1306
-1181
-996
-827
-701
-621
-536
-338
-52
208
351
384
450
665
972
1221
1328
1335
1284
1203
1138
1080
963
726
401
95
-109
-214
-333
-569
-876
-1160
-1359
-1489
-1617
-1775
-1951
-2065
-2045
-1874
-1563
-1191
-837
-485
-69
430
937
1343
1593
1710
1773
1819
1816
1734
1565
1322
1045
793
599
408
146
-216
-630
-998
-1265
-1479
-1687
-1871
-1978
-1947
-1767
-1466
-1095
-710
-350
-15
342
748
1128
1394
1510
1548
1586
1630
1649
1591
1447
1223
936
619
272
-121
-597
-1161
-1731
-2201
-2476
-2541
-2423
-2129
-1730
-1268
-727
-149
382
779
1033
1199
1313
1404
1488
1597
1698
1717
1646
1515
1360
1176
895
494
30
-414
-808
-1136
-1350
-1423
-1327
-1108
-828
-462
-24
382
657
792
835
779
621
395
156
-25
-139
-214
-245
-208
-104
-8
14
-30
-101
-196
-358
-586
-792
-895
-899
-860
-772
-582
-281
50
335
555
708
778
723
546
334
163
27
-107
-213
-211
-92
72
194
246
253
218
102
-103
-347
-563
-731
-843
-863
-746
-475
-112
248
560
821
1027
1126
1082
907
640
326
-15
-342
-608
-798
-936
-1044
-1116
-1131
-1118
-1134
-1198
-1286
-1363
-1409
-1401
-1322
-1149
-886
-535
-97
446
1066
1627
2048
2335
2504
2551
2440
2194
1883
1546
1221
941
765
689
630
518
327
102
-117
-361
-677
-1054
-1407
-1663
-1772
-1722
-1517
-1161
-718
-254
231
725
1164
1459
1581
1552
1421
1253
1074
890
697
504
337
203
99
-8
-188
-465
-817
-1192
-1551
-1879
-2147
-2314
-2338
-2221
-1964
-1570
-1094
-619
-207
131
417
657
834
925
941
935
939
960
990
1026
1045
996
873
693
483
233
-73
-417
-752
-1015
-1188
-1282
-1293
-1247
-1156
-1033
-897
-759
-634
-532
-481
-462
-420
-330
-196
-34
164
388
610
803
959
1074
1119
1065
922
729
543
388
251
139
74
79
145
237
327
397
432
404
316
222
172
176
246
367
523
717
940
1141
1258
1268
1187
1027
798
538
304
124
-16
-128
-206
-233
-208
-180
-201
-291
-427
-581
-755
-930
-1077
-1150
-1140
-1085
-977
-803
-586
-385
-239
-145
-118
-159
-250
-371
-499
-601
-664
-695
-689
-634
-546
-461
-415
-412
-442
-497
-567
-639
-678
-664
-600
-473
-289
-57
209
475
699
849
937
974
950
873
768
652
532
427
355
318
304
281
237
184
119
47
-31
-123
-215
-290
-317
-295
-229
-115
34
204
374
530
671
780
841
853
831
799
774
759
744
736
741
744
741
715
637
507
334
127
-114
-372
-630
-873
-1073
-1215
-1295
-1312
-1269
-1180
-1061
-925
-781
-625
-464
-314
-171
4
225
449
648
832
992
1096
1127
1094
1013
870
664
407
143
-108
-364
-639
-932
-1209
-1455
-1660
-1830
-1951
-1988
-1949
-1850
-1691
-1450
-1126
-785
-463
-151
161
468
747
993
1207
1382
1525
1630
1696
1737
1731
1652
1477
1230
946
628
278
-90
-430
-708
-927
-1078
-1135
-1094
-996
-881
-759
-623
-477
-331
-201
-74
81
273
489
726
987
1254
1482
1636
1706
1697
1608
1427
1168
875
591
324
83
-119
-267
-371
-466
-578
-710
-845
-980
-1122
-1254
-1333
-1330
-1251
-1103
-883
-602
-286
12
246
414
521
564
526
436
338
252
173
97
44
28
24
0
-69
-165
-278
-429
-619
-812
-969
-1066
-1113
-1103
-1008
-828
-602
-385
-173
65
291
433
482
487
485
475
448
427
442
500
566
620
683
755
779
701
531
325
120
-82
-291
-462
-547
-558
-507
-399
-222
-18
142
233
266
267
255
226
185
156
168
218
280
366
463
529
524
448
337
219
92
-50
-176
-247
-266
-244
-181
-81
37
140
190
176
121
48
-46
-153
-229
-244
-215
-170
-105
-14
77
126
111
47
-49
-163
-285
-385
-433
-431
-398
-353
-296
-219
-129
-75
-80
-117
-157
-194
-233
-255
-240
-198
-157
-133
-119
-116
-144
-234
-388
-559
-703
-806
-864
-845
-698
-402
-49
267
566
875
1132
1254
1276
1286
1306
1312
1293
1290
1329
1337
1217
938
585
210
-216
-702
-1173
-1512
-1689
-1770
-1759
-1600
-1284
-931
-655
-432
-225
-42
70
132
214
356
558
772
991
1255
1534
1711
1698
1531
1270
900
408
-139
-626
-988
-1246
-1413
-1463
-1374
-1212
-1071
-984
-935
-885
-826
-778
-701
-517
-212
141
506
908
1324
1652
1822
1846
1750
1536
1208
816
439
126
-123
-324
-473
-559
-609
-673
-782
-921
-1056
-1178
-1279
-1311
-1220
-1001
-697
-349
26
388
685
875
952
936
843
687
504
348
262
232
226
226
229
213
155
47
-97
-255
-409
-553
-667
-714
-679
-586
-478
-357
-226
-97
2
62
101
133
154
162
181
227
292
350
378
381
367
328
246
120
-15
-136
-251
-365
-447
-474
-466
-459
-456
-430
-375
-312
-264
-218
-147
-51
43
114
179
252
315
352
372
401
443
471
474
476
497
521
519
490
456
430
396
338
284
258
247
220
177
147
134
111
55
-19
-90
-152
-221
-290
-331
-322
-281
-233
-180
-112
-44
-7
-11
-42
-75
-117
-175
-233
-266
-261
-241
-224
-207
-182
-159
-160
-191
-228
-262
-303
-351
-380
-372
-337
-296
-259
-224
-191
-175
-181
-202
-225
-237
-243
-237
-201
-125
-22
83
180
270
347
398
410
393
357
304
237
163
100
56
19
-16
-48
-69
-74
-72
-67
-51
-17
29
87
158
240
323
399
462
511
540
548
528
487
437
383
325
257
191
126
66
9
-38
-71
-100
-129
-158
-179
-188
-199
-217
-233
-241
-237
-224
-207
-179
-133
-83
-37
10
59
104
128
126
106
80
47
4
-44
-90
-140
-197
-263
-329
-388
-451
-523
-594
-648
-678
-682
-660
-602
-505
-378
-234
-84
68
208
319
393
436
461
471
463
439
408
376
338
289
236
175
108
34
-40
-100
-140
-160
-158
-139
-98
-41
23
83
132
172
201
221
238
251
263
278
295
309
322
327
325
308
275
233
180
114
43
-32
-103
-167
-216
-259
-294
-323
-342
-353
-353
-345
-327
-295
-254
-204
-152
-101
-50
-5
28
51
67
72
65
49
31
14
-4
-27
-53
-79
-106
-133
-160
-180
-190
-191
-182
-161
-132
-92
-48
-1
48
95
139
176
203
228
249
271
293
311
330
347
366
376
377
364
337
295
241
178
111
41
-35
-110
-181
-241
-289
-323
-349
-360
-353
-330
-292
-245
-189
-136
-92
-52
-18
8
32
50
63
71
77
79
75
61
34
-3
-45
-87
-129
-167
-199
-223
-242
-257
-270
-276
-279
-284
-291
-296
-294
-287
-271
-245
-209
-165
-111
-51
12
76
142
202
257
308
354
393
424
448
464
471
465
440
405
355
297
236
173
108
50
5
-28
-45
-50
-48
-47
-44
-33
-12
9
33
61
94
129
168
210
245
271
285
286
278
261
232
189
142
95
47
-2
-51
-97
-140
-178
-217
-256
-287
-316
-346
-374
-392
-396
-392
-385
-373
-352
-327
-299
-272
-246
-221
-197
-179
-165
-149
-136
-131
-138
-152
-165
-179
-194
-211
-223
-225
-215
-196
-166
-127
-80
-33
16
63
107
146
180
208
228
244
259
266
272
275
276
274
271
267
262
260
257
253
255
261
274
288
298
306
311
311
304
287
258
228
197
166
136
112
95
82
71
60
52
45
33
14
-7
-24
-40
-56
-72
-86
-98
-107
-122
-138
-154
-172
-191
-213
-233
-250
-261
-271
-279
-281
-275
-262
-248
-233
-218
-204
-195
-192
-191
-192
-192
-193
-194
-192
-188
-188
-187
-185
-179
-173
-166
-159
-150
-131
-102
-70
-38
-1
35
69
96
116
131
141
147
149
149
147
148
154
160
165
169
176
177
172
163
154
143
131
119
117
124
137
154
173
193
210
222
226
225
218
200
180
157
133
109
86
63
40
19
0
-22
-46
-65
-79
-88
-91
-90
-87
-77
-61
-36
4
52
100
142
179
207
224
226
206
165
111
59
12
-34
-76
-118
-162
-205
-249
-288
-323
-356
-384
-405
-407
-392
-360
-322
-282
-239
-192
-146
-109
-81
-61
-48
-38
-33
-30
-28
-29
-38
-53
-71
-88
-108
-132
-157
-175
-184
-183
-173
-156
-131
-97
-57
-16
29
71
109
144
182
227
275
318
361
404
442
470
489
496
487
466
435
394
345
293
242
193
143
99
60
27
-5
-36
-63
-86
-103
-115
-125
-133
-136
-129
-119
-103
-85
-60
-29
5
37
63
82
91
91
80
60
32
0
-37
-73
-111
-149
-185
-224
-259
-292
-321
-344
-360
-369
-370
-360
-341
-310
-266
-214
-156
-96
-40
14
59
96
123
139
145
145
142
134
120
97
69
33
-7
-54
-109
-166
-221
-267
-299
-317
-319
-303
-271
-226
-169
-104
-32
39
107
171
232
288
341
384
422
452
470
480
476
461
431
387
332
272
211
156
107
65
34
15
6
2
1
6
17
29
43
61
80
100
118
131
139
142
135
121
96
67
34
-1
-44
-85
-125
-163
-201
-243
-282
-315
-346
-374
-395
-404
-401
-390
-372
-348
-319
-283
-248
-213
-176
-138
-106
-72
-39
-4
32
61
85
102
115
121
119
107
87
63
34
8
-19
-40
-56
-71
-80
-82
-76
-64
-44
-19
7
32
65
106
148
185
222
257
286
308
326
335
336
325
305
276
240
196
147
92
36
-19
-67
-110
-145
-172
-195
-210
-217
-214
-207
-196
-177
-152
-122
-85
-45
-3
32
66
95
118
133
140
136
125
105
74
41
7
-28
-67
-102
-135
-158
-175
-190
-204
-215
-222
-220
-211
-193
-173
-150
-122
-86
-46
-7
29
66
97
125
151
173
186
194
195
192
186
177
159
140
119
98
76
57
41
20
1
-15
-28
-37
-44
-48
-44
-36
-23
-4
16
35
50
61
69
76
82
86
83
80
77
73
63
47
26
-2
-35
-72
-107
-139
-171
-197
-215
-225
-227
-221
-213
-204
-194
-181
-166
-150
-130
-106
-78
-48
-16
18
52
85
111
127
136
140
139
133
121
108
98
88
80
73
61
47
25
-2
-30
-55
-80
-99
-112
-115
-110
-95
-77
-54
-28
-3
23
49
72
96
123
150
172
194
220
243
259
268
269
264
250
227
197
164
127
86
49
12
-22
-54
-84
-110
-136
-159
-181
-202
-221
-235
-246
-250
-247
-236
-217
-190
-158
-122
-82
-42
-4
29
57
77
93
103
110
111
107
98
84
62
36
1
-38
-83
-128
-173
-214
-246
-267
-277
-277
-263
-238
-204
-163
-121
-73
-28
19
64
108
149
187
221
250
270
284
286
275
252
216
173
122
69
13
-34
-77
-112
-136
-152
-159
-164
-164
-162
-157
-153
-143
-131
-114
-90
-56
-12
39
92
143
191
232
264
285
297
297
287
270
248
225
202
179
157
136
113
91
65
34
0
-33
-62
-87
-105
-115
-118
-111
-99
-82
-63
-45
-29
-17
-11
-8
-6
-5
-8
-12
-15
-15
-17
-21
-28
-42
-62
-91
-125
-157
-187
-214
-238
-256
-263
-257
-243
-227
-211
-196
-184
-175
-167
-157
-140
-121
-100
-73
-39
-2
34
62
82
97
109
119
130
137
144
149
148
145
140
132
117
98
80
63
44
27
13
4
-2
-3
1
13
31
56
80
104
132
158
176
184
185
185
180
166
145
128
111
90
68
49
26
-1
-26
-51
-72
-91
-109
-123
-128
-129
-122
-108
-87
-63
-35
1
37
69
94
112
124
135
130
115
101
82
63
41
23
1
-25
-51
-72
-90
-106
-125
-139
-149
-153
-152
-152
-149
-142
-133
-124
-111
-95
-81
-69
-58
-47
-39
-40
-44
-52
-63
-73
-85
-98
-115
-127
-134
-141
-147
-149
-143
-134
-124
-109
-83
-47
-10
27
62
98
136
169
195
211
216
214
206
199
193
188
174
157
142
127
106
78
45
15
-8
-27
-35
-31
-20
-11
-3
7
20
32
48
66
87
110
133
155
177
187
182
171
158
137
113
84
53
20
-16
-55
-94
-129
-163
-195
-220
-229
-225
-216
-212
-206
-191
-168
-141
-114
-87
-56
-20
20
61
96
124
149
162
162
161
147
125
96
69
44
16
-12
-43
-73
-107
-149
-190
-226
-250
-260
-256
-243
-221
-192
-160
-130
-106
-89
-76
-61
-39
-11
17
42
71
104
136
166
184
188
183
170
154
131
97
56
16
-15
-40
-58
-72
-79
-77
-66
-53
-42
-30
-15
1
20
39
62
89
119
147
180
212
239
260
274
280
281
268
242
210
181
156
127
92
58
29
5
-20
-53
-91
-127
-158
-179
-191
-201
-205
-201
-187
-167
-144
-126
-113
-105
-99
-94
-94
-95
-95
-92
-79
-60
-38
-24
-17
-17
-25
-41
-65
-91
-116
-135
-148
-152
-151
-146
-141
-136
-131
-124
-117
-107
-96
-81
-59
-34
-8
23
54
83
108
124
137
152
165
172
171
167
166
168
171
167
158
145
130
119
106
86
58
31
12
5
6
7
10
14
26
49
73
88
95
97
97
99
98
94
84
69
56
52
52
51
41
29
14
0
-16
-33
-55
-74
-86
-90
-87
-83
-77
-73
-70
-71
-76
-82
-84
-80
-74
-69
-64
-54
-43
-35
-33
-43
-58
-75
-85
-92
-98
-107
-110
-108
-98
-84
-75
-72
-73
-70
-58
-46
-39
-35
-32
-22
-7
13
25
35
45
58
75
83
82
69
57
46
40
33
24
16
10
10
11
14
14
12
11
14
20
26
31
42
59
75
92
107
116
119
123
125
121
113
103
96
93
84
72
58
45
33
24
10
-8
-26
-40
-52
-65
-78
-85
-88
-86
-80
-73
-67
-64
-60
-50
-38
-32
-31
-30
-31
-31
-32
-34
-41
-48
-54
-52
-48
-47
-53
-60
-67
-71
-73
-71
-70
-67
-61
-47
-29
-18
-14
-17
-21
-21
-14
-7
1
11
24
38
49
51
49
44
42
40
39
39
41
44
46
49
48
48
45
40
36
33
28
24
19
17
15
14
11
10
11
10
9
5
3
2
4
11
19
25
28
30
33
35
35
34
33
32
36
38
39
35
33
30
30
27
26
23
19
14
7
-1
-9
-17
-26
-37
-46
-52
-53
-53
-55
-56
-57
-58
-57
-52
-46
-41
-39
-36
-31
-25
-23
-23
-24
-21
-17
-13
-12
-17
-24
-25
-19
-9
-4
-3
-6
-8
-3
-1
-5
-12
-18
-16
-3
11
21
23
20
21
28
35
39
39
38
43
50
56
57
50
38
29
24
21
11
-2
-16
-23
-23
-19
-17
-15
-12
-6
2
8
8
3
0
3
11
20
27
30
31
31
27
20
5
-14
-33
-46
-53
-58
-64
-70
-76
-84
-87
-87
-83
-77
-72
-66
-55
-43
-34
-30
-28
-26
-21
-16
-8
2
12
21
30
34
38
35
32
30
30
29
29
27
24
21
20
20
20
19
18
21
28
38
45
49
51
57
66
78
88
95
100
101
103
102
96
82
65
53
46
44
40
31
20
9
0
-11
-21
-30
-37
-42
-41
-35
-28
-26
-28
-31
-31
-28
-21
-20
-26
-33
-40
-46
-52
-60
-66
-69
-68
-65
-61
-62
-69
-84
-98
-108
-109
-109
-108
-107
-97
-84
-67
-52
-42
-38
-34
-25
-10
7
21
29
32
37
43
50
53
51
43
40
39
38
36
30
23
21
26
41
59
74
82
82
83
88
93
95
91
87
86
85
85
84
76
65
53
45
43
45
47
45
42
39
37
36
30
20
11
3
1
-1
-6
-16
-29
-46
-60
-70
-78
-86
-92
-94
-90
-85
-82
-87
-98
-110
-114
-112
-102
-92
-84
-81
-79
-73
-70
-70
-71
-71
-67
-58
-45
-39
-39
-46
-50
-49
-39
-27
-15
-2
8
14
21
24
21
13
6
6
19
35
51
59
62
59
59
62
67
73
76
80
84
88
87
81
71
63
61
66
75
83
86
85
81
74
65
59
56
53
50
46
45
42
35
22
12
8
12
20
27
28
27
21
13
4
-5
-15
-26
-39
-47
-49
-48
-50
-56
-64
-70
-68
-63
-57
-57
-59
-63
-63
-58
-53
-47
-45
-43
-35
-25
-14
-7
-6
-12
-19
-26
-30
-32
-38
-46
-56
-63
-65
-63
-60
-57
-49
-37
-20
-1
11
20
22
25
30
35
41
46
51
57
61
61
56
42
23
3
-10
-15
-17
-15
-10
-1
8
16
22
22
18
11
2
-4
-8
-11
-14
-17
-21
-23
-22
-18
-11
-5
2
7
11
9
8
5
2
3
5
10
16
18
21
20
17
12
8
5
3
3
1
4
6
10
12
12
16
20
24
26
23
21
16
15
17
23
31
35
34
33
31
29
27
22
15
9
7
6
7
9
9
9
11
14
14
9
0
-11
-23
-29
-34
-39
-45
-49
-51
-50
-51
-52
-51
-51
-52
-56
-61
-63
-63
-61
-56
-48
-36
-25
-15
-6
-1
0
-1
0
4
7
6
5
2
2
1
0
-2
-8
-12
-15
-16
-11
-4
4
12
18
19
22
26
32
39
45
52
61
72
77
79
79
78
81
87
93
93
91
83
74
68
62
54
45
34
24
20
17
15
8
-2
-10
-12
-10
-7
-8
-10
-13
-14
-13
-10
-7
-7
-6
-7
-12
-18
-25
-34
-45
-56
-64
-69
-72
-75
-78
-83
-88
-90
-92
-93
-95
-101
-107
-110
-109
-106
-102
-96
-87
-78
-70
-62
-54
-43
-34
-27
-20
-12
-6
-1
3
6
11
17
22
27
33
37
41
41
37
32
28
25
26
28
30
35
36
38
42
47
54
62
69
74
82
90
97
100
101
100
101
103
103
100
94
83
73
65
59
52
47
45
45
45
44
40
30
17
4
-8
-16
-19
-23
-25
-28
-32
-33
-35
-35
-41
-46
-50
-53
-53
-51
-48
-49
-47
-50
-48
-45
-43
-45
-54
-63
-70
-73
-74
-75
-78
-79
-76
-68
-59
-52
-49
-49
-47
-43
-36
-29
-25
-21
-18
-12
-3
4
10
14
13
16
21
28
31
32
30
30
34
41
47
47
43
35
32
34
38
39
35
33
34
41
49
55
55
50
46
47
51
55
55
50
44
41
41
38
33
22
13
8
5
4
3
-1
-8
-15
-20
-24
-25
-27
-27
-26
-23
-19
-16
-14
-17
-25
-36
-45
-52
-53
-53
-52
-54
-54
-52
-49
-48
-50
-53
-56
-54
-51
-47
-46
-48
-49
-47
-41
-30
-19
-12
-10
-9
-6
-3
-2
-1
1
4
8
14
17
18
14
9
3
-2
-4
-8
-13
-18
-19
-16
-9
-1
8
19
30
40
48
55
61
66
70
74
78
85
91
94
94
89
82
75
69
61
53
46
39
34
29
24
19
12
8
4
1
0
2
1
3
4
6
6
9
13
15
16
16
10
2
-6
-17
-27
-32
-35
-36
-37
-41
-45
-47
-49
-50
-53
-55
-57
-60
-61
-62
-61
-60
-62
-63
-59
-53
-48
-47
-46
-44
-38
-31
-23
-16
-10
-5
-5
-5
-7
-11
-17
-22
-23
-20
-13
-6
-1
4
8
11
14
17
22
25
29
30
30
31
29
27
25
24
27
30
30
31
31
31
33
36
39
42
47
53
59
63
63
59
55
47
40
33
24
16
12
7
1
-5
-13
-21
-27
-31
-34
-36
-39
-43
-47
-50
-48
-43
-38
-35
-33
-30
-27
-27
-28
-29
-27
-23
-19
-14
-11
-11
-12
-16
-20
-24
-26
-27
-29
-33
-34
-35
-37
-39
-41
-40
-37
-31
-23
-12
0
10
21
33
44
56
68
78
87
94
95
91
85
75
66
59
53
47
41
35
26
14
4
-4
-8
-11
-8
-5
-2
3
8
12
12
10
10
10
14
18
22
22
16
11
7
3
-1
-2
0
0
-1
-5
-12
-21
-33
-45
-57
-64
-67
-67
-67
-64
-63
-62
-61
-59
-56
-51
-44
-36
-28
-16
-8
-3
0
0
1
0
2
6
8
7
7
8
12
15
17
19
21
23
21
19
14
10
5
7
10
15
20
25
27
26
24
20
17
18
22
28
34
40
43
42
38
33
29
27
28
29
31
28
22
10
0
-10
-18
-24
-27
-28
-32
-33
-37
-44
-49
-54
-57
-56
-51
-42
-31
-22
-15
-14
-17
-23
-25
-25
-23
-19
-12
-7
-3
-3
-4
-9
-14
-18
-20
-18
-16
-12
-12
-13
-14
-15
-17
-18
-16
-13
-7
1
6
9
13
14
14
16
18
22
28
33
39
45
49
50
50
48
47
47
46
45
45
41
36
30
24
22
18
16
15
17
23
28
32
36
40
43
42
43
42
40
37
31
25
19
12
3
-7
-17
-29
-39
-46
-54
-59
-59
-57
-57
-54
-52
-50
-47
-43
-39
-36
-31
-26
-21
-19
-18
-19
-22
-25
-29
-33
-37
-40
-40
-41
-41
-41
-41
-41
-39
-34
-28
-21
-13
-7
-2
3
8
13
17
23
27
33
39
44
44
41
37
31
23
17
11
7
3
0
0
2
3
2
2
-1
1
3
7
10
13
17
21
23
22
21
21
17
14
11
7
6
2
2
2
5
10
14
18
22
24
27
27
26
23
18
15
13
12
11
10
8
7
3
-1
-5
-9
-13
-15
-13
-10
-7
-3
0
2
5
6
6
7
6
6
3
1
-1
-6
-12
-19
-28
-38
-49
-56
-61
-65
-67
-66
-65
-61
-54
-47
-41
-35
-29
-23
-16
-10
-6
0
5
10
14
16
17
18
18
17
15
12
9
7
7
8
10
12
13
16
18
20
25
24
23
23
24
27
30
33
35
37
38
38
38
36
34
32
32
30
30
30
30
30
28
23
18
14
10
5
1
-4
-8
-11
-14
-17
-19
-22
-23
-23
-24
-25
-23
-24
-22
-20
-15
-10
-5
-1
1
2
1
-3
-7
-10
-12
-15
-14
-15
-18
-19
-22
-25
-27
-30
-33
-35
-35
-34
-32
-27
-22
-16
-9
-2
3
10
15
18
19
20
19
16
13
10
5
0
-5
-8
-12
-15
-17
-20
-22
-21
-21
-18
-13
-7
-1
4
8
12
14
14
13
14
14
14
10
8
7
6
5
2
1
0
-1
1
2
4
4
4
2
0
1
1
3
7
9
13
16
18
15
9
6
4
4
7
10
16
19
23
25
26
26
25
22
20
18
19
18
19
18
15
13
10
10
6
3
-2
-7
-10
-12
-14
-13
-12
-11
-6
-1
4
6
7
5
2
-2
-4
-5
-7
-10
-13
-16
-19
-24
-29
-34
-39
-44
-46
-42
-38
-34
-32
-29
-27
-23
-19
-15
-13
-11
-9
-6
-2
1
3
4
4
3
2
1
0
-2
-1
-2
-2
0
1
2
6
9
13
16
18
19
22
23
24
25
26
26
27
26
27
26
25
24
22
22
21
22
21
19
17
14
12
10
9
7
2
0
0
0
0
0
-1
-3
-5
-5
-5
-6
-9
-11
-14
-15
-14
-14
-15
-15
-15
-14
-13
-13
-11
-11
-13
-14
-13
-12
-15
-19
-22
-24
-26
-29
-35
-39
-41
-43
-42
-38
-34
-27
-22
-14
-6
0
6
10
14
17
22
24
27
30
31
30
29
26
24
21
19
15
13
12
11
11
12
11
11
11
12
13
12
11
11
7
7
5
6
8
8
9
9
9
9
9
7
5
6
7
9
12
14
15
16
14
13
12
9
5
1
-4
-7
-10
-14
-16
-18
-20
-21
-20
-19
-17
-17
-15
-12
-8
-3
0
2
6
8
9
10
10
9
7
3
-1
-6
-11
-16
-22
-28
-32
-34
-34
-35
-37
-37
-35
-32
-30
-26
-21
-15
-11
-4
2
8
11
11
11
12
13
12
12
12
13
11
13
13
15
15
18
22
25
27
28
29
28
27
27
28
28
28
27
26
24
21
19
16
12
9
5
2
0
-3
-4
-7
-8
-10
-11
-12
-14
-14
-17
-17
-18
-17
-18
-21
-22
-27
-29
-30
-32
-35
-35
-37
-37
-34
-32
-29
-25
-23
-20
-17
-13
-7
-3
0
2
6
10
11
13
16
19
20
23
24
25
25
25
22
21
20
18
19
21
23
23
24
24
23
23
20
18
18
16
14
11
9
5
3
-1
-3
-5
-6
-6
-6
-5
-5
-5
-5
-5
-4
-4
-2
0
0
1
-1
-4
-5
-8
-11
-13
-17
-17
-17
-17
-16
-15
-14
-11
-10
-7
-5
-3
0
4
6
6
5
5
5
3
1
-1
-4
-7
-9
-12
-13
-14
-17
-18
-19
-18
-17
-15
-14
-14
-11
-9
-7
-3
0
3
4
5
6
9
12
14
16
18
19
18
18
16
14
12
12
9
9
10
11
12
13
12
12
11
11
12
11
13
14
14
16
17
16
15
15
15
15
12
8
3
-3
-9
-15
-17
-20
-22
-23
-23
-23
-23
-21
-21
-20
-22
-21
-21
-21
-21
-21
-21
-22
-22
-22
-21
-18
-15
-13
-11
-9
-7
-5
-3
-2
2
3
5
7
10
9
8
5
3
1
-1
-2
-4
-6
-5
-5
-6
-5
-2
2
5
9
15
18
21
23
24
25
27
27
28
27
24
23
23
23
21
19
16
17
16
15
13
11
8
6
5
5
5
7
9
10
10
8
7
7
4
3
3
3
2
2
1
1
1
-2
-4
-4
-3
-3
-4
-4
-6
-8
-10
-12
-14
-17
-22
-24
-28
-30
-32
-35
-38
-41
-42
-42
-40
-38
-38
-36
-34
-32
-26
-22
-20
-16
-12
-9
-5
-3
-1
3
4
5
8
10
11
11
8
7
8
8
10
8
9
11
14
19
23
28
31
33
33
35
35
35
32
31
28
27
26
24
20
19
17
15
13
9
8
4
2
1
-1
4
5
8
10
11
11
10
7
6
4
4
1
-2
-4
-4
-4
-6
-11
-14
-15
-15
-17
-19
-22
-25
-26
-27
-27
-28
-28
-28
-27
-26
-23
-24
-24
-23
-22
-19
-18
-16
-16
-14
-11
-10
-9
-9
-9
-9
-10
-10
-9
-9
-8
-8
-8
-9
-7
-4
-2
0
1
3
5
6
10
12
13
14
16
18
17
18
20
21
23
24
24
26
29
32
31
32
32
31
30
28
26
26
25
22
21
20
19
18
15
13
12
12
11
10
9
9
6
4
3
1
-1
-3
-7
-8
-9
-9
-10
-11
-14
-18
-23
-26
-28
-28
-27
-29
-29
-30
-28
-25
-24
-24
-24
-22
-22
-21
-19
-19
-21
-22
-22
-22
-21
-20
-19
-16
-15
-12
-9
-8
-6
-5
-5
-1
0
3
4
5
8
9
9
9
8
10
10
11
12
14
15
16
16
16
17
18
20
18
18
16
18
18
18
19
17
16
15
16
13
12
12
10
8
6
5
4
2
1
0
-1
-2
-4
-5
-6
-5
-6
-7
-8
-7
-5
-4
-1
1
2
1
1
1
0
-1
-1
-3
-4
-4
-5
-4
-4
-5
-7
-10
-10
-10
-8
-6
-6
-5
-3
0
1
-1
-2
-2
-4
-4
-5
-6
-5
-5
-8
-9
-9
-9
-8
-8
-7
-6
-5
-3
-3
-1
0
3
