8
7
6
9
7
8
9
9
10
10
12
13
13
13
13
14
13
13
13
14
13
10
9
9
6
4
3
2
1
0
-1
-4
-5
-6
-8
-10
-10
-14
-14
-17
-18
-18
-18
-17
-18
-20
-20
-21
-21
-21
-22
-23
-22
-21
-21
-21
-19
-18
-19
-17
-16
-15
-14
-14
-12
-10
-8
-6
-3
-1
0
2
2
2
3
5
4
3
4
3
4
4
6
5
6
7
9
10
13
15
15
17
17
20
20
19
19
19
20
19
18
16
16
16
15
14
16
14
15
14
14
15
14
14
13
13
13
15
13
13
14
14
14
13
12
9
7
5
3
1
-2
-4
-7
-8
-10
-10
-10
-10
-10
-11
-12
-11
-14
-15
-17
-17
-17
-19
-18
-18
-18
-17
-17
-16
-16
-16
-15
-15
-15
-14
-14
-13
-13
-11
-11
-12
-12
-12
-11
-11
-9
-8
-6
-6
-3
-3
-2
-1
0
0
2
1
2
2
2
2
4
5
6
7
7
8
6
5
4
2
4
4
4
3
5
4
4
4
4
5
5
7
9
9
8
7
6
5
6
4
5
4
3
2
2
2
2
3
2
4
3
3
4
3
3
3
2
2
2
2
2
3
3
3
2
2
2
2
3
4
2
2
1
1
0
-1
-1
0
1
0
1
1
2
1
2
4
3
3
3
2
3
1
2
2
1
1
0
0
-2
-3
-3
-1
-2
-1
-3
-1
1
-1
-1
-2
-2
-1
-2
-2
-2
-2
-2
-4
-4
-3
-4
-3
-3
-3
-3
-4
-3
-2
-2
-2
-2
-1
-2
-3
-3
-3
-3
-3
-3
-5
-7
-7
-8
-10
-8
-7
-7
-8
-8
-7
-7
-6
-6
-6
-5
-3
-3
-2
-1
-1
0
-1
-1
-1
-1
1
3
5
5
4
2
2
3
4
3
3
4
4
4
4
5
4
3
4
5
5
6
7
9
9
10
8
9
10
9
8
7
7
7
6
6
6
7
7
5
5
4
5
3
4
4
2
1
2
2
2
1
1
1
1
0
1
1
1
1
0
0
0
-1
-1
-2
-2
-2
-4
-6
-4
-3
-5
-4
-5
-5
-5
-5
-5
-4
-4
-2
-2
-4
-5
-6
-7
-6
-6
-9
-10
-10
-10
-11
-11
-10
-10
-11
-12
-11
-11
-10
-9
-10
-9
-7
-6
-3
-4
-4
-3
-3
-2
-3
-1
0
0
1
1
0
1
2
2
3
2
4
3
2
1
3
3
2
1
1
0
-1
-1
1
2
4
5
5
8
8
7
8
8
9
10
10
11
13
11
9
8
8
8
7
9
9
7
8
8
8
7
7
8
8
7
7
7
6
5
5
6
7
6
7
7
6
6
4
5
4
3
3
4
4
2
2
3
3
4
2
1
0
-1
0
1
1
0
-1
-2
-3
-3
-4
-4
-4
-6
-8
-8
-8
-7
-7
-8
-9
-10
-10
-9
-8
-8
-10
-11
-12
-12
-14
-13
-13
-14
-15
-13
-13
-12
-12
-12
-11
-11
-10
-10
-8
-7
-6
-6
-5
-5
-5
-5
-5
-5
-7
-6
-7
-8
-9
-12
-9
-7
-5
-5
-6
-3
-3
-3
-1
-1
1
0
0
3
4
5
6
8
9
10
12
12
11
12
10
8
10
12
16
18
18
18
17
15
13
13
14
13
11
10
12
12
10
10
7
5
5
5
4
3
5
5
2
2
3
4
6
6
5
7
7
7
8
8
5
4
3
4
5
10
11
9
8
6
7
6
6
6
1
-6
-6
-3
-1
1
-3
-7
-8
-6
-8
-11
-8
-13
-17
-17
-16
-14
-8
-5
-7
-7
-8
-10
-14
-16
-17
-17
-14
-7
-6
-8
-10
-15
-19
-22
-20
-21
-17
-14
-11
-4
1
0
1
-1
-6
-7
-1
0
6
11
4
3
2
-2
-2
-2
-7
-10
-6
0
7
12
12
6
-4
-12
-11
-8
-5
2
6
7
12
10
3
4
-2
-3
3
6
9
14
18
13
11
9
10
10
13
13
13
17
11
12
14
8
6
6
6
15
22
12
5
9
-2
-10
-4
-3
3
11
0
-12
-4
-3
-6
-1
-5
-10
-10
-7
2
14
15
2
-11
-17
-15
-7
1
3
5
1
-7
-6
-1
3
-2
-14
-24
-17
-5
8
17
15
5
-3
-12
-11
3
7
1
4
-1
-6
5
6
-1
1
-7
-12
-7
-4
-2
0
-6
-14
-9
-2
-5
-2
-2
-3
-2
-7
-7
-9
-5
-3
-6
-3
-1
4
14
14
16
16
3
-7
-8
-8
-3
9
14
18
17
10
4
-4
-10
-5
-10
-5
11
20
26
28
20
-1
-13
-22
-25
-2
18
20
18
5
-12
-14
-13
-7
0
-2
-13
-14
-2
4
10
14
-2
-19
-22
-16
-7
12
16
1
-3
-3
-2
12
13
7
-3
-27
-29
-9
7
26
29
15
6
-8
-27
-20
-4
-7
-4
6
6
22
29
17
6
-6
-24
-37
-25
-16
-7
11
14
10
6
-7
-24
-21
-11
-8
-3
-3
-7
1
7
8
11
-3
-16
-16
-9
-5
10
23
10
-9
-18
-18
-4
3
0
4
7
5
-2
-4
1
-2
-10
-4
4
10
11
9
8
3
6
4
-6
-8
-4
-4
-7
-5
1
-1
-6
-5
0
11
10
3
2
-1
0
7
15
27
33
23
9
-5
5
17
20
20
27
24
7
-13
-19
-7
17
20
21
33
25
1
-20
-22
-11
-3
0
11
27
39
27
10
3
-6
-26
-24
4
27
30
12
-5
-17
-23
-30
-17
8
20
-2
-13
-4
-4
-14
-14
-2
9
11
2
4
7
-3
-19
-18
-14
-14
-24
-28
-22
-18
-13
-5
4
3
-7
-10
-16
-20
-13
-13
-2
7
4
5
2
2
9
-11
-23
-23
-17
-9
-1
-3
-19
-28
-36
-35
-8
12
4
6
-6
-31
-26
-6
-14
-3
14
0
1
6
0
3
10
-4
-10
-6
-1
-1
10
16
10
-1
-16
-19
-8
3
10
5
2
10
3
12
30
37
18
8
2
2
14
22
23
36
39
26
26
28
14
-10
-9
-2
10
9
-1
12
28
9
-8
-8
1
9
7
-3
-12
-7
-7
-7
11
30
26
8
-4
2
-4
-10
-7
-3
4
14
17
20
23
2
-24
-19
2
21
30
23
9
3
-6
-19
-13
6
17
27
30
15
-5
-22
-37
-47
-26
-7
2
21
32
12
-16
-33
-28
-16
3
3
4
7
2
-13
-17
-1
3
4
6
6
-4
-9
-18
-27
-32
-18
-1
7
19
24
1
-27
-30
-39
-39
-41
-26
0
10
4
-15
-11
-10
-17
-20
0
6
-6
-15
1
24
20
5
-7
-17
-25
-19
-24
-18
-8
-11
-22
0
25
0
-15
-7
-5
-5
1
-10
-3
17
10
-6
12
19
-9
-40
-26
-2
-4
-17
-6
-3
-2
6
8
15
37
40
15
21
33
22
5
25
42
42
30
21
35
49
40
13
11
12
13
19
28
46
40
0
-26
-24
-31
-31
-1
23
40
54
39
5
-28
-55
-60
-34
13
55
61
46
15
-8
-21
-21
-30
-28
3
11
-3
-13
-21
-48
-57
-49
-39
-21
-7
1
4
15
4
-12
-24
-21
-7
-7
-5
7
9
2
15
41
51
37
8
-35
-43
-42
-58
-63
-19
21
21
34
47
29
-21
-50
-46
-48
-49
-34
2
41
66
45
21
23
8
-33
-37
-18
-22
-31
-10
23
45
51
18
-10
-1
-3
-22
-20
12
18
11
13
43
40
-8
-22
-11
2
-11
-6
1
12
3
0
10
33
27
-5
-12
-15
-24
-34
-3
19
45
43
20
0
-9
-22
-41
-41
-18
-16
-43
-33
14
45
22
10
12
2
-22
-35
-41
-32
-17
-17
21
53
40
13
16
7
-30
-45
-36
-43
-43
7
48
50
34
22
6
-30
-37
-24
-9
-8
4
34
52
53
26
-17
-30
-2
3
-5
-2
12
6
4
11
12
14
-7
-27
-26
-13
-35
-45
8
58
48
20
19
3
-25
-50
-20
9
9
12
39
65
36
8
-18
-37
-58
-30
33
81
61
20
-6
-26
-48
-55
-37
-16
-8
-10
24
48
47
40
42
39
23
-12
-37
-46
-41
-37
-18
22
42
19
7
17
30
10
-33
-45
-49
-54
-67
-33
37
74
50
27
31
32
-4
-28
-33
-47
-73
-72
-24
23
64
80
65
34
25
14
-15
-22
-21
-23
-39
-22
12
36
41
21
-11
-9
13
12
-9
-23
-35
-37
-5
0
-3
22
52
26
-32
-3
49
19
-44
-41
-7
-8
-41
-35
1
5
-30
-47
3
46
9
-58
-52
-28
-26
-30
1
3
-20
-40
-17
19
37
33
-2
-27
-33
-24
-5
26
16
-18
-5
28
11
-17
-19
1
3
12
24
61
75
-2
-86
-53
38
28
1
24
61
17
-1
28
40
-6
-48
-56
-16
21
29
45
40
-2
-42
-17
-9
-5
6
40
68
59
42
39
10
-71
-97
-29
40
33
9
32
41
16
-15
8
49
36
-22
-77
-73
3
37
32
66
85
25
-50
-36
13
4
-43
-64
-40
-42
-32
7
49
64
30
27
35
38
9
18
15
-16
-51
-14
42
23
-16
-25
-5
-22
-55
-65
-6
39
21
-30
-36
-14
-40
-71
-45
47
105
65
-12
-18
21
-25
-95
-60
33
10
-61
-8
100
99
0
-42
-29
-15
-43
-45
13
50
7
-42
-28
16
8
-34
-21
-20
-24
-13
17
50
74
47
-40
-88
-66
-50
-35
0
23
31
37
7
-1
-19
-39
-23
-10
-28
-25
23
-15
-86
-61
16
30
27
52
75
14
-79
-103
-55
4
-6
-9
41
109
87
25
12
-4
-66
-108
-42
61
89
43
7
21
33
16
8
15
15
-21
-31
42
105
67
-13
-13
29
32
11
47
82
32
-40
-39
-7
-18
-49
-21
26
34
19
42
75
37
-2
10
29
6
-21
-49
-36
48
90
6
-29
23
7
-51
-12
45
29
-20
-92
-84
13
51
11
1
20
-34
-88
-33
69
39
-73
-99
-28
22
5
-21
-13
5
-44
-100
-66
1
17
24
16
-12
-8
-19
-75
-103
-55
-15
10
38
35
-2
-1
7
-2
0
21
30
-11
0
76
73
-16
-51
-22
-31
-38
29
83
96
16
-83
-73
2
21
-10
-6
27
34
1
21
72
75
28
-5
-9
-34
-28
-10
13
38
44
31
25
-8
-16
-16
-54
-84
-27
18
-15
19
43
1
-43
-24
7
3
49
76
8
-39
0
11
-44
-12
40
17
1
-5
-73
-70
-4
-26
-20
48
13
-70
-57
-3
-17
-23
23
79
115
120
59
-42
-61
-77
-65
-34
12
45
70
46
-38
-97
-44
-53
-90
-4
112
130
74
58
-68
-115
-36
10
44
107
87
-2
-20
36
71
-10
-47
19
73
46
6
-25
-24
13
-33
-74
24
79
27
14
12
-35
-50
-77
-132
-68
55
23
1
51
73
37
-21
-28
-27
-28
-110
-108
-1
86
32
-74
-30
81
5
-116
-58
-8
-11
51
50
31
98
54
-112
-135
-86
-74
1
67
106
143
30
-71
-20
-14
-102
-121
-39
30
41
-63
-28
139
148
65
49
44
36
-55
-147
-140
4
51
63
191
198
119
30
-64
-116
-36
-7
15
57
53
-49
-72
-12
5
-64
-124
-43
95
117
66
13
-52
-39
-8
12
53
68
-19
-44
22
-23
-46
7
52
25
5
14
-28
-72
-146
-240
-187
-24
67
95
78
57
-13
-37
-29
-28
-16
8
20
53
104
99
72
69
-7
-138
-141
-68
-43
12
90
35
-19
53
71
-45
-125
-143
-85
10
81
143
109
50
-31
-71
-15
92
125
94
90
37
-47
-55
-18
-8
42
32
-24
-60
-59
-75
-127
-111
-57
28
75
85
121
135
34
-87
-155
-80
29
25
80
132
41
-49
-86
-125
-69
64
19
-2
64
-37
-151
-102
-30
22
80
72
89
30
-73
-131
-59
-24
69
83
33
105
61
-78
-100
-53
-48
76
109
112
169
58
-208
-255
-161
-97
7
35
78
167
98
-83
-57
47
7
-68
1
152
220
37
-134
-83
-38
-54
11
132
251
172
-72
-185
-83
-46
-156
-91
110
226
137
22
-1
20
-129
-274
-139
45
36
7
27
85
131
20
-105
-49
-10
-71
14
175
189
40
-117
-182
-128
-117
-137
-56
81
132
73
59
128
158
13
-137
-139
-97
-22
105
178
250
199
-70
-203
-109
-75
-123
-79
-34
2
8
-43
-32
27
-16
-145
-181
-87
0
-35
-58
33
92
114
135
133
61
33
-25
-89
-73
-61
-30
72
153
107
84
56
-20
-130
-228
-205
-79
0
45
107
164
167
68
2
34
37
-16
-26
-30
-52
-55
-36
-5
74
89
-5
-44
-66
-104
-97
-48
12
126
163
83
-9
-56
-91
-17
92
97
137
190
125
40
25
-27
-68
-64
-57
-33
45
71
-1
-132
-233
-193
-62
21
116
173
111
10
-136
-213
-110
-6
-20
18
73
87
65
24
-33
-47
-77
-119
-12
90
18
-103
-165
-138
-21
72
136
246
254
142
47
-32
-113
-130
-143
-158
-58
-7
-8
42
81
77
167
235
187
88
-64
-203
-270
-287
-243
-84
51
133
208
209
99
-17
-124
-188
-159
-79
9
86
129
100
38
-21
-8
47
63
47
27
-16
-18
17
17
-27
-64
-97
-98
-38
17
43
53
2
-106
-130
-50
50
102
85
22
-30
-54
-45
13
80
110
61
-12
-42
-18
7
7
23
30
-3
-35
-9
29
35
-5
-82
-101
-80
-71
-32
61
134
138
102
78
67
38
8
-6
-11
-33
-48
-45
-26
-18
-46
-76
-93
-102
-75
34
165
222
192
117
36
-22
-47
-52
-23
27
60
60
54
33
-29
-122
-183
-185
-143
-67
18
64
65
37
9
0
17
46
48
32
42
44
7
-54
-115
-145
-148
-126
-90
-60
-35
-23
-39
-68
-62
-40
-25
14
72
113
129
119
80
28
-9
-33
-34
-7
32
65
79
82
79
71
57
27
-14
-46
-65
-72
-53
25
114
154
142
111
106
123
107
19
-76
-128
-160
-173
-142
-80
-37
-31
-53
-73
-56
-37
-56
-96
-115
-109
-75
-8
66
111
151
213
268
268
202
98
-15
-106
-165
-183
-162
-106
-65
-71
-87
-102
-114
-135
-160
-167
-125
-29
72
143
162
115
60
37
33
59
112
169
205
183
111
40
-9
-44
-74
-94
-95
-45
69
184
246
222
144
65
-10
-81
-107
-47
37
67
31
10
65
130
123
52
-34
-131
-220
-269
-266
-233
-230
-280
-317
-309
-259
-159
-43
53
81
18
-34
5
82
109
72
9
-34
-47
-67
-80
-39
-11
-88
-216
-289
-233
-95
18
58
55
48
61
137
274
446
595
677
719
747
737
681
572
381
145
-52
-165
-164
-60
43
72
25
-66
-156
-213
-246
-246
-194
-145
-126
-130
-137
-88
7
87
135
143
87
5
-76
-196
-332
-456
-579
-679
-710
-658
-525
-377
-312
-352
-470
-592
-623
-566
-484
-440
-440
-425
-325
-201
-127
-46
42
58
7
-58
-73
0
63
-8
-155
-238
-205
-56
182
530
946
1348
1669
1867
1964
1966
1878
1664
1356
1065
842
719
654
532
311
23
-254
-500
-695
-794
-790
-705
-582
-442
-308
-160
24
206
346
459
570
650
646
539
340
77
-215
-510
-797
-1032
-1197
-1320
-1409
-1456
-1475
-1472
-1409
-1272
-1096
-927
-792
-684
-585
-510
-487
-538
-582
-540
-428
-323
-240
-160
-102
-132
-283
-479
-601
-604
-560
-522
-463
-355
-237
-108
120
512
1029
1572
2113
2659
3149
3370
3178
2668
1987
1266
619
196
103
222
346
379
313
187
-27
-313
-600
-797
-824
-667
-283
291
941
1549
1992
2203
2146
1855
1403
824
147
-566
-1174
-1593
-1812
-1834
-1712
-1531
-1415
-1416
-1502
-1580
-1614
-1626
-1598
-1503
-1330
-1106
-822
-463
-119
88
93
-39
-249
-533
-859
-1163
-1371
-1467
-1456
-1313
-1013
-598
-244
-103
-143
-231
-335
-536
-786
-963
-987
-822
-411
334
1325
2278
3013
3621
4178
4464
4206
3482
2581
1614
589
-234
-532
-376
-108
56
186
350
400
167
-281
-733
-1070
-1190
-939
-272
671
1635
2473
3133
3539
3648
3427
2836
1836
524
-850
-2024
-2816
-3212
-3278
-3089
-2744
-2319
-1918
-1642
-1572
-1694
-1898
-2051
-2015
-1747
-1287
-739
-224
207
525
713
729
550
212
-246
-760
-1216
-1537
-1755
-1939
-2073
-2092
-2004
-1863
-1641
-1317
-1000
-816
-678
-422
-91
120
219
487
1031
1670
2382
3411
4744
5733
5839
5310
4570
3601
2214
704
-382
-974
-1349
-1527
-1255
-591
-97
-91
-373
-611
-761
-893
-820
-416
137
677
1321
2208
3167
3860
4053
3726
2984
1933
774
-294
-1177
-1909
-2548
-3019
-3209
-3102
-2867
-2684
-2597
-2548
-2432
-2195
-1876
-1503
-1135
-865
-695
-513
-221
94
326
447
487
452
299
77
-180
-528
-996
-1481
-1841
-2059
-2200
-2302
-2324
-2230
-2059
-1788
-1373
-980
-774
-645
-381
23
393
766
1356
2203
3142
4147
5436
6706
7202
6605
5270
3698
1938
31
-1536
-2393
-2619
-2512
-2024
-1069
-112
287
-65
-706
-1166
-1375
-1256
-710
175
1077
1875
2728
3646
4409
4681
4305
3327
1875
267
-1239
-2441
-3259
-3743
-3862
-3593
-2934
-2066
-1289
-908
-1039
-1486
-1943
-2118
-1896
-1350
-631
4
384
596
757
767
511
59
-455
-869
-1066
-1082
-994
-956
-1160
-1583
-2013
-2216
-2131
-1874
-1619
-1434
-1272
-1078
-834
-617
-493
-467
-524
-563
-316
284
1061
1860
2772
3845
5180
6568
7333
7162
6073
4245
2044
-84
-1696
-2595
-2844
-2575
-1832
-692
327
850
615
-373
-1516
-2410
-2734
-2276
-1220
61
1380
2721
3951
4999
5562
5284
4200
2450
473
-1246
-2620
-3593
-4182
-4536
-4671
-4358
-3524
-2343
-1056
-107
410
622
527
304
109
-56
-197
-316
-340
-116
314
677
807
567
-108
-982
-1790
-2339
-2519
-2501
-2420
-2227
-1947
-1565
-999
-364
117
295
207
-24
-351
-741
-1055
-1220
-1341
-1413
-1369
-1203
-811
-269
476
1855
3757
5746
7669
8985
9061
7763
5397
2610
-160
-2644
-4402
-4935
-4314
-3028
-1394
25
726
504
-721
-2098
-2880
-3122
-2820
-1884
-436
1321
3335
5390
7138
7996
7375
5546
2966
25
-2575
-4564
-5892
-6392
-6144
-5239
-3676
-1849
-372
596
926
761
639
658
801
972
873
626
432
195
27
18
-106
-405
-660
-883
-990
-1011
-1249
-1541
-1793
-2090
-2139
-1837
-1377
-897
-565
-390
-166
-32
-210
-529
-962
-1487
-1770
-1702
-1301
-747
-567
-801
-923
-701
16
1659
4035
6397
8334
9363
9139
7549
4540
839
-2673
-5476
-6938
-6635
-4742
-2030
512
2055
2367
1683
87
-1782
-3133
-3838
-3758
-2763
-829
1828
4618
6921
8285
8325
6848
4310
1343
-1665
-4148
-5792
-6445
-5930
-4535
-2701
-851
525
1042
790
154
-508
-832
-760
-338
362
1062
1699
2187
2257
1895
1250
504
-183
-672
-888
-909
-907
-1103
-1446
-1789
-2150
-2460
-2618
-2491
-2021
-1393
-741
-189
18
-262
-910
-1611
-2156
-2397
-2198
-1540
-604
214
676
778
532
144
18
660
2253
4249
6147
7459
7533
6117
3506
496
-2236
-4391
-5574
-5355
-3701
-1320
943
2549
2958
2054
84
-2173
-3643
-4013
-3375
-1858
339
2878
5321
7287
8292
7964
6179
3279
149
-2538
-4333
-5037
-4855
-4016
-2832
-1600
-544
94
41
-732
-1750
-2510
-2533
-1578
114
2183
4112
5407
5871
5454
4273
2542
559
-1318
-2735
-3442
-3544
-3243
-2870
-2755
-2945
-3405
-3916
-4186
-4074
-3513
-2581
-1474
-458
239
521
354
-129
-652
-860
-570
36
730
1235
1283
762
-337
-1710
-2849
-3366
-2959
-1409
1251
4309
6943
8530
8550
7025
4381
1410
-1083
-2796
-3455
-2910
-1389
522
2017
2592
1976
314
-1991
-4192
-5264
-4923
-3418
-1076
1745
4638
6968
8278
8422
7341
5106
2171
-618
-2700
-3856
-4139
-3858
-3198
-2479
-2030
-1808
-1670
-1607
-1633
-1480
-809
517
2310
4160
5789
6761
6569
5187
2957
393
-2052
-4128
-5585
-6230
-6099
-5468
-4563
-3639
-3063
-2944
-3188
-3461
-3361
-2792
-1788
-506
695
1518
1931
2053
1911
1493
837
126
-415
-855
-1253
-1644
-2209
-2941
-3689
-4211
-4079
-3022
-1079
1454
4316
7077
9184
10328
10077
8297
5405
2031
-945
-3052
-4101
-3914
-2746
-1150
216
955
849
-175
-1789
-3559
-4660
-4445
-2937
-354
2746
5739
8018
9101
8904
7548
5237
2284
-656
-2945
-4330
-4657
-4185
-3378
-2621
-2295
-2396
-2621
-2625
-2220
-1343
69
1911
3898
5569
6589
6723
5597
3241
161
-2959
-5385
-6789
-7170
-6687
-5706
-4636
-3726
-3018
-2516
-2271
-2338
-2545
-2454
-1877
-841
546
1840
2628
2795
2437
1801
1031
175
-710
-1539
-2219
-2588
-2511
-2185
-1910
-1830
-1865
-1675
-1121
-206
1238
3135
5065
6687
7973
8960
9068
7534
4534
1092
-1842
-3886
-4785
-4340
-2870
-1127
195
1033
1510
1172
-220
-2121
-3498
-3608
-2431
-140
2862
5668
7322
7577
6910
5622
3704
1252
-1274
-3204
-4256
-4424
-3774
-2690
-1780
-1555
-1939
-2342
-2292
-1698
-676
675
2102
3385
4347
4624
4004
2453
108
-2558
-4928
-6440
-6761
-6011
-4641
-3166
-1971
-1286
-1132
-1446
-2040
-2510
-2599
-2171
-1101
497
2241
3623
4148
3688
2527
1052
-404
-1612
-2423
-2760
-2676
-2336
-1786
-1092
-593
-579
-997
-1431
-1381
-708
543
2344
4359
6029
7085
7615
7707
6947
4767
1563
-1454
-3412
-4095
-3572
-2070
-218
1088
1376
1036
532
-384
-1853
-3370
-4059
-3295
-1286
1410
4216
6216
6634
5628
4029
2477
1096
-246
-1434
-2093
-2185
-1855
-1294
-962
-1272
-2287
-3640
-4561
-4466
-3406
-1791
-15
1512
2604
3248
3318
2759
1643
189
-1182
-2144
-2559
-2425
-2024
-1736
-1712
-1954
-2424
-2881
-3072
-2896
-2282
-1314
-162
1044
2068
2705
2859
2462
1584
471
-566
-1222
-1370
-1193
-907
-657
-673
-928
-1216
-1501
-1775
-1983
-1902
-1201
-2
1321
2729
4123
5037
5292
5192
5184
5288
4686
2922
736
-1019
-2087
-2644
-2783
-2429
-1853
-1547
-1364
-744
21
126
-559
-1489
-1798
-1109
223
1871
3383
4141
4023
3497
3059
2733
2080
880
-423
-1434
-2130
-2391
-2410
-2657
-3264
-4026
-4408
-3944
-2775
-1313
153
1409
2341
2940
3125
2918
2343
1428
607
213
76
-74
-486
-1250
-2166
-2999
-3551
-3691
-3461
-2938
-2044
-856
348
1277
1593
1269
597
-193
-732
-727
-359
41
256
249
205
165
-40
-382
-727
-1010
-1056
-781
-282
340
788
875
785
717
817
1069
1286
1563
2144
3005
3805
3939
2969
1289
-329
-1506
-2082
-1981
-1363
-486
294
796
1132
1032
49
-1643
-3312
-4000
-3152
-1175
1230
3451
4744
4817
4170
3317
2413
1360
87
-1016
-1526
-1580
-1385
-1189
-1439
-2225
-3263
-4052
-3979
-3070
-1859
-574
693
1759
2589
3047
2977
2549
1813
963
518
487
508
301
-412
-1476
-2481
-3294
-3789
-3818
-3544
-3058
-2349
-1611
-875
-237
-18
-5
234
776
1662
2677
3336
3435
2907
1877
873
88
-661
-1285
-1728
-1960
-1833
-1636
-1637
-1727
-2002
-2321
-2130
-1290
-62
1159
2000
2728
3636
4330
4660
4592
3674
1998
319
-589
-398
295
696
743
573
115
-501
-1205
-2151
-3192
-4120
-4340
-2928
-222
2510
4382
4930
4289
3042
1716
764
237
-278
-784
-875
-547
-5
380
60
-861
-1909
-2778
-2991
-2371
-1373
-448
175
529
817
906
683
432
216
39
162
516
793
732
92
-963
-1965
-2721
-3122
-3060
-2625
-1838
-799
157
880
1212
931
330
-146
-365
-273
-19
196
374
435
403
476
502
206
-286
-716
-898
-860
-934
-1208
-1425
-1506
-1340
-774
62
818
1113
987
1161
2023
3176
4188
4593
3973
2630
1315
584
390
178
-332
-919
-1308
-1355
-1096
-953
-1416
-2451
-3570
-3819
-2507
-229
1891
3201
3494
3090
2550
2290
2463
2667
2402
1765
1166
751
377
-334
-1613
-3084
-4274
-4856
-4481
-3247
-1761
-579
41
248
381
498
620
865
1219
1727
2330
2685
2602
2031
931
-455
-1709
-2561
-2916
-2885
-2640
-2225
-1808
-1649
-1707
-1844
-1901
-1555
-685
559
1891
2763
2866
2385
1555
689
95
-166
-163
-38
19
27
-33
-468
-1301
-2220
-3021
-3360
-2919
-1796
-340
922
1619
1978
2331
2706
3196
3731
3903
3441
2448
1404
794
389
-229
-956
-1540
-1872
-1858
-1557
-1194
-1042
-1339
-1864
-1946
-1284
-121
1137
2036
2415
2441
2303
2295
2485
2531
2288
1853
1291
684
22
-820
-1837
-2870
-3701
-4002
-3606
-2707
-1625
-716
-179
116
325
498
737
1010
1335
1850
2433
2836
2864
2321
1245
-51
-1270
-2173
-2709
-3029
-3203
-3255
-3260
-3130
-2765
-2255
-1641
-848
96
1093
1909
2318
2372
2183
1836
1549
1484
1540
1501
1165
535
-263
-1317
-2612
-3769
-4419
-4458
-3922
-2892
-1519
-178
667
1055
1472
2228
3177
3962
4361
4309
3795
3019
2367
1986
1572
884
67
-620
-1060
-1388
-1817
-2458
-3242
-3841
-3767
-2753
-1037
695
1819
2225
2211
2132
2284
2738
3283
3609
3524
3056
2324
1362
135
-1307
-2702
-3664
-3939
-3571
-2825
-2040
-1566
-1510
-1664
-1745
-1545
-961
-23
1151
2386
3443
4058
4008
3279
2101
798
-363
-1223
-1761
-2076
-2281
-2475
-2748
-3106
-3469
-3694
-3536
-2840
-1656
-202
1172
2132
2536
2449
2141
1898
1850
1933
1987
1858
1407
554
-637
-1932
-3041
-3792
-4040
-3719
-3009
-2252
-1663
-1255
-953
-729
-513
-21
1045
2684
4424
5754
6305
5720
3989
1874
401
-44
68
206
183
-82
-637
-1422
-2241
-3015
-3697
-4079
-3757
-2419
-342
1586
2636
2698
2124
1511
1464
2223
3465
4466
4665
4019
2841
1500
207
-1015
-2057
-2756
-3053
-2986
-2632
-2243
-2213
-2652
-3213
-3369
-2780
-1473
301
2191
3719
4515
4467
3739
2643
1488
500
-179
-492
-630
-919
-1518
-2326
-3132
-3771
-4131
-4072
-3524
-2595
-1487
-375
595
1336
1787
1919
1882
1938
2194
2501
2600
2257
1327
-120
-1733
-3031
-3735
-3902
-3745
-3417
-3068
-2813
-2670
-2509
-2177
-1732
-1250
-489
814
2513
4188
5514
6369
6359
5183
3401
2055
1573
1523
1429
1233
853
27
-1178
-2247
-2875
-3334
-3806
-3937
-3238
-1822
-304
868
1594
1799
1598
1622
2488
4019
5410
6023
5787
4854
3341
1563
-33
-1234
-2154
-2916
-3395
-3457
-3338
-3467
-3890
-4267
-4284
-3786
-2686
-1050
766
2250
3129
3471
3450
3175
2720
2227
1823
1457
958
229
-693
-1718
-2726
-3562
-4014
-3960
-3530
-2962
-2420
-1924
-1482
-1095
-708
-271
139
426
701
1156
1702
2037
1922
1336
437
-629
-1635
-2240
-2333
-2252
-2343
-2540
-2588
-2486
-2412
-2250
-1755
-1034
-311
612
1986
3612
4903
5605
5926
5873
5213
4200
3482
3204
2848
2088
1184
373
-542
-1740
-2858
-3501
-3733
-3746
-3437
-2538
-1232
-89
619
1099
1509
1891
2490
3557
4866
5791
5834
4998
3587
1834
27
-1420
-2188
-2414
-2538
-2820
-3199
-3664
-4300
-4901
-5035
-4530
-3515
-2229
-882
323
1181
1577
1612
1564
1595
1700
1833
1926
1843
1374
467
-607
-1536
-2169
-2494
-2587
-2557
-2560
-2759
-3036
-3051
-2690
-2119
-1441
-636
146
666
920
1109
1307
1357
1225
1147
1270
1404
1242
750
144
-470
-1127
-1589
-1567
-1192
-760
-378
58
559
931
1049
1117
1376
1852
2491
3322
4218
4559
3881
2647
1736
1354
1220
1248
1445
1549
1246
573
-72
-506
-937
-1446
-1753
-1560
-1034
-588
-439
-635
-1188
-1790
-1859
-1130
62
1132
1599
1385
837
300
-45
-56
293
741
882
586
7
-753
-1647
-2524
-3177
-3431
-3291
-2963
-2677
-2525
-2538
-2680
-2702
-2323
-1493
-353
875
1888
2398
2360
2015
1682
1625
1907
2314
2517
2312
1614
483
-776
-1789
-2364
-2513
-2381
-2170
-2012
-1898
-1807
-1773
-1695
-1322
-520
664
2006
3165
3811
3827
3337
2632
2114
1941
1902
1676
1150
363
-596
-1536
-2208
-2603
-2890
-3100
-2969
-2338
-1340
-335
545
1333
1866
2098
2442
3276
4302
4947
5079
4852
4245
3178
1811
467
-735
-1862
-2875
-3523
-3703
-3805
-4241
-4837
-5182
-5148
-4659
-3521
-1764
130
1634
2559
3053
3358
3573
3752
3963
4176
4075
3401
2291
1016
-373
-1822
-3089
-4005
-4614
-5028
-5278
-5299
-5052
-4599
-4020
-3221
-2094
-731
683
2102
3408
4360
4924
5224
5384
5433
5277
4775
3906
2763
1458
127
-983
-1780
-2459
-3189
-3827
-4247
-4535
-4661
-4446
-3843
-2940
-1834
-688
427
1439
2159
2500
2604
2661
2672
2603
2526
2325
1730
785
-164
-984
-1721
-2280
-2594
-2748
-2849
-2849
-2599
-1958
-1016
-78
791
1601
2233
2561
2806
3197
3586
3750
3757
3634
3214
2432
1439
425
-480
-1198
-1782
-2199
-2438
-2713
-3156
-3491
-3489
-3166
-2514
-1481
-295
646
1184
1390
1435
1545
1860
2324
2806
3144
3048
2384
1435
465
-480
-1296
-1825
-2137
-2394
-2635
-2844
-2986
-2940
-2631
-2075
-1294
-353
527
1157
1613
1934
2025
2011
2097
2270
2394
2324
1935
1264
488
-282
-960
-1379
-1514
-1563
-1680
-1777
-1809
-1905
-2025
-1985
-1796
-1551
-1227
-873
-566
-282
-36
158
319
405
312
84
-90
-134
-100
10
251
488
520
452
430
373
259
204
332
633
1049
1389
1524
1445
1126
661
369
529
1000
1451
1807
2077
2076
1707
1169
709
403
280
301
350
324
36
-644
-1501
-2195
-2640
-2817
-2606
-2025
-1358
-852
-530
-310
-60
330
871
1481
2038
2335
2187
1743
1322
1030
797
626
463
153
-365
-1041
-1765
-2388
-2779
-2918
-2855
-2623
-2356
-2194
-2050
-1735
-1202
-543
191
957
1633
2113
2361
2400
2306
2155
1993
1852
1718
1425
805
-93
-1043
-1852
-2418
-2648
-2557
-2332
-2131
-1946
-1700
-1394
-1067
-705
-277
192
586
831
953
989
946
883
910
1026
1062
978
849
726
574
393
266
257
413
665
993
1323
1470
1271
883
682
795
1049
1300
1493
1551
1394
1081
712
313
-78
-422
-625
-667
-699
-898
-1263
-1639
-1930
-2071
-1991
-1693
-1327
-1027
-800
-578
-323
-42
262
632
1082
1462
1585
1419
1084
716
430
280
196
45
-251
-695
-1192
-1619
-1898
-2031
-2023
-1867
-1623
-1384
-1175
-1006
-864
-724
-511
-131
400
874
1134
1251
1366
1501
1613
1695
1765
1787
1705
1526
1265
902
457
23
-311
-565
-869
-1286
-1737
-2160
-2510
-2646
-2455
-2006
-1442
-842
-233
308
657
825
964
1158
1413
1742
2091
2291
2180
1773
1288
854
452
68
-182
-252
-285
-382
-440
-489
-748
-1118
-1083
-531
111
539
833
1041
1053
937
879
928
953
870
767
777
780
473
-164
-806
-1283
-1626
-1796
-1765
-1686
-1707
-1800
-1840
-1750
-1538
-1269
-949
-470
153
716
1095
1352
1546
1677
1809
1979
2072
1934
1502
854
127
-560
-1168
-1683
-2062
-2315
-2472
-2528
-2468
-2311
-2046
-1629
-1036
-296
543
1347
1973
2420
2724
2925
3057
3162
3181
3012
2690
2260
1675
892
13
-794
-1477
-2010
-2365
-2579
-2710
-2755
-2654
-2398
-2007
-1550
-1081
-531
126
741
1124
1340
1558
1726
1727
1665
1592
1349
878
378
-28
-405
-904
-1519
-2031
-2289
-2365
-2209
-1592
-883
-624
-587
-60
886
1569
1894
2192
2461
2509
2384
2211
1922
1395
616
-169
-605
-877
-1415
-2157
-2743
-3121
-3344
-3233
-2736
-2094
-1508
-1025
-553
3
552
897
1157
1667
2353
2825
3014
3014
2749
2220
1653
1186
779
355
-185
-806
-1301
-1610
-1832
-1964
-1940
-1816
-1631
-1307
-833
-293
272
738
1043
1333
1698
1940
1985
2040
2070
1937
1797
1815
1748
1357
785
202
-387
-932
-1321
-1495
-1487
-1384
-1287
-1209
-1123
-1133
-1239
-1250
-1115
-986
-928
-831
-664
-537
-585
-775
-950
-1009
-1017
-1007
-900
-739
-715
-819
-812
-650
-555
-624
-593
-316
51
267
542
940
996
596
380
804
1370
1582
1653
1795
1844
1643
1320
1032
720
367
14
-156
-137
-290
-754
-1271
-1573
-1699
-1645
-1312
-786
-223
238
559
873
1245
1547
1689
1849
2170
2407
2344
2086
1732
1276
792
433
230
69
-183
-575
-958
-1214
-1355
-1362
-1189
-921
-660
-369
-16
276
443
487
400
320
401
542
542
455
329
7
-458
-780
-931
-1101
-1287
-1325
-1207
-1067
-1006
-1011
-961
-819
-679
-538
-303
-87
-92
-215
-288
-384
-588
-803
-928
-1003
-1105
-1294
-1524
-1652
-1674
-1699
-1680
-1448
-1074
-762
-489
-139
209
401
464
649
1051
1493
1782
2162
2658
2676
2083
1566
1599
1693
1495
1319
1337
1334
1129
832
581
327
54
-176
-118
223
398
242
6
-131
-261
-344
-223
49
350
502
409
258
194
94
-97
-120
150
402
407
317
261
184
73
65
226
406
437
295
126
-35
-259
-436
-474
-500
-546
-511
-435
-492
-680
-919
-1220
-1478
-1570
-1489
-1343
-1185
-973
-825
-734
-636
-578
-573
-546
-399
-200
-27
86
134
196
196
102
30
68
168
159
57
-74
-245
-420
-501
-422
-310
-263
-296
-387
-410
-372
-384
-477
-549
-498
-380
-222
17
297
471
485
580
842
1088
1203
1390
1749
1798
1409
1113
1307
1620
1632
1524
1492
1439
1276
1083
948
723
333
-88
-316
-288
-271
-375
-513
-653
-843
-1022
-1073
-1028
-919
-790
-724
-630
-387
-119
4
83
278
466
472
431
453
477
440
382
363
348
300
218
139
73
-23
-128
-246
-481
-797
-1025
-1097
-1105
-1077
-991
-963
-1023
-1043
-975
-932
-967
-994
-967
-866
-674
-441
-213
4
227
428
551
565
488
421
426
451
482
559
605
527
371
205
-41
-356
-580
-669
-691
-695
-701
-773
-853
-803
-682
-619
-568
-418
-238
-109
42
242
407
451
449
556
754
870
924
1217
1507
1321
875
787
1021
1079
958
924
941
906
880
1006
1167
1145
878
525
365
299
112
-135
-323
-498
-661
-659
-526
-389
-290
-309
-410
-439
-391
-393
-374
-163
173
371
397
419
448
390
259
160
120
96
53
-8
-35
-57
-126
-210
-354
-558
-715
-785
-810
-832
-857
-958
-1144
-1272
-1226
-1063
-942
-874
-779
-686
-585
-471
-393
-346
-255
-76
133
292
352
375
448
491
471
448
436
386
272
189
113
-40
-201
-252
-219
-241
-318
-444
-575
-559
-418
-292
-230
-160
-79
-31
26
143
294
392
406
457
555
606
561
655
906
865
446
169
328
561
630
721
829
824
748
761
889
924
773
550
514
692
793
704
510
270
-44
-342
-499
-582
-644
-705
-768
-758
-653
-566
-543
-476
-323
-256
-336
-373
-229
14
205
317
392
393
275
102
-23
-83
-123
-135
-130
-179
-266
-332
-361
-394
-449
-548
-708
-826
-795
-668
-545
-457
-386
-295
-186
-106
-126
-213
-273
-235
-88
49
70
22
32
91
86
57
99
188
277
378
463
432
312
209
162
139
67
-80
-245
-293
-202
-98
-80
-147
-249
-362
-448
-471
-442
-418
-460
-534
-513
-423
-379
-316
9
366
338
73
68
360
590
714
883
1059
1155
1167
1198
1245
1189
1004
818
860
988
914
676
471
346
208
110
91
91
83
-16
-197
-330
-376
-416
-451
-369
-231
-267
-464
-565
-449
-284
-218
-203
-161
-125
-133
-168
-152
-66
22
57
22
-49
-114
-146
-115
-40
25
6
-115
-232
-261
-264
-368
-543
-629
-607
-577
-607
-677
-741
-748
-651
-496
-398
-387
-401
-358
-257
-145
-28
87
200
275
305
292
216
136
127
195
246
204
105
1
-66
-101
-162
-289
-442
-523
-523
-495
-452
-355
-278
-335
-475
-539
-504
-459
-317
63
396
389
202
252
553
835
1032
1179
1305
1400
1445
1488
1523
1491
1330
1145
1123
1173
1133
970
770
589
427
308
220
172
142
4
-231
-390
-413
-412
-441
-471
-538
-679
-799
-778
-617
-437
-353
-360
-398
-443
-476
-476
-425
-341
-266
-238
-284
-362
-410
-392
-317
-240
-196
-216
-288
-339
-304
-237
-272
-380
-413
-356
-334
-423
-585
-751
-838
-789
-670
-552
-451
-368
-297
-207
-69
51
98
99
112
194
317
423
476
477
426
316
213
180
188
194
204
214
155
38
-55
-127
-234
-336
-354
-341
-405
-523
-574
-509
-340
-111
150
360
376
221
122
268
567
860
1113
1289
1365
1394
1430
1483
1497
1470
1389
1275
1213
1190
1153
1035
848
651
465
322
204
99
-39
-223
-369
-427
-454
-544
-710
-903
-1050
-1095
-1027
-904
-790
-722
-700
-693
-693
-712
-743
-775
-763
-672
-521
-389
-332
-308
-263
-190
-113
-66
-90
-198
-313
-341
-281
-208
-170
-171
-238
-393
-564
-661
-676
-645
-587
-513
-451
-415
-394
-359
-279
-156
-27
75
155
211
236
265
321
385
403
357
294
271
303
346
355
317
223
112
38
32
36
-18
-111
-177
-190
-150
-69
5
-1
-90
-169
-170
-88
35
182
265
235
193
302
572
859
1058
1172
1222
1254
1312
1427
1549
1579
1510
1412
1383
1416
1438
1372
1147
802
453
220
115
45
-75
-287
-545
-784
-945
-1022
-1050
-1074
-1130
-1211
-1279
-1283
-1203
-1080
-951
-811
-668
-575
-559
-588
-626
-632
-594
-527
-473
-473
-536
-642
-721
-712
-622
-518
-464
-466
-480
-461
-410
-339
-256
-190
-149
-115
-64
-17
2
-3
-5
33
107
187
224
194
119
39
4
29
90
163
213
218
207
235
312
379
415
431
427
435
480
549
590
583
542
460
353
260
187
115
27
-63
-125
-159
-187
-240
-297
-320
-289
-192
17
268
432
482
530
663
855
1083
1291
1401
1395
1319
1254
1229
1239
1239
1161
1003
805
629
497
365
189
-25
-218
-345
-399
-414
-474
-633
-857
-1070
-1221
-1291
-1277
-1222
-1207
-1269
-1349
-1378
-1329
-1230
-1132
-1067
-1039
-1012
-963
-878
-741
-591
-487
-455
-463
-454
-421
-372
-327
-297
-279
-267
-227
-136
-15
87
139
161
180
223
306
414
495
517
497
484
507
563
621
643
615
553
501
491
527
579
605
586
535
487
455
442
458
498
531
536
522
504
479
430
351
263
178
104
34
-32
-106
-202
-316
-429
-509
-532
-507
-448
-399
-375
-348
-286
-177
-16
194
380
472
483
473
479
510
572
626
623
572
492
417
367
330
271
187
104
22
-49
-115
-196
-312
-438
-535
-597
-630
-645
-663
-716
-810
-915
-973
-942
-848
-759
-726
-741
-760
-738
-640
-483
-317
-193
-130
-91
-51
9
88
161
196
176
131
95
80
71
48
17
-11
-30
-26
9
59
104
136
180
270
404
542
624
627
571
502
459
463
502
543
557
525
456
375
308
263
240
222
190
137
78
33
8
9
33
65
86
81
48
-17
-95
-163
-205
-224
-250
-295
-357
-427
-483
-514
-510
-477
-432
-378
-313
-241
-172
-107
-32
51
135
215
300
362
367
325
285
277
287
309
338
346
311
235
149
99
99
129
142
120
70
15
-32
-80
-131
-188
-234
-260
-272
-272
-281
-298
-319
-332
-332
-310
-267
-226
-203
-207
-226
-240
-225
-171
-89
-19
-8
-60
-142
-198
-201
-162
-112
-81
-74
-88
-116
-153
-180
-175
-151
-130
-109
-82
-42
3
64
145
227
289
330
350
347
332
321
321
339
365
382
383
380
366
340
308
284
275
278
290
297
291
263
218
177
149
118
60
-31
-129
-211
-259
-269
-253
-242
-256
-294
-329
-336
-306
-238
-157
-95
-72
-80
-91
-84
-58
-32
-11
0
0
7
35
96
160
186
165
132
116
113
110
101
82
66
65
68
67
51
28
-18
-77
-140
-187
-203
-195
-178
-170
-168
-167
-157
-138
-116
-100
-95
-106
-129
-149
-144
-121
-104
-101
-112
-137
-180
-228
-259
-261
-250
-250
-259
-264
-261
-262
-269
-283
-292
-281
-245
-185
-109
-33
26
66
98
139
201
278
358
423
460
465
454
456
482
530
582
615
614
584
550
527
532
556
576
570
525
435
316
208
130
81
48
7
-47
-114
-184
-245
-287
-299
-291
-278
-264
-256
-264
-283
-300
-304
-296
-270
-243
-233
-235
-244
-248
-241
-223
-199
-175
-160
-166
-181
-193
-197
-186
-148
-94
-67
-94
-152
-210
-244
-248
-221
-186
-162
-149
-150
-150
-136
-101
-63
-24
11
39
73
111
151
178
183
174
161
165
186
208
217
208
175
129
92
75
69
58
24
-28
-89
-144
-177
-186
-180
-176
-189
-212
-227
-222
-204
-181
-151
-109
-51
23
105
183
247
293
333
379
445
529
613
678
709
710
695
678
659
629
586
519
432
344
268
214
168
111
31
-65
-160
-238
-288
-314
-328
-346
-375
-409
-443
-465
-470
-465
-449
-432
-425
-423
-423
-403
-370
-331
-296
-270
-246
-230
-214
-202
-186
-175
-171
-166
-167
-171
-186
-211
-232
-241
-241
-240
-239
-227
-209
-185
-158
-132
-105
-76
-38
12
68
130
192
254
310
360
401
439
476
506
526
536
535
516
478
427
374
334
312
296
272
234
179
110
36
-27
-69
-96
-116
-141
-174
-219
-262
-289
-298
-289
-268
-243
-216
-191
-158
-113
-58
3
62
109
152
194
229
256
280
303
315
322
323
322
320
317
309
290
262
227
190
162
136
107
59
1
-62
-121
-176
-233
-296
-356
-403
-436
-456
-467
-487
-505
-511
-500
-468
-427
-380
-342
-317
-299
-281
-242
-201
-154
-105
-74
-61
-57
-50
-34
-19
-15
-29
-52
-78
-99
-106
-102
-95
-100
-112
-120
-109
-79
-39
13
66
120
170
221
275
327
380
425
455
479
496
507
509
501
485
461
428
390
347
310
274
233
185
133
82
34
-6
-51
-106
-162
-214
-255
-280
-291
-294
-290
-285
-277
-263
-232
-184
-127
-64
5
76
145
199
243
283
316
341
355
360
362
358
350
329
299
259
211
166
122
77
33
-11
-53
-91
-126
-172
-224
-275
-315
-351
-379
-403
-427
-445
-462
-473
-481
-493
-494
-482
-467
-440
-416
-384
-355
-326
-294
-271
-252
-238
-225
-206
-184
-164
-141
-123
-97
-81
-66
-54
-51
-52
-50
-37
-17
8
35
62
86
115
148
187
231
276
317
354
386
426
470
510
543
562
575
581
581
578
565
548
513
464
408
346
290
238
188
139
88
40
-4
-40
-75
-111
-142
-167
-178
-176
-164
-141
-115
-95
-76
-55
-25
6
38
62
91
112
131
146
151
155
148
135
113
76
47
13
-21
-57
-96
-132
-169
-203
-236
-279
-321
-364
-401
-431
-459
-479
-503
-521
-537
-555
-570
-580
-579
-572
-555
-531
-502
-462
-421
-373
-316
-264
-217
-178
-139
-105
-73
-36
1
34
57
72
81
94
115
141
172
201
234
269
307
354
400
442
485
518
547
567
581
593
598
605
606
604
593
573
558
544
529
506
477
448
416
386
349
309
266
218
172
124
77
29
-13
-51
-92
-129
-167
-202
-237
-268
-294
-317
-328
-333
-339
-345
-355
-358
-357
-350
-331
-318
-304
-296
-289
-281
-272
-254
-246
-242
-246
-258
-269
-286
-299
-307
-313
-315
-317
-325
-335
-341
-343
-339
-329
-313
-300
-289
-273
-249
-220
-179
-139
-98
-65
-45
-21
5
44
87
125
162
187
204
223
246
273
296
315
333
343
353
357
366
381
396
412
424
434
442
446
445
438
434
432
426
418
408
391
371
346
319
294
265
234
193
152
115
79
47
16
-13
-41
-72
-102
-132
-157
-173
-187
-195
-210
-230
-257
-288
-312
-328
-343
-355
-362
-370
-379
-384
-388
-376
-365
-355
-345
-336
-319
-304
-280
-253
-222
-190
-163
-136
-114
-97
-76
-64
-49
-33
-22
-12
-2
5
11
22
35
44
45
48
52
60
69
80
96
100
102
101
101
102
106
112
113
117
118
120
121
125
132
141
153
162
172
183
195
210
220
227
234
233
231
226
226
226
222
210
188
167
144
122
101
76
47
16
-22
-55
-85
-105
-120
-131
-141
-159
-172
-186
-198
-197
-196
-191
-185
-178
-173
-169
-166
-169
-164
-164
-159
-149
-142
-129
-123
-105
-90
-76
-56
-49
-38
-27
-26
-20
-22
-14
-6
3
16
20
27
25
29
34
37
49
55
64
71
79
88
97
108
114
115
112
109
103
94
87
85
90
91
89
85
71
57
40
26
11
-4
-15
-26
-33
-44
-55
-63
-75
-80
-82
-81
-80
-82
-75
-72
-60
-49
-43
-31
-22
-7
4
16
22
31
38
42
49
53
55
57
52
44
36
23
10
2
-10
-21
-28
-45
-54
-65
-69
-72
-74
-73
-79
-75
-71
-68
-60
-50
-30
-17
1
14
19
27
34
49
64
80
95
94
98
98
95
98
96
95
91
84
79
74
70
70
67
66
62
56
53
54
52
53
52
46
45
38
28
20
6
-7
-16
-23
-25
-29
-37
-47
-61
-73
-77
-82
-88
-96
-108
-110
-112
-109
-107
-113
-115
-123
-130
-133
-143
-144
-147
-146
-142
-141
-140
-139
-133
-126
-117
-109
-104
-94
-82
-68
-57
-48
-34
-18
-8
1
15
23
30
38
51
59
69
73
81
87
101
110
120
132
138
149
161
171
177
180
179
180
180
178
174
164
160
154
152
148
140
135
123
110
108
101
99
88
80
79
77
80
74
73
68
59
53
40
37
24
15
9
-5
-11
-27
-39
-54
-62
-67
-76
-83
-97
-112
-125
-141
-150
-165
-174
-182
-195
-197
-210
-216
-219
-220
-219
-219
-217
-221
-216
-202
-199
-190
-181
-169
-162
-149
-140
-131
-117
-117
-105
-102
-93
-89
-81
-72
-56
-36
-23
-9
-2
7
27
45
64
82
96
118
131
147
156
163
173
180
191
193
206
212
217
224
221
230
231
233
232
232
239
238
247
243
237
235
226
216
202
191
179
163
147
129
110
89
72
59
42
30
8
-10
-33
-49
-63
-85
-95
-114
-124
-140
-156
-166
-178
-180
-186
-187
-188
-190
-188
-194
-198
-200
-203
-199
-202
-200
-198
-196
-193
-197
-189
-186
-178
-173
-170
-161
-158
-150
-143
-134
-130
-127
-121
-115
-104
-90
-81
-69
-57
-45
-29
-16
-2
8
23
33
43
58
68
83
96
112
125
135
145
148
157
165
174
178
180
182
186
180
179
175
174
173
171
170
167
168
164
167
165
169
167
165
162
160
157
154
152
148
136
123
109
94
86
73
60
43
29
13
-3
-18
-28
-40
-46
-58
-64
-72
-82
-91
-100
-108
-118
-132
-141
-154
-169
-177
-189
-188
-190
-194
-198
-199
-195
-194
-195
-190
-188
-179
-181
-171
-164
-160
-152
-150
-141
-136
-132
-124
-124
-119
-117
-111
-102
-95
-78
-76
-69
-58
-47
-31
-18
-3
10
22
35
47
66
76
91
102
111
124
130
142
150
160
166
170
180
185
190
193
193
191
190
187
186
183
175
166
154
146
142
131
122
113
106
98
88
88
78
75
69
65
64
59
55
52
49
46
40
36
28
26
20
12
10
-3
-10
-21
-28
-30
-37
-38
-50
-57
-67
-75
-78
-86
-93
-99
-105
-112
-124
-136
-143
-145
-146
-149
-147
-151
-152
-153
-155
-150
-154
-152
-159
-157
-157
-155
-155
-153
-151
-151
-146
-146
-141
-138
-136
-129
-120
-113
-101
-91
-81
-68
-54
-39
-26
-11
2
20
36
52
62
76
90
105
121
133
144
152
162
176
184
196
209
215
223
227
236
234
234
234
228
229
220
211
201
190
179
166
152
137
117
102
83
69
56
43
31
22
13
4
-4
-12
-18
-27
-31
-30
-37
-38
-48
-54
-57
-65
-68
-70
-74
-80
-85
-88
-88
-90
-90
-95
-94
-104
-112
-117
-119
-124
-128
-133
-137
-139
-141
-143
-146
-144
-143
-146
-142
-135
-131
-127
-123
-117
-113
-111
-106
-101
-93
-90
-89
-87
-87
-86
-85
-86
-80
-75
-70
-65
-55
-49
-46
-38
-31
-21
-7
6
21
36
49
64
80
105
125
144
158
172
185
197
211
222
237
245
252
259
264
272
275
273
271
265
264
255
245
231
217
194
178
160
141
119
95
67
40
21
0
-18
-33
-49
-67
-79
-97
-105
-115
-125
-135
-144
-152
-160
-162
-166
-166
-165
-169
-173
-174
-175
-175
-170
-170
-171
-167
-169
-168
-164
-156
-152
-148
-146
-140
-133
-130
-122
-110
-104
-93
-82
-77
-63
-54
-43
-32
-18
-9
7
18
28
37
47
59
68
84
94
103
111
109
113
111
111
110
102
98
90
78
68
58
53
43
36
30
16
13
9
10
15
22
22
23
27
30
42
53
70
84
93
100
107
110
117
118
120
115
110
101
90
84
74
65
54
46
37
23
12
-1
-16
-26
-44
-51
-62
-72
-81
-91
-98
-103
-106
-108
-107
-108
-107
-108
-100
-90
-78
-71
-62
-60
-54
-44
-36
-25
-20
-14
-14
-17
-16
-25
-26
-33
-46
-51
-60
-66
-71
-79
-81
-81
-76
-64
-56
-43
-34
-17
-5
13
39
59
76
89
103
112
120
128
129
130
127
121
122
119
115
106
92
78
62
49
31
25
16
-5
-12
-31
-43
-50
-65
-79
-83
-94
-103
-105
-105
-105
-104
-104
-94
-86
-76
-59
-45
-26
-18
0
13
26
46
50
59
67
64
65
65
64
60
57
51
37
35
26
21
19
19
16
15
14
13
16
15
22
27
26
31
35
37
44
47
53
52
51
45
41
40
30
28
23
16
12
1
-8
-16
-26
-32
-41
-48
-59
-69
-80
-88
-95
-102
-105
-113
-113
-116
-114
-112
-106
-103
-93
-86
-71
-62
-51
-36
-27
-7
4
20
26
36
40
46
52
53
56
58
48
41
34
25
21
12
10
4
-3
-5
-12
-12
-9
-12
-11
-15
-16
-15
-12
-7
-6
1
4
13
23
28
40
42
47
53
64
72
80
87
89
94
95
97
104
103
101
99
88
87
74
73
62
59
53
41
39
26
24
16
11
6
-3
-4
-4
-5
-4
-7
-10
-15
-21
-16
-19
-17
-25
-30
-38
-47
-52
-62
-65
-73
-85
-91
-103
-110
-118
-128
-130
-139
-140
-142
-144
-141
-143
-138
-134
-126
-115
-111
-101
-98
-91
-82
-74
-58
-50
-35
-22
-10
4
11
27
35
44
55
62
68
73
79
84
86
89
87
88
87
84
84
82
85
83
78
81
80
81
82
82
89
89
93
96
101
108
106
108
109
112
109
108
107
102
97
89
84
79
72
63
50
38
29
18
11
-1
-6
-15
-26
-27
-41
-43
-48
-56
-57
-62
-65
-70
-73
-75
-80
-84
-91
-99
-100
-107
-107
-110
-113
-113
-118
-113
-112
-112
-115
-117
-120
-122
-121
-122
-122
-121
-126
-123
-122
-120
-120
-121
-116
-116
-107
-97
-85
-73
-65
-52
-36
-22
-7
7
22
36
49
65
72
88
97
112
122
130
138
140
145
145
153
157
159
164
162
161
162
161
164
163
158
156
150
152
147
142
137
132
127
116
111
105
96
88
78
71
65
60
52
43
35
24
11
7
0
-6
-15
-27
-37
-50
-60
-71
-81
-97
-105
-118
-124
-129
-132
-138
-143
-147
-150
-152
-150
-153
-156
-155
-156
-151
-146
-138
-135
-131
-129
-130
-126
-118
-117
-107
-104
-97
-89
-82
-76
-72
-65
-62
-52
-46
-39
-28
-23
-15
-6
3
13
21
26
30
36
42
47
55
61
70
77
81
90
93
99
101
107
110
118
120
121
125
128
127
128
129
126
129
129
133
133
129
126
118
113
105
100
94
87
82
74
69
62
54
48
42
33
24
18
10
4
-4
-9
-12
-17
-28
-31
-40
-47
-52
-55
-58
-65
-68
-77
-85
-89
-96
-99
-103
-107
-111
-115
-114
-116
-116
-118
-119
-116
-117
-113
-107
-103
-99
-96
-94
-87
-81
-72
-67
-60
-60
-54
-47
-44
-37
-34
-28
-23
-15
-9
-4
1
5
8
16
21
27
29
36
44
51
57
63
66
66
67
69
71
75
78
78
78
76
75
73
75
72
71
66
66
63
64
65
66
65
64
63
61
63
62
60
60
59
57
55
54
51
48
49
43
38
33
30
25
22
19
16
16
13
9
7
4
1
-4
-8
-12
-16
-20
-24
-28
-31
-38
-41
-43
-47
-50
-54
-58
-61
-66
-68
-69
-74
-74
-75
-74
-76
-81
-82
-88
-91
-90
-91
-89
-91
-93
-92
-93
-92
-92
-95
-93
-90
-89
-86
-85
-83
-82
-75
-68
-61
-53
-46
-39
-33
-21
-15
-7
1
12
23
29
38
45
51
59
65
70
75
80
88
89
98
100
107
107
107
115
114
116
119
118
120
124
122
122
121
114
108
105
101
98
95
91
86
84
80
78
74
73
68
62
54
47
35
27
21
9
2
-4
-12
-19
-20
-27
-35
-43
-47
-53
-64
-73
-79
-89
-96
-102
-102
-102
-102
-105
-106
-108
-111
-115
-115
-115
-116
-119
-120
-122
-120
-119
-118
-114
-108
-105
-103
-99
-93
-89
-85
-81
-75
-67
-67
-56
-50
-41
-33
-22
-14
-1
8
19
30
40
52
58
70
72
78
81
86
89
95
99
106
114
121
127
129
134
136
138
137
139
133
130
126
121
116
113
113
108
102
102
97
89
81
72
59
47
35
23
14
4
-2
-9
-16
-20
-19
-29
-32
-38
-42
-54
-59
-66
-73
-77
-79
-85
-89
-96
-100
-101
-105
-107
-113
-115
-119
-116
-118
-116
-115
-110
-106
-101
-96
-88
-82
-76
-73
-67
-63
-62
-54
-50
-48
-45
-37
-36
-28
-23
-16
-14
-5
-2
5
14
23
31
37
41
37
40
44
50
56
64
71
75
78
82
86
85
88
87
85
86
84
81
81
78
72
67
66
65
64
66
68
68
67
65
61
56
52
44
40
37
36
31
28
27
21
13
4
-8
-15
-23
-30
-34
-34
-38
-43
-46
-47
-47
-48
-45
-49
-48
-50
-46
-49
-49
-50
-53
-51
-50
-45
-43
-40
-37
-35
-32
-29
-28
-22
-24
-20
-23
-21
-18
-17
-13
-12
-7
-6
-7
-4
-2
0
2
3
7
8
10
11
8
6
5
6
5
9
14
18
19
20
20
19
15
14
12
11
7
6
8
8
7
4
1
-3
-9
-16
-17
-19
-14
-12
-12
-14
-15
-20
-23
-19
-17
-15
-10
-6
-6
-4
-3
1
0
1
0
-4
2
4
6
7
10
8
0
-2
-5
-5
-5
-4
-3
-2
-4
-6
-8
-6
-8
-9
-7
0
7
13
20
22
22
23
24
28
27
27
26
26
26
22
25
22
17
13
12
13
15
18
24
23
22
22
21
18
17
19
19
20
21
24
23
20
17
12
6
5
1
2
1
3
2
0
-7
-12
-12
-13
-15
-15
-15
-16
-12
-9
-8
-12
-16
-20
-21
-21
-22
-25
-27
-35
-42
-45
-48
-50
-51
-49
-50
-46
-40
-35
-29
-28
-24
-25
-21
-14
-9
-1
0
-2
2
4
7
7
10
12
8
10
7
4
3
4
6
9
11
17
18
21
22
23
28
37
41
44
48
43
43
40
36
31
30
27
25
26
26
26
25
23
18
19
17
18
19
20
19
20
18
17
13
8
5
1
1
-1
-4
-11
-17
-22
-31
-37
-44
-45
-46
-51
-50
-51
-51
-54
-52
-51
-52
-54
-53
-53
-53
-49
-46
-44
-47
-48
-51
-50
-51
-48
-47
-46
-42
-40
-33
-32
-29
-26
-22
-19
-14
-7
-2
4
10
17
25
30
33
39
44
50
56
63
69
73
78
79
82
82
84
86
88
90
90
95
92
92
89
83
81
77
75
73
71
68
64
58
54
51
45
40
34
29
23
17
10
5
0
-8
-17
-21
-29
-33
-37
-44
-50
-58
-63
-72
-77
-83
-86
-89
-91
-91
-92
-89
-89
-91
-92
-93
-93
-93
-91
-89
-92
-90
-89
-87
-85
-83
-80
-80
-74
-72
-62
-53
-45
-38
-33
-29
-22
-16
-8
0
5
11
16
23
31
36
39
44
48
53
58
62
66
68
68
71
73
74
75
78
80
81
86
91
93
97
95
96
95
95
94
94
92
86
83
75
72
64
60
55
51
45
42
38
30
23
15
8
1
-3
-8
-10
-15
-18
-24
-28
-35
-44
-50
-58
-60
-66
-70
-73
-76
-80
-84
-87
-88
-88
-89
-88
-89
-90
-93
-93
-92
-89
-85
-83
-82
-78
-76
-73
-68
-64
-61
-57
-50
-42
-36
-31
-26
-23
-20
-14
-8
2
8
14
20
25
33
35
41
46
47
50
56
62
67
68
70
69
71
71
77
77
78
80
79
77
75
76
72
67
64
61
59
57
54
54
48
45
41
39
35
31
29
25
23
20
16
14
13
12
6
5
2
0
-1
-5
-7
-11
-13
-20
-21
-24
-28
-29
-32
-33
-35
-36
-39
-37
-37
-38
-42
-41
-40
-43
-42
-43
-47
-46
-47
-49
-51
-53
-53
-56
-53
-51
-50
-48
-50
-51
-46
-48
-48
-43
-39
-36
-34
-31
-26
-27
-24
-24
-24
-18
-18
-14
-10
-4
-3
-1
1
6
6
11
15
19
25
28
31
35
37
39
42
41
44
42
43
42
43
45
43
44
45
41
42
42
42
41
41
38
36
34
32
31
29
26
25
23
21
21
23
21
19
16
12
9
7
5
3
1
-1
-2
0
4
0
2
0
1
2
0
2
3
2
-1
-1
0
-3
-6
-6
-9
-10
-11
-13
-13
-10
-13
-15
-16
-17
-19
-22
-24
-24
-26
-27
-29
-32
-34
-34
-33
-32
-34
-35
-36
-37
-37
-35
-34
-30
-29
-29
-26
-25
-20
-21
-19
-15
-14
-11
-7
-4
-3
-3
-2
-2
0
2
3
5
5
6
8
14
18
21
24
24
24
25
24
28
28
29
28
27
27
27
26
26
25
24
26
23
22
21
21
18
16
15
12
10
11
9
9
6
3
4
2
4
2
1
0
-2
-4
-5
-5
-5
-9
-10
-13
-13
-11
-13
-9
-9
-9
-12
-11
-10
-6
-7
-7
-9
-8
-7
-9
-7
-5
-7
-8
-9
-7
-7
-9
-11
-13
-13
-13
-13
-13
-13
-16
-15
-16
-16
-15
-16
-15
-15
-15
-13
-14
-10
-10
-10
-8
-8
-7
-5
-2
-4
0
4
5
8
10
10
10
10
11
14
13
16
18
18
20
20
18
17
15
15
17
18
21
20
20
19
19
18
17
17
17
16
16
16
17
16
14
13
9
11
9
10
9
8
4
4
1
1
2
-5
-5
-8
-4
-6
-5
-3
-8
-7
-11
-11
-15
-14
-16
-15
-16
-17
-15
-13
-11
-11
-11
-10
-11
-12
-9
-9
-6
-10
-7
-8
-6
-5
-9
-12
-15
-16
-17
-20
-16
-17
-17
-17
-19
-17
-20
-18
-17
-15
-14
-10
-7
-7
-6
-9
-7
-6
-6
-5
-1
3
2
5
5
7
6
5
7
8
10
12
13
13
13
16
14
15
15
13
13
13
14
17
18
19
17
18
17
19
19
19
18
18
15
14
12
10
11
8
9
6
8
6
8
6
4
3
1
2
1
3
4
5
2
2
0
0
0
1
-2
-1
-3
-3
-3
-6
-4
-7
-5
-7
-8
-8
-7
-7
-10
-10
-9
-9
-9
-8
-7
-8
-7
-8
-9
-6
-5
-5
-6
-7
-9
-8
-9
-8
-11
-11
-10
-11
-13
-14
-12
-15
-15
-14
-12
-8
-7
-5
-3
-3
-1
-2
-1
0
-1
1
2
4
3
2
3
3
3
1
3
1
3
1
3
5
3
3
1
2
4
4
4
5
5
4
5
6
8
9
9
8
9
13
12
13
12
11
8
7
10
12
11
12
10
11
11
11
10
10
10
8
9
9
9
8
5
5
4
5
3
4
2
0
-1
0
-1
0
0
0
0
1
0
0
-1
-2
-5
-6
-8
-10
-9
-12
-11
-11
-14
-14
-14
-15
-17
-17
-19
-19
-17
-17
-18
-18
-16
-16
-14
-12
-13
-14
-15
-14
-13
-12
-11
-11
-9
-10
-9
-8
-7
-6
-6
-6
-4
-3
-1
-1
2
2
1
4
5
5
6
5
6
7
9
11
13
13
15
18
18
17
16
15
17
16
17
18
20
20
20
22
22
23
22
20
20
19
19
19
19
19
17
18
18
16
15
14
12
8
7
7
6
4
1
-2
-3
-4
-4
-6
-8
-11
-14
-15
-16
-17
-18
-20
-21
-23
-24
-23
-23
-23
-25
-27
-27
-28
-27
-25
-26
-26
-26
-25
-22
-21
-19
-20
-21
-21
-19
-18
-15
-13
-12
-10
-9
-9
-7
-5
-4
-2
0
2
3
6
9
12
14
16
16
18
20
22
22
24
26
28
30
30
30
31
31
30
30
27
25
24
24
21
19
18
17
15
12
10
9
7
7
4
5
4
4
3
2
2
1
-1
-1
-2
-1
-1
-1
-2
-3
-5
-7
-9
-10
-12
-14
-18
-19
-21
-24
-26
-26
-26
-28
-28
-28
-29
-29
-28
-29
-28
-28
-27
-27
-27
-24
-22
-22
-19
-19
-18
-16
-15
-14
-13
-10
-11
-9
-8
-6
-4
-1
3
5
7
8
10
13
14
15
17
18
20
21
24
25
26
27
28
31
32
33
33
33
33
35
34
35
34
34
32
31
30
28
27
26
25
24
22
20
18
16
13
11
7
6
2
0
-2
-5
-6
-8
-10
-13
-14
-16
-18
-19
-21
-24
-24
-24
-26
-25
-26
-27
-28
-28
-28
-28
-28
-29
-29
-28
-28
-29
-29
-28
-27
-27
-27
-27
-24
-24
-23
