8
0
-3
-2
8
14
10
10
16
20
12
3
4
7
7
1
-2
-6
-5
5
14
27
32
29
23
18
8
-5
-13
-11
-7
-1
2
3
4
6
2
-1
-4
-11
-12
-15
-20
-19
-14
-12
-13
-18
-13
-1
2
9
15
10
3
-2
-2
1
1
0
6
5
0
4
1
-8
-8
-5
1
3
2
1
0
0
7
12
17
15
10
6
1
-2
-13
-27
-33
-36
-36
-29
-14
1
9
6
3
7
9
5
-5
-23
-17
-1
6
6
9
14
24
28
18
11
-1
-6
-10
-14
-14
-6
3
11
17
13
9
17
16
0
-10
-2
9
10
10
14
15
6
1
9
9
6
4
-4
-21
-31
-30
-25
-17
0
18
19
14
27
36
21
-3
-23
-30
-31
-31
-34
-27
-9
0
-3
-7
-2
6
0
-11
-9
-2
1
2
-9
-18
-5
14
14
2
-2
3
2
-15
-14
9
21
15
5
9
22
20
-4
-11
-9
-3
3
-3
-5
2
9
5
1
-1
9
21
23
32
40
31
10
-17
-30
-13
-3
-13
-21
-7
10
16
9
9
16
4
-11
-16
-12
-6
-1
-8
-12
-5
3
11
15
19
20
15
9
7
4
-5
-5
-9
-22
-25
-19
-21
-28
-31
-20
-9
-7
5
29
35
22
14
9
8
14
21
20
9
-6
-16
-19
-23
-12
-8
-22
-19
-5
10
24
25
13
-9
-19
-10
16
27
24
11
-2
6
11
-12
-36
-16
6
0
-19
-18
-2
-9
-24
-38
-40
-36
-13
8
6
13
20
14
5
9
20
30
31
25
21
8
-13
-24
-28
-28
-31
-45
-35
-2
21
17
-4
-11
9
6
-12
7
37
30
8
-7
-12
-11
-6
-6
-10
1
18
31
16
1
-9
-28
-42
-43
-21
6
15
5
-2
7
8
2
-1
6
24
30
26
24
42
47
25
-6
-20
-5
1
2
11
7
11
12
-8
-25
-17
4
10
14
19
26
12
0
12
14
-4
-12
-15
-11
-8
-4
8
14
15
6
-12
-18
-9
-12
-37
-55
-54
-36
-14
-7
2
23
37
30
13
-3
-5
2
-12
-16
-2
29
42
10
-11
1
-1
-44
-67
-40
-6
29
32
20
21
28
18
-7
-5
0
-13
-27
-3
32
38
15
-27
-54
-50
-18
23
55
65
52
35
-17
-63
-25
1
-41
-66
-30
8
37
50
26
-10
-16
-19
-52
-48
6
38
22
9
11
6
-5
7
-14
-35
0
4
-2
26
49
21
-26
-37
-19
-6
2
-2
-30
-29
-24
-35
-19
8
15
-2
-5
-1
-9
10
47
40
30
18
17
35
18
-1
-16
-23
-30
-30
-21
5
33
39
36
11
-20
-44
-49
-43
-37
-22
31
84
81
36
9
8
-2
-18
-29
-17
9
25
16
7
-3
-15
-36
-68
-68
-37
-2
41
63
38
15
13
-9
-15
5
20
23
26
29
30
15
-17
-36
-43
-30
-29
-36
13
97
115
46
-26
-20
9
-29
-65
-50
-28
-23
-15
-15
21
81
70
-14
-30
48
46
-15
-22
8
15
9
-11
-34
-17
-2
-44
-86
-43
32
43
18
4
-16
4
31
7
-6
6
-4
-41
-65
-61
-15
12
-10
-32
-17
37
49
31
36
56
35
-10
-46
-26
39
20
-54
-57
7
29
-12
-52
-30
3
4
1
13
67
73
-5
-47
-20
-8
-10
5
15
-3
-34
-23
0
17
43
35
-10
-1
21
14
1
-1
-1
-25
-44
-42
-24
5
59
56
13
-1
9
-1
-19
11
20
6
7
8
-8
4
32
-12
-61
-52
-17
-13
-36
-20
10
4
-19
-37
-8
55
69
8
-44
-19
19
-3
-44
-12
67
62
-3
-6
15
27
33
13
-15
-14
-4
-6
-9
8
36
11
-20
-41
-11
59
86
56
27
44
47
0
-70
-91
-22
60
40
-24
-11
46
51
-27
-100
-90
-15
4
-43
-54
20
94
55
-34
-56
-3
20
-20
-66
-17
71
84
54
3
-9
-4
-51
-110
-56
97
133
22
-75
-29
44
10
-83
-99
-20
24
-29
-86
-18
122
126
-37
-192
-161
-26
19
-15
-13
97
152
75
-40
-43
22
-15
-118
-145
-26
84
97
48
32
74
58
-49
-101
-27
49
4
-63
-21
95
120
38
-63
-82
10
54
16
-11
56
117
47
-60
-73
8
50
2
-46
-11
77
108
74
40
28
9
-70
-124
-121
-81
-11
26
42
37
38
34
11
-19
-22
-12
-48
-60
-18
57
87
35
-32
-66
-54
-63
-83
-49
-1
32
38
17
9
0
-10
-19
-71
-114
-70
37
107
80
28
18
25
7
-24
-28
17
74
80
21
-17
11
4
-29
-56
-65
-34
-13
4
19
60
74
36
-2
-21
10
7
-23
-7
63
113
53
-19
-7
67
81
35
11
-2
11
-27
-84
-113
-46
49
14
-45
-20
93
111
-6
-92
-90
-45
-32
-15
2
5
-15
-41
-22
7
20
-72
-155
-141
-31
103
106
46
13
13
-19
-111
-100
20
63
22
-74
-101
-41
37
29
-70
-95
-73
-37
-20
44
126
103
23
-28
-13
-26
-32
-35
2
89
146
132
37
65
129
92
-57
-105
12
100
81
13
16
43
53
-14
-63
-48
-44
-71
-82
-60
-10
80
106
71
22
36
72
11
-32
27
49
14
-9
30
68
-20
-130
-153
-132
-73
-10
24
51
82
55
-50
-141
-128
-68
-53
-55
-53
4
95
117
35
-18
-14
-25
-81
-116
-51
19
69
108
93
1
-65
-89
-84
-3
31
8
-25
11
70
3
-54
-4
73
57
24
50
114
164
124
42
-30
-69
-53
-47
-60
-26
20
33
21
21
73
84
-13
-77
-32
106
101
9
65
105
57
-24
-31
7
-6
-29
-96
-159
-142
-45
-10
-94
-69
56
88
21
-46
37
103
-6
-133
-161
-63
30
13
-5
19
-20
-115
-155
-96
-60
-22
-14
-41
-56
43
136
7
-164
-133
32
67
35
59
162
187
123
-32
-142
-98
-23
-35
-56
43
164
159
53
41
-6
-106
-194
-134
-43
57
161
167
198
232
218
68
-69
-41
38
20
-18
6
24
99
7
-146
-154
-136
-84
-83
51
134
34
-25
-45
-47
-52
8
121
105
-3
10
67
27
-23
-6
2
-50
-75
19
69
6
-65
-42
52
-43
-156
-225
-145
-20
-20
9
31
48
-52
-101
-82
-92
-44
59
133
104
93
135
65
-24
-17
11
-51
-83
42
91
25
-8
31
15
16
-5
-44
-50
-10
31
26
38
28
-25
-80
-41
18
64
68
101
97
55
11
0
-29
-96
-63
3
5
-19
4
40
100
99
72
-2
-68
-71
-79
-17
-10
-48
-98
-64
67
52
28
6
-1
-38
-100
-99
-86
-48
-28
1
10
79
85
11
3
-30
-36
-80
-92
-96
-107
-26
1
17
32
113
154
48
-25
-27
-4
47
0
-73
-131
-135
-18
29
59
123
124
77
50
26
6
-71
-134
-142
-121
-23
88
127
181
262
266
153
-24
-97
-109
-89
-68
-63
0
54
75
-2
-67
-27
-32
-48
-38
19
66
30
-17
-60
-61
0
33
-11
-25
48
161
203
118
13
-60
-104
-116
-133
-90
-15
29
34
33
58
12
-49
-102
-85
-22
10
56
27
-32
-26
-36
-59
-28
33
95
98
78
79
70
52
-2
-66
-102
-67
-48
-49
-31
-15
5
0
15
8
6
43
38
-22
-55
-11
37
12
-24
-26
19
52
77
49
18
19
-20
-79
-117
-68
-21
-8
-15
2
44
29
4
-59
-113
-87
-40
-31
-43
-24
23
42
29
53
61
51
36
10
25
55
81
71
33
33
29
-19
-66
-116
-88
-42
-15
-6
-32
-14
10
0
-14
29
66
80
54
37
38
21
6
-45
-57
-33
9
22
34
65
97
115
62
-9
-61
-84
-124
-173
-178
-114
-59
-36
-28
-8
37
64
72
50
13
-2
-20
-51
-77
-63
-13
29
66
107
143
153
125
92
77
46
18
-37
-94
-110
-100
-82
-74
-62
-42
24
86
115
119
95
67
25
-17
-41
-54
-71
-91
-84
-30
45
77
74
58
60
62
20
-14
-41
-57
-66
-84
-85
-63
-16
38
68
69
89
104
88
40
-16
-52
-57
-62
-75
-65
-41
-16
-7
-9
5
21
13
-2
-18
-10
14
23
23
33
56
65
59
40
44
50
41
43
38
33
15
-12
-35
-46
-34
-33
-49
-68
-68
-57
-37
-44
-66
-76
-78
-73
-100
-114
-110
-95
-80
-69
-37
11
61
92
93
96
106
105
86
43
12
-19
-52
-70
-71
-63
-60
-48
-38
-32
-27
-21
-30
-51
-58
-55
-56
-55
-22
41
117
178
229
281
316
335
320
283
251
209
155
89
31
13
1
-13
-26
-24
-2
15
-7
-36
-51
-66
-97
-159
-216
-255
-267
-280
-287
-259
-198
-138
-120
-128
-127
-122
-136
-170
-204
-214
-221
-232
-243
-227
-176
-137
-130
-136
-116
-79
-71
-103
-146
-177
-188
-197
-214
-213
-174
-125
-88
-32
51
155
247
358
526
723
927
1093
1237
1373
1462
1482
1395
1246
1078
887
688
490
329
185
46
-88
-227
-356
-474
-602
-743
-891
-1022
-1136
-1210
-1222
-1148
-992
-786
-530
-257
6
223
380
459
452
384
257
115
-15
-136
-231
-302
-335
-357
-405
-483
-607
-754
-910
-1062
-1217
-1357
-1442
-1476
-1451
-1373
-1225
-1011
-772
-528
-287
-51
158
333
517
755
1045
1306
1536
1861
2216
2469
2572
2586
2591
2479
2211
1840
1433
1067
691
320
-13
-292
-469
-630
-800
-965
-1079
-1109
-1171
-1274
-1354
-1289
-1070
-821
-554
-195
274
712
1077
1383
1634
1789
1785
1648
1362
1013
682
323
-102
-561
-912
-1170
-1421
-1659
-1845
-1955
-2049
-2148
-2213
-2217
-2172
-2126
-2055
-1906
-1665
-1373
-1060
-715
-370
-10
357
652
840
948
1016
994
834
614
427
250
39
-187
-289
-234
-93
106
335
658
1109
1529
1800
1917
1983
2033
1956
1729
1438
1200
1014
792
548
415
389
368
240
45
-100
-212
-347
-578
-828
-1003
-1077
-1075
-1021
-838
-485
-45
358
722
1124
1508
1735
1725
1567
1395
1171
818
376
-38
-372
-678
-960
-1163
-1220
-1194
-1207
-1302
-1411
-1458
-1492
-1613
-1851
-2048
-2061
-1948
-1784
-1545
-1138
-594
-69
371
740
1069
1291
1301
1114
803
455
91
-295
-680
-1008
-1199
-1262
-1258
-1225
-1172
-1105
-1087
-1139
-1216
-1266
-1280
-1206
-966
-561
-23
640
1499
2508
3409
4049
4480
4813
4972
4775
4290
3665
2990
2259
1467
756
175
-274
-681
-1116
-1527
-1863
-2108
-2374
-2717
-3035
-3219
-3251
-3168
-2925
-2446
-1754
-971
-179
676
1582
2401
2980
3302
3433
3394
3192
2804
2256
1644
1039
464
-86
-577
-930
-1202
-1516
-1880
-2160
-2321
-2505
-2796
-3096
-3244
-3220
-3100
-2893
-2534
-1988
-1315
-594
113
779
1369
1825
2080
2090
1929
1686
1359
912
410
3
-265
-477
-656
-763
-786
-779
-815
-895
-1011
-1133
-1243
-1368
-1403
-1233
-848
-347
131
721
1596
2561
3287
3636
3866
4131
4161
3827
3258
2703
2154
1441
692
96
-293
-605
-1031
-1510
-1909
-2120
-2206
-2394
-2668
-2846
-2801
-2592
-2331
-1945
-1331
-583
84
691
1398
2184
2812
3097
3134
3089
3006
2812
2410
1859
1273
754
286
-237
-727
-1077
-1367
-1741
-2172
-2441
-2500
-2576
-2796
-3014
-3010
-2805
-2560
-2318
-1987
-1503
-910
-303
244
729
1185
1557
1730
1665
1483
1303
1039
591
59
-326
-544
-756
-983
-1108
-1057
-943
-908
-913
-882
-798
-772
-843
-834
-603
-178
239
568
1091
1939
2813
3327
3491
3675
3873
3735
3181
2483
1909
1300
509
-236
-730
-990
-1235
-1554
-1828
-1967
-1942
-1893
-1962
-2108
-2157
-1987
-1724
-1478
-1113
-508
193
790
1348
2041
2766
3230
3348
3295
3208
3025
2663
2136
1526
940
426
-81
-639
-1147
-1508
-1811
-2212
-2633
-2847
-2885
-2995
-3226
-3329
-3134
-2801
-2513
-2213
-1767
-1175
-516
144
728
1203
1608
1936
2089
1996
1779
1529
1134
519
-120
-547
-848
-1208
-1564
-1709
-1625
-1508
-1431
-1305
-1110
-938
-845
-741
-526
-205
151
451
795
1398
2193
2844
3137
3314
3625
3812
3591
3084
2608
2147
1454
670
79
-317
-726
-1236
-1666
-1925
-2063
-2109
-2115
-2145
-2178
-2056
-1725
-1363
-1050
-617
-9
578
1064
1626
2323
2866
3062
3098
3172
3170
2911
2469
1981
1444
870
314
-226
-809
-1408
-1910
-2347
-2806
-3188
-3372
-3460
-3630
-3762
-3579
-3167
-2809
-2530
-2099
-1457
-798
-192
388
893
1247
1488
1685
1749
1614
1377
1088
678
187
-179
-381
-622
-967
-1222
-1215
-1109
-1093
-1112
-1027
-857
-759
-702
-496
-93
363
719
1145
1889
2762
3360
3548
3661
3893
3886
3416
2721
2105
1505
718
-42
-532
-852
-1201
-1596
-1851
-1950
-1949
-1871
-1808
-1818
-1827
-1635
-1244
-854
-483
30
697
1316
1843
2442
3076
3450
3437
3255
3060
2726
2146
1415
660
-78
-750
-1293
-1760
-2235
-2644
-2868
-2978
-3122
-3220
-3147
-3039
-3079
-3114
-2841
-2368
-2023
-1788
-1380
-718
-27
585
1165
1640
1933
2092
2164
2046
1685
1231
734
98
-611
-1133
-1392
-1638
-1980
-2151
-1951
-1579
-1324
-1174
-930
-583
-306
-148
74
477
945
1296
1658
2381
3340
4008
4156
4171
4423
4487
3977
3142
2398
1714
778
-129
-688
-1058
-1497
-2011
-2281
-2351
-2352
-2279
-2216
-2223
-2292
-2111
-1640
-1195
-854
-396
322
997
1505
2088
2755
3137
3029
2797
2679
2421
1830
1107
448
-221
-861
-1312
-1642
-2093
-2570
-2782
-2784
-2850
-2986
-2886
-2642
-2583
-2571
-2213
-1549
-1099
-913
-553
99
747
1205
1638
1989
2068
2019
2040
1958
1509
894
365
-211
-944
-1561
-1832
-2075
-2505
-2788
-2584
-2108
-1802
-1586
-1213
-706
-280
39
455
959
1427
1818
2242
2945
3792
4418
4610
4523
4552
4546
4107
3238
2276
1424
473
-475
-1140
-1622
-2112
-2700
-3063
-3118
-3079
-2999
-2925
-2825
-2766
-2557
-2004
-1375
-875
-399
324
1171
1891
2564
3264
3776
3810
3603
3474
3265
2693
1845
1069
339
-376
-944
-1371
-1840
-2393
-2735
-2801
-2842
-3018
-3093
-2935
-2850
-2862
-2624
-2021
-1524
-1347
-1027
-318
494
1023
1473
1937
2148
2161
2194
2254
1892
1169
564
58
-548
-1226
-1618
-1860
-2270
-2610
-2547
-2087
-1802
-1783
-1637
-1250
-819
-576
-225
315
844
1243
1790
2860
3881
4399
4533
4705
4961
4726
4123
3365
2506
1486
356
-341
-860
-1489
-2170
-2704
-2897
-3088
-3145
-3055
-3054
-3170
-3237
-2861
-2285
-1833
-1399
-733
145
935
1780
2779
3633
3994
4031
4115
4116
3794
3100
2335
1537
667
-45
-585
-1088
-1759
-2317
-2568
-2710
-2857
-3014
-2977
-2974
-3084
-3007
-2602
-2053
-1840
-1635
-1042
-210
502
1016
1688
2180
2348
2435
2566
2532
1923
1196
602
-58
-831
-1517
-1872
-2307
-2795
-2942
-2647
-2202
-2058
-1922
-1595
-1153
-783
-485
-26
431
802
1200
2060
3202
3923
4203
4395
4811
4936
4496
3867
3093
2171
954
-70
-665
-1287
-2000
-2752
-3133
-3259
-3326
-3187
-3071
-3033
-3081
-2852
-2245
-1693
-1254
-727
85
924
1703
2668
3676
4331
4478
4548
4655
4501
3898
3001
2096
1119
192
-579
-1245
-1951
-2677
-3114
-3315
-3427
-3549
-3563
-3461
-3485
-3428
-3049
-2384
-1908
-1708
-1229
-357
589
1235
1837
2485
2849
3005
3101
3154
2745
1930
1173
420
-434
-1339
-1970
-2470
-3094
-3516
-3471
-3040
-2782
-2745
-2533
-2071
-1545
-1174
-735
-181
358
854
1648
2919
3999
4536
4790
5276
5725
5497
4891
4145
3253
1991
649
-158
-857
-1705
-2669
-3313
-3495
-3644
-3617
-3507
-3428
-3453
-3382
-2837
-2197
-1701
-1235
-503
454
1328
2326
3443
4359
4746
4896
5147
5164
4702
3822
2865
1835
739
-170
-934
-1722
-2568
-3129
-3320
-3416
-3538
-3598
-3483
-3451
-3481
-3243
-2687
-2177
-2023
-1729
-967
-7
745
1324
2013
2529
2812
3041
3220
3021
2300
1571
909
91
-878
-1672
-2218
-2894
-3483
-3605
-3243
-2896
-2837
-2611
-2094
-1454
-973
-535
13
480
931
1577
2680
3758
4322
4627
5029
5559
5558
5047
4375
3472
2330
958
-39
-785
-1705
-2675
-3509
-3818
-3923
-3918
-3772
-3682
-3541
-3355
-2845
-2177
-1654
-1145
-541
283
1110
2006
3042
3922
4457
4709
5039
5242
4957
4212
3269
2305
1225
186
-727
-1625
-2546
-3284
-3628
-3764
-3859
-3935
-3865
-3717
-3602
-3330
-2836
-2275
-1943
-1636
-973
-62
772
1363
1974
2553
2932
3196
3355
3269
2679
1938
1298
550
-383
-1338
-2011
-2659
-3295
-3564
-3402
-3047
-2919
-2736
-2236
-1569
-966
-556
-67
450
941
1507
2328
3370
4078
4433
4732
5200
5498
5161
4495
3638
2644
1457
265
-614
-1539
-2530
-3446
-3999
-4154
-4242
-4178
-4057
-3874
-3604
-3171
-2467
-1809
-1245
-626
215
1189
2077
3032
3996
4743
5149
5391
5600
5448
4787
3813
2787
1689
504
-602
-1584
-2534
-3410
-3950
-4177
-4307
-4438
-4454
-4258
-4044
-3802
-3418
-2854
-2299
-1858
-1222
-328
629
1413
2126
2896
3466
3824
4012
4024
3653
2889
2159
1410
455
-683
-1671
-2397
-3117
-3664
-3867
-3737
-3587
-3515
-3162
-2554
-1886
-1398
-956
-349
315
1041
1881
2945
3938
4585
5077
5595
6069
6013
5444
4658
3676
2538
1248
139
-894
-2043
-3109
-3936
-4340
-4588
-4737
-4714
-4615
-4399
-4075
-3490
-2789
-2166
-1499
-669
375
1399
2430
3541
4541
5258
5686
6026
6119
5730
4947
3997
2954
1750
533
-582
-1639
-2665
-3485
-3969
-4295
-4563
-4723
-4668
-4509
-4355
-4063
-3584
-3030
-2545
-1953
-1090
-124
757
1553
2441
3244
3774
4104
4265
4163
3628
2921
2210
1319
216
-906
-1790
-2579
-3299
-3740
-3863
-3827
-3841
-3663
-3173
-2585
-2081
-1650
-1049
-354
370
1208
2273
3413
4241
4847
5455
6081
6318
5936
5280
4438
3427
2201
987
-32
-1157
-2298
-3307
-3969
-4346
-4653
-4778
-4815
-4737
-4525
-4092
-3426
-2804
-2166
-1377
-341
774
1815
2973
4130
5065
5659
6067
6371
6257
5653
4769
3784
2658
1415
230
-883
-1983
-2963
-3641
-4128
-4563
-4868
-4927
-4827
-4761
-4608
-4201
-3626
-3121
-2631
-1848
-837
142
963
1853
2837
3578
4032
4291
4371
4061
3437
2784
1990
938
-222
-1172
-1999
-2864
-3490
-3752
-3801
-3926
-3938
-3545
-2983
-2478
-2092
-1563
-873
-161
636
1646
2848
3823
4500
5145
5894
6444
6297
5743
5035
4158
3052
1777
723
-389
-1599
-2699
-3567
-4064
-4474
-4709
-4827
-4870
-4728
-4465
-3923
-3322
-2732
-2027
-1149
-22
1062
2198
3448
4571
5384
5887
6349
6525
6128
5356
4468
3442
2162
912
-180
-1299
-2419
-3264
-3791
-4281
-4746
-4963
-4921
-4880
-4880
-4684
-4215
-3683
-3252
-2648
-1708
-640
292
1155
2220
3232
3911
4308
4562
4537
4065
3488
2851
1915
720
-357
-1151
-2047
-2901
-3348
-3472
-3585
-3768
-3593
-3093
-2611
-2243
-1873
-1324
-689
3
755
1765
2939
3853
4476
5041
5862
6358
6036
5346
4559
3749
2583
1284
258
-856
-1984
-3069
-3842
-4253
-4616
-4821
-4971
-4949
-4769
-4471
-3888
-3270
-2655
-1965
-980
234
1292
2415
3708
4881
5578
5982
6472
6633
6121
5268
4418
3390
2096
891
-142
-1272
-2425
-3215
-3739
-4293
-4790
-4970
-4903
-4916
-4924
-4662
-4086
-3509
-3073
-2394
-1368
-250
634
1495
2579
3504
4079
4403
4610
4450
3878
3323
2652
1605
351
-610
-1368
-2359
-3211
-3589
-3687
-3934
-4142
-3847
-3325
-2894
-2607
-2165
-1512
-829
-90
692
1819
3039
3959
4614
5222
6073
6445
6043
5351
4579
3807
2635
1398
376
-739
-1794
-2807
-3512
-3956
-4333
-4574
-4785
-4803
-4678
-4363
-3829
-3279
-2680
-1903
-779
418
1463
2643
3997
5117
5703
6127
6567
6570
5907
5034
4199
3085
1807
658
-354
-1476
-2567
-3249
-3777
-4339
-4812
-4988
-4970
-5059
-5066
-4799
-4234
-3696
-3238
-2475
-1398
-232
698
1646
2741
3602
4177
4518
4691
4408
3804
3270
2517
1381
142
-720
-1494
-2524
-3298
-3587
-3647
-3918
-4091
-3760
-3254
-2824
-2566
-2166
-1548
-839
-45
688
1772
3090
4171
4868
5391
6277
6810
6426
5558
4680
4019
2901
1472
316
-740
-1717
-2785
-3580
-4000
-4363
-4622
-4862
-4909
-4809
-4519
-3946
-3423
-2914
-2140
-898
395
1379
2510
3943
5167
5743
6079
6543
6643
6003
5045
4210
3235
2043
826
-307
-1388
-2423
-3163
-3799
-4451
-4944
-5172
-5195
-5323
-5366
-5039
-4431
-3898
-3514
-2723
-1490
-313
532
1456
2663
3560
4040
4397
4670
4483
3889
3368
2680
1604
402
-463
-1252
-2340
-3148
-3427
-3517
-3867
-4114
-3735
-3217
-2888
-2727
-2295
-1558
-872
-146
599
1767
3159
4252
4995
5508
6360
6942
6603
5730
4802
4203
3179
1710
503
-463
-1272
-2341
-3221
-3652
-3958
-4208
-4563
-4687
-4664
-4442
-3943
-3533
-3080
-2361
-1138
142
1071
2165
3589
4883
5446
5656
6071
6235
5659
4609
3727
2848
1742
563
-554
-1512
-2444
-3183
-3771
-4349
-4824
-5124
-5188
-5296
-5393
-5151
-4575
-4020
-3671
-2975
-1751
-499
407
1319
2573
3566
4070
4450
4817
4722
4113
3555
2925
1927
746
-164
-919
-1927
-2763
-3109
-3193
-3455
-3710
-3443
-2980
-2652
-2480
-2133
-1530
-939
-253
443
1468
2789
3924
4766
5297
6064
6771
6675
5912
4948
4332
3490
2055
760
-193
-971
-2035
-3044
-3535
-3823
-4146
-4596
-4780
-4744
-4621
-4256
-3859
-3443
-2857
-1774
-494
435
1406
2751
4162
4898
5079
5460
5833
5543
4558
3665
2986
2061
926
-224
-1135
-1932
-2688
-3329
-3953
-4420
-4728
-4867
-4962
-5122
-4972
-4442
-3899
-3555
-3001
-1851
-569
329
1121
2247
3374
3997
4322
4676
4714
4259
3699
3090
2185
1072
184
-573
-1550
-2435
-2832
-2886
-3106
-3427
-3300
-2816
-2455
-2346
-2095
-1586
-1047
-467
171
1033
2213
3444
4405
4988
5580
6343
6662
6097
5031
4229
3604
2426
912
-228
-971
-1807
-2861
-3616
-3906
-4096
-4455
-4768
-4775
-4635
-4371
-3964
-3538
-3048
-2160
-845
283
1114
2215
3694
4824
5112
5193
5545
5608
4859
3789
3027
2267
1227
81
-916
-1704
-2416
-3039
-3638
-4210
-4611
-4754
-4736
-4866
-4953
-4558
-3849
-3340
-2997
-2155
-792
364
1086
1900
3041
3951
4330
4559
4701
4417
3850
3259
2473
1381
339
-410
-1245
-2261
-2938
-3055
-3081
-3412
-3564
-3113
-2537
-2322
-2233
-1803
-1176
-651
-92
600
1532
2711
3869
4749
5220
5727
6430
6509
5628
4447
3735
3079
1645
59
-942
-1537
-2360
-3449
-4040
-4138
-4243
-4566
-4764
-4566
-4281
-3912
-3447
-2969
-2324
-1296
36
1044
1745
2836
4284
5178
5147
5082
5417
5342
4385
3258
2550
1841
760
-440
-1399
-2105
-2716
-3323
-3976
-4550
-4813
-4743
-4715
-4893
-4847
-4222
-3390
-2923
-2519
-1495
-46
1001
1546
2344
3491
4313
4541
4584
4596
4276
3701
2985
2054
964
-18
-783
-1691
-2690
-3198
-3189
-3269
-3622
-3607
-2970
-2371
-2250
-2144
-1598
-908
-435
6
701
1547
2582
3786
4698
5114
5449
6100
6318
5433
4251
3507
2875
1487
-217
-1108
-1577
-2381
-3494
-4097
-4052
-4090
-4296
-4394
-4161
-3810
-3458
-2920
-2402
-1846
-961
241
1272
1840
2721
4058
4909
4916
4743
4990
5009
4167
3061
2292
1626
626
-548
-1484
-2265
-2934
-3495
-4082
-4609
-4868
-4716
-4557
-4634
-4503
-3877
-2978
-2437
-2081
-1144
165
1148
1654
2336
3364
4104
4361
4400
4403
4119
3513
2840
1983
930
-75
-895
-1759
-2715
-3251
-3316
-3418
-3677
-3643
-3070
-2474
-2271
-2089
-1511
-797
-329
56
667
1427
2375
3497
4398
4849
5105
5638
5995
5398
4309
3486
2828
1584
-30
-924
-1373
-2177
-3260
-3894
-3866
-3825
-3988
-4060
-3850
-3518
-3165
-2634
-2076
-1611
-897
206
1191
1723
2346
3510
4470
4530
4293
4464
4647
3985
2836
2116
1574
693
-453
-1419
-2118
-2799
-3336
-3814
-4268
-4520
-4424
-4122
-4059
-3956
-3373
-2487
-1881
-1656
-990
244
1276
1720
2098
2960
3766
4011
3991
3994
3756
3092
2369
1676
758
-288
-1152
-1878
-2674
-3281
-3380
-3302
-3477
-3576
-3111
-2315
-1882
-1777
-1322
-522
86
339
725
1474
2172
2896
3765
4500
4808
4861
5177
5207
4433
3372
2499
1654
280
-1052
-1637
-2086
-2909
-3783
-3929
-3583
-3476
-3501
-3307
-2802
-2378
-2043
-1509
-949
-468
88
869
1579
2009
2607
3459
3956
3849
3724
3862
3693
2837
1861
1283
673
-329
-1433
-2177
-2643
-3156
-3597
-3826
-3839
-3751
-3535
-3232
-2976
-2583
-2020
-1460
-1170
-882
-129
798
1381
1612
2087
2842
3274
3297
3229
3175
2735
1952
1271
656
-90
-995
-1761
-2326
-2762
-2912
-2855
-2809
-2791
-2491
-1805
-1176
-894
-638
-47
548
748
820
1210
1726
1997
2409
3140
3699
3751
3652
3881
3862
3144
2159
1319
497
-642
-1569
-1939
-2307
-2869
-3257
-3059
-2640
-2399
-2163
-1776
-1297
-1026
-773
-334
6
142
325
815
1264
1497
1886
2452
2781
2677
2599
2662
2394
1672
897
355
-308
-1176
-1897
-2357
-2687
-2988
-3057
-2880
-2648
-2431
-2142
-1771
-1455
-1147
-807
-518
-374
-175
308
840
1175
1381
1744
2158
2304
2323
2354
2203
1582
841
391
-43
-711
-1490
-2008
-2270
-2428
-2403
-2239
-2021
-1782
-1366
-771
-297
0
292
650
828
777
818
1017
1129
1051
1312
2056
2552
2532
2461
2788
2983
2418
1544
842
241
-607
-1466
-1795
-1870
-2044
-2210
-2049
-1579
-1122
-735
-426
-169
-9
90
222
217
65
-7
178
378
473
770
1258
1600
1603
1592
1720
1607
1095
416
-86
-514
-1064
-1564
-1878
-1958
-1896
-1739
-1471
-1130
-791
-564
-449
-393
-273
-131
-163
-400
-543
-300
70
266
352
570
886
1025
1062
1104
1015
565
-36
-398
-674
-1070
-1522
-1797
-1855
-1780
-1514
-1164
-816
-519
-174
292
655
810
865
957
917
662
498
479
397
163
201
811
1381
1475
1407
1654
2002
1738
1075
547
183
-331
-1008
-1233
-993
-797
-809
-709
-246
283
648
814
835
792
638
451
174
-192
-453
-508
-490
-540
-354
167
578
590
494
651
751
438
-156
-598
-735
-918
-1187
-1288
-1104
-776
-494
-211
148
481
587
441
199
79
22
-228
-685
-1032
-925
-579
-413
-417
-257
92
227
153
150
206
-36
-628
-1020
-1068
-1059
-1212
-1378
-1259
-888
-384
40
321
560
821
1099
1189
1130
1052
988
795
341
0
-73
-119
-372
-562
-58
685
945
842
933
1414
1476
949
445
187
-6
-453
-700
-395
56
301
312
516
964
1381
1460
1148
798
464
177
-191
-731
-1132
-1240
-1178
-1179
-1043
-479
100
211
33
112
368
300
-214
-693
-704
-570
-570
-578
-349
148
571
798
991
1172
1107
695
127
-318
-555
-826
-1288
-1758
-1763
-1263
-828
-740
-677
-365
-92
-140
-329
-356
-408
-798
-1200
-1280
-1001
-666
-584
-497
-109
540
1028
1130
1135
1180
1197
1048
760
516
367
212
-142
-473
-551
-519
-608
-863
-776
-79
562
676
608
905
1491
1618
1241
927
901
904
651
576
948
1315
1299
1054
1040
1282
1399
1022
366
-91
-411
-754
-1253
-1773
-2008
-1962
-1864
-1833
-1566
-986
-491
-397
-421
-124
251
288
-39
-112
348
729
818
887
1206
1659
1817
1668
1458
1223
745
-3
-713
-1205
-1501
-1794
-2161
-2379
-2174
-1621
-1243
-1222
-1170
-899
-691
-791
-957
-790
-595
-691
-716
-354
285
751
884
1043
1468
1872
1844
1518
1259
1082
761
321
-14
-233
-379
-554
-830
-1040
-1119
-1166
-1348
-1605
-1504
-781
-69
119
285
910
1846
2269
2100
2052
2230
2255
1861
1596
1815
1911
1530
1015
848
951
896
360
-387
-813
-1082
-1503
-2154
-2749
-2961
-2916
-2859
-2797
-2404
-1648
-915
-530
-243
417
1138
1438
1262
1339
1967
2317
2179
2016
2176
2406
2226
1725
1243
844
226
-635
-1430
-1945
-2186
-2427
-2741
-2940
-2751
-2221
-1865
-1820
-1724
-1328
-939
-880
-859
-416
180
359
434
850
1498
1984
1995
1849
1924
2059
1829
1202
673
392
17
-516
-923
-1106
-1219
-1410
-1663
-1869
-1967
-1956
-1945
-2010
-1897
-1046
38
577
930
1618
2698
3316
3208
3051
3061
3009
2518
1981
1885
1877
1556
962
567
498
476
-16
-927
-1542
-1899
-2382
-3093
-3702
-3858
-3676
-3400
-3089
-2459
-1486
-426
376
879
1554
2285
2704
2592
2451
2832
3097
2893
2553
2478
2569
2336
1700
971
380
-330
-1274
-2222
-2923
-3210
-3386
-3651
-3815
-3550
-2879
-2296
-2028
-1716
-1129
-577
-320
-162
314
954
1230
1289
1514
1984
2442
2487
2176
1986
2013
1710
929
177
-235
-621
-1280
-1850
-2080
-2144
-2248
-2440
-2527
-2446
-2259
-2086
-1935
-1625
-729
490
1213
1638
2285
3320
4095
4031
3721
3583
3454
2925
2228
1950
1871
1513
796
214
31
-6
-522
-1579
-2324
-2623
-3051
-3802
-4378
-4356
-3990
-3593
-3121
-2245
-1072
117
1119
1747
2398
3093
3509
3385
3063
3255
3475
3200
2685
2433
2494
2305
1620
694
-18
-722
-1712
-2789
-3633
-3957
-4085
-4304
-4380
-3947
-3096
-2328
-1847
-1349
-628
19
346
501
841
1372
1629
1643
1765
2060
2426
2516
2180
1805
1671
1365
565
-323
-875
-1264
-1871
-2469
-2716
-2672
-2571
-2566
-2513
-2315
-1961
-1576
-1218
-868
-120
1131
1988
2416
2944
3791
4536
4436
3986
3633
3382
2798
1965
1486
1218
884
263
-309
-671
-835
-1112
-2007
-2869
-3233
-3495
-3995
-4487
-4416
-3861
-3158
-2484
-1523
-230
1066
2169
2802
3274
3767
4027
3808
3272
3163
3248
2956
2436
2150
2122
1866
1227
239
-622
-1461
-2474
-3521
-4440
-4844
-4857
-4737
-4537
-3906
-2870
-1881
-1134
-544
184
746
962
1031
1180
1588
1827
1854
1981
2209
2492
2631
2406
1894
1487
1033
179
-820
-1599
-2064
-2566
-3119
-3282
-3081
-2733
-2460
-2272
-1967
-1580
-1182
-875
-577
-143
796
1853
2459
3027
3718
4516
4813
4407
3956
3580
2983
2000
1197
807
473
-27
-582
-920
-1185
-1304
-1730
-2561
-3134
-3394
-3734
-4241
-4406
-3952
-3142
-2399
-1552
-254
1163
2394
3211
3593
4006
4294
4151
3567
3096
3096
2910
2414
2041
1991
1821
1245
406
-608
-1476
-2501
-3555
-4483
-5126
-5145
-4855
-4433
-3859
-2847
-1723
-847
-242
284
845
1017
908
929
1221
1616
1753
1892
2233
2506
2680
2661
2254
1578
926
155
-852
-1770
-2421
-2826
-3252
-3475
-3172
-2700
-2260
-1956
-1654
-1310
-1028
-787
-601
-303
104
993
1997
2704
3379
3970
4663
4774
4292
3752
3169
2328
1243
565
223
-102
-534
-870
-996
-1158
-1231
-1636
-2370
-2880
-3199
-3579
-3955
-3857
-3271
-2523
-1761
-687
674
1905
2938
3561
3764
3985
4062
3742
3078
2676
2600
2306
1853
1609
1588
1173
449
-421
-1289
-2108
-3156
-4067
-4687
-4911
-4665
-4192
-3584
-2798
-1802
-929
-231
225
556
803
659
487
647
1108
1449
1580
1903
2376
2610
2552
2330
1733
896
57
-899
-1803
-2490
-2900
-3153
-3313
-3029
-2365
-1843
-1516
-1179
-863
-670
-650
-648
-519
-237
131
977
2129
3026
3671
4106
4621
4680
4027
3257
2382
1382
429
-99
-251
-395
-482
-446
-406
-565
-616
-973
-1913
-2711
-3167
-3585
-3942
-3830
-3164
-2267
-1302
-14
1404
2539
3424
3870
3860
3762
3544
3028
2318
1891
1846
1779
1565
1571
1606
1183
491
-352
-1286
-2283
-3411
-4271
-4753
-4864
-4486
-3782
-2967
-2121
-1211
-431
162
351
370
382
105
-49
217
800
1304
1661
2229
2821
2980
2733
2359
1570
434
-647
-1625
-2402
-2967
-3157
-3050
-2822
-2300
-1529
-1016
-808
-642
-582
-698
-960
-1097
-963
-691
-249
854
2158
3057
3638
4047
4409
4120
3266
2418
1594
690
-20
-177
28
307
501
634
577
276
-31
-849
-2071
-2969
-3483
-3979
-4202
-3688
-2685
-1589
-568
743
2042
2828
3241
3245
2953
2652
2304
1861
1465
1492
1867
2113
2143
2314
2365
1757
733
-394
-1440
-2528
-3698
-4427
-4582
-4369
-3802
-2957
-2120
-1415
-859
-555
-448
-607
-729
-831
-1042
-864
-124
844
1577
2215
2875
3249
3054
2508
1854
749
-446
-1384
-2134
-2550
-2591
-2290
-1933
-1550
-988
-455
-349
-552
-725
-1040
-1452
-1756
-1753
-1396
-894
-131
1168
2459
3238
3612
3798
3878
3358
2417
1657
1131
625
349
599
1146
1633
1784
1645
1208
573
-158
-1341
-2636
-3423
-3762
-3971
-3767
-2898
-1737
-648
224
1162
1880
2172
2185
1876
1536
1405
1398
1354
1533
2149
2765
3011
2975
2943
2499
1397
126
-1085
-2130
-3135
-3910
-4090
-3835
-3372
-2799
-2151
-1667
-1460
-1457
-1626
-1767
-1938
-1921
-1716
-1359
-566
519
1583
2277
2743
3023
2844
2184
1368
626
-262
-1050
-1518
-1662
-1489
-1150
-764
-516
-353
-256
-384
-793
-1217
-1510
-1852
-2068
-1922
-1415
-745
6
1124
2220
2793
2957
3006
2955
2509
1867
1378
1207
1099
1096
1486
2046
2440
2388
1984
1339
487
-397
-1432
-2383
-2996
-3179
-3150
-2897
-2154
-1299
-539
-75
312
665
752
755
662
650
808
1154
1569
2003
2663
3189
3335
3084
2716
2197
1222
108
-865
-1590
-2252
-2762
-2835
-2626
-2374
-2228
-2057
-1989
-2139
-2340
-2554
-2602
-2545
-2302
-1860
-1292
-501
403
1219
1681
1890
1908
1647
1201
723
382
32
-262
-328
-252
-74
95
206
140
-50
-295
-610
-922
-1199
-1378
-1595
-1672
-1417
-986
-567
-33
824
1467
1626
1635
1804
1911
1603
1339
1337
1511
1602
1737
2158
2528
2610
2268
1694
979
259
-392
-1136
-1651
-1881
-1931
-1963
-1846
-1375
-973
-776
-795
-660
-448
-338
-188
14
374
737
1181
1673
2170
2694
2945
2847
2490
2153
1715
1030
331
-249
-693
-1238
-1628
-1713
-1778
-1973
-2214
-2321
-2514
-2756
-2874
-2880
-2769
-2583
-2197
-1735
-1234
-636
-64
394
658
899
994
889
770
741
770
659
591
579
536
484
396
325
121
-113
-335
-513
-608
-741
-864
-1094
-1200
-1173
-1049
-877
-515
180
669
914
1151
1520
1784
1711
1675
1700
1750
1694
1786
2135
2341
2320
2002
1643
1123
570
83
-468
-871
-1224
-1472
-1657
-1641
-1443
-1380
-1315
-1290
-1097
-926
-770
-446
-95
300
578
998
1506
2008
2432
2607
2628
2377
2086
1714
1289
858
302
-197
-726
-1042
-1258
-1538
-1834
-2096
-2257
-2596
-2861
-2927
-2847
-2725
-2591
-2219
-1844
-1465
-1065
-594
-149
87
293
404
537
641
717
789
782
820
753
656
588
538
423
162
6
-103
-137
-207
-305
-405
-621
-772
-920
-879
-753
-362
162
482
743
944
1210
1342
1391
1407
1340
1318
1382
1704
2035
2168
2136
1928
1630
1073
594
185
-169
-465
-778
-961
-1074
-1021
-986
-998
-1055
-1198
-1231
-1208
-964
-653
-376
-44
330
838
1281
1739
2089
2277
2217
1938
1701
1392
1103
778
424
77
-302
-525
-764
-1052
-1389
-1708
-2050
-2454
-2711
-2882
-2840
-2700
-2487
-2237
-2065
-1787
-1428
-1022
-715
-479
-233
-32
210
418
663
837
901
958
896
833
770
736
686
600
533
417
350
274
159
-103
-501
-810
-1041
-1081
-1003
-640
-122
263
545
724
869
925
964
961
890
903
1109
1569
2051
2352
2502
2422
2119
1555
989
462
12
-316
-614
-843
-1003
-986
-910
-889
-957
-1180
-1386
-1485
-1380
-1148
-877
-489
-19
526
1050
1605
2087
2328
2274
2000
1692
1374
1113
902
660
372
74
-119
-322
-585
-929
-1355
-1845
-2359
-2711
-2924
-2964
-2832
-2609
-2389
-2223
-1978
-1619
-1203
-866
-640
-441
-236
49
337
596
784
891
959
951
937
954
979
962
913
820
648
492
336
150
-150
-534
-851
-991
-914
-653
-191
228
482
590
541
484
434
427
419
422
604
1027
1648
2216
2567
2614
2335
1827
1201
640
146
-219
-398
-480
-491
-480
-426
-401
-484
-756
-1175
-1523
-1675
-1545
-1262
-893
-412
106
660
1180
1631
1922
1947
1743
1420
1135
915
827
804
740
611
402
198
-50
-353
-743
-1243
-1784
-2263
-2575
-2725
-2696
-2556
-2388
-2254
-2183
-2048
-1805
-1490
-1181
-949
-765
-570
-304
-15
248
423
535
640
723
846
1004
1160
1288
1331
1239
1015
750
494
240
-48
-336
-499
-481
-241
189
598
804
752
493
166
-119
-306
-341
-236
32
497
1113
1759
2255
2474
2314
1815
1147
538
111
-93
-66
59
210
313
341
297
137
-165
-611
-1114
-1507
-1623
-1434
-1040
-550
-75
345
690
944
1119
1155
1036
827
599
457
460
599
767
863
813
627
340
-7
-358
-741
-1136
-1525
-1844
-2029
-2082
-2051
-2008
-1987
-2036
-2092
-2085
-1970
-1727
-1446
-1168
-929
-700
-479
-283
-112
17
154
296
471
701
957
1223
1421
1511
1429
1183
858
529
256
32
-98
-94
62
366
710
931
907
633
195
-246
-579
-732
-660
-365
141
779
1421
1904
2125
2060
1714
1178
610
169
-33
30
287
599
841
911
779
501
118
-321
-762
-1147
-1370
-1342
-1075
-668
-240
120
367
482
478
395
258
128
51
57
178
368
585
780
878
827
606
271
-83
-406
-686
-913
-1090
-1217
-1296
-1369
-1476
-1637
-1838
-2020
-2124
-2124
-2000
-1775
-1491
-1190
-930
-742
-639
-580
-507
-389
-203
47
357
711
1074
1379
1558
1564
1398
1122
810
527
325
223
234
368
591
843
1017
1027
830
434
-50
-482
-750
-795
-597
-184
377
962
1445
1722
1740
1527
1148
723
374
187
209
411
716
1012
1189
1164
924
526
60
-369
-706
-918
-981
-885
-656
-376
-149
-45
-69
-170
-293
-401
-462
-450
-369
-200
39
280
467
551
523
416
258
94
-34
-119
-170
-221
-310
-453
-649
-889
-1157
-1433
-1687
-1872
-1948
-1901
-1739
-1532
-1342
-1204
-1137
-1124
-1141
-1140
-1062
-870
-559
-161
271
670
996
1216
1324
1328
1239
1101
974
908
919
974
1022
1035
1005
934
811
629
387
106
-165
-382
-506
-528
-461
-317
-106
162
447
701
882
953
923
830
732
690
722
830
989
1160
1299
1353
1283
1080
773
421
95
-157
-321
-395
-395
-359
-342
-387
-502
-655
-807
-922
-972
-957
-881
-755
-598
-435
-294
-201
-152
-129
-105
-58
17
105
182
213
175
64
-118
-347
-587
-805
-979
-1094
-1141
-1120
-1050
-969
-920
-931
-999
-1104
-1203
-1240
-1190
-1031
-778
-463
-120
207
479
669
761
773
754
738
760
839
974
1133
1269
1333
1302
1168
943
645
305
-23
-293
-473
-554
-544
-470
-371
-272
-187
-114
-57
-11
30
73
145
270
454
678
906
1103
1239
1309
1321
1282
1203
1102
989
878
766
651
523
382
229
52
-138
-318
-471
-583
-650
-687
-704
-712
-719
-724
-724
-713
-681
-609
-494
-335
-147
44
202
292
287
192
29
-163
-345
-487
-578
-619
-631
-625
-625
-653
-717
-823
-966
-1123
-1256
-1343
-1349
-1280
-1131
-926
-692
-462
-269
-109
12
104
173
248
343
465
629
824
1036
1209
1309
1329
1265
1124
916
659
381
131
-57
-165
-185
-153
-104
-63
-40
-34
-55
-96
-134
-148
-118
-28
129
326
536
731
885
988
1037
1051
1033
994
946
898
855
799
728
637
521
380
222
66
-63
-165
-255
-346
-444
-551
-656
-743
-803
-824
-790
-701
-559
-393
-228
-91
-3
18
-27
-119
-239
-357
-441
-481
-470
-432
-398
-390
-414
-480
-584
-723
-894
-1060
-1200
-1277
-1276
-1212
-1096
-944
-772
-614
-469
-366
-299
-240
-171
-64
89
287
522
785
1048
1272
1410
1442
1367
1219
1028
820
624
458
347
297
282
271
246
190
106
3
-105
-199
-261
-290
-277
-204
-81
86
270
443
601
717
787
822
837
828
802
771
741
722
705
691
662
598
496
368
224
71
-85
-246
-407
-544
-645
-702
-729
-727
-700
-635
-529
-407
-302
-230
-187
-166
-170
-208
-268
-327
-358
-348
-294
-243
-225
-250
-312
-402
-535
-706
-886
-1044
-1165
-1229
-1237
-1201
-1128
-1032
-931
-829
-740
-667
-603
-527
-397
-203
37
311
605
894
1160
1356
1455
1453
1364
1230
1084
941
811
699
601
514
432
340
214
63
-100
-257
-384
-465
-499
-486
-430
-345
-224
-65
125
330
520
666
772
847
900
925
911
865
817
778
761
749
712
644
553
440
296
116
-95
-315
-505
-630
-687
-687
-660
-613
-544
-451
-345
-255
-187
-144
-111
-78
-44
-21
-20
-33
-43
-46
-49
-73
-127
-219
-340
-490
-665
-859
-1055
-1222
-1337
-1388
-1382
-1333
-1264
-1181
-1101
-1036
-981
-919
-833
-705
-515
-255
65
418
753
1036
1243
1379
1447
1442
1367
1257
1147
1059
990
921
826
693
527
343
157
-35
-230
-416
-558
-640
-664
-651
-617
-559
-465
-328
-159
30
216
394
559
702
808
878
919
949
983
1029
1079
1098
1066
991
879
735
556
344
125
-88
-281
-431
-523
-567
-583
-593
-596
-584
-554
-514
-477
-448
-418
-369
-294
-198
-92
6
89
152
189
183
122
9
-142
-303
-458
-599
-726
-831
-915
-980
-1034
-1089
-1149
-1215
-1272
-1303
-1296
-1244
-1142
-991
-789
-547
-274
13
291
544
762
946
1083
1170
1211
1222
1209
1171
1108
1022
919
797
659
497
314
121
-69
-244
-396
-518
-608
-655
-654
-602
-498
-363
-207
-49
94
230
356
481
607
739
874
1006
1127
1218
1269
1273
1223
1129
997
837
662
486
306
131
-40
-200
-339
-457
-551
-622
-665
-685
-685
-663
-630
-581
-516
-435
-333
-215
-85
40
144
217
248
232
172
70
-60
-201
-339
-464
-577
-676
-764
-853
-939
-1031
-1120
-1198
-1255
-1276
-1264
-1215
-1123
-980
-799
-589
-354
-112
128
356
565
741
876
967
1021
1046
1050
1033
990
923
829
715
575
409
225
38
-130
-271
-376
-441
-471
-475
-451
-411
-346
-256
-142
-17
118
261
411
557
682
788
880
969
1045
1099
1129
1123
1079
992
869
714
540
359
182
26
-100
-204
-293
-366
-428
-477
-522
-558
-579
-577
-544
-480
-394
-294
-192
-97
-18
41
78
94
85
51
5
-54
-125
-211
-306
-406
-512
-617
-722
-817
-901
-969
-1026
-1068
-1092
-1103
-1092
-1055
-986
-878
-735
-557
-355
-140
76
283
470
630
763
867
936
978
992
984
953
895
822
727
609
468
312
159
17
-100
-190
-255
-296
-318
-318
-303
-283
-249
-197
-125
-39
59
168
281
394
499
593
681
755
814
854
874
874
841
775
677
555
419
279
153
44
-46
-115
-171
-217
-261
-308
-360
-409
-442
-456
-443
-401
-328
-246
-168
-104
-64
-41
-41
-56
-77
-99
-128
-171
-218
-275
-339
-426
-519
-613
-699
-768
-822
-849
-863
-852
-843
-831
-817
-789
-731
-643
-517
-361
-182
6
193
358
492
591
662
709
737
759
777
779
769
738
690
608
502
379
245
120
9
-77
-137
-175
-185
-179
-165
-154
-136
-111
-84
-47
5
77
162
253
350
447
539
608
652
673
672
652
613
558
490
415
336
260
190
118
46
-27
-100
-164
-217
-259
-286
-301
-307
-309
-310
-312
-309
-297
-278
-247
-205
-154
-110
-80
-69
-84
-120
-172
-231
-293
-352
-398
-426
-445
-475
-514
-564
-617
-674
-726
-761
-773
-761
-725
-658
-575
-481
-381
-280
-175
-64
47
162
269
373
463
535
592
634
662
675
679
675
663
639
598
541
473
407
336
270
206
152
111
77
54
32
12
-10
-22
-22
-14
7
42
93
152
220
289
348
389
412
422
415
396
372
344
317
292
275
264
247
221
180
126
56
-20
-97
-172
-239
-293
-327
-348
-356
-357
-360
-364
-368
-368
-367
-362
-361
-362
-365
-368
-371
-376
-383
-390
-390
-383
-376
-375
-380
-383
-401
-430
-461
-487
-503
-506
-487
-454
-405
-356
-305
-254
-200
-142
-84
-21
50
134
226
322
412
487
540
575
587
583
573
558
544
529
513
497
477
447
412
365
308
248
190
138
93
59
34
20
18
32
56
86
125
169
215
253
281
302
323
337
340
338
335
333
325
316
300
272
229
168
93
10
-81
-175
-251
-309
-349
-376
-398
-413
-426
-443
-466
-488
-505
-514
-511
-497
-470
-437
-403
-369
-339
-311
-286
-266
-246
-223
-202
-185
-181
-189
-206
-230
-258
-278
-287
-284
-267
-246
-223
-203
-182
-158
-138
-116
-87
-44
15
84
160
233
298
350
387
408
418
422
427
443
465
496
526
551
561
547
511
451
381
309
248
202
169
151
145
147
146
143
133
115
98
94
102
121
152
189
217
228
221
203
174
146
123
106
93
80
65
42
6
-54
-131
-212
-283
-334
-363
-370
-361
-349
-346
-360
-394
-446
-504
-555
-583
-579
-544
-479
-402
-326
-260
-222
-213
-223
-240
-255
-257
-246
-222
-193
-161
-139
-133
-144
-167
-193
-208
-206
-183
-139
-82
-19
37
82
123
156
184
212
245
284
328
373
411
441
455
455
443
423
403
392
390
391
394
388
369
331
274
205
130
60
5
-25
-24
3
48
98
143
177
195
197
188
175
167
167
179
198
222
243
245
224
185
134
74
14
-43
-90
-125
-150
-173
-194
-225
-265
-312
-358
-395
-415
-422
-420
-415
-407
-395
-381
-367
-357
-342
-315
-280
-237
-197
-167
-151
-151
-161
-183
-211
-240
-259
-270
-270
-265
-250
-228
-205
-185
-166
-146
-124
-98
-65
-25
23
86
158
227
289
340
379
398
407
402
394
385
381
388
400
411
410
398
373
331
276
212
146
83
32
-1
-15
-17
-10
2
21
47
75
107
140
169
190
199
203
201
196
191
188
188
190
187
177
154
116
68
12
-49
-106
-156
-191
-209
-213
-211
-208
-207
-215
-226
-243
-266
-292
-314
-328
-334
-327
-304
-272
-233
-193
-160
-140
-141
-156
-188
-228
-270
-309
-334
-344
-341
-327
-305
-283
-264
-254
-250
-247
-236
-211
-173
-117
-51
20
92
160
215
262
300
332
354
371
380
384
384
382
379
377
376
374
367
353
328
288
237
171
101
35
-15
-44
-46
-25
14
66
119
167
196
206
202
189
176
170
175
189
210
236
257
265
251
219
168
103
37
-26
-78
-120
-141
-151
-157
-165
-179
-195
-215
-241
-270
-295
-316
-326
-323
-314
-295
-268
-234
-201
-170
-143
-123
-109
-104
-112
-139
-177
-222
-272
-318
-357
-379
-382
-373
-353
-329
-307
-292
-276
-259
-234
-199
-150
-85
-2
95
195
279
344
387
407
411
404
395
391
394
402
412
418
415
396
357
305
239
167
96
34
-11
-43
-57
-57
-42
-17
12
47
84
119
150
178
205
227
238
239
235
229
221
210
197
183
167
143
108
65
14
-42
-100
-155
-201
-232
-246
-248
-243
-236
-236
-238
-251
-271
-296
-317
-327
-321
-299
-265
-223
-178
-136
-108
-96
-100
-120
-151
-183
-212
-234
-249
-254
-252
-247
-239
-229
-217
-206
-187
-169
-146
-119
-87
-47
-1
55
111
174
233
287
332
367
389
397
396
385
371
357
340
327
315
302
284
257
226
185
137
83
33
-7
-36
-51
-51
-35
-9
23
56
83
100
107
108
108
107
108
113
122
132
142
146
142
127
102
65
18
-29
-74
-117
-152
-177
-194
-204
-211
-221
-231
-238
-243
-247
-251
-255
-257
-257
-254
-246
-231
-212
-186
-160
-138
-122
-116
-116
-123
-137
-153
-168
-176
-180
-181
-178
-173
-163
-154
-147
-143
-138
-125
-107
-79
-44
-1
50
102
158
213
266
316
356
385
401
411
414
415
413
408
400
389
376
357
328
292
248
198
145
97
53
18
-14
-36
-49
-54
-55
-57
-51
-46
-36
-28
-20
-8
1
10
15
22
30
36
39
36
30
15
-6
-32
-63
-95
-128
-156
-179
-198
-212
-222
-230
-238
-248
-259
-271
-280
-284
-284
-277
-264
-245
-221
-197
-173
-153
-135
-123
-115
-109
-108
-107
-105
-100
-93
-88
-82
-78
-76
-73
-72
-70
-61
-47
-30
-7
17
47
82
121
165
208
252
288
324
357
383
400
409
413
412
406
395
381
362
342
320
292
260
218
169
118
67
22
-16
-49
-74
-91
-100
-102
-99
-94
-87
-81
-70
-58
-43
-28
-13
4
19
33
42
48
48
44
32
12
-11
-40
-72
-108
-141
-172
-199
-221
-241
-257
-275
-290
-303
-313
-320
-318
-311
-298
-278
-252
-223
-194
-166
-138
-117
-98
-83
-68
-57
-48
-43
-40
-40
-45
-53
-64
-72
-81
-89
-98
-103
-102
-94
-78
-57
-26
10
50
92
136
181
227
269
311
347
381
410
433
449
456
459
456
445
428
403
370
332
286
236
180
126
75
28
-12
-45
-68
-82
-89
-91
-94
-97
-96
-91
-79
-61
-40
-16
8
31
48
60
66
64
57
42
25
7
-15
-40
-71
-104
-140
-177
-213
-246
-277
-303
-324
-340
-352
-360
-362
-358
-349
-331
-304
-271
-239
-206
-176
-148
-123
-100
-78
-60
-47
-33
-21
-15
-12
-15
-21
-30
-40
-50
-60
-64
-61
-55
-46
-36
-23
-4
22
53
87
125
167
211
250
286
319
346
368
387
401
411
414
412
404
389
368
340
305
263
218
171
125
83
46
13
-15
-37
-56
-72
-85
-96
-103
-108
-108
-101
-89
-71
-51
-27
-6
9
18
22
17
6
-7
-23
-36
-52
-71
-90
-112
-136
-162
-187
-215
-243
-266
-285
-294
-299
-299
-293
-285
-273
-259
-245
-227
-205
-183
-160
-136
-113
-90
-69
-50
-34
-19
-8
-1
6
7
6
6
4
-1
-4
-7
-8
-4
3
16
32
53
74
97
121
145
173
202
229
255
283
307
327
346
358
364
365
360
349
334
309
281
246
211
173
135
97
61
29
-2
-28
-54
-73
-91
-107
-119
-129
-129
-125
-116
-104
-86
-68
-50
-31
-19
-6
3
6
7
3
-2
-10
-19
-29
-44
-64
-85
-109
-136
-162
-185
-210
-230
-245
-254
-256
-256
-253
-246
-238
-228
-218
-205
-187
-168
-147
-121
-97
-73
-51
-32
-16
-5
3
8
12
14
15
13
10
6
3
1
-2
-3
-2
5
16
28
42
57
70
86
101
117
133
151
171
192
212
227
238
245
248
247
240
228
214
201
187
174
156
140
123
107
92
75
55
36
17
0
-14
-23
-28
-29
-29
-23
-16
-12
-8
-4
-2
-3
-5
-8
-11
-13
-16
-21
-28
-37
-49
-63
-77
-93
-110
-127
-143
-154
-161
-165
-169
-170
-171
-172
-170
-167
-161
-156
-148
-140
-127
-111
-94
-78
-67
-54
-42
-30
-20
-12
-5
3
10
15
16
13
7
4
-1
-4
-8
-7
-5
-2
4
10
16
21
31
39
50
64
81
97
114
130
144
156
162
166
166
163
159
153
148
143
137
131
125
117
106
93
79
64
49
33
20
11
3
0
1
4
7
13
15
18
18
20
22
22
24
23
23
18
10
-4
-17
-31
-44
-59
-79
-97
-117
-136
-152
-166
-180
-190
-200
-205
-206
-207
-206
-204
-196
-190
-182
-173
-159
-143
-125
-104
-84
-64
-47
-30
-16
-4
6
13
20
24
28
30
34
37
40
41
41
41
43
45
47
50
54
56
64
74
87
98
110
122
134
143
147
149
149
149
145
144
142
138
134
128
123
115
106
90
74
57
40
28
17
11
5
1
0
-1
-1
-1
-2
-2
0
1
5
8
8
9
8
6
3
0
-6
-12
-19
-29
-38
-48
-60
-71
-83
-95
-107
-113
-121
-128
-135
-139
-141
-143
-142
-142
-138
-129
-121
-111
-102
-91
-79
-65
-51
-37
-24
-16
-8
-4
-4
-7
-8
-7
-1
5
11
18
24
26
26
22
22
24
25
30
37
49
61
75
84
93
99
102
103
105
105
107
106
106
107
104
100
94
87
80
69
58
45
33
19
10
0
-8
-14
-17
-17
-17
-18
-19
-16
-14
-13
-12
-9
-8
-8
-7
-8
-10
-11
-12
-12
-13
-18
-23
-28
-33
-39
-46
-55
-63
-71
-75
-82
-87
-90
-94
-96
-99
-101
-103
-105
-107
-107
-102
-95
-86
-76
-62
-49
-36
-27
-22
-16
-11
-5
1
6
13
23
33
42
49
54
57
57
57
56
54
53
53
57
62
69
73
77
82
86
92
93
95
93
95
96
96
96
95
94
93
92
90
87
82
75
66
52
37
22
9
-3
-12
-19
-24
-24
-25
-27
-29
-32
-37
-43
-47
-49
-52
-52
-51
-47
-42
-37
-34
-32
-33
-36
-43
-51
-56
-62
-70
-74
-78
-83
-87
-91
-96
-100
-107
-115
-123
-127
-130
-128
-123
-114
-100
-86
-70
-55
-41
-28
-20
-11
-3
4
14
23
34
46
59
70
78
83
86
85
81
77
71
70
71
74
80
91
101
111
118
124
126
126
125
121
119
116
112
108
108
106
101
95
87
81
71
57
41
25
6
-12
-26
-37
-44
-48
-45
-41
-39
-37
-41
-46
-58
-67
-74
-78
-78
-74
-69
-63
-57
-53
-52
-55
-63
-73
-86
-96
-104
-111
-112
-112
-111
-109
-107
-106
-108
-109
-111
-113
-115
-114
-111
-103
-94
-82
-67
-54
-40
-26
-15
-6
0
1
6
10
14
22
30
39
51
62
69
76
82
85
87
89
91
93
98
107
118
132
143
154
161
165
166
163
158
150
141
133
126
123
120
120
116
113
107
98
85
73
57
39
23
10
-2
-11
-16
-18
-19
-20
-24
-31
-43
-61
-77
-94
-110
-121
-128
-131
-130
-126
-119
-112
-107
-108
-112
-119
-125
-130
-131
-128
-123
-116
-108
-100
-94
-93
-93
-96
-99
-102
-104
-101
-97
-91
-81
-68
-56
-43
-33
-27
-23
-21
-16
-13
-7
-1
9
20
35
48
63
76
87
93
96
100
101
103
108
115
126
137
150
161
169
171
170
165
156
144
131
118
108
103
98
95
93
91
90
87
81
71
61
49
35
22
11
0
-8
-14
-16
-19
-24
-31
-38
-48
-59
-68
-77
-85
-90
-95
-95
-95
-94
-93
-94
-96
-101
-106
-114
-118
-122
-122
-120
-117
-113
-111
-109
-106
-106
-107
-110
-110
-111
-110
-104
-97
-88
-76
-67
-54
-43
-33
-23
-15
-6
0
5
11
16
20
28
36
46
57
67
76
84
90
93
95
95
94
97
103
110
120
132
144
152
157
157
155
146
135
122
110
99
89
84
80
78
77
76
75
71
64
54
42
32
23
17
10
9
8
10
11
10
7
-1
-11
-26
-41
-54
-67
-75
-81
-83
-85
-87
-90
-93
-97
-101
-108
-116
-122
-127
-130
-130
-125
-120
-114
-108
-103
-98
-97
-98
-100
-101
-101
-96
-93
-89
-83
-76
-69
-62
-59
-55
-54
-52
-51
-48
-45
-40
-31
-19
-4
13
30
48
64
78
91
102
110
118
125
134
144
153
163
171
177
180
181
178
170
159
148
136
126
117
109
104
95
88
79
72
64
58
51
45
38
34
31
30
28
26
26
27
27
23
17
7
-6
-21
-37
-52
-69
-84
-97
-108
-119
-128
-137
-148
-159
-169
-177
-183
-188
-186
-179
-166
-152
-137
-123
-111
-101
-92
-86
-84
-83
-79
-76
-72
-63
-56
-50
-43
-37
-33
-33
-34
-37
-44
-48
-48
-46
-39
-29
-14
1
19
38
56
71
83
95
103
112
121
132
144
155
166
176
183
186
187
185
177
165
151
136
122
110
98
89
80
76
70
64
60
54
45
36
29
24
23
23
27
34
41
45
47
44
37
23
8
-9
-25
-40
-54
-63
-69
-75
-84
-91
-101
-111
-125
-136
-145
-151
-153
-151
-144
-135
-120
-105
-91
-78
-67
-61
-59
-58
-63
-68
-70
-72
-73
-71
-68
-64
-60
-58
-60
-62
-70
-77
-86
-91
-93
-89
-79
-63
-42
-18
6
28
47
61
70
80
90
99
109
120
134
148
160
168
172
172
164
152
136
120
102
87
72
61
54
50
46
46
44
40
35
31
25
20
17
16
19
25
35
44
51
60
65
62
57
48
35
19
5
-10
-22
-33
-41
-46
-51
-55
-62
-70
-81
-93
-108
-119
-127
-131
-129
-121
-110
-95
-79
-65
-54
-46
-43
-44
-48
-53
-55
-57
-52
-46
-41
-35
-31
-29
-29
-33
-39
-46
-57
-65
-70
-69
-62
-53
-38
-23
-8
5
17
22
27
31
34
39
47
54
65
77
90
102
112
115
113
106
95
83
71
61
55
51
52
53
55
57
57
56
51
44
38
32
26
25
27
33
40
48
54
58
57
54
47
39
29
19
8
-1
-7
-12
-14
-17
-18
-23
-30
-37
-48
-59
-70
-79
-83
-84
-85
-80
-72
-63
-54
-46
-40
-36
-37
-40
-42
-45
-51
-55
-55
-55
-56
-55
-54
-54
-56
-61
-66
-71
-76
-80
-79
-76
-68
-57
-43
-27
-11
4
16
28
36
43
46
52
57
64
70
76
82
86
89
89
87
83
75
66
57
50
44
40
38
38
38
37
38
36
33
31
29
28
29
31
35
39
46
52
57
59
59
58
54
48
40
30
18
8
-3
-11
-18
-24
-28
-33
-35
-40
-45
-50
-58
-65
-71
-75
-77
-76
-74
-70
-65
-62
-57
-55
-55
-58
-61
-63
-66
-66
-66
-63
-59
-55
-51
-48
-47
-47
-48
-48
-48
-46
-42
-34
-28
-19
-9
0
10
17
26
31
37
44
51
57
63
68
74
78
83
87
91
91
93
92
89
85
82
77
72
69
65
64
62
61
58
55
51
45
40
34
27
23
18
16
15
14
13
12
8
4
-2
-10
-19
-28
-38
-48
-53
-56
-58
-59
-60
-61
-62
-64
-65
-68
-68
-71
-73
-73
-72
-73
-71
-69
-66
-63
-61
-60
-60
-59
-59
-56
-54
-51
-47
-44
-39
-36
-30
-24
-19
-16
-11
-8
-5
-3
0
4
9
16
22
29
36
42
47
51
55
57
59
61
66
70
73
79
83
87
87
86
85
86
83
79
77
72
69
62
59
54
51
48
47
43
38
32
26
22
14
9
4
0
-3
-6
-7
-8
-9
-12
-16
-22
-28
-35
-42
-48
-52
-56
-57
-59
-58
-58
-57
-59
-60
-64
-67
-72
-75
-76
-74
-70
-66
-60
-56
-52
-47
-44
-42
-40
-40
-40
-38
-36
-34
-30
-26
-23
-21
-16
-12
-10
-5
-3
1
3
4
10
13
19
25
33
40
47
48
51
52
52
52
53
53
52
55
56
58
59
61
60
61
59
59
56
55
53
51
51
50
48
46
44
40
36
32
26
19
12
5
-1
-5
-8
-10
-12
-12
-14
-15
-16
-16
-18
-20
-24
-26
-29
-30
-30
-28
-26
-27
-26
-26
-28
-32
-35
-40
-43
-46
-49
-49
-48
-48
-46
-44
-42
-42
-42
-43
-44
-44
-44
-41
-39
-35
-32
-28
-24
-21
-18
-16
-15
-14
-15
-13
-11
-6
-1
7
13
20
26
30
33
35
38
39
39
41
42
44
45
46
46
45
45
44
45
44
42
41
38
38
37
37
38
39
41
43
41
40
37
33
29
25
22
20
17
13
11
10
8
5
2
1
-2
-5
-10
-14
-15
-18
-20
-22
-25
-26
-29
-30
-32
-36
-38
-40
-43
-45
-48
-49
-51
-50
-50
-50
-47
-46
-45
-45
-44
-43
-41
-40
-36
-32
-27
-23
-20
-15
-13
-9
-7
-5
-3
-5
-5
-3
-1
-1
1
2
3
5
5
7
9
11
12
14
18
21
26
28
32
35
36
41
43
44
45
46
48
48
48
48
49
49
49
49
48
47
45
41
37
32
29
24
19
13
7
4
1
-4
-7
-11
-14
-17
-19
-20
-21
-21
-20
-20
-20
-21
-21
-20
-20
-20
-21
-21
-22
-23
-24
-25
-25
-25
-26
-27
-28
-31
-32
-34
-35
-36
-37
-37
-36
-34
-34
-31
-28
-26
-24
-20
-17
-13
-11
-8
-5
-3
-3
-1
0
1
2
2
5
5
6
8
11
13
15
17
19
21
24
25
28
29
30
32
31
31
28
28
27
27
27
29
30
29
30
29
29
27
27
26
25
23
22
21
18
17
14
11
7
4
1
-2
-3
-5
-5
-7
-8
-9
-10
-11
-12
-11
-12
-14
-14
-13
-14
-14
-13
-14
-18
-20
-21
-22
-25
-28
-28
-29
-29
-31
-32
-32
-32
-31
-30
-29
-28
-26
-25
-21
-20
-18
-16
-13
-11
-10
-8
-6
-6
-6
-5
-4
-3
-4
-2
-1
0
2
4
6
7
8
10
12
17
19
22
23
24
26
26
28
29
29
28
28
27
28
28
28
27
26
26
26
25
22
19
17
14
11
10
6
3
0
0
-1
-2
-2
-2
-2
-2
-1
0
1
1
-2
-5
-6
-8
-10
-10
-10
-8
-9
-8
-8
-9
-11
-12
-13
-15
-16
-19
-21
-23
-21
-21
-21
-20
-21
-21
-21
-21
-20
-17
-17
-15
-13
-13
-11
-7
-3
-1
1
3
4
6
7
7
8
7
9
9
10
12
13
13
14
13
14
11
10
10
8
8
10
10
10
13
13
13
13
11
9
7
5
3
3
4
6
6
7
7
7
6
7
7
7
6
6
6
4
4
3
3
3
1
0
-3
-4
-6
-8
-9
-10
-10
-11
-11
-12
-12
-13
-14
-14
-15
-14
-15
-16
-16
-16
-14
-14
-12
-11
-11
-10
-10
-10
-9
-10
-9
-8
-9
-7
-8
-8
-8
-7
-5
-5
-5
-5
-4
-3
-3
-4
-1
0
3
5
6
8
9
10
11
13
13
13
13
14
15
17
18
19
22
22
22
22
22
20
19
17
15
13
11
11
11
9
8
7
8
6
6
5
4
2
3
4
4
2
1
2
2
2
0
-2
-4
-7
-8
-9
-10
-11
-11
-13
-13
-13
-12
-13
-14
-16
-17
-17
-17
-17
-17
-17
-17
-16
-14
-12
-9
-8
-6
-5
-5
-4
-3
-3
-4
-4
-4
-4
-4
-5
-4
-5
-4
-3
-1
0
-1
0
1
1
2
4
5
6
6
8
9
10
10
11
11
10
9
9
7
9
8
8
8
8
8
6
6
6
4
4
3
3
3
2
3
2
2
4
5
4
4
4
5
5
5
4
4
5
3
4
1
-1
-3
-4
-5
-6
-8
-9
-11
-15
-15
-15
-15
-15
-15
-15
-15
-14
-14
-12
-11
-10
-8
-8
-6
-4
-2
-1
2
2
3
4
5
4
3
4
2
2
2
-1
0
0
-2
-4
-5
-5
-6
-7
-5
-4
-3
-3
0
3
7
9
11
13
12
12
14
14
16
15
14
12
10
9
9
8
7
8
7
8
8
6
7
9
9
8
8
9
10
8
7
7
5
3
2
1
1
1
1
0
0
0
0
-1
-1
-2
-2
-4
-5
-5
-8
-8
-9
-10
-12
-14
-15
-15
-15
-15
-16
-14
-15
-14
-13
-14
-15
-13
-12
-13
-12
-10
-11
-12
-12
-11
-10
-10
-9
-9
-10
-11
-10
-9
-8
-8
-6
-5
-5
-4
-4
-2
-2
-2
0
2
4
6
6
8
9
9
13
15
17
18
19
19
19
19
19
18
17
16
16
15
14
11
12
12
12
13
13
12
13
13
13
13
12
12
11
10
10
8
7
8
7
6
