0
0
1
1
0
2
1
2
2
0
-1
-1
-2
-3
-5
-5
-5
-5
-5
-4
-5
-4
-4
-5
-4
-2
-1
-1
-1
-1
-2
-2
-1
-2
-1
0
1
1
2
1
1
1
1
1
1
2
3
2
4
4
3
3
4
3
3
2
1
1
1
2
0
1
1
-1
0
-1
-1
1
0
1
1
1
0
1
2
3
2
3
2
2
2
0
0
-1
0
-1
-1
0
-1
-3
-1
-1
0
0
-1
0
1
2
4
4
3
3
3
1
2
3
2
1
3
2
1
1
2
4
4
3
4
4
3
4
2
2
2
2
1
0
1
-1
1
1
-1
-3
-4
-5
-7
-8
-9
-8
-8
-6
-6
-5
-4
-2
-1
-2
-2
-2
-1
-3
-2
-2
-2
-2
-1
-1
-1
0
-1
-1
-2
-2
-1
0
1
2
4
3
2
0
-1
-3
-3
-4
-4
-5
-2
-1
1
1
3
2
2
0
-2
-3
-4
-6
-7
-8
-8
-6
-5
-4
-3
-3
-3
-4
-3
-1
0
1
3
3
4
5
4
4
2
2
1
1
3
4
5
6
6
5
7
6
8
8
7
7
7
8
6
7
6
7
6
6
6
5
3
2
1
0
0
1
0
0
0
0
0
-1
-1
-2
-2
-1
0
0
0
0
-1
-1
-1
-1
-2
-2
-2
-1
0
1
3
4
6
6
6
6
6
4
2
-1
-2
-2
-2
-2
-2
-2
-4
-4
-7
-6
-7
-8
-7
-6
-4
-1
1
2
2
1
-1
-3
-5
-6
-8
-7
-9
-10
-12
-12
-11
-8
-6
-7
-6
-5
-6
-8
-7
-6
-5
-3
-2
-2
-3
-3
-4
-5
-6
-5
-5
-3
-1
1
4
8
11
12
11
11
9
8
5
2
3
3
2
2
4
4
4
1
-1
0
-2
-2
-2
0
1
2
2
4
7
6
6
6
3
1
1
2
3
1
-2
-2
1
5
7
11
13
14
13
10
7
7
8
8
11
14
15
16
12
11
7
1
-6
-11
-10
-3
3
5
9
11
12
12
7
3
-1
-4
-8
-13
-16
-18
-13
-5
-1
3
4
6
9
10
8
1
-6
-13
-15
-15
-20
-21
-17
-16
-11
-10
-18
-24
-29
-34
-36
-39
-39
-29
-12
-2
0
0
-3
2
10
8
4
-5
-13
-11
-5
0
4
7
7
5
6
3
-5
-7
-4
6
17
16
13
12
6
5
5
-3
-2
8
16
16
14
6
0
-5
-9
-5
5
13
15
11
5
-1
-3
-12
-14
-3
4
8
9
8
5
1
3
12
26
41
48
46
40
29
13
-8
-15
-13
-12
2
15
27
35
20
0
-14
-23
-19
-1
43
101
160
222
280
316
261
146
67
11
-21
-21
-21
-10
4
-6
-59
-153
-268
-378
-451
-467
-451
-397
-349
-301
-210
-153
-148
-149
-118
-57
27
107
150
158
161
149
132
116
81
77
99
155
209
189
123
66
8
-64
-150
-213
-241
-228
-174
-105
-28
29
66
118
163
146
78
-8
-56
-62
-59
-26
47
161
287
398
462
442
370
252
103
-23
-122
-146
-75
58
220
331
358
333
283
195
57
-82
-189
-227
-162
-26
112
207
194
134
66
-36
-160
-294
-348
-298
-193
-119
-84
-41
-18
-47
-132
-275
-373
-383
-347
-249
-140
-85
-114
-163
-203
-250
-306
-367
-411
-388
-349
-313
-210
-108
-60
-67
-119
-154
-164
-146
-103
-13
98
193
306
426
513
530
491
435
402
399
419
466
534
592
603
598
594
563
507
430
374
319
244
183
141
112
99
82
49
11
-9
-31
-64
-90
-114
-153
-178
-169
-149
-149
-162
-179
-222
-288
-349
-413
-464
-512
-552
-549
-514
-483
-490
-543
-617
-690
-773
-835
-859
-862
-835
-729
-563
-411
-342
-341
-382
-414
-430
-437
-419
-358
-246
-122
6
123
238
356
467
599
720
804
857
910
966
1024
1049
1026
1004
1020
1063
1115
1146
1142
1113
1041
905
713
497
300
162
56
-19
-70
-79
-49
-7
6
-26
-68
-85
-70
-56
-52
-46
-29
-4
-1
-16
-5
18
30
19
-6
-55
-174
-353
-507
-618
-720
-827
-918
-947
-904
-860
-861
-896
-945
-999
-1028
-1032
-1036
-1028
-959
-833
-710
-636
-592
-543
-491
-476
-501
-523
-502
-439
-360
-277
-179
-42
94
231
438
702
934
1078
1174
1292
1399
1418
1361
1325
1348
1388
1401
1450
1556
1639
1614
1489
1280
1011
717
436
181
-73
-289
-421
-451
-414
-372
-369
-382
-392
-429
-481
-511
-501
-495
-494
-462
-344
-162
7
138
265
383
423
340
197
74
-62
-240
-414
-517
-546
-574
-617
-635
-665
-765
-930
-1101
-1235
-1355
-1454
-1483
-1416
-1323
-1226
-1093
-922
-767
-704
-702
-672
-637
-636
-639
-604
-512
-432
-376
-282
-95
113
277
514
890
1256
1444
1494
1597
1763
1852
1807
1771
1870
2005
2065
2113
2210
2295
2252
2052
1778
1462
1089
690
368
68
-257
-579
-805
-890
-934
-1022
-1098
-1106
-1101
-1162
-1244
-1241
-1164
-1124
-1117
-1001
-738
-448
-208
86
454
747
837
795
773
751
606
349
149
38
-113
-294
-411
-477
-595
-809
-994
-1094
-1224
-1424
-1603
-1662
-1673
-1739
-1819
-1793
-1666
-1536
-1403
-1191
-913
-705
-604
-505
-371
-293
-309
-296
-164
47
213
367
723
1242
1685
1912
1986
2115
2240
2268
2211
2170
2177
2152
2110
2127
2221
2316
2323
2244
2070
1789
1423
1019
631
198
-306
-800
-1200
-1453
-1583
-1636
-1638
-1613
-1626
-1681
-1715
-1684
-1629
-1630
-1659
-1606
-1405
-1111
-784
-406
27
445
742
971
1182
1338
1383
1319
1188
1010
791
579
420
266
59
-159
-336
-497
-718
-1009
-1313
-1604
-1887
-2152
-2350
-2448
-2464
-2425
-2315
-2102
-1845
-1607
-1412
-1259
-1132
-1022
-920
-790
-589
-329
-20
309
674
1166
1740
2253
2579
2689
2769
2855
2928
2892
2789
2732
2741
2762
2773
2828
2919
2927
2746
2356
1896
1416
904
376
-180
-743
-1272
-1690
-1929
-2011
-2053
-2104
-2124
-2137
-2176
-2220
-2209
-2134
-2119
-2154
-2089
-1832
-1454
-1038
-564
0
579
1011
1338
1657
1904
1974
1860
1696
1523
1308
1102
950
837
662
429
222
49
-206
-611
-1040
-1434
-1821
-2243
-2636
-2882
-2999
-3052
-2990
-2761
-2433
-2132
-1888
-1674
-1485
-1372
-1325
-1250
-1095
-861
-564
-149
375
997
1700
2365
2862
3111
3225
3338
3388
3306
3091
2928
2883
2847
2805
2807
2920
3004
2888
2581
2200
1811
1316
704
48
-610
-1237
-1820
-2245
-2453
-2531
-2558
-2544
-2458
-2354
-2281
-2213
-2127
-2065
-2107
-2135
-2010
-1721
-1383
-1005
-495
110
669
1126
1552
1967
2247
2353
2328
2248
2072
1803
1556
1334
1099
799
526
355
171
-111
-473
-811
-1154
-1583
-2060
-2513
-2872
-3201
-3447
-3503
-3392
-3185
-2940
-2609
-2231
-1949
-1781
-1623
-1396
-1203
-1070
-873
-460
89
619
1247
2005
2727
3186
3365
3569
3793
3855
3665
3444
3381
3333
3197
3071
3114
3198
3056
2713
2320
1981
1532
914
290
-277
-850
-1506
-2093
-2452
-2631
-2774
-2895
-2875
-2759
-2643
-2530
-2360
-2136
-2012
-1982
-1905
-1681
-1419
-1179
-813
-271
328
818
1237
1727
2192
2518
2664
2708
2682
2548
2347
2129
1878
1545
1183
856
535
154
-282
-672
-1037
-1473
-1977
-2436
-2790
-3138
-3508
-3782
-3855
-3812
-3778
-3687
-3460
-3145
-2869
-2642
-2328
-1954
-1621
-1310
-898
-340
208
705
1336
2110
2779
3150
3376
3740
4135
4278
4174
4096
4137
4101
3903
3724
3693
3640
3338
2868
2410
1975
1440
796
175
-405
-1024
-1661
-2185
-2515
-2729
-2911
-3043
-3094
-3095
-3040
-2877
-2608
-2338
-2166
-1996
-1736
-1408
-1101
-780
-347
145
571
952
1411
1972
2441
2745
2950
3095
3102
2938
2724
2505
2194
1729
1201
729
272
-218
-708
-1158
-1629
-2172
-2691
-3087
-3418
-3811
-4208
-4431
-4466
-4472
-4491
-4348
-3967
-3540
-3221
-2936
-2518
-2008
-1572
-1172
-662
-30
583
1108
1729
2532
3293
3815
4157
4528
4900
5068
5008
4890
4816
4685
4412
4108
3864
3630
3258
2784
2290
1809
1293
696
71
-554
-1167
-1756
-2295
-2749
-3102
-3338
-3475
-3519
-3471
-3296
-2989
-2626
-2276
-1982
-1690
-1360
-1017
-695
-413
-96
269
648
1028
1434
1906
2361
2717
2962
3105
3157
3088
2922
2640
2213
1655
1018
381
-232
-808
-1329
-1803
-2281
-2760
-3169
-3480
-3727
-4008
-4319
-4559
-4700
-4741
-4709
-4540
-4196
-3780
-3379
-2983
-2499
-1922
-1347
-829
-326
225
793
1352
1938
2637
3394
4026
4478
4829
5190
5487
5587
5482
5273
5020
4674
4235
3805
3435
3105
2702
2233
1754
1308
872
375
-184
-797
-1435
-2071
-2660
-3137
-3478
-3673
-3744
-3688
-3492
-3167
-2731
-2256
-1820
-1471
-1185
-911
-643
-409
-204
43
349
687
1037
1438
1933
2421
2795
3011
3109
3112
2975
2683
2251
1705
1071
385
-286
-900
-1437
-1930
-2409
-2863
-3278
-3630
-3921
-4178
-4430
-4658
-4813
-4850
-4759
-4551
-4225
-3798
-3310
-2800
-2284
-1728
-1149
-596
-94
386
894
1435
2002
2591
3233
3904
4488
4925
5223
5443
5575
5534
5308
4967
4592
4190
3747
3316
2943
2631
2296
1894
1473
1073
678
202
-369
-974
-1570
-2137
-2676
-3115
-3393
-3511
-3510
-3391
-3133
-2751
-2287
-1826
-1419
-1088
-838
-632
-466
-345
-247
-97
144
439
754
1098
1518
1949
2280
2466
2541
2530
2371
2052
1615
1104
543
-67
-666
-1205
-1673
-2092
-2484
-2836
-3157
-3429
-3655
-3857
-4044
-4218
-4307
-4276
-4140
-3917
-3589
-3133
-2590
-2045
-1535
-1022
-503
-26
371
725
1114
1557
2034
2527
3035
3574
4106
4542
4834
4980
5015
4960
4771
4443
4036
3635
3268
2898
2530
2199
1924
1644
1311
942
580
224
-199
-701
-1228
-1722
-2163
-2553
-2841
-2994
-3011
-2920
-2734
-2450
-2104
-1735
-1386
-1085
-863
-730
-629
-518
-390
-262
-104
123
403
697
1002
1342
1678
1908
1987
1954
1850
1652
1343
953
521
63
-432
-920
-1354
-1722
-2058
-2386
-2702
-2980
-3211
-3394
-3527
-3613
-3649
-3614
-3494
-3290
-3011
-2646
-2195
-1706
-1236
-815
-409
-3
381
704
975
1256
1579
1942
2314
2697
3107
3547
3924
4152
4239
4249
4226
4092
3806
3437
3098
2817
2515
2191
1911
1717
1535
1266
932
609
322
-16
-446
-903
-1329
-1699
-2051
-2353
-2545
-2595
-2530
-2408
-2242
-2038
-1778
-1488
-1235
-1073
-991
-902
-774
-638
-517
-350
-68
262
548
785
1057
1366
1586
1655
1609
1524
1384
1152
856
529
191
-186
-599
-1014
-1400
-1723
-1992
-2234
-2498
-2767
-2972
-3085
-3139
-3187
-3178
-3050
-2830
-2583
-2311
-1933
-1453
-987
-629
-367
-114
149
397
621
858
1142
1470
1832
2213
2594
2942
3268
3530
3648
3605
3470
3348
3214
2983
2679
2414
2248
2098
1900
1719
1616
1535
1341
1021
669
346
7
-399
-824
-1185
-1471
-1704
-1888
-1982
-1972
-1902
-1821
-1740
-1640
-1499
-1330
-1169
-1033
-917
-779
-605
-419
-248
-77
135
361
544
684
829
984
1079
1073
1003
921
812
639
420
180
-80
-382
-714
-1036
-1345
-1653
-1961
-2237
-2462
-2629
-2723
-2736
-2679
-2591
-2467
-2273
-2018
-1750
-1499
-1238
-964
-709
-489
-269
-16
245
462
652
885
1178
1479
1745
1984
2200
2356
2422
2452
2490
2496
2414
2274
2169
2124
2076
2000
1929
1877
1795
1662
1527
1430
1336
1170
932
666
396
128
-134
-359
-552
-744
-933
-1088
-1171
-1200
-1214
-1226
-1237
-1242
-1235
-1185
-1080
-947
-825
-727
-623
-503
-379
-256
-124
0
91
145
202
282
351
382
377
341
259
125
-19
-162
-344
-598
-886
-1146
-1376
-1592
-1780
-1895
-1938
-1949
-1941
-1889
-1788
-1677
-1582
-1484
-1357
-1216
-1074
-905
-702
-480
-269
-61
163
387
583
754
925
1106
1263
1384
1486
1591
1670
1701
1702
1719
1774
1798
1779
1744
1743
1781
1784
1751
1704
1672
1634
1557
1467
1380
1302
1182
998
791
596
430
253
58
-137
-314
-471
-622
-751
-846
-925
-1015
-1126
-1222
-1274
-1274
-1255
-1230
-1194
-1144
-1066
-967
-853
-730
-607
-486
-379
-282
-183
-70
25
60
40
-10
-68
-137
-223
-309
-403
-511
-637
-757
-850
-925
-994
-1065
-1124
-1159
-1158
-1123
-1073
-1035
-1017
-998
-962
-910
-841
-731
-575
-392
-214
-37
159
352
502
595
668
756
852
936
1014
1095
1159
1173
1152
1140
1171
1215
1225
1234
1288
1403
1520
1602
1657
1701
1725
1697
1634
1584
1544
1471
1327
1139
951
781
609
409
199
-6
-198
-391
-580
-745
-889
-1038
-1214
-1391
-1523
-1586
-1590
-1573
-1543
-1492
-1406
-1296
-1183
-1071
-958
-837
-720
-618
-508
-365
-202
-81
-17
22
68
114
131
129
113
82
21
-57
-116
-160
-199
-253
-318
-383
-429
-459
-498
-572
-687
-819
-932
-1019
-1063
-1038
-932
-762
-571
-376
-184
-7
120
184
211
236
281
341
417
500
573
622
646
670
709
793
915
1044
1171
1305
1470
1634
1749
1791
1792
1793
1783
1754
1719
1682
1617
1476
1266
1044
846
660
446
215
-12
-216
-413
-609
-782
-942
-1114
-1307
-1486
-1605
-1660
-1666
-1656
-1632
-1590
-1525
-1420
-1280
-1116
-945
-755
-559
-377
-202
-32
125
228
260
256
257
267
270
267
264
257
234
205
186
172
138
69
-28
-141
-263
-395
-542
-713
-905
-1093
-1239
-1318
-1330
-1265
-1128
-944
-747
-558
-381
-226
-114
-50
-19
8
53
139
273
421
548
641
711
772
812
845
907
1010
1128
1249
1386
1557
1724
1819
1840
1823
1797
1746
1662
1567
1458
1311
1098
860
648
478
326
173
24
-124
-281
-452
-642
-855
-1104
-1376
-1628
-1831
-1964
-2016
-1983
-1890
-1765
-1617
-1425
-1182
-920
-675
-449
-235
-48
88
190
284
372
421
437
456
502
562
626
695
752
773
755
718
667
583
462
312
134
-76
-316
-557
-788
-1019
-1256
-1463
-1596
-1651
-1640
-1559
-1413
-1224
-1031
-846
-664
-491
-346
-244
-157
-59
60
200
355
504
625
713
787
859
931
998
1087
1211
1332
1426
1500
1573
1623
1606
1514
1394
1292
1200
1094
998
921
848
740
599
468
365
273
152
-4
-182
-380
-603
-863
-1129
-1371
-1569
-1706
-1772
-1752
-1636
-1441
-1212
-980
-751
-519
-282
-69
99
226
332
413
461
487
515
562
604
626
652
703
770
820
839
824
774
689
569
424
258
67
-159
-424
-714
-1004
-1263
-1484
-1675
-1829
-1939
-1975
-1940
-1842
-1684
-1475
-1233
-986
-762
-566
-387
-231
-109
-15
74
182
316
474
647
825
974
1076
1125
1128
1102
1052
1000
955
899
827
754
698
654
608
561
549
583
636
683
732
766
764
704
605
495
387
278
150
13
-118
-243
-364
-492
-599
-668
-694
-686
-637
-533
-381
-209
-49
92
217
326
414
468
494
503
494
470
440
421
419
442
462
472
487
508
516
485
420
331
217
77
-86
-252
-423
-607
-812
-1031
-1241
-1428
-1587
-1721
-1836
-1922
-1968
-1966
-1924
-1843
-1716
-1540
-1325
-1085
-839
-588
-356
-156
5
148
291
437
592
745
886
990
1032
1007
922
788
625
450
289
174
106
79
91
137
215
300
379
467
579
705
821
924
1005
1061
1079
1064
1034
998
965
932
894
843
780
706
608
496
382
283
209
171
177
215
273
328
370
394
389
358
307
238
149
51
-48
-137
-219
-295
-359
-407
-450
-489
-523
-553
-581
-608
-631
-650
-667
-682
-699
-730
-788
-883
-1004
-1147
-1303
-1464
-1610
-1732
-1826
-1888
-1908
-1873
-1775
-1620
-1409
-1146
-842
-518
-217
38
238
383
469
513
541
576
629
692
749
775
758
686
563
400
218
43
-87
-141
-137
-84
15
161
349
546
736
935
1142
1353
1546
1723
1875
1992
2056
2068
2045
2001
1942
1863
1752
1614
1450
1263
1048
819
603
410
244
110
14
-42
-80
-131
-215
-344
-504
-684
-870
-1051
-1216
-1350
-1450
-1515
-1547
-1541
-1485
-1390
-1270
-1139
-997
-848
-696
-551
-428
-335
-273
-243
-247
-289
-373
-496
-650
-821
-988
-1133
-1245
-1331
-1391
-1425
-1427
-1394
-1325
-1211
-1052
-858
-643
-428
-226
-47
95
197
256
299
353
434
535
644
747
819
833
782
673
529
371
222
119
94
141
247
405
617
869
1126
1367
1594
1817
2027
2203
2339
2435
2481
2465
2382
2248
2081
1892
1689
1468
1234
983
715
430
147
-111
-346
-558
-747
-909
-1045
-1164
-1280
-1402
-1537
-1681
-1812
-1902
-1949
-1947
-1901
-1814
-1684
-1521
-1326
-1093
-839
-592
-371
-183
-27
105
205
259
274
257
221
173
108
18
-104
-257
-441
-639
-834
-1014
-1180
-1342
-1492
-1617
-1696
-1709
-1642
-1491
-1272
-1016
-741
-464
-190
65
287
468
610
737
857
980
1093
1180
1212
1178
1087
950
794
646
533
481
501
576
696
862
1063
1277
1472
1641
1801
1955
2090
2183
2235
2233
2167
2028
1827
1596
1350
1099
844
582
318
51
-212
-480
-738
-974
-1186
-1370
-1512
-1593
-1624
-1619
-1604
-1585
-1555
-1507
-1442
-1366
-1282
-1187
-1079
-959
-834
-700
-549
-373
-193
-35
103
227
343
442
501
517
493
436
350
239
98
-77
-286
-528
-797
-1068
-1314
-1526
-1703
-1845
-1939
-1967
-1921
-1794
-1588
-1312
-988
-643
-295
44
369
658
898
1086
1238
1365
1469
1548
1593
1601
1560
1460
1306
1113
905
710
546
433
379
377
421
509
631
766
891
994
1088
1167
1221
1242
1235
1198
1125
1012
867
711
548
381
211
42
-123
-285
-443
-590
-715
-802
-861
-894
-898
-872
-822
-766
-724
-704
-699
-705
-709
-699
-676
-636
-589
-536
-476
-410
-330
-236
-143
-64
-3
50
98
136
156
151
120
68
-2
-95
-213
-356
-524
-714
-919
-1123
-1303
-1451
-1559
-1628
-1645
-1600
-1491
-1320
-1087
-806
-497
-183
127
428
711
959
1161
1311
1411
1466
1488
1483
1451
1384
1273
1117
922
702
470
252
71
-62
-140
-162
-129
-40
87
227
359
474
579
671
745
799
838
868
879
867
837
800
763
718
652
558
449
326
188
47
-84
-192
-280
-348
-390
-404
-395
-381
-378
-389
-410
-434
-456
-473
-491
-509
-523
-529
-525
-511
-482
-436
-382
-331
-285
-234
-175
-119
-79
-61
-60
-73
-102
-152
-224
-322
-451
-614
-801
-995
-1174
-1332
-1462
-1559
-1607
-1595
-1519
-1380
-1187
-943
-657
-347
-29
278
564
817
1014
1150
1237
1293
1321
1317
1286
1225
1133
1001
829
629
413
201
10
-141
-240
-289
-286
-231
-131
-5
129
262
394
517
624
719
808
888
945
974
979
968
942
899
839
762
663
548
424
302
196
101
26
-34
-81
-111
-125
-135
-153
-191
-249
-322
-398
-478
-558
-635
-709
-770
-813
-824
-795
-727
-633
-525
-403
-274
-139
-6
108
187
226
221
179
103
-8
-154
-336
-552
-783
-1011
-1216
-1386
-1517
-1605
-1646
-1633
-1560
-1429
-1239
-1009
-744
-464
-172
126
413
669
877
1036
1151
1223
1261
1263
1235
1172
1069
925
755
562
353
133
-81
-265
-401
-480
-499
-467
-386
-265
-122
34
199
371
538
690
826
943
1044
1123
1176
1203
1209
1198
1170
1126
1067
990
901
801
697
592
489
389
283
174
60
-49
-157
-270
-385
-498
-604
-694
-768
-816
-840
-842
-822
-781
-714
-620
-505
-381
-259
-140
-30
64
134
173
169
123
37
-84
-233
-405
-598
-803
-1012
-1218
-1407
-1565
-1687
-1773
-1816
-1813
-1756
-1647
-1485
-1275
-1025
-746
-446
-136
176
467
721
930
1090
1198
1259
1272
1247
1182
1080
946
780
596
396
185
-25
-222
-390
-511
-579
-592
-554
-468
-339
-176
15
223
440
661
875
1079
1271
1442
1585
1689
1753
1778
1774
1740
1678
1586
1467
1328
1173
1010
845
680
516
350
190
40
-98
-229
-357
-487
-612
-725
-819
-891
-940
-967
-971
-952
-909
-843
-756
-654
-556
-466
-391
-331
-291
-274
-285
-334
-418
-529
-661
-808
-964
-1127
-1294
-1457
-1603
-1721
-1799
-1838
-1837
-1793
-1704
-1567
-1389
-1170
-920
-648
-365
-76
213
492
749
968
1145
1278
1365
1414
1424
1397
1328
1215
1062
875
665
439
206
-19
-225
-386
-486
-525
-503
-431
-299
-116
97
334
582
832
1070
1290
1484
1652
1792
1892
1943
1955
1936
1895
1837
1759
1659
1538
1396
1235
1060
871
672
458
223
-15
-247
-464
-667
-854
-1024
-1168
-1277
-1350
-1384
-1384
-1363
-1322
-1266
-1192
-1101
-997
-887
-785
-704
-641
-594
-567
-569
-599
-657
-742
-846
-956
-1064
-1168
-1272
-1371
-1456
-1525
-1567
-1579
-1562
-1521
-1452
-1349
-1207
-1022
-802
-552
-279
10
303
599
884
1136
1339
1485
1578
1621
1621
1585
1504
1383
1226
1037
830
613
389
164
-55
-255
-409
-506
-539
-508
-421
-293
-122
86
320
573
827
1073
1308
1528
1731
1912
2067
2180
2243
2254
2219
2146
2033
1880
1689
1461
1210
939
660
374
86
-204
-491
-761
-1005
-1216
-1390
-1532
-1639
-1709
-1737
-1723
-1680
-1614
-1534
-1445
-1357
-1268
-1174
-1080
-993
-923
-868
-820
-776
-739
-710
-693
-688
-695
-713
-739
-769
-804
-845
-889
-930
-958
-968
-957
-927
-871
-787
-674
-529
-351
-147
73
298
525
747
956
1139
1284
1381
1434
1446
1417
1356
1263
1144
1006
852
685
514
343
167
-13
-193
-354
-482
-570
-615
-599
-526
-406
-241
-28
226
504
788
1062
1325
1568
1784
1968
2109
2199
2233
2206
2122
1989
1816
1607
1366
1095
805
511
218
-68
-342
-600
-840
-1057
-1246
-1406
-1530
-1620
-1679
-1718
-1728
-1706
-1659
-1592
-1513
-1424
-1327
-1230
-1134
-1037
-943
-856
-781
-714
-649
-580
-513
-452
-398
-355
-324
-307
-302
-308
-325
-355
-393
-431
-457
-472
-470
-448
-410
-351
-271
-169
-48
84
225
372
513
644
758
853
921
960
972
959
931
888
831
759
675
577
465
341
207
68
-72
-208
-330
-429
-495
-520
-505
-447
-339
-182
18
251
509
780
1050
1304
1527
1716
1862
1961
2010
2009
1961
1870
1741
1575
1375
1150
910
661
405
151
-94
-326
-547
-752
-938
-1104
-1250
-1376
-1481
-1564
-1621
-1652
-1656
-1639
-1597
-1535
-1455
-1363
-1265
-1161
-1058
-959
-871
-792
-717
-647
-582
-524
-472
-421
-371
-325
-282
-241
-204
-172
-143
-116
-88
-59
-33
-10
15
47
85
131
183
244
310
378
446
512
571
620
657
679
690
690
676
649
611
560
500
436
365
289
210
131
54
-21
-91
-149
-195
-225
-239
-228
-191
-128
-44
63
190
334
486
638
789
938
1076
1197
1296
1375
1432
1459
1452
1414
1346
1249
1122
967
793
605
405
198
-11
-217
-412
-600
-776
-940
-1085
-1214
-1326
-1419
-1496
-1554
-1593
-1616
-1624
-1615
-1587
-1541
-1478
-1401
-1310
-1205
-1089
-970
-846
-718
-590
-465
-343
-225
-112
-2
100
195
286
371
449
517
576
629
673
704
725
735
733
718
686
641
580
508
425
339
257
182
117
63
20
-10
-27
-34
-36
-33
-25
-17
-10
-7
-7
-3
1
1
0
5
15
33
57
87
124
168
218
271
328
389
454
520
586
652
715
774
824
863
889
899
893
871
832
777
704
614
508
384
247
100
-56
-216
-373
-527
-673
-810
-939
-1055
-1160
-1250
-1327
-1385
-1428
-1453
-1457
-1439
-1401
-1341
-1260
-1162
-1045
-917
-774
-621
-460
-292
-125
46
214
379
536
681
810
921
1013
1084
1130
1153
1149
1117
1061
980
878
754
612
456
293
126
-39
-195
-336
-461
-567
-651
-707
-741
-750
-738
-708
-663
-606
-539
-463
-378
-284
-183
-74
44
167
294
419
536
638
725
792
839
859
855
830
782
718
640
555
468
377
291
211
144
88
45
12
-10
-21
-25
-23
-23
-22
-24
-33
-49
-74
-106
-142
-186
-234
-287
-343
-400
-454
-511
-569
-625
-673
-717
-757
-786
-803
-807
-799
-773
-730
-667
-586
-489
-377
-250
-114
28
174
316
455
583
699
801
883
945
985
998
984
945
881
791
679
548
398
237
68
-103
-268
-425
-569
-695
-799
-878
-928
-956
-953
-924
-871
-795
-699
-585
-457
-316
-166
-12
141
293
436
569
689
792
879
943
986
1005
1000
971
919
845
749
636
507
371
227
82
-60
-195
-318
-424
-512
-579
-623
-644
-643
-624
-585
-529
-460
-379
-291
-201
-113
-29
44
106
153
183
194
186
160
123
71
12
-53
-121
-190
-252
-304
-344
-371
-385
-384
-367
-335
-288
-229
-161
-85
-4
82
167
251
333
407
471
525
568
596
611
607
584
544
483
405
310
204
86
-40
-170
-298
-417
-528
-621
-699
-754
-786
-794
-776
-730
-657
-565
-453
-326
-189
-48
93
231
362
483
587
673
743
792
821
827
812
776
724
657
577
488
387
279
168
54
-59
-169
-273
-369
-456
-531
-591
-635
-662
-671
-664
-642
-602
-546
-477
-395
-307
-215
-127
-45
28
92
141
174
191
198
195
183
163
135
107
72
42
12
-14
-31
-42
-49
-49
-44
-30
-10
12
36
62
92
122
153
186
217
250
278
299
315
324
323
312
288
253
207
153
94
28
-42
-109
-170
-227
-277
-314
-339
-356
-361
-354
-335
-304
-264
-214
-159
-100
-34
33
101
167
226
283
329
368
400
421
432
434
424
405
377
340
291
231
162
85
1
-85
-172
-257
-336
-407
-470
-522
-560
-587
-604
-612
-609
-596
-574
-545
-511
-468
-419
-367
-311
-253
-192
-130
-70
-11
46
101
152
196
233
263
285
301
311
320
324
327
330
332
337
344
351
357
362
365
367
366
360
349
333
312
286
257
224
185
144
101
57
15
-23
-55
-81
-101
-114
-119
-116
-112
-102
-89
-74
-61
-49
-39
-28
-20
-14
-8
2
14
28
41
54
70
86
99
111
118
120
119
110
93
72
41
7
-34
-83
-136
-191
-247
-301
-354
-405
-450
-488
-520
-548
-566
-577
-584
-585
-578
-563
-540
-513
-485
-450
-415
-374
-333
-291
-242
-190
-135
-77
-19
46
110
173
234
293
349
402
451
494
534
569
600
623
638
645
645
638
626
607
582
552
514
474
429
379
327
269
207
144
79
17
-42
-94
-140
-177
-202
-216
-218
-209
-192
-166
-135
-101
-67
-31
3
35
67
93
116
132
141
143
140
132
117
99
77
53
29
3
-22
-49
-81
-114
-149
-188
-227
-265
-304
-343
-377
-412
-443
-469
-490
-509
-524
-535
-540
-539
-535
-523
-506
-483
-449
-412
-369
-324
-274
-224
-176
-128
-80
-32
15
59
100
139
176
207
234
259
283
307
330
355
381
406
432
456
477
496
510
516
516
512
501
482
454
423
387
348
306
263
217
169
123
79
37
0
-33
-60
-82
-98
-105
-108
-102
-93
-81
-65
-47
-26
-6
15
36
57
75
90
102
108
107
99
84
63
36
4
-34
-75
-119
-163
-209
-253
-295
-336
-372
-407
-432
-456
-475
-489
-497
-501
-497
-486
-468
-445
-416
-380
-336
-285
-230
-172
-110
-48
11
65
116
159
192
217
235
244
244
236
220
199
174
149
123
97
76
57
43
34
32
35
45
60
80
105
132
160
189
217
245
271
294
315
334
348
360
366
364
354
335
308
274
234
190
141
94
46
-2
-44
-86
-122
-154
-179
-198
-209
-210
-206
-197
-182
-166
-143
-120
-94
-68
-44
-20
-1
15
29
34
32
22
6
-15
-44
-76
-114
-151
-191
-229
-265
-295
-322
-345
-362
-372
-371
-362
-344
-318
-281
-238
-191
-135
-77
-18
40
96
150
198
244
282
311
329
337
335
325
309
287
261
231
199
165
127
91
55
19
-17
-47
-70
-83
-92
-95
-92
-85
-75
-63
-49
-32
-11
14
38
65
94
121
148
169
185
194
195
188
172
145
112
73
28
-19
-65
-112
-154
-194
-227
-254
-272
-280
-281
-273
-256
-234
-206
-176
-137
-98
-57
-14
28
68
106
139
166
184
193
194
186
169
146
117
84
47
6
-37
-80
-122
-163
-201
-232
-255
-271
-278
-273
-258
-232
-198
-155
-105
-50
13
78
144
207
267
317
363
399
431
454
467
473
467
454
429
397
356
307
250
190
126
64
4
-54
-104
-149
-188
-223
-250
-272
-290
-299
-306
-307
-307
-304
-299
-292
-285
-274
-259
-241
-220
-196
-171
-147
-127
-110
-98
-92
-91
-95
-98
-103
-109
-113
-116
-118
-117
-109
-98
-82
-58
-30
3
39
75
113
148
181
211
233
250
263
270
269
260
245
222
197
168
136
103
66
29
-9
-45
-81
-112
-139
-164
-184
-197
-200
-196
-180
-155
-119
-75
-23
35
99
167
234
301
362
419
467
505
532
549
555
551
536
512
476
427
368
303
229
149
65
-20
-104
-190
-268
-341
-403
-459
-507
-547
-578
-598
-612
-615
-608
-591
-567
-537
-499
-455
-406
-353
-299
-245
-189
-136
-86
-41
-2
30
55
75
85
88
87
84
78
71
65
61
59
61
65
73
82
90
97
102
104
106
107
106
101
97
94
92
92
93
96
102
108
115
121
123
125
125
123
116
107
97
86
75
68
65
67
76
89
112
141
174
207
240
269
292
309
322
330
331
328
318
305
286
263
233
196
153
106
53
1
-52
-107
-162
-214
-265
-312
-357
-396
-429
-456
-474
-485
-487
-481
-468
-450
-427
-398
-365
-328
-286
-245
-201
-159
-119
-82
-48
-18
6
25
39
50
52
50
43
35
27
19
12
8
9
9
12
12
13
11
7
2
-4
-8
-13
-15
-16
-13
-10
-1
6
14
23
33
46
59
75
93
111
133
153
172
191
208
223
237
247
258
269
279
290
298
306
312
316
315
308
295
276
249
221
190
154
116
77
40
5
-27
-55
-80
-101
-119
-135
-148
-160
-171
-180
-187
-192
-191
-188
-181
-171
-159
-144
-128
-112
-98
-85
-73
-62
-53
-47
-43
-42
-46
-51
-58
-67
-76
-88
-103
-117
-131
-145
-162
-179
-197
-212
-224
-235
-242
-243
-240
-231
-216
-197
-175
-150
-127
-104
-86
-71
-58
-48
-41
-32
-27
-19
-9
3
20
39
61
85
108
130
152
171
188
201
214
224
230
234
237
239
239
238
236
232
228
223
220
215
209
202
193
183
173
161
150
138
127
117
105
92
80
68
55
44
33
24
16
13
8
5
4
2
4
7
10
14
19
24
27
30
28
23
16
5
-8
-24
-43
-66
-89
-114
-139
-163
-187
-209
-230
-250
-267
-284
-295
-304
-313
-318
-321
-323
-324
-320
-315
-305
-291
-272
-246
-219
-189
-162
-137
-114
-93
-76
-63
-53
-44
-39
-34
-28
-21
-12
0
12
26
41
59
76
94
115
133
150
164
174
181
190
200
209
219
231
244
259
273
287
298
308
314
317
315
309
302
294
284
274
264
255
248
240
228
215
202
184
164
143
121
98
77
55
35
18
6
-4
-12
-23
-33
-46
-62
-80
-102
-129
-157
-183
-208
-232
-253
-271
-285
-296
-303
-310
-314
-320
-323
-325
-326
-325
-320
-315
-310
-302
-293
-280
-265
-248
-229
-209
-187
-164
-142
-122
-103
-88
-76
-67
-60
-56
-56
-57
-57
-55
-53
-48
-38
-27
-11
7
30
52
77
102
128
150
174
196
218
242
261
280
297
313
328
339
350
358
362
361
357
348
336
322
304
283
264
245
225
206
189
170
151
131
112
91
71
48
25
3
-18
-39
-57
-74
-88
-99
-106
-111
-114
-115
-118
-120
-123
-129
-136
-144
-153
-163
-174
-179
-183
-185
-184
-182
-180
-175
-172
-168
-165
-162
-163
-165
-168
-172
-176
-178
-177
-174
-169
-161
-152
-142
-131
-120
-111
-105
-101
-98
-95
-95
-93
-92
-86
-78
-66
-52
-36
-17
4
26
45
65
84
101
117
132
146
160
175
187
200
209
219
227
232
235
235
230
223
214
203
189
175
161
145
129
114
101
91
81
71
66
60
56
51
46
42
37
31
26
17
12
6
1
-3
-7
-10
-11
-13
-17
-19
-25
-29
-36
-43
-49
-57
-66
-74
-83
-89
-95
-100
-104
-108
-112
-117
-121
-127
-132
-136
-139
-144
-148
-150
-154
-154
-153
-151
-148
-143
-133
-123
-112
-100
-90
-80
-71
-62
-55
-47
-38
-30
-21
-9
3
17
32
47
61
74
85
97
106
113
119
124
126
127
128
128
128
126
124
120
117
112
105
98
89
79
70
61
52
43
35
28
24
22
24
27
29
37
43
49
57
60
64
65
65
63
61
56
53
49
44
39
34
28
18
9
-1
-13
-24
-38
-50
-63
-76
-88
-101
-109
-117
-123
-126
-129
-130
-131
-130
-130
-130
-128
-124
-120
-114
-106
-98
-87
-75
-64
-53
-40
-29
-18
-10
-1
5
11
16
20
23
26
28
29
33
37
39
43
45
47
47
48
48
46
43
39
38
36
34
33
32
32
32
30
29
27
26
25
23
21
19
18
17
18
18
19
19
23
26
31
37
39
43
46
48
49
47
45
43
38
31
25
18
12
3
-4
-10
-16
-22
-28
-34
-38
-45
-51
-57
-63
-67
-71
-74
-75
-74
-70
-65
-60
-54
-46
-40
-31
-22
-15
-7
0
4
9
12
16
19
24
29
35
40
46
53
58
63
65
67
66
64
62
56
53
49
45
43
41
40
38
37
38
36
32
29
25
19
14
8
2
-3
-9
-17
-23
-28
-34
-40
-44
-51
-57
-62
-68
-73
-75
-77
-79
-79
-78
-75
-71
-65
-59
-54
-48
-42
-37
-34
-31
-29
-30
-29
-27
-28
-29
-29
-29
-29
-27
-26
-25
-24
-26
-24
-22
-20
-20
-19
-19
-18
-17
-13
-9
-6
-2
3
9
16
23
32
41
49
58
66
75
82
87
91
96
99
104
107
108
108
108
107
106
105
102
98
94
91
86
83
76
70
65
60
54
49
43
37
32
25
19
11
2
-8
-18
-27
-36
-45
-55
-64
-71
-77
-84
-88
-93
-99
-103
-107
-109
-112
-115
-117
-120
-120
-117
-115
-111
-104
-97
-90
-81
-73
-66
-58
-51
-45
-39
-34
-30
-26
-23
-21
-18
-15
-12
-9
-9
-7
-5
-3
1
5
8
12
15
18
22
25
30
34
42
48
53
57
62
65
70
78
83
89
97
103
107
112
117
118
119
119
118
115
112
107
103
98
94
87
82
75
69
65
59
53
46
40
31
22
14
4
-4
-14
-23
-34
-45
-54
-64
-73
-82
-89
-97
-104
-111
-118
-123
-129
-133
-136
-138
-137
-137
-135
-135
-133
-128
-124
-118
-110
-102
-93
-83
-74
-64
-57
-48
-39
-30
-22
-16
-9
-4
1
5
8
10
13
13
16
16
16
16
18
19
20
24
26
31
36
42
46
51
57
61
69
73
78
84
87
92
98
103
108
112
115
120
125
127
128
128
127
125
122
117
111
103
96
87
78
67
58
51
41
32
24
16
8
0
-8
-15
-24
-32
-41
-49
-57
-66
-72
-80
-88
-95
-101
-107
-111
-114
-117
-118
-118
-119
-118
-116
-115
-113
-109
-105
-100
-95
-89
-84
-77
-70
-63
-55
-48
-41
-36
-31
-24
-18
-13
-8
-5
-2
1
5
8
9
11
12
13
13
12
12
10
10
10
11
12
15
16
22
26
32
38
43
48
51
56
61
65
72
76
78
81
85
90
91
93
93
93
92
91
89
85
80
74
68
62
55
47
41
33
27
19
15
9
2
-3
-9
-15
-21
-27
-32
-36
-40
-44
-48
-53
-58
-61
-62
-64
-66
-65
-67
-68
-69
-68
-66
-64
-65
-62
-59
-55
-52
-48
-44
-44
-41
-37
-35
-31
-29
-29
-27
-25
-23
-23
-22
-20
-19
-18
-17
-15
-14
-12
-11
-9
-8
-7
-5
-1
2
6
9
13
17
20
24
28
32
35
39
43
47
50
52
55
59
60
61
62
61
61
61
59
59
57
53
49
48
46
42
39
35
32
28
27
23
21
18
16
14
11
11
9
9
7
6
5
4
2
0
-2
-5
-8
-9
-13
-15
-18
-22
-25
-27
-29
-32
-35
-37
-39
-41
-43
-45
-48
-50
-51
-54
-54
-55
-54
-54
-54
-53
-52
-51
-50
-49
-49
-47
-47
-46
-44
-42
-40
-37
-34
-30
-27
-24
-18
-14
-9
-4
1
5
9
14
19
23
28
32
36
39
42
45
48
51
53
53
54
53
52
49
47
44
41
38
36
33
31
29
26
25
22
20
18
17
16
15
15
17
18
16
15
16
16
17
17
16
15
14
16
14
13
13
10
8
6
3
0
-3
-6
-9
-14
-18
-21
-24
-28
-32
-35
-37
-39
-40
-41
-41
-42
-43
-43
-43
-43
-42
-41
-39
-37
-33
-30
-28
-26
-23
-20
-18
-15
-13
-11
-9
-8
-6
-5
-2
1
4
6
10
12
15
18
21
23
24
25
26
28
29
29
30
29
27
26
25
24
22
20
18
15
11
9
7
4
2
1
1
-1
-1
-1
-1
1
0
2
3
5
7
8
9
11
12
13
14
15
15
14
14
14
14
12
10
7
5
3
-1
-3
-6
-8
-11
-12
-12
-15
-15
-15
-15
-14
-16
-16
-16
-15
-17
-16
-16
-16
-14
-13
-12
-11
-10
-10
-10
-9
-10
-8
-8
-8
-9
-9
-10
-10
-9
-10
-10
-11
-10
-8
-6
-5
-5
-4
-2
-2
0
2
6
7
10
12
13
14
16
17
18
19
20
19
19
19
18
15
14
13
10
7
6
3
1
-1
-2
-2
-3
-4
-4
-4
-5
-7
-6
-7
-7
-8
-7
-6
-4
-5
-6
-5
-4
-4
-5
-6
-6
-6
-7
-7
-7
-6
-7
-7
-4
-3
-2
-2
-1
0
0
2
3
4
6
7
10
12
13
13
14
14
13
14
13
12
12
10
11
8
5
4
1
0
-1
0
0
-1
0
-1
-1
1
2
3
5
6
8
9
11
13
14
15
17
18
20
20
19
20
19
17
17
16
14
12
9
5
2
-2
-7
-10
-15
-20
-22
-25
-28
-30
-33
-35
-38
-39
-39
-40
-40
-40
-39
-40
-40
-40
-37
-35
-33
-32
-31
-29
-28
-27
-25
-24
-21
-21
-18
-18
-16
-13
-13
-11
-10
-9
-5
-3
0
2
3
5
8
10
14
17
21
24
26
26
28
29
30
31
32
32
32
33
35
36
36
36
37
39
38
40
40
41
42
44
46
49
51
51
52
53
54
56
55
54
52
50
48
45
43
40
36
32
27
22
17
11
6
0
-9
-16
-24
-29
-36
-41
-47
-52
-56
-61
-64
-68
-70
-73
-74
-78
-80
-81
-81
-82
-82
-81
-79
-78
-76
-74
-72
-70
-67
-66
-63
-61
-59
-58
-55
-53
-50
-47
-42
-37
-32
-27
-23
-18
-14
-8
-2
3
9
17
22
27
33
39
42
46
50
53
57
60
65
70
74
77
79
81
83
84
85
85
84
84
81
80
80
80
80
79
78
79
76
73
72
69
65
62
58
54
48
41
35
30
23
17
12
6
0
-5
-12
-18
-24
-31
-37
-43
-50
-56
-61
-65
-70
-75
-80
-83
-86
-90
-92
-93
-94
-94
-95
-95
-94
-93
-92
-91
-89
-87
-85
-84
-79
-77
-73
-68
-65
-61
-56
-50
-43
-37
-32
-25
-20
-15
-8
-2
5
11
16
24
29
36
42
48
53
56
62
65
67
70
73
77
79
83
85
86
88
89
88
88
87
85
83
82
79
78
75
72
70
67
66
62
58
55
51
48
43
38
33
27
21
15
7
0
-6
-10
-16
-21
-25
-30
-34
-37
-44
-47
-51
-55
-59
-62
-65
-68
-68
-72
-73
-75
-74
-76
-75
-75
-75
-75
-76
-76
-75
-75
-74
-73
-72
-70
-69
-68
-64
-60
-56
-51
-46
-41
-36
-31
-24
-18
-13
-6
0
6
11
17
22
27
32
38
41
45
50
53
56
58
60
62
64
66
67
67
68
69
71
71
72
72
70
70
68
66
63
62
59
56
55
53
52
49
46
44
41
38
36
33
29
24
21
16
12
9
3
-2
-5
-9
-12
-18
-20
-23
-27
-30
-35
-39
-42
-45
-49
-53
-55
-58
-61
-62
-62
-63
-64
-64
-64
-64
-64
-64
-64
-61
-60
-58
-56
-54
-51
-49
-48
-47
-43
-40
-36
-32
-28
-23
-19
-15
-11
-8
-5
0
3
7
11
14
19
23
26
27
28
31
32
33
35
37
38
38
38
39
38
39
39
40
42
43
43
43
42
42
41
40
40
39
38
37
36
35
33
33
33
31
30
30
29
27
24
22
19
17
16
14
10
5
4
0
-3
-6
-7
-10
-13
-15
-17
-19
-21
-22
-23
-25
-27
-28
-28
-30
-31
-32
-32
-34
-34
-35
-35
-35
-36
-37
-39
-39
-39
-40
-38
-39
-38
-37
-35
-33
-32
-31
-27
-24
-20
-19
-17
-14
-12
-8
-4
-2
0
2
5
7
8
10
10
10
13
14
14
15
17
18
19
18
19
21
22
22
24
25
26
28
28
29
29
29
29
30
31
31
31
30
28
29
29
28
28
26
26
26
25
23
20
18
16
13
12
9
7
6
3
3
1
-1
0
-4
-4
-5
-7
-10
-12
-14
-17
-19
-18
-20
-20
-21
-23
-23
-22
-24
-24
-25
-26
-26
-26
-27
-27
-27
-29
-29
-30
-28
-28
-27
-27
-25
-24
-24
-22
-20
-19
-18
-16
-16
-14
-13
-12
-11
-9
-9
-6
-2
-1
2
5
6
7
8
8
10
11
12
14
15
16
18
19
20
22
21
22
22
22
22
22
22
21
22
23
22
21
21
21
19
18
17
18
18
16
15
16
14
12
12
11
11
10
6
6
4
5
4
2
1
1
0
-1
-1
-3
-5
-6
-8
-8
-10
-10
-11
-12
-12
-15
-17
-17
-19
-18
-20
-22
-23
-25
-24
-24
-24
-23
-23
-21
-20
-19
-16
-16
-14
-12
-11
-9
-8
-6
-4
-2
-4
-3
0
1
5
5
5
7
7
8
8
9
10
10
11
13
12
13
12
14
15
16
17
16
17
17
17
16
16
15
14
13
13
11
10
10
9
10
9
8
6
5
4
2
1
0
-1
0
-1
-2
-3
-4
-3
-5
-6
-6
-6
-6
-6
-6
-6
-6
-7
-7
-7
-9
-11
-13
-13
-13
-14
-13
-13
-14
-13
-14
-14
-15
-15
-16
-17
-16
-16
-15
-13
-13
-11
-10
-8
-5
-3
-2
0
0
3
4
4
5
5
6
5
6
7
7
7
9
8
10
10
11
12
12
13
12
11
10
11
10
10
10
11
10
10
10
11
12
11
10
10
9
10
9
8
7
6
4
4
3
2
2
0
-1
-1
0
-1
-2
-4
-3
-6
-7
-8
-9
-8
-9
-10
-10
-8
-7
-8
-7
-7
-6
-6
-7
-7
-9
-8
-8
-9
-10
-9
-10
-10
-10
-10
-9
-10
-8
-8
-7
-7
-6
-6
-7
-5
-4
-2
-1
0
2
3
4
5
6
8
9
11
13
13
13
13
14
12
13
13
14
15
14
13
13
13
12
10
11
10
9
9
9
9
9
8
9
9
9
8
7
6
6
4
2
1
-1
-3
-4
-7
-9
-10
-11
-13
-12
-14
-15
-15
-17
-18
-19
-19
-20
-20
-21
-21
-21
-22
-22
-20
-20
-18
-17
-14
-12
-11
-9
-9
-8
-7
-6
-6
-6
-4
-3
-1
-1
0
-1
1
1
1
2
5
3
5
5
6
7
9
11
12
12
12
14
16
16
18
20
21
22
23
23
23
23
23
23
23
22
23
23
21
22
21
20
20
19
18
17
14
13
10
9
8
7
5
4
2
1
0
-3
-6
-10
-10
-13
-15
-17
-19
-22
-24
-25
-27
-27
-28
-29
-30
-31
-31
-30
-30
-29
-30
-30
-29
-29
-27
-26
-24
-23
-21
-18
-16
-14
-11
-10
-8
-8
-6
-3
-2
-1
-1
2
2
3
4
4
6
8
9
10
10
12
14
14
16
17
19
19
20
21
21
21
22
22
24
24
26
27
27
28
28
27
27
27
26
26
24
22
23
21
19
18
18
15
15
15
12
11
8
6
4
2
2
1
-2
-2
-4
-4
-5
-7
-8
-12
-15
-17
-19
-21
-23
-25
-27
-28
-28
-30
-31
-32
-32
-35
-36
-36
-36
-36
-34
-33
-33
-32
-31
-29
-27
-27
-24
-21
-19
-18
-14
-12
-11
-8
-7
-5
-3
-1
3
5
6
7
9
10
10
11
14
14
16
18
20
21
23
23
25
26
27
28
29
30
31
30
30
30
31
30
30
30
29
30
28
26
27
25
24
23
20
19
17
14
12
11
8
5
3
2
0
-1
-3
-5
-6
-8
-10
-12
-13
-15
-17
-18
-21
-22
-23
-24
-24
-25
-26
-26
-26
-27
-28
-27
-27
-27
-25
-26
-25
-24
-24
-24
-22
-21
-21
-20
-19
-17
-16
-16
-13
-11
-10
-8
-5
-3
-1
0
1
2
4
4
4
6
8
8
9
12
14
15
17
16
17
18
18
19
20
19
20
22
23
24
25
26
25
26
25
25
25
24
23
20
20
18
17
15
13
12
10
7
6
5
3
2
0
0
-1
-2
-2
-3
-5
-5
-6
-6
-6
-7
-7
-9
-11
-13
-13
-13
-15
-15
-16
-15
-16
-16
-19
-19
-19
-19
-18
-21
-19
-20
-21
-21
-20
-19
-20
-19
-18
-17
-16
-15
-15
-13
-13
-11
-10
-9
-7
-6
-5
-2
-1
0
2
3
2
3
3
6
7
7
8
9
10
10
10
11
12
12
14
13
14
14
15
14
15
14
15
14
13
13
13
14
14
14
13
12
13
13
13
11
11
9
7
7
7
8
5
4
3
2
2
1
-1
-1
0
2
2
