2
2
1
0
1
0
1
2
1
2
1
-1
0
1
2
2
2
2
0
0
0
-2
-2
-2
-2
-3
-2
-2
-4
-4
-6
-5
-6
-4
-5
-6
-5
-5
-5
-3
-2
-3
-3
-3
-3
-1
-1
-1
-2
-2
-1
0
1
0
1
1
0
2
2
2
2
0
0
0
2
3
3
2
2
3
2
2
1
1
2
2
4
4
5
4
3
3
2
3
3
3
4
3
1
2
2
0
1
-1
1
-1
1
2
1
0
-1
-1
-1
-1
-1
-1
-2
-1
0
-1
0
-1
-3
-3
-2
0
1
2
0
0
1
2
3
3
1
2
1
0
2
1
1
1
1
0
1
0
-1
0
0
-1
-2
-2
-2
-2
-2
-2
-2
-2
-2
-1
-1
-1
0
-1
-1
1
2
1
2
2
1
3
2
3
2
1
0
1
1
2
1
2
0
0
0
0
-1
-1
-1
-2
-2
-1
-2
-2
-4
-3
-3
-2
-1
-3
-3
-4
-3
-3
-3
-4
-4
-5
-6
-6
-5
-6
-5
-4
-2
-3
-2
-1
-2
-2
-1
1
0
0
-1
0
0
1
3
2
2
1
1
1
2
3
2
3
3
4
3
4
4
6
6
3
3
3
5
6
4
4
2
3
2
2
2
2
2
1
0
0
-2
-1
0
0
1
0
-1
-1
-1
-1
0
0
-1
-1
-1
-1
-1
-1
0
0
2
1
2
3
2
2
3
4
4
3
2
2
1
1
1
1
1
1
1
0
-1
-1
0
-1
-1
-1
-1
-2
-2
-3
-2
-1
-1
-1
-1
-1
-2
-1
-2
-2
-2
-2
-3
-2
-2
-2
-2
-2
-2
-2
-1
-2
0
0
0
0
1
1
2
1
2
2
3
4
3
3
2
1
2
2
1
1
1
1
1
0
0
0
-1
-1
-2
-2
-2
-2
-2
-2
0
-1
-2
-3
-4
-4
-4
-4
-4
-4
-3
-3
-3
-4
-5
-5
-4
-5
-4
-4
-3
-2
-4
-3
-2
-2
-2
-3
-1
-1
0
1
1
0
-1
0
-1
1
2
3
4
3
4
5
5
5
4
5
6
6
7
7
7
8
9
10
9
9
8
6
4
4
4
4
3
3
3
3
3
2
0
-2
-2
-2
0
0
-1
-3
-2
-3
-3
-2
-1
-1
-3
-2
-3
-1
-2
-3
-2
-3
-2
-2
-1
-2
-3
-3
-3
-3
-3
-5
-6
-4
-5
-4
-2
-1
-2
-1
-1
0
1
1
1
1
0
1
1
2
1
1
1
2
2
4
5
5
5
3
1
1
1
2
2
1
0
0
0
-1
-2
-1
-1
-2
-3
-2
-2
0
0
-1
-2
-2
-2
-1
0
-1
-1
0
-1
-3
-3
-4
-3
-2
-1
0
-2
-2
-1
-2
-2
-1
0
0
0
2
2
2
3
3
1
1
1
2
2
2
2
1
0
-1
-1
0
-1
0
0
-1
-1
-2
-1
-1
-1
0
1
0
0
0
-1
0
0
-1
-1
-2
-4
-4
-5
-4
-3
-4
-5
-5
-5
-5
-4
-3
-1
-2
-1
0
1
2
4
4
3
3
4
5
6
5
5
4
4
5
5
5
5
3
1
1
2
3
4
7
6
7
7
8
6
6
5
3
2
1
3
4
2
3
1
0
0
-3
-4
-5
-3
-4
-3
-3
-4
-5
-7
-6
-5
-3
-1
0
1
1
-1
0
-1
-2
-4
-3
-2
-1
-1
0
-1
-2
-5
-5
-4
-2
-1
0
0
1
1
-1
0
2
2
6
11
11
10
9
5
5
4
2
2
2
3
4
2
2
0
-3
-4
-5
-5
-3
-3
-3
-3
-4
-6
-9
-10
-10
-10
-9
-9
-9
-11
-12
-12
-13
-13
-12
-11
-9
-8
-7
-5
-4
-3
-3
-1
-1
0
-1
-1
-1
-1
1
1
2
0
1
0
0
0
-3
-3
-4
-3
-1
0
1
2
3
3
2
3
4
4
5
8
9
11
10
11
10
9
11
11
13
15
15
15
12
11
9
7
6
6
8
9
12
14
14
13
10
8
5
5
3
3
3
4
4
3
1
-1
-4
-6
-6
-4
-3
-2
-2
-3
-5
-3
-2
-2
-1
-2
-2
-3
-3
-4
-3
-4
-5
-5
-4
-4
-5
-9
-11
-14
-13
-9
-7
-6
-7
-11
-13
-14
-14
-12
-11
-8
-5
-4
-3
-4
-7
-10
-11
-10
-5
1
2
2
1
1
0
0
-1
0
2
4
8
10
10
6
2
-1
-2
-1
3
7
8
8
6
3
0
-2
-6
-8
-6
-1
4
6
7
5
4
4
5
7
8
10
10
11
10
11
7
3
3
2
4
5
4
2
-1
-5
-7
-9
-11
-11
-10
-8
-7
-4
-4
-3
-6
-7
-7
-6
-3
-4
-3
-3
-3
-3
-3
-1
-1
0
0
0
2
2
3
3
0
2
2
5
7
8
9
9
9
8
6
6
4
5
6
8
9
8
6
5
5
4
2
3
4
4
5
4
3
3
1
-1
-1
-2
-1
-1
-1
1
1
-2
-3
-5
-5
-6
-6
-8
-8
-10
-10
-10
-9
-8
-7
-4
-4
-5
-7
-9
-10
-10
-7
-5
-4
-2
-3
-1
-3
-3
-6
-8
-8
-6
-3
-1
0
0
2
2
3
5
6
9
11
12
13
11
7
6
4
7
9
13
15
17
16
12
6
1
-5
-7
-5
-4
-1
1
2
0
0
-4
-4
-4
-3
-3
-3
-2
-1
-2
0
-1
-1
0
2
2
1
0
-6
-9
-15
-16
-15
-14
-10
-6
-5
-4
-5
-6
-9
-10
-10
-7
-4
-2
0
1
2
3
6
9
12
16
16
15
11
6
2
2
4
6
13
17
20
21
16
12
8
4
2
2
4
6
7
8
7
4
1
2
2
0
-2
-6
-10
-12
-10
-14
-16
-16
-16
-12
-6
-6
-7
-8
-10
-9
-8
-8
-11
-15
-15
-12
-7
-1
1
-4
-9
-11
-15
-16
-18
-18
-16
-13
-6
-3
0
1
0
-1
2
6
8
8
12
15
12
15
14
8
8
11
11
13
18
15
11
11
11
12
11
10
12
16
24
29
31
28
23
18
21
28
29
30
24
17
13
11
5
-2
-7
-12
-13
-7
-3
-9
-21
-35
-47
-53
-54
-52
-47
-39
-34
-35
-32
-28
-33
-36
-26
-17
-9
-4
-7
-15
-25
-33
-32
-20
-2
9
6
0
-9
-24
-39
-40
-34
-24
-3
20
31
31
15
-4
-5
3
22
49
72
77
69
60
54
45
36
43
58
74
95
96
73
52
20
-5
1
16
25
45
59
63
60
42
22
4
-15
-11
6
14
25
22
-6
-17
-30
-71
-89
-83
-90
-89
-70
-60
-77
-108
-130
-142
-157
-147
-122
-110
-83
-52
-49
-59
-61
-85
-116
-103
-64
-34
-25
-25
-26
-41
-52
-41
-33
-31
-20
-5
18
41
42
23
9
20
49
81
118
156
175
173
187
211
209
198
199
206
226
254
258
251
250
236
210
208
206
167
126
109
93
72
52
25
-12
-39
-64
-83
-96
-106
-122
-140
-142
-139
-159
-190
-199
-199
-214
-217
-200
-200
-211
-210
-209
-216
-223
-240
-249
-238
-241
-240
-216
-210
-213
-200
-182
-160
-151
-152
-133
-122
-119
-80
-57
-52
-27
-17
-24
-1
7
-11
15
45
53
82
102
114
117
100
118
147
163
219
288
330
382
425
432
449
467
449
468
511
525
556
575
572
571
517
445
399
344
279
240
205
160
113
23
-56
-113
-213
-297
-323
-349
-368
-383
-417
-439
-477
-532
-558
-535
-515
-501
-452
-407
-374
-387
-399
-376
-385
-373
-337
-309
-268
-247
-255
-274
-249
-251
-307
-278
-232
-237
-220
-181
-151
-171
-179
-136
-102
-68
-42
-25
12
46
66
78
127
181
173
205
282
297
291
314
318
340
396
436
469
552
599
584
625
701
701
662
680
728
743
725
723
719
679
621
569
535
483
385
287
221
183
74
-67
-111
-190
-332
-379
-405
-459
-508
-569
-617
-628
-655
-701
-713
-691
-662
-640
-622
-567
-521
-578
-571
-471
-485
-483
-387
-396
-371
-317
-371
-359
-304
-357
-353
-279
-260
-243
-224
-243
-209
-201
-256
-186
-94
-101
-39
8
65
134
49
62
172
96
117
256
209
243
384
322
329
473
390
357
492
478
498
625
611
657
741
674
701
781
717
713
763
742
773
758
676
661
573
460
428
368
283
249
182
88
60
-54
-205
-250
-358
-431
-421
-480
-492
-524
-597
-623
-666
-690
-667
-668
-663
-609
-577
-576
-547
-543
-544
-494
-507
-493
-382
-342
-349
-299
-277
-296
-276
-316
-320
-204
-223
-303
-183
-109
-146
-243
-205
-128
-219
-201
-123
-42
-42
-114
-2
50
2
122
87
50
217
285
194
252
468
370
252
496
515
450
601
542
523
636
602
534
638
722
620
613
682
633
587
552
543
599
558
510
531
460
421
359
224
205
179
87
33
23
-28
-143
-242
-310
-341
-409
-509
-452
-467
-577
-576
-564
-590
-636
-646
-621
-577
-578
-553
-437
-452
-500
-408
-440
-438
-344
-317
-311
-314
-245
-188
-201
-203
-205
-233
-334
-374
-217
-274
-210
-152
-209
-98
-194
-253
-184
-176
-222
-255
13
91
11
194
150
122
58
17
212
278
283
450
528
460
421
520
442
358
534
523
528
719
758
729
691
647
541
462
511
531
617
665
623
595
529
414
266
196
274
223
204
256
225
124
-4
-89
-159
-234
-248
-277
-220
-204
-281
-309
-415
-505
-499
-558
-548
-439
-440
-448
-405
-410
-498
-526
-528
-545
-543
-473
-354
-460
-445
-358
-382
-321
-462
-562
-402
-446
-562
-418
-198
-380
-439
-241
-338
-332
-350
-486
-240
-44
-312
-134
72
-69
-139
-45
32
68
149
231
229
448
552
342
337
492
536
420
548
806
783
700
712
646
764
734
593
670
733
725
614
586
714
610
464
523
565
448
372
419
371
340
346
216
147
184
80
-52
62
62
-102
-113
-191
-280
-270
-320
-342
-339
-349
-448
-508
-428
-502
-559
-517
-610
-535
-491
-561
-510
-572
-606
-681
-690
-576
-622
-516
-566
-563
-459
-639
-597
-549
-779
-709
-408
-488
-409
-90
-363
-529
-179
-437
-535
-145
-8
-107
91
262
150
239
174
-5
290
394
365
646
697
762
547
471
630
503
541
735
794
921
876
815
667
493
483
403
483
722
799
718
632
627
471
235
303
336
379
464
460
506
490
276
83
32
65
-8
-13
108
131
-7
-124
-139
-258
-473
-515
-451
-503
-424
-396
-548
-626
-585
-850
-936
-631
-848
-843
-552
-752
-847
-667
-775
-779
-704
-727
-631
-499
-606
-455
-553
-710
-283
-443
-606
-92
-33
-365
134
30
-243
-73
-96
-125
135
216
101
360
362
131
176
302
351
470
309
517
678
562
540
500
482
554
520
633
791
828
785
423
572
665
482
423
494
670
546
444
594
662
524
189
260
478
277
403
432
325
437
212
31
205
199
-75
-113
119
50
-98
-142
-246
-296
-416
-599
-568
-511
-532
-653
-745
-551
-618
-884
-819
-647
-684
-843
-651
-524
-672
-660
-540
-549
-475
-455
-529
-374
-229
-292
-366
-194
-295
-208
-292
-371
90
-151
-397
-115
-76
-181
-87
51
-134
15
239
-365
166
515
45
115
265
497
338
298
672
530
365
469
512
738
511
601
654
462
556
466
550
679
380
478
438
305
537
429
272
332
366
248
219
373
290
200
288
228
280
205
36
149
155
-2
133
97
45
56
-186
-168
-1
-229
-363
-202
-346
-471
-332
-377
-489
-446
-422
-541
-412
-406
-499
-397
-458
-386
-390
-386
-483
-505
-389
-452
-364
-212
-401
-412
-264
-338
-558
-348
-290
-696
-385
-199
-368
-206
-85
-100
-412
-229
41
-268
-32
164
176
-51
34
512
-143
114
532
82
298
622
268
232
562
339
120
399
511
320
538
436
313
491
291
341
457
329
643
456
301
581
520
166
240
521
269
208
456
374
260
351
237
130
205
421
112
163
535
148
-46
159
199
-39
-89
129
-46
-17
-4
-201
-137
-294
-359
-520
-474
-78
-689
-692
-21
-736
-718
-234
-540
-759
-532
-598
-787
-186
-443
-871
-124
-527
-722
-246
-725
-409
-158
-857
-380
72
-756
-367
23
-535
-377
26
-359
-264
313
-172
-197
353
-33
-9
226
138
336
315
104
398
468
19
195
352
248
265
476
411
409
525
335
470
491
445
394
379
817
642
287
783
648
288
622
751
463
597
756
308
438
662
264
328
462
313
390
187
290
308
-95
-24
166
-135
-115
156
-317
-268
88
-631
-393
40
-811
-546
-86
-846
-629
-279
-479
-809
-674
-616
-814
-514
-655
-561
-553
-929
-436
-393
-887
-150
-571
-734
-445
-396
-432
-533
-196
-429
-565
-270
-445
-108
-71
-497
9
-68
-169
-67
-47
235
-51
83
289
102
681
99
210
832
182
350
520
512
515
400
529
480
671
586
379
764
560
450
718
485
706
745
243
644
955
512
480
738
566
340
508
426
534
566
243
288
443
219
165
105
-101
206
14
-338
60
49
-426
-452
-256
-372
-300
-617
-700
-87
-483
-926
-424
-432
-849
-661
-688
-748
-261
-569
-1020
-300
-597
-870
-749
-694
-274
-743
-802
-126
-667
-715
-223
-858
-1014
-130
-400
-1122
359
150
-1222
141
169
-700
169
87
-55
83
294
429
108
603
381
113
306
739
711
18
978
910
-138
806
764
259
672
719
567
757
1011
525
518
1043
338
397
791
441
713
617
531
804
572
479
485
509
497
410
469
399
569
336
82
348
129
-126
151
-188
-59
21
-399
-366
-245
-374
-697
-615
-445
-780
-661
-783
-604
-615
-927
-532
-798
-788
-758
-1134
-536
-255
-983
-585
-237
-801
-896
-255
-788
-749
-309
-570
-543
-100
-645
-661
-255
-976
-520
-130
-682
166
62
-751
392
13
-875
385
206
-275
876
709
-34
613
663
-471
472
935
160
940
992
589
889
279
508
921
371
650
1264
893
924
1197
473
469
809
364
623
1255
971
876
798
524
556
306
95
566
439
211
667
365
16
198
-346
-547
-110
-129
-387
-137
-102
-534
-681
-667
-700
-864
-641
-585
-671
-386
-431
-1030
-494
-624
-1126
-833
-520
-812
-511
-529
-798
-514
-669
-1133
-527
-521
-1052
-444
-469
-533
-649
-517
-674
-624
-313
-500
-207
-29
-371
105
-301
79
271
-361
224
370
65
266
489
461
141
531
265
313
907
410
447
832
665
489
571
1034
1010
505
890
1064
888
769
1091
894
903
1115
782
886
1332
775
523
765
643
547
627
667
631
457
61
170
80
-93
-88
-322
-236
-61
-341
-473
-197
-604
-970
-540
-765
-749
-496
-685
-675
-618
-744
-1070
-781
-799
-1358
-633
-460
-895
-254
-829
-1064
-806
-1268
-1124
-747
-627
-550
-651
-327
-528
-884
-523
-808
-946
-693
20
-65
-308
388
-343
-827
33
-274
-412
530
456
67
446
398
91
4
129
211
296
895
1124
992
967
894
717
596
1101
1141
1011
1504
1479
1245
1301
1143
1060
971
963
1240
1215
1198
1040
779
700
522
446
394
388
345
239
251
169
17
-141
-295
-417
-276
-536
-380
-247
-764
-558
-530
-1058
-538
-684
-1136
-678
-565
-1165
-759
-368
-1167
-1019
-392
-1238
-1025
-264
-1168
-855
-578
-1016
-772
-675
-994
-729
-680
-809
-549
-551
-710
-582
-826
-1057
-309
-479
-520
-55
-510
-352
-80
-556
-310
334
-101
-94
516
303
378
639
114
349
847
541
887
1533
1286
1031
1038
892
1122
1151
1168
1625
1637
1464
1627
1243
1098
1256
776
777
1345
1307
1008
1007
606
328
241
-44
273
461
116
84
269
-62
-400
-432
-748
-668
-449
-548
-205
-160
-639
-890
-954
-1105
-903
-835
-585
-336
-717
-844
-615
-1053
-1372
-813
-997
-995
-327
-364
-1003
-713
-802
-1464
-1010
-818
-794
-506
-568
-701
-562
-907
-973
-617
-937
-579
-69
-465
-355
49
-887
-455
-159
-507
10
432
221
361
542
276
564
637
475
1224
1332
839
1739
1370
907
1521
1448
1160
1821
1883
1587
1733
1538
1193
1187
1033
1104
1272
913
968
996
447
293
286
24
30
154
-54
-37
-1
-488
-477
-422
-605
-561
-445
-495
-455
-402
-580
-610
-640
-744
-679
-619
-517
-395
-671
-713
-668
-770
-707
-896
-670
-643
-983
-852
-938
-696
-888
-1084
-806
-849
-989
-1161
-700
-787
-1001
-719
-867
-772
-499
-999
-497
-512
-897
-415
-351
-350
195
-136
-399
43
176
-16
388
918
732
1097
998
943
1379
1119
929
1620
1754
1766
2023
1849
1889
1719
1242
1468
1620
1367
1306
1528
1284
1047
820
336
245
238
3
142
232
-1
-128
-556
-683
-604
-838
-817
-527
-453
-534
-499
-624
-736
-756
-909
-715
-405
-471
-364
-306
-481
-523
-707
-669
-573
-584
-534
-535
-579
-664
-672
-833
-1026
-755
-988
-920
-645
-987
-717
-641
-1085
-969
-701
-575
-851
-756
-526
-753
-655
-291
-390
-235
-107
-293
-187
145
337
51
438
876
753
1017
1188
985
1081
1007
1132
1556
1938
1934
1779
1771
1751
1575
1379
1415
1565
1355
1176
1424
1274
886
510
122
68
127
41
81
28
-266
-662
-877
-810
-829
-893
-862
-781
-643
-695
-745
-651
-756
-899
-774
-447
-285
-263
-239
-336
-371
-310
-368
-255
-105
-249
-412
-293
-369
-486
-509
-626
-586
-604
-682
-764
-682
-884
-1063
-842
-730
-745
-732
-715
-815
-1013
-762
-693
-743
-362
-214
-420
-47
202
-182
-166
4
40
300
1064
1371
1158
990
807
831
1099
1445
1863
1980
1864
1929
1852
1815
1816
1328
1133
1257
1350
1628
1737
1320
656
99
-327
-262
29
-15
-176
-383
-736
-879
-1002
-1325
-1414
-1394
-1407
-1150
-697
-615
-954
-1242
-1246
-1144
-834
-331
-80
-117
-202
-195
-167
-38
81
-39
-65
138
87
53
107
-85
-317
-434
-462
-391
-424
-646
-865
-862
-823
-1016
-880
-765
-1022
-945
-891
-1094
-841
-617
-770
-644
-106
14
-198
-23
61
-108
115
518
1129
1535
1309
1088
1022
1164
1382
1534
1908
2181
1984
1844
2105
2170
1685
1388
1301
1266
1485
1630
1531
1261
547
-86
-227
-192
-54
-90
-497
-767
-792
-1123
-1413
-1379
-1471
-1674
-1525
-1225
-1069
-1125
-1316
-1421
-1369
-1086
-745
-570
-366
-275
-461
-465
-66
108
-2
151
234
100
103
136
56
31
-29
-144
-81
-112
-331
-515
-671
-771
-777
-741
-782
-749
-849
-1073
-1082
-993
-910
-867
-785
-478
-374
-333
-54
-58
-99
24
306
831
1460
1560
1237
1243
1415
1463
1745
2167
2282
2174
2011
2163
2353
2123
1771
1503
1370
1389
1452
1460
1235
686
48
-276
-245
-145
-279
-618
-889
-1070
-1305
-1444
-1402
-1530
-1736
-1765
-1618
-1339
-1254
-1357
-1485
-1444
-1198
-1028
-787
-454
-449
-648
-550
-186
-1
0
120
138
38
95
159
193
193
-42
-174
-150
-204
-281
-401
-567
-654
-705
-768
-733
-781
-1002
-1216
-1121
-973
-923
-801
-608
-483
-526
-405
-238
-233
-67
481
1109
1406
1283
1158
1353
1586
1742
2172
2635
2629
2396
2447
2663
2603
2300
2057
2035
2014
1941
1930
1772
1222
504
20
12
198
117
-278
-739
-1069
-1386
-1701
-1784
-1669
-1714
-1945
-1957
-1732
-1722
-1932
-1969
-1756
-1513
-1352
-1122
-823
-708
-912
-988
-605
-141
14
31
105
15
-155
-144
108
298
191
-28
-164
-278
-449
-574
-562
-561
-635
-722
-789
-854
-1030
-1266
-1323
-1166
-966
-742
-588
-542
-631
-749
-623
-324
131
785
1202
1070
858
1007
1287
1584
2046
2526
2666
2540
2501
2744
2915
2692
2447
2495
2579
2578
2582
2447
1977
1259
701
631
858
859
488
-26
-527
-997
-1355
-1485
-1437
-1473
-1718
-1963
-2034
-2029
-2183
-2411
-2307
-1935
-1730
-1666
-1438
-1254
-1439
-1598
-1267
-726
-382
-284
-194
-129
-307
-465
-248
100
215
55
-142
-192
-277
-511
-674
-649
-628
-732
-871
-917
-1013
-1297
-1548
-1364
-938
-747
-818
-957
-993
-913
-776
-302
564
971
641
449
907
1430
1643
1843
2206
2527
2574
2648
3079
3252
2782
2311
2422
2910
3140
2975
2711
2326
1671
1150
1238
1586
1446
819
284
125
16
-355
-739
-941
-1151
-1394
-1448
-1312
-1316
-1780
-2349
-2378
-1965
-1683
-1704
-1672
-1591
-1786
-1966
-1631
-1025
-826
-1000
-1008
-796
-716
-727
-534
-231
-247
-520
-526
-293
-305
-563
-684
-606
-600
-776
-901
-916
-1070
-1387
-1383
-983
-767
-964
-1243
-1322
-1221
-994
-482
218
410
-91
-427
45
862
1333
1542
1793
1860
1721
1938
2664
3111
2759
2245
2310
2761
3013
2942
2795
2504
1933
1553
1793
2194
1968
1176
607
572
598
350
65
-109
-430
-889
-1013
-734
-681
-1159
-1647
-1608
-1310
-1288
-1449
-1432
-1378
-1566
-1680
-1283
-811
-894
-1263
-1290
-995
-839
-852
-757
-612
-712
-911
-849
-631
-653
-884
-989
-872
-754
-810
-967
-1100
-1199
-1218
-1090
-866
-760
-935
-1213
-1222
-856
-259
214
169
-254
-439
-136
407
928
1293
1354
1117
976
1322
1940
2176
1943
1731
1809
1992
2140
2294
2331
1996
1504
1415
1789
2041
1786
1293
978
899
830
703
605
432
84
-228
-265
-126
-183
-578
-939
-935
-814
-905
-1035
-969
-955
-1180
-1272
-961
-670
-806
-1074
-1053
-852
-777
-770
-652
-563
-725
-955
-936
-754
-707
-837
-953
-943
-907
-1003
-1169
-1218
-1136
-1106
-1105
-981
-828
-870
-1042
-896
-292
243
186
-138
-146
136
398
698
1163
1442
1223
939
1131
1608
1709
1391
1264
1474
1580
1458
1417
1453
1192
714
627
1006
1236
964
542
404
476
443
329
330
348
138
-163
-173
67
137
-131
-383
-313
-210
-361
-501
-375
-311
-577
-751
-484
-187
-355
-724
-792
-662
-657
-616
-362
-252
-587
-1012
-1049
-795
-672
-753
-835
-862
-905
-1004
-1075
-1037
-963
-971
-995
-872
-679
-675
-698
-363
209
382
45
-166
143
598
905
1219
1540
1483
1109
1064
1550
1913
1689
1287
1237
1463
1570
1502
1338
1009
499
223
466
849
774
233
-255
-382
-320
-346
-414
-405
-475
-702
-854
-717
-498
-578
-859
-876
-599
-467
-547
-506
-392
-502
-671
-510
-113
-2
-248
-399
-329
-310
-335
-185
24
-76
-487
-745
-634
-451
-460
-549
-600
-737
-992
-1149
-1005
-764
-728
-828
-842
-769
-732
-536
-22
512
522
149
87
550
1087
1419
1676
1861
1791
1607
1768
2232
2392
2016
1614
1627
1889
2007
1875
1532
997
457
334
681
907
539
-135
-556
-614
-586
-636
-753
-948
-1231
-1429
-1336
-1074
-1011
-1275
-1554
-1528
-1302
-1151
-1078
-991
-962
-1022
-961
-681
-428
-447
-554
-496
-384
-349
-254
-34
43
-197
-497
-545
-404
-307
-285
-286
-405
-718
-1003
-993
-764
-631
-694
-828
-901
-895
-700
-238
281
416
136
-19
319
892
1317
1592
1858
2003
1984
2093
2464
2736
2570
2245
2222
2453
2568
2454
2176
1733
1200
920
1070
1263
1030
429
-86
-306
-416
-551
-664
-774
-1052
-1444
-1643
-1567
-1468
-1563
-1747
-1782
-1686
-1673
-1742
-1721
-1589
-1475
-1359
-1117
-879
-882
-1055
-1053
-820
-601
-456
-260
-86
-233
-583
-706
-514
-306
-264
-268
-300
-497
-833
-1004
-857
-629
-558
-638
-738
-815
-748
-439
11
232
137
58
298
718
1080
1359
1624
1821
1919
2102
2459
2708
2602
2380
2388
2587
2743
2750
2572
2196
1745
1512
1611
1686
1417
935
543
307
121
-60
-238
-441
-749
-1083
-1274
-1336
-1432
-1633
-1817
-1821
-1752
-1824
-2019
-2118
-2074
-1958
-1780
-1531
-1364
-1444
-1609
-1555
-1299
-1075
-877
-617
-469
-597
-795
-739
-478
-306
-255
-211
-245
-434
-630
-615
-457
-378
-443
-554
-629
-601
-383
-74
58
-76
-181
24
426
731
872
1027
1248
1462
1711
2044
2291
2248
2056
2093
2436
2738
2745
2558
2326
2082
1897
1953
2107
1988
1531
1126
1024
946
639
255
59
-20
-211
-513
-778
-1008
-1320
-1630
-1699
-1548
-1527
-1864
-2263
-2348
-2212
-2134
-2092
-1942
-1851
-2010
-2170
-2020
-1691
-1516
-1436
-1221
-1000
-1008
-1113
-988
-637
-369
-297
-285
-265
-313
-360
-261
-33
92
5
-114
-2
325
569
488
227
138
379
746
984
1042
1023
1008
1096
1411
1836
2012
1779
1491
1555
1914
2216
2269
2120
1843
1564
1498
1763
2034
1906
1464
1150
1149
1193
1036
737
492
357
242
95
-85
-329
-692
-1110
-1316
-1225
-1185
-1519
-1985
-2194
-2189
-2223
-2252
-2168
-2192
-2506
-2766
-2592
-2206
-2062
-2121
-2072
-1910
-1833
-1793
-1576
-1220
-971
-899
-845
-708
-551
-433
-278
-33
186
257
305
600
1049
1286
1087
830
934
1311
1625
1771
1831
1742
1553
1575
1983
2396
2276
1745
1408
1564
1950
2163
2094
1736
1224
894
1107
1690
1933
1507
858
593
745
928
929
784
560
289
116
135
177
-19
-428
-731
-692
-528
-662
-1142
-1610
-1808
-1808
-1721
-1600
-1627
-2050
-2685
-2966
-2705
-2348
-2272
-2374
-2469
-2613
-2780
-2730
-2365
-1963
-1805
-1806
-1762
-1641
-1491
-1307
-1017
-699
-460
-275
109
667
1032
929
718
947
1601
2147
2311
2278
2221
2130
2207
2683
3235
3221
2569
1966
1968
2385
2695
2677
2329
1717
1129
1052
1578
2021
1748
1010
561
618
783
768
648
532
336
123
80
166
65
-352
-746
-727
-401
-302
-674
-1190
-1501
-1579
-1501
-1245
-1030
-1305
-2051
-2595
-2476
-2066
-1911
-2025
-2182
-2421
-2768
-2916
-2640
-2239
-2139
-2317
-2425
-2345
-2216
-2081
-1882
-1630
-1403
-1211
-814
-190
285
218
-84
82
852
1630
1938
1907
1836
1788
1942
2529
3292
3463
2805
2079
2068
2650
3139
3184
2813
2140
1482
1351
1928
2518
2313
1449
830
871
1122
1115
912
738
582
398
346
441
342
-127
-608
-580
-153
46
-328
-927
-1295
-1385
-1286
-980
-687
-881
-1634
-2265
-2196
-1752
-1558
-1657
-1761
-1914
-2266
-2533
-2394
-2049
-1986
-2177
-2249
-2128
-2075
-2172
-2177
-1998
-1778
-1580
-1166
-534
-141
-336
-747
-639
146
1002
1424
1453
1335
1167
1205
1779
2658
3023
2500
1750
1599
2059
2537
2712
2546
2019
1346
1117
1665
2323
2216
1409
796
846
1153
1247
1096
861
581
369
447
727
746
243
-393
-539
-123
268
148
-357
-874
-1182
-1171
-781
-318
-390
-1136
-1880
-1948
-1535
-1259
-1302
-1473
-1719
-2056
-2210
-1972
-1647
-1703
-2060
-2234
-2054
-1812
-1750
-1793
-1815
-1781
-1629
-1135
-381
100
-119
-657
-689
38
960
1485
1557
1402
1153
1119
1652
2554
2984
2494
1693
1426
1810
2282
2461
2262
1679
945
641
1169
1913
1914
1072
272
181
541
826
835
632
243
-140
-134
310
651
361
-349
-756
-522
-54
79
-196
-648
-1056
-1223
-927
-374
-225
-831
-1658
-1897
-1520
-1095
-989
-1150
-1497
-1955
-2180
-1898
-1385
-1254
-1624
-2019
-2050
-1826
-1634
-1544
-1516
-1525
-1494
-1169
-482
134
153
-309
-502
19
894
1541
1746
1666
1459
1398
1818
2661
3257
3008
2236
1778
2006
2543
2878
2776
2218
1427
913
1133
1782
2017
1441
578
155
273
512
544
351
-15
-399
-504
-199
167
48
-603
-1189
-1177
-716
-383
-473
-879
-1347
-1647
-1534
-1027
-637
-881
-1601
-2089
-1982
-1565
-1272
-1252
-1473
-1857
-2125
-1992
-1562
-1332
-1555
-1917
-1994
-1754
-1496
-1390
-1425
-1527
-1576
-1334
-650
127
381
-32
-471
-261
524
1283
1670
1761
1672
1544
1729
2400
3101
3153
2587
2099
2199
2688
3081
3120
2726
2039
1463
1529
2145
2558
2196
1348
760
730
976
1121
1029
687
167
-218
-141
259
398
-80
-812
-1158
-969
-665
-630
-910
-1363
-1805
-1950
-1644
-1210
-1237
-1864
-2525
-2661
-2318
-1910
-1731
-1860
-2272
-2699
-2724
-2253
-1735
-1660
-1994
-2295
-2262
-1957
-1610
-1404
-1428
-1572
-1579
-1144
-343
306
322
-130
-375
-4
760
1411
1719
1721
1537
1479
1859
2586
3089
2929
2375
2048
2250
2728
3076
3033
2564
1923
1591
1871
2432
2624
2183
1502
1114
1163
1430
1596
1481
1074
585
374
565
879
857
375
-221
-481
-343
-148
-204
-567
-1082
-1494
-1553
-1290
-1083
-1347
-2007
-2574
-2684
-2407
-2065
-1959
-2247
-2785
-3178
-3080
-2588
-2175
-2158
-2458
-2745
-2747
-2422
-1974
-1710
-1760
-1929
-1871
-1349
-566
30
104
-212
-411
-133
552
1254
1616
1584
1379
1364
1754
2372
2782
2679
2238
1912
2002
2413
2783
2778
2340
1748
1443
1657
2095
2284
2026
1534
1173
1129
1356
1586
1572
1271
902
753
879
1083
1083
774
346
107
175
330
274
-65
-526
-873
-946
-778
-656
-880
-1445
-2023
-2267
-2120
-1820
-1691
-1942
-2472
-2918
-2974
-2659
-2291
-2192
-2423
-2735
-2836
-2621
-2256
-2008
-1996
-2085
-2059
-1717
-1052
-384
-89
-256
-517
-411
135
796
1225
1364
1336
1319
1485
1871
2274
2376
2123
1816
1776
1999
2245
2290
2073
1695
1353
1297
1528
1771
1747
1459
1161
1049
1109
1211
1261
1243
1135
986
890
906
958
887
669
495
484
499
376
122
-132
-322
-449
-493
-492
-613
-960
-1394
-1678
-1720
-1613
-1522
-1585
-1856
-2231
-2491
-2473
-2249
-2049
-2026
-2150
-2280
-2310
-2237
-2096
-1918
-1766
-1666
-1549
-1248
-756
-293
-106
-179
-234
-57
317
730
1082
1335
1438
1438
1483
1675
1918
2012
1910
1740
1644
1642
1718
1797
1741
1481
1137
976
1074
1255
1320
1223
1038
840
721
746
909
1064
1016
774
513
429
513
595
551
401
219
35
-115
-185
-207
-295
-492
-706
-836
-921
-1042
-1210
-1378
-1515
-1590
-1580
-1547
-1612
-1794
-1978
-2034
-1939
-1765
-1622
-1609
-1722
-1840
-1832
-1653
-1393
-1200
-1127
-1107
-949
-546
-10
368
398
206
83
239
664
1178
1584
1708
1575
1407
1443
1708
1961
1976
1737
1447
1308
1392
1595
1675
1463
1017
668
667
956
1239
1263
1018
673
445
470
709
950
931
613
228
66
183
359
344
97
-225
-443
-487
-417
-393
-553
-882
-1197
-1312
-1224
-1108
-1136
-1342
-1613
-1788
-1761
-1592
-1462
-1509
-1695
-1833
-1786
-1577
-1369
-1305
-1387
-1482
-1448
-1261
-1013
-843
-820
-865
-775
-375
246
767
868
601
337
400
808
1341
1755
1893
1756
1553
1551
1821
2121
2160
1895
1538
1339
1391
1607
1721
1523
1054
635
566
830
1151
1250
1070
727
419
302
390
573
635
461
160
-44
-39
42
3
-214
-486
-667
-727
-711
-723
-849
-1116
-1414
-1561
-1496
-1341
-1289
-1413
-1659
-1859
-1869
-1696
-1493
-1431
-1532
-1669
-1705
-1582
-1365
-1182
-1135
-1192
-1225
-1142
-959
-778
-667
-631
-579
-385
29
532
890
935
770
655
777
1107
1491
1796
1949
1934
1853
1860
2014
2150
2070
1807
1570
1524
1649
1816
1839
1594
1133
729
658
914
1236
1340
1133
719
296
63
91
264
345
181
-152
-436
-530
-504
-533
-711
-970
-1187
-1273
-1222
-1138
-1175
-1405
-1708
-1862
-1777
-1559
-1404
-1421
-1574
-1724
-1714
-1512
-1254
-1135
-1225
-1389
-1433
-1265
-967
-725
-673
-804
-950
-942
-743
-464
-272
-255
-348
-375
-140
356
890
1167
1086
848
754
957
1365
1771
2012
2032
1929
1901
2064
2304
2366
2143
1793
1606
1703
1965
2132
1975
1496
945
700
890
1259
1421
1183
667
142
-148
-147
3
44
-203
-646
-1015
-1109
-1002
-954
-1137
-1495
-1801
-1891
-1774
-1604
-1566
-1738
-2015
-2163
-2047
-1751
-1497
-1434
-1520
-1606
-1532
-1266
-939
-781
-901
-1137
-1209
-970
-556
-223
-161
-353
-596
-664
-466
-137
84
51
-168
-335
-238
184
744
1163
1248
1064
872
905
1186
1536
1777
1885
1941
2052
2245
2457
2553
2436
2173
1980
2025
2246
2417
2342
1988
1510
1146
1078
1239
1351
1175
726
229
-125
-288
-346
-445
-690
-1076
-1454
-1658
-1655
-1592
-1664
-1932
-2273
-2492
-2492
-2327
-2150
-2097
-2193
-2316
-2294
-2082
-1797
-1592
-1510
-1463
-1361
-1162
-912
-710
-643
-710
-775
-677
-391
-86
42
-49
-236
-328
-240
-34
139
143
-47
-298
-371
-162
253
708
1031
1126
1019
904
965
1241
1608
1891
2050
2150
2291
2497
2743
2957
3043
2965
2802
2676
2625
2603
2542
2385
2123
1796
1503
1289
1104
864
551
226
-79
-388
-731
-1090
-1434
-1736
-1959
-2086
-2149
-2219
-2357
-2565
-2777
-2892
-2869
-2757
-2643
-2576
-2551
-2509
-2374
-2127
-1844
-1610
-1444
-1304
-1139
-931
-695
-476
-326
-268
-256
-228
-142
-13
102
151
130
85
43
6
-55
-134
-214
-271
-281
-217
-88
91
318
580
836
1020
1142
1264
1430
1644
1899
2199
2519
2822
3071
3258
3390
3450
3434
3347
3208
3035
2848
2650
2422
2136
1794
1456
1162
870
524
122
-292
-687
-1057
-1418
-1754
-2040
-2288
-2523
-2730
-2870
-2919
-2918
-2926
-2968
-3009
-3009
-2943
-2812
-2638
-2434
-2212
-1982
-1745
-1508
-1271
-1028
-781
-555
-375
-230
-101
14
94
140
166
179
172
142
108
79
46
-11
-110
-251
-410
-546
-625
-632
-567
-437
-265
-45
226
540
863
1161
1425
1662
1895
2134
2373
2627
2913
3239
3565
3826
3948
3896
3694
3410
3129
2898
2713
2514
2225
1808
1304
831
456
173
-103
-474
-949
-1450
-1886
-2214
-2442
-2610
-2769
-2942
-3108
-3201
-3172
-3050
-2905
-2811
-2781
-2768
-2685
-2486
-2190
-1860
-1556
-1285
-1042
-810
-581
-360
-160
9
142
245
331
405
448
441
383
302
228
152
58
-69
-223
-366
-468
-524
-570
-636
-724
-794
-785
-649
-386
-34
347
711
1029
1303
1557
1816
2086
2347
2568
2732
2876
3052
3277
3505
3651
3634
3426
3071
2674
2325
2040
1777
1487
1145
747
329
-66
-411
-726
-1049
-1383
-1712
-2023
-2307
-2546
-2723
-2824
-2849
-2808
-2735
-2658
-2592
-2523
-2440
-2329
-2182
-2009
-1811
-1587
-1331
-1062
-792
-534
-303
-120
8
106
206
327
469
592
654
626
522
389
277
207
152
80
-24
-146
-258
-339
-370
-357
-332
-327
-344
-349
-298
-157
81
395
736
1064
1338
1540
1676
1769
1858
1952
2047
2134
2212
2295
2384
2463
2473
2368
2141
1827
1489
1178
915
680
444
183
-102
-375
-603
-782
-948
-1147
-1390
-1639
-1843
-1981
-2059
-2107
-2134
-2126
-2074
-1972
-1847
-1737
-1660
-1603
-1530
-1410
-1241
-1046
-858
-691
-537
-377
-202
-26
114
198
234
249
277
331
392
427
423
398
379
390
421
444
434
390
344
338
379
460
547
602
611
586
554
530
523
528
540
568
616
682
751
797
797
756
672
554
413
289
213
207
270
368
454
492
469
392
275
138
0
-131
-246
-337
-395
-411
-384
-342
-319
-343
-417
-531
-660
-784
-886
-954
-984
-985
-958
-907
-843
-773
-703
-639
-578
-518
-463
-431
-414
-389
-324
-199
-21
178
355
476
533
545
543
543
555
570
581
590
614
665
732
791
808
767
680
575
489
440
420
394
337
258
175
112
70
24
-49
-158
-288
-418
-525
-591
-611
-591
-550
-511
-483
-471
-473
-490
-512
-517
-487
-404
-274
-112
53
193
291
325
300
232
138
36
-60
-127
-139
-87
8
96
134
105
11
-118
-245
-345
-403
-424
-410
-354
-252
-109
54
192
269
272
235
209
222
280
365
453
522
575
627
689
744
764
732
661
566
474
403
346
298
261
235
234
249
261
242
171
56
-77
-203
-310
-395
-464
-511
-533
-531
-531
-575
-680
-844
-1027
-1177
-1250
-1223
-1112
-950
-779
-623
-494
-407
-371
-382
-416
-439
-410
-298
-104
141
391
593
708
724
653
528
381
245
145
107
132
211
330
460
574
648
663
613
507
376
255
182
175
235
351
493
642
774
869
912
897
819
696
557
431
341
293
283
295
306
297
253
178
80
-27
-134
-248
-360
-461
-540
-594
-616
-613
-605
-606
-620
-645
-687
-734
-789
-851
-910
-955
-980
-979
-948
-901
-857
-829
-826
-850
-889
-923
-923
-869
-745
-560
-347
-156
-28
23
13
-22
-45
-29
44
172
348
560
787
991
1138
1206
1195
1130
1053
1000
986
1009
1055
1120
1205
1307
1400
1450
1434
1344
1200
1040
886
745
612
487
379
304
269
261
244
188
75
-90
-277
-457
-615
-754
-882
-988
-1051
-1062
-1024
-960
-894
-845
-825
-837
-871
-918
-961
-979
-963
-904
-810
-691
-571
-472
-407
-385
-399
-438
-501
-565
-623
-665
-678
-667
-644
-634
-650
-701
-782
-867
-919
-900
-788
-590
-339
-88
117
260
352
426
514
632
779
966
1201
1485
1805
2116
2364
2503
2520
2438
2303
2153
2007
1866
1719
1575
1452
1366
1301
1217
1073
856
582
281
-23
-321
-615
-888
-1117
-1271
-1337
-1335
-1299
-1267
-1258
-1268
-1278
-1280
-1286
-1307
-1338
-1347
-1306
-1196
-1026
-830
-641
-476
-343
-236
-150
-97
-92
-129
-190
-247
-283
-292
-286
-287
-305
-352
-432
-547
-693
-857
-1019
-1148
-1226
-1250
-1243
-1235
-1240
-1254
-1261
-1230
-1138
-974
-724
-387
18
452
866
1224
1513
1747
1945
2140
2351
2577
2815
3049
3257
3413
3487
3450
3294
3039
2713
2343
1952
1545
1135
734
364
46
-223
-462
-695
-941
-1207
-1474
-1727
-1946
-2121
-2250
-2327
-2338
-2274
-2139
-1949
-1727
-1488
-1248
-1013
-792
-593
-425
-290
-183
-92
3
115
244
378
497
575
600
563
474
345
186
11
-173
-361
-552
-738
-905
-1049
-1170
-1278
-1379
-1468
-1532
-1555
-1534
-1473
-1381
-1270
-1145
-1005
-853
-696
-540
-378
-179
96
469
935
1449
1941
2345
2632
2811
2906
2941
2943
2923
2895
2872
2861
2849
2801
2670
2437
2110
1715
1290
855
410
-54
-524
-970
-1350
-1632
-1815
-1919
-1979
-2022
-2051
-2065
-2060
-2042
-2011
-1958
-1873
-1736
-1541
-1298
-1033
-766
-502
-241
15
267
498
686
816
885
903
884
839
780
706
623
527
415
285
137
-27
-200
-375
-547
-718
-884
-1050
-1215
-1377
-1526
-1642
-1711
-1714
-1637
-1484
-1272
-1028
-779
-546
-343
-174
-43
51
110
153
216
339
545
842
1207
1587
1924
2177
2332
2392
2367
2273
2124
1945
1769
1631
1549
1501
1449
1348
1176
950
702
455
209
-61
-377
-738
-1107
-1428
-1656
-1775
-1798
-1752
-1656
-1521
-1358
-1190
-1047
-953
-904
-880
-835
-746
-601
-414
-204
20
256
504
753
980
1158
1264
1292
1254
1167
1043
891
711
520
334
171
45
-52
-135
-224
-333
-455
-589
-736
-906
-1107
-1331
-1555
-1735
-1835
-1840
-1755
-1602
-1407
-1191
-973
-775
-607
-482
-402
-358
-336
-324
-310
-278
-210
-68
169
503
897
1290
1625
1877
2039
2115
2107
2019
1871
1697
1547
1445
1383
1323
1224
1077
902
737
591
439
233
-51
-389
-726
-1001
-1186
-1288
-1335
-1329
-1263
-1119
-910
-678
-477
-333
-242
-172
-93
5
108
206
296
400
541
723
930
1129
1287
1386
1418
1383
1284
1128
919
666
386
104
-158
-386
-574
-724
-852
-974
-1108
-1260
-1433
-1624
-1827
-2033
-2224
-2376
-2469
-2477
-2390
-2220
-1986
-1713
-1425
-1131
-842
-571
-333
-144
-10
78
139
183
209
228
258
346
537
837
1201
1546
1806
1966
2046
2068
2043
1958
1818
1658
1544
1509
1539
1565
1518
1371
1157
948
784
646
482
250
-36
-316
-526
-632
-657
-656
-656
-639
-577
-459
-311
-174
-90
-62
-65
-53
-10
57
125
174
214
263
341
445
541
599
591
519
400
260
113
-48
-232
-430
-629
-822
-999
-1160
-1307
-1445
-1566
-1664
-1737
-1796
-1858
-1919
-1964
-1979
-1952
-1878
-1767
-1623
-1442
-1225
-976
-710
-452
-221
-23
145
289
403
480
524
535
528
511
509
545
648
835
1090
1359
1600
1796
1965
2113
2228
2278
2243
2147
2042
1971
1924
1857
1717
1501
1250
1027
857
715
546
308
11
-294
-545
-709
-798
-853
-906
-954
-970
-930
-841
-736
-650
-605
-595
-585
-541
-453
-350
-261
-200
-153
-99
-29
41
73
48
-25
-114
-187
-240
-285
-355
-462
-583
-694
-793
-885
-977
-1069
-1156
-1227
-1282
-1335
-1396
-1467
-1532
-1572
-1571
-1515
-1411
-1274
-1114
-935
-731
-489
-208
105
419
706
947
1141
1295
1410
1486
1506
1460
1357
1220
1077
960
889
888
968
1101
1235
1331
1388
1422
1440
1422
1349
1226
1085
973
907
859
780
635
434
223
46
-89
-203
-328
-467
-601
-711
-781
-810
-806
-783
-745
-685
-609
-537
-477
-427
-386
-362
-361
-376
-386
-375
-339
-287
-245
-222
-216
-217
-235
-285
-381
-518
-669
-794
-871
-902
-911
-901
-859
-776
-659
-520
-381
-256
-148
-55
17
62
77
63
38
9
-10
-16
8
75
187
332
488
634
761
868
956
1013
1023
979
893
788
677
563
426
248
32
-204
-434
-642
-806
-903
-913
-844
-726
-590
-435
-241
-6
235
443
601
727
854
995
1121
1185
1155
1048
914
803
723
653
558
431
289
150
31
-63
-152
-260
-402
-563
-718
-842
-924
-962
-977
-995
-1014
-1009
-947
-825
-665
-508
-386
-294
-198
-76
61
181
255
282
279
289
331
392
438
457
470
494
529
566
588
576
533
472
400
309
201
77
-59
-204
-349
-496
-630
-742
-822
-866
-876
-848
-771
-642
-486
-332
-206
-106
-8
94
191
259
278
243
157
30
-139
-348
-583
-806
-970
-1037
-991
-849
-655
-435
-190
80
350
587
773
913
1024
1119
1190
1220
1200
1137
1043
938
833
730
630
528
431
332
235
154
110
99
95
80
61
52
55
57
40
-3
-67
-129
-167
-180
-183
-179
-164
-134
-88
-37
7
34
41
32
0
-64
-148
-244
-344
-448
-548
-634
-701
-738
-745
-719
-668
-593
-495
-390
-282
-180
-95
-39
-13
-13
-34
-73
-122
-176
-226
-260
-264
-228
-160
-76
17
113
211
304
378
418
415
366
272
135
-40
-249
-482
-730
-970
-1187
-1352
-1447
-1445
-1333
-1125
-853
-536
-173
239
683
1112
1492
1808
2071
2289
2451
2534
2520
2401
2195
1930
1644
1361
1085
824
576
348
149
-13
-134
-232
-336
-463
-606
-745
-873
-992
-1111
-1227
-1337
-1425
-1476
-1481
-1440
-1361
-1255
-1129
-981
-807
-612
-414
-235
-91
15
90
143
175
170
120
38
-45
-108
-143
-158
-159
-146
-106
-37
47
134
219
292
343
371
375
362
344
321
302
284
265
251
251
265
290
320
353
392
443
497
537
544
500
411
283
121
-73
-301
-553
-812
-1056
-1259
-1416
-1517
-1544
-1474
-1292
-1018
-693
-349
4
364
708
1012
1251
1423
1546
1635
1687
1690
1639
1534
1381
1189
970
733
478
214
-50
-298
-523
-708
-842
-930
-995
-1047
-1080
-1098
-1099
-1087
-1071
-1050
-1024
-984
-919
-822
-694
-537
-367
-192
-13
169
348
510
645
745
814
860
888
896
873
818
743
659
569
475
381
298
231
186
161
148
152
174
209
249
287
320
352
384
413
430
420
377
304
215
112
-8
-147
-294
-444
-586
-719
-842
-957
-1061
-1152
-1224
-1280
-1320
-1342
-1345
-1331
-1306
-1281
-1261
-1247
-1233
-1210
-1168
-1102
-995
-838
-636
-401
-138
158
476
801
1112
1401
1665
1897
2091
2231
2303
2298
2212
2049
1830
1581
1317
1040
752
466
198
-27
-191
-297
-365
-406
-409
-366
-284
-186
-93
-20
34
67
82
75
50
16
-21
-60
-94
-108
-94
-60
-17
25
61
89
114
128
116
73
5
-81
-182
-295
-420
-552
-676
-779
-854
-897
-907
-879
-819
-739
-650
-553
-458
-374
-314
-285
-289
-324
-384
-468
-576
-697
-819
-922
-996
-1033
-1030
-984
-892
-761
-596
-412
-214
-13
179
350
490
595
662
687
667
604
511
404
300
204
132
99
131
236
410
633
894
1187
1494
1795
2058
2273
2436
2546
2591
2562
2449
2259
1999
1678
1312
920
522
128
-245
-586
-882
-1119
-1290
-1399
-1467
-1502
-1503
-1468
-1415
-1359
-1313
-1278
-1251
-1229
-1211
-1198
-1188
-1174
-1149
-1117
-1069
-1002
-913
-802
-674
-535
-396
-260
-135
-33
37
72
77
59
22
-35
-104
-181
-251
-305
-338
-349
-333
-291
-221
-131
-20
108
242
373
490
589
664
721
760
783
792
791
790
792
801
815
833
858
889
923
952
969
966
940
885
803
693
564
416
256
83
-90
-254
-398
-517
-605
-663
-687
-678
-638
-566
-458
-325
-186
-55
60
163
247
307
333
325
294
245
184
112
30
-66
-174
-294
-415
-531
-642
-746
-848
-945
-1035
-1110
-1161
-1194
-1213
-1219
-1199
-1150
-1070
-965
-841
-694
-527
-343
-150
50
249
442
617
763
879
966
1020
1037
1017
964
888
804
717
629
539
455
384
334
310
302
303
314
334
368
410
455
497
533
561
578
583
575
555
520
467
402
329
253
179
106
32
-42
-113
-183
-247
-306
-353
-394
-431
-466
-502
-540
-581
-622
-673
-729
-789
-850
-908
-964
-1018
-1066
-1105
-1130
-1138
-1125
-1081
-1000
-876
-716
-527
-315
-84
163
410
639
837
1007
1143
1243
1302
1316
1283
1206
1091
944
771
583
387
190
-1
-179
-335
-461
-549
-601
-617
-590
-525
-429
-310
-173
-26
128
275
407
515
602
663
699
707
691
657
605
536
452
361
267
179
102
31
-33
-89
-133
-164
-182
-192
-200
-209
-218
-228
-243
-268
-299
-335
-375
-417
-454
-484
-506
-522
-528
-522
-497
-450
-381
-297
-201
-97
8
111
204
279
333
363
370
351
312
250
177
100
23
-50
-111
-159
-185
-190
-177
-149
-107
-56
0
53
93
115
117
102
68
15
-53
-137
-231
-331
-433
-534
-626
-704
-760
-781
-766
-711
-625
-512
-369
-199
-7
193
390
578
759
924
1064
1175
1250
1288
1289
1251
1179
1083
963
827
672
501
324
154
-3
-147
-281
-406
-512
-596
-659
-704
-736
-749
-742
-719
-689
-650
-596
-524
-440
-349
-253
-153
-45
71
189
305
410
505
585
648
694
724
732
722
687
631
551
455
347
230
102
-30
-157
-274
-373
-454
-515
-557
-577
-578
-567
-543
-507
-464
-425
-391
-364
-342
-328
-324
-330
-347
-372
-399
-429
-456
-478
-494
-501
-502
-494
-472
-440
-393
-336
-270
-198
-119
-36
57
162
273
387
499
613
725
835
938
1028
1100
1150
1178
1176
1145
1086
992
863
705
528
343
153
-39
-223
-394
-544
-662
-742
-787
-798
-776
-725
-647
-547
-430
-299
-162
-30
93
199
290
372
437
478
497
498
482
454
417
371
320
265
207
147
83
16
-57
-136
-219
-313
-413
-516
-613
-702
-782
-848
-893
-914
-908
-882
-836
-771
-690
-594
-486
-371
-253
-139
-32
63
144
209
260
298
322
334
338
340
341
343
345
354
370
394
427
467
513
562
612
657
696
721
729
718
686
633
557
461
347
223
91
-46
-182
-316
-436
-539
-624
-688
-728
-744
-738
-708
-664
-601
-530
-450
-368
-286
-205
-126
-53
16
78
130
172
207
238
261
276
283
285
283
277
269
256
238
215
188
158
121
82
44
8
-24
-53
-79
-99
-110
-112
-108
-98
-86
-71
-51
-30
-9
8
16
13
1
-17
-39
-66
-96
-127
-158
-185
-206
-220
-228
-233
-231
-224
-208
-179
-136
-85
-29
31
95
165
234
303
366
425
480
532
575
604
617
610
577
521
444
352
240
115
-20
-165
-315
-457
-586
-700
-795
-865
-905
-914
-895
-851
-778
-682
-567
-446
-325
-206
-92
11
97
163
209
233
241
236
221
199
176
156
140
134
135
146
163
189
214
237
253
264
270
266
252
229
205
182
166
155
152
162
185
221
268
329
396
470
543
611
673
721
752
761
746
709
649
571
472
354
224
88
-49
-184
-317
-443
-559
-663
-749
-820
-877
-922
-955
-974
-985
-990
-987
-976
-961
-939
-908
-867
-815
-752
-675
-589
-495
-397
-291
-183
-74
33
133
222
299
363
414
451
475
487
490
488
483
475
463
451
440
432
426
418
410
400
388
373
355
331
303
270
232
191
145
99
50
4
-39
-77
-108
-131
-145
-147
-138
-121
-92
-54
-10
37
86
134
183
229
271
308
342
371
399
422
442
461
479
489
491
485
470
442
399
338
259
166
60
-60
-191
-331
-472
-611
-745
-870
-981
-1075
-1148
-1200
-1226
-1227
-1200
-1150
-1076
-984
-877
-755
-623
-483
-342
-202
-65
64
182
291
387
470
540
595
637
665
684
692
683
665
637
598
550
491
429
362
295
228
166
109
61
26
2
-6
-2
17
48
85
127
171
214
251
282
306
317
314
297
269
230
184
129
66
-4
-73
-140
-205
-266
-324
-376
-417
-449
-471
-484
-490
-486
-472
-449
-416
-374
-323
-265
-204
-138
-68
10
87
161
230
291
344
385
416
429
424
399
357
300
228
145
56
-36
-131
-218
-293
-352
-394
-422
-432
-427
-400
-361
-310
-248
-179
-110
-39
32
98
155
207
249
285
310
327
335
337
331
320
305
282
255
226
194
160
123
82
41
2
-37
-75
-112
-147
-177
-200
-217
-230
-237
-236
-229
-215
-195
-168
-137
-101
-65
-32
-3
24
47
69
86
96
98
97
92
84
74
59
42
24
6
-14
-36
-56
-75
-94
-110
-125
-140
-153
-161
-164
-165
-165
-159
-147
-128
-104
-78
-51
-20
13
47
83
117
147
175
201
222
240
253
263
266
266
262
255
246
236
225
209
192
173
155
137
118
96
75
52
27
2
-22
-45
-70
-95
-120
-143
-164
-184
-199
-215
-227
-235
-237
-238
-236
-230
-222
-213
-201
-187
-171
-152
-130
-110
-88
-64
-41
-18
5
28
51
75
97
116
133
147
156
163
162
157
147
134
117
97
74
49
23
-2
-25
-49
-70
-88
-104
-117
-129
-139
-146
-149
-150
-153
-157
-162
-162
-161
-159
-157
-155
-151
-142
-127
-110
-88
-63
-34
-1
37
76
118
158
197
232
264
292
317
335
347
350
347
337
324
306
283
259
229
199
170
141
116
94
70
50
33
19
10
1
-7
-13
-17
-20
-24
-28
-32
-37
-44
-52
-61
-70
-78
-85
-95
-103
-112
-119
-123
-125
-123
-122
-120
-118
-116
-112
-109
-103
-101
-100
-102
-105
-112
-120
-132
-148
-167
-187
-207
-224
-242
-257
-269
-278
-282
-281
-274
-264
-251
-235
-213
-186
-156
-124
-93
-63
-36
-8
20
44
67
86
102
116
130
143
154
164
172
183
193
206
217
230
243
254
265
273
280
288
292
295
294
291
287
280
273
266
258
249
242
233
226
220
212
207
200
194
184
173
161
145
126
104
79
52
22
-9
-41
-73
-105
-134
-165
-194
-222
-246
-269
-289
-304
-316
-325
-332
-337
-339
-338
-335
-329
-324
-317
-306
-294
-281
-265
-250
-235
-218
-202
-187
-172
-159
-149
-139
-130
-122
-114
-102
-90
-80
-69
-55
-40
-23
-6
12
28
45
60
74
86
96
105
113
120
127
132
137
144
151
159
167
178
191
204
219
234
249
266
283
298
311
320
326
327
324
319
312
301
285
267
248
228
210
192
175
158
142
126
109
90
72
50
28
4
-21
-45
-72
-99
-124
-146
-170
-191
-209
-225
-235
-246
-252
-258
-258
-258
-255
-251
-246
-241
-237
-232
-230
-229
-229
-230
-234
-240
-246
-252
-256
-260
-262
-261
-258
-250
-240
-227
-208
-186
-161
-133
-103
-73
-41
-10
22
52
81
106
130
151
171
189
203
215
224
232
238
239
238
235
229
220
211
199
186
171
155
138
120
104
89
76
67
59
52
48
45
46
49
54
60
67
76
86
94
103
111
117
121
124
124
122
119
115
111
104
97
89
80
67
57
43
31
16
1
-14
-30
-45
-59
-72
-86
-96
-107
-115
-122
-127
-131
-137
-142
-145
-147
-149
-153
-160
-167
-177
-185
-194
-203
-214
-224
-234
-238
-239
-236
-230
-221
-207
-190
-169
-144
-116
-90
-62
-35
-12
11
33
50
68
81
93
100
108
114
118
119
120
123
122
124
123
125
126
128
132
134
136
137
137
139
139
139
137
135
133
129
123
118
115
111
107
102
96
90
82
74
65
56
46
36
28
19
13
6
1
-1
-5
-6
-7
-5
-4
-1
2
6
6
6
5
2
-1
-7
-15
-24
-34
-45
-56
-67
-81
-98
-114
-129
-145
-159
-174
-190
-201
-213
-223
-230
-235
-238
-238
-235
-228
-219
-206
-189
-170
-151
-130
-107
-82
-54
-27
-1
25
49
74
96
117
135
150
160
167
171
173
172
169
164
155
146
138
129
121
110
101
93
86
82
78
75
72
71
71
72
76
81
86
90
93
96
99
99
99
99
96
95
88
78
66
54
40
23
4
-15
-36
-55
-76
-95
-112
-126
-138
-148
-155
-161
-163
-162
-159
-156
-151
-143
-134
-125
-113
-103
-90
-77
-62
-45
-29
-11
7
24
40
58
75
90
101
109
115
118
117
112
103
91
74
57
37
17
-3
-23
-40
-54
-65
-73
-78
-79
-76
-71
-64
-54
-44
-30
-18
-3
11
24
38
48
55
62
66
69
69
68
64
59
54
46
37
26
14
2
-12
-27
-43
-58
-73
-90
-103
-115
-124
-130
-133
-133
-131
-124
-114
-101
-86
-71
-56
-38
-20
-4
12
25
36
46
52
58
60
60
58
57
54
49
44
40
36
33
32
31
33
37
42
50
60
69
78
90
99
109
121
132
140
147
152
156
157
158
156
150
141
131
118
103
87
66
44
21
-3
-30
-55
-82
-107
-134
-158
-176
-192
-206
-214
-218
-217
-212
-204
-191
-176
-158
-139
-119
-99
-83
-67
-53
-41
-33
-26
-23
-22
-22
-23
-25
-25
-27
-26
-26
-25
-22
-20
-15
-10
-5
0
7
12
18
25
31
37
44
51
59
68
78
89
100
111
123
137
147
156
165
172
174
174
173
168
161
150
138
124
106
88
69
50
32
13
-5
-22
-38
-51
-66
-79
-91
-102
-113
-120
-126
-134
-139
-146
-150
-151
-150
-149
-146
-142
-136
-130
-122
-113
-103
-92
-82
-71
-59
-48
-35
-23
-12
-4
4
12
19
26
32
37
42
46
52
58
64
69
73
77
81
84
87
87
89
90
89
88
89
89
86
83
76
70
65
57
48
38
28
17
7
-2
-12
-23
-31
-39
-46
-50
-54
-56
-56
-56
-52
-46
-37
-29
-20
-11
-4
1
6
10
14
15
16
15
13
10
6
2
-3
-9
-16
-22
-32
-42
-51
-60
-69
-78
-88
-94
-103
-109
-115
-119
-121
-121
-119
-113
-104
-92
-79
-64
-46
-26
-5
17
40
63
83
103
120
137
153
166
177
187
192
196
198
197
196
195
190
183
175
165
153
140
126
110
97
81
63
46
28
10
-7
-24
-43
-58
-73
-85
-99
-110
-121
-128
-136
-144
-152
-158
-164
-170
-175
-179
-182
-184
-184
-183
-180
-176
-168
-159
-150
-140
-130
-119
-108
-96
-85
-74
-65
-56
-48
-41
-35
-27
-21
-15
-8
1
11
21
32
44
57
70
83
98
114
127
139
152
162
170
177
182
185
186
187
185
183
179
175
170
163
157
149
142
132
122
111
97
85
70
55
40
24
10
-3
-16
-28
-39
-49
-56
-63
-68
-72
-75
-76
-77
-77
-76
-74
-73
-72
-73
-71
-71
-68
-68
-69
-70
-71
-71
-73
-75
-76
-76
-79
-81
-84
-86
-90
-94
-98
-102
-105
-111
-114
-118
-120
-121
-119
-116
-111
-106
-98
-90
-81
-71
-60
-48
-37
-25
-14
-4
8
19
30
39
49
59
71
82
93
106
117
129
138
149
157
165
171
174
177
175
173
169
162
154
144
133
120
108
96
84
71
61
50
39
29
22
13
8
2
-4
-11
-16
-21
-25
-30
-34
-38
-41
-43
-44
-42
-38
-35
-30
-25
-22
-16
-12
-11
-8
-7
-7
-10
-13
-16
-22
-29
-37
-45
-54
-64
-73
-80
-88
-95
-102
-108
-113
-118
-121
-127
-132
-138
-140
-142
-145
-143
-143
-139
-134
-128
-118
-109
-96
-81
-66
-50
-36
-20
-6
7
19
29
39
47
53
57
60
64
67
70
74
79
84
92
101
108
118
127
136
144
151
156
159
162
162
161
158
154
148
142
136
130
123
116
109
102
96
89
82
74
66
58
49
40
30
21
10
-1
-10
-19
-26
-34
-40
-47
-50
-54
-55
-56
-58
-61
-62
-66
-70
-76
-84
-92
-102
-111
-119
-130
-141
-150
-162
-171
-180
-187
-191
-193
-193
-192
-189
-186
-180
-171
-164
-154
-143
-133
-121
-109
-94
-81
-65
-47
-30
-11
8
27
46
63
79
95
108
121
131
141
149
155
160
165
167
168
170
173
173
174
174
174
174
173
170
167
165
162
158
153
147
142
133
124
114
104
92
80
67
55
40
26
12
-2
-17
-30
-45
-59
-72
-84
-98
-108
-119
-130
-139
-146
-152
-156
-159
-162
-163
-160
-158
-153
-149
-146
-143
-137
-131
-125
-118
-112
-105
-97
-91
-83
-74
-66
-54
-47
-40
-31
-21
-12
-4
5
14
20
26
32
38
43
48
53
59
63
68
73
78
83
88
92
97
102
106
109
112
115
114
115
114
112
110
105
99
92
85
75
68
60
53
46
39
33
28
22
16
10
4
-2
-7
-14
-20
-29
-35
-43
-52
-59
-68
-75
-82
-87
-92
-96
-98
-101
-103
-102
-102
-102
-101
-97
-95
-90
-87
-82
-79
-74
-70
-65
-60
-55
-49
-41
-32
-23
-13
-3
8
18
28
39
48
59
67
75
80
85
89
93
96
98
98
101
101
101
99
97
95
93
88
82
77
70
64
57
49
43
35
28
20
12
6
-1
-8
-13
-19
-24
-28
-30
-33
-37
-39
-43
-46
-48
-51
-52
-56
-59
-63
-66
-70
-74
-77
-81
-84
-84
-84
-82
-81
-80
-78
-77
-73
-70
-65
-60
-56
-50
-46
-42
-35
-29
-25
-17
-11
-3
3
10
17
24
31
39
45
52
56
60
65
69
71
74
77
78
79
78
80
81
82
83
85
85
86
87
86
85
85
81
77
72
67
59
52
44
37
31
22
16
9
3
-4
-11
-19
-27
-32
-38
-43
-49
-55
-61
-69
-73
-80
-84
-88
-91
-94
-95
-96
-94
-93
-91
-87
-83
-78
-74
-70
-65
-61
-56
-52
-47
-42
-36
-32
-28
-22
-17
-13
-8
-2
5
10
15
22
27
32
37
43
46
50
54
56
58
62
63
62
62
62
63
64
64
63
61
60
56
52
48
44
39
33
27
22
18
12
7
2
-3
-7
-11
-12
-15
-15
-16
-16
-14
-13
-12
-11
-9
-7
-6
-6
-5
-5
-4
-5
-6
-9
-12
-15
-18
-21
-23
-25
-27
-29
-30
-32
-34
-35
-35
-36
-35
-35
-34
-31
-28
-25
-21
-16
-12
-7
-2
4
9
15
19
22
26
29
31
33
35
35
35
33
32
29
26
23
18
14
10
5
1
-4
-8
-10
-14
-17
-18
-20
-22
-22
-23
-22
-21
-21
-18
-15
-12
-8
-4
0
2
5
8
11
13
15
17
17
16
14
12
10
7
3
1
-2
-6
-9
-11
-13
-15
-18
-20
-20
-19
-18
-19
-18
-17
-14
-12
-10
-8
-5
-3
-1
1
3
6
9
13
15
17
22
24
26
27
28
28
28
27
28
28
26
25
25
23
21
18
15
13
10
8
6
6
4
5
3
2
2
2
2
1
1
-2
-2
-4
-7
-10
-11
-14
-17
-19
-20
-23
-24
-26
-29
-31
-33
-34
-35
-37
-37
-36
-35
-34
-33
-31
-28
-27
-24
-22
-19
-15
-12
-9
-6
-3
-2
1
5
7
10
13
15
17
19
20
21
22
23
25
25
26
26
27
27
26
26
26
26
27
26
25
25
24
24
22
19
19
19
18
18
18
17
17
17
16
14
12
11
10
9
7
6
4
1
-2
-4
-8
-12
-13
-14
-18
-20
-22
-24
-25
-25
-27
-29
-30
-29
-29
-29
-27
-27
-26
-25
-24
-21
-20
-19
-16
-15
-12
-11
-10
-8
-8
-6
-5
-4
-3
-2
-2
-3
-3
-5
-5
-5
-6
-8
-8
-10
-9
-11
-10
-11
-11
-11
-10
-9
-8
-7
-7
-6
-4
-1
1
4
6
10
13
17
21
24
28
31
33
37
38
40
41
42
42
41
40
37
36
35
34
32
30
28
27
25
23
21
19
18
15
15
15
14
13
12
11
8
5
3
1
-2
-5
-7
-9
-12
-14
-16
-18
-20
-22
-25
-27
-29
-30
-32
-34
-35
-36
-36
-37
-37
-38
-38
-37
-36
-36
-36
-35
-35
-34
-32
-32
-31
-29
-28
-28
-26
-25
-25
-23
-24
-23
-23
-22
-20
-17
-16
-14
-13
-11
-9
-6
-4
-1
1
3
6
10
12
14
17
21
23
27
31
35
39
43
48
51
55
58
60
62
61
62
64
64
64
62
59
57
53
50
45
42
38
34
30
27
23
19
15
11
7
2
-1
-5
-9
-11
-16
-19
-22
-25
-28
-30
-34
-34
-35
-36
-37
-36
-37
-36
-35
-37
-36
-38
-36
-36
-35
-35
-35
-34
-35
-36
-37
-38
-40
-40
-41
-40
-40
-40
-39
-37
-36
-34
-32
-30
-27
-25
-21
-18
-13
-9
-6
0
2
7
11
15
19
22
26
29
32
36
38
41
42
44
44
45
45
45
44
43
42
41
39
36
34
31
29
25
25
23
20
20
19
18
15
14
12
11
10
9
7
7
6
6
4
3
2
1
-1
-2
-3
-5
-6
-7
-9
-12
-13
-15
-19
-21
-25
-27
-27
-30
-31
-30
-32
-33
-32
-32
-32
-31
-30
-29
-27
-24
-23
-23
-20
-18
-16
-14
-12
-11
-9
-10
-9
-8
-8
-7
-5
-4
-3
-1
-1
1
3
6
8
11
12
15
17
20
23
24
26
28
29
30
29
29
28
28
28
27
25
24
23
22
22
20
18
16
16
15
14
12
9
8
5
3
3
1
-2
-4
-6
-7
-8
-9
-10
-10
-12
-13
-13
-15
-16
-17
-18
-17
-17
-16
-17
-16
-15
-16
-15
-15
-17
-16
-17
-17
-16
-15
-15
-15
-14
-13
-11
-12
-11
-11
-9
-9
-7
-7
-6
-5
-4
-3
-2
-2
-2
-1
1
2
3
4
5
6
7
7
7
8
10
10
11
12
12
12
14
13
13
13
13
14
15
13
12
12
13
13
11
11
11
9
9
8
6
5
5
3
2
2
1
0
0
0
1
2
3
4
5
6
8
7
9
8
9
9
9
8
5
5
4
2
0
-2
-5
-8
-9
-11
-13
-14
-15
-16
-17
-18
-18
-20
-20
-21
-22
-22
-21
-22
-21
-19
-18
-17
-15
-14
-12
-10
-8
-5
-4
-2
0
2
3
4
4
4
5
7
7
8
8
10
10
10
11
10
11
11
11
10
11
9
9
10
10
10
10
10
10
10
12
10
11
11
12
12
11
11
11
10
9
9
8
8
7
8
6
6
6
4
4
1
-1
-2
-3
-4
-7
-8
-10
-11
-13
-13
-14
-16
-17
-18
-20
-19
-20
-21
-22
-22
-23
-23
-23
-23
-23
-21
-21
-20
-19
-17
-14
-12
-9
-7
-4
-1
1
4
6
8
10
12
15
16
17
18
18
19
20
20
21
23
23
23
24
24
24
24
23
23
23
23
23
22
20
19
19
18
16
15
14
11
9
7
4
1
-1
-4
-7
-11
-14
-17
-19
-20
-20
-22
-23
-25
-25
-26
-24
-25
-24
-23
-23
-22
-21
-20
-19
-18
-18
-16
-15
-14
-13
-12
-11
-10
-9
-8
-8
-6
-6
-5
-4
-3
-2
0
-1
1
1
1
1
1
2
2
2
5
6
8
9
12
12
14
14
15
17
17
18
18
20
19
20
20
18
18
17
17
16
17
17
16
15
15
14
13
12
11
9
7
6
5
5
4
2
1
0
-2
-3
-6
-5
-5
-4
-6
-6
-7
-9
-9
-11
-10
-9
-10
-10
-11
-11
-12
-12
-12
-14
-15
-16
-17
-17
-17
-17
-15
-15
-14
-14
-14
-14
-14
-13
-13
-12
-9
-7
-6
-4
-5
-4
-3
-1
1
2
3
5
5
5
6
8
9
11
11
11
12
10
10
10
9
9
9
7
7
7
6
5
4
4
2
2
3
3
2
2
2
2
3
5
3
3
3
4
3
4
5
5
6
6
6
6
6
7
8
7
7
8
7
6
5
4
2
1
-1
-3
-6
-8
-8
-8
-8
-8
-9
-8
-8
-8
-7
-6
-8
-8
-7
-5
-5
-3
-2
-1
0
1
2
3
3
3
2
1
0
1
0
-1
-3
-5
-6
-8
-10
-11
-11
-11
-11
-12
-11
-11
-11
-12
-11
-11
-10
-8
-6
-5
-3
-4
-2
-1
0
2
4
5
6
6
7
7
8
8
10
10
10
10
11
10
9
9
9
10
9
11
10
9
10
10
10
11
11
11
13
12
11
10
9
8
7
6
4
5
5
5
3
2
1
0
-2
-2
-1
0
-2
-4
-3
-4
-5
-5
-7
-7
-8
-8
-9
-10
-11
-12
-11
-11
-11
-13
-12
-12
-11
-12
-12
-12
-12
-13
-13
-13
-13
-13
-13
-12
-11
-12
-14
-13
-13
-14
-11
-11
-9
-8
-6
-4
-3
-3
-2
1
2
4
5
5
6
8
8
10
11
11
13
13
13
13
15
14
15
15
16
16
15
16
16
15
16
17
16
16
15
15
14
13
12
10
11
9
8
7
7
6
4
4
3
2
1
1
1
-1
-2
-4
-3
-4
-6
-7
-7
-8
-9
-10
-11
-11
-12
-12
-13
-13
-14
-13
-15
-15
-16
-16
-16
-17
-17
-16
-14
-14
-13
-11
-11
-10
-9
-7
-6
-4
-3
-2
-1
1
3
3
4
5
6
7
7
6
7
6
7
7
8
7
8
8
8
8
10
8
7
6
5
4
3
3
1
1
1
0
-1
0
-1
-1
0
-1
1
1
0
2
2
2
2
3
1
2
3
4
3
5
4
4
4
3
4
3
3
2
2
1
3
1
1
1
0
1
1
1
0
1
1
0
0
-1
-1
-1
0
-1
0
0
-1
-1
-1
-1
-1
0
-1
-2
-2
-2
-3
-4
-4
-5
-6
-7
-7
-8
-9
-9
-8
-9
-10
-9
-9
-9
-8
-8
-7
-7
-7
-6
-5
-4
-5
-3
-3
-1
-1
0
1
2
2
3
4
4
5
5
6
6
7
7
7
7
8
7
8
8
8
8
9
8
8
9
8
10
9
8
9
8
9
7
7
7
5
5
4
4
3
4
3
4
4
2
1
2
2
2
4
3
3
4
3
3
3
2
1
2
0
-2
-2
-4
-5
-6
-8
-9
-10
-10
-11
-12
-11
-12
-13
-14
-15
-16
-17
-16
-16
-15
-15
-13
-12
-11
-9
-9
-8
-6
-6
-5
-6
-4
-3
-3
-3
-1
1
2
2
3
5
6
8
6
7
8
8
9
9
9
10
9
10
9
10
10
10
11
11
10
11
11
10
9
9
9
9
9
9
8
8
6
4
2
1
0
0
0
-3
-4
-4
-5
-6
-6
-6
-5
-6
-7
-6
-7
-8
-8
-7
-7
-7
-8
-7
-9
-8
-7
-8
-7
-7
-6
-5
-4
-5
-6
-5
-6
-6
-5
-3
-4
-3
-2
-3
-3
-3
-2
-1
-1
1
2
3
4
6
6
7
8
8
7
8
8
9
10
10
10
11
11
10
11
10
9
10
9
11
10
10
9
8
7
8
6
5
6
4
4
4
3
1
-1
0
-1
-2
-2
-3
-5
-5
-6
-7
-8
-9
-10
-11
-11
-13
-12
-13
-13
-14
-15
-15
-15
-14
-14
-13
-14
-13
-12
-12
-11
-12
-11
-9
-7
-6
-4
-3
-2
0
0
1
2
2
3
5
6
6
7
7
9
8
9
10
10
10
10
11
11
11
11
11
11
12
12
10
10
8
8
7
6
6
5
4
3
2
0
0
-1
-3
-4
-5
-6
-7
-8
-7
-7
-8
-8
-9
-9
-9
-10
-9
-7
-7
-6
-7
-6
-5
-7
-6
-5
-4
-3
-3
-2
-3
-2
-1
-1
-1
1
1
1
1
1
0
2
1
2
2
3
4
3
5
6
6
7
7
7
7
8
7
6
6
6
5
6
5
5
5
5
5
6
6
4
4
3
5
5
4
4
5
4
5
6
3
3
2
1
1
0
0
0
0
-1
-2
-3
-4
-5
-5
-6
-6
-7
-7
-7
-8
-8
-9
-8
-7
-7
-8
-9
-9
-8
-10
-9
-8
-7
-7
-6
-5
-5
-5
-4
-4
-3
-2
-1
0
-1
0
1
-1
-1
0
0
1
0
2
3
3
3
4
4
4
5
4
4
4
4
4
3
2
2
2
2
3
3
3
3
2
2
2
2
1
2
1
1
1
-1
1
0
0
-1
-1
-2
-1
-2
-1
0
0
-1
-1
0
0
-1
-1
-1
-2
-2
-2
-2
-2
-3
-3
-3
-2
-2
-2
-1
-1
0
1
2
3
4
3
4
5
4
5
5
5
6
6
6
6
7
8
8
7
7
6
5
4
4
4
3
3
2
1
0
0
-2
-2
-3
-4
-4
-6
-5
-5
-5
-5
-6
-6
-5
-5
-4
-5
-4
-5
-3
-4
-4
-3
-3
-3
-3
-3
-2
-2
-3
-2
-2
-1
-2
0
0
1
-1
0
-1
-1
-1
-1
-2
-2
-2
-1
1
2
1
1
2
1
1
2
3
2
3
2
2
2
2
3
2
3
2
3
3
3
4
3
4
3
4
3
2
2
3
2
1
2
3
4
3
1
2
1
2
1
1
1
1
0
-1
-1
-2
-3
-4
-4
-5
-5
-6
-8
-7
-8
-10
-9
-8
-8
-9
-9
-8
-8
-9
-9
-9
-7
-9
-6
-6
-7
-5
-4
-3
-2
-3
-1
-1
1
2
3
4
4
6
5
6
6
6
7
8
8
8
11
12
11
10
11
11
10
11
11
10
9
10
10
10
9
9
7
8
7
5
6
5
5
3
2
0
0
-1
-1
-3
