3
2
2
2
3
4
3
3
4
4
4
3
3
4
2
4
4
4
5
4
5
4
7
4
4
3
2
0
0
0
0
-1
-1
-3
-3
-4
-5
-5
-6
-6
-5
-5
-4
-4
-3
-2
-2
-3
-2
-2
-2
-1
-1
-1
0
0
1
1
1
1
2
1
0
0
-1
-2
-3
-4
-4
-3
-4
-4
-4
-3
-4
-4
-3
-5
-3
-3
-4
-2
-4
-2
-1
-1
1
1
0
2
3
4
4
3
2
3
3
4
5
3
2
2
2
2
2
2
2
2
3
2
2
1
2
2
3
2
2
2
2
0
-1
0
1
1
0
-1
-2
-4
-4
-6
-6
-7
-9
-8
-9
-8
-10
-10
-11
-12
-10
-10
-9
-7
-5
-5
-5
-2
-1
0
1
2
2
2
1
3
2
3
2
2
3
3
3
4
4
3
3
2
3
4
5
7
8
9
8
9
10
11
12
12
12
12
14
14
13
13
11
10
9
9
9
8
7
7
5
3
0
-2
-3
-6
-7
-8
-8
-7
-7
-7
-6
-6
-7
-8
-8
-9
-8
-8
-8
-8
-7
-8
-8
-8
-7
-7
-7
-6
-5
-3
-4
-5
-4
-4
-3
-3
-2
-3
-3
-2
-2
-2
-1
-2
-4
-2
0
1
2
3
4
4
5
8
10
10
8
9
8
7
6
6
7
7
7
9
9
9
7
7
7
4
2
1
-1
-2
-3
-4
-7
-7
-9
-10
-11
-12
-11
-11
-10
-10
-10
-8
-8
-7
-5
-5
-5
-4
-3
0
-1
-1
1
3
7
6
5
4
2
2
2
2
1
-1
-2
-3
-6
-7
-8
-9
-9
-9
-7
-6
-4
0
1
2
1
1
-2
-3
-1
-1
1
3
6
5
5
5
6
6
6
6
7
10
11
12
8
6
3
3
5
8
12
12
9
7
8
10
12
11
7
4
5
11
12
11
5
0
-2
-1
0
0
2
6
6
7
4
4
1
-1
-4
-6
-4
-3
-3
-5
-9
-14
-17
-16
-14
-11
-9
-11
-12
-11
-13
-15
-15
-11
-6
-2
0
-2
-5
-6
-8
-12
-16
-16
-13
-7
0
5
4
1
0
-1
2
5
10
13
12
12
13
13
11
7
5
7
10
14
17
17
13
8
8
7
5
2
-1
1
4
5
1
-1
-2
-4
-8
-14
-16
-12
-4
1
2
-2
-7
-10
-11
-8
-6
-5
-7
-9
-13
-12
-9
-4
-1
-2
-3
-2
1
3
0
-6
-13
-15
-11
-2
3
-2
-11
-13
-8
-4
1
-1
-7
-12
-13
-10
-5
-2
-4
-8
-8
-6
-3
3
10
15
15
12
9
10
11
12
12
15
19
17
17
19
21
20
15
14
13
12
11
14
17
14
9
8
12
15
13
10
8
6
4
2
6
9
8
3
0
6
15
16
8
-1
-4
-1
3
3
-2
-9
-16
-16
-7
0
-2
-9
-9
-12
-18
-26
-27
-20
-15
-14
-10
-8
-14
-23
-31
-32
-30
-27
-24
-22
-18
-15
-10
-2
5
4
-2
-4
-1
2
-1
-6
-5
1
4
6
7
7
6
1
2
7
11
13
11
7
6
1
0
9
22
25
11
-1
-3
0
0
1
6
21
34
34
24
8
0
-2
4
3
0
-2
4
8
0
-15
-21
-14
-4
-1
-6
-8
-4
-3
-6
-16
-21
-25
-29
-28
-15
4
11
11
9
8
-2
-9
-11
-2
4
0
-7
-9
-4
-3
-8
-13
-18
-25
-29
-19
1
14
10
1
2
8
9
7
10
15
18
13
8
6
8
6
9
17
22
26
24
26
24
16
3
-6
1
13
18
15
10
9
7
3
-6
-12
-14
-9
6
24
30
25
15
10
10
9
0
-10
-13
-12
-12
-20
-30
-23
-1
25
32
23
11
7
1
-17
-34
-32
-14
7
17
19
17
2
-25
-48
-49
-30
-18
-12
-5
8
20
8
-11
-25
-32
-32
-25
-16
-11
-12
-9
-6
-6
-14
-19
-7
12
17
3
-13
-14
-3
3
-6
-23
-37
-37
-18
15
49
57
43
24
10
-10
-33
-38
-16
16
26
31
35
36
21
2
-8
-2
11
22
33
36
27
-2
-21
-13
15
30
16
2
0
8
3
-12
-31
-44
-37
-7
35
68
64
24
-16
-30
-33
-33
-33
-24
-9
0
7
16
37
47
31
5
-27
-58
-65
-51
-24
-1
12
10
2
-4
-7
-21
-33
-39
-46
-38
-22
1
13
12
5
-6
-19
-17
22
58
59
34
17
9
-3
-17
-17
7
28
32
26
48
72
50
-12
-60
-44
3
35
25
3
3
10
8
6
20
20
-2
-33
-34
1
22
14
4
0
-6
-12
-1
33
62
47
-1
-25
-5
17
14
-1
-2
11
6
-12
-14
3
18
6
-10
3
13
0
-26
-41
-44
-54
-70
-71
-48
-20
-7
3
15
10
-15
-41
-43
-30
-23
-35
-37
-16
-2
-9
-10
20
61
63
16
-39
-48
-38
-44
-37
1
49
76
90
85
62
17
-32
-56
-57
-35
-3
34
66
73
45
-2
-26
-30
-37
-39
-17
27
47
41
21
0
-24
-40
-32
-2
23
27
24
50
72
57
33
15
10
-8
-28
-18
25
58
43
18
17
31
9
-53
-106
-109
-74
-29
16
55
65
45
-2
-46
-68
-73
-69
-50
-16
17
22
14
6
-7
-35
-52
-35
6
41
28
7
-16
-28
-44
-43
-11
36
73
88
82
47
3
-34
-47
-45
-34
-9
6
7
3
12
43
60
42
-1
-43
-54
-37
-35
-29
-15
-3
11
35
68
58
43
28
7
-20
-39
-22
20
67
55
13
-29
-37
-21
6
32
41
49
20
-16
-33
-29
-35
-58
-73
-60
-8
35
66
84
75
6
-68
-97
-85
-36
25
66
62
42
2
-32
-33
-22
-35
-50
-34
4
44
55
46
29
-3
-26
-43
-47
-27
-4
13
10
25
27
18
21
17
-7
-41
-44
-20
4
-12
-2
26
24
-9
-36
-46
-30
0
8
28
21
-27
-62
-52
-6
18
47
78
95
85
53
16
-16
-61
-110
-115
-61
56
172
215
161
44
-72
-171
-180
-109
-50
-5
35
81
101
98
80
41
-23
-126
-183
-130
-15
79
112
76
30
-5
-31
-5
68
86
-3
-81
-100
-95
-65
-31
14
56
54
17
-11
-11
20
11
-61
-110
-101
-57
8
89
125
88
26
-40
-61
-13
25
16
10
17
16
-3
-2
36
28
-24
-58
-25
28
69
71
34
5
-7
-6
-8
15
-9
-56
-76
-29
44
108
135
79
-26
-104
-116
-77
3
73
76
17
-41
-52
-15
-13
-38
-53
-34
15
63
57
35
12
-33
-89
-114
-74
-9
59
72
57
57
38
12
-4
-47
-69
-59
-64
-61
-24
14
16
35
60
41
4
-27
-34
-21
9
63
77
56
29
31
27
22
22
9
-10
-41
-62
-58
-16
22
6
-37
-52
-46
-42
-7
46
37
-8
-36
-33
-18
9
30
5
-1
1
-15
13
78
83
18
-38
-31
2
3
2
4
11
-5
-34
-45
-25
4
12
17
25
48
37
14
23
29
-24
-83
-63
-11
59
97
97
82
62
9
-70
-97
-100
-66
-16
26
38
52
29
37
81
47
-47
-136
-115
-71
-38
-1
68
137
103
2
-53
-36
-16
-29
-41
2
44
-15
-91
-65
10
52
32
39
18
-1
-71
-109
-56
-20
-21
-43
27
104
138
96
59
36
-25
-73
-74
-52
-40
-37
-24
-8
32
54
49
44
51
13
-40
-58
-52
-45
-86
-57
52
169
151
70
39
-23
-81
-90
-74
-33
-55
-108
-90
42
148
143
82
30
-30
-72
-111
-23
103
89
-3
-63
-22
11
24
-6
29
37
27
-23
-20
-4
-61
-121
-179
-115
-39
50
111
178
183
99
-57
-183
-165
-116
-80
-8
110
157
89
15
2
12
-15
-68
-70
-26
14
44
84
65
31
-58
-120
-65
29
91
104
66
45
-1
-51
-81
-48
3
22
9
20
69
58
59
36
27
-1
6
11
35
33
-9
-48
-70
-51
-51
-41
-33
-12
11
23
21
25
18
-40
-65
-66
-37
8
26
45
45
45
35
47
37
28
-23
-113
-172
-184
-126
-59
26
87
124
120
56
4
-24
-93
-160
-134
-123
-68
20
99
127
150
158
108
19
-49
-87
-91
-73
-40
40
53
43
44
121
141
131
84
10
-45
-104
-97
-96
-55
-22
33
111
110
109
69
11
-62
-104
-106
-93
-57
-66
-57
-7
43
82
49
-5
47
164
168
141
100
17
-83
-181
-152
-82
23
63
16
21
17
-40
-152
-163
-142
-121
-173
-153
4
88
77
7
9
42
38
-40
-59
48
120
78
69
102
20
-43
-16
34
43
18
-40
-82
-29
-37
-35
-8
19
2
-47
-63
-17
53
-23
-108
-40
61
40
50
95
101
94
63
43
45
62
23
-13
-11
30
58
14
7
65
59
-1
13
42
-8
-86
-97
-96
-79
-50
-21
14
78
88
44
22
49
50
-23
-40
34
77
4
-29
0
31
50
17
-42
-78
-73
-79
-67
-67
-89
-160
-216
-194
-132
-71
-1
89
135
114
74
55
-33
-111
-106
-56
-16
36
111
118
73
34
-10
-22
-10
2
-7
-27
19
95
51
-31
-48
-57
-68
-26
36
51
79
85
89
109
173
167
89
30
-32
-109
-143
-93
-13
22
6
-13
-18
-33
-71
-90
-80
-57
-24
12
5
9
4
37
104
194
210
168
159
125
44
-33
-53
-24
-45
-111
-122
-58
-9
-16
-61
-110
-130
-141
-149
-146
-43
-6
-42
-79
-60
-13
20
83
130
165
144
103
28
-10
-12
-47
-95
-70
25
79
77
54
42
20
-20
-73
-113
-135
-130
-104
-39
30
86
98
78
72
59
29
31
80
109
81
37
20
18
5
-6
-2
-19
-50
-70
-55
-8
46
29
-39
-60
-13
-1
-29
-48
-33
-25
-41
-32
-22
3
27
43
36
47
66
27
-44
-79
-70
-52
-13
25
50
56
49
38
15
-4
-55
-89
-95
-62
-13
19
32
6
0
14
50
76
79
49
11
-19
-41
-30
0
28
33
37
55
66
44
-13
-83
-121
-105
-58
-8
15
10
4
8
34
64
53
26
4
-6
-13
-18
-4
2
12
0
-12
-21
-33
-51
-62
-53
-35
-15
-1
1
-13
-32
-43
-29
-18
-23
-34
-18
48
121
156
144
113
99
86
61
39
3
-34
-74
-75
-47
-11
-3
-30
-56
-63
-39
-24
-3
-20
-65
-103
-107
-65
4
56
65
57
55
57
42
20
-9
-24
-19
1
25
27
12
-4
-5
-1
-7
-15
-27
-26
-10
5
21
29
11
-17
-36
-22
11
52
75
59
37
16
3
-11
-11
1
16
38
49
50
35
10
-10
-19
-1
15
15
-6
-27
-32
-28
-31
-41
-47
-44
-30
-6
27
49
57
42
3
-46
-67
-50
-25
-8
-4
-8
-14
-32
-50
-65
-45
-8
28
35
10
-20
-66
-94
-88
-56
-33
-9
11
17
7
-6
-14
-19
-6
17
32
36
30
15
5
7
16
37
61
88
112
127
130
131
123
90
46
11
1
11
34
56
65
70
69
61
44
26
5
-22
-61
-105
-143
-176
-184
-165
-132
-116
-108
-98
-79
-47
-27
-27
-43
-66
-87
-89
-62
-21
13
26
30
32
29
16
-14
-54
-97
-127
-136
-120
-80
-35
-15
-11
3
25
54
65
60
45
30
33
61
104
149
188
216
242
270
289
291
273
248
214
173
137
109
88
69
65
79
101
115
109
91
78
74
68
47
13
-24
-65
-96
-112
-113
-112
-110
-113
-126
-144
-156
-171
-205
-259
-326
-382
-408
-406
-390
-369
-335
-298
-272
-263
-260
-260
-265
-280
-294
-302
-307
-303
-290
-268
-234
-197
-167
-151
-149
-163
-182
-190
-157
-58
97
294
512
731
942
1139
1292
1374
1390
1343
1235
1091
947
827
723
609
464
295
133
6
-87
-165
-253
-367
-503
-642
-727
-741
-706
-647
-580
-491
-362
-201
-47
57
114
133
124
101
66
24
-33
-102
-174
-241
-296
-346
-409
-492
-577
-634
-667
-708
-770
-852
-936
-990
-999
-971
-927
-877
-821
-741
-619
-471
-346
-278
-264
-256
-174
41
384
769
1097
1364
1640
1953
2223
2357
2309
2102
1823
1563
1371
1221
1034
734
353
-1
-219
-312
-374
-496
-701
-921
-1082
-1126
-1069
-987
-929
-896
-811
-593
-239
159
473
658
769
889
1039
1160
1165
1022
784
540
340
174
-17
-273
-585
-889
-1097
-1197
-1239
-1299
-1409
-1529
-1577
-1518
-1404
-1319
-1284
-1244
-1131
-934
-678
-409
-175
-3
131
286
483
659
708
611
459
339
245
133
-30
-231
-430
-545
-460
-151
255
572
787
1038
1412
1811
2050
2063
1898
1645
1397
1217
1123
997
716
307
-67
-231
-216
-176
-234
-396
-577
-702
-701
-589
-491
-509
-629
-687
-554
-267
25
191
234
247
324
505
706
820
764
589
434
367
338
231
7
-295
-597
-815
-923
-966
-1038
-1179
-1309
-1333
-1236
-1113
-1059
-1066
-1072
-1011
-869
-680
-496
-353
-229
-69
149
395
594
691
660
550
443
358
239
17
-273
-528
-690
-769
-820
-856
-894
-953
-998
-964
-835
-705
-612
-407
83
769
1381
1839
2282
2769
3137
3267
3243
3167
2977
2598
2173
1891
1686
1332
733
95
-378
-709
-1031
-1378
-1683
-1977
-2288
-2493
-2458
-2236
-2031
-1910
-1727
-1371
-872
-366
73
434
691
877
1062
1291
1491
1519
1387
1215
1092
974
798
577
297
-38
-366
-587
-678
-760
-905
-1070
-1154
-1143
-1139
-1171
-1194
-1177
-1163
-1175
-1145
-1032
-872
-712
-548
-335
-90
172
428
627
749
815
880
922
891
791
656
519
349
151
-3
-65
-95
-205
-379
-482
-508
-591
-804
-1026
-1156
-1246
-1308
-1175
-703
-85
366
669
1099
1735
2270
2464
2437
2382
2280
2030
1769
1647
1516
1125
506
-6
-208
-270
-442
-752
-1067
-1349
-1599
-1698
-1605
-1474
-1515
-1646
-1582
-1234
-762
-365
-74
143
303
495
806
1198
1483
1525
1437
1413
1481
1499
1365
1114
780
389
30
-194
-328
-545
-878
-1159
-1253
-1228
-1249
-1344
-1434
-1467
-1474
-1471
-1420
-1333
-1258
-1191
-1042
-748
-386
-47
244
507
757
1007
1257
1415
1398
1257
1126
1032
876
597
276
14
-190
-391
-576
-685
-752
-913
-1206
-1472
-1577
-1618
-1725
-1767
-1486
-950
-468
-91
437
1188
1842
2175
2359
2602
2812
2794
2646
2576
2523
2283
1783
1250
875
584
198
-311
-777
-1158
-1534
-1843
-1961
-1931
-1951
-2026
-1940
-1605
-1137
-680
-250
150
453
699
978
1304
1543
1561
1438
1342
1321
1260
1061
787
493
184
-103
-304
-410
-562
-828
-1085
-1180
-1156
-1195
-1347
-1492
-1548
-1569
-1615
-1627
-1568
-1492
-1418
-1265
-978
-635
-320
-26
266
541
794
1025
1196
1251
1214
1166
1136
1061
850
511
164
-99
-305
-525
-732
-893
-1055
-1266
-1458
-1529
-1520
-1567
-1691
-1639
-1150
-410
163
499
963
1692
2315
2599
2763
2992
3091
2895
2680
2670
2685
2420
1847
1253
854
607
301
-174
-673
-1123
-1543
-1843
-1903
-1817
-1873
-2046
-2027
-1721
-1287
-877
-496
-212
-79
85
433
858
1115
1120
1014
957
1024
1103
1014
746
411
106
-165
-353
-431
-579
-926
-1318
-1478
-1407
-1362
-1470
-1632
-1710
-1673
-1553
-1362
-1150
-971
-826
-643
-306
162
618
915
1057
1183
1372
1584
1696
1662
1531
1334
1112
907
721
466
69
-376
-740
-972
-1100
-1208
-1378
-1633
-1865
-1979
-1998
-2001
-2047
-2108
-1961
-1352
-413
393
939
1625
2627
3511
3950
4214
4524
4631
4318
3870
3584
3275
2627
1617
548
-270
-800
-1294
-1957
-2605
-3034
-3326
-3527
-3486
-3204
-3027
-3051
-2902
-2379
-1709
-1133
-629
-189
125
473
1023
1629
1997
2081
2092
2140
2226
2300
2232
1945
1482
977
522
145
-172
-614
-1286
-1958
-2291
-2310
-2363
-2544
-2645
-2547
-2335
-2048
-1621
-1127
-731
-454
-147
311
867
1383
1734
1886
1956
2081
2278
2407
2354
2126
1796
1458
1168
905
565
70
-482
-948
-1266
-1460
-1627
-1861
-2182
-2446
-2533
-2514
-2499
-2474
-2385
-2239
-1889
-1101
-58
759
1271
1911
2835
3598
3925
4026
4073
3930
3509
3066
2733
2331
1657
712
-207
-810
-1099
-1421
-1963
-2459
-2732
-2890
-2958
-2779
-2432
-2283
-2283
-2025
-1419
-756
-234
236
663
983
1325
1789
2250
2472
2442
2337
2257
2234
2186
1962
1500
895
341
-115
-536
-974
-1496
-2074
-2551
-2734
-2676
-2631
-2662
-2603
-2328
-1921
-1464
-918
-350
95
417
788
1276
1731
2056
2239
2244
2112
2031
2108
2095
1756
1222
745
372
-11
-447
-912
-1418
-1909
-2294
-2505
-2561
-2564
-2650
-2825
-2873
-2663
-2353
-2114
-1880
-1564
-1247
-845
-25
1119
2004
2400
2809
3617
4405
4675
4557
4407
4183
3651
2967
2456
2079
1494
532
-474
-1078
-1278
-1501
-2018
-2560
-2864
-3040
-3165
-3082
-2756
-2521
-2482
-2257
-1624
-821
-163
377
919
1388
1776
2214
2715
3041
2987
2721
2528
2452
2283
1859
1253
590
-77
-715
-1258
-1670
-2092
-2633
-3128
-3292
-3120
-2927
-2871
-2775
-2446
-1946
-1429
-879
-276
252
630
1001
1524
2071
2419
2540
2521
2434
2317
2226
2094
1719
1069
392
-73
-385
-773
-1297
-1817
-2191
-2410
-2511
-2485
-2371
-2311
-2376
-2366
-2062
-1577
-1217
-1052
-877
-567
-196
264
997
1886
2494
2714
3011
3720
4423
4551
4182
3756
3425
2983
2412
1925
1488
857
-46
-868
-1245
-1327
-1555
-2109
-2648
-2855
-2863
-2828
-2705
-2465
-2294
-2240
-1959
-1309
-577
-63
291
699
1135
1544
1964
2361
2557
2436
2195
2076
2018
1787
1266
618
32
-480
-976
-1446
-1823
-2208
-2687
-3082
-3130
-2875
-2675
-2664
-2581
-2194
-1591
-994
-444
96
566
967
1405
1928
2372
2561
2526
2389
2251
2136
2013
1782
1317
721
237
-11
-156
-450
-920
-1376
-1659
-1810
-1947
-2023
-2003
-2004
-2122
-2186
-1932
-1457
-1123
-1072
-1049
-777
-330
96
536
1131
1745
2127
2403
2930
3647
4020
3833
3467
3262
3097
2742
2291
1865
1360
687
-37
-569
-881
-1209
-1751
-2385
-2763
-2858
-2945
-3073
-3051
-2845
-2686
-2527
-2070
-1373
-793
-431
-11
564
1073
1452
1806
2123
2272
2263
2259
2264
2171
1893
1441
942
503
96
-401
-975
-1480
-1922
-2368
-2700
-2739
-2589
-2538
-2536
-2276
-1689
-1046
-550
-110
372
834
1217
1568
1916
2146
2167
2041
1920
1884
1856
1708
1409
1039
701
432
203
-76
-470
-950
-1379
-1652
-1824
-1975
-2098
-2130
-2105
-2094
-2016
-1734
-1313
-993
-888
-785
-457
7
331
508
872
1489
1996
2214
2474
3028
3503
3477
3175
3012
2944
2639
2118
1645
1233
730
72
-612
-1153
-1547
-1931
-2410
-2804
-2942
-2976
-3028
-2935
-2577
-2219
-2041
-1735
-1124
-515
-145
208
735
1160
1343
1544
1893
2172
2188
2099
2051
1966
1748
1364
899
454
38
-454
-1034
-1516
-1833
-2142
-2474
-2607
-2443
-2256
-2196
-2044
-1622
-1076
-642
-300
67
447
822
1195
1575
1886
2037
2055
2024
2028
2018
1870
1561
1162
756
355
-25
-346
-691
-1139
-1585
-1835
-1863
-1841
-1853
-1834
-1732
-1582
-1417
-1208
-944
-664
-462
-389
-307
-56
286
455
544
931
1562
2014
2204
2565
3183
3530
3407
3186
3103
2925
2450
1912
1463
1016
450
-261
-970
-1503
-1822
-2154
-2625
-2947
-2995
-3008
-3076
-2952
-2595
-2390
-2342
-2035
-1436
-926
-610
-173
396
795
1082
1515
2041
2352
2400
2425
2469
2427
2209
1815
1342
875
411
-151
-742
-1159
-1462
-1839
-2211
-2321
-2216
-2200
-2266
-2151
-1805
-1459
-1224
-948
-556
-117
301
715
1158
1545
1798
1919
2009
2135
2172
2011
1716
1436
1204
912
562
225
-114
-478
-799
-979
-1073
-1203
-1357
-1443
-1455
-1467
-1487
-1461
-1383
-1287
-1218
-1167
-1042
-803
-569
-456
-270
282
1022
1507
1763
2227
2947
3410
3438
3389
3425
3307
2907
2468
2109
1648
975
144
-676
-1326
-1811
-2314
-2941
-3454
-3702
-3852
-3953
-3838
-3520
-3300
-3154
-2684
-1898
-1170
-581
104
874
1465
1958
2593
3221
3531
3533
3497
3465
3290
2935
2431
1833
1194
564
-60
-668
-1186
-1673
-2210
-2674
-2862
-2848
-2917
-3055
-2986
-2651
-2238
-1854
-1384
-791
-200
360
969
1639
2192
2508
2685
2842
2968
2951
2760
2459
2086
1650
1164
686
236
-252
-795
-1318
-1691
-1903
-2073
-2240
-2373
-2433
-2426
-2331
-2113
-1860
-1660
-1484
-1253
-943
-602
-272
12
301
778
1455
2075
2485
2862
3365
3770
3853
3746
3600
3317
2788
2154
1572
964
226
-639
-1530
-2292
-2833
-3229
-3641
-4001
-4130
-4095
-3989
-3713
-3188
-2615
-2158
-1603
-791
105
888
1590
2269
2810
3214
3616
3961
4048
3847
3549
3232
2809
2262
1627
909
125
-644
-1324
-1919
-2430
-2878
-3299
-3619
-3690
-3503
-3258
-3074
-2802
-2308
-1660
-1003
-357
300
915
1475
2028
2569
2986
3180
3203
3135
3011
2817
2512
2094
1583
1032
486
-35
-517
-989
-1466
-1908
-2237
-2414
-2486
-2506
-2485
-2431
-2319
-2089
-1722
-1353
-1097
-869
-546
-167
143
372
566
724
932
1345
1886
2260
2392
2547
2850
3061
2993
2769
2490
2073
1486
911
469
33
-555
-1307
-2028
-2483
-2675
-2820
-3047
-3212
-3188
-3070
-2861
-2438
-1858
-1397
-1086
-617
117
878
1470
1932
2317
2592
2822
3066
3195
3057
2706
2324
1956
1533
1039
462
-181
-821
-1352
-1738
-2030
-2265
-2479
-2673
-2730
-2535
-2171
-1877
-1719
-1510
-1097
-536
4
451
835
1198
1586
2004
2399
2661
2715
2617
2469
2330
2144
1829
1366
807
231
-306
-758
-1135
-1516
-1935
-2302
-2470
-2418
-2283
-2177
-2109
-2000
-1794
-1477
-1108
-812
-627
-476
-285
-61
154
329
413
451
660
1153
1692
1993
2140
2407
2767
2954
2908
2747
2468
1995
1408
911
509
26
-645
-1418
-2057
-2397
-2527
-2649
-2803
-2862
-2796
-2637
-2305
-1769
-1239
-922
-664
-192
459
1075
1553
1899
2113
2247
2442
2662
2696
2455
2078
1719
1372
1003
598
102
-483
-1033
-1411
-1631
-1804
-1991
-2193
-2357
-2381
-2212
-1950
-1782
-1718
-1580
-1240
-758
-277
144
535
942
1396
1888
2337
2633
2727
2666
2545
2418
2234
1901
1386
792
257
-189
-595
-985
-1342
-1670
-1948
-2076
-2017
-1869
-1765
-1724
-1667
-1515
-1238
-922
-720
-672
-646
-508
-313
-158
-60
-14
4
161
643
1284
1700
1844
2050
2479
2845
2872
2655
2357
1976
1471
956
554
173
-352
-1039
-1662
-1967
-1997
-2023
-2197
-2380
-2411
-2312
-2095
-1746
-1375
-1161
-1058
-773
-221
395
864
1157
1378
1602
1879
2169
2329
2266
2019
1740
1526
1375
1192
829
299
-198
-501
-663
-866
-1153
-1474
-1791
-2032
-2092
-1978
-1893
-1956
-1997
-1774
-1282
-741
-293
100
513
993
1513
2017
2400
2569
2556
2459
2387
2312
2093
1661
1115
628
242
-107
-454
-817
-1213
-1592
-1829
-1861
-1808
-1813
-1901
-1983
-1939
-1725
-1427
-1239
-1222
-1221
-1089
-849
-605
-399
-267
-214
-44
476
1223
1767
1967
2145
2552
2990
3124
2950
2639
2238
1715
1158
735
381
-119
-839
-1551
-1944
-2025
-2064
-2245
-2476
-2578
-2531
-2339
-2011
-1657
-1445
-1367
-1142
-613
56
616
979
1264
1587
1990
2424
2733
2807
2662
2465
2339
2240
2048
1642
1055
448
-21
-344
-676
-1113
-1620
-2109
-2451
-2552
-2450
-2375
-2459
-2502
-2236
-1642
-989
-468
-34
419
955
1550
2123
2538
2699
2682
2631
2621
2571
2341
1900
1326
768
301
-104
-515
-997
-1541
-2043
-2359
-2450
-2448
-2497
-2626
-2724
-2660
-2402
-2058
-1816
-1736
-1671
-1454
-1068
-641
-271
-10
177
486
1119
1974
2642
2923
3075
3390
3773
3887
3640
3180
2602
1947
1305
807
372
-215
-986
-1725
-2148
-2256
-2300
-2474
-2732
-2867
-2810
-2583
-2223
-1847
-1580
-1418
-1116
-489
317
1021
1487
1840
2241
2724
3210
3518
3533
3303
2982
2707
2441
2078
1509
735
-74
-729
-1195
-1631
-2163
-2755
-3300
-3649
-3712
-3549
-3391
-3363
-3270
-2851
-2103
-1271
-562
38
625
1273
1985
2659
3157
3372
3368
3294
3243
3167
2912
2415
1760
1105
542
37
-480
-1065
-1696
-2273
-2686
-2885
-2946
-3001
-3120
-3229
-3162
-2843
-2384
-1999
-1758
-1508
-1086
-506
94
602
981
1245
1545
2078
2802
3364
3522
3488
3591
3805
3819
3499
2982
2360
1667
998
480
40
-546
-1326
-2088
-2563
-2721
-2787
-2954
-3182
-3283
-3184
-2923
-2515
-2037
-1638
-1359
-989
-312
551
1305
1808
2167
2554
2998
3416
3636
3561
3243
2837
2469
2107
1640
978
146
-672
-1312
-1770
-2190
-2672
-3162
-3573
-3797
-3745
-3474
-3191
-3045
-2868
-2392
-1606
-756
-55
526
1107
1746
2441
3105
3594
3788
3749
3660
3607
3500
3174
2582
1828
1074
418
-173
-797
-1504
-2230
-2837
-3231
-3402
-3430
-3430
-3457
-3455
-3259
-2793
-2192
-1696
-1382
-1059
-546
94
685
1138
1466
1688
1934
2412
3071
3525
3547
3412
3469
3622
3516
3073
2470
1807
1078
371
-162
-591
-1155
-1927
-2659
-3030
-3042
-3005
-3138
-3314
-3284
-3029
-2650
-2181
-1663
-1211
-867
-430
269
1108
1821
2271
2564
2861
3220
3543
3629
3393
2931
2416
1963
1533
1027
346
-481
-1257
-1806
-2142
-2438
-2801
-3188
-3504
-3613
-3432
-3051
-2722
-2562
-2344
-1804
-987
-167
503
1086
1655
2223
2816
3421
3875
3985
3792
3544
3397
3235
2838
2150
1307
508
-150
-712
-1293
-1962
-2647
-3187
-3492
-3594
-3579
-3510
-3431
-3340
-3117
-2622
-1920
-1296
-916
-596
-78
599
1192
1578
1812
1953
2061
2307
2769
3162
3161
2888
2766
2897
2921
2574
1990
1374
761
159
-325
-677
-1107
-1749
-2430
-2825
-2835
-2710
-2721
-2868
-2898
-2658
-2235
-1739
-1246
-809
-466
-111
449
1188
1857
2256
2430
2589
2835
3077
3124
2869
2388
1852
1386
980
541
-23
-726
-1427
-1936
-2192
-2336
-2542
-2814
-3054
-3127
-2929
-2508
-2095
-1889
-1739
-1314
-554
269
916
1426
1915
2411
2916
3425
3832
3939
3713
3362
3090
2857
2463
1801
949
89
-629
-1189
-1696
-2277
-2913
-3427
-3680
-3705
-3604
-3439
-3232
-3018
-2738
-2246
-1526
-815
-351
-55
340
902
1423
1740
1881
1917
1885
1919
2184
2561
2663
2389
2119
2165
2317
2159
1654
1058
516
19
-418
-738
-1050
-1514
-2079
-2490
-2547
-2359
-2221
-2274
-2364
-2232
-1865
-1410
-985
-643
-377
-127
268
857
1459
1862
2034
2151
2353
2591
2713
2580
2213
1751
1320
962
609
181
-378
-1004
-1501
-1759
-1864
-2002
-2229
-2458
-2596
-2545
-2270
-1925
-1739
-1698
-1493
-928
-184
447
914
1381
1921
2483
3010
3439
3665
3610
3361
3088
2841
2501
1926
1142
307
-422
-999
-1499
-2029
-2608
-3121
-3405
-3441
-3345
-3231
-3099
-2896
-2609
-2202
-1637
-994
-467
-134
193
678
1210
1557
1680
1710
1692
1636
1689
1958
2210
2127
1842
1777
1998
2112
1831
1322
839
435
57
-298
-632
-1031
-1505
-1944
-2202
-2218
-2121
-2107
-2209
-2226
-1993
-1618
-1254
-941
-655
-385
-65
418
1003
1476
1742
1911
2134
2387
2557
2550
2340
2006
1646
1330
1023
656
207
-314
-812
-1175
-1393
-1581
-1847
-2132
-2336
-2409
-2329
-2127
-1919
-1823
-1722
-1363
-721
-53
448
880
1402
2008
2592
3064
3358
3419
3295
3130
2935
2596
2055
1380
657
-75
-735
-1280
-1789
-2356
-2920
-3289
-3392
-3344
-3267
-3178
-3026
-2762
-2360
-1848
-1303
-796
-364
38
488
986
1411
1612
1608
1561
1559
1539
1475
1486
1602
1631
1508
1465
1665
1842
1650
1201
832
599
307
-113
-539
-918
-1273
-1581
-1809
-1927
-1939
-1896
-1873
-1820
-1596
-1260
-978
-756
-473
-118
223
584
1023
1436
1724
1947
2210
2423
2463
2367
2197
1942
1595
1226
855
426
-52
-507
-901
-1241
-1527
-1769
-2009
-2224
-2335
-2341
-2303
-2223
-2056
-1842
-1629
-1311
-788
-164
367
816
1347
1979
2574
3016
3291
3434
3435
3328
3118
2739
2150
1433
696
-38
-784
-1496
-2116
-2649
-3119
-3473
-3613
-3554
-3395
-3203
-2949
-2575
-2077
-1509
-961
-457
46
569
1068
1477
1782
1995
2078
2006
1847
1707
1560
1313
1087
1073
1139
1033
865
903
1008
812
406
127
-75
-446
-912
-1214
-1386
-1575
-1742
-1836
-1855
-1731
-1452
-1204
-1072
-856
-506
-225
-47
197
516
727
863
1107
1420
1653
1779
1850
1846
1767
1695
1570
1282
905
592
330
6
-326
-576
-815
-1101
-1350
-1470
-1538
-1632
-1711
-1763
-1808
-1771
-1552
-1258
-1065
-865
-449
136
700
1210
1753
2280
2706
3030
3274
3402
3357
3118
2670
2052
1379
710
-26
-874
-1711
-2372
-2832
-3151
-3385
-3518
-3488
-3287
-2984
-2621
-2181
-1693
-1241
-834
-405
67
521
901
1200
1425
1590
1728
1823
1764
1511
1227
1017
773
462
334
446
442
200
98
323
461
216
-111
-276
-451
-727
-901
-914
-955
-1029
-1014
-928
-774
-500
-208
-93
-61
114
349
464
504
568
608
597
674
850
975
1004
1017
1036
1019
1000
966
819
586
391
269
131
-40
-183
-353
-592
-800
-880
-929
-1089
-1281
-1376
-1409
-1424
-1334
-1101
-882
-731
-453
43
597
1059
1481
1903
2245
2478
2657
2777
2710
2399
1921
1373
790
155
-547
-1279
-1945
-2454
-2787
-2963
-3008
-2964
-2834
-2595
-2252
-1847
-1423
-1032
-710
-419
-98
246
539
759
957
1140
1246
1278
1321
1334
1166
825
513
304
61
-214
-296
-188
-172
-259
-149
170
326
209
112
118
56
-72
-77
27
61
37
65
153
284
439
532
501
451
466
445
328
192
93
-28
-173
-223
-159
-57
40
143
263
390
540
676
732
713
677
644
565
431
282
89
-171
-444
-648
-817
-1028
-1215
-1308
-1356
-1397
-1315
-1065
-837
-706
-466
4
506
861
1180
1563
1877
2029
2102
2153
2059
1722
1235
702
154
-412
-983
-1534
-2005
-2299
-2405
-2378
-2258
-2056
-1809
-1547
-1262
-942
-633
-392
-219
-74
72
255
477
680
831
943
1024
1079
1107
1069
877
539
206
-57
-322
-556
-574
-413
-345
-365
-177
241
518
496
441
495
513
422
394
494
549
492
430
439
510
575
562
419
222
60
-104
-320
-566
-794
-994
-1135
-1133
-982
-749
-475
-169
161
483
801
1086
1253
1275
1215
1141
1030
840
589
289
-33
-327
-549
-741
-945
-1094
-1154
-1192
-1212
-1098
-849
-658
-564
-348
63
479
761
1021
1338
1585
1684
1712
1719
1608
1298
857
381
-75
-506
-923
-1316
-1633
-1797
-1786
-1663
-1501
-1332
-1170
-1021
-881
-740
-609
-506
-451
-423
-366
-220
4
229
417
566
677
751
796
781
619
302
-42
-328
-589
-809
-828
-631
-461
-380
-147
327
745
883
920
1013
1054
967
915
992
1011
865
695
609
578
535
450
264
-13
-273
-490
-714
-959
-1171
-1313
-1397
-1362
-1139
-760
-327
79
460
822
1172
1487
1660
1647
1509
1336
1132
862
550
234
-76
-361
-590
-742
-831
-860
-864
-911
-954
-865
-659
-538
-551
-481
-220
81
284
478
750
978
1044
1053
1118
1136
948
579
168
-195
-500
-771
-1039
-1288
-1423
-1373
-1205
-1023
-869
-739
-664
-659
-662
-625
-561
-536
-582
-627
-538
-272
25
217
334
464
592
647
628
523
276
-84
-418
-661
-822
-814
-563
-262
-83
180
742
1345
1587
1556
1577
1610
1442
1174
1043
962
720
403
188
81
20
-39
-199
-502
-787
-932
-1064
-1302
-1538
-1612
-1559
-1442
-1178
-711
-137
400
864
1263
1623
1941
2111
2011
1716
1423
1190
889
495
140
-105
-297
-472
-579
-610
-610
-614
-685
-834
-935
-879
-809
-911
-1039
-905
-543
-229
-13
293
690
978
1111
1231
1355
1324
1076
691
282
-44
-255
-465
-767
-1026
-1051
-908
-799
-778
-767
-774
-864
-985
-1052
-1062
-1056
-1051
-1061
-1013
-762
-349
-13
157
298
484
611
614
524
342
58
-232
-433
-563
-576
-307
163
511
742
1174
1780
2109
1999
1780
1632
1363
895
480
254
41
-236
-455
-550
-543
-478
-456
-579
-773
-889
-968
-1121
-1310
-1389
-1317
-1162
-909
-492
66
645
1157
1566
1875
2113
2251
2172
1867
1490
1174
877
525
180
-61
-213
-346
-444
-494
-553
-646
-777
-982
-1212
-1318
-1294
-1320
-1420
-1354
-983
-491
-85
292
734
1126
1346
1466
1567
1539
1273
858
421
34
-265
-494
-728
-959
-1054
-962
-812
-738
-743
-797
-919
-1082
-1202
-1273
-1325
-1334
-1287
-1187
-956
-547
-113
178
375
570
726
774
726
597
359
63
-147
-227
-243
-128
251
724
1035
1296
1706
2061
2030
1697
1370
1048
563
21
-302
-426
-559
-672
-647
-526
-387
-262
-215
-284
-422
-604
-843
-1084
-1240
-1284
-1216
-1014
-634
-88
538
1146
1680
2092
2332
2403
2307
2049
1662
1208
765
390
98
-117
-258
-346
-402
-425
-458
-563
-721
-932
-1222
-1505
-1635
-1657
-1698
-1676
-1415
-955
-467
9
527
997
1262
1349
1411
1442
1291
944
538
182
-90
-273
-381
-467
-530
-520
-443
-390
-420
-520
-708
-992
-1294
-1519
-1637
-1653
-1586
-1455
-1238
-870
-389
45
357
595
764
823
803
754
659
506
328
169
99
151
254
381
657
1055
1298
1323
1355
1418
1241
790
363
37
-344
-704
-796
-655
-505
-369
-185
-29
57
109
71
-130
-430
-750
-1068
-1303
-1326
-1120
-819
-480
20
727
1432
1927
2240
2447
2454
2181
1744
1331
952
520
90
-161
-199
-164
-148
-127
-85
-105
-265
-528
-804
-1116
-1497
-1825
-1964
-1951
-1859
-1620
-1190
-671
-156
342
780
1059
1167
1179
1125
981
719
422
212
107
43
18
65
134
147
94
-4
-163
-429
-794
-1190
-1564
-1857
-1990
-1963
-1837
-1600
-1226
-766
-283
165
502
716
839
872
838
793
728
631
560
551
558
547
542
541
464
330
350
513
490
247
125
186
134
-72
-181
-162
-216
-325
-237
69
310
360
350
333
264
159
40
-129
-343
-573
-753
-748
-512
-177
97
322
613
999
1353
1545
1577
1489
1286
1014
745
534
389
269
136
51
108
255
325
240
51
-184
-480
-835
-1169
-1454
-1745
-1987
-2006
-1776
-1444
-1111
-756
-375
-24
240
412
517
542
470
347
267
275
343
420
471
507
571
639
630
486
232
-99
-483
-871
-1200
-1450
-1637
-1722
-1650
-1430
-1093
-682
-292
0
229
412
509
530
512
432
325
306
410
556
686
806
910
938
854
656
352
-48
-508
-921
-1121
-1045
-880
-778
-591
-189
240
519
724
899
893
694
562
642
747
706
599
543
536
563
627
680
635
452
186
-19
-89
-103
-179
-309
-357
-222
50
344
589
775
873
880
854
845
810
651
368
94
-67
-147
-241
-390
-563
-726
-883
-1021
-1092
-1119
-1215
-1386
-1473
-1398
-1259
-1153
-1039
-863
-671
-503
-281
33
297
384
400
498
629
685
684
676
611
483
381
349
300
149
-95
-345
-540
-677
-785
-874
-920
-926
-910
-828
-622
-372
-220
-160
-88
33
192
365
497
584
684
822
952
1031
1058
1012
836
522
160
-172
-503
-862
-1184
-1328
-1186
-834
-455
-93
308
695
957
1102
1168
1107
910
709
640
688
751
818
895
917
879
856
831
680
351
-73
-473
-760
-893
-883
-793
-673
-473
-126
307
674
892
947
839
608
332
85
-138
-369
-574
-684
-675
-562
-383
-238
-223
-320
-453
-602
-782
-1016
-1290
-1529
-1642
-1597
-1433
-1183
-858
-510
-203
78
382
637
737
711
677
656
624
633
706
763
748
722
744
761
674
458
161
-182
-530
-832
-1062
-1223
-1322
-1340
-1248
-1032
-744
-452
-183
50
240
398
545
661
719
712
681
676
689
672
608
491
309
64
-218
-512
-797
-1034
-1153
-1076
-800
-426
-25
378
744
1024
1187
1216
1126
970
824
752
775
870
1016
1151
1197
1166
1116
1020
799
443
9
-429
-794
-1023
-1083
-1012
-887
-729
-500
-225
7
133
144
42
-164
-403
-567
-612
-581
-498
-337
-104
162
419
593
611
462
188
-170
-558
-924
-1224
-1419
-1474
-1381
-1162
-866
-531
-217
-3
97
141
159
125
47
-6
17
116
282
501
721
883
983
1015
950
770
500
170
-206
-579
-876
-1044
-1080
-1003
-842
-624
-364
-94
132
261
289
252
180
97
28
-7
-3
51
151
268
367
429
442
393
268
68
-196
-491
-765
-964
-1041
-937
-623
-181
257
641
994
1305
1502
1529
1417
1255
1111
1024
1018
1093
1203
1277
1259
1124
890
570
183
-251
-718
-1184
-1564
-1775
-1792
-1662
-1446
-1173
-858
-547
-297
-112
24
93
76
22
8
76
231
462
726
950
1078
1101
1008
771
391
-82
-586
-1063
-1448
-1691
-1770
-1702
-1527
-1302
-1068
-849
-657
-513
-428
-391
-370
-325
-223
-41
215
508
808
1081
1291
1410
1420
1311
1095
809
501
215
-25
-196
-287
-326
-339
-341
-334
-342
-380
-439
-511
-592
-655
-660
-585
-432
-225
23
277
490
643
736
752
677
522
322
109
-86
-239
-336
-384
-403
-404
-375
-301
-169
27
289
591
872
1083
1220
1305
1330
1262
1108
923
771
685
668
694
711
672
546
329
37
-302
-655
-995
-1301
-1551
-1709
-1743
-1638
-1417
-1130
-812
-479
-150
138
353
487
553
566
544
513
497
514
570
650
708
698
591
380
70
-314
-733
-1141
-1490
-1739
-1871
-1884
-1775
-1556
-1281
-1017
-787
-577
-381
-215
-92
13
126
279
478
729
1014
1300
1547
1714
1770
1701
1511
1226
876
500
135
-177
-412
-560
-631
-641
-615
-568
-519
-487
-483
-506
-541
-574
-578
-532
-431
-275
-78
138
353
543
689
772
787
741
645
521
402
310
252
214
183
154
120
84
55
45
73
145
233
302
338
350
341
305
235
152
94
92
148
238
313
346
319
226
68
-138
-361
-569
-735
-843
-888
-862
-757
-585
-377
-182
-30
72
122
119
70
0
-63
-92
-82
-40
25
101
176
222
196
73
-143
-406
-676
-922
-1117
-1231
-1245
-1159
-992
-767
-514
-273
-81
45
115
154
184
214
250
319
434
606
812
1011
1155
1221
1205
1108
934
697
425
149
-90
-258
-337
-343
-304
-246
-192
-163
-168
-203
-266
-343
-406
-421
-363
-228
-33
200
434
630
761
817
798
712
577
419
260
123
25
-22
-20
13
58
92
96
55
-39
-174
-328
-490
-646
-768
-814
-756
-589
-343
-64
188
379
488
514
467
355
206
64
-25
-25
64
213
370
481
502
428
268
41
-230
-512
-764
-948
-1037
-1020
-905
-721
-504
-296
-137
-47
-30
-84
-188
-318
-426
-474
-442
-335
-173
23
223
393
504
539
495
388
243
88
-54
-160
-206
-184
-95
38
183
299
353
338
270
173
72
-14
-64
-60
10
125
256
372
449
479
451
367
239
88
-60
-165
-208
-190
-119
-13
98
191
241
249
217
158
86
17
-38
-69
-69
-44
-4
28
51
60
63
66
69
78
96
118
152
191
234
267
282
277
256
230
209
192
172
139
89
21
-61
-160
-265
-361
-433
-484
-517
-535
-540
-533
-523
-509
-487
-460
-426
-393
-363
-338
-309
-261
-189
-100
8
129
248
349
422
450
426
350
234
105
-22
-138
-234
-301
-337
-341
-325
-310
-306
-319
-346
-377
-395
-398
-381
-334
-250
-141
-19
110
243
364
454
509
528
526
518
521
541
575
617
659
689
698
669
599
484
340
183
32
-100
-201
-267
-298
-294
-263
-211
-151
-93
-42
-11
4
1
-13
-26
-26
-5
31
79
138
203
264
307
326
313
261
175
71
-34
-129
-199
-243
-264
-265
-249
-230
-214
-210
-223
-256
-302
-352
-401
-442
-468
-472
-453
-412
-351
-274
-195
-127
-80
-53
-46
-54
-69
-84
-93
-84
-54
-10
46
108
178
248
298
322
315
280
222
144
56
-31
-107
-165
-201
-218
-220
-215
-202
-185
-168
-152
-136
-117
-93
-59
-9
63
151
252
355
455
540
601
635
641
623
584
534
471
402
339
291
253
222
185
140
87
24
-47
-126
-206
-277
-328
-356
-358
-333
-287
-226
-159
-101
-51
-11
17
32
39
45
51
65
84
104
121
128
120
95
57
0
-64
-133
-200
-259
-304
-335
-356
-369
-376
-378
-377
-370
-359
-342
-322
-297
-265
-227
-187
-144
-103
-68
-40
-19
-2
15
28
42
57
72
81
88
93
95
97
101
104
107
109
116
130
148
168
189
212
231
245
251
244
225
192
146
92
40
-5
-40
-65
-81
-86
-83
-79
-79
-91
-111
-132
-153
-164
-163
-141
-99
-40
30
107
182
248
303
345
373
391
395
390
374
352
326
291
249
198
141
79
16
-49
-108
-158
-193
-215
-221
-212
-193
-165
-134
-108
-89
-79
-80
-84
-92
-100
-106
-109
-107
-99
-85
-69
-58
-54
-57
-64
-77
-91
-105
-119
-126
-125
-116
-98
-75
-53
-39
-33
-38
-55
-79
-107
-134
-154
-159
-147
-120
-83
-42
-11
7
11
-1
-29
-69
-110
-146
-166
-169
-151
-115
-65
-5
61
121
171
212
244
266
279
284
283
282
280
276
267
253
233
199
147
80
2
-81
-164
-235
-292
-330
-343
-331
-303
-258
-201
-139
-75
-10
51
114
179
241
296
346
389
422
439
441
431
411
382
345
301
252
195
136
70
-1
-70
-133
-191
-247
-291
-320
-336
-339
-332
-318
-301
-282
-260
-240
-218
-191
-158
-122
-80
-34
14
60
97
122
132
124
105
72
25
-31
-87
-136
-177
-206
-224
-234
-235
-232
-225
-216
-209
-199
-188
-173
-151
-125
-90
-53
-13
26
59
84
103
111
110
104
100
105
120
149
189
238
287
331
362
376
370
348
305
249
189
128
69
12
-40
-84
-118
-149
-179
-211
-243
-269
-285
-290
-280
-250
-200
-133
-49
43
134
215
283
331
358
364
353
332
303
278
259
249
244
242
236
220
190
144
82
7
-78
-167
-248
-316
-364
-389
-392
-375
-344
-306
-267
-230
-200
-176
-152
-124
-91
-52
-5
48
103
157
206
242
260
256
228
177
103
12
-85
-180
-269
-345
-401
-436
-453
-452
-441
-425
-404
-380
-354
-325
-288
-238
-176
-104
-25
64
157
246
324
388
435
465
469
458
434
401
362
318
279
244
214
193
171
145
116
82
42
-3
-49
-94
-132
-162
-182
-190
-185
-171
-150
-124
-91
-55
-18
18
50
81
110
141
166
187
207
225
236
239
233
216
189
154
117
81
46
18
-4
-17
-25
-30
-36
-46
-62
-80
-102
-129
-152
-172
-180
-183
-183
-179
-172
-161
-148
-134
-121
-112
-100
-90
-80
-72
-65
-57
-49
-41
-32
-26
-24
-30
-40
-56
-76
-101
-128
-150
-163
-168
-165
-159
-152
-143
-132
-122
-115
-104
-90
-72
-49
-21
11
47
84
121
160
198
231
256
274
282
285
278
261
238
212
187
161
142
126
113
100
85
72
59
44
27
8
-15
-38
-59
-75
-87
-95
-96
-92
-82
-67
-50
-32
-13
3
17
29
41
48
55
60
65
69
70
69
65
60
54
46
38
28
19
9
1
-5
-11
-14
-19
-24
-29
-33
-38
-45
-52
-63
-76
-88
-95
-99
-99
-95
-90
-83
-74
-66
-58
-57
-62
-68
-77
-87
-94
-102
-110
-115
-115
-114
-113
-112
-111
-110
-108
-104
-96
-85
-71
-51
-27
1
33
66
92
113
132
146
155
155
150
141
130
119
110
95
81
64
50
39
27
18
8
-2
-13
-17
-16
-13
-4
8
26
47
71
97
115
132
144
150
152
151
143
131
116
101
86
71
54
32
8
-18
-42
-64
-84
-104
-119
-127
-130
-130
-126
-122
-115
-105
-92
-78
-64
-49
-35
-20
-2
18
44
67
90
111
125
133
131
120
98
66
33
-2
-36
-70
-99
-127
-152
-173
-190
-206
-219
-233
-243
-249
-250
-244
-230
-212
-189
-157
-119
-80
-40
-3
27
51
69
83
91
98
106
118
133
150
170
186
195
201
198
185
164
137
106
74
43
18
-4
-20
-29
-33
-34
-31
-30
-31
-34
-36
-36
-33
-27
-16
2
28
59
93
127
160
193
219
239
250
252
246
231
210
186
159
128
99
65
31
-5
-41
-80
-119
-156
-189
-217
-239
-254
-260
-261
-254
-242
-221
-200
-176
-149
-123
-96
-71
-45
-20
7
35
65
93
118
134
142
139
129
107
78
43
7
-30
-67
-101
-134
-163
-191
-218
-238
-255
-265
-271
-270
-260
-244
-218
-183
-141
-92
-41
13
64
110
149
180
202
217
224
230
232
231
226
219
207
189
166
136
105
72
41
14
-11
-32
-51
-64
-71
-74
-69
-61
-51
-37
-22
-4
16
40
64
88
116
145
175
203
225
243
253
255
248
234
211
181
144
103
58
13
-34
-76
-118
-154
-181
-203
-217
-224
-226
-224
-220
-207
-192
-175
-153
-132
-109
-85
-63
-42
-27
-14
-5
3
8
10
11
9
5
1
-3
-10
-21
-32
-46
-60
-76
-90
-104
-118
-127
-133
-130
-125
-113
-95
-75
-55
-32
-14
2
16
26
36
48
60
72
82
89
94
96
99
96
91
82
72
62
54
47
41
38
39
41
51
64
79
95
107
117
125
128
131
129
124
118
110
99
84
66
46
26
7
-11
-27
-40
-46
-51
-54
-53
-50
-45
-39
-34
-27
-19
-10
0
8
15
20
23
23
21
18
13
3
-7
-20
-35
-50
-68
-86
-105
-122
-137
-152
-163
-175
-184
-189
-189
-184
-175
-162
-143
-119
-91
-61
-31
-4
20
41
60
73
83
87
88
86
81
73
62
49
34
19
4
-9
-22
-31
-41
-48
-51
-50
-46
-36
-23
-7
12
33
54
75
93
111
126
139
147
153
154
150
142
131
116
99
80
60
43
27
13
0
-6
-13
-17
-18
-18
-17
-16
-15
-16
-17
-17
-14
-11
-7
-2
3
10
16
18
18
17
15
14
9
7
7
7
7
9
9
10
8
5
3
2
0
-2
-3
-5
-8
-10
-13
-16
-21
-27
-33
-41
-52
-61
-73
-84
-94
-105
-113
-119
-123
-125
-124
-121
-115
-109
-101
-91
-79
-64
-48
-31
-13
6
21
35
45
52
55
55
52
44
35
26
16
4
-7
-16
-25
-32
-36
-38
-38
-36
-33
-25
-17
-9
2
15
27
39
50
63
74
83
91
96
100
101
102
100
97
91
83
73
64
56
46
38
32
28
24
24
23
24
26
28
28
30
31
31
31
31
30
29
27
24
21
19
16
14
10
5
0
-6
-12
-15
-19
-19
-20
-19
-17
-16
-12
-8
-8
-9
-10
-10
-14
-18
-24
-31
-38
-46
-54
-62
-71
-83
-93
-104
-115
-124
-133
-139
-144
-146
-143
-138
-128
-115
-101
-86
-69
-52
-37
-22
-6
8
21
31
42
52
58
64
69
71
72
74
74
73
71
72
70
68
68
66
61
57
52
46
40
35
29
27
25
26
29
33
39
44
49
54
55
56
53
51
50
49
50
52
55
59
61
63
64
62
59
55
46
36
26
15
4
-3
-12
-20
-24
-32
-38
-49
-57
-68
-79
-90
-100
-105
-106
-103
-98
-88
-76
-62
-46
-31
-19
-9
1
7
10
12
14
15
15
17
14
11
6
-1
-11
-22
-36
-52
-68
-82
-94
-104
-112
-117
-119
-118
-114
-109
-101
-92
-82
-72
-57
-43
-26
-8
9
27
43
59
73
84
94
101
107
110
110
108
105
101
94
86
78
68
58
49
39
30
21
14
9
6
4
4
6
10
15
20
26
32
39
47
54
60
66
69
71
74
75
76
76
75
76
74
71
66
62
54
44
32
20
7
-7
-20
-33
-46
-60
-72
-82
-93
-100
-107
-113
-118
-121
-123
-121
-118
-113
-107
-99
-88
-77
-65
-52
-41
-30
-18
-7
2
9
14
22
26
29
30
29
25
18
11
3
-7
-16
-28
-39
-48
-56
-60
-65
-68
-67
-64
-58
-52
-44
-35
-24
-12
2
15
27
41
54
65
75
85
92
98
100
101
100
97
91
85
78
70
60
50
40
29
21
11
3
-6
-13
-19
-24
-28
-29
-30
-29
-26
-22
-16
-11
-4
1
6
14
18
23
28
31
33
34
35
34
33
31
27
22
15
9
3
-2
-9
-14
-19
-24
-28
-34
-40
-46
-51
-55
-61
-65
-66
-68
-68
-68
-66
-62
-58
-52
-47
-41
-32
-23
-15
-5
4
12
19
25
31
36
38
39
38
36
33
27
24
18
14
8
1
-4
-10
-16
-20
-26
-28
-29
-30
-28
-24
-19
-14
-8
0
5
13
19
24
27
32
37
39
43
46
49
51
51
52
51
47
41
35
28
19
11
1
-7
-13
-18
-23
-26
-28
-27
-26
-23
-21
-19
-15
-10
-5
2
8
16
22
27
33
35
38
40
40
39
39
37
35
30
27
23
20
17
11
5
-1
-7
-12
-19
-26
-34
-41
-48
-53
-60
-64
-66
-68
-68
-67
-67
-65
-62
-60
-54
-49
-43
-40
-36
-30
-26
-22
-17
-15
-10
-7
-4
-1
1
2
3
4
4
3
0
-1
-7
-11
-14
-16
-19
-20
-19
-17
-15
-13
-10
-7
-4
1
6
11
16
24
32
39
48
57
64
70
75
80
84
86
85
84
82
80
77
73
68
62
56
49
41
32
24
18
10
3
-2
-6
-9
-10
-12
-12
-13
-15
-13
-14
-12
-11
-11
-9
-8
-5
-3
-3
-2
-1
-3
-4
-7
-10
-14
-17
-21
-26
-30
-33
-37
-42
-44
-49
-53
-57
-62
-65
-69
-70
-72
-72
-71
-68
-65
-61
-57
-53
-50
-46
-41
-35
-28
-21
-14
-5
2
12
20
28
35
38
42
44
45
46
47
45
43
41
38
36
33
29
26
20
15
11
7
6
5
3
2
3
3
6
11
16
23
29
35
42
47
53
56
59
61
62
61
60
57
54
50
44
38
30
23
14
5
-5
-14
-22
-31
-39
-44
-49
-52
-54
-55
-55
-54
-52
-49
-46
-41
-36
-33
-29
-24
-21
-16
-14
-10
-8
-7
-6
-5
-6
-7
-10
-12
-15
-18
-21
-24
-27
-29
-32
-33
-34
-36
-36
-36
-34
-32
-29
-27
-22
-18
-15
-10
-7
-3
3
8
13
18
21
26
31
35
40
41
43
43
45
45
45
42
40
38
37
35
34
33
32
28
27
23
19
15
10
7
5
2
1
0
1
2
4
6
9
10
12
13
15
15
18
18
19
20
22
23
23
22
20
18
14
8
3
-3
-8
-13
-18
-23
-27
-30
-32
-34
-35
-36
-36
-36
-37
-35
-34
-32
-30
-26
-22
-18
-14
-8
-5
-1
1
3
5
6
6
6
5
3
2
-1
-2
-6
-8
-12
-15
-18
-21
-21
-24
-23
-21
-20
-19
-19
-15
-13
-11
-8
-5
-1
1
4
6
6
7
7
6
5
5
3
3
3
4
3
3
6
6
6
6
7
7
6
6
6
8
9
10
12
14
17
19
20
21
22
22
22
20
19
18
17
17
16
15
14
13
12
11
11
11
9
8
8
10
10
11
10
12
11
9
8
6
3
2
-1
-4
-6
-9
-10
-11
-12
-13
-12
-14
-13
-14
-13
-14
-14
-13
-15
-14
-14
-12
-12
-12
-13
-14
-14
-14
-16
-18
-20
-21
-23
-23
-22
-22
-21
-20
-19
-17
-16
-12
-10
-9
-7
-5
-3
-1
1
4
4
6
6
6
6
6
5
5
3
2
2
1
1
2
3
4
4
6
7
10
11
13
16
18
22
25
28
30
32
34
35
36
35
35
34
33
30
27
25
21
16
13
8
5
3
-3
-5
-7
-9
-11
-12
-14
-14
-13
-12
-11
-7
-5
-1
2
4
6
6
6
4
2
1
-1
-4
-7
-10
-14
-17
-21
-24
-28
-31
-36
-39
-41
-42
-42
-43
-42
-40
-38
-34
-31
-28
-26
-22
-20
-17
-15
-13
-9
-7
-4
-1
3
5
8
10
11
12
12
11
11
12
13
13
12
14
15
14
14
12
13
14
14
14
14
13
13
15
18
19
20
22
22
23
21
20
19
18
17
16
17
17
17
17
17
17
15
13
11
9
6
5
3
2
2
2
2
2
1
0
-2
-4
-4
-6
-7
-8
-8
-8
-7
-5
-3
-1
1
1
1
2
1
0
-2
-2
-3
-6
-5
-6
-9
-11
-13
-16
-18
-22
-25
-29
-33
-35
-36
-35
-36
-34
-32
-30
-28
-26
-23
-19
-16
-14
-11
-8
-6
-2
0
4
7
8
9
11
11
10
9
8
8
8
8
7
7
8
9
9
11
12
15
16
17
19
21
21
22
22
22
21
21
21
21
19
17
16
14
14
12
11
8
6
4
3
3
1
-1
-1
-1
0
1
1
1
2
3
3
3
5
5
4
4
3
2
2
2
0
-2
-5
-7
-10
-12
-14
-16
-17
-17
-16
-16
-16
-15
-14
-12
-11
-10
-10
-9
-7
-7
-7
-5
-6
-5
-5
-6
-7
-8
-9
-11
-13
-15
-14
-15
-14
-14
-12
-11
-10
-8
-7
-5
-2
0
1
3
5
6
7
7
10
10
10
11
11
10
12
10
9
8
8
8
8
9
8
8
7
8
9
8
8
8
9
8
8
7
7
6
6
5
3
3
1
1
1
1
-1
-1
-3
-2
-3
-3
-2
-1
-2
1
0
1
3
4
4
4
5
4
5
5
6
5
4
3
2
1
0
-2
-5
-5
-8
-9
-11
-11
-10
-11
-9
-9
-8
-6
-6
-5
-4
-3
-3
-2
-3
-1
-1
-1
-1
-2
-2
-4
-4
-6
-7
-9
-10
-10
-10
-11
-10
-9
-9
-9
-7
-6
-4
-3
-1
0
0
3
5
6
9
9
10
11
11
12
13
13
12
11
10
9
9
9
8
6
4
4
3
2
1
2
2
2
2
5
6
7
7
6
8
8
10
8
8
7
5
4
3
1
1
-1
-3
-4
-5
-4
-5
-5
-4
-5
-4
-5
-5
-5
-5
-5
-4
-3
-3
-3
-2
-3
-5
-5
-5
-8
-8
-8
-10
-11
-10
-9
-11
-12
-12
-12
-13
-13
-11
-12
-11
-11
-10
-7
-5
-4
-3
