1
2
1
2
2
0
1
1
1
2
0
0
0
0
1
1
1
2
2
3
3
3
3
2
2
2
1
1
1
1
2
2
1
2
2
1
2
0
1
0
0
0
0
-1
-1
0
-1
0
0
-1
-1
-1
-1
-2
-1
-2
-2
-1
-1
0
1
-1
0
-1
-1
-1
-2
-1
-2
-1
-1
1
0
-1
-2
-2
-4
-3
-3
-2
-1
-1
0
0
-1
-1
-3
-3
-2
-1
-1
-1
0
-1
-2
-1
-1
0
0
0
1
1
2
3
2
2
2
3
2
2
1
1
1
1
1
0
0
0
-1
-2
-2
-1
-2
-2
-2
-1
-1
0
-1
-2
-1
-1
2
0
0
0
0
-1
0
0
0
-1
-1
-1
-1
0
-1
-1
-1
-1
-1
-1
0
0
1
1
-1
0
0
0
-1
-1
-1
-1
-1
-1
0
0
0
0
0
-1
0
-1
-1
0
0
-1
-1
0
0
0
0
-1
0
0
1
2
3
3
5
4
4
4
5
4
4
4
2
2
2
3
3
4
4
4
4
4
3
4
3
3
2
4
3
2
3
1
0
0
-1
0
0
1
-1
1
1
0
0
-2
-1
-2
-2
-2
-2
-3
-3
-3
-3
-3
-3
-3
-2
-3
-3
-2
-3
-4
-4
-3
-3
-2
-2
0
-1
-1
0
-1
-1
-2
-1
-1
-1
0
-1
0
0
0
-1
0
-1
1
1
1
0
0
0
0
-2
-2
-2
-1
-1
-2
0
0
-1
0
0
-1
0
0
1
1
1
0
-1
0
0
-1
-2
-1
0
0
0
1
1
-1
-1
-1
-1
-2
-1
-2
-3
-2
-1
-2
-1
-2
-2
-3
-2
-2
-2
-2
-1
1
0
1
2
1
3
2
1
1
2
2
2
1
1
0
0
1
2
1
-1
-1
-1
1
1
1
0
1
2
1
1
2
1
0
3
2
3
3
3
3
4
3
4
3
3
3
2
3
4
4
3
1
3
2
1
0
0
-1
0
0
-1
0
-1
2
-1
-3
-1
0
-3
-1
4
-1
-1
2
0
2
5
2
1
3
2
0
2
1
-2
-2
-1
-3
-1
-1
-2
0
-2
-3
-2
0
-4
-4
-1
-4
-1
1
-1
-1
0
1
0
1
0
-1
1
2
-2
0
-1
-4
1
0
-4
3
1
-2
3
2
-1
3
2
2
3
0
-1
0
0
-1
2
1
0
-1
-2
1
0
0
0
1
1
1
0
-3
-3
-5
-5
-5
-1
-2
-7
-2
-4
-2
-3
-6
-4
-1
-5
-1
-5
-11
-4
-4
-4
-2
-8
-7
0
-1
-1
0
6
1
3
7
4
5
6
1
0
3
-5
2
0
-6
-5
-3
-2
1
0
1
2
10
9
1
6
12
4
6
6
2
6
2
1
4
0
-6
2
2
1
2
1
0
-1
7
4
2
4
3
5
3
2
4
7
1
0
2
5
-1
1
3
-1
4
3
6
5
-2
4
2
-3
-1
-2
-2
4
0
-1
1
-4
0
0
2
-1
0
2
-1
-4
4
-4
-10
3
-6
-4
-4
-6
-4
0
-1
0
8
1
-3
1
3
-4
-3
-1
-1
-5
-8
-5
-8
-8
-8
0
-1
0
2
-1
-2
-9
-3
2
-3
-1
-2
4
-2
-10
-8
-3
1
2
-5
5
5
-9
8
6
-1
4
0
3
6
0
-4
-2
-5
6
0
8
8
-5
9
-6
-6
5
1
-4
1
3
-5
-12
-4
4
-11
5
-7
-3
8
-11
-2
9
4
0
2
-1
-1
0
-2
-9
-2
-7
-10
3
-8
-13
1
-7
-7
-3
1
5
-2
3
6
-6
-2
8
6
10
1
8
3
-4
4
-2
7
8
-9
-5
-1
-5
8
3
2
10
12
0
5
7
2
-5
0
21
11
12
11
4
16
13
-4
4
-2
-6
2
3
6
3
-1
16
18
10
19
20
20
-16
1
6
-13
0
13
-20
-16
2
-7
11
-15
1
-4
9
2
-9
0
-4
-6
2
-14
-24
-5
-18
-9
-5
-17
-9
-6
-9
-10
6
-4
-14
1
-10
0
-11
-9
1
12
2
-15
6
0
-3
0
-6
8
9
2
30
-2
-16
22
-5
-15
6
0
-7
-8
1
-14
2
0
-11
6
2
-20
93
96
-7
-27
-41
-6
-16
-25
0
1
8
-10
-8
26
-9
-33
-15
-15
-8
3
9
8
42
102
18
20
44
-20
-18
-48
-47
-54
-30
-39
29
71
-45
-74
-43
-52
-130
-93
-46
-24
-13
67
52
10
43
30
21
17
40
31
23
22
16
4
-11
-5
-3
39
72
-14
-31
-22
8
-30
-32
-12
-13
18
3
-3
22
13
12
60
29
33
27
-35
5
46
-6
-11
23
37
46
56
36
-2
-9
-15
5
46
41
15
17
19
-1
-6
13
-34
-30
-18
-57
-14
2
-53
-47
-57
-35
-18
-28
4
29
-28
-21
31
63
-16
4
31
9
27
17
46
6
23
6
29
76
207
136
7
-175
-189
-115
-63
-31
-28
-41
-67
43
45
83
30
-61
-86
-40
-139
-72
0
-3
-36
-72
-62
1
99
129
96
47
10
-112
-102
32
194
126
121
202
48
-44
-8
4
180
100
-112
-64
-31
-128
-177
-130
-72
-170
-198
-8
48
-32
-49
-16
-83
-142
-82
95
249
222
60
5
58
51
53
119
116
31
-78
-54
-103
-175
-166
-182
-80
-19
-75
-114
-100
-82
-76
-98
-11
118
155
256
260
106
-30
32
97
105
177
171
91
19
-51
-80
-63
-101
-72
-103
-116
-132
-142
-51
-77
-123
-106
-11
81
90
178
224
123
89
65
85
112
119
48
19
81
7
-24
42
30
-67
-100
-47
-58
3
72
28
16
-1
-35
-96
-118
-21
5
60
129
70
60
96
52
26
-9
-67
-59
-90
-41
-76
-126
-96
-25
6
13
9
2
27
-32
-74
-80
-9
-69
-48
77
117
97
16
17
33
31
-15
9
42
4
17
-9
3
128
43
-98
22
98
38
-43
-58
-71
-168
-162
-91
-44
-42
-94
-83
-27
-55
-93
-100
-46
-50
-88
-26
118
186
93
70
145
119
43
80
95
66
64
19
47
70
-17
-61
-51
-68
-86
-111
-87
-49
-68
-96
-99
-51
-13
-6
15
18
-54
-69
-25
43
75
72
107
156
80
-20
-20
-19
-41
0
100
48
50
38
-92
-101
-66
-49
-3
66
52
-24
21
27
-84
-75
-4
-5
24
117
113
-25
-73
17
-9
-30
33
54
-2
23
34
-73
-33
39
-14
38
166
44
-74
-32
-5
-21
-13
8
47
67
41
37
-19
-108
-85
-23
55
97
16
-11
10
-40
-63
20
41
-9
-11
36
31
29
43
26
24
46
18
29
70
-4
-94
-73
20
36
35
76
44
-88
-137
-102
-86
-93
-72
-6
39
46
-24
-114
-107
-72
-92
-30
124
159
43
49
103
48
55
134
152
118
82
72
70
35
-35
-133
-118
-33
-40
-80
-61
-98
-187
-155
-97
-77
-19
-10
-65
-34
8
-67
-73
31
70
48
82
137
78
-4
-24
-29
7
71
67
15
60
81
-22
-51
37
10
-53
9
47
24
1
-29
-70
-27
50
12
-9
62
20
-111
-119
-60
-61
-67
18
60
-10
-79
-109
-122
-92
-28
-5
45
147
128
51
51
46
7
50
136
143
122
67
-8
-39
-71
-107
-64
-1
-9
-53
-102
-139
-164
-144
-74
5
23
7
14
-10
-64
-72
-28
53
153
202
189
151
86
-11
-56
5
70
111
174
174
65
-26
-24
-28
-68
-60
-18
9
45
48
-8
-77
-102
-69
10
112
138
66
17
26
5
-75
-68
3
-12
-22
56
57
-23
-58
-32
5
21
29
-5
-39
-67
-97
-105
-79
-43
-46
-69
-59
-55
-77
-125
-150
-116
-62
-24
-33
-76
-122
-166
-153
-91
-50
-21
-20
-35
-69
-88
-111
-134
-88
-22
40
120
175
149
64
49
92
110
168
270
335
326
305
270
187
140
122
78
131
253
284
240
200
174
108
48
69
111
131
134
140
138
82
18
-34
-34
20
54
62
56
17
-72
-155
-183
-201
-233
-254
-256
-253
-298
-375
-423
-451
-483
-470
-407
-366
-388
-414
-429
-432
-413
-368
-321
-286
-259
-240
-220
-186
-177
-232
-235
-190
-178
-156
-96
-55
-100
-151
-131
-77
12
79
200
350
483
592
650
713
720
652
630
782
1040
1196
1272
1367
1379
1273
1127
1008
860
677
560
555
608
579
384
100
-203
-432
-570
-643
-614
-543
-533
-609
-674
-731
-835
-910
-868
-694
-486
-321
-248
-279
-363
-448
-502
-472
-375
-329
-351
-357
-341
-407
-564
-670
-707
-743
-726
-649
-659
-789
-888
-902
-867
-799
-695
-581
-479
-364
-306
-322
-306
-180
-38
92
264
425
506
487
437
419
463
507
557
758
1209
1633
1695
1516
1428
1415
1316
1310
1511
1687
1622
1464
1468
1538
1384
964
533
324
292
290
295
305
124
-346
-804
-955
-874
-808
-744
-570
-337
-204
-222
-320
-452
-592
-653
-503
-171
64
0
-229
-389
-460
-563
-687
-742
-777
-875
-973
-1010
-1048
-1220
-1474
-1631
-1546
-1353
-1237
-1233
-1257
-1219
-1126
-956
-746
-608
-622
-646
-500
-245
-68
-6
-9
-8
26
101
205
260
223
132
147
302
409
388
413
568
775
1069
1525
1876
1907
1765
1688
1700
1810
2006
2139
2202
2281
2333
2262
2061
1718
1273
885
727
711
679
537
190
-356
-897
-1175
-1245
-1201
-1034
-863
-834
-907
-993
-1118
-1220
-1183
-1021
-754
-400
-68
71
12
-130
-247
-253
-152
-2
88
44
-140
-392
-616
-784
-914
-1025
-1084
-1103
-1132
-1239
-1398
-1556
-1647
-1639
-1520
-1314
-1134
-1035
-952
-827
-687
-544
-367
-202
-79
55
183
269
300
288
268
300
367
385
345
337
341
304
254
224
155
90
219
530
883
1223
1596
1837
1846
1659
1479
1476
1671
1884
2034
2220
2408
2402
2165
1871
1534
1145
798
680
742
732
484
17
-531
-1032
-1419
-1597
-1534
-1350
-1229
-1183
-1133
-1145
-1268
-1403
-1416
-1315
-1112
-778
-402
-147
-109
-170
-145
-31
68
141
285
470
517
388
183
-19
-205
-370
-455
-502
-564
-681
-881
-1158
-1466
-1669
-1679
-1578
-1488
-1423
-1338
-1251
-1243
-1266
-1152
-875
-604
-408
-168
207
538
604
484
569
920
1163
1099
1011
1130
1286
1195
823
575
713
878
701
375
264
374
431
324
181
220
443
578
449
245
201
296
350
389
557
830
1076
1176
1108
986
888
743
615
700
918
964
767
562
425
231
-32
-236
-238
-84
32
-39
-243
-413
-524
-640
-756
-767
-623
-421
-328
-384
-497
-532
-468
-426
-462
-487
-388
-261
-279
-440
-546
-508
-456
-498
-603
-670
-703
-764
-886
-980
-947
-855
-802
-785
-744
-706
-677
-597
-463
-338
-262
-228
-176
-69
41
93
143
281
500
689
721
616
523
518
553
598
654
671
594
450
300
189
69
-105
-281
-358
-350
-342
-347
-426
-587
-741
-731
-498
-159
69
77
5
37
206
448
728
995
1229
1451
1642
1769
1788
1661
1432
1281
1351
1573
1771
1795
1580
1183
776
482
311
183
66
-10
-91
-245
-469
-710
-966
-1213
-1378
-1386
-1240
-1055
-986
-1043
-1107
-1134
-1130
-1053
-878
-699
-610
-614
-650
-644
-591
-593
-657
-685
-642
-566
-552
-668
-786
-765
-690
-658
-640
-608
-516
-322
-206
-250
-190
79
240
126
14
154
406
492
296
134
206
269
233
198
138
19
-62
-110
-178
-153
-71
-174
-451
-636
-589
-201
462
1025
1107
780
477
512
806
1079
1303
1623
2038
2423
2723
2874
2701
2117
1424
1166
1531
2063
2283
2135
1636
784
-130
-680
-818
-805
-841
-881
-823
-795
-1097
-1762
-2458
-2868
-2848
-2368
-1643
-1128
-1063
-1270
-1418
-1435
-1412
-1272
-859
-315
90
338
479
372
-18
-441
-579
-341
84
391
402
84
-423
-786
-852
-811
-799
-741
-618
-492
-412
-442
-555
-681
-857
-810
-287
227
150
-2
208
243
-54
-74
255
434
415
459
628
703
541
211
65
188
299
276
244
389
815
1410
1805
1714
1243
852
913
1309
1680
1917
2108
2233
2237
2158
1983
1647
1108
480
121
316
808
971
494
-405
-1303
-1890
-2072
-1891
-1561
-1369
-1381
-1396
-1366
-1467
-1754
-2054
-2108
-1694
-837
-5
365
262
-61
-354
-343
88
679
1038
1075
939
779
643
458
93
-376
-575
-326
44
51
-430
-1145
-1713
-1877
-1641
-1264
-1048
-1055
-1145
-1178
-1163
-1161
-1086
-851
-536
-277
1
405
691
520
143
118
539
1102
1522
1532
1040
453
304
563
713
513
264
250
311
167
-169
-474
-567
-300
385
1161
1530
1266
654
168
65
332
856
1447
1864
2013
2015
1886
1473
784
130
-134
125
743
1273
1220
448
-665
-1492
-1688
-1348
-824
-455
-330
-346
-439
-669
-1005
-1288
-1357
-1090
-442
325
791
756
350
-143
-397
-256
152
573
849
946
832
519
116
-244
-511
-638
-539
-293
-240
-575
-1124
-1579
-1774
-1771
-1740
-1774
-1802
-1739
-1596
-1434
-1358
-1400
-1411
-1223
-838
-349
84
262
235
295
573
913
1114
1131
1040
913
771
647
585
559
488
325
78
-149
-262
-369
-690
-978
-741
174
1228
1675
1242
435
-8
163
711
1329
1829
2144
2351
2537
2650
2485
1982
1310
838
850
1335
1910
2056
1512
463
-618
-1244
-1202
-721
-322
-310
-552
-762
-867
-1021
-1338
-1661
-1671
-1215
-516
58
200
-108
-595
-901
-864
-590
-253
33
222
323
381
380
217
-148
-573
-787
-662
-349
-206
-464
-1016
-1523
-1718
-1649
-1578
-1740
-2085
-2294
-2153
-1773
-1452
-1371
-1452
-1469
-1274
-873
-407
-3
320
617
929
1189
1325
1291
1086
840
742
898
1178
1279
1028
492
-103
-528
-667
-619
-606
-738
-714
-234
691
1446
1498
858
211
262
1099
2202
2969
3240
3220
3177
3225
3351
3344
2989
2274
1616
1429
1711
1999
1775
910
-289
-1289
-1701
-1562
-1265
-1241
-1549
-1862
-1918
-1827
-1893
-2203
-2517
-2478
-1911
-1071
-457
-430
-865
-1332
-1441
-1110
-549
-89
104
109
160
322
422
231
-253
-702
-770
-426
-32
20
-399
-1064
-1567
-1644
-1395
-1168
-1221
-1469
-1644
-1565
-1304
-1097
-1102
-1247
-1239
-902
-378
45
273
440
673
967
1238
1374
1330
1168
1085
1226
1533
1731
1556
991
293
-244
-474
-448
-381
-442
-657
-667
-210
624
1182
1024
329
-141
206
1263
2402
3061
3175
3050
3005
3120
3299
3314
3053
2540
2037
1794
1828
1844
1454
534
-627
-1557
-1920
-1824
-1626
-1662
-1969
-2335
-2584
-2710
-2860
-3030
-3055
-2744
-2103
-1415
-1018
-1067
-1361
-1560
-1418
-950
-322
256
612
660
529
468
587
714
636
397
243
334
475
343
-160
-783
-1188
-1255
-1092
-939
-956
-1137
-1364
-1511
-1492
-1317
-1054
-823
-658
-523
-378
-188
38
330
673
993
1216
1295
1259
1139
1022
1024
1152
1281
1211
856
314
-261
-681
-831
-724
-540
-472
-491
-365
39
561
774
537
113
61
675
1691
2573
2880
2697
2409
2375
2649
2989
3074
2753
2147
1599
1339
1320
1255
826
9
-929
-1559
-1681
-1467
-1297
-1442
-1790
-2071
-2142
-2116
-2183
-2308
-2290
-1932
-1335
-815
-630
-797
-1052
-1150
-954
-530
-48
302
366
165
-93
-153
25
216
218
98
51
115
39
-335
-875
-1224
-1194
-915
-650
-589
-718
-930
-1128
-1232
-1181
-916
-487
-68
156
116
-7
10
250
566
806
948
1037
1087
1058
884
630
406
338
363
332
114
-311
-818
-1228
-1369
-1162
-749
-446
-496
-830
-903
-359
733
1622
1775
1308
938
1229
2033
2824
3225
3267
3186
3194
3407
3691
3648
3031
2031
1274
1137
1435
1611
1172
74
-1243
-2126
-2205
-1772
-1397
-1483
-1917
-2342
-2576
-2621
-2644
-2635
-2500
-2106
-1485
-967
-839
-1131
-1497
-1573
-1241
-627
-28
235
42
-439
-792
-734
-274
277
535
440
172
-55
-268
-572
-828
-791
-348
216
477
263
-296
-843
-1090
-905
-401
85
317
246
33
-182
-327
-338
-220
-8
274
590
839
818
465
-22
-309
-182
235
618
643
250
-317
-741
-836
-649
-304
78
281
138
-349
-747
-518
497
1794
2492
2199
1340
823
1097
1843
2525
2923
3107
3149
3077
2993
2878
2530
1815
1009
623
815
1218
1263
625
-540
-1716
-2307
-2142
-1618
-1317
-1525
-2011
-2451
-2668
-2683
-2603
-2477
-2288
-1946
-1512
-1205
-1214
-1473
-1674
-1577
-1117
-492
-17
72
-210
-529
-511
-71
520
823
709
428
318
445
516
370
170
224
546
801
726
339
-146
-495
-568
-330
-16
52
-231
-649
-902
-921
-811
-683
-561
-368
-109
130
198
45
-167
-219
11
431
817
994
880
553
178
-76
-112
20
213
374
386
165
-325
-784
-679
229
1510
2168
1703
625
7
382
1376
2326
2874
2938
2619
2206
2095
2352
2505
2128
1373
840
856
1145
1170
570
-523
-1635
-2213
-2070
-1595
-1377
-1729
-2395
-2924
-3045
-2802
-2480
-2300
-2238
-2080
-1728
-1360
-1219
-1316
-1372
-1118
-548
65
408
369
132
12
274
847
1381
1491
1156
801
823
1149
1292
942
389
121
270
527
522
185
-370
-908
-1175
-1034
-695
-569
-868
-1328
-1526
-1314
-963
-812
-886
-908
-637
-170
196
277
167
131
336
731
1124
1294
1120
684
242
54
172
402
504
401
203
-29
-358
-781
-934
-419
745
1754
1809
944
39
-64
667
1684
2460
2737
2516
2052
1788
2007
2404
2392
1772
1017
691
827
971
683
-93
-1046
-1753
-1948
-1749
-1548
-1705
-2203
-2684
-2808
-2525
-2115
-1883
-1896
-1951
-1811
-1476
-1127
-958
-908
-786
-458
-35
278
380
410
515
750
1026
1246
1333
1258
1177
1263
1481
1490
1018
291
-118
67
502
648
315
-281
-814
-1121
-1148
-993
-914
-1105
-1461
-1600
-1342
-977
-915
-1207
-1410
-1106
-422
190
403
306
204
282
565
894
1105
1081
824
496
259
233
335
395
268
2
-229
-392
-616
-838
-676
132
1170
1553
951
19
-251
365
1328
2057
2389
2383
2147
1955
2108
2529
2673
2151
1304
827
952
1245
1126
475
-440
-1246
-1713
-1833
-1804
-1894
-2199
-2533
-2647
-2514
-2371
-2431
-2637
-2703
-2416
-1855
-1296
-1001
-952
-899
-632
-174
262
557
789
1081
1460
1797
1965
1906
1658
1433
1490
1826
2038
1646
714
-128
-334
-15
256
96
-450
-1118
-1661
-1890
-1778
-1573
-1625
-1967
-2202
-1965
-1421
-1069
-1126
-1267
-1068
-474
209
681
885
916
930
1062
1341
1630
1713
1522
1185
876
687
608
579
522
342
59
-271
-581
-826
-794
-308
471
936
647
-80
-425
32
929
1657
1999
2052
1926
1782
1836
2155
2372
2078
1388
861
798
914
732
121
-701
-1421
-1832
-1900
-1831
-1952
-2376
-2842
-2962
-2698
-2337
-2155
-2168
-2177
-2021
-1665
-1204
-783
-496
-311
-87
249
597
820
963
1186
1546
1864
1949
1797
1526
1291
1234
1413
1606
1404
693
-97
-413
-207
35
-84
-506
-965
-1311
-1518
-1536
-1413
-1339
-1423
-1500
-1302
-883
-600
-644
-780
-610
-48
614
1016
1053
911
833
933
1141
1279
1256
1094
860
574
264
56
14
17
-99
-354
-633
-906
-1185
-1217
-655
365
1038
690
-320
-922
-495
574
1522
1985
1977
1621
1200
1155
1605
2040
1830
1037
340
196
378
378
-43
-750
-1465
-1925
-1963
-1743
-1642
-1892
-2280
-2372
-2051
-1600
-1365
-1395
-1463
-1324
-933
-438
-37
177
274
405
641
892
1010
1030
1102
1310
1545
1626
1497
1212
937
897
1181
1514
1398
685
-126
-398
-28
467
548
152
-418
-858
-1028
-922
-697
-603
-752
-957
-930
-657
-433
-511
-744
-728
-296
316
684
603
270
54
165
488
736
696
418
84
-199
-422
-588
-648
-645
-681
-808
-1005
-1258
-1519
-1622
-1206
-296
541
621
-67
-737
-681
131
1095
1668
1740
1498
1240
1269
1626
1989
1939
1406
817
624
811
954
692
92
-513
-852
-865
-740
-746
-1000
-1362
-1527
-1316
-934
-706
-783
-994
-1057
-871
-524
-222
-73
-47
5
184
393
464
390
389
614
972
1223
1201
977
760
750
1034
1425
1525
1085
334
-113
50
541
768
455
-148
-668
-944
-998
-914
-829
-902
-1140
-1320
-1238
-1014
-984
-1217
-1364
-1097
-538
-112
-70
-283
-437
-350
-70
247
386
254
-49
-316
-424
-434
-428
-427
-414
-414
-528
-797
-1115
-1275
-1049
-352
475
901
599
-88
-436
-42
848
1605
1888
1774
1555
1496
1715
2055
2193
1908
1393
1118
1250
1480
1390
944
415
40
-143
-223
-294
-468
-754
-989
-954
-681
-506
-658
-1013
-1249
-1188
-945
-717
-591
-540
-526
-507
-460
-382
-320
-222
-1
361
689
751
554
364
414
708
1071
1250
1063
559
77
-21
281
601
539
101
-401
-754
-941
-1032
-1061
-1062
-1101
-1186
-1230
-1205
-1236
-1396
-1492
-1256
-716
-204
-47
-213
-382
-306
-6
322
520
510
353
180
79
58
45
12
-32
-82
-177
-363
-618
-826
-844
-513
125
673
725
187
-428
-505
115
982
1533
1621
1427
1229
1207
1430
1774
1970
1839
1541
1400
1459
1460
1222
866
590
424
269
55
-195
-491
-790
-940
-828
-602
-600
-945
-1438
-1734
-1705
-1504
-1302
-1160
-1048
-1004
-1020
-1045
-968
-777
-500
-158
246
589
682
562
471
633
996
1340
1448
1263
934
671
637
793
901
756
381
-53
-384
-569
-652
-712
-817
-961
-1079
-1102
-1078
-1128
-1234
-1247
-1038
-693
-413
-326
-376
-368
-213
55
302
395
323
185
130
183
273
299
244
131
-39
-257
-473
-598
-660
-627
-484
-127
222
283
-89
-542
-579
-87
611
1091
1241
1160
1030
1018
1248
1671
2013
2029
1762
1487
1370
1337
1272
1163
1035
809
426
-46
-415
-617
-713
-781
-840
-883
-1039
-1356
-1744
-1968
-1906
-1666
-1412
-1250
-1165
-1150
-1148
-1088
-872
-503
-102
239
503
707
820
836
867
1040
1354
1625
1660
1422
1082
816
731
780
846
782
471
-57
-612
-951
-1000
-917
-913
-1051
-1227
-1331
-1360
-1398
-1432
-1362
-1123
-782
-476
-290
-224
-195
-117
76
347
573
640
555
452
429
486
521
462
284
11
-289
-517
-625
-689
-791
-889
-808
-443
-90
-69
-440
-748
-603
-46
587
1005
1200
1216
1178
1255
1612
2098
2385
2278
1956
1745
1738
1793
1728
1496
1113
624
129
-242
-418
-496
-619
-878
-1190
-1440
-1655
-1878
-2095
-2128
-1923
-1642
-1488
-1520
-1571
-1506
-1271
-914
-485
-71
239
416
525
683
897
1110
1294
1478
1636
1638
1390
1000
706
641
726
800
739
430
-166
-851
-1247
-1163
-859
-769
-1009
-1341
-1520
-1530
-1447
-1300
-1093
-857
-651
-462
-279
-113
13
122
291
542
799
915
814
616
523
633
808
825
586
195
-169
-412
-535
-598
-666
-823
-980
-979
-593
-84
52
-373
-847
-716
-32
665
1023
1169
1243
1234
1282
1677
2310
2626
2331
1801
1566
1665
1755
1645
1374
972
407
-161
-497
-546
-560
-787
-1223
-1665
-1880
-1935
-1999
-2127
-2157
-1976
-1753
-1672
-1717
-1678
-1457
-1105
-696
-288
42
229
330
462
697
1005
1253
1357
1342
1331
1343
1241
958
706
692
835
852
607
182
-314
-754
-917
-691
-352
-338
-730
-1168
-1324
-1184
-903
-609
-378
-282
-301
-294
-168
47
260
428
545
611
638
607
505
390
371
475
559
450
126
-280
-591
-760
-811
-841
-905
-1051
-1223
-1275
-981
-395
-8
-180
-658
-721
-158
575
1018
1185
1309
1392
1448
1683
2159
2494
2333
1851
1529
1547
1648
1571
1271
817
264
-248
-547
-617
-647
-851
-1245
-1673
-1895
-1885
-1827
-1867
-1937
-1863
-1682
-1540
-1453
-1319
-1064
-752
-419
-96
179
359
488
646
857
1126
1348
1401
1247
1053
1001
1034
958
767
636
617
529
255
-79
-365
-614
-769
-697
-455
-379
-665
-1067
-1180
-913
-512
-240
-174
-246
-326
-282
-77
210
439
518
474
402
394
440
446
378
299
259
225
105
-114
-391
-653
-827
-875
-851
-863
-979
-1173
-1280
-1104
-518
76
166
-299
-646
-311
453
1046
1279
1409
1522
1541
1598
1930
2332
2327
1875
1467
1457
1622
1578
1257
805
319
-155
-503
-656
-710
-859
-1179
-1589
-1872
-1889
-1790
-1798
-1934
-1977
-1807
-1583
-1435
-1329
-1156
-907
-602
-266
35
245
394
574
757
931
1116
1240
1185
995
938
1087
1156
946
657
561
590
488
245
7
-224
-461
-530
-329
-123
-275
-675
-862
-634
-259
-65
-101
-216
-265
-176
40
252
336
286
196
161
222
329
363
236
23
-135
-178
-177
-221
-357
-574
-801
-927
-933
-938
-1015
-1152
-1207
-1077
-602
44
364
19
-558
-536
195
979
1308
1382
1493
1542
1485
1600
1988
2197
1910
1445
1300
1430
1434
1170
782
360
-128
-570
-811
-847
-895
-1140
-1546
-1917
-2021
-1909
-1830
-1913
-1999
-1872
-1613
-1419
-1301
-1126
-850
-527
-190
129
384
557
735
915
1071
1236
1418
1496
1385
1282
1362
1448
1231
842
675
791
842
639
359
117
-156
-385
-323
-46
11
-325
-676
-639
-335
-119
-133
-242
-318
-312
-195
-18
106
95
1
-81
-74
17
94
29
-190
-404
-480
-442
-431
-529
-725
-940
-1078
-1084
-1027
-1037
-1175
-1341
-1367
-1011
-253
359
190
-593
-933
-288
696
1195
1278
1416
1548
1429
1364
1776
2277
2181
1584
1231
1403
1614
1445
1010
536
19
-510
-822
-803
-706
-877
-1332
-1827
-2033
-1890
-1701
-1741
-1889
-1790
-1433
-1152
-1078
-1004
-743
-356
55
437
756
949
1054
1133
1207
1363
1626
1799
1680
1432
1400
1507
1353
922
645
739
881
721
392
104
-223
-586
-658
-305
-13
-242
-758
-956
-716
-438
-409
-543
-619
-579
-454
-324
-281
-334
-416
-451
-407
-289
-189
-239
-449
-658
-704
-606
-514
-564
-755
-969
-1058
-993
-930
-1007
-1187
-1314
-1285
-942
-155
598
480
-514
-1088
-300
1079
1717
1574
1500
1650
1580
1483
1960
2678
2663
1866
1286
1467
1839
1736
1231
702
197
-334
-687
-682
-546
-694
-1202
-1769
-1985
-1749
-1449
-1500
-1764
-1723
-1307
-976
-955
-933
-625
-170
206
459
635
741
838
947
1024
1148
1401
1558
1344
984
932
1128
1078
664
343
423
623
544
230
-98
-440
-778
-794
-353
48
-160
-798
-1144
-897
-449
-259
-357
-505
-540
-461
-351
-296
-294
-325
-381
-392
-288
-170
-230
-457
-677
-748
-659
-507
-468
-664
-958
-1103
-1038
-982
-1047
-1125
-1121
-1064
-752
47
759
463
-602
-909
213
1549
1863
1551
1547
1726
1627
1658
2301
2867
2463
1498
1064
1376
1699
1560
1114
556
-116
-745
-1001
-854
-685
-862
-1379
-1922
-2071
-1743
-1412
-1507
-1758
-1607
-1111
-797
-778
-700
-391
-41
244
515
746
868
932
965
950
1048
1350
1561
1351
973
915
1094
988
545
288
471
680
506
128
-176
-471
-742
-640
-98
246
-153
-907
-1173
-739
-168
18
-175
-439
-559
-502
-341
-176
-97
-177
-363
-458
-355
-220
-268
-489
-694
-759
-660
-485
-462
-730
-1092
-1216
-1073
-952
-997
-1081
-1130
-1144
-806
93
811
396
-701
-874
303
1461
1601
1363
1522
1695
1507
1563
2255
2707
2143
1196
942
1385
1724
1570
1084
438
-281
-816
-900
-652
-475
-682
-1249
-1819
-1917
-1524
-1202
-1335
-1540
-1311
-832
-619
-680
-634
-345
3
308
579
773
841
803
707
689
957
1400
1538
1170
747
727
893
762
395
242
371
401
169
-78
-259
-560
-863
-730
-191
53
-407
-1038
-1101
-609
-155
-98
-291
-455
-489
-400
-223
-30
37
-125
-377
-448
-285
-143
-217
-431
-624
-702
-636
-504
-535
-816
-1082
-1053
-880
-861
-992
-1071
-1095
-1013
-429
586
1039
264
-767
-565
696
1585
1620
1578
1788
1744
1475
1721
2432
2578
1821
1075
1108
1559
1730
1470
950
244
-488
-893
-799
-470
-374
-739
-1394
-1876
-1801
-1376
-1162
-1326
-1430
-1146
-757
-637
-708
-666
-421
-51
329
606
702
652
541
448
553
963
1369
1310
830
497
565
671
482
199
122
183
128
-34
-163
-346
-684
-901
-656
-183
-112
-583
-1007
-868
-366
-30
-55
-237
-351
-334
-190
58
281
275
2
-275
-289
-94
31
-57
-275
-486
-588
-542
-465
-550
-797
-948
-875
-772
-816
-945
-1024
-1066
-899
-148
838
1010
41
-826
-368
894
1627
1625
1601
1678
1504
1337
1767
2422
2337
1499
860
960
1361
1467
1170
595
-134
-766
-1012
-856
-597
-598
-971
-1548
-1908
-1733
-1314
-1175
-1357
-1389
-1051
-687
-607
-679
-634
-386
-10
346
571
645
594
472
382
551
998
1302
1108
658
470
604
648
407
142
89
171
172
69
-76
-338
-693
-817
-494
-67
-82
-509
-763
-512
-68
144
72
-56
-84
-6
193
449
567
393
28
-196
-95
143
206
7
-297
-560
-681
-642
-548
-608
-807
-925
-875
-848
-960
-1077
-1091
-1047
-760
72
902
745
-360
-968
-202
1011
1520
1469
1503
1492
1176
1053
1607
2197
1967
1158
679
862
1218
1243
863
268
-317
-719
-875
-779
-564
-565
-981
-1564
-1746
-1387
-1036
-1074
-1235
-1090
-714
-494
-517
-570
-486
-222
165
504
672
660
539
361
283
542
1022
1211
892
469
361
435
345
128
49
123
155
28
-153
-329
-576
-801
-721
-305
44
-75
-489
-645
-341
97
305
278
216
210
265
412
586
626
427
124
-2
112
245
180
-70
-360
-589
-704
-691
-659
-712
-799
-846
-923
-1090
-1216
-1185
-1089
-1005
-538
305
712
73
-834
-744
267
1101
1300
1313
1328
1136
901
1163
1798
2005
1494
833
649
908
1151
1062
653
140
-321
-663
-802
-630
-387
-487
-985
-1421
-1362
-1018
-848
-901
-883
-692
-501
-423
-414
-398
-306
-39
312
526
538
442
320
207
280
662
1044
978
533
195
193
283
230
117
86
85
-9
-191
-330
-422
-557
-668
-531
-161
50
-161
-509
-503
-118
269
403
362
304
284
335
491
654
650
438
188
114
200
253
143
-95
-364
-572
-654
-628
-613
-688
-787
-846
-924
-1053
-1128
-1066
-952
-828
-462
127
403
-13
-623
-575
166
875
1114
1078
1002
879
813
1045
1501
1687
1348
788
520
698
987
1002
677
205
-262
-636
-770
-558
-263
-301
-702
-1085
-1103
-891
-751
-730
-688
-560
-438
-389
-364
-322
-237
-81
132
309
372
317
221
172
261
487
649
567
292
63
20
100
149
90
-34
-146
-214
-276
-334
-398
-468
-477
-317
-58
32
-142
-316
-186
166
449
539
511
460
424
471
638
811
805
569
294
196
267
305
201
8
-198
-384
-522
-556
-537
-549
-631
-750
-864
-950
-986
-978
-879
-616
-213
28
-118
-470
-588
-277
212
579
725
724
647
621
768
1072
1286
1173
810
521
556
782
868
674
326
-24
-344
-555
-526
-315
-224
-408
-682
-789
-739
-721
-755
-716
-555
-382
-289
-274
-296
-332
-311
-151
109
329
376
235
58
24
188
401
477
379
202
50
-15
6
44
38
-13
-73
-148
-231
-278
-283
-286
-260
-139
22
61
-29
-53
122
396
578
603
550
507
522
626
779
861
753
500
296
254
294
265
132
-52
-256
-449
-578
-596
-560
-571
-661
-777
-860
-899
-897
-831
-692
-507
-332
-234
-229
-280
-279
-132
143
404
523
513
495
563
701
840
886
783
564
362
298
375
466
435
231
-91
-397
-555
-518
-371
-260
-273
-396
-545
-640
-648
-557
-403
-239
-125
-85
-115
-167
-186
-125
23
207
335
317
183
57
34
108
209
268
233
105
-43
-117
-98
-44
-27
-68
-147
-231
-273
-253
-203
-145
-71
32
118
140
142
210
365
537
661
731
742
704
676
714
790
798
674
475
314
244
213
133
-14
-193
-386
-563
-663
-666
-644
-689
-771
-819
-813
-778
-697
-571
-472
-452
-440
-346
-195
-64
31
140
272
373
427
459
502
544
563
571
579
550
436
272
150
119
114
57
-68
-239
-407
-514
-507
-411
-331
-355
-471
-579
-595
-508
-351
-190
-85
-75
-121
-151
-129
-73
14
136
250
277
191
70
7
33
108
174
194
134
-13
-189
-268
-196
-62
0
-44
-136
-219
-246
-189
-66
46
112
149
194
251
317
410
536
673
783
835
819
768
725
725
751
742
644
475
311
194
113
30
-69
-192
-338
-470
-542
-539
-516
-528
-574
-604
-583
-527
-488
-485
-474
-400
-271
-151
-83
-50
-20
24
87
156
207
220
209
213
243
270
242
138
-4
-113
-132
-86
-51
-89
-208
-373
-508
-534
-435
-305
-257
-314
-401
-446
-421
-330
-194
-72
-20
-36
-69
-75
-51
-4
71
163
219
198
111
20
-18
9
74
131
135
66
-38
-111
-103
-35
41
80
76
41
4
13
94
205
290
335
377
425
465
505
573
672
763
808
814
794
758
715
675
653
616
534
408
281
182
99
15
-73
-168
-276
-375
-445
-483
-501
-530
-571
-619
-646
-635
-608
-590
-583
-570
-532
-474
-410
-363
-340
-326
-295
-250
-200
-159
-122
-101
-97
-99
-90
-80
-90
-110
-117
-105
-96
-104
-134
-174
-204
-200
-148
-83
-55
-75
-111
-121
-83
-8
75
125
126
98
76
78
97
122
144
154
146
116
75
42
26
25
39
57
59
37
0
-20
-7
43
109
163
185
172
159
190
269
360
423
468
505
537
562
594
645
701
734
734
716
690
652
595
535
487
437
361
258
144
43
-40
-109
-177
-262
-363
-465
-546
-586
-593
-590
-601
-632
-665
-680
-669
-648
-624
-587
-532
-468
-421
-399
-391
-372
-330
-272
-211
-158
-116
-97
-100
-102
-85
-62
-57
-63
-58
-37
-18
-11
-17
-34
-53
-51
-16
29
53
43
20
12
29
69
110
127
111
77
53
48
48
45
42
43
35
7
-26
-53
-62
-60
-48
-30
-21
-21
-34
-33
-5
47
103
137
150
160
188
242
319
387
428
451
473
503
536
571
608
638
654
652
632
593
547
501
459
422
379
316
227
132
49
-17
-75
-137
-209
-290
-361
-408
-431
-445
-464
-491
-517
-533
-532
-529
-529
-524
-505
-473
-433
-400
-387
-389
-379
-347
-298
-250
-214
-195
-189
-182
-161
-130
-107
-98
-90
-72
-44
-18
-1
-2
-14
-19
0
40
75
85
75
57
51
68
94
115
117
101
82
67
60
55
54
52
46
32
10
-12
-27
-30
-22
-6
8
14
13
12
18
36
67
103
136
158
170
186
221
267
307
336
355
376
395
409
421
441
461
473
464
438
406
375
347
324
300
263
204
136
75
28
-16
-63
-117
-173
-225
-272
-307
-333
-353
-373
-393
-411
-425
-436
-441
-443
-437
-420
-391
-368
-355
-352
-343
-320
-286
-247
-212
-182
-160
-148
-132
-109
-80
-56
-38
-20
-2
16
29
33
29
26
31
46
65
77
78
69
58
54
64
75
83
81
73
58
42
30
20
17
17
15
10
-1
-13
-27
-32
-26
-14
4
14
19
24
31
47
74
107
136
153
168
186
212
241
267
290
308
325
338
349
355
361
369
375
370
354
330
306
279
251
225
193
150
97
48
9
-26
-60
-102
-151
-197
-235
-263
-282
-299
-311
-328
-347
-364
-373
-377
-379
-375
-361
-339
-320
-310
-305
-295
-273
-244
-213
-182
-154
-131
-114
-94
-73
-49
-30
-14
0
13
22
30
30
28
30
37
51
59
59
48
35
28
30
37
45
41
27
10
-6
-17
-24
-29
-31
-33
-38
-49
-59
-67
-66
-57
-41
-23
-8
-2
7
17
36
66
103
140
166
184
199
218
244
277
306
329
346
360
369
377
386
396
406
407
394
372
348
325
300
274
247
215
170
119
75
36
-4
-48
-94
-138
-177
-214
-245
-268
-291
-316
-343
-363
-381
-392
-397
-399
-396
-389
-375
-362
-351
-340
-320
-292
-263
-230
-201
-177
-161
-143
-119
-93
-67
-45
-27
-17
-9
1
13
21
21
19
20
22
23
18
9
-4
-13
-17
-17
-21
-26
-35
-47
-60
-69
-71
-67
-65
-64
-66
-68
-64
-55
-42
-24
-1
24
48
69
90
114
143
178
217
254
283
305
327
350
377
402
422
438
450
459
461
458
454
451
448
437
418
386
352
315
279
246
208
166
112
56
7
-40
-87
-136
-184
-230
-269
-305
-336
-367
-396
-420
-437
-448
-459
-465
-470
-471
-463
-447
-425
-402
-385
-368
-345
-316
-284
-250
-218
-188
-164
-137
-110
-84
-59
-36
-14
3
18
30
44
53
56
56
58
65
72
78
77
75
69
66
67
64
61
56
51
44
38
29
23
17
11
9
9
11
15
19
27
39
51
63
77
94
112
132
151
172
191
205
217
231
251
267
282
294
304
310
313
314
315
313
307
298
283
261
234
209
184
160
132
98
57
12
-27
-60
-91
-125
-162
-201
-235
-264
-287
-309
-327
-343
-353
-361
-368
-371
-369
-370
-365
-352
-330
-306
-286
-268
-250
-226
-199
-165
-132
-102
-77
-51
-25
1
25
46
63
79
91
105
118
129
134
131
127
131
140
147
145
136
124
116
109
105
99
89
77
62
45
29
17
5
-4
-15
-25
-35
-40
-42
-41
-40
-37
-31
-21
-9
5
16
27
41
59
79
95
111
126
141
156
167
176
182
189
195
200
200
196
190
185
176
162
145
124
103
84
61
35
7
-22
-50
-77
-103
-129
-152
-175
-196
-215
-229
-239
-246
-251
-254
-254
-253
-252
-247
-237
-226
-214
-198
-181
-164
-146
-128
-110
-89
-65
-40
-18
0
17
32
45
59
72
84
92
97
100
105
109
112
111
108
107
109
111
109
100
92
85
76
70
63
55
44
29
14
1
-8
-17
-27
-35
-44
-49
-50
-51
-49
-44
-41
-34
-24
-12
-1
10
19
34
48
64
78
90
100
110
118
125
130
136
140
142
142
140
134
125
116
107
96
83
66
51
35
17
-4
-22
-36
-49
-64
-81
-93
-106
-118
-127
-134
-139
-141
-142
-142
-144
-144
-142
-141
-138
-135
-130
-124
-120
-114
-107
-98
-92
-86
-77
-66
-54
-46
-40
-32
-23
-13
-5
4
13
23
28
35
42
53
63
70
72
75
83
91
96
99
98
96
92
88
87
86
81
73
59
47
38
32
26
19
11
3
-3
-9
-13
-13
-14
-13
-10
-8
-3
-1
1
6
12
19
23
28
32
33
33
33
33
35
34
31
26
22
18
14
9
4
-5
-13
-18
-21
-24
-30
-35
-40
-43
-43
-46
-47
-49
-50
-50
-49
-47
-45
-44
-41
-40
-39
-37
-37
-37
-38
-37
-34
-35
-35
-35
-30
-27
-27
-26
-25
-21
-18
-15
-13
-7
2
9
13
16
22
27
33
40
50
58
63
62
61
65
73
78
81
78
75
73
70
66
62
58
49
38
27
16
9
0
-9
-17
-26
-32
-38
-44
-47
-48
-48
-48
-47
-45
-46
-44
-42
-38
-32
-28
-24
-23
-19
-18
-17
-16
-13
-8
-7
-9
-12
-11
-12
-13
-11
-11
-12
-16
-18
-19
-19
-20
-18
-17
-15
-14
-16
-18
-17
-14
-12
-13
-12
-12
-11
-8
-9
-9
-7
-9
-9
-6
-4
-2
-5
-7
-4
1
6
7
8
11
16
23
28
35
42
49
55
60
66
74
79
81
85
92
97
100
98
93
95
99
100
94
86
79
72
63
55
45
34
20
6
-7
-20
-31
-42
-53
-62
-70
-79
-86
-93
-96
-98
-98
-101
-101
-100
-98
-95
-93
-88
-83
-79
-75
-72
-68
-64
-62
-57
-53
-48
-43
-41
-37
-35
-31
-26
-21
-17
-15
-15
-12
-8
-4
1
4
7
9
12
16
17
19
23
26
27
28
30
33
33
33
34
36
37
36
35
36
36
36
35
37
42
46
46
46
46
52
57
60
63
67
70
71
72
74
76
75
75
74
76
75
72
67
64
62
59
55
47
40
33
28
19
8
-3
-13
-23
-33
-43
-55
-65
-74
-83
-90
-97
-103
-108
-112
-113
-113
-113
-114
-113
-111
-109
-105
-101
-97
-92
-88
-84
-79
-72
-64
-58
-50
-42
-37
-34
-28
-22
-16
-10
-4
2
6
7
11
17
23
27
32
35
39
42
46
48
50
52
52
53
51
52
54
56
55
53
54
52
50
49
49
50
48
44
41
42
44
45
46
45
45
47
51
54
53
55
54
55
57
57
58
59
59
60
62
66
65
62
59
57
57
53
46
39
33
27
17
6
-6
-14
-25
-37
-47
-60
-73
-83
-92
-99
-106
-112
-118
-119
-120
-122
-123
-124
-123
-120
-116
-112
-107
-103
-98
-95
-90
-83
-75
-70
-64
-56
-47
-41
-35
-29
-22
-15
-9
-4
2
5
9
15
21
24
27
32
37
40
43
45
50
51
53
54
54
54
54
56
54
51
47
45
42
38
35
34
32
29
27
24
23
24
25
26
26
27
31
33
33
37
39
42
45
50
54
56
56
60
64
69
73
75
73
72
69
69
68
62
55
48
43
34
21
9
-1
-13
-24
-34
-45
-55
-65
-72
-81
-86
-89
-92
-96
-98
-100
-100
-98
-96
-93
-91
-87
-83
-79
-74
-67
-62
-56
-52
-48
-44
-38
-31
-29
-27
-24
-21
-18
-14
-10
-10
-8
-5
-1
3
5
7
11
15
18
21
24
27
30
33
35
36
36
36
39
40
39
38
36
33
32
31
30
27
25
20
17
16
18
16
15
14
17
17
20
23
27
31
35
41
47
51
54
58
63
70
75
81
83
82
83
80
79
76
69
61
53
42
30
19
8
-5
-18
-30
-41
-52
-61
-71
-81
-88
-94
-99
-102
-105
-105
-104
-103
-102
-100
-98
-94
-89
-82
-76
-70
-66
-61
-54
-47
-41
-34
-27
-23
-19
-15
-11
-8
-5
-2
-3
-4
-4
-1
0
2
0
-2
-2
0
1
4
6
8
9
10
10
12
14
17
20
21
22
21
20
21
22
25
28
26
25
25
27
29
34
36
38
40
42
45
52
55
60
65
70
76
80
83
84
86
92
96
99
100
99
96
92
89
87
82
74
65
58
48
36
23
10
-2
-14
-28
-37
-45
-56
-67
-76
-83
-88
-93
-99
-103
-106
-105
-104
-103
-101
-99
-95
-92
-87
-82
-77
-72
-65
-60
-56
-52
-45
-42
-39
-34
-31
-26
-24
-25
-25
-25
-26
-25
-22
-21
-21
-22
-21
-20
-18
-16
-14
-13
-11
-9
-8
-6
-6
-4
1
5
8
9
10
13
16
19
25
29
31
31
33
38
45
50
56
59
61
64
67
70
73
75
76
80
84
85
84
81
80
83
87
90
89
87
84
79
74
71
64
57
49
42
32
21
11
3
-7
-17
-26
-35
-42
-52
-60
-68
-75
-80
-85
-87
-89
-91
-93
-95
-96
-96
-93
-90
-86
-84
-82
-78
-71
-67
-62
-58
-53
-48
-44
-40
-38
-33
-30
-28
-28
-25
-25
-22
-21
-19
-17
-16
-14
-11
-8
-4
-2
3
7
11
12
14
16
18
22
28
35
37
37
36
35
37
41
45
49
50
51
52
55
56
61
64
64
64
65
65
67
69
69
71
73
75
72
70
69
69
69
71
70
67
64
57
52
48
45
43
37
29
20
12
1
-5
-12
-21
-31
-41
-51
-57
-64
-70
-76
-80
-84
-88
-90
-92
-91
-94
-95
-95
-93
-89
-85
-81
-78
-73
-67
-62
-57
-53
-50
-47
-44
-43
-42
-40
-36
-34
-32
-30
-29
-29
-29
-27
-25
-21
-19
-16
-15
-14
-13
-11
-8
-3
1
2
6
8
11
16
21
27
30
31
31
33
35
40
46
48
47
47
48
51
52
55
57
59
57
58
60
62
65
65
67
69
69
66
65
65
67
70
72
72
68
66
61
58
56
54
49
43
36
29
23
16
11
4
-2
-9
-15
-22
-29
-34
-40
-43
-47
-49
-52
-55
-58
-58
-58
-60
-58
-57
-54
-52
-52
-52
-50
-49
-47
-47
-48
-49
-48
-49
-50
-52
-54
-55
-55
-55
-57
-61
-63
-64
-63
-62
-62
-62
-60
-56
-52
-49
-46
-40
-33
-28
-23
-18
-13
-6
1
8
14
19
23
26
32
40
46
50
53
55
60
62
68
68
72
74
76
79
81
82
83
83
83
83
83
83
81
79
78
77
78
77
75
71
66
61
57
55
52
47
42
34
26
18
11
5
1
-6
-13
-19
-25
-31
-38
-44
-48
-51
-55
-59
-63
-65
-66
-68
-69
-71
-71
-72
-72
-75
-78
-77
-76
-77
-78
-78
-78
-77
-78
-78
-77
-76
-76
-77
-75
-75
-75
-72
-69
-65
-61
-57
-52
-48
-43
-36
-30
-23
-15
-8
-2
4
10
17
25
32
39
44
50
54
58
63
70
76
82
84
87
88
91
91
94
97
100
100
99
98
96
95
94
93
93
90
85
80
78
76
72
69
63
57
51
46
40
35
30
24
17
11
4
-2
-9
-15
-21
-26
-30
-36
-41
-45
-49
-54
-57
-60
-63
-67
-70
-73
-75
-74
-73
-73
-73
-74
-73
-72
-73
-71
-70
-68
-66
-65
-63
-61
-60
-57
-57
-55
-53
-52
-50
-49
-46
-43
-40
-37
-33
-29
-24
-20
-19
-15
-13
-6
0
4
7
11
15
19
23
29
34
38
42
44
45
48
51
53
57
59
60
60
61
63
62
62
63
64
63
62
60
59
58
55
53
53
49
46
42
39
36
33
32
29
26
22
18
15
10
8
5
2
-3
-7
-11
-14
-17
-20
-23
-28
-30
-33
-34
-36
-40
-41
-44
-46
-46
-46
-45
-44
-44
-44
-42
-43
-43
-41
-40
-39
-37
-37
-33
-32
-31
-30
-29
-29
-27
-25
-25
-24
-23
-23
-21
-20
-19
-16
-14
-14
-14
-11
-9
-6
-3
-2
1
4
7
9
10
13
14
18
21
25
28
29
30
31
31
34
37
38
39
39
40
41
40
41
41
42
40
40
39
37
37
36
34
35
34
33
31
30
28
25
23
21
19
16
13
11
7
4
2
0
-2
-5
-8
-10
-12
-15
-17
-17
-20
-21
-23
-24
-25
-26
-28
-30
-30
-32
-31
-32
-31
-32
-31
-31
-30
-31
-29
-29
-29
-28
-28
-29
-28
-26
-25
-24
-24
-24
-24
-24
-23
-22
-20
-19
-20
-18
-17
-16
-14
-13
-11
-8
-7
-5
-3
0
3
5
6
7
9
11
12
15
18
19
20
20
22
24
24
25
26
26
26
27
28
28
29
29
28
27
27
26
25
26
24
24
22
22
20
18
17
15
14
13
11
11
7
6
4
4
2
1
1
1
0
-2
-4
-5
-7
-8
-11
-12
-11
-12
-12
-14
-14
-14
-14
-14
-14
-13
-13
-14
-14
-14
-12
-12
-10
-11
-10
-9
-10
-10
-11
-9
-8
-7
-9
-10
-12
-12
-12
-11
-9
-9
-9
-11
-10
-8
-9
-8
-8
-6
-5
-6
-5
-4
-3
-2
-1
1
2
4
3
4
5
8
8
9
10
10
12
13
14
14
14
13
14
14
15
16
16
16
15
14
13
12
10
10
9
9
7
4
3
2
3
1
2
1
0
-2
-3
-3
-2
-2
-1
-3
-3
-3
-3
-4
-5
-5
-5
-5
-4
-4
-3
-2
-2
-2
-1
0
-1
-2
-1
0
0
1
1
1
1
2
3
4
2
2
1
1
2
1
-1
-2
-4
-4
-4
-7
-7
-9
-10
-11
-11
-12
-11
-13
-15
-15
-15
-14
-15
-15
-15
-14
-11
-10
-9
-9
-8
-7
-5
-4
-2
0
2
2
2
3
4
5
5
6
9
8
8
9
9
11
12
12
12
12
12
10
10
11
10
9
8
7
7
5
7
8
7
6
6
5
4
3
3
3
4
5
5
6
4
4
3
4
4
3
3
3
2
3
3
3
2
2
3
2
2
2
1
1
1
2
-1
0
1
-1
-2
-2
-2
-2
-2
-3
-4
-6
-7
-6
-7
-9
-9
-9
-9
-9
-9
-9
-10
-12
-13
-12
-11
-9
-10
-8
-9
-7
-7
-7
-6
-5
-4
-3
-1
-1
0
1
1
2
4
3
3
6
7
7
8
8
7
8
9
10
9
9
8
8
7
7
7
7
5
5
5
4
2
4
5
4
3
1
-1
0
-1
-1
0
0
0
0
0
-1
-1
-1
-2
-3
-4
-3
-3
-2
-2
-3
-4
-3
-4
-4
-3
-3
-4
-3
-4
-4
-4
-4
-3
-3
-2
-3
-4
-3
-2
-4
-4
-4
-5
-5
-5
-4
-3
-5
-5
-5
-5
-4
-3
-2
-2
-1
-1
0
0
-1
-1
0
0
3
3
3
3
4
6
7
7
7
8
8
7
7
6
7
8
8
7
6
5
6
5
5
5
4
4
2
1
-1
-1
-2
-3
-4
-5
-6
-7
-7
-6
-7
-7
-8
-9
-8
-6
-5
-3
-3
-2
-1
0
1
1
1
0
1
3
4
4
6
6
4
4
5
4
6
7
8
7
6
6
7
6
7
6
5
6
5
4
4
4
4
4
3
2
1
0
-1
-2
-3
-4
-6
-6
-5
-5
-6
-5
-5
-4
-3
-3
-3
-4
-3
-3
-1
-1
-1
-1
-1
0
0
1
2
3
1
2
2
0
-1
0
-1
-4
-3
-6
-5
-5
-6
-6
-8
-9
-9
-11
-10
-8
-10
-10
-10
-11
-10
-10
-11
-12
-12
-10
-8
-7
-6
-6
-5
-4
-2
0
0
2
2
2
4
6
6
8
9
10
10
12
12
14
14
13
13
13
13
12
13
11
11
10
10
10
10
9
7
7
6
7
9
7
6
5
4
3
2
3
2
1
0
0
-1
-2
-2
-2
-3
-4
-4
-4
-5
-4
-4
-2
-2
-3
-4
-6
-6
-5
-3
-4
-3
-4
-4
-4
-5
-4
-5
-6
-7
-7
-7
-6
-7
-7
-8
-7
-8
-9
-10
-8
-8
-7
-6
-6
-6
-5
-5
-6
-4
-5
-3
-2
-1
-1
0
-1
-1
0
2
2
3
3
6
5
6
8
8
8
8
8
9
10
10
9
8
9
11
12
11
12
11
10
9
9
10
11
10
9
9
9
8
8
7
6
4
3
0
-1
-2
-3
-2
-2
-4
-5
-6
-7
-8
-8
-8
-8
-9
-8
-8
-8
-9
-7
-6
-6
-5
-6
-6
-5
-5
-6
-6
-4
-5
-6
-7
-7
-9
-9
-9
-10
-9
-11
-13
-13
-10
-9
-8
-8
-10
-9
-10
-10
-10
-7
-7
-6
-6
-5
-4
-3
0
0
3
3
4
6
7
8
9
10
11
12
12
12
13
13
12
13
12
12
12
13
12
11
11
12
12
13
11
10
10
10
10
10
9
8
8
8
6
6
7
5
4
4
3
3
2
1
1
-2
-2
-3
-5
-4
-5
-5
-6
-7
-6
-7
-8
-9
-8
-8
-6
-7
