1
0
0
0
0
0
-1
0
-1
-2
-1
0
0
-1
-2
-1
-1
-2
0
-1
-3
-3
-3
-1
-2
-2
-3
-1
-1
-2
-2
-1
-2
-2
-2
-1
-1
-1
0
0
1
1
0
1
1
2
1
0
0
1
0
0
0
-1
-1
0
-1
-1
-1
0
0
0
0
0
0
0
1
1
2
2
2
2
2
2
1
0
1
0
1
1
1
2
2
1
-1
0
-1
-1
-2
-1
-1
-1
-3
-3
-3
-2
-2
-3
-2
-3
-2
-1
-2
-2
-1
-1
-1
-2
0
-1
0
0
0
2
1
2
2
2
3
2
1
0
0
0
1
1
1
1
1
1
0
-1
2
0
0
1
0
1
2
1
1
1
3
2
1
2
2
2
1
1
0
0
0
-1
0
0
0
-1
-1
0
-1
-1
-1
-2
-2
-1
-1
-2
-1
-1
-2
-1
-1
0
0
2
1
1
1
2
1
1
1
1
0
0
0
1
-1
-1
-1
-1
-1
0
0
-1
0
1
0
1
0
1
0
0
0
-1
0
1
-2
0
0
0
-1
0
1
-1
-1
-1
0
0
-1
0
1
1
-1
-1
-1
0
-1
0
1
1
0
0
1
0
1
0
0
-1
-1
-1
0
-2
-1
-1
-2
-2
0
0
2
0
2
2
0
2
0
1
1
2
1
1
2
2
2
2
2
2
3
2
1
0
2
0
0
-1
-2
-4
-4
-2
-3
-2
-1
-2
-2
-2
-3
-1
-2
0
0
0
1
0
0
0
0
-2
-3
-2
-1
0
-1
-1
0
-2
-1
-1
-1
0
0
1
0
1
0
0
-1
-1
-2
-1
-1
0
1
1
2
3
2
2
3
5
4
5
4
5
3
2
3
3
2
2
3
3
2
1
1
0
0
1
1
-1
0
-1
-1
-1
-1
-2
-4
-4
-4
-3
-3
-2
-1
-1
-1
0
0
-2
-2
-1
-2
-1
-2
-2
-1
0
-2
-1
0
-1
0
0
-1
1
0
0
-1
-1
1
1
1
-1
-1
0
-1
-1
-1
0
0
0
0
0
-2
-1
0
0
1
2
3
2
2
1
1
0
0
0
0
1
0
1
0
1
1
1
1
0
1
1
0
0
-2
0
1
0
0
0
1
1
2
1
1
1
2
0
1
0
0
1
1
1
1
0
0
-2
-2
-2
-2
-2
-1
-2
-2
-2
-2
-1
-2
-2
-1
-1
-1
1
1
-1
-1
0
0
1
0
0
1
1
0
-1
-1
-1
-1
-1
-1
-2
-1
0
0
1
0
0
-2
-2
-1
0
1
-1
-1
-1
-1
0
0
1
3
3
2
2
0
0
1
2
1
1
3
3
4
3
2
1
2
1
1
3
1
0
0
0
0
-1
-1
1
1
0
3
2
2
2
3
3
4
2
2
2
2
3
2
2
0
0
-2
-2
-2
-3
-4
-4
-5
-7
-5
-6
-5
-5
-3
-3
-6
-4
-6
-7
-6
-4
-4
-3
-2
-2
-3
-1
-1
-1
1
-1
1
1
2
2
0
0
1
1
2
2
2
1
1
0
2
3
2
0
2
2
2
2
2
1
2
3
2
1
2
2
2
3
1
1
1
0
1
2
3
2
3
4
2
2
2
2
1
0
1
1
1
2
2
0
0
-1
0
1
1
-1
0
-1
0
0
-1
-2
-1
-2
-2
-1
1
-1
-3
-2
-3
-3
-2
-1
-1
0
0
-1
-1
0
-2
-2
-1
-3
-2
-1
-1
-1
-2
-1
-2
-1
-2
-1
0
0
-1
0
0
-1
0
0
2
3
3
3
2
0
2
1
2
0
0
2
0
1
-1
0
2
1
0
-1
0
-1
-2
-1
-1
-1
-1
-1
-2
-1
0
0
0
0
0
2
1
2
1
0
1
1
1
1
2
2
1
0
-1
-1
-1
-1
-1
-1
-1
-3
-4
-1
-1
0
-1
0
0
3
1
1
0
1
1
1
1
2
3
1
1
2
2
1
1
0
0
-1
-2
-2
-4
-2
-1
0
-3
-1
-2
-1
-1
-2
0
0
1
0
0
3
2
1
0
0
-1
3
3
3
2
1
2
1
2
1
2
1
1
1
-1
-2
-2
-2
-2
-2
-4
-6
-2
-1
-1
-1
-1
-1
0
2
3
4
5
3
2
2
2
1
0
2
1
2
1
1
1
1
2
-1
-3
-2
-1
-1
-2
-2
-2
-2
-3
-2
-2
-1
0
-1
0
0
1
-1
0
0
0
1
1
2
5
4
5
3
2
1
0
0
0
-1
-1
-2
-3
-3
-4
-3
-2
-3
-2
-1
0
-2
-2
-1
-1
-1
-1
0
0
0
2
2
1
1
2
3
1
0
1
1
1
1
-1
0
-1
-3
-3
-5
-6
-6
-4
-2
-3
-2
-2
-2
-2
-2
-3
-3
-2
-1
1
1
2
3
3
4
4
5
5
6
5
5
6
6
7
6
5
5
3
0
-1
-3
-4
-4
-4
-2
-1
-3
-3
-3
-1
-1
2
3
5
5
6
6
6
5
4
5
7
6
5
4
3
0
-3
-4
-2
0
0
0
0
-1
-3
-5
-7
-6
-5
-4
-2
0
0
-1
-4
-6
-8
-8
-5
-2
1
3
3
0
0
-3
-5
-2
1
3
6
8
7
5
1
-2
-4
-4
-3
-1
1
1
-1
-5
-12
-15
-20
-20
-18
-15
-11
-8
-8
-11
-15
-15
-16
-15
-9
-5
0
2
1
-1
-3
-1
1
6
14
21
26
28
25
22
20
18
19
23
29
33
33
29
25
18
10
4
3
6
9
10
10
10
3
-4
-11
-14
-13
-10
-6
-4
-4
-8
-15
-24
-30
-33
-34
-32
-29
-26
-26
-27
-31
-38
-43
-44
-43
-36
-28
-22
-17
-16
-14
-16
-14
-9
-3
7
16
26
33
36
38
37
38
42
46
52
58
62
61
59
55
50
49
49
53
55
56
54
49
40
29
18
6
-2
-8
-11
-13
-17
-23
-30
-37
-45
-50
-50
-49
-46
-43
-45
-50
-56
-63
-70
-75
-76
-75
-71
-68
-66
-68
-72
-76
-81
-86
-87
-85
-80
-72
-65
-59
-55
-51
-45
-37
-25
-9
10
26
39
53
68
79
92
107
121
142
158
174
185
192
194
192
189
189
191
191
188
181
174
162
145
127
109
90
71
54
39
22
3
-19
-39
-59
-79
-98
-113
-129
-144
-157
-171
-180
-193
-205
-214
-218
-219
-220
-221
-217
-214
-212
-209
-202
-193
-186
-176
-162
-146
-133
-127
-120
-114
-107
-100
-90
-70
-55
-42
-29
-16
-5
-3
0
8
21
46
81
127
172
216
255
286
308
313
315
325
350
380
413
446
466
468
453
424
382
332
285
253
239
229
210
172
118
49
-26
-91
-137
-162
-174
-173
-175
-189
-227
-285
-347
-395
-419
-416
-393
-358
-328
-315
-320
-338
-361
-386
-389
-364
-319
-266
-224
-201
-198
-213
-230
-237
-226
-196
-154
-112
-77
-59
-56
-63
-71
-78
-72
-52
-17
28
70
105
137
175
229
295
355
393
410
423
440
469
506
545
584
620
655
677
664
603
513
427
367
344
344
340
309
247
165
81
-3
-82
-141
-170
-168
-154
-154
-188
-261
-357
-442
-486
-481
-446
-402
-362
-344
-352
-390
-446
-501
-533
-523
-475
-398
-322
-281
-285
-315
-356
-392
-405
-379
-319
-246
-175
-125
-106
-121
-155
-174
-165
-123
-60
13
82
130
149
150
143
147
179
252
358
471
548
568
549
521
503
504
530
585
648
706
747
749
686
570
444
356
332
351
382
392
362
282
176
62
-44
-136
-192
-192
-153
-117
-125
-187
-293
-414
-515
-569
-572
-544
-509
-473
-448
-450
-498
-572
-627
-644
-617
-554
-472
-406
-376
-379
-401
-423
-435
-426
-377
-288
-193
-118
-81
-75
-89
-115
-122
-92
-37
30
107
182
226
239
228
211
216
255
327
428
519
573
583
560
534
526
540
573
634
707
759
779
757
691
593
487
417
406
426
441
438
399
306
175
45
-52
-120
-162
-168
-155
-164
-215
-303
-416
-533
-623
-662
-643
-582
-533
-521
-530
-572
-641
-710
-736
-702
-641
-564
-472
-389
-360
-396
-437
-458
-465
-438
-365
-252
-145
-88
-68
-62
-74
-111
-132
-87
0
83
161
247
304
294
255
241
253
287
343
449
567
631
628
603
594
573
546
571
654
728
764
786
781
711
586
474
418
406
407
418
426
389
288
154
45
-45
-130
-188
-198
-175
-192
-260
-343
-435
-553
-662
-691
-650
-620
-605
-577
-564
-608
-677
-709
-720
-706
-655
-586
-507
-453
-433
-449
-474
-470
-459
-422
-345
-250
-163
-125
-94
-57
-72
-103
-80
-12
40
106
221
293
308
321
328
322
308
330
396
465
531
586
608
603
592
587
589
626
671
700
738
767
750
686
598
522
470
433
423
445
434
359
284
207
102
-3
-82
-130
-166
-197
-221
-269
-357
-457
-543
-626
-676
-657
-661
-674
-642
-640
-686
-722
-724
-722
-725
-676
-589
-530
-504
-470
-438
-460
-450
-385
-366
-318
-215
-168
-168
-131
-74
-83
-105
-38
62
113
153
249
337
319
287
309
322
308
306
366
464
517
530
553
567
545
509
500
535
580
596
623
685
711
657
584
540
511
477
455
489
509
443
363
313
253
142
31
-24
-56
-110
-166
-203
-274
-380
-484
-571
-620
-640
-675
-716
-702
-691
-750
-787
-772
-774
-806
-799
-704
-635
-635
-584
-488
-456
-457
-411
-348
-325
-288
-245
-181
-128
-104
-64
-11
26
77
106
126
189
244
263
292
353
339
302
321
347
357
383
421
459
471
491
501
500
475
449
472
503
557
597
606
617
617
604
595
596
579
561
567
554
548
519
435
331
236
155
71
11
-31
-98
-179
-247
-317
-422
-548
-631
-708
-785
-808
-817
-844
-860
-871
-862
-860
-859
-819
-779
-744
-693
-585
-577
-563
-442
-429
-435
-296
-195
-211
-155
10
28
-17
85
134
98
89
158
225
223
244
305
311
319
339
337
329
311
325
314
326
383
398
389
399
420
437
424
437
468
483
484
506
543
537
516
517
527
528
529
528
507
484
448
404
359
301
232
160
94
27
-45
-136
-223
-299
-379
-461
-537
-611
-687
-763
-803
-828
-857
-902
-887
-856
-845
-822
-782
-724
-701
-665
-574
-502
-419
-387
-319
-206
-155
-74
-5
44
103
127
157
200
222
230
194
212
278
248
226
276
264
257
241
258
307
295
245
257
289
259
258
316
339
350
358
335
367
417
369
337
417
416
365
370
399
405
376
351
387
419
392
366
363
341
250
153
110
108
54
-35
-59
-74
-191
-301
-374
-420
-473
-579
-613
-594
-628
-686
-705
-703
-728
-726
-687
-644
-524
-482
-471
-401
-282
-264
-296
-154
-46
-71
-12
73
168
161
113
130
149
138
-16
33
171
27
4
119
101
53
59
97
65
55
102
119
167
247
236
237
235
245
250
223
277
325
287
253
297
268
205
177
160
141
155
162
168
193
220
127
108
154
112
116
144
184
202
195
172
129
98
69
6
17
62
58
17
-16
-31
-119
-233
-237
-250
-275
-245
-239
-240
-254
-307
-361
-389
-366
-351
-335
-267
-193
-135
-126
-162
-145
-177
-214
-191
-69
78
-92
-2
118
-62
-121
-130
-60
-137
-156
-62
-7
-4
-79
-141
-17
-78
-173
-61
-4
56
13
17
85
122
31
-26
58
140
77
35
107
174
104
-37
56
116
-4
-62
52
135
78
67
131
187
139
49
90
184
200
203
280
389
414
333
345
396
356
255
253
353
358
326
317
321
281
122
49
73
42
-23
7
61
-9
-97
-137
-156
-206
-291
-229
-217
-203
-126
-154
-136
-100
-177
-240
-305
-216
-256
-351
-171
-228
-324
-234
-337
-321
-353
-427
-406
-356
-253
-264
-241
-122
-246
-178
-202
-295
-46
-56
-89
-66
-5
-2
-134
-233
-143
-162
-236
-238
-49
-52
-171
-58
-85
-217
-135
-12
-82
6
220
260
233
362
501
472
350
437
597
621
644
782
937
846
751
827
756
664
598
533
561
588
584
498
416
340
120
-35
-62
-60
-99
-158
-75
-47
-228
-308
-296
-442
-585
-461
-273
-325
-298
-252
-250
-325
-448
-579
-416
-540
-581
-342
-365
-393
-415
-491
-598
-520
-515
-609
-637
-367
-430
-452
-421
-296
-248
-514
-527
-223
-286
-420
-193
-134
-117
-187
-161
-94
-47
-79
-161
-8
78
30
108
262
297
324
295
388
506
502
559
634
752
821
735
836
917
793
736
810
945
859
829
931
893
739
700
678
602
414
364
391
354
327
297
173
19
-51
-186
-324
-276
-216
-280
-384
-273
-320
-559
-552
-525
-576
-731
-431
-427
-637
-438
-332
-516
-751
-435
-553
-764
-630
-500
-719
-692
-517
-589
-768
-630
-572
-598
-626
-538
-476
-428
-455
-561
-252
-440
-271
-311
-135
4
-82
-122
116
256
9
94
222
194
95
278
355
458
550
538
566
691
649
666
681
732
820
707
802
932
955
818
846
807
774
827
759
733
790
787
619
664
556
381
265
154
131
154
129
79
50
-45
-279
-331
-419
-532
-579
-578
-463
-513
-537
-542
-521
-706
-732
-620
-585
-604
-578
-430
-449
-433
-365
-679
-618
-577
-668
-720
-607
-384
-568
-805
-556
-523
-715
-795
-567
-499
-671
-354
-160
-326
-150
-30
-200
-47
117
253
36
352
563
319
322
591
467
331
464
618
615
628
804
637
621
722
581
536
723
738
671
576
751
719
493
500
568
467
381
488
517
516
485
395
312
375
287
112
186
191
130
104
65
135
-54
-265
-182
-212
-337
-281
-274
-323
-353
-385
-490
-586
-551
-637
-588
-552
-761
-536
-441
-795
-650
-567
-777
-816
-677
-615
-647
-573
-532
-752
-631
-460
-582
-450
-503
-203
-97
-308
-116
20
32
-85
-92
150
262
229
150
238
448
361
137
355
547
320
302
374
448
438
238
235
537
464
184
269
491
417
388
458
476
520
436
247
456
584
389
410
490
559
532
474
600
652
487
323
324
322
200
172
166
154
174
14
-151
-27
-128
-351
-360
-242
-219
-432
-427
-317
-352
-552
-723
-624
-401
-437
-712
-484
-217
-459
-616
-390
-390
-545
-616
-549
-311
-135
-557
-497
-62
-360
-508
-352
-329
-114
-120
-403
52
104
-303
-276
209
-24
-267
-5
60
142
99
-51
149
270
-200
-137
139
117
100
22
125
444
180
-211
233
494
63
43
583
780
529
285
521
724
396
204
570
787
564
556
792
942
792
430
398
550
368
223
330
509
475
164
-26
213
42
-333
-275
-52
-96
-243
-208
-48
-85
-423
-476
-247
-304
-515
-353
-103
-224
-157
-271
-439
-146
-310
-690
-392
-261
-429
-457
-420
-204
-400
-682
-617
-383
-459
-736
-529
-175
-473
-452
-369
-429
-292
-334
-267
-80
-419
-289
-132
-176
-188
-68
77
-283
-265
201
163
-85
79
200
141
-12
184
394
329
240
331
300
397
505
489
596
499
492
475
396
479
519
512
560
725
813
757
675
724
585
517
487
479
596
472
423
525
355
179
85
-12
-86
-179
-113
-35
40
-49
-260
-277
-332
-505
-400
-284
-378
-134
-177
-262
-94
-164
-588
-408
-232
-372
-388
-271
-91
-158
-380
-437
-443
-462
-752
-660
-317
-606
-301
-371
-466
-445
-545
-522
-496
-677
-302
-116
-191
-372
-67
201
-761
-483
263
-163
-299
130
245
-25
-80
35
0
-122
-87
45
166
295
206
295
316
290
231
194
404
565
422
542
577
466
491
479
539
788
772
691
884
827
644
416
557
602
444
474
555
659
449
291
392
251
36
-40
10
21
-37
-132
-128
-153
-319
-394
-456
-338
-212
-213
-378
-89
56
-426
-402
-90
-259
-416
-333
47
-101
-308
-239
-217
-283
-640
-531
-298
-526
-627
-406
-397
-401
-676
-750
-277
-689
-835
-299
-424
-266
-240
-187
-386
-614
-151
-437
-492
-60
-39
-132
-27
114
8
-141
55
96
-369
103
151
-234
161
240
138
100
250
388
243
373
440
350
389
415
416
441
635
829
795
755
1126
924
635
885
797
716
654
766
731
649
610
386
462
394
158
122
216
38
20
27
-98
-106
-282
-338
-297
-337
-342
-353
-156
-169
-232
-203
-199
-170
-347
-341
-112
-118
-491
-74
-123
-380
-271
-305
-577
-546
-431
-718
-733
-371
-660
-777
-399
-756
-742
-518
-905
-289
-509
-297
-424
-344
-206
-370
-479
-380
-234
-31
-298
-57
123
-234
61
-249
-38
-75
-133
-97
217
98
174
233
264
146
311
359
344
534
488
454
380
371
597
522
526
757
951
893
921
988
816
916
835
678
957
885
683
720
779
633
413
412
298
172
131
9
130
24
-231
-160
-263
-399
-423
-521
-347
-307
-513
-273
-226
-293
-680
-373
-250
-612
-457
-198
-317
-360
-333
-328
-435
-530
-664
-646
-580
-590
-592
-465
-518
-862
-618
-843
-677
-756
-601
-424
-86
-362
-364
-163
-162
-418
-160
-144
-359
115
152
69
-144
47
-31
-48
-245
43
134
-74
71
411
268
-98
288
453
314
318
542
640
576
518
539
710
659
660
737
928
1036
896
907
978
821
691
715
822
732
573
567
594
542
283
218
252
55
-129
18
41
-166
-300
-366
-305
-479
-629
-408
-391
-547
-441
-227
-397
-449
-283
-443
-326
-247
-139
-169
-162
-95
-12
-165
-393
-194
-82
-543
-469
-261
-460
-411
-518
-576
-558
-471
-870
-689
-337
-382
-812
-500
60
-163
-774
-462
210
-475
-705
-64
125
-97
-358
-110
30
-82
-293
-324
179
52
-115
55
269
352
204
19
291
509
353
338
466
754
694
385
408
793
858
374
572
1184
859
515
677
1149
900
386
588
838
704
291
482
740
460
181
210
400
228
-134
-160
86
39
-306
-266
45
-67
-482
-291
-52
-195
-446
-321
-81
-230
-407
-203
41
-135
-544
-185
-101
-258
-531
-343
-322
-695
-649
-493
-418
-890
-650
-685
-1180
-1007
-607
-949
-1164
-445
-583
-954
-706
-244
-473
-951
-455
133
-109
-493
-1
82
-397
-264
47
-97
25
151
52
108
288
278
224
142
178
374
360
517
762
693
540
709
778
800
1106
965
876
1079
1079
973
1028
1245
1204
1000
863
1094
1136
750
638
853
792
509
524
571
380
-7
-155
16
-64
-314
-253
-190
-414
-501
-290
-357
-455
-564
-547
-452
-447
-364
-395
-452
-504
-437
-485
-578
-487
-421
-823
-750
-550
-691
-952
-824
-1036
-1207
-1145
-923
-1097
-1266
-962
-1022
-1192
-945
-716
-1224
-781
-394
-494
-950
-294
26
-586
-347
200
-65
-50
237
224
285
217
221
246
549
587
502
684
919
914
793
813
1125
959
855
1436
1617
1348
1340
1280
1163
1125
1226
1363
1458
1359
1120
1143
976
845
708
587
549
535
506
523
541
126
-75
-48
-229
-417
-344
-292
-419
-510
-456
-404
-628
-742
-568
-674
-882
-634
-338
-740
-907
-674
-681
-1035
-969
-692
-767
-1076
-877
-785
-959
-1134
-920
-1145
-1402
-919
-1156
-1194
-1072
-756
-1195
-1014
-812
-631
-962
-738
-589
-223
-265
-679
-250
39
-252
-328
249
597
485
203
578
762
915
629
768
1073
1175
936
1051
1368
1457
1035
926
1579
1880
1490
1261
1530
1484
997
815
1259
1470
1034
670
1058
1230
752
355
540
656
250
109
394
573
68
-310
-192
-175
-407
-547
-435
-347
-535
-734
-542
-408
-691
-893
-805
-693
-789
-821
-704
-756
-755
-760
-712
-709
-698
-807
-940
-842
-879
-774
-895
-758
-931
-1020
-959
-832
-1271
-1075
-906
-1028
-1126
-713
-639
-1115
-879
-597
-673
-663
-302
-232
-316
-262
132
48
172
357
499
444
875
1264
1123
819
1105
1317
1071
1114
1512
1590
1167
1243
1780
1778
1359
1247
1272
1077
930
1152
1389
1227
865
711
665
606
442
250
241
296
196
213
274
88
-331
-582
-497
-390
-360
-359
-298
-300
-515
-543
-336
-460
-623
-508
-421
-366
-340
-273
-463
-623
-718
-632
-579
-600
-361
-571
-865
-855
-685
-1029
-1028
-848
-879
-997
-1045
-884
-1010
-1059
-1193
-687
-836
-964
-751
-775
-1026
-731
-606
-749
-507
-157
-73
-371
-186
138
163
-133
447
1084
880
574
1105
1244
890
962
1266
1505
1447
1552
1821
1886
1625
1380
1210
1082
1288
1299
1262
1362
1271
760
385
429
359
84
27
306
361
84
-155
-153
-470
-836
-768
-532
-392
-362
-314
-383
-507
-523
-542
-653
-510
-160
-191
-214
90
141
-357
-574
-260
-238
-334
-284
14
62
-417
-656
-510
-690
-1064
-1086
-694
-660
-951
-982
-874
-1080
-1356
-1225
-952
-751
-853
-803
-722
-459
-888
-895
-449
-242
-551
-578
169
266
-102
78
650
448
72
448
1146
1032
925
1117
1329
1282
1303
1495
1742
1633
1418
1316
1344
1462
1399
1301
1121
1122
945
681
571
574
376
-34
-134
174
53
-375
-512
-490
-681
-901
-753
-561
-574
-742
-731
-472
-351
-467
-426
-423
-266
-187
-243
68
319
108
-273
-47
187
85
-184
18
192
-156
-570
-234
69
-594
-868
-696
-543
-1159
-828
-849
-757
-959
-1266
-740
-1220
-956
-814
-1340
-1230
-296
-515
-1231
-452
36
-1156
-837
326
323
489
405
286
815
747
582
991
1275
1430
1275
1581
1996
2347
1816
818
1492
1711
1292
1405
1737
1782
980
325
484
938
232
-428
173
430
-92
-461
-352
-468
-1130
-1607
-1024
-519
-631
-898
-897
-611
-802
-836
-737
-410
-403
-665
-88
284
177
31
-254
-162
75
78
119
317
247
-201
-394
-232
-139
-419
-801
-719
-464
-721
-841
-827
-646
-1035
-964
-1076
-959
-486
-1176
-1316
-645
-724
-778
-610
-500
-492
-823
-331
179
509
364
248
650
717
754
1200
1174
1255
1470
1581
2067
2361
2296
1921
1476
1550
1638
1750
1780
1772
1507
975
821
739
514
171
42
-105
-68
-78
-389
-744
-1053
-1380
-1449
-1328
-1023
-894
-1244
-1183
-917
-952
-1087
-978
-802
-788
-570
-304
-62
-18
-248
-286
-124
-42
-10
123
85
-110
-119
-155
-348
-335
-553
-655
-715
-753
-581
-697
-996
-994
-987
-1127
-1112
-709
-1125
-1206
-430
-804
-911
-236
-366
-832
-450
-64
401
691
644
433
682
984
1049
1470
1590
1545
1723
1802
2237
2746
2294
1769
1777
1858
2023
2200
2146
1952
1526
840
665
1063
939
397
254
255
27
-363
-684
-791
-1239
-1619
-1518
-1159
-1091
-1299
-1408
-1599
-1687
-1655
-1425
-1152
-1148
-974
-750
-783
-662
-491
-586
-671
-572
-256
-87
-9
30
-179
-359
-502
-544
-427
-421
-573
-620
-494
-545
-804
-824
-907
-1125
-1257
-1229
-1002
-840
-838
-1036
-911
-637
-777
-761
-337
74
374
554
710
776
993
1160
1200
1588
2108
2157
2107
2355
2865
2832
2210
2144
2338
2317
2101
2460
2867
2196
1373
1066
1056
1108
930
763
708
463
-132
-526
-509
-793
-1301
-1478
-1374
-1043
-1109
-1363
-1455
-1639
-1919
-1899
-1419
-1114
-1239
-1235
-1194
-1133
-1129
-1108
-874
-899
-875
-728
-533
-389
-510
-755
-835
-873
-744
-537
-554
-719
-775
-898
-1134
-875
-750
-966
-1042
-904
-1042
-1083
-620
-621
-972
-916
-629
-452
-444
19
636
444
61
317
1062
1303
1148
1497
1905
1982
2115
2263
2649
2809
2432
2143
2431
2991
2953
2656
2620
2496
2162
1477
1340
1889
1575
816
677
992
640
-243
-647
-687
-750
-1103
-1251
-829
-891
-1535
-1894
-1926
-1776
-1688
-1725
-1611
-1335
-1214
-1421
-1386
-1086
-1064
-1255
-1276
-766
-400
-666
-856
-732
-782
-1162
-1144
-645
-538
-970
-1187
-783
-705
-1273
-1361
-1114
-1086
-1272
-1482
-1077
-709
-1045
-1423
-898
-437
-713
-741
-133
479
382
-41
125
1006
1277
1052
1374
2046
2225
1998
1990
2634
3083
2540
2010
2410
2992
2860
2489
2630
2741
2150
1452
1541
2214
1987
1105
940
1260
986
152
-247
-91
-378
-891
-865
-472
-493
-1166
-1738
-1787
-1664
-1683
-1638
-1432
-1340
-1498
-1624
-1501
-1339
-1329
-1334
-1279
-1093
-814
-698
-761
-889
-1009
-1177
-1198
-886
-646
-724
-945
-967
-948
-1243
-1260
-954
-1170
-1420
-1265
-1275
-1157
-914
-976
-1182
-1089
-923
-586
203
446
-71
-370
9
684
1105
1316
1655
1718
1462
1679
2418
2823
2684
2255
1986
2337
2834
2856
2735
2560
2085
1719
1775
2173
2278
1665
990
889
1039
917
621
209
-225
-470
-618
-443
-106
-369
-1151
-1615
-1525
-1193
-1003
-1187
-1410
-1422
-1431
-1452
-1217
-1015
-1130
-1433
-1526
-1049
-586
-702
-1037
-1132
-1155
-1232
-1062
-742
-689
-989
-1141
-1021
-942
-1082
-1153
-1105
-1214
-1216
-1112
-844
-764
-1013
-1030
-825
-861
-738
-4
640
233
-476
-365
363
887
912
1071
1519
1533
1205
1378
2128
2543
2014
1395
1673
2350
2477
2206
2097
1949
1517
1174
1432
2077
2094
1269
578
732
1042
687
208
173
184
-178
-460
-123
67
-488
-1287
-1457
-987
-659
-792
-1075
-1204
-1201
-1312
-1283
-863
-613
-861
-1227
-1116
-637
-432
-655
-914
-923
-911
-885
-622
-442
-648
-928
-995
-922
-867
-820
-876
-1037
-1237
-1294
-900
-683
-850
-900
-828
-858
-630
-5
609
476
-183
-422
256
1022
1132
1166
1414
1409
1181
1308
2010
2420
1851
1121
1131
1647
1918
1842
1664
1300
827
527
718
1268
1326
746
152
141
435
364
-3
-217
-277
-411
-437
-118
73
-311
-965
-1256
-864
-407
-458
-665
-790
-903
-1036
-967
-680
-551
-721
-940
-848
-558
-416
-443
-643
-850
-860
-727
-513
-363
-453
-648
-661
-639
-721
-655
-519
-665
-924
-891
-607
-434
-492
-537
-478
-515
-461
89
835
809
113
-249
280
1073
1310
1214
1392
1540
1260
1147
1841
2533
2193
1272
940
1447
1930
1816
1445
1161
763
278
275
832
1081
487
-355
-557
-199
-107
-494
-794
-831
-934
-1048
-798
-456
-626
-1227
-1575
-1258
-703
-544
-799
-985
-916
-854
-811
-610
-379
-411
-686
-750
-384
-85
-134
-389
-601
-632
-523
-350
-263
-351
-520
-610
-591
-605
-592
-470
-491
-776
-905
-596
-213
-213
-350
-267
-141
-34
381
1165
1366
723
230
646
1451
1799
1714
1774
1859
1614
1390
1822
2457
2291
1422
863
1172
1731
1744
1289
827
446
68
-18
387
713
361
-461
-909
-658
-395
-655
-1008
-1110
-1129
-1212
-1140
-879
-884
-1362
-1767
-1551
-969
-744
-1025
-1290
-1248
-1137
-1103
-913
-609
-589
-865
-941
-572
-199
-222
-474
-608
-572
-469
-310
-206
-271
-425
-525
-520
-479
-443
-407
-472
-652
-743
-527
-176
-83
-126
-129
-153
61
655
1309
1351
825
596
1099
1797
2083
2059
2107
2071
1860
1864
2359
2879
2642
1758
1209
1453
1915
1957
1580
1057
560
169
70
342
554
212
-533
-975
-860
-625
-766
-1168
-1409
-1449
-1453
-1349
-1107
-1059
-1434
-1841
-1717
-1172
-854
-1021
-1271
-1250
-1084
-972
-830
-626
-616
-853
-1001
-715
-264
-167
-475
-818
-854
-662
-480
-439
-530
-663
-758
-787
-718
-602
-593
-748
-934
-977
-744
-386
-162
-152
-214
-209
70
667
1318
1443
1071
794
1145
1881
2327
2369
2320
2275
2110
2047
2405
2905
2869
2141
1416
1357
1755
1934
1688
1205
657
199
19
229
461
244
-420
-962
-1036
-855
-813
-993
-1248
-1435
-1511
-1447
-1232
-1102
-1281
-1566
-1584
-1241
-885
-868
-1059
-1118
-1008
-880
-728
-525
-437
-570
-784
-742
-446
-257
-366
-620
-758
-744
-634
-560
-610
-764
-913
-935
-877
-835
-798
-845
-987
-1093
-980
-685
-416
-256
-193
-211
-84
365
1134
1532
1267
877
1088
1801
2351
2479
2453
2452
2331
2144
2347
2864
3032
2495
1693
1347
1562
1825
1689
1254
728
202
-155
-120
182
228
-345
-1056
-1287
-1097
-997
-1147
-1312
-1416
-1552
-1618
-1449
-1147
-1129
-1411
-1545
-1279
-861
-678
-765
-851
-817
-718
-577
-307
-42
-50
-329
-539
-387
-65
46
-162
-453
-581
-552
-487
-486
-573
-731
-913
-1020
-970
-816
-718
-848
-1103
-1190
-1048
-778
-527
-325
-235
-282
-158
428
1219
1449
1023
732
1167
1958
2430
2473
2438
2392
2202
2113
2452
2942
2913
2201
1425
1239
1547
1735
1486
978
383
-153
-412
-217
97
-55
-769
-1413
-1495
-1284
-1246
-1397
-1526
-1624
-1768
-1778
-1540
-1266
-1262
-1449
-1465
-1206
-874
-699
-667
-631
-562
-495
-360
-72
203
222
-31
-238
-114
190
283
41
-267
-355
-308
-314
-404
-484
-557
-710
-873
-894
-745
-643
-801
-1080
-1148
-956
-667
-453
-272
-232
-294
-117
526
1247
1366
945
767
1263
2041
2467
2487
2411
2346
2237
2250
2597
2958
2813
2104
1422
1281
1550
1711
1435
810
77
-463
-566
-296
-113
-431
-1138
-1694
-1775
-1637
-1589
-1684
-1816
-1953
-2056
-1993
-1749
-1509
-1497
-1628
-1588
-1266
-889
-674
-616
-591
-515
-392
-158
191
469
447
179
13
179
510
615
358
39
-79
-52
-59
-139
-213
-322
-509
-697
-680
-463
-406
-656
-990
-1053
-857
-616
-375
-169
-110
-269
-258
297
1134
1432
1039
648
967
1731
2232
2283
2215
2241
2193
2116
2319
2697
2771
2228
1492
1200
1413
1687
1554
996
215
-439
-635
-383
-119
-298
-922
-1527
-1788
-1785
-1747
-1724
-1724
-1853
-2105
-2245
-2045
-1656
-1495
-1666
-1824
-1663
-1269
-911
-738
-689
-680
-681
-569
-199
268
474
270
-48
-54
260
529
484
246
44
-39
-77
-90
-50
-66
-268
-550
-597
-389
-239
-380
-679
-823
-787
-613
-309
29
146
-81
-209
229
1066
1492
1223
858
1058
1675
2127
2230
2286
2371
2287
2091
2162
2543
2733
2319
1605
1209
1291
1507
1445
1036
388
-211
-528
-467
-241
-233
-617
-1206
-1631
-1749
-1662
-1524
-1512
-1658
-1918
-2090
-2003
-1700
-1467
-1538
-1748
-1760
-1446
-1036
-804
-800
-884
-928
-845
-545
-134
130
75
-196
-353
-181
131
265
155
-15
-111
-112
-82
-57
-69
-196
-387
-426
-227
-36
-106
-375
-574
-584
-528
-423
-135
202
282
-1
-138
298
1105
1493
1223
879
1066
1595
1913
1919
2001
2243
2319
2105
1970
2190
2439
2228
1615
1167
1195
1438
1430
1061
528
16
-303
-370
-237
-116
-220
-569
-1039
-1396
-1521
-1415
-1258
-1238
-1439
-1708
-1799
-1659
-1458
-1444
-1575
-1607
-1424
-1155
-960
-861
-887
-980
-1033
-864
-470
-136
-73
-264
-453
-484
-371
-199
-79
-15
-51
-177
-308
-328
-237
-196
-305
-405
-308
-102
-84
-302
-521
-614
-639
-628
-417
19
352
221
-206
-289
244
966
1265
1161
1066
1202
1362
1444
1675
2126
2395
2181
1797
1825
2239
2462
2107
1506
1184
1221
1379
1403
1213
784
255
-165
-250
-2
298
347
-10
-636
-1183
-1342
-1074
-732
-655
-937
-1332
-1528
-1458
-1286
-1205
-1223
-1286
-1321
-1280
-1124
-914
-837
-1010
-1248
-1229
-868
-445
-275
-448
-740
-886
-787
-520
-223
-63
-168
-450
-674
-607
-322
-125
-195
-377
-445
-402
-370
-393
-446
-548
-719
-813
-570
-58
279
55
-459
-593
-16
810
1224
1115
873
802
883
1108
1561
2093
2283
1940
1526
1613
2127
2465
2216
1659
1279
1291
1526
1686
1618
1226
643
153
74
449
930
1025
501
-360
-1019
-1089
-642
-181
-145
-581
-1138
-1426
-1335
-1046
-834
-846
-1115
-1430
-1467
-1106
-683
-672
-1089
-1457
-1372
-952
-582
-456
-535
-703
-876
-905
-663
-244
26
-116
-514
-748
-584
-246
-117
-280
-521
-644
-679
-674
-617
-553
-649
-969
-1270
-1215
-765
-358
-392
-825
-1101
-801
-32
636
833
641
399
330
551
1086
1763
2169
2042
1624
1500
1883
2405
2590
2334
1919
1654
1681
1917
2124
2020
1533
941
636
777
1186
1445
1226
505
-305
-711
-543
-123
39
-245
-787
-1229
-1352
-1185
-944
-889
-1092
-1428
-1596
-1421
-1064
-858
-980
-1258
-1390
-1249
-922
-595
-407
-442
-623
-729
-586
-233
99
189
-9
-300
-418
-287
-87
-88
-334
-634
-780
-744
-633
-589
-735
-1079
-1479
-1718
-1625
-1260
-945
-1007
-1416
-1716
-1431
-593
198
384
63
-213
-69
409
967
1478
1820
1843
1600
1550
2056
2859
3285
2978
2279
1837
1980
2499
2905
2822
2220
1435
937
992
1430
1784
1623
883
-66
-675
-643
-210
8
-372
-1129
-1682
-1685
-1298
-950
-951
-1320
-1806
-2055
-1823
-1212
-659
-594
-1013
-1435
-1373
-799
-137
173
58
-212
-298
-63
349
653
627
294
-109
-264
-87
201
226
-151
-708
-1102
-1160
-1001
-886
-1047
-1522
-2075
-2381
-2314
-2057
-1887
-1914
-2088
-2275
-2309
-1969
-1250
-464
-88
-218
-447
-286
287
936
1432
1798
2097
2301
2494
2868
3415
3812
3742
3324
2979
2968
3219
3447
3427
3044
2376
1729
1435
1533
1702
1582
1059
278
-447
-878
-975
-963
-1113
-1497
-1924
-2136
-2070
-1889
-1836
-1994
-2213
-2266
-2050
-1648
-1211
-912
-840
-916
-909
-631
-134
358
648
722
704
722
822
917
920
805
619
431
292
224
131
-112
-536
-1018
-1397
-1622
-1725
-1812
-2010
-2379
-2818
-3099
-3097
-2920
-2763
-2690
-2603
-2466
-2341
-2232
-1917
-1232
-351
285
500
525
736
1207
1785
2371
2938
3420
3713
3866
4074
4372
4578
4470
4090
3714
3579
3701
3817
3636
3004
2114
1334
935
869
855
643
143
-597
-1390
-1988
-2214
-2178
-2164
-2372
-2689
-2856
-2775
-2542
-2329
-2228
-2214
-2175
-1928
-1403
-730
-207
-35
-109
-126
113
570
1074
1456
1611
1532
1298
1085
1026
1077
1033
756
324
-64
-336
-593
-952
-1392
-1836
-2258
-2631
-2886
-2986
-3025
-3157
-3404
-3613
-3631
-3429
-3108
-2773
-2491
-2283
-2136
-1935
-1482
-692
296
1156
1634
1802
1942
2315
2904
3510
3949
4182
4345
4565
4903
5252
5404
5197
4645
3988
3527
3408
3459
3295
2673
1678
722
148
-26
-99
-347
-839
-1484
-2136
-2671
-2970
-3022
-3000
-3079
-3242
-3273
-3046
-2640
-2275
-2098
-2065
-2006
-1732
-1185
-505
76
413
555
647
805
1059
1347
1572
1650
1570
1431
1323
1242
1080
770
347
-101
-504
-837
-1120
-1411
-1797
-2278
-2765
-3131
-3321
-3381
-3382
-3363
-3329
-3273
-3194
-3055
-2819
-2486
-2120
-1776
-1432
-1048
-569
-28
576
1234
1947
2607
3088
3352
3529
3759
4065
4334
4511
4621
4755
4921
5061
5074
4868
4422
3814
3193
2663
2241
1870
1464
932
263
-422
-955
-1265
-1451
-1703
-2096
-2564
-2960
-3210
-3317
-3334
-3297
-3221
-3111
-2941
-2675
-2310
-1905
-1578
-1369
-1217
-977
-569
-39
470
836
1034
1135
1208
1280
1338
1345
1266
1111
927
750
558
309
-9
-382
-760
-1092
-1357
-1597
-1878
-2227
-2609
-2937
-3135
-3156
-3015
-2778
-2549
-2388
-2280
-2130
-1865
-1507
-1130
-794
-467
-97
354
854
1338
1738
2082
2450
2941
3489
3949
4162
4123
3940
3748
3632
3603
3626
3656
3654
3617
3509
3288
2889
2319
1669
1060
568
183
-147
-497
-887
-1293
-1655
-1902
-2021
-2067
-2152
-2351
-2637
-2903
-3037
-2998
-2826
-2595
-2344
-2070
-1762
-1429
-1098
-813
-612
-494
-380
-200
86
422
714
885
906
819
704
629
605
570
469
266
-12
-324
-606
-816
-943
-1047
-1194
-1412
-1662
-1878
-1996
-2021
-1986
-1923
-1822
-1672
-1439
-1126
-780
-437
-130
138
407
722
1066
1441
1774
1999
2086
2096
2084
2115
2222
2406
2630
2809
2834
2681
2382
2007
1630
1307
1075
948
901
889
892
886
829
681
406
30
-367
-722
-992
-1169
-1255
-1288
-1304
-1316
-1295
-1209
-1073
-945
-892
-949
-1083
-1217
-1277
-1220
-1055
-814
-534
-257
-26
131
216
249
251
225
162
65
-44
-123
-141
-111
-59
-43
-101
-256
-475
-699
-875
-998
-1103
-1211
-1299
-1328
-1270
-1158
-1031
-927
-847
-775
-692
-567
-382
-141
110
339
524
691
907
1155
1390
1555
1619
1623
1608
1595
1579
1563
1525
1456
1365
1248
1087
884
653
457
334
273
217
134
-6
-189
-391
-588
-744
-840
-896
-909
-863
-740
-560
-387
-299
-308
-378
-469
-532
-518
-390
-172
53
210
298
362
447
543
611
623
584
501
401
310
237
182
136
99
84
93
97
53
-70
-267
-492
-697
-847
-922
-918
-862
-784
-710
-665
-651
-654
-647
-603
-538
-467
-395
-321
-250
-173
-64
91
268
406
480
497
486
473
483
507
522
522
502
481
473
475
476
462
430
361
242
88
-75
-204
-295
-373
-458
-566
-678
-757
-778
-746
-698
-654
-616
-565
-494
-422
-367
-330
-286
-194
-21
227
513
790
1018
1163
1222
1208
1151
1084
1029
993
986
992
1001
1002
993
954
878
753
581
364
98
-208
-513
-757
-895
-933
-910
-874
-854
-852
-849
-828
-801
-797
-828
-866
-864
-779
-597
-340
-52
220
444
605
697
716
669
581
485
406
349
320
315
315
295
223
103
-33
-170
-316
-476
-639
-788
-908
-982
-1006
-984
-930
-865
-814
-791
-806
-841
-874
-872
-813
-696
-547
-423
-341
-318
-354
-399
-395
-293
-80
223
560
874
1110
1250
1298
1288
1238
1176
1122
1118
1208
1411
1680
1936
2063
2005
1779
1457
1124
822
538
241
-58
-316
-466
-481
-389
-271
-210
-257
-397
-598
-817
-1021
-1188
-1303
-1325
-1221
-980
-638
-265
52
256
321
247
71
-140
-313
-389
-333
-160
78
318
509
618
644
598
485
301
35
-290
-622
-876
-989
-957
-844
-740
-699
-722
-805
-925
-1071
-1230
-1385
-1489
-1486
-1335
-1049
-698
-350
-53
166
311
404
456
464
451
451
483
552
632
679
665
580
462
387
433
608
854
1061
1155
1128
1023
889
761
636
511
422
436
623
963
1326
1535
1497
1236
880
565
350
189
3
-245
-483
-579
-459
-177
114
259
212
22
-219
-454
-680
-922
-1181
-1388
-1448
-1296
-956
-531
-162
48
62
-75
-290
-515
-718
-890
-1001
-999
-860
-592
-255
86
366
537
589
550
433
236
-38
-347
-604
-732
-710
-574
-388
-209
-73
9
19
-61
-227
-448
-657
-773
-727
-510
-175
176
474
691
853
985
1087
1125
1065
899
660
398
152
-81
-323
-561
-739
-751
-531
-123
300
563
582
434
249
130
72
16
-54
-61
133
597
1231
1804
2080
1985
1633
1227
908
665
391
1
-451
-802
-887
-678
-301
38
184
98
-144
-434
-716
-1019
-1374
-1750
-2018
-2042
-1770
-1273
-712
-251
20
119
127
109
72
-25
-197
-393
-510
-454
-209
165
556
876
1110
1289
1417
1448
1330
1059
680
281
-48
-249
-321
-300
-217
-89
60
193
250
178
-27
-321
-612
-825
-928
-925
-850
-721
-537
-297
-12
284
530
632
527
227
-180
-603
-1000
-1374
-1705
-1905
-1823
-1366
-631
117
621
805
777
690
625
541
372
136
-10
142
648
1332
1900
2149
2084
1858
1629
1424
1139
659
-14
-693
-1141
-1216
-971
-583
-225
4
98
92
38
-63
-256
-585
-1008
-1381
-1536
-1374
-934
-372
133
475
702
918
1148
1284
1205
899
482
109
-103
-124
-16
130
283
473
720
971
1123
1098
879
513
82
-347
-738
-1071
-1304
-1374
-1264
-1027
-742
-460
-208
-41
-21
-152
-368
-575
-727
-833
-924
-995
-977
-772
-357
145
524
638
487
165
-253
-750
-1335
-1990
-2597
-2938
-2784
-2106
-1154
-291
290
643
920
1188
1357
1305
1005
610
391
548
1055
1679
2177
2446
2534
2543
2524
2447
2196
1660
877
75
-464
-612
-470
-247
-91
-14
83
290
575
749
614
151
-443
-913
-1118
-1084
-920
-719
-505
-223
178
643
1007
1128
1000
719
374
-4
-390
-746
-1022
-1160
-1125
-931
-648
-344
-54
167
228
86
-207
-542
-855
-1141
-1390
-1546
-1541
-1346
-992
-565
-168
127
322
446
497
424
196
-147
-499
-762
-879
-852
-715
-522
-321
-151
-47
-75
-306
-732
-1275
-1827
-2302
-2619
-2678
-2383
-1743
-912
-80
661
1314
1906
2375
2608
2546
2284
2054
2058
2333
2713
2982
3058
3028
3020
3055
3024
2790
2293
1584
817
164
-287
-587
-830
-1034
-1128
-1056
-853
-627
-492
-522
-719
-1016
-1311
-1533
-1657
-1677
-1580
-1373
-1093
-757
-350
93
459
624
563
344
67
-193
-416
-619
-819
-967
-970
-812
-590
-426
-359
-364
-407
-478
-571
-695
-848
-1007
-1105
-1074
-916
-707
-513
-323
-93
182
442
595
586
445
275
164
117
57
-53
-160
-201
-167
-96
-36
-29
-124
-335
-610
-879
-1084
-1221
-1303
-1334
-1280
-1051
-558
166
936
1543
1933
2197
2429
2635
2762
2776
2699
2611
2611
2724
2876
2944
2865
2645
2312
1893
1428
948
420
-202
-887
-1481
-1840
-1968
-1969
-1941
-1918
-1903
-1883
-1847
-1816
-1849
-1958
-2068
-2080
-1967
-1764
-1478
-1090
-632
-185
200
518
759
887
877
748
549
332
160
55
-32
-155
-296
-389
-419
-440
-506
-599
-671
-728
-804
-906
-983
-997
-934
-808
-637
-438
-205
87
421
704
857
893
903
936
973
979
950
908
860
812
773
738
672
552
386
188
-10
-162
-251
-315
-417
-573
-710
-775
-783
-804
-832
-775
-539
-150
262
597
850
1069
1291
1496
1653
1756
1827
1896
1958
1988
1963
1869
1681
1368
934
458
45
-276
-588
-971
-1395
-1741
-1915
-1958
-1976
-2028
-2083
-2071
-1960
-1775
-1580
-1423
-1292
-1146
-954
-727
-461
-145
191
469
632
725
819
925
966
871
656
414
235
134
48
-88
-251
-366
-389
-368
-377
-440
-507
-537
-545
-547
-511
-395
-205
3
194
368
545
736
924
1077
1170
1218
1255
1295
1308
1277
1229
1192
1153
1065
908
731
582
449
273
8
-317
-635
-893
-1096
-1274
-1428
-1516
-1516
-1455
-1394
-1377
-1389
-1415
-1468
-1564
-1672
-1689
-1511
-1115
-593
-36
530
1128
1728
2228
2538
2659
2655
2579
2431
2185
1857
1499
1166
873
593
310
34
-212
-448
-723
-1062
-1407
-1678
-1868
-2025
-2165
-2220
-2126
-1894
-1596
-1295
-1012
-739
-479
-261
-128
-74
-34
58
206
366
529
733
998
1280
1516
1682
1792
1841
1790
1613
1332
1010
709
458
253
80
-56
-117
-95
-39
-13
-34
-82
-156
-289
-485
-707
-904
-1060
-1183
-1259
-1251
-1118
-858
-520
-181
98
305
460
558
573
493
363
245
170
126
99
92
107
126
123
85
5
-114
-265
-435
-605
-762
-876
-920
-890
-808
-696
-559
-407
-270
-182
-152
-173
-230
-309
-371
-371
-286
-119
115
403
720
1031
1290
1458
1510
1449
1307
1126
924
702
473
267
108
3
-54
-74
-77
-101
-163
-247
-319
-366
-402
-426
-410
-331
-182
23
258
503
732
907
999
992
908
777
624
443
240
45
-99
-179
-228
-289
-379
-484
-595
-718
-868
-1046
-1229
-1390
-1497
-1528
-1477
-1353
-1162
-918
-657
-408
-182
10
152
220
224
199
184
187
207
241
297
385
494
603
689
761
821
855
836
749
619
486
367
250
127
10
-68
-103
-117
-131
-145
-155
-159
-167
-182
-194
-185
-143
-75
8
89
173
259
323
335
290
208
109
6
-105
-226
-345
-447
-528
-592
-641
-663
-632
-526
-378
-235
-105
49
241
432
586
708
827
949
1053
1119
1141
1128
1072
955
772
536
269
1
-254
-492
-716
-902
-1010
-1058
-1098
-1141
-1158
-1134
-1107
-1095
-1081
-1036
-951
-839
-709
-566
-405
-223
-18
194
384
539
667
770
827
825
794
768
745
695
612
529
471
428
379
312
229
143
77
33
3
-16
-14
25
90
153
205
261
316
340
309
243
179
141
128
132
152
198
279
393
514
607
651
652
616
540
413
234
24
-197
-416
-613
-771
-891
-991
-1085
-1167
-1223
-1248
-1246
-1222
-1184
-1135
-1061
-952
-814
-671
-531
-398
-273
-168
-101
-69
-72
-106
-160
-210
-234
-228
-207
-171
-122
-54
30
114
178
206
207
198
201
218
252
308
392
507
643
788
930
1062
1167
1231
1254
1246
1213
1161
1105
1049
994
938
883
826
756
664
550
415
264
107
-44
-175
-283
-360
-400
-399
-367
-319
-263
-206
-151
-103
-75
-76
-104
-145
-176
-183
-165
-141
-114
-86
-66
-64
-95
-163
-261
-385
-531
-691
-851
-999
-1127
-1226
-1286
-1307
-1286
-1232
-1157
-1076
-987
-886
-781
-688
-608
-529
-441
-340
-239
-149
-63
26
119
201
255
273
261
235
209
191
184
195
231
290
357
430
510
588
647
670
654
614
569
528
485
439
397
371
378
417
474
535
596
652
701
743
783
825
867
904
931
956
983
1017
1053
1073
1065
1019
940
837
710
564
398
217
32
-149
-313
-456
-581
-693
-804
-917
-1034
-1150
-1254
-1344
-1417
-1471
-1507
-1502
-1452
-1368
-1269
-1167
-1076
-998
-936
-899
-886
-894
-917
-940
-949
-931
-870
-762
-612
-436
-249
-63
114
284
444
583
691
764
809
840
859
869
867
846
805
746
673
592
501
405
319
249
204
184
191
223
274
341
410
474
524
556
573
578
570
550
526
508
499
501
512
532
551
564
570
569
554
524
475
411
334
243
145
48
-46
-138
-226
-310
-382
-440
-487
-527
-561
-589
-610
-624
-630
-627
-617
-603
-591
-582
-580
-577
-572
-566
-567
-574
-577
-574
-566
-557
-547
-541
-540
-543
-549
-555
-564
-580
-605
-640
-675
-696
-697
-671
-622
-557
-468
-351
-201
-25
164
353
529
686
826
951
1057
1144
1205
1239
1248
1234
1205
1165
1110
1041
962
877
794
718
649
589
532
480
435
400
370
339
295
239
173
95
9
-83
-182
-283
-385
-476
-551
-601
-627
-632
-615
-585
-544
-490
-430
-376
-333
-303
-277
-255
-237
-222
-207
-188
-163
-131
-93
-51
-6
37
72
95
109
116
118
117
105
79
38
-13
-74
-144
-219
-297
-373
-446
-511
-557
-583
-592
-580
-543
-485
-410
-326
-237
-151
-68
14
97
176
247
317
382
446
501
552
595
628
646
648
638
607
555
484
400
304
200
87
-37
-163
-289
-412
-528
-626
-692
-714
-688
-622
-527
-407
-265
-99
79
256
418
559
678
766
821
845
836
794
718
612
481
333
181
34
-107
-239
-356
-451
-527
-587
-632
-664
-678
-685
-690
-694
-697
-691
-680
-656
-616
-558
-476
-368
-234
-76
99
282
466
642
798
934
1045
1123
1161
1156
1113
1036
926
787
624
444
249
48
-146
-330
-499
-645
-764
-851
-907
-929
-919
-880
-822
-747
-658
-561
-456
-346
-233
-117
-1
115
230
346
459
568
664
741
796
821
817
785
723
630
513
378
236
89
-60
-205
-341
-462
-565
-644
-699
-733
-748
-737
-705
-653
-581
-492
-394
-293
-194
-96
-8
75
146
206
252
284
308
327
343
350
347
336
322
304
284
256
225
190
152
111
66
17
-31
-78
-118
-152
-177
-191
-190
-172
-144
-107
-62
-7
56
118
179
230
274
309
331
337
319
281
227
157
76
-19
-119
-215
-299
-367
-419
-449
-454
-433
-390
-335
-274
-212
-149
-89
-37
3
32
54
72
84
91
98
105
111
117
122
129
134
134
132
125
120
113
106
97
81
55
26
-5
-37
-75
-109
-139
-161
-172
-170
-153
-120
-76
-24
34
96
160
222
272
306
322
323
306
276
230
174
111
47
-17
-73
-121
-161
-196
-228
-255
-278
-296
-310
-318
-324
-327
-321
-308
-291
-271
-249
-224
-198
-168
-132
-93
-49
1
57
121
185
253
319
378
425
455
469
470
459
436
399
355
306
263
223
186
149
116
87
56
29
3
-20
-46
-70
-94
-114
-131
-147
-160
-172
-184
-197
-208
-216
-220
-221
-218
-212
-202
-188
-167
-136
-102
-66
-33
-4
19
34
45
53
52
50
44
41
38
37
34
27
20
14
12
12
11
8
3
-2
-8
-20
-34
-52
-73
-95
-120
-143
-168
-191
-212
-231
-244
-251
-251
-244
-233
-214
-189
-156
-117
-78
-41
-6
27
59
85
105
118
129
135
142
148
156
169
181
191
205
222
239
255
268
279
288
296
304
309
307
302
294
282
265
245
224
198
171
144
118
96
76
58
41
25
12
-2
-15
-28
-43
-62
-81
-101
-124
-149
-176
-201
-223
-241
-258
-276
-293
-304
-310
-316
-320
-320
-317
-308
-296
-284
-269
-250
-225
-194
-159
-124
-87
-49
-10
27
60
89
114
132
145
152
153
147
137
122
105
83
58
34
11
-13
-35
-54
-65
-69
-69
-63
-53
-39
-24
-11
-1
5
12
15
16
17
16
16
18
20
28
44
60
78
97
114
133
156
176
195
211
220
226
227
223
212
195
170
141
113
86
60
33
11
-5
-16
-23
-29
-30
-28
-28
-27
-25
-25
-27
-32
-40
-47
-55
-61
-67
-71
-76
-77
-76
-72
-64
-56
-44
-32
-20
-9
6
21
35
44
48
48
44
36
23
4
-17
-38
-63
-90
-118
-145
-168
-189
-208
-224
-236
-244
-246
-243
-235
-220
-197
-163
-124
-77
-25
32
90
144
189
222
244
254
253
240
214
178
138
93
50
7
-37
-77
-115
-146
-173
-196
-216
-232
-242
-245
-242
-232
-214
-189
-157
-120
-78
-35
15
69
123
178
231
284
336
386
429
467
497
514
521
515
500
470
426
370
306
233
157
82
8
-64
-131
-193
-246
-284
-314
-332
-344
-348
-339
-324
-302
-276
-245
-210
-173
-134
-94
-54
-15
24
57
83
103
118
125
122
111
91
63
31
-1
-34
-67
-98
-128
-154
-175
-192
-204
-213
-218
-217
-210
-199
-186
-171
-154
-136
-118
-99
-81
-67
-54
-43
-30
-16
-2
16
32
55
80
105
128
149
168
185
195
200
203
202
197
192
183
173
161
151
135
117
96
72
47
18
-11
-42
-69
-91
-104
-112
-113
-108
-99
-82
-62
-37
-10
18
46
75
103
129
155
177
202
222
237
247
251
246
235
214
188
156
119
78
34
-7
-49
-82
-116
-144
-172
-197
-218
-238
-254
-267
-274
-277
-274
-267
-250
-226
-195
-162
-131
-100
-70
-45
-27
-13
-4
3
6
7
4
0
-4
-11
-15
-23
-34
-47
-61
-75
-88
-100
-108
-110
-107
-98
-82
-61
-37
-10
19
48
74
100
129
157
182
201
219
232
245
248
246
239
225
204
177
144
107
69
32
-1
-30
-52
-66
-72
-73
-68
-61
-47
-33
-21
-9
-2
2
3
5
5
11
16
25
38
52
70
88
106
121
131
136
138
137
131
124
113
101
87
71
54
34
10
-18
-50
-89
-130
-173
-214
-250
-285
-314
-339
-357
-368
-372
-369
-360
-345
-326
-302
-276
-247
-214
-180
-146
-109
-73
-36
4
42
76
107
136
160
180
195
207
218
225
229
229
227
226
222
216
206
194
177
159
140
124
109
95
83
75
74
74
78
78
81
81
78
73
68
61
55
45
36
28
21
18
14
8
0
-13
-28
-46
-65
-81
-94
-104
-112
-115
-112
-102
-88
-74
-59
-41
-20
1
22
43
62
80
98
113
125
134
138
135
124
105
80
46
3
-43
-93
-145
-197
-250
-297
-343
-381
-410
-430
-440
-440
-431
-413
-386
-353
-310
-258
-204
-145
-84
-21
40
99
156
210
259
299
335
362
379
390
396
397
391
381
366
348
322
290
249
205
155
102
48
-5
-55
-101
-140
-168
-188
-197
-200
-194
-182
-162
-142
-119
-91
-62
-33
-3
28
58
85
110
130
148
158
165
167
166
158
144
128
106
84
64
44
22
-2
-29
-55
-79
-103
-128
-148
-168
-185
-198
-209
-213
-212
-207
-199
-188
-175
-157
-138
-118
-98
-81
-67
-53
-39
-26
-16
-7
2
10
18
25
34
40
45
51
55
57
61
65
71
74
78
84
91
97
99
102
103
102
100
99
97
96
95
96
100
103
107
110
110
109
104
98
88
72
57
40
20
1
-18
-35
-50
-66
-81
-93
-105
-115
-124
-136
-147
-157
-167
-175
-180
-185
-190
-195
-195
-192
-188
-180
-171
-162
-151
-136
-114
-92
-66
-37
-6
28
63
96
129
159
187
210
230
243
251
253
251
245
236
225
211
195
174
150
124
96
68
38
5
-27
-59
-87
-110
-131
-149
-164
-175
-181
-180
-178
-172
-158
-141
-118
-91
-62
-29
8
41
76
109
139
170
198
217
231
239
241
240
232
218
199
175
146
115
83
47
13
-22
-56
-89
-122
-151
-179
-201
-223
-239
-255
-268
-275
-279
-284
-285
-284
-282
-276
-266
-252
-236
-219
-197
-173
-144
-115
-85
-56
-32
-7
13
28
41
52
61
69
75
83
90
97
106
113
118
125
132
138
143
146
148
149
151
155
159
163
167
172
178
183
190
195
200
207
213
217
221
222
221
220
213
205
190
174
154
132
107
82
53
26
0
-25
-49
-72
-92
-112
-133
-150
-166
-179
-191
-201
-209
-217
-222
-225
-223
-219
-215
-210
-203
-195
-185
-177
-169
-158
-148
-139
-131
-124
-122
-118
-118
-120
-123
-127
-133
-138
-143
-148
-153
-158
-159
-155
-146
-132
-113
-89
-64
-36
-8
23
53
79
103
126
147
165
185
201
219
234
248
260
269
277
281
281
280
273
264
251
239
223
207
190
170
148
128
106
86
62
39
17
-1
-16
-29
-39
-48
-52
-54
-52
-48
-43
-38
-32
-26
-20
-16
-12
-10
-7
-7
-7
-9
-12
-17
-23
-29
-39
-47
-56
-64
-75
-86
-95
-105
-113
-123
-133
-143
-153
-161
-169
-174
-180
-183
-186
-184
-180
-172
-163
-152
-139
-127
-112
-95
-80
-64
-50
-37
-26
-15
-3
9
21
33
45
55
66
76
86
93
101
106
110
114
116
117
118
120
123
125
128
130
133
136
139
144
150
154
159
163
165
168
171
172
171
164
154
140
123
103
82
57
29
0
-31
-61
-93
-121
-147
-172
-196
-218
-235
-249
-260
-269
-274
-276
-276
-270
-258
-245
-229
-210
-188
-161
-133
-101
-71
-39
-7
24
56
86
115
140
165
183
197
206
211
211
208
201
189
176
159
143
128
114
99
85
72
58
48
36
26
15
5
-5
-14
-22
-27
-32
-34
-35
-36
-34
-29
-26
-22
-19
-15
-11
-8
-5
-5
-6
-9
-13
-20
-27
-33
-43
-52
-59
-67
-74
-80
-87
-91
-95
-97
-98
-99
-98
-96
-95
-92
-90
-84
-79
-72
-66
-59
-54
-50
-44
-39
-32
-26
-20
-15
-13
-11
-7
-3
2
7
15
21
26
32
39
48
58
68
79
90
103
116
129
142
158
172
188
203
217
228
236
239
241
238
232
225
213
199
179
156
130
105
77
48
21
-8
-37
-69
-97
-126
-150
-172
-189
-204
-218
-228
-236
-240
-241
-236
-232
-225
-213
-202
-190
-177
-163
-152
-144
-133
-124
-118
-113
-110
-108
-108
-108
-107
-104
-102
-99
-96
-91
-86
-78
-68
-57
-46
-31
-13
4
22
42
62
82
101
119
137
153
166
178
188
194
201
208
214
218
222
227
229
230
229
227
224
220
211
201
189
174
159
144
128
111
94
78
63
47
34
20
5
-9
-22
-38
-51
-60
-68
-75
-80
-83
-83
-86
-84
-82
-80
-80
-81
-81
-84
-88
-94
-101
-109
-119
-129
-139
-154
-169
-186
-204
-222
-239
-255
-271
-285
-295
-301
-305
-303
-297
-287
-271
-252
-229
-203
-175
-146
-115
-84
-51
-16
17
50
82
114
143
175
206
237
265
293
317
338
358
375
388
399
404
406
402
394
379
358
335
309
278
246
211
174
138
101
67
36
8
-20
-42
-62
-80
-96
-109
-122
-129
-132
-135
-134
-130
-125
-117
-110
-101
-91
-83
-76
-71
-68
-68
-70
-74
-81
-90
-101
-114
-127
-139
-154
-167
-181
-194
-206
-217
-226
-233
-238
-241
-242
-239
-234
-226
-215
-199
-180
-160
-140
-117
-93
-66
-37
-6
25
57
91
120
150
179
205
230
252
267
280
288
290
291
285
276
262
245
225
204
180
157
135
112
92
74
58
46
36
29
24
21
21
20
21
25
26
28
30
30
29
24
22
19
16
12
8
1
-8
-20
-32
-47
-61
-78
-94
-113
-131
-149
-166
-182
-195
-204
-211
-215
-218
-218
-217
-212
-203
-193
-179
-165
-147
-128
-110
-90
-68
-45
-22
1
25
47
68
84
99
113
123
129
135
136
134
131
124
116
106
96
85
72
62
51
41
33
28
25
23
26
30
36
45
54
65
73
84
93
102
109
116
119
121
119
117
112
105
97
87
75
62
46
29
13
-2
-18
-33
-47
-62
-76
-90
-102
-114
-123
-133
-141
-146
-150
-151
-150
-149
-144
-139
-131
-121
-112
-102
-92
-84
-76
-68
-62
-55
-50
-44
-41
-39
-37
-34
-29
-26
-22
-18
-14
-8
-5
-3
0
6
10
15
19
24
29
35
41
48
55
61
70
79
85
92
98
104
107
111
115
119
120
121
119
115
110
107
103
97
90
83
75
68
61
55
48
41
33
26
19
14
8
2
-4
-11
-18
-26
-33
-39
-44
-52
-58
-63
-70
-75
-80
-83
-89
-91
-95
-96
-98
-98
-98
-98
-95
-94
-91
-88
-84
-80
-76
-70
-65
-59
-54
-48
-42
-37
-30
-24
-21
-18
-15
-12
-9
-6
-6
-7
-7
-6
-6
-6
-6
-3
-2
2
6
9
13
19
25
32
38
44
52
59
67
75
83
89
96
101
108
110
113
115
115
117
116
115
112
107
102
95
88
78
70
61
52
42
33
25
16
8
0
-6
-13
-18
-21
-23
-25
-28
-32
-32
-37
-37
-39
-40
-43
-46
-50
-55
-60
-63
-68
-74
-79
-86
-92
-96
-99
-103
-107
-110
-113
-112
-113
-114
-115
-114
-113
-110
-107
-104
-101
-96
-91
-83
-77
-71
-63
-57
-51
-45
-38
-33
-26
-19
-11
-2
7
17
29
38
50
61
74
86
100
112
123
134
145
156
164
173
179
185
190
192
192
191
187
182
174
168
158
148
137
124
112
97
84
73
62
50
37
26
15
5
-4
-12
-21
-29
-38
-46
-53
-62
-69
-78
-86
-93
-102
-108
-115
-120
-125
-130
-133
-136
-140
-143
-143
-145
-145
-145
-145
-143
-141
-140
-136
-132
-128
-124
-119
-113
-107
-100
-95
-91
-84
-77
-71
-64
-57
-48
-38
-29
-19
-11
0
11
22
34
45
55
63
74
83
92
102
108
115
120
125
130
134
134
137
139
140
141
142
142
140
139
138
135
132
127
121
117
112
105
98
91
82
75
68
58
50
41
31
20
9
-2
-12
-24
-33
-42
-51
-56
-62
-68
-73
-76
-77
-79
-81
-83
-84
-84
-83
-83
-81
-79
-77
-75
-74
-73
-72
-72
-72
-72
-73
-72
-72
-74
-76
-79
-78
-76
-74
-72
-71
-69
-67
-63
-59
-54
-49
-43
-37
-31
-25
-18
-12
-6
0
7
14
21
26
31
36
39
46
52
57
63
66
70
75
79
80
84
85
87
87
88
86
84
83
81
78
74
70
68
63
58
53
48
44
39
33
28
22
15
9
4
-1
-6
-10
-15
-19
-22
-25
-28
-29
-29
-31
-30
-29
-28
-29
-30
-30
-31
-30
-33
-35
-37
-39
-40
-42
-42
-42
-43
-42
-41
-39
-39
-37
-35
-31
-28
-22
-17
-11
-5
0
6
11
16
19
23
27
29
31
32
29
27
25
22
17
14
9
4
-1
-7
-11
-16
-20
-24
-29
-31
-33
-34
-34
-34
-32
-31
-29
-26
-22
-18
-14
-10
-6
-4
0
3
6
10
12
16
20
21
24
25
26
26
27
28
29
29
30
29
30
29
28
28
26
24
21
19
17
12
9
7
3
1
-1
-2
-3
-3
-2
-2
-1
0
0
1
3
5
8
8
9
11
12
11
11
12
12
11
9
9
6
3
-1
-4
-7
-9
-11
-14
-17
-20
-22
-24
-26
-26
-27
-28
-29
-29
-30
-29
-31
-32
-32
-30
-29
-29
-27
-26
-24
-23
-21
-18
-14
-11
-8
-4
-2
0
4
7
9
12
15
18
21
23
26
28
29
32
33
32
33
33
30
29
27
26
23
22
21
20
17
16
14
12
13
11
10
10
9
10
9
8
8
6
7
7
4
3
1
0
-1
-3
-5
-7
-11
-13
-15
-17
-20
-21
-22
-23
-24
-25
-25
-26
-26
-25
-25
-23
-20
-19
-16
-15
-14
-14
-12
-9
-7
-6
-5
-5
-4
-5
-2
-3
-2
-2
-3
-1
-3
-2
-3
-3
-4
-3
-5
-5
-4
-4
-3
-2
-2
-2
-1
1
3
5
5
4
6
6
6
7
7
8
11
12
12
14
15
16
18
18
18
19
19
19
21
21
24
25
26
25
25
26
25
24
22
21
21
18
14
9
6
2
-1
-4
-8
-13
-15
-18
-20
-24
-28
-29
-32
-34
-36
-36
-36
-36
-36
-35
-33
-31
-30
-28
-25
-21
-17
-13
-8
-4
-1
2
6
10
14
19
20
20
20
21
20
20
21
21
21
19
19
18
17
17
17
16
14
13
10
8
6
5
5
4
1
0
-2
-3
-4
-5
-5
-6
-6
-5
-6
-5
-6
-4
0
3
5
7
7
9
9
8
9
10
9
5
2
-1
-4
-6
-7
-9
-9
-11
-12
-15
-18
-19
-21
-23
-22
-23
-22
-23
-23
-23
-24
-22
-21
-19
-18
-17
-17
-14
-12
-11
-9
-5
-4
-1
1
3
5
7
9
12
14
17
17
19
19
20
21
22
24
25
26
26
26
24
25
24
22
20
18
17
12
11
10
7
6
5
4
1
-1
-3
-3
-6
-6
-6
-5
-5
-4
-5
-5
-5
-5
-6
-6
-6
-7
-9
-10
-12
-13
-14
-13
-11
-11
-11
-10
-9
-10
-8
-7
-6
-4
-3
-2
-3
-4
-4
-2
-1
1
3
4
4
4
5
3
2
2
1
2
1
1
0
-1
-3
-4
-4
-4
-3
-5
-6
-8
-9
-8
-7
-4
-1
1
2
1
3
3
5
7
9
8
9
10
10
11
10
10
7
7
6
5
5
4
1
-1
-3
-5
-6
-7
-7
-8
-9
-10
-10
-10
-9
-8
-8
-5
-4
-3
-2
-2
1
4
6
10
11
11
12
13
14
15
17
18
16
17
15
15
14
13
11
12
11
9
7
3
0
-2
-3
-3
-4
-5
-7
-11
-14
-13
-14
-17
-16
-18
-19
-21
-22
-22
-22
-23
-23
-23
-23
-22
-21
-21
-22
-22
-23
-22
-20
-17
-17
-16
-15
-13
-11
-8
-7
-5
-3
-2
0
0
2
4
7
11
14
17
20
21
24
26
28
29
31
33
34
37
38
38
37
39
42
42
41
40
40
37
35
35
33
32
29
26
23
18
16
13
9
6
5
2
-2
-6
-8
-12
-12
-13
-15
-15
-17
-17
-16
-17
-18
-19
-20
-21
-23
-25
-26
-29
-31
-34
-35
-37
-40
-40
-41
-44
-44
-47
-48
-44
-45
-46
-47
-47
-46
-46
-44
-41
-39
-38
-37
-34
-32
-28
-25
-22
-17
-13
-8
-2
2
6
10
14
19
24
28
33
38
39
41
44
48
50
51
51
52
54
52
54
53
55
56
58
60
59
59
58
58
58
58
58
55
52
48
47
42
38
35
30
27
21
17
12
7
3
-2
-7
-11
-16
-20
-26
-31
-38
-42
-46
-49
-53
-53
-55
-57
-59
-59
-60
-59
-58
-56
-56
-54
-51
-50
-49
-47
-46
-44
-43
-41
-41
-42
-41
-41
-40
-40
-39
-36
-35
-33
-33
-31
-28
-24
-19
-16
-10
-4
1
6
12
19
25
33
38
42
49
53
58
63
65
67
69
70
71
69
67
64
62
60
58
57
53
49
44
42
39
37
35
33
31
29
27
25
21
18
15
11
8
4
1
-3
-9
-12
-16
-20
-21
-21
-24
-24
-28
-29
-30
-30
-30
-30
-31
-30
-31
-32
-32
-34
-33
-33
-35
-38
-40
-43
-46
-50
-51
-53
-53
-54
-52
-52
-51
-49
-48
-46
-42
-39
-35
-30
-25
-20
-15
-10
-3
3
9
14
19
27
31
35
39
42
46
49
50
52
53
55
53
53
51
51
51
48
45
42
38
36
32
28
25
22
18
15
10
7
5
3
1
-1
-4
-3
-3
-4
-3
-3
-3
-3
0
0
0
-1
-3
-4
-6
-9
-11
-14
-16
-16
-19
-22
-23
-26
-28
-29
-32
-32
-32
-32
-32
-32
-31
-31
-28
-24
-21
-16
-12
-7
-4
-1
1
3
7
10
13
14
18
18
19
20
18
18
17
18
17
14
10
8
5
3
1
2
0
-1
-1
-1
-1
-2
-2
0
1
2
1
2
2
1
0
0
-2
-2
-4
-7
-8
-9
-8
-7
-6
-6
-5
-4
-2
-1
2
4
6
8
9
11
11
12
13
13
12
12
12
12
11
7
3
1
-2
-3
-5
-7
-9
-14
-17
-18
-19
-19
-18
-17
-16
-16
-16
-13
-9
-7
-3
-1
3
6
8
10
12
14
16
17
19
17
16
13
12
11
8
8
7
6
4
4
3
4
3
3
4
5
6
6
7
6
6
6
7
8
7
4
1
0
-2
-3
-6
-7
-10
-14
-16
-20
-22
-24
-27
-28
-30
-33
-34
-38
-40
-39
-37
-35
-31
-29
-26
-23
-20
-14
-8
-3
0
6
9
14
17
21
23
25
30
32
33
33
33
32
32
30
28
29
28
27
26
24
23
21
21
21
21
21
21
20
19
18
17
18
18
18
19
18
18
17
16
14
14
12
10
8
7
2
-1
-4
-8
-10
-13
-18
-23
-26
-30
-34
-37
-38
-40
-41
-43
-44
-43
-42
-42
-40
-40
-38
-35
-33
-30
-28
-27
-24
-21
-20
-18
-16
-14
-11
-10
-8
-6
-6
-3
-2
0
3
5
6
7
9
13
14
15
17
20
20
22
23
25
26
26
27
27
28
29
30
29
29
29
28
29
28
27
25
23
23
22
22
20
18
17
15
15
13
10
7
6
5
4
3
1
-1
-3
-7
-9
-9
-12
-13
-16
-17
-19
-20
-22
-24
-25
-26
-27
-27
-26
-26
-26
-25
-25
-23
-21
-20
-19
-18
-17
-15
-15
-15
-13
-12
-10
-7
-5
-4
-4
-2
-3
-2
0
1
1
2
1
3
4
4
5
6
6
6
7
8
8
9
11
12
14
16
19
21
23
25
29
31
32
34
36
36
36
36
35
35
32
29
27
24
22
17
13
9
6
1
-4
-8
-10
-14
-17
-20
-23
-25
-27
-28
-29
-29
-29
-31
-32
-33
-33
-34
-33
-30
-30
-30
-29
-29
-28
-27
-25
-23
-21
-20
-18
-16
-15
-13
-11
-9
-8
-6
-6
-4
-3
-1
0
2
4
5
6
7
9
10
10
11
10
12
14
16
17
18
17
19
19
20
21
22
24
23
25
25
25
27
27
29
29
28
29
28
25
25
24
24
22
19
17
14
11
9
7
4
1
0
-3
-6
-7
-11
-11
-14
-14
-16
-16
-18
-18
-17
-18
-18
-19
-19
-20
-19
-20
-20
-21
-24
-25
-24
-25
-25
-24
-25
-24
-24
-24
-24
-24
-24
-24
-22
-21
-18
-15
-12
-10
-7
-4
-2
0
5
7
10
11
12
13
14
14
14
15
17
17
18
17
16
16
15
15
16
18
19
20
21
21
21
22
23
24
25
26
25
22
21
19
19
17
16
14
14
13
11
9
6
4
0
-2
-4
-5
-7
-9
-11
-13
-14
-14
-16
-16
-18
-20
-22
-22
-24
-26
-26
-25
-27
-26
-26
-26
-26
-25
-22
-21
-19
-17
-17
-17
-17
-16
-14
-13
-14
-13
-12
-12
-11
-11
-12
-12
-10
-9
-8
-8
-6
-7
-5
-2
0
3
6
7
11
13
17
21
25
28
28
29
33
34
37
39
39
40
39
41
40
39
37
34
33
31
29
28
25
22
21
20
18
16
15
13
11
10
9
8
6
5
3
0
0
-2
-3
-6
-9
-11
-13
-16
-17
-20
-20
-23
-26
-28
-31
-33
-36
-38
-39
-39
-41
-41
-43
-44
-44
-43
-43
-41
-39
-39
-38
-38
-37
-36
-35
-33
-31
-29
-28
-26
-24
-21
-20
-17
-14
-9
-6
-1
2
6
10
14
19
23
27
29
32
36
38
41
43
46
47
47
49
49
49
48
48
49
48
48
47
45
44
41
40
39
36
35
32
29
27
25
22
20
17
15
11
7
3
0
-4
-6
-9
-11
-13
-15
-17
-21
-25
-26
-27
-28
-30
-31
-33
-35
-37
-38
-38
-39
-40
-40
-41
-41
-42
-43
-44
-44
-43
-41
-41
-39
-37
-34
-32
-30
-27
-24
-21
-19
-15
-12
-9
-6
-3
-1
2
5
9
10
13
15
18
21
22
23
23
24
24
26
27
29
31
32
31
31
31
33
32
33
35
37
36
36
35
36
36
34
34
32
31
28
27
24
21
19
16
14
12
9
6
2
-1
-6
-9
-10
-13
-15
-16
-18
-21
-21
-21
-23
-23
-25
-25
-25
-27
-28
-29
-30
-30
-30
-28
-28
-28
-28
-28
-27
-26
-24
-23
-21
-19
-19
-17
-16
-13
-11
-9
-5
-3
-1
0
2
3
5
6
7
9
8
7
8
8
9
9
9
10
11
11
11
12
13
15
18
18
19
19
19
19
21
22
22
21
19
19
18
16
16
14
13
11
9
7
5
2
0
-3
-4
-7
-8
-10
-12
-13
-15
-15
-16
-18
-19
-18
-19
-20
-20
-20
-20
-19
-18
-17
-16
-16
-14
-14
-13
-12
-10
-9
-10
-8
-8
-6
-4
-1
1
2
3
5
6
9
11
14
15
17
16
18
19
18
19
19
22
22
21
21
20
19
17
17
15
15
14
14
12
12
12
11
9
9
6
5
3
1
0
0
-1
-3
-6
-7
-8
-9
-8
-9
-9
-12
-14
-14
-15
-15
-16
-15
-15
-16
-16
-17
-17
-16
-17
-16
-17
-16
-14
-13
-12
-12
-11
-10
-8
-6
-4
-4
-3
-1
0
1
3
4
4
4
5
6
6
6
6
6
5
2
3
2
2
2
3
1
1
1
2
2
3
5
5
7
7
8
8
10
11
12
13
14
15
14
15
14
14
14
13
12
10
11
9
8
6
4
4
0
-1
-3
-5
-6
-7
-9
-11
-11
-11
-11
-12
-13
-12
-12
-12
-13
-11
-10
-9
-9
-9
-9
-7
-6
-5
-5
-5
-5
-4
-4
-3
-2
-1
-2
-2
-2
-1
0
2
2
3
2
1
2
3
3
3
2
2
2
5
5
4
4
4
5
4
3
4
3
4
4
3
4
4
3
3
4
2
1
0
1
0
1
0
0
1
2
2
3
3
3
4
4
3
2
1
1
-1
0
-1
0
1
0
-1
-1
-1
-2
-1
-2
-3
0
-1
-1
0
0
-1
0
-1
-1
-1
-2
-2
-2
-3
-3
-1
-1
-1
-1
-1
-1
-2
-3
-3
-3
-3
-4
-6
-6
-6
-6
-6
-7
-6
-5
-4
-4
-3
-4
-3
-2
0
1
2
3
3
3
2
2
2
4
4
3
3
2
1
0
-1
-2
-2
-2
-2
-2
-3
-3
-4
-4
-4
-4
-2
-1
-1
0
0
1
3
5
7
8
9
9
9
10
10
10
10
10
10
10
9
8
8
8
8
6
7
6
4
3
2
1
1
1
1
0
-1
-2
-3
-2
-4
-3
-3
-4
-3
-4
-4
-4
-5
-5
-3
-2
-2
-3
-5
-5
-6
-6
-6
-4
-6
-7
-8
-10
-12
-12
-11
-11
-11
-11
-12
-12
-12
-12
-11
-10
-9
-8
-8
-7
-7
-7
-6
-7
-5
-3
-1
0
2
1
1
3
4
6
6
9
10
11
11
11
11
13
12
13
13
11
10
11
11
11
10
11
10
9
10
10
10
9
10
9
8
8
7
5
6
5
4
3
2
1
-1
-2
-2
-4
-5
-5
-4
-5
-4
-4
-5
-7
