1
1
2
3
1
2
2
2
1
1
-1
-2
-2
-3
-4
-4
-5
-3
-2
-2
-2
-1
-1
0
-1
-1
-1
-1
-1
-3
-2
-3
-2
-2
-3
-1
0
1
0
0
0
1
1
2
3
3
3
3
2
2
1
-1
-1
0
0
-1
-1
-1
-1
-1
-1
-1
-1
0
1
-1
0
0
-2
-2
-3
-3
-3
-4
-4
-5
-3
-3
-2
-2
-2
1
0
1
2
0
0
1
-1
0
0
0
-1
-2
0
-1
-2
-2
0
0
1
2
0
0
0
2
1
1
1
1
2
2
2
2
3
4
5
4
5
4
4
2
2
2
3
3
2
0
-1
-2
-3
-3
-1
-2
-3
-3
-3
-3
-2
-2
-2
-2
-2
-2
-1
-1
0
0
0
-1
0
1
1
2
3
4
3
4
6
6
6
6
5
5
4
3
2
1
1
2
2
3
3
2
3
2
2
2
3
3
3
3
2
2
0
0
-2
-3
-6
-5
-5
-5
-6
-6
-7
-7
-8
-8
-7
-6
-7
-8
-7
-8
-7
-6
-7
-6
-3
-4
-4
-4
-4
-1
0
-1
0
1
2
3
2
2
4
3
4
4
4
5
4
4
5
5
5
3
1
1
1
2
3
4
5
4
5
3
4
3
2
1
0
-1
-2
-3
-4
-6
-6
-7
-7
-6
-6
-6
-7
-8
-10
-9
-11
-12
-12
-13
-13
-14
-13
-12
-10
-7
-7
-5
-4
-4
-2
1
4
4
5
6
6
6
6
5
6
5
6
8
9
9
11
14
15
14
15
15
14
14
12
11
11
12
11
9
9
9
10
9
11
9
9
9
10
11
11
9
9
7
5
5
5
3
3
1
0
-1
-2
-3
-4
-3
-4
-5
-6
-7
-8
-8
-8
-9
-10
-10
-11
-10
-10
-10
-10
-11
-10
-9
-10
-10
-10
-9
-8
-8
-7
-8
-8
-8
-10
-10
-9
-9
-9
-10
-11
-12
-10
-10
-9
-8
-5
-4
-3
-3
-2
0
1
2
3
1
0
2
5
6
7
8
9
9
10
10
10
9
12
13
12
12
14
14
15
14
12
6
5
5
5
8
9
12
12
9
6
1
0
-2
-5
-10
-14
-13
-10
-3
-2
-7
-11
-16
-16
-16
-16
-18
-17
-17
-19
-22
-20
-15
-8
-5
-11
-17
-22
-19
-16
-15
-11
-9
-3
0
1
2
4
4
3
1
-2
-2
0
4
3
-3
-8
-8
-3
-2
3
1
1
-1
-1
4
7
11
13
12
13
15
19
24
23
25
27
32
35
35
33
32
35
38
39
38
38
42
45
42
34
26
20
20
22
20
19
20
23
27
25
21
16
15
12
6
0
-8
-7
-6
-4
-5
-8
-7
-3
-2
0
-8
-10
-12
-12
-10
-12
-14
-19
-21
-27
-32
-36
-44
-46
-52
-58
-61
-66
-65
-62
-57
-49
-44
-36
-32
-25
-23
-29
-39
-46
-38
-6
36
67
84
93
118
145
151
115
44
-26
-76
-86
-63
-38
-16
-7
5
22
37
44
38
-5
-65
-131
-157
-137
-90
-20
0
18
27
56
100
96
60
-13
-86
-131
-148
-150
-147
-154
-139
-124
-99
-79
-100
-115
-149
-154
-164
-169
-159
-150
-111
-52
19
82
109
117
106
111
117
126
149
162
186
183
183
195
211
229
223
193
174
169
186
198
183
156
117
106
106
120
118
119
134
152
170
156
141
113
82
47
-1
-28
-38
-30
-1
19
44
40
8
-45
-124
-184
-244
-276
-288
-286
-237
-190
-138
-129
-160
-214
-296
-364
-438
-487
-505
-481
-395
-302
-212
-138
-104
-102
-168
-279
-390
-454
-444
-391
-292
-165
21
265
502
649
669
613
549
499
451
396
392
452
563
703
838
957
1018
1001
888
691
444
199
10
-111
-192
-249
-252
-154
23
186
234
156
16
-138
-298
-454
-561
-590
-553
-455
-306
-110
78
197
219
119
-71
-298
-484
-608
-697
-763
-771
-678
-511
-349
-249
-232
-298
-455
-678
-890
-1018
-1045
-994
-879
-712
-491
-273
-98
-8
-48
-192
-371
-473
-492
-469
-395
-179
234
686
985
1117
1194
1288
1299
1172
971
824
782
813
943
1156
1382
1524
1544
1474
1302
1023
694
393
134
-162
-466
-629
-562
-349
-188
-119
-90
-38
-11
-70
-170
-299
-417
-530
-588
-533
-383
-146
117
346
478
483
441
365
207
-65
-388
-626
-763
-840
-879
-842
-709
-579
-522
-548
-600
-670
-800
-990
-1216
-1402
-1480
-1413
-1206
-947
-690
-463
-241
-52
19
-42
-199
-362
-493
-586
-594
-456
-102
406
890
1212
1374
1519
1661
1690
1526
1251
1036
937
945
1069
1311
1603
1800
1849
1799
1692
1500
1191
799
366
-76
-469
-710
-735
-628
-502
-429
-377
-343
-365
-435
-542
-692
-906
-1125
-1196
-1068
-814
-538
-249
63
320
463
513
514
432
224
-34
-221
-318
-386
-434
-408
-327
-292
-345
-424
-499
-637
-890
-1181
-1398
-1529
-1612
-1641
-1561
-1384
-1194
-1029
-861
-697
-602
-607
-643
-651
-647
-646
-576
-395
-166
34
306
781
1297
1584
1623
1665
1856
1977
1875
1680
1641
1759
1836
1904
2052
2262
2383
2311
2126
1871
1537
1147
757
380
-82
-569
-884
-953
-919
-1004
-1159
-1222
-1162
-1138
-1253
-1377
-1440
-1486
-1563
-1604
-1503
-1287
-1003
-655
-256
103
353
629
947
1132
1059
875
802
778
637
394
270
342
386
292
157
71
-13
-199
-482
-845
-1250
-1635
-1921
-2067
-2163
-2237
-2221
-2044
-1766
-1500
-1236
-979
-766
-694
-761
-817
-819
-765
-686
-534
-290
-10
516
1336
2161
2612
2622
2648
2854
2968
2705
2236
2005
1963
1911
1888
2075
2486
2719
2619
2316
1993
1665
1180
625
-6
-736
-1441
-1924
-2013
-1895
-1828
-1849
-1806
-1635
-1538
-1541
-1543
-1560
-1717
-2023
-2170
-2018
-1703
-1390
-1020
-464
71
464
893
1441
1872
1903
1705
1593
1528
1295
927
733
716
605
370
228
259
257
83
-204
-536
-936
-1435
-1880
-2158
-2376
-2638
-2854
-2843
-2620
-2375
-2169
-1864
-1430
-1071
-934
-888
-740
-600
-607
-631
-488
-208
16
362
1132
2091
2714
2882
3078
3516
3791
3626
3226
2965
2767
2455
2215
2252
2474
2504
2291
2044
1821
1539
1099
615
95
-613
-1439
-2133
-2456
-2535
-2653
-2821
-2852
-2671
-2442
-2241
-1990
-1713
-1594
-1684
-1736
-1573
-1301
-1082
-805
-346
141
504
861
1396
1937
2186
2200
2205
2272
2187
1917
1684
1532
1330
951
567
335
142
-94
-397
-700
-1020
-1398
-1711
-1906
-2046
-2268
-2553
-2731
-2778
-2785
-2823
-2797
-2604
-2328
-2052
-1757
-1347
-864
-473
-203
16
205
327
396
608
1107
1662
2009
2203
2549
3144
3646
3811
3726
3634
3552
3298
2946
2677
2517
2284
1830
1322
964
815
694
427
29
-482
-1008
-1515
-1961
-2327
-2671
-2988
-3220
-3219
-3009
-2696
-2308
-1906
-1549
-1319
-1149
-904
-602
-373
-291
-186
52
344
662
1042
1507
1914
2187
2400
2598
2731
2650
2389
2068
1691
1245
731
288
-33
-290
-549
-860
-1145
-1384
-1617
-1886
-2210
-2545
-2898
-3212
-3441
-3563
-3559
-3467
-3260
-2931
-2527
-2098
-1661
-1198
-749
-405
-195
-45
163
438
697
946
1370
1984
2587
3008
3317
3744
4177
4355
4205
3937
3744
3464
3043
2619
2335
2141
1783
1312
903
656
426
40
-411
-882
-1334
-1816
-2261
-2558
-2774
-2958
-3122
-3100
-2875
-2598
-2282
-1915
-1496
-1182
-998
-766
-441
-124
69
261
584
938
1265
1602
2028
2440
2689
2828
2913
2923
2762
2464
2139
1742
1235
656
137
-279
-680
-1097
-1517
-1894
-2253
-2628
-2976
-3263
-3504
-3754
-3967
-4039
-3952
-3785
-3610
-3375
-3029
-2624
-2216
-1788
-1277
-753
-333
-11
313
731
1156
1505
1762
2066
2555
3103
3537
3788
4004
4298
4462
4336
3995
3714
3530
3203
2719
2242
1965
1736
1321
787
304
-15
-345
-764
-1171
-1509
-1774
-2091
-2392
-2570
-2624
-2608
-2582
-2458
-2239
-1950
-1602
-1233
-885
-633
-402
-113
195
434
604
862
1174
1419
1596
1791
2052
2220
2224
2135
1995
1813
1542
1232
898
464
-45
-547
-937
-1269
-1617
-1976
-2317
-2617
-2949
-3254
-3450
-3534
-3574
-3669
-3686
-3523
-3216
-2908
-2672
-2367
-1947
-1477
-1042
-632
-164
304
701
1011
1303
1633
1953
2206
2377
2568
2890
3254
3496
3527
3504
3564
3568
3372
3011
2721
2569
2351
2007
1656
1460
1298
932
403
-80
-360
-572
-868
-1170
-1370
-1434
-1505
-1584
-1599
-1545
-1490
-1511
-1499
-1424
-1313
-1193
-1049
-856
-685
-519
-275
75
416
642
825
1003
1130
1154
1128
1134
1111
990
808
680
633
571
452
286
76
-213
-593
-977
-1315
-1649
-2025
-2427
-2740
-2911
-2973
-2958
-2887
-2767
-2630
-2474
-2254
-1992
-1760
-1614
-1479
-1279
-1010
-694
-325
117
564
920
1206
1486
1787
2027
2116
2106
2077
2130
2264
2374
2436
2481
2599
2758
2801
2710
2564
2465
2319
2011
1638
1341
1167
926
536
147
-86
-159
-285
-475
-635
-717
-787
-950
-1094
-1149
-1141
-1191
-1318
-1388
-1365
-1269
-1149
-1005
-851
-699
-538
-358
-166
-28
68
170
253
290
292
342
417
432
379
320
304
269
164
19
-114
-255
-465
-725
-967
-1147
-1310
-1495
-1682
-1810
-1841
-1838
-1836
-1829
-1759
-1616
-1457
-1324
-1239
-1148
-1026
-870
-719
-565
-351
-86
193
423
644
917
1193
1386
1440
1417
1398
1400
1428
1516
1638
1758
1871
2017
2228
2398
2475
2456
2391
2272
2041
1803
1604
1431
1143
721
346
109
-1
-150
-331
-451
-528
-621
-810
-949
-1000
-1060
-1239
-1515
-1660
-1648
-1563
-1499
-1438
-1318
-1170
-1002
-824
-620
-428
-293
-178
-75
41
175
331
471
522
520
524
577
612
556
432
276
92
-144
-378
-553
-656
-756
-895
-1013
-1068
-1049
-1040
-1080
-1148
-1228
-1306
-1395
-1466
-1494
-1489
-1456
-1380
-1229
-1009
-719
-391
-69
220
472
726
959
1101
1137
1125
1123
1120
1088
1141
1331
1556
1737
1864
2085
2357
2502
2487
2362
2277
2129
1866
1582
1333
1140
830
464
163
-10
-124
-337
-535
-670
-740
-846
-1019
-1115
-1161
-1200
-1311
-1414
-1399
-1325
-1223
-1134
-1014
-886
-789
-688
-582
-468
-387
-307
-159
19
191
346
519
695
797
827
811
766
654
460
252
50
-144
-342
-513
-604
-654
-681
-718
-743
-753
-803
-886
-1014
-1156
-1299
-1445
-1523
-1569
-1569
-1542
-1462
-1278
-1062
-820
-595
-362
-111
116
373
621
827
947
978
1020
1049
1042
997
984
1098
1223
1293
1346
1470
1685
1798
1776
1697
1672
1701
1623
1490
1337
1212
1045
752
472
226
58
-124
-340
-468
-537
-543
-579
-612
-601
-601
-614
-666
-681
-674
-683
-716
-767
-802
-830
-819
-772
-709
-650
-596
-470
-295
-128
9
135
293
414
473
487
490
476
368
203
29
-125
-274
-456
-594
-669
-684
-685
-700
-678
-643
-611
-620
-687
-768
-870
-985
-1102
-1216
-1274
-1281
-1230
-1125
-985
-766
-498
-198
78
310
535
713
837
872
844
821
773
703
633
646
783
918
1004
1073
1190
1365
1456
1473
1476
1519
1586
1569
1554
1547
1523
1394
1128
849
570
330
67
-189
-374
-537
-648
-740
-741
-671
-612
-586
-605
-596
-595
-622
-688
-793
-899
-1019
-1079
-1061
-974
-843
-694
-496
-286
-81
108
288
450
514
509
476
441
384
266
140
19
-96
-229
-360
-425
-451
-478
-534
-606
-640
-666
-712
-789
-886
-965
-1054
-1134
-1195
-1225
-1212
-1186
-1104
-984
-822
-615
-381
-104
157
384
569
711
823
878
904
881
825
754
695
717
803
889
932
970
1062
1205
1322
1397
1448
1506
1539
1502
1437
1355
1246
1041
746
453
206
17
-167
-324
-433
-509
-557
-584
-544
-469
-427
-453
-512
-540
-559
-599
-671
-741
-795
-842
-858
-813
-704
-588
-482
-364
-225
-69
77
208
321
387
413
410
391
329
215
91
-27
-128
-229
-309
-339
-335
-325
-337
-345
-332
-327
-365
-461
-576
-679
-777
-884
-985
-1051
-1083
-1088
-1053
-954
-789
-592
-382
-167
49
251
425
579
699
767
771
727
662
574
471
394
392
447
475
475
519
667
864
1000
1077
1144
1241
1300
1277
1227
1172
1092
902
639
401
229
105
-49
-185
-280
-321
-333
-341
-304
-262
-247
-289
-354
-376
-390
-416
-479
-553
-618
-666
-667
-626
-552
-480
-407
-318
-219
-104
29
168
260
278
265
257
245
181
74
-24
-102
-191
-290
-342
-310
-244
-213
-227
-239
-224
-223
-283
-387
-508
-636
-782
-939
-1066
-1136
-1163
-1161
-1115
-1010
-848
-647
-411
-147
99
312
484
628
731
762
731
662
582
470
334
212
159
184
214
228
271
408
619
792
904
994
1103
1189
1181
1135
1090
1053
931
700
476
332
266
181
74
16
22
54
40
39
75
100
53
-64
-143
-173
-200
-277
-370
-424
-448
-455
-446
-399
-330
-266
-209
-147
-83
-34
-6
3
-27
-78
-129
-174
-222
-289
-342
-369
-382
-390
-391
-344
-264
-181
-132
-130
-139
-168
-228
-338
-473
-591
-723
-866
-1006
-1089
-1101
-1077
-1022
-927
-779
-587
-370
-120
129
348
512
626
724
790
801
732
615
487
337
165
1
-82
-63
-35
-45
-35
95
330
503
564
583
657
740
724
679
686
763
757
620
486
454
506
480
378
310
320
354
310
276
310
369
354
259
222
248
259
187
84
26
-12
-53
-98
-102
-95
-109
-136
-160
-170
-203
-268
-364
-497
-635
-730
-771
-779
-788
-780
-721
-616
-503
-398
-273
-130
-17
20
-7
-28
-39
-75
-175
-312
-421
-505
-591
-674
-723
-710
-673
-636
-578
-467
-290
-109
34
143
248
347
400
389
336
272
180
31
-142
-280
-362
-440
-534
-563
-490
-379
-303
-233
-81
114
240
290
363
524
676
752
835
999
1205
1299
1284
1292
1370
1433
1370
1277
1241
1226
1123
941
830
791
711
519
328
249
209
119
-13
-87
-109
-162
-251
-324
-350
-401
-511
-651
-792
-929
-1067
-1177
-1258
-1328
-1360
-1310
-1178
-1016
-856
-661
-430
-226
-106
-23
100
224
261
180
79
22
-38
-160
-316
-423
-495
-586
-693
-744
-701
-621
-559
-507
-427
-310
-190
-108
-68
-63
-69
-77
-107
-167
-221
-218
-192
-212
-270
-286
-221
-170
-207
-241
-171
-50
9
9
98
287
438
494
567
777
1029
1202
1345
1567
1853
2025
2049
2055
2101
2093
1918
1684
1506
1349
1092
752
507
365
210
-29
-226
-283
-300
-373
-472
-491
-471
-528
-643
-723
-741
-800
-933
-1068
-1157
-1227
-1308
-1350
-1324
-1260
-1184
-1070
-891
-686
-496
-300
-93
76
157
182
214
232
167
6
-168
-298
-429
-597
-752
-827
-851
-888
-928
-913
-827
-744
-694
-651
-579
-488
-410
-342
-269
-197
-125
-50
27
96
166
266
363
403
382
369
401
395
316
258
305
381
378
345
438
662
841
918
1031
1288
1571
1733
1833
2017
2255
2338
2224
2078
1999
1881
1581
1201
887
627
285
-128
-441
-612
-755
-956
-1111
-1121
-1058
-1017
-996
-932
-865
-869
-907
-908
-880
-905
-985
-1050
-1087
-1120
-1143
-1094
-978
-866
-767
-623
-411
-196
-33
108
245
325
299
213
150
96
-23
-217
-396
-516
-620
-740
-836
-863
-857
-868
-876
-840
-760
-679
-608
-530
-442
-353
-240
-99
33
127
214
342
488
583
642
733
848
882
818
753
752
734
610
475
449
485
460
397
451
634
784
831
897
1108
1359
1491
1553
1660
1798
1785
1590
1363
1187
967
591
171
-160
-418
-701
-997
-1162
-1192
-1204
-1239
-1207
-1044
-860
-738
-637
-499
-390
-382
-417
-409
-387
-438
-534
-575
-553
-545
-558
-514
-400
-310
-277
-214
-72
66
103
89
107
137
94
-20
-116
-174
-259
-413
-562
-637
-674
-736
-808
-827
-798
-769
-734
-662
-557
-473
-410
-323
-204
-85
20
153
309
439
534
640
791
916
962
986
1041
1069
981
817
677
557
360
86
-102
-147
-176
-265
-312
-176
57
219
318
489
760
956
1019
1062
1164
1233
1114
888
696
550
349
58
-179
-327
-451
-609
-721
-687
-602
-551
-511
-383
-193
-56
34
125
217
222
134
72
47
-20
-163
-290
-338
-378
-454
-514
-484
-432
-443
-455
-391
-267
-196
-200
-196
-157
-135
-192
-261
-272
-275
-334
-442
-506
-504
-506
-548
-598
-610
-612
-622
-614
-562
-486
-430
-368
-264
-115
48
201
363
515
637
730
813
887
908
866
792
709
591
417
228
52
-119
-322
-516
-602
-584
-557
-549
-486
-291
-40
149
291
469
682
828
880
929
1021
1081
1004
847
725
657
569
423
304
245
200
121
49
63
113
113
66
52
110
156
155
133
114
71
-16
-100
-163
-235
-341
-457
-538
-604
-669
-710
-710
-700
-712
-713
-655
-543
-437
-375
-316
-221
-116
-39
2
48
95
95
26
-62
-107
-154
-262
-430
-580
-662
-714
-756
-762
-695
-588
-491
-384
-218
8
211
341
431
523
598
610
565
502
430
331
198
71
-21
-108
-212
-320
-406
-467
-509
-509
-441
-356
-299
-237
-117
64
222
329
440
589
735
831
932
1076
1222
1290
1264
1230
1220
1199
1121
1001
890
772
624
460
337
259
150
6
-120
-169
-183
-211
-236
-243
-243
-279
-326
-346
-369
-433
-537
-634
-710
-784
-850
-882
-881
-872
-843
-754
-605
-442
-306
-192
-75
26
82
91
80
47
-47
-191
-333
-432
-512
-601
-684
-715
-690
-631
-535
-392
-225
-73
56
198
354
476
530
535
519
480
401
302
217
145
56
-34
-93
-115
-136
-175
-219
-261
-312
-384
-465
-551
-643
-733
-775
-767
-738
-689
-585
-388
-141
110
380
696
1047
1350
1591
1815
2035
2185
2191
2098
1984
1856
1659
1388
1131
914
696
451
239
135
79
1
-101
-172
-206
-261
-353
-451
-549
-674
-834
-981
-1089
-1172
-1250
-1310
-1326
-1304
-1244
-1141
-996
-838
-692
-555
-408
-260
-159
-114
-103
-115
-169
-272
-370
-421
-440
-464
-478
-434
-322
-182
-37
128
318
488
603
678
738
773
744
641
493
326
148
-26
-173
-280
-359
-414
-435
-409
-350
-283
-220
-173
-153
-173
-211
-248
-306
-403
-531
-640
-709
-749
-755
-685
-528
-334
-135
110
446
819
1134
1368
1577
1787
1950
2037
2085
2117
2099
1985
1803
1631
1485
1315
1088
843
628
430
230
36
-117
-260
-441
-641
-806
-923
-1032
-1153
-1255
-1329
-1379
-1409
-1389
-1323
-1246
-1172
-1087
-972
-849
-743
-651
-573
-514
-489
-491
-485
-473
-477
-507
-534
-522
-481
-428
-369
-271
-142
-14
103
224
360
480
557
600
625
631
597
531
450
361
252
132
21
-69
-137
-192
-236
-257
-258
-245
-225
-211
-198
-183
-162
-140
-124
-112
-103
-86
-67
-52
-36
-13
20
47
68
102
162
254
361
471
597
751
924
1095
1259
1416
1554
1661
1735
1774
1777
1733
1639
1495
1306
1089
849
594
323
48
-216
-462
-683
-871
-1026
-1144
-1237
-1305
-1345
-1359
-1348
-1337
-1330
-1331
-1330
-1323
-1316
-1313
-1302
-1277
-1242
-1200
-1143
-1056
-940
-810
-675
-531
-371
-204
-40
108
241
356
451
522
576
619
650
654
635
607
581
558
537
511
479
445
414
388
368
346
310
261
202
141
82
21
-36
-86
-126
-149
-148
-121
-72
-14
52
117
182
248
309
358
387
392
378
348
310
260
200
133
70
17
-11
-9
24
81
158
254
370
502
633
748
836
895
927
930
904
847
754
624
462
280
98
-77
-249
-425
-603
-772
-919
-1041
-1146
-1236
-1316
-1382
-1424
-1442
-1427
-1388
-1333
-1270
-1201
-1122
-1027
-915
-794
-674
-555
-434
-298
-153
-9
128
254
371
478
575
665
741
796
828
836
827
808
780
740
693
635
573
517
467
424
380
330
284
241
203
166
128
92
54
16
-19
-48
-64
-70
-71
-70
-56
-30
4
37
68
94
120
140
149
151
145
130
106
71
33
-3
-37
-70
-100
-112
-102
-74
-34
18
90
177
265
345
423
495
550
578
578
553
506
426
310
166
11
-152
-322
-492
-655
-801
-930
-1039
-1121
-1171
-1195
-1194
-1170
-1124
-1057
-975
-885
-789
-691
-593
-490
-390
-290
-189
-88
15
117
220
329
442
553
655
751
846
932
998
1040
1056
1051
1018
956
873
777
670
550
420
291
169
58
-41
-128
-200
-256
-296
-319
-324
-313
-293
-271
-246
-216
-184
-153
-128
-110
-96
-87
-79
-72
-70
-67
-62
-58
-51
-41
-27
-6
17
34
48
67
91
114
128
135
148
167
186
200
214
231
246
253
252
254
254
238
200
141
76
2
-88
-190
-299
-408
-516
-620
-713
-786
-843
-885
-911
-910
-882
-836
-773
-699
-616
-525
-428
-326
-224
-123
-26
65
151
233
315
397
472
539
598
655
713
761
796
818
828
821
800
763
715
656
578
488
392
297
202
108
17
-65
-136
-192
-233
-256
-267
-268
-260
-241
-212
-176
-137
-97
-59
-27
2
29
58
80
95
103
105
103
101
94
83
64
38
7
-27
-61
-99
-140
-182
-225
-266
-301
-325
-338
-343
-343
-335
-312
-279
-243
-208
-171
-133
-100
-74
-52
-30
-13
-12
-23
-41
-60
-78
-104
-135
-164
-188
-207
-222
-225
-219
-206
-190
-166
-130
-84
-31
19
67
113
159
203
241
270
291
306
316
317
308
297
281
264
240
215
195
183
172
158
143
137
134
131
124
120
116
108
95
82
73
69
64
59
55
62
77
95
116
140
170
198
228
255
278
298
309
308
295
271
236
189
130
60
-16
-94
-173
-250
-327
-396
-460
-517
-569
-608
-639
-662
-681
-697
-708
-714
-717
-718
-716
-710
-696
-676
-646
-601
-546
-481
-408
-324
-231
-130
-25
80
183
283
379
467
542
608
663
707
740
760
775
783
783
775
758
737
711
680
642
599
551
495
431
363
287
204
119
36
-43
-115
-178
-231
-272
-301
-316
-320
-310
-290
-261
-229
-196
-160
-126
-99
-76
-62
-53
-52
-53
-58
-66
-76
-88
-100
-110
-116
-118
-116
-111
-105
-99
-94
-90
-87
-87
-95
-107
-123
-141
-157
-173
-187
-200
-206
-205
-194
-179
-157
-131
-99
-68
-40
-13
12
32
41
45
44
43
37
26
9
-4
-17
-29
-39
-43
-41
-39
-36
-30
-16
0
16
33
50
67
84
105
126
147
165
179
193
206
218
229
238
246
245
243
237
228
211
188
161
130
99
66
30
-4
-39
-73
-102
-127
-143
-157
-165
-165
-162
-154
-146
-132
-118
-108
-102
-98
-96
-97
-101
-105
-112
-116
-120
-121
-119
-115
-108
-100
-87
-72
-52
-27
-1
27
55
82
107
130
152
170
184
194
201
203
203
200
195
186
177
163
147
130
112
90
68
46
24
1
-23
-48
-71
-96
-120
-141
-159
-174
-188
-199
-206
-207
-205
-198
-185
-170
-152
-134
-114
-91
-67
-45
-25
-6
10
24
36
48
58
68
76
79
83
83
80
72
62
45
25
3
-20
-43
-68
-91
-112
-129
-142
-151
-151
-145
-133
-118
-95
-69
-40
-13
16
43
71
95
115
133
147
158
167
174
182
192
201
209
219
232
245
257
269
278
284
286
285
279
268
250
226
199
168
134
101
64
26
-13
-49
-84
-117
-149
-180
-208
-235
-261
-283
-305
-324
-341
-361
-375
-383
-386
-386
-379
-369
-352
-331
-305
-276
-244
-212
-181
-149
-119
-89
-64
-42
-23
-7
7
22
34
48
60
72
85
98
110
121
128
134
137
134
130
123
115
106
96
86
80
76
73
76
83
96
110
127
149
174
201
225
249
269
285
296
302
301
293
281
262
240
215
187
157
126
98
69
40
15
-8
-29
-48
-67
-85
-102
-118
-134
-149
-164
-179
-189
-200
-207
-210
-211
-210
-205
-198
-190
-180
-168
-157
-149
-143
-136
-132
-132
-133
-138
-146
-155
-165
-175
-181
-186
-188
-189
-185
-177
-165
-148
-127
-106
-83
-58
-33
-8
14
33
52
72
91
110
130
150
170
189
206
226
246
264
279
293
301
306
308
305
299
289
274
259
242
220
198
175
153
133
113
94
76
59
42
28
12
-2
-17
-34
-52
-71
-90
-111
-133
-157
-177
-197
-215
-232
-244
-251
-255
-256
-251
-245
-237
-227
-213
-202
-189
-177
-163
-151
-141
-130
-116
-102
-86
-69
-49
-29
-7
15
38
59
78
97
111
123
129
132
130
124
113
98
84
68
52
36
20
7
0
-3
-4
-3
4
11
20
29
40
51
60
64
69
72
75
77
76
77
78
82
86
91
100
110
118
127
136
145
152
157
158
157
150
136
119
98
74
47
20
-7
-34
-58
-78
-98
-116
-130
-141
-150
-158
-166
-173
-182
-192
-204
-215
-226
-237
-247
-258
-266
-272
-273
-272
-265
-253
-238
-219
-196
-171
-141
-110
-76
-45
-13
19
49
79
107
133
157
180
201
220
236
252
266
278
289
298
303
305
304
298
289
281
266
247
224
200
172
143
113
87
59
33
12
-8
-24
-40
-49
-55
-61
-67
-71
-75
-80
-84
-87
-89
-94
-96
-100
-103
-105
-105
-105
-105
-103
-102
-98
-95
-93
-90
-87
-85
-85
-84
-85
-85
-88
-89
-90
-92
-92
-90
-89
-87
-83
-81
-76
-71
-67
-62
-61
-56
-54
-52
-52
-53
-54
-56
-60
-63
-64
-67
-67
-66
-61
-53
-42
-31
-17
-3
14
29
44
60
75
89
102
114
123
134
145
156
164
175
185
196
208
220
231
240
246
252
254
253
249
240
225
207
185
161
134
106
78
49
22
-3
-24
-45
-61
-76
-87
-96
-103
-109
-113
-119
-127
-136
-142
-148
-154
-161
-166
-169
-169
-171
-171
-168
-165
-160
-154
-149
-144
-137
-129
-122
-116
-111
-110
-108
-109
-106
-108
-107
-105
-103
-100
-96
-90
-82
-73
-65
-56
-45
-34
-24
-13
-3
6
15
23
30
36
44
51
59
67
76
84
93
103
114
127
139
151
163
174
184
193
199
204
208
213
214
215
214
213
211
209
203
198
192
185
174
163
152
138
122
103
85
64
46
22
1
-20
-42
-63
-83
-103
-120
-136
-149
-162
-170
-177
-181
-183
-186
-188
-187
-188
-186
-184
-184
-182
-179
-177
-173
-169
-163
-156
-148
-139
-132
-123
-115
-107
-99
-94
-89
-84
-81
-80
-77
-76
-74
-75
-74
-71
-68
-63
-57
-49
-38
-28
-18
-3
14
30
44
61
78
94
108
120
132
143
153
161
170
177
183
188
193
199
205
210
215
218
219
217
214
210
204
195
183
170
155
140
124
108
92
76
59
45
34
22
10
-1
-11
-24
-34
-43
-52
-60
-70
-79
-88
-95
-103
-112
-119
-125
-131
-135
-139
-139
-141
-141
-143
-143
-143
-142
-143
-145
-147
-149
-149
-151
-152
-154
-153
-153
-150
-146
-139
-132
-124
-114
-104
-94
-85
-74
-64
-54
-45
-37
-28
-18
-8
5
19
32
44
57
69
83
95
108
121
132
142
153
162
169
175
180
184
188
189
188
188
185
181
176
171
166
158
149
142
133
123
114
103
91
78
65
51
39
24
7
-9
-25
-39
-55
-68
-80
-92
-102
-111
-119
-123
-128
-131
-132
-133
-132
-130
-125
-120
-116
-113
-108
-102
-96
-89
-84
-79
-73
-69
-64
-59
-54
-49
-47
-42
-41
-36
-33
-31
-28
-26
-24
-21
-16
-16
-12
-8
-6
-2
0
5
9
12
15
19
23
28
32
35
40
43
48
53
56
59
63
65
64
64
65
69
71
72
75
78
78
78
79
79
76
73
68
61
53
43
32
20
10
-1
-12
-22
-30
-37
-41
-45
-46
-47
-48
-46
-44
-44
-42
-40
-38
-35
-33
-32
-31
-29
-29
-27
-24
-22
-18
-13
-6
0
8
15
20
26
32
35
38
37
36
34
31
26
20
16
12
7
3
3
1
2
1
2
3
3
4
3
2
-1
-4
-7
-12
-18
-22
-27
-31
-34
-35
-37
-38
-38
-38
-37
-37
-36
-36
-37
-38
-39
-41
-43
-47
-49
-52
-52
-53
-52
-49
-45
-41
-36
-29
-22
-15
-8
-2
4
9
15
18
22
24
26
27
27
29
29
31
34
37
41
43
47
51
56
60
64
67
68
69
70
69
66
62
59
56
50
46
41
37
35
31
28
24
25
28
26
25
26
25
24
22
19
17
15
11
7
4
3
0
-4
-7
-10
-13
-15
-18
-22
-24
-27
-32
-36
-43
-47
-52
-60
-66
-72
-76
-80
-84
-88
-91
-91
-92
-91
-91
-90
-86
-83
-79
-76
-72
-68
-63
-59
-53
-46
-39
-33
-26
-17
-5
3
15
25
34
45
52
60
68
74
80
84
84
85
84
82
79
76
73
69
65
61
59
57
54
53
53
50
48
46
43
38
35
32
27
22
19
15
9
3
-1
-4
-7
-8
-8
-10
-9
-9
-8
-8
-6
-5
-3
-5
-5
-5
-5
-8
-11
-15
-18
-21
-24
-26
-30
-35
-38
-40
-42
-44
-47
-48
-51
-54
-57
-61
-64
-67
-69
-70
-69
-70
-70
-67
-62
-56
-49
-42
-36
-27
-19
-10
1
10
18
27
33
38
44
50
55
60
66
70
74
76
80
85
87
89
90
90
89
88
84
79
73
65
58
47
36
26
15
5
-4
-13
-20
-26
-30
-33
-36
-38
-40
-41
-42
-44
-45
-47
-52
-54
-58
-60
-62
-63
-65
-66
-66
-63
-60
-54
-48
-42
-35
-27
-20
-14
-8
-3
0
0
2
3
2
1
1
2
3
5
7
12
16
21
24
29
33
35
37
40
39
38
37
36
35
34
33
32
31
31
30
31
33
34
34
35
36
35
35
33
32
30
27
22
16
10
6
0
-6
-8
-11
-15
-16
-15
-13
-12
-9
-5
-2
-2
1
2
1
-2
-3
-8
-9
-12
-16
-19
-22
-26
-29
-32
-32
-34
-35
-36
-37
-38
-39
-40
-42
-44
-47
-50
-52
-55
-55
-56
-58
-59
-59
-58
-57
-57
-54
-50
-47
-44
-40
-36
-32
-28
-23
-19
-15
-13
-8
-5
1
5
10
17
24
32
38
47
54
62
71
78
86
93
99
105
108
113
114
116
117
116
115
113
110
106
101
96
89
81
73
64
56
47
37
25
15
3
-5
-15
-24
-31
-38
-44
-52
-57
-60
-61
-61
-63
-63
-63
-62
-61
-62
-60
-58
-58
-57
-58
-60
-61
-62
-63
-63
-64
-64
-66
-67
-68
-66
-64
-62
-62
-60
-59
-57
-55
-55
-53
-50
-49
-46
-44
-40
-36
-31
-25
-18
-11
-3
7
15
25
35
44
52
60
67
74
79
82
84
87
88
90
91
91
90
89
90
88
87
86
83
79
75
70
65
61
56
50
43
35
26
18
11
4
-4
-12
-20
-27
-32
-37
-41
-44
-46
-48
-49
-49
-50
-49
-47
-44
-41
-38
-36
-31
-28
-25
-21
-18
-13
-8
-4
0
0
0
-2
-6
-11
-15
-23
-33
-43
-54
-67
-76
-88
-100
-109
-116
-122
-128
-131
-134
-134
-133
-130
-125
-120
-114
-107
-98
-88
-77
-64
-50
-35
-18
-1
19
37
54
76
94
112
130
147
162
175
186
194
202
208
212
215
217
217
216
215
213
212
208
202
195
189
180
171
160
147
131
113
95
72
51
29
4
-20
-46
-69
-91
-109
-128
-140
-151
-159
-167
-170
-172
-173
-172
-170
-166
-161
-156
-150
-143
-134
-127
-117
-109
-100
-89
-80
-71
-63
-56
-51
-46
-42
-41
-41
-42
-44
-48
-53
-57
-63
-68
-74
-79
-85
-88
-90
-92
-92
-91
-89
-84
-80
-74
-69
-62
-53
-46
-37
-26
-17
-6
6
19
33
46
61
78
94
110
125
142
156
168
178
187
193
199
203
205
207
207
208
207
204
202
198
194
189
181
175
167
156
145
131
116
101
85
66
45
26
5
-15
-35
-54
-70
-87
-103
-117
-130
-141
-150
-156
-162
-167
-169
-173
-173
-174
-174
-172
-170
-166
-162
-158
-152
-145
-136
-128
-120
-111
-103
-97
-89
-83
-76
-72
-67
-62
-58
-55
-52
-50
-50
-51
-51
-50
-48
-46
-42
-36
-31
-24
-16
-7
2
11
21
34
46
60
76
90
106
124
140
156
172
185
198
210
222
232
242
247
251
251
250
247
240
233
220
208
194
175
156
137
116
93
73
50
29
8
-14
-35
-56
-75
-93
-112
-129
-145
-161
-177
-191
-204
-214
-223
-230
-235
-237
-239
-237
-234
-230
-223
-214
-205
-193
-182
-169
-155
-141
-127
-113
-98
-85
-71
-59
-47
-34
-22
-12
-1
8
17
28
37
47
57
66
74
81
89
93
98
101
102
104
103
103
103
100
99
98
98
98
98
99
101
102
104
105
106
107
105
105
104
101
98
95
91
88
83
80
76
73
70
67
63
58
51
45
37
28
17
6
-5
-17
-30
-41
-54
-66
-77
-87
-94
-100
-106
-110
-113
-116
-117
-117
-118
-119
-118
-119
-121
-121
-121
-120
-119
-117
-114
-110
-105
-99
-92
-83
-74
-66
-54
-43
-33
-23
-13
-2
8
16
25
33
40
47
53
58
64
70
75
83
91
97
106
113
120
125
130
134
138
138
136
134
131
126
120
113
105
96
85
77
66
57
46
36
26
15
3
-8
-18
-29
-39
-49
-58
-68
-75
-83
-89
-94
-97
-102
-103
-102
-101
-100
-99
-96
-95
-93
-91
-88
-86
-83
-81
-78
-75
-73
-68
-63
-58
-52
-45
-38
-31
-24
-15
-6
3
11
19
25
29
33
35
36
36
37
35
32
32
30
27
25
25
22
22
19
17
17
17
15
15
14
13
14
16
20
24
29
34
41
48
55
64
71
78
85
90
93
98
99
100
98
95
91
85
79
73
63
54
43
32
20
7
-6
-18
-29
-42
-53
-62
-69
-77
-83
-88
-92
-93
-94
-93
-91
-91
-88
-84
-80
-74
-68
-63
-56
-48
-43
-36
-29
-23
-17
-14
-11
-9
-10
-9
-8
-9
-9
-8
-8
-8
-8
-7
-8
-6
-5
-4
-4
-3
-2
1
3
5
6
7
7
9
12
13
15
15
16
17
18
20
21
23
25
27
30
32
35
37
40
43
45
47
48
50
51
51
52
53
54
56
58
58
61
61
63
61
60
58
56
51
46
39
31
22
11
2
-9
-18
-28
-37
-45
-52
-58
-64
-68
-72
-74
-79
-82
-83
-85
-84
-84
-84
-83
-81
-77
-73
-69
-63
-58
-53
-46
-40
-33
-27
-21
-17
-12
-9
-6
-4
-3
-2
-1
0
1
1
0
1
1
2
2
3
4
5
7
9
10
12
13
13
16
17
17
18
17
18
19
21
23
26
29
32
34
37
38
40
42
43
44
47
50
52
55
58
60
62
65
67
68
69
71
70
67
64
61
57
51
44
37
29
23
16
11
5
-3
-9
-14
-20
-25
-30
-36
-43
-47
-52
-55
-57
-59
-61
-62
-62
-60
-61
-59
-59
-56
-52
-49
-47
-45
-44
-42
-42
-41
-41
-41
-41
-41
-40
-39
-39
-38
-39
-40
-39
-38
-37
-34
-32
-28
-26
-23
-19
-17
-14
-9
-7
-3
1
4
8
13
17
22
26
28
32
34
36
36
37
38
38
39
41
42
42
43
42
43
43
45
46
47
49
51
52
52
53
53
52
52
53
52
52
50
48
48
44
41
38
36
33
30
26
22
18
13
8
3
-4
-10
-17
-22
-30
-35
-41
-45
-50
-54
-58
-62
-64
-67
-68
-70
-70
-70
-70
-70
-69
-67
-65
-61
-59
-58
-55
-52
-49
-44
-40
-34
-30
-26
-21
-15
-11
-7
-2
3
8
10
13
14
17
18
18
18
18
18
18
19
21
21
20
21
21
21
21
21
23
21
22
24
24
25
28
30
31
34
35
37
38
39
40
42
43
42
46
47
46
46
44
42
39
38
34
31
28
27
23
20
18
15
12
8
5
3
-1
-4
-8
-11
-15
-20
-24
-26
-30
-33
-36
-39
-40
-44
-47
-49
-52
-54
-56
-56
-57
-56
-55
-54
-53
-51
-49
-46
-43
-40
-39
-37
-35
-31
-27
-24
-21
-18
-16
-13
-11
-7
-4
-1
2
4
5
7
7
9
10
11
11
12
12
13
13
14
16
17
20
21
25
27
30
32
35
39
42
44
47
49
51
53
55
57
58
58
57
58
56
54
53
50
47
44
40
36
33
29
24
20
16
12
7
2
-2
-5
-9
-14
-17
-21
-26
-30
-34
-38
-41
-43
-45
-47
-49
-51
-53
-53
-55
-56
-56
-57
-56
-56
-56
-55
-55
-55
-54
-54
-51
-48
-44
-41
-38
-35
-33
-29
-25
-23
-19
-14
-11
-6
-2
2
7
11
15
18
20
23
26
30
31
33
35
36
38
38
37
37
37
38
40
39
40
40
39
39
38
37
37
36
35
34
31
29
27
27
24
21
18
16
14
13
13
11
11
10
9
6
7
4
3
4
4
4
4
2
1
-1
0
-1
-3
-5
-7
-10
-12
-15
-16
-17
-19
-21
-23
-24
-27
-27
-30
-32
-32
-34
-34
-36
-37
-37
-36
-36
-37
-36
-34
-32
-30
-27
-25
-23
-20
-18
-17
-13
-10
-7
-3
0
3
6
8
10
12
15
17
18
19
20
22
23
23
24
23
22
22
22
22
21
20
19
20
20
20
20
18
15
16
15
13
11
8
7
8
7
8
7
7
5
3
3
1
1
0
-1
0
-1
-2
-3
-3
-3
-3
-3
-4
-4
-3
-3
-3
-4
-6
-8
-9
-9
-9
-11
-11
-14
-15
-18
-18
-21
-22
-23
-26
-26
-28
-27
-30
-31
-30
-28
-25
-25
-23
-20
-18
-14
-10
-6
-3
1
5
9
13
17
21
24
27
31
33
35
37
37
38
38
37
38
36
36
34
31
28
26
23
21
18
15
13
8
6
3
0
-2
-4
-6
-8
-10
-13
-14
-15
-16
-18
-18
-18
-19
-19
-18
-19
-19
-18
-17
-16
-16
-13
-12
-11
-10
-9
-9
-6
-5
-3
-3
-2
0
-1
0
0
0
0
-1
-1
-2
-2
-2
-2
-2
-4
-3
-3
-5
-5
-6
-7
-7
-7
-7
-8
-9
-9
-8
-6
-6
-4
-2
0
1
2
3
4
6
7
8
8
8
11
11
11
11
12
11
13
13
13
12
11
13
13
13
13
13
11
11
10
9
8
7
6
3
3
2
1
-1
-1
-2
-3
-2
-3
-5
-7
-8
-9
-11
-10
-11
-11
-12
-11
-12
-12
-12
-11
-9
-10
-11
-10
-10
-10
-10
-9
-10
-11
-11
-12
-10
-9
-9
-8
-8
-8
-7
-5
-3
-2
-3
-1
0
1
2
4
4
6
6
6
7
7
10
10
11
12
11
10
9
11
10
10
11
10
10
10
8
8
6
7
6
5
5
4
4
2
3
2
2
4
6
6
8
7
8
9
8
8
8
10
8
8
8
6
6
6
7
6
5
2
1
1
-2
-4
-3
-5
-6
-7
-9
-11
-11
-12
-11
-10
-10
-11
-11
-12
-13
-13
-13
-12
-11
-10
-11
-10
-9
-8
-8
-9
-7
-7
-6
-5
-4
-4
-5
-6
-4
-2
-1
0
-1
0
1
1
2
2
2
1
1
1
0
0
0
-1
0
0
-1
-1
1
1
2
4
3
3
5
5
5
4
3
3
4
3
3
3
3
3
2
1
0
0
2
2
3
4
4
5
3
4
3
4
7
7
8
8
8
7
7
5
3
1
2
1
-1
-1
-3
-4
-4
-4
-3
-3
-2
-3
-3
-3
-3
-3
-2
-5
-4
-5
-6
-5
-6
-6
-6
-6
-5
-4
-3
-3
-4
-5
-2
-1
-1
0
1
1
0
1
0
0
1
2
2
2
2
3
2
2
2
3
3
3
3
3
3
2
1
2
1
0
0
1
0
1
2
2
2
2
3
2
3
4
4
5
5
5
6
7
8
7
6
5
6
6
7
6
7
7
7
7
5
4
3
3
0
-2
-2
-2
-4
-4
-4
-4
-4
-5
-4
-5
-6
-5
-6
-4
-5
-5
-7
-8
-8
-10
-10
-9
-11
-10
-11
-12
-10
-9
-9
-8
-8
-8
-6
-6
-4
-3
-2
-1
0
0
-1
-1
-1
-1
-1
-1
0
-1
-1
-2
-2
-2
-2
-1
0
1
2
2
1
0
0
1
1
2
1
0
0
0
2
2
3
5
5
5
5
4
4
6
7
7
8
10
10
11
12
12
12
12
11
13
11
11
10
11
10
10
8
8
7
6
4
4
3
2
1
1
1
-2
-3
-3
-3
-3
-3
-4
-4
-3
-5
-3
-4
-4
-4
-5
-6
-7
-8
-9
-12
-15
-15
-15
-15
-14
-14
-13
-13
-13
-11
-10
-10
-10
-8
-8
-6
-5
-4
-1
0
1
2
3
2
1
4
5
6
5
7
7
7
10
10
10
12
11
10
10
10
8
7
7
5
5
3
3
4
4
5
5
5
8
9
9
10
9
8
6
5
7
7
7
7
6
6
3
4
1
0
-1
-2
-3
-3
-5
-4
-5
-5
-5
-4
-6
-6
-6
-7
