-3
-3
-3
-3
-3
-4
-3
-4
-4
-3
-3
-4
-7
-7
-7
-8
-8
-7
-10
-11
-11
-9
-10
-9
-8
-9
-8
-9
-7
-6
-6
-4
-3
-2
0
1
1
3
2
2
4
4
3
4
3
2
2
1
1
1
1
1
1
-1
-1
-2
-2
-4
-3
-4
-4
-3
-4
-5
-5
-5
-5
-4
-3
-4
-3
-3
-2
-2
0
1
2
5
6
6
7
9
8
10
9
9
10
9
11
11
12
11
13
12
10
8
7
6
5
4
2
3
3
3
3
1
0
-1
-1
-2
-1
0
-1
-3
-4
-4
-4
-4
-4
-2
-1
-2
-1
0
-1
-1
0
0
1
1
2
2
0
-1
-2
-4
-4
-5
-5
-5
-7
-7
-6
-6
-6
-5
-6
-5
-3
-4
-1
0
1
3
3
3
2
0
0
1
1
1
1
1
1
3
4
5
6
4
5
4
3
2
3
2
1
0
1
2
1
2
1
0
0
0
0
0
-1
-2
-4
-5
-6
-9
-9
-11
-11
-11
-12
-9
-7
-8
-7
-6
-5
-4
-3
-4
-4
-5
-3
-2
-3
-4
-4
-5
-4
-3
-1
0
2
4
3
4
5
5
4
3
1
2
1
0
-1
-1
-2
-4
-4
-3
-3
-1
0
2
1
2
1
2
2
2
4
3
3
4
4
5
6
5
7
7
9
10
11
11
12
12
10
10
11
9
8
6
5
4
2
1
-2
-4
-5
-5
-7
-6
-7
-8
-9
-10
-9
-8
-8
-5
-4
-2
-1
1
0
1
1
1
1
3
3
3
3
3
5
6
5
5
6
5
5
4
5
5
4
4
4
3
0
0
0
-1
-3
-3
-2
-3
-4
-4
-3
-3
-3
-3
-3
-3
-3
-4
-5
-5
-5
-3
-3
-3
-2
-3
-3
-3
-3
-3
-2
-2
-1
-2
-3
-2
-2
-2
0
-1
-2
-3
-5
-4
-3
-3
-3
-2
-3
-1
0
1
2
4
4
5
4
3
2
2
0
-1
-1
-2
-2
-4
-3
-4
-2
-1
-1
1
1
0
-1
0
-3
-3
-4
-5
-5
-7
-7
-6
-6
-5
-4
-3
-2
-1
-2
1
2
4
4
4
4
4
5
5
6
4
6
7
7
8
8
7
7
8
7
6
7
6
6
5
5
6
4
5
4
3
4
4
4
4
3
3
3
4
2
1
0
-1
0
-2
-3
-4
-6
-5
-8
-8
-10
-10
-11
-11
-12
-11
-11
-10
-10
-11
-8
-7
-4
-6
-4
-3
-2
0
1
2
3
3
4
6
7
7
8
9
11
11
12
12
11
10
10
9
9
9
7
6
5
3
1
-1
-2
-3
-3
-2
-3
-4
-3
-3
-3
-2
1
3
1
0
-1
-1
-2
-2
-1
-1
-1
-1
0
-1
-1
-2
-2
-1
-1
-2
-3
-3
-5
-6
-5
-6
-6
-8
-8
-9
-11
-10
-11
-11
-12
-11
-10
-10
-9
-7
-6
-5
-5
-5
-5
-4
-4
-3
-1
1
2
5
6
7
7
8
9
10
10
9
8
6
6
4
3
3
1
0
1
1
2
1
2
1
3
3
5
4
5
6
6
8
7
6
5
4
4
4
4
4
3
4
2
3
3
3
1
1
0
0
-1
-1
-2
-3
-3
-2
-2
-1
0
-1
-1
0
-1
0
0
0
0
-1
-2
-2
-3
-2
0
-1
0
-1
-2
-2
-3
-3
-3
-2
-2
-3
-1
1
1
0
0
0
2
3
2
3
1
2
0
0
0
0
1
2
2
3
3
2
2
2
2
2
2
0
0
0
-1
0
0
-1
-1
-4
-4
-2
-4
-6
-7
-6
-6
-7
-8
-8
-9
-9
-9
-9
-10
-10
-9
-8
-7
-4
-3
-1
0
3
4
7
7
8
8
8
8
6
5
4
3
3
3
3
3
4
4
3
3
4
4
5
5
4
4
3
1
1
0
-1
-2
-5
-5
-6
-7
-7
-7
-8
-7
-6
-5
-4
-2
-1
-1
-1
-1
-2
-1
0
0
1
1
3
5
5
6
6
7
7
7
8
7
7
6
6
6
5
5
5
2
3
2
0
0
-1
0
0
-2
-3
-3
-1
-1
0
1
0
1
0
-1
-1
0
0
0
-1
0
2
3
4
3
3
2
4
2
2
0
-1
-1
-3
-3
-4
-4
-5
-6
-4
-5
-3
-3
-2
-2
-1
0
1
1
-1
0
-1
1
-1
-1
-3
-3
-4
-4
-6
-7
-5
-5
-5
-5
-2
-3
-5
-4
-3
-3
-4
-4
-4
-5
-6
-5
-5
-3
-2
-1
2
4
6
7
8
10
11
11
11
12
10
9
7
4
3
1
0
0
0
0
-1
-2
-1
0
1
3
4
4
2
2
1
0
0
-1
-2
-1
-2
-4
-3
-3
-1
0
1
0
-1
-2
-3
-6
-8
-13
-15
-16
-15
-14
-13
-10
-7
-5
-3
0
4
5
6
8
9
7
5
4
1
1
0
0
0
1
1
-1
-1
1
1
1
2
3
2
3
3
0
-1
-1
0
-2
-1
0
3
6
8
10
9
8
9
11
9
8
8
7
7
5
3
1
0
-1
1
4
4
6
6
6
7
5
3
0
-1
-3
-5
-5
-5
-4
-3
-3
-3
-1
0
0
0
0
-3
-5
-8
-13
-17
-20
-22
-24
-24
-22
-19
-16
-14
-10
-6
-2
-1
1
0
-2
-3
-1
0
-1
-3
-1
1
4
7
9
12
15
19
21
23
25
24
23
20
15
10
6
3
-1
-6
-10
-12
-11
-8
-7
-6
-4
0
2
4
6
7
5
3
0
-3
-5
-7
-7
-7
-6
-4
0
4
7
9
11
13
15
13
9
5
1
-3
-8
-10
-11
-12
-12
-13
-11
-11
-9
-7
-6
-6
-6
-7
-8
-10
-11
-11
-12
-14
-15
-15
-12
-9
-6
-2
2
7
9
11
12
14
15
15
13
11
10
11
11
9
10
10
11
14
16
19
21
20
18
15
12
5
-1
-5
-8
-11
-15
-16
-18
-19
-22
-22
-19
-16
-12
-8
-6
-4
-3
-1
0
1
1
2
2
4
7
9
7
8
7
3
2
2
-1
-2
-3
-2
-1
1
1
1
0
-2
-2
-2
0
2
2
1
2
2
3
6
7
6
5
7
7
10
13
14
11
7
4
2
1
1
4
6
6
5
1
-4
-9
-11
-13
-13
-9
-4
0
5
9
10
10
7
3
2
1
4
6
8
8
7
4
-2
-6
-7
-8
-6
-4
-4
-6
-8
-13
-16
-18
-20
-21
-22
-19
-18
-15
-14
-14
-16
-16
-12
-7
-1
3
7
6
6
3
1
0
1
3
5
7
10
10
8
4
0
-3
-5
-3
3
8
10
10
9
4
-2
-4
-6
-5
-2
0
4
6
9
6
3
1
-2
-5
-3
2
5
8
10
10
8
6
7
7
8
11
14
17
19
21
16
9
4
-1
-5
-9
-12
-10
-8
-6
-4
-2
1
-1
-3
-3
-2
2
2
3
2
2
-1
-4
-5
-5
-5
-8
-9
-5
0
5
7
6
3
0
-4
-3
0
2
1
4
6
2
-1
0
1
0
1
3
8
9
10
9
8
6
1
-5
-9
-11
-12
-13
-13
-11
-11
-10
-12
-13
-13
-11
-9
-3
5
12
13
10
7
7
7
5
4
7
10
10
7
2
1
-5
-16
-24
-24
-22
-16
-7
2
1
-3
-10
-13
-14
-10
-2
4
10
15
17
14
10
6
1
-4
1
7
9
12
10
7
2
0
0
3
-1
-1
4
4
-1
-4
-4
-8
-11
-11
-7
-6
-4
1
4
7
7
4
-3
-3
-2
0
3
5
7
1
-4
-4
-2
-6
-12
-13
-7
-3
0
4
8
5
-1
-2
0
3
2
0
-4
0
3
-3
-10
-8
-4
-10
-14
-3
9
13
11
10
11
9
3
2
8
13
13
13
16
17
17
10
5
4
4
-2
-4
3
10
4
-1
-2
-4
-9
-11
-6
-2
-3
-4
-2
0
0
-1
-7
-10
-10
-10
-9
-2
6
6
4
0
-3
-3
-4
-3
-1
-1
-4
1
6
4
-1
0
-1
-6
-10
-9
-4
-4
-5
-6
-7
-11
-17
-18
-9
0
1
-5
-4
1
-1
-7
-9
-9
-7
-10
-8
1
5
1
3
9
13
18
15
14
17
20
20
23
27
34
32
21
4
0
-5
-14
-9
3
4
-5
-11
-17
-19
-17
-11
0
10
15
15
16
9
-3
-9
-4
2
11
15
14
11
3
-14
-29
-27
-14
-6
-6
-3
-1
-14
-23
-22
-18
-17
-13
-7
-10
-9
-7
-11
-12
-10
-17
-18
-16
-11
-3
-9
-12
-10
4
11
20
23
18
8
3
7
9
14
20
23
12
4
8
5
-8
-10
-1
11
26
29
23
19
19
11
3
-1
0
-1
2
8
13
4
-19
-36
-34
-25
-21
-19
-9
5
8
9
20
18
3
-12
-20
-12
14
26
21
18
9
-6
-14
-15
-13
-5
-5
-9
11
37
34
14
-6
-19
-25
-21
-13
-5
-7
-17
-21
-13
-3
-6
-19
-17
0
12
12
15
23
24
19
13
17
21
15
3
6
19
27
29
21
-2
-18
-6
7
7
1
-2
-11
-15
6
19
5
-18
-35
-40
-19
5
8
3
1
-5
-8
9
32
30
-1
-22
-6
28
34
9
-12
-5
-3
-13
-15
-9
-13
-19
-15
-16
-21
-29
-45
-57
-46
-35
-34
-22
1
2
-21
-24
-5
4
0
-8
-16
-10
10
14
7
-5
-19
-23
-7
5
1
5
11
14
29
37
24
6
0
-4
0
16
37
48
41
35
34
25
4
1
10
5
8
20
27
22
2
-26
-40
-38
-29
-20
-10
-4
0
0
-3
7
20
14
11
36
55
51
33
29
33
21
-2
-7
3
-3
-19
-19
-8
1
4
-6
-11
-12
-20
-21
-9
1
-20
-41
-33
-16
-21
-40
-41
-25
-13
-9
-9
-4
1
3
7
14
24
31
32
32
28
23
24
21
20
12
-3
-1
5
3
8
6
7
14
13
-4
-20
-26
-44
-57
-52
-42
-24
-4
-16
-29
-25
-23
-18
-11
-6
10
28
35
35
35
29
11
6
10
16
17
8
16
25
-3
-28
-14
11
18
18
8
8
32
44
26
5
0
-10
-23
-29
-11
5
1
-7
-16
-19
-27
-45
-53
-42
-19
-15
-14
8
19
-2
-15
-14
-6
-15
-22
-7
20
25
-7
-25
-2
28
31
19
-16
-11
1
-7
-25
-21
0
14
20
16
23
27
8
4
7
-12
-23
-10
10
10
-13
-31
-14
21
25
9
2
1
-1
-13
-15
18
34
18
12
10
20
37
40
21
-4
-6
5
18
31
20
6
16
23
13
-15
-26
-6
-7
-10
-7
-3
9
-2
-25
-27
-32
-34
-10
17
21
7
8
18
12
-9
-17
-4
23
34
28
3
-5
3
-13
-32
-15
10
24
32
28
27
19
-8
-29
-27
-11
-22
-35
-14
17
1
-26
-4
21
-13
-64
-54
-4
25
-2
-9
6
24
24
0
-16
-35
-54
-61
-17
41
46
-6
-31
0
38
24
-22
-4
17
19
8
10
37
16
-44
-31
21
21
0
2
36
44
9
-35
-26
23
4
-32
-11
26
26
1
-18
-5
0
-30
-44
-43
-23
-29
-35
-33
28
47
-23
-37
6
12
-54
-69
-19
23
-4
-14
22
51
-1
-48
-14
20
40
9
-5
7
17
30
52
69
31
-12
-30
-8
5
11
-11
-26
7
62
69
22
3
4
-10
-29
-19
9
49
43
10
-14
-22
-16
-2
5
20
15
10
-3
-20
-18
5
6
-4
25
58
33
4
-7
-2
8
-16
-14
9
10
0
-5
-18
-21
0
27
4
-5
-12
-30
-56
-65
-1
53
45
14
7
-12
-34
-54
-58
-2
35
-9
14
60
33
-21
-37
-22
-36
-29
12
19
-10
-9
-11
-63
-87
-15
39
37
54
47
-4
-6
-15
-50
-11
-1
-6
22
38
38
43
43
15
-8
-7
-21
-27
-11
38
50
9
-6
33
39
12
0
-18
12
42
18
1
13
-8
-29
-41
-47
-26
-14
-12
-2
-1
-12
3
-27
-52
-26
-32
-36
-1
23
3
18
35
35
37
-10
-50
-25
-12
-48
-32
26
69
49
27
18
-18
-74
-112
-63
-40
-19
-6
52
77
52
-14
-31
-16
-2
-31
-75
-46
-11
12
20
52
56
30
-6
-8
5
-7
-25
-17
25
77
54
12
-7
-12
-63
-86
-36
33
87
95
56
31
13
-42
-51
-25
7
-10
2
48
47
45
15
0
11
-19
-14
17
69
76
40
3
-3
12
5
-26
-6
60
42
-53
-74
-4
-17
-42
-33
4
2
12
28
8
24
-18
-99
-80
7
33
18
27
56
37
-48
-87
-107
-119
-25
64
49
88
112
30
-77
-88
-49
-16
32
41
67
78
-6
-37
4
-2
-37
-78
-64
-4
5
-2
9
19
-13
-14
-22
-28
19
10
-57
-63
-8
30
49
-10
-14
33
52
4
21
45
8
-36
-43
30
52
6
-38
28
45
-1
10
41
60
24
-70
-72
-11
28
34
-2
-56
-37
21
14
4
51
26
-68
-89
-73
-39
-71
-61
-5
72
37
28
23
-25
-51
-48
-17
32
75
37
50
21
24
-10
-46
-61
-61
20
93
90
56
-2
-49
-40
-18
20
4
43
52
44
25
3
-5
-14
-23
-60
-29
4
31
3
35
-6
-114
-85
6
46
35
28
9
2
-3
10
-2
6
48
13
-51
-31
82
40
-31
3
9
-70
-26
93
92
77
5
-71
-81
0
31
-2
18
-1
-34
-55
22
68
34
-29
-114
-102
-9
9
-17
3
-10
-57
-63
45
66
55
-12
-134
-144
-5
81
48
56
101
83
17
-5
45
-10
-98
-3
45
12
94
78
-20
-12
-16
-112
-95
20
-17
-49
-5
62
38
26
-15
-44
-14
59
35
-34
-63
28
58
25
67
4
-14
-17
-25
-9
65
19
-38
9
40
36
43
43
-19
-68
-48
-21
22
85
-24
-126
-125
-18
61
13
-23
-25
-84
-74
5
55
55
21
-51
-123
-55
-12
45
42
54
13
-24
11
30
-24
10
-13
-35
19
39
22
-16
40
-7
-33
-73
-39
34
74
8
12
2
-62
-67
-57
-20
35
69
70
128
90
8
-1
-80
-111
-42
-9
1
92
121
-5
-35
-42
-41
-38
-36
-33
20
25
39
96
79
-10
-42
-92
-112
-33
-1
55
107
85
25
0
-59
-44
53
37
-10
84
51
-13
-8
25
53
28
-19
-55
5
72
3
-59
-59
-49
-56
-66
53
133
54
-29
-5
-1
31
18
-68
-19
33
-61
-130
-49
67
140
65
19
50
69
-18
-159
-138
-136
-86
-16
75
157
159
-6
-127
-110
-71
-44
-79
-37
71
54
-57
7
80
71
-35
-13
69
87
45
-88
-60
-16
-15
-29
19
46
55
-9
-8
29
22
-40
-74
-21
17
52
-38
-37
-3
-36
-66
24
78
118
128
34
-10
-31
-82
-108
-54
-13
39
119
145
104
46
-17
-78
-139
-156
-106
-55
7
112
201
99
28
5
-136
-187
-134
-44
81
160
153
112
11
-143
-179
-157
-112
-70
31
67
61
10
-45
-74
-76
-138
-91
38
82
180
167
65
24
-34
-124
-72
-35
62
92
93
129
98
-11
-151
-166
-68
5
70
64
107
100
2
-57
-18
4
-33
11
75
159
147
68
-70
-117
-115
-24
4
69
157
183
110
-42
-57
-129
-90
-39
1
58
85
55
-18
-78
-55
-41
-100
-74
-28
8
-24
3
3
17
-16
-112
-81
36
68
-12
-36
-26
34
94
15
-51
41
-20
-108
-89
-29
71
97
84
97
104
104
6
-90
-126
-97
-111
-117
66
218
153
58
21
0
-22
-99
-149
-74
16
-56
-71
66
163
161
65
-48
-84
-82
-125
-145
-31
14
-20
-48
34
123
62
-15
14
17
3
3
0
15
57
46
-49
1
28
-25
-45
-12
7
14
50
60
6
-99
-142
-130
-140
-90
21
37
56
46
14
-14
-55
-110
-98
-17
83
98
107
136
132
90
-33
-65
-85
-87
-60
-4
85
158
80
20
32
7
-72
-103
-49
-100
-113
-90
-20
57
68
24
-1
30
17
29
49
62
30
-48
-60
-6
18
96
194
181
162
150
132
-17
-96
-107
-133
-127
-106
12
141
128
41
18
-52
-112
-173
-183
-126
-2
87
113
105
123
114
-25
-82
-15
9
-62
-72
44
79
9
-55
-85
-20
-8
-86
-48
57
63
16
-22
-31
-55
-46
-31
1
43
103
97
43
10
-9
-40
-52
14
74
82
30
-9
-82
-101
-177
-207
-100
-21
40
85
89
40
3
-39
-103
-182
-123
-44
26
99
181
238
117
30
40
39
-21
-32
47
115
93
45
77
77
-25
-160
-212
-186
-93
-2
53
90
102
51
-47
-86
-106
-89
-83
-83
-4
92
85
33
24
26
-14
-72
-9
73
65
2
-48
-66
-109
-132
-92
-58
-28
13
39
52
30
-10
-5
-12
-34
6
69
88
105
128
97
-10
-71
-68
-44
10
61
62
-31
-118
-132
-113
-97
-29
84
158
143
122
159
146
14
-115
-117
-79
-17
102
234
257
157
25
-99
-171
-192
-178
-169
-170
-112
-6
55
85
141
192
167
100
108
152
96
-27
-71
-44
-38
-1
107
143
70
13
6
-40
-133
-175
-170
-220
-252
-148
-14
41
127
232
216
97
33
76
72
-49
-133
-77
-50
-63
35
151
130
41
-21
-86
-156
-175
-136
-126
-161
-102
29
80
104
177
177
57
-64
-95
-80
-114
-175
-152
-79
-73
-30
94
111
32
14
20
-51
-127
-111
-76
-91
-68
70
205
215
175
129
5
-117
-137
-61
-5
-29
-35
44
94
78
90
89
-13
-72
-6
70
80
52
2
-92
-165
-101
68
178
169
111
65
30
26
54
71
2
-116
-122
-16
26
7
-9
-64
-142
-116
36
198
249
205
117
-17
-138
-124
-64
-104
-163
-98
41
149
241
303
212
-46
-262
-263
-196
-203
-179
-98
-99
-148
-84
34
35
-73
-165
-228
-265
-190
-35
6
-54
-47
15
74
149
236
238
85
-99
-130
-37
2
35
134
164
112
102
132
120
58
11
-26
-26
65
245
404
371
243
174
128
94
114
179
189
141
103
86
86
92
133
172
100
3
15
103
154
161
114
2
-64
-23
33
-17
-157
-292
-373
-377
-295
-149
-46
-84
-171
-244
-317
-347
-338
-401
-541
-635
-573
-379
-214
-206
-287
-322
-313
-299
-263
-259
-327
-392
-408
-348
-216
-89
1
90
144
182
231
160
-27
-109
-79
-47
64
284
470
556
588
696
901
934
699
450
255
168
359
653
815
958
1057
1013
1034
1124
1024
700
238
-211
-444
-502
-422
-107
159
45
-116
-72
-33
-45
-100
-276
-496
-643
-633
-397
-100
56
96
-36
-349
-546
-556
-581
-628
-707
-906
-1102
-1129
-955
-614
-375
-397
-469
-503
-529
-448
-326
-351
-478
-594
-611
-426
-144
37
44
-173
-479
-560
-449
-364
-303
-278
-303
-226
20
336
523
421
227
303
572
782
1005
1235
1340
1410
1654
2089
2352
2178
1762
1330
890
526
444
507
456
282
83
45
152
204
141
-97
-455
-580
-333
-33
239
523
609
485
329
272
314
291
103
-179
-529
-957
-1169
-1025
-888
-954
-1123
-1309
-1446
-1480
-1370
-1176
-1144
-1347
-1435
-1254
-979
-639
-298
-203
-404
-649
-699
-595
-508
-519
-617
-794
-849
-577
-235
-159
-265
-284
-208
-177
-119
22
30
-181
-288
-133
11
119
455
987
1413
1651
1873
2122
2184
2019
1864
1824
1900
2055
2135
2007
1660
1231
844
438
-12
-323
-387
-340
-178
171
427
448
435
482
478
367
313
484
667
589
450
446
369
76
-286
-652
-1040
-1347
-1528
-1655
-1776
-1823
-1694
-1535
-1503
-1454
-1301
-1217
-1211
-1099
-990
-993
-940
-741
-516
-403
-387
-332
-260
-375
-557
-591
-655
-811
-904
-944
-945
-847
-737
-681
-638
-589
-402
-25
235
334
461
416
209
131
182
391
720
1001
1372
1936
2482
2884
3155
3082
2666
2259
1859
1489
1218
807
371
112
5
65
138
110
174
306
162
-62
-4
137
230
278
313
541
849
1030
1192
1303
1153
863
504
-147
-877
-1425
-1902
-2211
-2345
-2404
-2247
-1896
-1507
-1140
-940
-970
-1012
-984
-1042
-1064
-955
-835
-674
-496
-338
-137
-15
-58
-207
-498
-831
-971
-986
-1084
-1194
-1272
-1288
-1120
-910
-751
-556
-400
-294
-164
-5
172
373
500
470
425
404
482
865
1381
1797
2048
2363
3064
3752
3934
3628
3007
2149
1124
215
-451
-803
-845
-824
-636
-181
394
898
964
574
141
-37
-92
-72
154
371
539
882
1391
1813
1864
1585
1085
381
-418
-1097
-1568
-2029
-2467
-2677
-2622
-2267
-1729
-1280
-1018
-971
-1037
-1013
-911
-864
-805
-766
-808
-669
-261
61
145
89
-78
-279
-513
-765
-876
-901
-1032
-1201
-1300
-1337
-1215
-992
-862
-781
-684
-538
-288
-27
246
489
514
342
165
6
-118
100
682
1280
1807
2348
3220
4317
4868
4638
3888
2774
1517
356
-480
-983
-1292
-1536
-1550
-1039
-254
480
797
470
-150
-681
-879
-594
-94
200
340
760
1512
2418
2996
2797
2006
896
-168
-829
-1239
-1692
-2202
-2595
-2674
-2235
-1395
-718
-468
-619
-940
-979
-767
-642
-657
-831
-1060
-958
-433
163
506
450
6
-429
-584
-608
-571
-673
-1010
-1213
-1151
-946
-666
-558
-798
-1180
-1444
-1513
-1274
-988
-936
-784
-536
-283
159
501
597
557
306
171
687
1751
2531
3158
4281
5310
5654
5091
3871
2505
620
-1533
-2981
-3395
-3122
-2574
-1480
-87
1086
1763
1654
1106
255
-689
-1214
-1309
-897
-85
838
1788
2877
3826
3939
3314
2155
617
-820
-2055
-2868
-3163
-3134
-2678
-1681
-386
621
1056
897
165
-703
-1453
-2005
-2232
-2217
-1884
-1188
-315
615
1321
1474
1090
522
42
-406
-764
-1001
-1239
-1386
-1334
-1076
-768
-742
-1067
-1465
-1694
-1800
-1853
-1837
-1851
-1803
-1636
-1310
-660
143
788
1064
1048
1014
901
695
716
1306
1926
2138
3176
5051
6056
5414
3740
2084
435
-1446
-2933
-3429
-3020
-2374
-1260
355
1607
2315
2129
1009
-322
-1174
-1356
-1222
-811
-61
841
1835
3013
4277
4530
3496
2147
756
-702
-2003
-2726
-2901
-2934
-2667
-1804
-509
587
1046
1026
383
-615
-1288
-1625
-1787
-1702
-1275
-631
93
1024
1889
2058
1484
650
-7
-712
-1594
-2128
-2246
-2388
-2540
-2329
-1879
-1637
-1599
-1617
-1662
-1645
-1597
-1462
-1359
-1331
-1024
-488
-49
381
926
1242
1079
806
627
256
-400
-801
-228
628
1574
3837
6288
6785
5498
3880
2568
941
-1065
-2647
-3190
-2941
-2216
-260
1980
2990
2927
1661
-260
-1588
-1814
-1492
-1273
-1019
-417
764
2396
4354
5906
5409
3460
1703
221
-1182
-2256
-2842
-3336
-3703
-3453
-2106
-169
975
1203
943
124
-601
-600
-334
-374
-511
-548
-371
198
951
1418
957
-208
-1215
-1760
-2157
-2560
-2746
-2845
-3070
-3110
-2644
-1864
-1426
-1437
-1435
-1325
-1046
-614
-236
-170
-485
-703
-506
-151
275
667
735
374
20
60
148
-93
-787
-1102
-25
1663
3980
6630
7778
7152
5663
3957
2185
259
-1723
-3472
-4184
-3804
-2082
709
2443
2612
1567
-292
-1600
-1691
-1136
-709
-452
-118
899
2817
4719
6103
5969
3933
1655
-98
-1501
-2477
-3183
-3811
-4082
-3503
-2180
-375
1070
1317
906
189
-557
-642
-340
-137
23
257
606
929
933
405
-582
-1834
-2957
-3487
-3555
-3462
-3248
-2868
-2280
-1688
-1306
-1108
-1111
-1319
-1466
-1274
-799
-216
294
559
676
666
496
246
-140
-556
-798
-991
-888
-377
143
427
390
231
352
1429
3029
4644
6395
7331
6994
5758
3889
2113
198
-2103
-4114
-4816
-4006
-2306
118
1941
2188
1362
-8
-949
-1082
-810
-395
-136
159
1146
2982
4785
5692
5285
3498
1222
-706
-2147
-3120
-3813
-4346
-4455
-3925
-2653
-757
1045
1915
1701
1009
327
80
312
363
146
-208
-502
-553
-693
-1002
-1654
-2622
-3542
-4053
-3779
-3146
-2383
-1626
-1208
-963
-875
-679
-296
-133
-328
-616
-514
-122
487
1111
1221
1034
489
-289
-842
-1176
-1290
-1308
-1185
-872
-356
516
1411
2103
2059
1475
2125
3594
5100
6558
7036
6318
4531
2319
524
-1052
-2656
-4129
-4323
-3333
-1807
494
1931
1739
596
-986
-1914
-1769
-875
80
700
1220
2146
3749
5038
5487
4869
2678
-26
-2054
-3145
-3643
-3984
-4254
-4258
-3596
-2370
-772
794
1484
1439
1073
456
158
377
508
165
-514
-1205
-1583
-1658
-1728
-1917
-2175
-2617
-3014
-2809
-2118
-1296
-596
-323
-379
-554
-639
-401
29
194
145
199
390
809
1327
1421
874
-100
-1106
-1719
-1823
-1742
-1656
-1431
-1011
-146
1100
2185
2650
2272
1323
1353
2701
4495
6262
7076
6423
4567
2311
625
-785
-2442
-4221
-4928
-4002
-2288
205
2141
2060
478
-1666
-2867
-2458
-1129
246
1068
1476
2163
3722
5308
5937
5301
2979
-110
-2545
-3870
-4257
-4268
-4230
-4021
-3366
-2265
-660
1063
1596
1099
601
236
391
1037
1370
1121
456
-401
-1011
-1311
-1785
-2298
-2596
-2979
-3035
-2389
-1601
-1003
-552
-395
-353
-149
-31
147
404
312
327
629
853
979
823
291
-462
-1218
-1880
-2204
-2014
-1821
-1510
-1001
-668
42
961
1721
2353
2367
1949
1356
1349
2343
3752
5522
6378
5638
4029
1899
265
-1117
-2683
-3912
-4461
-3889
-2477
-321
1647
1934
789
-1124
-2461
-2263
-929
738
1786
2083
2360
3447
4914
5707
5221
2865
-434
-3057
-4466
-4679
-4404
-4181
-4039
-3603
-2313
-300
1649
2438
1909
1006
267
174
1005
1772
1575
565
-477
-890
-847
-916
-1475
-2459
-3295
-3443
-2602
-1346
-476
-120
-342
-710
-591
-20
533
640
273
-207
-280
6
241
153
-566
-1502
-2040
-1943
-1166
-236
315
437
489
726
1050
1463
1627
1337
737
-91
-603
-771
-565
433
1895
3862
5591
5927
5054
3348
1402
-640
-2670
-3948
-4256
-3498
-2085
-205
1832
2606
2019
588
-1150
-2124
-2073
-1275
-98
1060
2231
3653
5100
5860
5441
3554
650
-2031
-3961
-4986
-5027
-4457
-3756
-3048
-2129
-933
350
1193
1328
1177
883
846
1514
2188
2320
1883
951
-27
-785
-1551
-2427
-3177
-3665
-3581
-2701
-1595
-599
35
-82
-509
-634
-485
-270
-146
-290
-408
-135
356
964
1310
921
245
-303
-677
-740
-647
-664
-753
-806
-642
-56
500
620
551
350
76
-9
-137
-431
-98
1160
3169
5444
6466
5705
3894
1539
-632
-2231
-3243
-3594
-3115
-1991
-468
1692
3329
3107
1213
-1658
-3812
-4082
-2855
-721
1406
2822
3755
4711
5392
5166
3769
1079
-2040
-4377
-5558
-5316
-4040
-2736
-1785
-1114
-517
339
1307
1728
1535
1088
589
615
1306
1818
1831
1224
6
-1144
-2050
-2726
-2981
-2971
-2788
-2248
-1338
-501
85
315
-92
-609
-934
-1076
-713
-128
401
972
1373
1428
1218
624
-329
-1132
-1573
-1646
-1254
-619
-29
558
1044
1228
1197
652
-314
-900
-1127
-1115
-875
-643
-493
-81
1064
2907
5154
6445
5667
3674
1418
-241
-1061
-1599
-1882
-1768
-1305
-581
612
1708
1349
-546
-3227
-5177
-4999
-3009
-108
2588
4052
4519
4789
5003
4723
3470
1053
-1801
-3874
-4662
-4151
-2832
-1705
-1224
-1215
-1319
-957
-156
427
571
457
359
782
1594
2161
2235
1608
454
-692
-1588
-2085
-2254
-2218
-2025
-1551
-831
-369
-245
-478
-892
-986
-810
-346
316
843
1129
1188
1041
692
265
-268
-876
-1266
-1311
-807
64
703
986
1052
904
514
-59
-838
-1623
-1955
-1879
-1438
-782
-211
275
503
311
539
1574
3136
4767
5376
4446
2843
1357
291
-628
-1593
-2490
-2936
-2708
-2076
-803
321
74
-1157
-2688
-3345
-2122
259
2696
4198
4470
4055
3596
3187
2425
1174
-642
-2544
-3424
-3117
-2021
-715
-82
-359
-1022
-1503
-1441
-869
-352
-106
189
616
1261
2118
2508
1904
693
-603
-1577
-1851
-1626
-1205
-610
-186
-82
36
107
-143
-478
-911
-1336
-1282
-1008
-783
-475
-239
-119
55
256
324
361
237
-31
39
252
487
920
1116
916
471
-361
-1154
-1518
-1835
-2031
-1937
-1730
-1215
-601
-444
-754
-1105
-1346
-518
1648
4089
6372
7428
6400
4307
1848
-479
-2375
-3814
-4576
-4089
-2277
-85
2129
3194
2082
-218
-2818
-4336
-3672
-1781
313
1960
2875
3380
3893
4204
3844
2767
922
-945
-1742
-1632
-995
-351
-510
-1378
-2308
-2830
-2580
-1708
-891
-325
295
936
1541
1917
1658
1010
297
-447
-719
66
1334
2181
2316
1543
172
-1155
-2480
-3563
-3972
-3894
-3374
-2257
-853
509
1580
1677
950
227
-236
-193
504
1179
1403
1323
936
658
794
648
14
-992
-2360
-3236
-3149
-2618
-1905
-1258
-1028
-962
-736
-573
-521
-446
-748
-440
1385
3581
5650
6877
6134
4173
1716
-521
-1787
-2340
-2531
-2298
-1154
318
1515
1944
520
-1837
-3930
-5134
-4246
-1861
739
2945
4120
4535
4777
4734
4154
3044
1431
-250
-1013
-778
-271
-29
-614
-1973
-3258
-4027
-4004
-3015
-1687
-457
599
1281
1815
2245
2193
1705
1179
817
735
1143
1674
1734
1113
-283
-2083
-3643
-4667
-4945
-4407
-3282
-1888
-431
748
1499
1832
1466
671
96
9
451
1165
1744
1765
1164
281
-546
-1013
-1327
-1758
-2249
-2795
-2979
-2532
-1750
-974
-565
-448
-463
-499
-447
-486
-666
-947
-1025
141
2318
4418
6091
6654
5560
3411
1033
-662
-1530
-1837
-1580
-697
669
1687
2041
1352
-795
-3292
-5169
-5604
-3844
-939
2002
4342
5488
5706
5312
4368
3144
1804
454
-402
-317
366
925
696
-631
-2558
-4201
-5016
-4758
-3589
-2249
-937
284
1176
2060
2715
2704
2305
1721
1227
1027
1039
1016
407
-818
-2372
-3856
-4649
-4652
-3935
-2777
-1660
-680
-15
264
379
312
136
88
331
988
1785
2320
2325
1545
124
-1376
-2469
-2934
-2806
-2392
-2003
-1708
-1465
-1149
-716
-370
-357
-478
-505
-523
-411
-271
-411
-616
-767
-7
2198
4443
6279
7327
6467
4258
1862
180
-545
-888
-810
-314
630
1436
1502
874
-1138
-3720
-5464
-5850
-3871
-437
2543
4662
5462
5151
4467
3700
3000
2267
1459
853
812
1081
819
-301
-2282
-4651
-6209
-6382
-5251
-3173
-1141
216
1076
1476
1606
1564
1058
419
20
-97
285
853
964
337
-946
-2317
-3246
-3570
-3347
-2747
-2049
-1506
-948
-331
34
267
349
223
354
722
1102
1366
1112
475
-161
-776
-1094
-973
-667
-349
-142
-233
-549
-885
-1273
-1555
-1566
-1449
-1008
-245
312
655
731
374
-59
-237
173
1855
4338
6480
7899
8011
6309
3747
1311
-633
-1832
-2461
-2420
-1605
-531
98
-45
-1295
-3444
-5242
-5669
-4164
-738
3002
5570
6651
6064
4511
2960
1686
782
245
25
232
700
793
-29
-1852
-4338
-6451
-7203
-6488
-4531
-2037
-101
936
1322
1251
919
479
126
152
502
1001
1673
2030
1513
253
-1281
-2477
-2854
-2538
-1878
-1163
-728
-723
-989
-1397
-1762
-1832
-1589
-931
270
1605
2615
3017
2610
1692
704
-79
-350
-122
297
541
368
-111
-722
-1375
-1950
-2160
-1870
-1273
-496
335
1005
1388
1370
985
608
490
780
1540
2980
4596
5476
5383
4253
2077
-406
-2386
-3355
-3268
-2356
-926
460
1353
1297
234
-1445
-3036
-3555
-2686
-701
1978
4088
4669
3824
2045
110
-1290
-1756
-1281
-230
941
1772
1844
866
-1049
-3307
-5102
-5618
-4636
-2726
-612
1005
1631
1423
765
-18
-564
-706
-430
269
1188
1926
2126
1648
609
-728
-1821
-2263
-2068
-1517
-1035
-895
-1016
-1157
-1142
-962
-570
77
771
1373
1936
2400
2441
1850
910
-6
-629
-634
-159
283
360
45
-540
-1184
-1546
-1449
-1087
-576
24
461
628
494
45
-630
-1313
-1752
-1725
-1151
-66
1002
1972
3164
3987
3829
2871
1542
290
-445
-448
307
1336
2231
2534
2118
1067
-498
-2282
-3903
-4608
-3844
-2070
-1
1679
2007
1075
-391
-1490
-1437
-159
1737
3443
4409
4435
3456
1611
-589
-2524
-3697
-3835
-2793
-1088
293
801
272
-1064
-2465
-3353
-3396
-2586
-1336
-69
1002
1643
1724
1296
577
-34
-124
308
864
1223
1162
714
94
-411
-529
-286
-35
149
331
335
42
-506
-1301
-2055
-2208
-1615
-497
696
1359
1239
493
-433
-923
-747
-127
642
1216
1387
1141
383
-944
-2432
-3570
-4000
-3375
-1801
-73
1009
1206
649
-119
-712
-297
1598
3833
5049
5096
4288
2929
1509
327
-293
-304
164
706
1237
1562
1083
-478
-2590
-4132
-4294
-3268
-1558
251
1040
743
119
-164
323
1418
2464
3070
3247
3089
2559
1647
574
-496
-1319
-1706
-1490
-869
-693
-1302
-2457
-3722
-4484
-4496
-3746
-2376
-917
202
970
1358
1359
1135
980
1253
2061
3201
3979
4033
3460
2409
1038
-414
-1616
-2410
-2983
-3296
-3232
-3060
-2972
-3029
-3102
-2885
-2091
-813
534
1569
2073
2075
1910
1846
1893
2063
2054
1649
910
-34
-994
-1911
-2548
-2719
-2512
-2105
-1512
-974
-789
-1094
-1619
-1893
-1488
-325
1595
4362
6756
7105
5453
3150
1153
-73
-263
692
2116
3095
3231
2629
1484
-322
-2748
-5088
-6095
-5070
-2653
-101
1715
1919
443
-1444
-2322
-1572
354
2417
3836
4415
4272
3496
2143
554
-945
-2011
-2338
-1883
-992
-538
-1147
-2544
-3999
-4802
-4617
-3677
-2272
-905
-33
541
996
1290
1424
1644
2158
2914
3739
4066
3348
1751
-32
-1464
-2194
-2224
-1784
-1475
-1721
-2173
-2528
-2810
-2956
-2927
-2574
-1663
-272
1120
1920
2015
1474
625
-1
-81
440
1272
1925
2156
1993
1535
830
-160
-1176
-1931
-2326
-2250
-1713
-1038
-775
-1093
-1630
-1841
-1561
-869
817
3410
5217
5055
4077
3519
3381
3404
3678
4049
3991
3265
2108
894
-257
-1572
-3230
-4598
-4688
-3425
-1885
-899
-930
-2139
-3747
-4442
-3437
-1008
1710
3447
3922
3563
2819
1892
1054
647
652
971
1490
1899
1669
446
-1579
-3660
-4889
-4921
-4118
-2926
-1777
-1265
-1524
-2000
-2346
-2366
-1737
-340
1495
3236
4294
4168
3046
1871
1255
1082
1106
1252
1185
515
-438
-1285
-2079
-2902
-3570
-3786
-3315
-2276
-1345
-1040
-1128
-1102
-742
23
1148
2232
2883
3116
3014
2673
2285
1857
1120
149
-567
-957
-1167
-1233
-1219
-1218
-1328
-1604
-1808
-1647
-1215
-736
709
3377
5086
4277
2597
1859
1654
1665
2275
3281
3750
3451
2804
2203
1591
315
-2045
-4427
-5200
-4143
-2461
-1167
-854
-2120
-4219
-5456
-4880
-2852
-552
897
1502
1955
2339
2459
2481
2613
2669
2620
2689
2774
2319
921
-1133
-3039
-3998
-3931
-3462
-3058
-2873
-3158
-3728
-3920
-3523
-2762
-1536
78
1631
2790
3368
3044
2085
1550
1883
2531
3122
3627
3452
2208
695
-300
-1011
-1596
-1897
-1873
-1612
-1237
-1147
-1582
-2156
-2359
-2066
-1407
-412
605
1243
1521
1636
1616
1675
1926
1984
1671
1324
1086
859
635
406
207
39
-535
-1397
-2053
-2283
-2331
-1510
767
2671
2434
961
307
302
553
1408
2660
3386
3344
2690
1807
1034
66
-1651
-3514
-4108
-3244
-1743
-622
-355
-1584
-3719
-5084
-4584
-2474
13
1725
2091
1732
1045
212
-217
158
862
1473
2074
2490
2301
1309
-222
-1631
-2221
-1828
-908
-19
417
29
-1055
-2172
-2764
-2843
-2380
-1387
-244
641
1103
1001
534
513
1208
2121
2830
3431
3570
2783
1597
948
731
448
218
281
384
193
-372
-1319
-2203
-2548
-2278
-1680
-975
-337
-71
-354
-793
-873
-517
78
633
891
939
903
812
536
261
129
220
263
34
-102
-120
-286
-578
321
1694
1774
268
-934
-1233
-1338
-1124
-335
538
834
657
359
380
485
278
-501
-1011
-762
23
674
933
474
-1054
-2770
-3504
-2691
-1163
210
759
546
-92
-835
-1151
-653
432
1486
2168
2355
2087
1437
703
200
121
380
701
826
557
-134
-1103
-1979
-2338
-2040
-1208
-206
603
922
685
37
-745
-1019
-390
837
1890
2417
2412
1774
885
503
692
878
980
1285
1570
1456
917
20
-993
-1762
-1910
-1574
-1124
-772
-758
-1308
-2176
-2579
-2365
-1807
-1181
-703
-441
-180
192
473
525
518
629
905
971
668
340
-14
-477
-782
136
1579
1723
234
-1125
-1368
-1088
-533
317
1017
1089
704
303
250
336
94
-597
-951
-450
632
1502
1605
821
-654
-1916
-2223
-1371
50
1086
1147
500
-207
-730
-1023
-805
-112
676
1262
1488
1355
936
496
321
486
902
1383
1621
1311
579
-219
-786
-1033
-1061
-920
-825
-912
-1199
-1477
-1618
-1726
-1494
-701
263
917
1176
1171
994
949
1355
1898
2178
2333
2469
2242
1408
351
-520
-1128
-1428
-1399
-1207
-1092
-1233
-1823
-2704
-3306
-3181
-2536
-1854
-1285
-894
-749
-682
-389
180
735
1072
1333
1498
1546
1239
682
89
-441
-811
-539
810
1889
1277
-443
-1345
-1144
-661
-187
424
910
1045
1012
1119
1343
1304
808
157
97
725
1437
1376
536
-575
-1572
-2102
-1852
-861
5
29
-517
-844
-871
-919
-870
-404
308
894
1261
1365
1254
1079
966
1053
1464
2075
2378
2009
1093
130
-553
-962
-1177
-1311
-1489
-1801
-2070
-2166
-2122
-2022
-1894
-1625
-1033
-160
701
1306
1630
1822
2037
2309
2539
2741
2901
2793
2163
1151
148
-543
-857
-1002
-1165
-1409
-1744
-2337
-3149
-3743
-3755
-3249
-2466
-1564
-780
-416
-463
-563
-425
-98
257
554
850
1189
1437
1360
829
171
-361
-589
-399
652
1982
2090
704
-625
-773
-361
47
544
1073
1320
1291
1198
1132
906
413
-155
-267
221
848
1048
618
-92
-799
-1226
-1265
-886
-420
-351
-655
-835
-683
-604
-692
-460
280
1006
1394
1529
1496
1239
971
1071
1481
1813
1822
1495
813
-37
-640
-883
-1075
-1379
-1572
-1651
-1791
-1953
-2013
-2015
-2089
-1965
-1349
-394
480
1002
1230
1359
1546
1878
2215
2424
2496
2353
1810
868
-6
-477
-615
-714
-945
-1299
-1774
-2339
-2910
-3220
-3101
-2603
-1864
-1173
-762
-690
-789
-808
-663
-357
-18
274
574
925
1194
1151
779
434
316
332
477
1262
2440
2531
1010
-539
-613
177
797
1153
1405
1327
914
515
370
376
372
274
247
551
1015
1073
363
-687
-1512
-1869
-1774
-1238
-449
0
-203
-644
-792
-763
-755
-412
500
1452
1899
1896
1680
1330
998
963
1139
1200
1097
895
407
-383
-1089
-1483
-1728
-1872
-1754
-1572
-1621
-1801
-1822
-1664
-1411
-1017
-463
121
594
912
1031
1045
1077
1206
1343
1412
1527
1647
1499
961
311
-102
-236
-255
-366
-675
-1043
-1274
-1437
-1688
-1932
-1923
-1681
-1418
-1242
-1164
-1166
-1140
-1021
-821
-495
3
514
790
831
835
804
651
535
513
493
483
1043
1918
1939
869
-17
201
819
1085
1074
1016
858
600
452
508
575
511
379
328
352
351
195
-294
-935
-1354
-1354
-1150
-844
-514
-529
-904
-1098
-842
-628
-646
-340
411
983
1089
1055
1055
973
893
1018
1159
1095
907
670
207
-439
-857
-884
-770
-740
-773
-976
-1362
-1678
-1701
-1548
-1400
-1125
-667
-177
206
520
768
884
942
1143
1493
1849
2121
2171
1821
1159
586
239
-52
-350
-538
-665
-894
-1258
-1711
-2106
-2294
-2159
-1795
-1387
-1045
-892
-918
-960
-851
-589
-298
19
346
577
691
723
704
607
500
433
355
311
722
1440
1528
685
-139
-106
362
686
902
1100
1130
1027
1044
1244
1319
1074
652
300
156
190
292
140
-407
-1063
-1497
-1681
-1619
-1298
-1024
-990
-943
-682
-523
-612
-477
123
756
1032
1061
1051
1007
936
912
913
908
922
868
563
19
-457
-677
-760
-869
-940
-937
-961
-1003
-953
-848
-874
-973
-862
-467
-29
272
442
517
560
745
1115
1480
1651
1544
1183
716
378
197
4
-219
-340
-363
-470
-769
-1230
-1721
-2031
-1985
-1599
-1111
-766
-637
-600
-536
-439
-318
-152
41
184
193
71
-90
-159
-147
-173
-180
-113
16
182
621
1161
1275
919
639
767
1017
1227
1425
1544
1514
1435
1375
1229
897
509
200
15
-70
-59
-44
-242
-681
-1148
-1432
-1558
-1554
-1396
-1195
-1049
-993
-986
-1004
-912
-497
135
659
932
1078
1173
1147
1029
998
1064
1107
1084
978
707
265
-159
-484
-822
-1132
-1197
-1039
-881
-795
-684
-582
-619
-665
-498
-145
187
428
613
690
679
765
951
994
826
613
463
323
171
26
-120
-230
-229
-178
-237
-418
-582
-643
-667
-660
-600
-530
-511
-531
-538
-527
-501
-416
-280
-175
-174
-275
-456
-684
-824
-736
-487
-321
-294
-309
-242
-35
467
1099
1369
1195
1038
1209
1463
1569
1560
1467
1324
1242
1235
1157
848
337
-250
-755
-1033
-1005
-804
-749
-987
-1383
-1699
-1811
-1629
-1170
-720
-518
-501
-531
-595
-649
-496
-61
491
966
1275
1400
1340
1153
981
887
852
853
842
743
511
222
-58
-316
-523
-591
-513
-360
-205
-171
-343
-605
-670
-418
-30
316
597
779
766
564
366
287
259
206
132
81
75
117
147
97
-15
-82
-77
-92
-213
-382
-487
-532
-555
-521
-430
-384
-473
-655
-855
-1004
-1008
-843
-608
-432
-363
-422
-583
-729
-716
-531
-300
-156
-121
-202
-340
-360
-1
611
981
883
646
651
844
1035
1170
1247
1277
1291
1279
1161
877
462
-18
-438
-648
-589
-419
-450
-823
-1345
-1706
-1700
-1296
-694
-253
-110
-84
-26
6
-10
101
461
977
1454
1744
1782
1588
1280
1017
873
857
949
1027
894
543
210
32
-104
-304
-457
-459
-376
-333
-411
-613
-831
-845
-536
-72
260
322
167
-88
-287
-299
-164
-48
-71
-181
-284
-363
-432
-488
-492
-424
-327
-246
-200
-203
-277
-397
-453
-349
-115
88
94
-112
-416
-706
-947
-1086
-1077
-980
-920
-964
-1078
-1202
-1248
-1129
-865
-559
-323
-153
-45
-26
-42
161
758
1447
1738
1538
1201
1014
1024
1183
1365
1401
1269
1050
823
606
424
270
91
-117
-273
-248
-99
-87
-389
-845
-1082
-849
-199
483
792
695
469
302
214
265
530
870
1054
1016
872
746
689
685
641
484
313
259
295
292
241
226
241
202
75
-117
-323
-480
-553
-597
-708
-864
-947
-903
-847
-886
-992
-1064
-1048
-948
-793
-638
-506
-398
-328
-307
-249
-76
123
185
102
17
26
99
128
53
-132
-351
-478
-454
-351
-312
-402
-559
-700
-781
-818
-863
-927
-942
-832
-609
-375
-194
-73
-14
5
41
146
308
422
443
454
657
1074
1415
1422
1145
838
670
671
805
946
963
844
673
558
532
555
542
438
270
127
111
203
259
206
131
136
235
362
407
315
174
102
107
102
67
41
36
35
36
75
168
254
269
192
73
-5
-7
37
66
79
92
68
-55
-273
-490
-627
-694
-765
-899
-1096
-1283
-1353
-1277
-1131
-978
-813
-646
-546
-531
-545
-511
-381
-145
125
331
428
427
357
225
77
-10
-2
41
12
-125
-309
-443
-458
-380
-316
-335
-405
-443
-425
-376
-305
-216
-119
-17
100
238
367
443
441
375
304
285
318
347
327
292
310
439
604
632
433
124
-92
-101
82
367
631
792
831
773
693
659
691
714
674
586
532
562
609
574
434
252
101
11
-25
-47
-66
-48
5
39
25
-16
-59
-75
-54
-9
38
70
62
-12
-166
-347
-479
-517
-474
-404
-342
-315
-353
-466
-620
-754
-813
-779
-693
-629
-605
-588
-554
-527
-521
-505
-434
-321
-238
-211
-205
-164
-75
29
107
143
151
131
74
-10
-94
-134
-119
-87
-85
-95
-66
18
112
157
145
116
114
155
218
285
343
366
325
231
147
131
174
210
180
98
6
-68
-139
-226
-318
-362
-329
-253
-189
-136
-67
-5
19
28
62
120
176
239
335
482
689
909
1058
1064
943
767
608
507
473
512
608
687
676
548
337
125
11
23
104
194
262
279
213
78
-70
-191
-278
-342
-412
-499
-597
-680
-732
-769
-791
-780
-736
-696
-671
-618
-513
-376
-265
-225
-245
-280
-287
-256
-211
-175
-152
-137
-138
-175
-233
-268
-256
-204
-122
-28
36
41
-12
-100
-187
-221
-183
-94
-2
43
42
31
44
88
147
213
283
350
400
414
402
388
369
323
253
186
133
79
10
-73
-155
-223
-266
-284
-293
-308
-319
-318
-320
-342
-383
-416
-426
-394
-313
-163
34
217
328
366
379
411
493
624
779
944
1109
1243
1306
1288
1213
1111
1003
884
768
675
629
604
546
424
251
62
-106
-243
-344
-398
-428
-472
-556
-659
-745
-796
-814
-815
-806
-768
-687
-584
-504
-472
-482
-506
-520
-514
-490
-451
-402
-358
-335
-348
-390
-431
-454
-455
-438
-406
-360
-308
-269
-250
-242
-232
-213
-174
-117
-52
18
94
165
227
287
347
403
455
496
521
532
541
549
538
506
459
405
354
308
259
200
141
76
9
-60
-127
-182
-219
-249
-288
-327
-351
-349
-340
-348
-365
-368
-351
-323
-291
-248
-176
-77
37
146
260
397
537
644
700
724
740
767
817
893
975
1051
1097
1095
1036
937
809
670
521
366
223
100
-15
-144
-277
-401
-506
-596
-678
-748
-791
-788
-744
-685
-634
-590
-548
-515
-501
-506
-512
-497
-456
-403
-356
-332
-328
-324
-311
-293
-270
-249
-242
-257
-279
-292
-289
-280
-275
-280
-285
-278
-244
-185
-122
-65
-8
60
129
196
264
333
398
445
473
474
460
445
428
400
359
330
331
339
331
305
271
237
198
151
93
32
-27
-85
-162
-251
-332
-386
-407
-403
-389
-380
-368
-352
-328
-288
-226
-128
-4
131
251
338
399
428
433
430
434
455
495
544
579
587
577
566
550
531
516
500
470
423
367
311
250
173
66
-73
-233
-385
-499
-560
-578
-569
-555
-544
-532
-517
-497
-457
-386
-286
-180
-91
-23
12
20
6
-30
-83
-141
-189
-231
-270
-302
-319
-325
-321
-311
-300
-284
-265
-253
-258
-263
-246
-209
-175
-163
-170
-176
-168
-144
-105
-49
27
115
198
262
308
349
384
404
406
400
397
389
368
323
256
175
97
37
-10
-40
-49
-43
-32
-21
-9
2
14
23
25
19
6
-10
-27
-47
-51
-34
0
46
99
156
207
240
265
286
318
369
424
468
488
478
447
404
350
289
230
173
122
71
14
-51
-111
-150
-165
-164
-152
-131
-112
-109
-124
-150
-188
-218
-231
-223
-205
-196
-201
-223
-246
-260
-264
-255
-235
-208
-182
-164
-155
-140
-120
-109
-117
-148
-196
-250
-297
-328
-339
-332
-321
-317
-329
-352
-373
-382
-383
-369
-335
-288
-239
-204
-185
-177
-165
-131
-79
-21
37
91
131
162
195
243
307
374
430
463
469
452
428
411
410
419
433
437
423
395
357
321
292
278
280
295
307
309
303
288
269
252
235
221
212
197
175
151
127
105
83
59
39
14
-19
-57
-103
-148
-186
-211
-222
-217
-205
-193
-182
-170
-156
-137
-116
-97
-86
-85
-87
-88
-99
-124
-155
-186
-215
-233
-242
-246
-249
-242
-225
-205
-179
-155
-133
-108
-82
-58
-42
-36
-42
-63
-95
-129
-156
-174
-194
-217
-238
-251
-253
-251
-249
-248
-244
-233
-218
-205
-197
-190
-188
-187
-184
-179
-162
-127
-83
-39
2
42
79
122
170
219
275
334
388
430
457
465
466
458
448
442
439
441
446
442
437
429
420
409
399
390
378
360
339
318
293
260
221
178
127
74
27
-15
-55
-90
-121
-140
-150
-155
-157
-160
-166
-172
-177
-178
-177
-172
-164
-157
-150
-145
-146
-157
-172
-192
-214
-236
-247
-251
-244
-227
-206
-188
-182
-185
-196
-218
-240
-257
-265
-267
-269
-274
-282
-286
-285
-280
-264
-242
-219
-197
-174
-154
-139
-126
-118
-110
-102
-87
-75
-71
-76
-85
-88
-87
-79
-67
-57
-48
-37
-25
-9
14
49
89
117
138
160
187
217
251
291
333
371
409
445
476
506
537
567
596
617
633
640
637
627
611
584
548
506
462
417
373
328
283
237
187
142
104
69
31
-5
-41
-75
-111
-148
-191
-237
-284
-321
-350
-370
-386
-407
-433
-460
-484
-496
-498
-492
-478
-457
-428
-397
-374
-357
-349
-344
-340
-338
-343
-342
-339
-333
-327
-321
-308
-295
-278
-257
-240
-227
-213
-197
-180
-161
-143
-111
-76
-43
-15
11
36
61
92
122
154
185
215
246
274
297
314
321
316
303
293
283
274
269
271
275
273
266
250
233
218
208
208
218
235
251
264
270
270
271
270
270
270
271
267
256
243
234
226
221
215
210
201
186
163
135
102
71
43
15
-15
-48
-79
-114
-147
-179
-213
-250
-285
-314
-336
-353
-366
-376
-383
-383
-376
-370
-369
-371
-368
-358
-344
-331
-324
-318
-305
-290
-273
-252
-228
-205
-185
-168
-154
-141
-124
-105
-87
-65
-45
-30
-15
1
17
35
54
72
98
127
152
170
181
191
200
208
218
228
239
250
262
275
287
291
286
278
272
268
268
267
263
254
242
225
204
182
155
128
98
67
38
9
-23
-51
-77
-96
-111
-124
-130
-136
-141
-141
-137
-127
-112
-100
-92
-85
-74
-59
-42
-29
-17
-4
12
29
45
54
59
59
53
42
33
26
20
14
2
-11
-22
-38
-55
-70
-81
-88
-95
-98
-102
-105
-105
-105
-106
-104
-102
-95
-90
-88
-88
-85
-81
-75
-67
-56
-49
-45
-49
-55
-61
-65
-63
-61
-58
-55
-51
-47
-40
-32
-23
-17
-14
-13
-12
-8
-7
-7
-6
-2
7
14
22
31
39
50
56
65
75
88
102
110
121
133
145
150
147
143
139
130
115
99
80
63
46
27
4
-23
-47
-64
-76
-82
-83
-79
-73
-68
-67
-63
-57
-48
-32
-9
12
31
51
71
89
108
124
136
145
151
153
156
155
149
141
131
117
104
90
76
60
45
32
17
2
-14
-30
-41
-51
-63
-77
-87
-95
-102
-111
-116
-115
-109
-105
-108
-112
-123
-130
-127
-122
-117
-117
-120
-123
-125
-122
-114
-104
-94
-87
-83
-86
-89
-91
-90
-85
-78
-68
-57
-47
-37
-30
-25
-18
-9
1
15
28
41
48
50
54
58
67
78
88
95
102
109
117
115
106
96
89
81
72
62
50
39
25
10
-8
-19
-24
-26
-30
-30
-27
-21
-16
-12
-2
13
26
37
50
64
75
85
93
100
111
121
127
132
137
137
134
131
129
124
118
109
98
85
72
63
49
32
10
-14
-39
-62
-80
-96
-108
-117
-122
-127
-135
-145
-151
-152
-149
-142
-136
-130
-129
-129
-129
-127
-123
-119
-114
-109
-106
-102
-94
-87
-82
-76
-70
-65
-59
-57
-54
-50
-43
-35
-29
-23
-11
0
10
18
27
36
42
52
61
68
72
77
83
92
100
102
102
99
96
94
91
83
74
70
68
63
60
58
55
51
46
43
43
44
45
45
46
49
52
51
51
52
55
53
51
51
50
49
47
48
49
47
45
43
43
41
38
37
29
25
21
20
13
4
-5
-12
-21
-29
-38
-46
-56
-69
-82
-92
-100
-106
-109
-117
-125
-132
-135
-133
-129
-124
-119
-116
-113
-114
-114
-110
-103
-96
-88
-82
-74
-67
-60
-53
-44
-35
-28
-22
-18
-13
-9
-4
3
11
19
27
39
51
59
68
71
74
77
82
86
89
93
94
92
87
84
83
78
72
65
59
54
49
46
42
36
31
30
32
32
31
30
25
20
16
16
21
24
27
31
33
32
31
35
38
38
34
28
22
21
14
8
3
-2
-5
-11
-14
-12
-11
-9
-8
-3
-2
-2
-5
-11
-18
-24
-29
-35
-39
-41
-43
-45
-50
-55
-60
-66
-70
-70
-68
-68
-67
-69
-72
-76
-77
-76
-74
-74
-74
-72
-68
-68
-67
-64
-62
-57
-53
-47
-41
-31
-22
-11
0
11
20
28
35
43
52
59
66
71
79
84
86
86
85
81
77
77
76
72
63
56
49
41
33
26
23
23
24
27
29
30
29
28
28
31
35
36
35
32
29
27
28
28
27
23
22
22
18
13
8
5
6
3
-2
-8
-13
-19
-26
-32
-37
-38
-40
-42
-44
-44
-43
-46
-49
-53
-54
-46
-40
-37
-34
-35
-31
-29
-25
-21
-16
-14
-15
-18
-20
-24
-25
-26
-27
-26
-31
-33
-38
-45
-51
-55
-54
-51
-49
-51
-49
-53
-54
-52
-47
-39
-33
-25
-18
-11
-3
6
15
22
28
34
44
53
62
68
73
79
81
83
81
79
79
78
77
74
71
66
62
58
54
48
41
38
36
29
24
20
17
16
17
20
24
26
27
27
28
28
30
32
33
28
20
13
9
7
1
-7
-13
-17
-21
-25
-30
-38
-44
-48
-51
-55
-55
-53
-56
-60
-65
-70
-71
-72
-71
-70
-67
-67
-64
-59
-52
-47
-43
-41
-36
-33
-26
-20
-17
-11
-11
-11
-9
-4
-5
-7
-8
-10
-12
-13
-16
-20
-22
-24
-24
-23
-21
-18
-14
-11
-8
-3
4
14
23
32
39
44
51
56
60
63
69
73
73
67
65
63
61
60
60
60
60
57
52
46
41
38
38
39
39
39
34
35
33
28
20
17
19
20
19
16
11
6
3
2
2
-1
-3
-3
-6
-7
-9
-9
-9
-11
-14
-17
-21
-25
-33
-41
-46
-51
-57
-65
-71
-75
-78
-78
-79
-82
-83
-83
-81
-77
-70
-61
-51
-44
-37
-27
-19
-15
-13
-10
-8
-3
0
1
3
6
2
-1
1
3
9
16
20
20
21
22
24
25
30
34
38
37
33
32
29
27
26
23
24
24
23
22
22
21
19
20
21
22
25
27
27
29
28
28
27
25
25
23
22
19
17
15
13
9
8
4
2
1
0
-4
-6
-3
-2
1
0
0
-1
0
2
5
7
8
11
11
11
11
12
10
6
1
-2
-7
-10
-9
-12
-13
-16
-16
-17
-17
-19
-21
-25
-26
-26
-26
-24
-25
-27
-32
-36
-38
-39
-38
-37
-36
-32
-37
-38
-41
-41
-38
-36
-29
-24
-17
-14
-16
-16
-13
-7
1
5
12
15
20
22
23
25
27
29
32
34
35
35
33
31
29
29
31
31
33
29
26
21
17
12
7
5
4
3
2
-2
-4
-5
-4
-2
1
4
6
8
8
6
6
6
5
4
4
8
9
11
13
15
17
18
16
17
20
21
18
18
16
18
16
15
12
11
7
8
7
9
11
8
7
5
3
-2
0
1
1
-1
-4
-7
-10
-15
-20
-22
-25
-30
-32
-38
-41
-45
-47
-50
-53
-54
-54
-54
-54
-58
-59
-59
-58
-54
-51
-46
-43
-39
-36
-32
-27
-22
-13
-9
-2
6
14
18
23
24
28
30
34
37
40
44
43
41
36
35
35
37
38
35
33
34
30
26
23
18
18
16
17
15
15
13
12
12
11
13
15
15
15
15
16
20
22
24
26
25
27
27
28
28
28
28
25
24
23
21
17
14
10
7
5
2
0
-3
-3
-7
-9
-14
-16
-16
-16
-18
-17
-16
-12
-9
-7
-4
-9
-13
-16
-20
-24
-24
-26
-29
-34
-38
-43
-48
-49
-50
-50
-51
-50
-48
-51
-55
-58
-57
-54
-48
-45
-43
-41
-39
-37
-33
-29
-23
-18
-13
-9
-4
3
8
16
23
31
35
40
44
47
48
48
49
51
52
50
48
44
41
39
39
39
36
32
26
20
18
18
18
17
15
14
11
10
9
11
10
13
16
20
24
23
22
20
18
17
21
19
20
18
12
4
0
-2
-4
-7
-10
-12
-15
-17
-20
-22
-24
-26
-27
-26
-27
-25
-25
-26
-27
-29
-27
-24
-22
-19
-18
-18
-17
-16
-14
-12
-11
-7
-5
-5
-7
-9
-12
-15
-16
-19
-21
-23
-24
-25
-25
-24
-23
-22
-24
-22
-25
-22
-21
-18
-16
-12
-9
-3
2
6
12
13
17
19
22
27
30
32
35
37
38
37
36
36
34
33
31
27
26
23
21
19
16
15
13
14
13
11
12
13
13
13
12
12
11
11
8
8
10
10
12
12
14
17
19
16
13
11
11
11
11
11
7
5
2
-2
-6
-11
-14
-18
-20
-23
-27
-32
-37
-39
-39
-40
-41
-42
-43
-42
-43
-41
-37
-32
-28
-24
-23
-20
-16
-16
-12
-10
-7
-6
-3
-1
-1
0
-3
-6
-9
-7
-6
-6
-7
-8
-14
-15
-15
-14
-13
-11
-8
-7
-5
-5
0
4
6
8
12
18
23
28
32
33
33
34
35
36
37
38
38
40
39
39
39
38
35
33
31
29
28
24
20
18
15
11
8
5
3
1
0
1
0
-3
-4
-4
-3
-3
-4
-2
-2
-1
-1
-1
0
2
4
5
2
1
-2
-6
-9
-11
-13
-17
-22
-26
-29
-32
-35
-38
-41
-43
-45
-45
-46
-44
-43
-43
-43
-43
-40
-38
-31
-27
-24
-19
-15
-9
-5
-3
0
2
5
6
6
7
9
10
13
16
17
17
16
15
14
14
15
16
14
13
13
13
12
14
14
14
12
14
18
22
24
25
29
29
32
33
36
36
38
37
37
36
35
32
29
28
26
23
21
20
17
12
6
3
2
-1
-5
-8
-9
-11
-11
-11
-13
-14
-14
-14
-14
-13
-13
-13
-13
-15
-14
-14
-12
-11
-11
-12
-13
-14
-15
-16
-19
-20
-22
-25
-28
-28
-30
-32
-33
-36
-38
-38
-39
-39
-37
-36
-37
-36
-34
-32
-27
-22
-18
-13
-11
-9
-7
-5
-1
1
4
7
11
14
17
19
21
21
23
25
25
26
25
24
22
23
21
19
18
17
16
15
16
17
17
17
18
19
21
21
21
21
20
21
23
25
24
25
25
23
24
23
21
19
16
15
14
14
13
12
11
10
7
5
3
3
3
0
-3
-4
-7
-9
-8
-9
-9
-9
-10
-11
-11
-13
-15
-14
-14
-12
-14
-15
-16
-17
-16
-15
-15
-17
-18
-17
-18
-20
-20
-23
-24
-25
-27
-28
-29
-29
-31
-31
-30
-29
-27
-27
-26
-26
-24
-20
-17
-14
-9
-5
-3
-2
2
3
7
10
13
16
19
21
22
22
23
26
28
29
27
27
25
22
21
20
20
17
17
16
16
17
16
16
17
17
18
19
17
16
18
18
18
19
20
19
17
13
11
11
11
10
9
5
2
-1
-2
-3
-4
-2
-3
-6
-8
-10
-11
-12
-13
-15
-16
-18
-18
-19
-20
-21
-19
-19
-19
-20
-20
-20
-21
-22
-24
-25
-24
-23
-22
-22
-22
-22
-21
-20
-19
-18
-16
-15
-16
-15
-14
-14
-12
-10
-8
-3
-2
-2
0
1
2
6
9
11
12
15
19
22
23
24
24
23
22
22
22
23
24
22
23
23
21
21
21
21
22
24
24
23
21
19
18
16
14
12
13
12
12
12
10
9
5
3
2
2
1
0
-2
-3
-5
-5
-6
-8
-8
-8
-7
-8
-7
-7
-8
-10
-12
-13
-12
-12
-14
-14
-15
-13
-13
-11
-12
-12
-11
-9
-8
-7
-7
-7
-8
-8
-8
-8
-8
-9
-8
-8
-10
-9
-9
-9
-11
-13
-13
-14
-13
-12
-11
-10
-9
-9
-7
-7
-7
-6
-5
-3
-3
0
0
0
2
1
0
0
1
3
4
4
5
6
6
7
9
9
10
9
9
7
6
6
5
3
3
3
2
2
1
2
3
5
7
9
8
9
9
8
9
10
10
11
11
11
11
9
8
8
8
9
9
9
8
8
8
6
6
7
8
7
7
5
4
3
2
3
2
4
3
3
4
3
3
3
2
3
0
-1
-2
-2
-3
-4
-6
-7
-9
-10
-11
-10
-10
-11
-11
-12
-14
-15
-13
-13
-13
-14
-15
-17
-19
-19
-20
-20
-21
-19
-18
-16
-13
-10
-8
-5
-4
-2
-1
0
3
2
2
0
-1
-2
-1
-1
0
1
2
2
2
0
2
2
1
-2
0
2
4
6
5
5
7
8
11
12
12
14
14
15
17
17
17
19
20
20
19
19
16
16
15
14
14
13
13
12
10
10
7
6
6
6
6
3
2
0
-1
-2
-3
-4
-4
-4
-4
-5
-5
-5
-5
-6
-6
-5
-5
-5
-6
-7
-9
-10
-13
-16
-18
-20
-22
-23
-25
-26
-25
-23
-21
-21
-20
-19
-19
-20
-20
-19
-17
-16
-15
-15
-16
-14
-12
-10
-7
-2
0
2
3
3
4
6
7
7
9
11
10
10
11
12
13
14
14
15
16
17
16
16
16
17
17
18
19
19
17
17
17
15
17
18
20
19
20
20
19
19
21
19
18
17
16
14
12
10
7
5
3
1
0
-2
-5
-8
-9
-10
-10
-9
-7
-6
-9
-9
-9
-10
-9
-10
-8
-8
-7
-6
-5
-6
-8
-9
-11
-11
-13
-13
-14
-14
-15
-17
-18
-21
-22
-24
-23
-26
-25
-24
-25
-24
-22
-22
-23
-19
-18
-17
-13
-9
-8
-5
-2
-1
-1
2
2
2
2
3
3
4
5
4
3
4
5
6
8
10
12
11
12
12
11
13
14
16
16
16
17
19
22
23
23
24
22
22
21
21
21
21
20
19
18
15
13
12
9
7
5
4
4
3
4
5
6
6
5
4
4
3
1
-1
-3
-6
-8
-9
-11
-11
-13
-14
-15
-14
-13
-12
-10
-11
-12
-11
-11
-10
-10
-10
-9
-9
-9
-11
-11
-10
-12
-11
-10
-12
-11
-10
-10
-9
-10
-8
-9
-10
-10
-10
-11
-12
-10
-9
-7
-6
-3
-3
-3
-2
1
3
5
6
8
9
11
10
10
9
9
10
10
10
12
11
11
12
13
14
13
11
11
10
9
10
10
11
10
10
10
10
10
9
9
8
6
6
5
5
2
3
2
1
0
-1
-3
-3
-4
-4
-5
-6
-6
-7
-8
-8
-9
-9
-9
-8
-8
-7
-8
-9
-8
-7
-8
-8
-8
-8
-8
-9
-9
-10
-11
-12
-12
-12
-10
-8
-8
-7
-6
-6
-6
-5
-5
-4
-3
-3
-4
-4
-3
-3
-1
-1
-1
-1
-1
-2
-1
1
1
2
4
5
6
5
6
5
5
5
5
7
7
6
6
8
10
11
11
11
11
11
11
10
10
11
10
11
11
11
10
10
9
10
9
7
7
8
7
6
5
4
4
4
4
4
4
3
3
2
2
1
2
1
0
-1
-2
-1
-2
-2
-3
-4
-5
-4
-4
-5
-5
-6
-5
-6
-7
-6
-6
-7
-6
-9
-10
-9
-9
-8
-8
-9
-10
-12
-12
-11
-10
-9
-9
-9
-9
-9
-9
-9
-8
-8
-7
-5
-3
-3
-4
-5
-4
-3
-3
-1
-1
-2
-2
-2
-2
-2
-3
-4
-4
-3
-3
-3
-2
-3
-2
-2
0
2
3
2
2
3
3
4
5
7
7
7
7
8
10
10
10
11
12
11
13
12
12
13
14
15
15
14
14
15
15
15
14
14
12
11
8
6
6
5
4
3
3
1
1
-1
-1
-2
-2
-4
-5
-5
-6
-6
-7
-9
-10
-11
-11
-10
-11
-12
-14
-14
-14
-15
-16
-16
-16
-17
-16
-16
-15
-15
-14
-13
-10
-9
-9
-8
-7
-6
-5
-4
-2
-2
-2
-2
-2
0
1
2
3
4
5
6
6
6
6
7
8
10
9
9
8
7
7
6
4
6
7
6
5
6
7
9
10
12
13
