-2
-2
-1
0
0
1
1
0
-1
-1
-2
-4
-4
-4
-5
-4
-3
-1
0
-1
0
-1
-2
-2
-3
-2
-2
-3
-1
-1
1
2
2
2
3
4
4
4
5
4
4
3
2
1
0
-1
-1
1
0
2
2
2
1
-1
0
-1
-1
0
1
3
2
3
3
2
3
2
0
1
1
0
-1
-1
-2
-2
-2
-2
-2
-4
-2
-2
-2
-1
-1
-1
-2
-2
-2
-3
-4
-3
-2
-2
-2
-2
-2
-2
-2
-3
-3
-3
-2
-1
-1
1
1
1
2
1
2
2
1
1
1
1
0
0
1
1
1
1
1
0
1
0
-1
-1
-1
-1
-1
-1
-1
0
-2
-1
0
0
0
0
-1
-1
-1
-1
-1
-1
-1
-2
-1
0
0
0
1
0
0
0
0
1
0
0
2
3
3
4
5
6
6
6
4
4
4
3
1
1
0
0
1
0
0
1
2
0
0
0
-1
0
0
0
-1
-2
0
-2
-1
-2
-1
0
-1
-1
-1
-3
-2
-3
-4
-3
-4
-3
-1
-2
-1
-1
0
0
0
1
0
1
1
0
1
0
-1
-1
-1
0
0
0
0
-1
-2
-2
-1
-1
-2
-1
-2
-3
-3
-2
-1
0
1
1
1
0
0
1
0
0
0
0
0
0
-1
0
-1
0
-2
-1
0
0
0
1
2
1
1
2
1
2
2
3
5
5
5
5
4
4
3
3
3
2
3
3
2
2
1
1
-1
-2
-2
-1
-2
-2
-3
-3
-3
-4
-3
-3
-4
-3
-2
-2
-3
-3
-3
-2
-1
-3
-2
-3
-3
-2
-2
-1
1
2
2
1
1
1
0
0
-1
0
0
0
1
3
2
2
1
1
2
2
3
2
3
3
1
2
1
0
0
0
-1
-1
-1
-2
-3
-3
-4
-3
-4
-3
-2
-2
-4
-3
-2
-1
0
2
2
3
3
2
2
1
2
1
1
1
2
2
0
0
-1
-1
-1
0
-1
0
0
1
1
1
0
1
1
1
1
1
2
1
0
-2
-1
-1
-1
0
-1
-1
-1
-3
-3
-1
-2
-2
-1
0
1
1
3
3
3
2
3
3
3
5
4
4
4
3
2
0
0
1
-1
-3
-2
-2
-3
-2
-3
-2
-2
-2
-3
-3
-3
-1
-2
0
2
2
2
3
2
3
2
2
1
0
0
-3
-3
-3
-4
-3
-2
-2
-2
-3
-1
1
2
3
3
6
6
6
7
7
7
7
6
4
3
2
-1
-2
-3
-3
-2
-3
-4
-4
-6
-6
-7
-7
-7
-6
-4
-3
-1
1
2
4
4
4
4
3
0
-1
-2
-2
-1
-2
-1
-2
-2
-3
-5
-8
-11
-11
-11
-8
-5
-2
1
5
8
10
9
7
5
4
2
-1
-2
-3
-2
-4
-3
-2
-3
-5
-8
-9
-10
-11
-12
-10
-8
-7
-3
1
5
9
12
16
18
19
18
15
12
9
6
4
2
3
2
3
3
2
3
1
0
1
0
0
1
2
5
5
8
9
9
10
8
6
4
0
-3
-5
-7
-7
-8
-9
-8
-9
-8
-7
-6
-6
-6
-6
-6
-6
-5
-4
-1
2
5
7
7
8
6
4
2
0
-2
-4
-5
-6
-6
-6
-6
-4
-4
-4
-1
1
2
1
0
0
-2
-3
-4
-5
-4
-3
-3
-1
1
0
-2
-4
-7
-9
-10
-11
-9
-8
-3
0
3
6
9
9
10
9
10
10
9
11
11
12
13
15
15
14
15
13
12
9
5
2
0
-2
-4
-4
-3
-2
-1
0
2
2
2
1
-3
-5
-10
-15
-18
-23
-25
-25
-24
-23
-21
-19
-18
-15
-11
-8
-4
-2
-1
-1
-1
-1
-3
-2
0
3
7
10
14
15
13
10
7
6
4
4
4
7
11
15
19
19
19
18
16
14
11
8
6
4
4
4
8
9
7
2
-2
-4
-6
-10
-14
-19
-21
-20
-15
-10
-7
-2
6
9
8
4
0
-8
-15
-19
-15
-8
2
12
18
17
8
-1
-11
-23
-34
-37
-31
-21
-6
5
15
22
24
21
16
10
7
3
1
-3
-5
-6
-5
3
7
5
1
-5
-8
-7
-4
0
-2
-2
-4
-3
0
4
7
10
13
18
30
37
35
26
22
15
9
6
5
5
1
1
2
2
0
-2
-1
-7
-20
-27
-26
-19
-11
-6
-5
-5
-1
-8
-21
-31
-35
-33
-19
-2
8
14
20
22
16
5
-11
-25
-29
-25
-20
-22
-21
-9
5
10
6
6
7
4
11
20
29
28
21
17
14
21
35
83
160
226
277
302
279
184
39
-114
-248
-334
-354
-302
-188
-56
61
119
109
56
-25
-105
-162
-171
-115
-31
37
79
78
49
24
29
20
2
-11
-26
-45
-91
-189
-309
-395
-397
-343
-264
-156
-39
65
116
102
31
-64
-147
-185
-171
-116
-22
81
175
255
284
253
189
137
98
73
70
102
152
190
205
201
191
186
177
173
179
191
182
136
90
77
106
156
199
244
282
296
260
180
73
-26
-79
-88
-62
-11
42
76
76
5
-124
-248
-318
-346
-358
-333
-315
-306
-292
-282
-276
-283
-312
-352
-366
-349
-315
-286
-282
-313
-349
-379
-388
-366
-298
-194
-86
23
126
200
250
273
283
282
260
251
279
372
483
569
620
641
655
630
552
433
309
211
117
47
1
-9
20
45
56
43
23
21
36
54
50
37
26
27
31
32
52
75
99
121
141
145
123
61
-48
-166
-284
-364
-408
-434
-437
-435
-431
-467
-521
-589
-680
-734
-746
-728
-728
-711
-658
-605
-561
-569
-561
-512
-447
-382
-316
-182
-8
171
297
384
480
550
607
648
668
660
657
740
846
926
944
915
856
754
649
534
435
342
263
184
89
28
39
85
83
34
15
33
41
23
14
-4
-38
-72
-73
-11
76
196
311
371
339
257
211
142
51
-53
-119
-129
-145
-162
-210
-261
-348
-483
-610
-756
-867
-941
-985
-1012
-1051
-1043
-1004
-918
-827
-770
-730
-738
-737
-735
-745
-745
-707
-529
-223
66
264
472
717
899
954
946
929
856
768
765
913
1054
1162
1278
1327
1294
1195
1122
1002
789
539
258
38
-140
-198
-140
-134
-143
-125
-34
16
6
-15
-107
-249
-435
-538
-489
-402
-268
-90
95
245
387
529
558
467
275
88
-40
-186
-318
-364
-359
-358
-365
-358
-345
-368
-445
-599
-779
-983
-1156
-1236
-1320
-1377
-1369
-1299
-1174
-1006
-828
-735
-699
-722
-763
-756
-768
-720
-498
-177
89
319
615
976
1247
1344
1363
1369
1306
1218
1254
1313
1325
1342
1366
1399
1411
1458
1501
1431
1257
973
729
432
165
24
-112
-236
-351
-335
-284
-258
-234
-286
-360
-545
-700
-764
-817
-775
-708
-580
-469
-315
-95
91
262
299
296
280
218
163
48
-7
-58
-122
-209
-278
-251
-259
-296
-428
-585
-734
-919
-1092
-1244
-1303
-1373
-1430
-1422
-1382
-1276
-1184
-1076
-1031
-994
-944
-882
-802
-689
-350
-42
180
385
677
1051
1272
1502
1669
1727
1661
1622
1803
1895
1985
1980
1967
1949
1838
1872
1788
1693
1405
1077
799
451
285
124
-9
-264
-509
-610
-727
-730
-840
-907
-1062
-1262
-1325
-1378
-1331
-1339
-1257
-1198
-1119
-899
-655
-345
-149
11
157
254
345
370
452
449
428
387
317
297
244
202
100
-34
-188
-349
-472
-644
-761
-906
-1104
-1280
-1423
-1515
-1633
-1675
-1695
-1679
-1625
-1549
-1370
-1216
-1088
-962
-677
-300
-56
199
418
806
1183
1446
1709
1914
2137
2197
2359
2495
2598
2705
2644
2599
2422
2329
2258
2109
1929
1566
1303
963
679
479
204
-132
-546
-767
-1004
-1153
-1264
-1390
-1487
-1697
-1790
-1828
-1810
-1790
-1770
-1726
-1718
-1516
-1247
-959
-709
-505
-250
-7
283
452
602
731
790
832
759
743
712
659
530
366
268
98
-9
-208
-431
-642
-888
-1110
-1319
-1449
-1637
-1778
-1857
-1902
-1851
-1796
-1729
-1657
-1512
-1328
-1194
-1015
-649
-204
113
328
691
1243
1627
1901
2180
2443
2563
2617
2785
2901
3003
2947
2862
2767
2613
2563
2434
2251
1862
1490
1141
708
358
11
-308
-782
-1218
-1465
-1549
-1604
-1766
-1849
-1974
-2093
-2135
-2139
-2103
-2084
-1970
-1940
-1869
-1615
-1255
-848
-576
-327
-27
315
619
836
1013
1081
1180
1191
1083
1047
1004
947
745
525
360
240
93
-204
-439
-625
-846
-1116
-1333
-1466
-1641
-1792
-1957
-1987
-1942
-1898
-1789
-1706
-1566
-1364
-1102
-952
-718
-261
70
350
610
1101
1609
1926
2218
2435
2690
2742
2859
2952
2963
2967
2816
2744
2563
2455
2309
2069
1819
1434
1153
795
418
19
-325
-661
-1113
-1397
-1623
-1718
-1879
-2033
-2091
-2154
-2117
-2105
-2067
-2101
-2046
-1925
-1859
-1716
-1459
-1057
-747
-455
-138
238
628
870
1024
1112
1200
1214
1182
1097
1061
1046
912
744
590
491
381
216
-51
-318
-516
-764
-1047
-1284
-1460
-1625
-1771
-1872
-1904
-1822
-1741
-1677
-1620
-1562
-1438
-1288
-1167
-1090
-799
-395
-51
320
689
1249
1730
2044
2243
2450
2642
2591
2624
2655
2739
2736
2637
2653
2607
2579
2428
2270
2001
1581
1224
791
378
-36
-358
-758
-1204
-1464
-1640
-1741
-1920
-2022
-2090
-2189
-2262
-2287
-2246
-2290
-2206
-2079
-1958
-1754
-1421
-981
-692
-400
-74
287
646
885
1117
1304
1473
1551
1600
1658
1685
1722
1587
1381
1198
1026
822
541
229
-105
-382
-696
-1020
-1245
-1457
-1699
-1939
-2102
-2226
-2281
-2303
-2338
-2333
-2298
-2199
-2050
-1879
-1727
-1534
-1144
-705
-293
101
534
1121
1569
1862
2126
2468
2680
2706
2820
2970
3195
3222
3189
3223
3215
3155
2914
2695
2357
1935
1455
938
482
9
-385
-885
-1320
-1631
-1870
-2047
-2265
-2358
-2497
-2627
-2700
-2654
-2566
-2551
-2381
-2185
-1945
-1693
-1255
-708
-306
84
429
856
1231
1547
1822
2042
2245
2300
2355
2333
2313
2223
1966
1657
1292
953
548
149
-292
-733
-1139
-1573
-1948
-2265
-2501
-2760
-2972
-3120
-3231
-3233
-3205
-3113
-2967
-2787
-2615
-2392
-2104
-1820
-1476
-984
-434
50
482
983
1689
2267
2659
3006
3425
3725
3782
3927
4124
4316
4209
3972
3824
3622
3366
2920
2517
2029
1486
921
321
-156
-612
-972
-1482
-1990
-2324
-2515
-2671
-2913
-2967
-2973
-2986
-3000
-2867
-2603
-2419
-2138
-1839
-1517
-1186
-692
-72
370
769
1175
1660
2050
2292
2540
2745
2879
2784
2647
2515
2363
2139
1700
1254
815
396
-106
-638
-1126
-1572
-1995
-2520
-2957
-3248
-3443
-3679
-3877
-3879
-3811
-3688
-3568
-3359
-3070
-2759
-2507
-2277
-1917
-1534
-1152
-752
-152
500
1060
1561
2163
2908
3425
3814
4151
4512
4633
4598
4675
4713
4669
4316
4010
3720
3349
2887
2324
1867
1263
647
17
-533
-951
-1361
-1715
-2202
-2525
-2677
-2746
-2860
-2975
-2868
-2807
-2767
-2699
-2396
-2041
-1804
-1493
-1157
-742
-339
191
702
1054
1419
1793
2186
2408
2558
2721
2809
2752
2503
2276
2041
1728
1251
641
103
-379
-894
-1487
-1996
-2393
-2743
-3130
-3535
-3784
-3899
-4007
-4157
-4178
-4028
-3821
-3625
-3392
-3037
-2593
-2164
-1818
-1440
-963
-465
-65
398
1031
1643
2151
2560
3172
3803
4221
4504
4777
5048
4997
4905
4823
4739
4458
3930
3523
3078
2615
2002
1449
938
314
-279
-881
-1294
-1673
-1971
-2289
-2638
-2791
-2845
-2810
-2873
-2793
-2601
-2466
-2344
-2154
-1733
-1398
-1108
-799
-423
-12
338
775
1151
1463
1737
2004
2249
2373
2448
2470
2438
2257
1919
1582
1234
822
251
-371
-888
-1370
-1891
-2428
-2825
-3108
-3369
-3649
-3876
-3933
-3919
-3928
-3930
-3772
-3474
-3182
-2896
-2540
-2064
-1566
-1126
-736
-297
178
563
860
1298
1883
2381
2722
3063
3643
4172
4470
4662
4908
5070
4871
4614
4394
4206
3778
3149
2631
2158
1701
1106
629
201
-262
-734
-1216
-1510
-1754
-1935
-2206
-2458
-2538
-2512
-2437
-2442
-2302
-2107
-1947
-1814
-1607
-1235
-970
-767
-574
-288
43
337
672
941
1177
1375
1591
1774
1823
1813
1751
1651
1388
1017
692
364
-56
-609
-1098
-1447
-1779
-2186
-2584
-2813
-2976
-3157
-3358
-3430
-3338
-3248
-3210
-3127
-2835
-2465
-2168
-1921
-1571
-1114
-715
-418
-138
245
616
868
1071
1459
1953
2318
2558
2862
3358
3747
3938
4063
4253
4330
4154
3960
3784
3607
3188
2665
2253
1883
1465
925
510
128
-264
-702
-1095
-1323
-1527
-1711
-1967
-2116
-2124
-2070
-2045
-2060
-1933
-1781
-1660
-1581
-1408
-1140
-972
-861
-744
-513
-269
-49
188
398
619
815
1041
1214
1298
1335
1343
1306
1105
854
624
385
31
-403
-745
-1011
-1303
-1687
-1998
-2190
-2358
-2580
-2811
-2905
-2883
-2857
-2857
-2739
-2450
-2132
-1880
-1631
-1246
-813
-484
-298
-112
162
401
531
677
1051
1481
1797
2049
2463
3046
3456
3691
3876
4132
4216
4108
4005
3892
3730
3288
2829
2447
2083
1623
1067
638
182
-261
-737
-1098
-1327
-1552
-1749
-1985
-2058
-2038
-1980
-2004
-2051
-1954
-1885
-1860
-1867
-1713
-1505
-1404
-1308
-1150
-844
-574
-303
-21
256
528
770
1072
1299
1440
1506
1564
1571
1427
1241
1047
805
377
-109
-490
-824
-1220
-1686
-2032
-2261
-2460
-2679
-2842
-2858
-2826
-2826
-2834
-2684
-2397
-2131
-1929
-1711
-1370
-1005
-739
-563
-345
-66
145
256
462
917
1395
1734
2036
2558
3188
3609
3878
4146
4425
4440
4282
4138
3984
3704
3170
2668
2228
1785
1278
784
412
-17
-434
-826
-1082
-1280
-1492
-1675
-1874
-1962
-1984
-1962
-2003
-2027
-1947
-1891
-1863
-1818
-1617
-1425
-1336
-1224
-1006
-706
-469
-197
116
407
661
905
1229
1472
1589
1631
1682
1669
1469
1240
1021
753
319
-166
-525
-852
-1249
-1695
-2009
-2239
-2464
-2687
-2847
-2867
-2861
-2865
-2842
-2670
-2399
-2159
-1930
-1665
-1317
-989
-738
-555
-345
-77
134
271
509
961
1412
1748
2087
2622
3210
3560
3786
4052
4316
4309
4156
4046
3925
3645
3125
2683
2303
1864
1320
828
472
61
-365
-758
-1002
-1200
-1419
-1624
-1819
-1904
-1926
-1920
-1991
-2028
-1940
-1863
-1847
-1826
-1633
-1427
-1332
-1256
-1056
-755
-537
-336
-96
190
454
704
1005
1250
1401
1477
1561
1549
1379
1155
936
659
209
-230
-546
-830
-1230
-1657
-1920
-2114
-2342
-2617
-2781
-2819
-2844
-2895
-2868
-2633
-2316
-2047
-1804
-1466
-1057
-711
-493
-368
-208
-18
124
176
358
815
1284
1604
1918
2488
3150
3532
3711
3957
4272
4306
4119
3999
3935
3746
3243
2742
2389
2005
1489
937
533
103
-338
-740
-1034
-1238
-1435
-1572
-1733
-1823
-1812
-1718
-1708
-1798
-1786
-1731
-1711
-1761
-1704
-1558
-1482
-1441
-1329
-1055
-795
-576
-334
-79
191
458
786
1065
1212
1294
1409
1500
1391
1189
1032
828
423
-81
-432
-698
-1093
-1593
-1947
-2112
-2283
-2504
-2649
-2630
-2581
-2588
-2562
-2384
-2073
-1806
-1590
-1322
-974
-634
-391
-246
-144
10
160
196
251
590
1072
1430
1705
2139
2799
3295
3514
3729
4051
4211
4062
3899
3806
3686
3297
2765
2380
1995
1530
1013
619
231
-209
-598
-922
-1164
-1393
-1514
-1624
-1768
-1818
-1742
-1653
-1727
-1770
-1705
-1645
-1696
-1748
-1631
-1513
-1462
-1416
-1234
-970
-763
-526
-254
75
376
697
1040
1262
1397
1521
1670
1627
1408
1183
1003
698
194
-218
-516
-866
-1370
-1812
-2023
-2170
-2379
-2611
-2673
-2634
-2608
-2589
-2486
-2229
-1967
-1765
-1557
-1259
-930
-657
-510
-479
-404
-221
-58
-12
196
693
1187
1535
1876
2495
3170
3524
3682
3940
4256
4282
4119
3992
3890
3652
3131
2631
2235
1807
1290
764
339
-102
-486
-818
-1100
-1326
-1480
-1551
-1703
-1814
-1790
-1676
-1686
-1816
-1799
-1702
-1659
-1715
-1662
-1507
-1411
-1348
-1228
-965
-728
-505
-236
55
372
686
1067
1362
1505
1605
1734
1791
1599
1311
1075
813
340
-215
-587
-881
-1290
-1791
-2126
-2263
-2392
-2593
-2739
-2716
-2651
-2619
-2576
-2403
-2105
-1844
-1637
-1407
-1086
-747
-497
-371
-298
-126
96
198
312
699
1228
1635
1933
2370
3015
3509
3706
3865
4139
4280
4153
3976
3845
3696
3292
2722
2257
1838
1359
793
317
-97
-496
-829
-1131
-1343
-1494
-1555
-1637
-1770
-1810
-1719
-1615
-1682
-1732
-1654
-1552
-1544
-1565
-1460
-1329
-1231
-1172
-1022
-778
-539
-293
-80
196
494
821
1122
1278
1372
1446
1506
1386
1111
834
587
245
-286
-733
-1022
-1314
-1727
-2127
-2326
-2424
-2542
-2701
-2739
-2646
-2560
-2509
-2389
-2114
-1796
-1526
-1303
-1012
-652
-349
-152
-55
57
236
388
445
593
997
1432
1723
2002
2469
3073
3467
3619
3801
4071
4146
3961
3772
3630
3445
2984
2408
1997
1641
1209
676
262
-71
-386
-686
-976
-1141
-1241
-1303
-1414
-1519
-1507
-1396
-1338
-1441
-1466
-1388
-1323
-1361
-1418
-1352
-1267
-1226
-1219
-1100
-882
-685
-504
-333
-84
195
468
662
759
841
888
900
747
507
329
140
-167
-588
-892
-1085
-1317
-1640
-1924
-2023
-2083
-2180
-2283
-2283
-2166
-2041
-1949
-1814
-1548
-1263
-1013
-799
-554
-255
-13
149
228
316
457
589
656
740
1039
1426
1692
1943
2316
2788
3157
3324
3436
3607
3699
3554
3361
3195
3012
2727
2246
1821
1489
1125
681
259
-54
-329
-568
-843
-1056
-1145
-1191
-1286
-1440
-1480
-1404
-1335
-1420
-1497
-1425
-1358
-1359
-1431
-1417
-1333
-1288
-1291
-1257
-1085
-898
-744
-621
-467
-222
23
211
310
399
491
524
452
293
202
96
-123
-410
-652
-778
-929
-1152
-1393
-1515
-1555
-1628
-1703
-1731
-1645
-1542
-1456
-1342
-1134
-878
-686
-505
-314
-63
165
341
480
582
667
721
786
854
968
1136
1354
1584
1838
2125
2393
2651
2785
2851
2909
2920
2831
2665
2510
2331
2136
1802
1450
1174
858
516
151
-111
-325
-549
-802
-1007
-1066
-1130
-1229
-1352
-1388
-1335
-1324
-1361
-1400
-1337
-1297
-1337
-1388
-1371
-1258
-1209
-1208
-1171
-1033
-858
-739
-626
-494
-312
-170
-62
36
135
241
272
260
213
186
156
68
-62
-207
-305
-435
-595
-750
-851
-897
-973
-1031
-1035
-951
-856
-802
-731
-614
-460
-336
-235
-121
28
162
256
348
438
535
592
602
613
666
741
798
930
1126
1300
1441
1552
1711
1858
1915
1911
1903
1875
1768
1702
1643
1568
1420
1179
989
792
577
337
142
-40
-297
-526
-720
-822
-923
-1031
-1115
-1184
-1191
-1187
-1139
-1117
-1108
-1094
-1113
-1116
-1115
-1072
-1061
-1085
-1094
-1054
-949
-862
-739
-616
-492
-379
-252
-68
94
224
294
364
417
427
433
414
367
245
114
10
-83
-183
-295
-363
-424
-474
-499
-490
-462
-445
-439
-429
-389
-340
-282
-227
-186
-139
-72
23
115
163
194
245
280
287
290
321
357
395
470
532
617
718
839
972
1068
1171
1285
1381
1399
1425
1492
1509
1464
1297
1153
1012
799
554
335
196
3
-201
-385
-487
-525
-586
-628
-689
-696
-688
-684
-721
-785
-793
-849
-946
-1069
-1110
-1093
-1123
-1164
-1159
-1043
-917
-818
-698
-537
-340
-185
-38
106
253
382
454
495
499
520
527
488
407
330
310
272
196
119
109
103
33
-52
-106
-120
-165
-253
-332
-367
-392
-460
-535
-571
-560
-545
-540
-521
-459
-390
-352
-353
-372
-351
-319
-331
-372
-318
-149
-6
105
259
511
789
958
1083
1260
1455
1546
1574
1632
1710
1743
1622
1482
1397
1287
1117
901
734
558
368
145
-66
-211
-327
-434
-601
-727
-779
-805
-882
-1014
-1082
-1126
-1184
-1285
-1336
-1293
-1254
-1240
-1221
-1102
-921
-747
-594
-427
-205
8
198
348
494
654
773
831
832
870
927
914
813
698
647
581
446
279
173
108
-14
-173
-305
-373
-454
-602
-762
-866
-929
-1022
-1132
-1199
-1188
-1139
-1095
-1049
-975
-863
-762
-695
-658
-582
-456
-348
-281
-185
37
298
481
623
815
1088
1307
1412
1509
1670
1806
1816
1800
1831
1879
1816
1619
1450
1307
1132
878
607
375
149
-72
-306
-472
-569
-637
-730
-856
-909
-909
-904
-961
-1029
-1047
-1036
-1018
-1018
-946
-823
-700
-608
-491
-300
-102
70
183
301
445
577
672
713
757
799
811
759
688
669
641
533
357
218
145
54
-101
-286
-407
-497
-639
-813
-949
-1029
-1132
-1281
-1406
-1436
-1422
-1441
-1456
-1404
-1272
-1118
-980
-840
-661
-465
-318
-214
-103
38
177
251
289
383
570
745
823
888
1015
1203
1323
1366
1450
1569
1618
1543
1495
1508
1506
1367
1120
948
818
662
434
235
112
-25
-180
-328
-365
-349
-367
-448
-539
-523
-473
-451
-504
-545
-520
-487
-480
-496
-426
-332
-306
-333
-309
-169
-29
46
53
118
245
345
395
403
440
455
410
319
258
251
197
72
-106
-208
-230
-295
-430
-577
-648
-702
-787
-877
-909
-908
-972
-1069
-1111
-1061
-1010
-1007
-1024
-987
-871
-763
-637
-488
-327
-179
-59
47
156
270
304
273
227
219
287
384
430
457
542
652
784
894
994
1097
1146
1120
1114
1191
1232
1190
1032
886
822
737
625
496
415
305
167
46
7
65
61
-27
-136
-125
-25
32
15
-51
-57
-84
-138
-165
-135
-88
-132
-196
-200
-91
20
52
43
11
26
38
40
16
-49
-119
-212
-282
-325
-293
-284
-356
-452
-515
-479
-463
-523
-630
-706
-747
-804
-840
-869
-875
-923
-1013
-1052
-1006
-920
-886
-882
-843
-712
-529
-368
-213
-61
66
140
203
291
376
378
268
156
118
119
117
139
158
154
186
271
436
578
640
683
731
778
831
953
1050
1084
1047
1017
1100
1156
1137
1070
1027
961
837
746
680
646
549
409
324
317
361
352
298
213
176
155
81
13
-37
-64
-140
-247
-295
-275
-289
-417
-538
-607
-642
-699
-793
-849
-895
-938
-978
-961
-897
-851
-806
-786
-729
-636
-532
-470
-484
-489
-471
-424
-430
-460
-455
-465
-517
-579
-562
-509
-487
-511
-512
-418
-303
-204
-111
2
103
167
214
256
315
335
295
191
76
13
-47
-148
-293
-360
-302
-260
-257
-206
-31
180
292
388
589
848
997
1075
1239
1465
1666
1688
1673
1736
1766
1707
1574
1496
1427
1316
1128
931
834
762
658
469
325
275
243
144
-17
-102
-170
-297
-495
-650
-715
-814
-989
-1181
-1286
-1350
-1451
-1563
-1655
-1667
-1628
-1573
-1507
-1405
-1219
-1015
-856
-741
-567
-346
-207
-157
-117
9
129
126
74
93
156
136
49
2
24
37
-32
-110
-119
-72
-58
-98
-112
-61
9
28
9
3
38
66
31
-20
-11
14
-45
-182
-286
-329
-380
-490
-587
-548
-435
-370
-313
-172
75
332
530
740
1033
1333
1552
1762
1982
2203
2360
2369
2336
2295
2213
2063
1843
1604
1350
1097
802
523
306
111
-91
-310
-459
-541
-605
-703
-822
-919
-1029
-1145
-1280
-1420
-1553
-1676
-1795
-1909
-1969
-1963
-1906
-1865
-1819
-1669
-1422
-1172
-982
-767
-475
-192
8
165
367
544
627
638
650
716
732
662
559
509
501
467
417
367
344
301
216
122
67
38
-41
-172
-291
-342
-354
-390
-448
-466
-422
-357
-292
-218
-114
-20
-1
-33
-69
-104
-184
-324
-493
-622
-625
-561
-508
-409
-226
62
374
664
1019
1425
1753
1947
2143
2372
2553
2559
2375
2187
1964
1652
1281
920
605
257
-101
-413
-587
-652
-711
-797
-873
-829
-731
-672
-690
-733
-767
-870
-1029
-1185
-1263
-1351
-1534
-1681
-1711
-1608
-1475
-1338
-1173
-961
-696
-431
-139
125
340
499
583
642
692
750
743
650
526
452
455
447
396
332
306
287
261
260
277
275
172
15
-99
-147
-193
-321
-476
-582
-626
-638
-612
-542
-453
-380
-334
-243
-67
105
181
153
96
52
-9
-120
-271
-421
-563
-697
-721
-601
-429
-258
-89
152
472
803
1116
1385
1565
1653
1730
1811
1853
1785
1584
1350
1093
834
623
462
306
97
-92
-185
-163
-107
-94
-128
-196
-229
-251
-275
-349
-473
-635
-847
-1015
-1110
-1141
-1183
-1260
-1288
-1212
-1031
-827
-603
-406
-259
-124
28
212
332
359
304
204
123
59
20
-37
-126
-223
-272
-217
-112
3
69
119
176
252
361
436
451
373
239
109
6
-86
-203
-353
-512
-604
-614
-547
-449
-374
-307
-236
-124
20
166
252
238
166
84
3
-95
-223
-405
-616
-803
-911
-878
-775
-685
-571
-398
-134
174
476
773
1035
1214
1340
1515
1704
1835
1831
1706
1590
1477
1354
1214
1067
900
706
538
416
379
352
254
94
-63
-140
-189
-281
-449
-631
-795
-960
-1082
-1153
-1179
-1230
-1309
-1338
-1271
-1119
-956
-827
-746
-658
-521
-352
-208
-142
-120
-125
-143
-154
-142
-101
-98
-149
-194
-139
13
163
263
341
459
596
725
833
902
913
827
686
543
426
296
94
-151
-362
-477
-521
-550
-583
-599
-595
-579
-520
-412
-291
-229
-242
-266
-263
-264
-318
-441
-602
-766
-905
-999
-1026
-973
-895
-804
-645
-375
-2
367
689
994
1294
1564
1808
2030
2187
2252
2191
2080
1990
1875
1716
1497
1256
1018
807
621
445
280
82
-137
-360
-535
-651
-769
-922
-1093
-1212
-1282
-1311
-1314
-1303
-1273
-1238
-1175
-1068
-925
-774
-658
-587
-549
-474
-379
-328
-354
-423
-456
-466
-468
-446
-365
-241
-140
-30
148
408
661
830
939
1047
1155
1203
1171
1085
962
790
559
322
130
-28
-217
-431
-604
-673
-670
-668
-673
-653
-594
-537
-503
-457
-394
-360
-397
-476
-515
-518
-557
-656
-774
-849
-880
-895
-891
-833
-698
-528
-360
-139
179
549
864
1107
1364
1666
1938
2107
2230
2339
2406
2374
2254
2135
2002
1803
1520
1213
959
741
507
224
-40
-237
-406
-600
-794
-915
-990
-1088
-1222
-1312
-1322
-1322
-1366
-1435
-1450
-1410
-1377
-1373
-1365
-1301
-1207
-1132
-1080
-979
-807
-639
-530
-436
-264
-49
117
218
323
481
618
680
706
769
853
873
825
794
824
852
802
697
624
598
529
378
213
90
-25
-204
-417
-574
-662
-756
-892
-1005
-1028
-982
-948
-935
-874
-733
-572
-448
-336
-183
-15
88
105
107
143
164
110
15
-42
-11
53
86
149
316
561
792
984
1224
1525
1782
1914
1999
2103
2175
2113
1914
1694
1479
1208
851
480
168
-107
-399
-709
-942
-1060
-1143
-1254
-1367
-1386
-1341
-1321
-1352
-1365
-1324
-1303
-1325
-1357
-1332
-1262
-1205
-1168
-1111
-977
-792
-613
-465
-300
-75
147
303
408
534
667
727
703
668
683
684
619
523
473
488
488
452
431
464
505
489
435
397
386
331
203
61
-42
-123
-237
-373
-465
-490
-493
-508
-500
-437
-333
-242
-174
-86
45
178
262
315
381
455
490
456
388
331
261
140
-16
-149
-241
-311
-359
-377
-330
-216
-67
96
274
479
691
857
961
1056
1151
1186
1135
1014
883
734
521
266
17
-197
-411
-636
-844
-988
-1054
-1100
-1148
-1164
-1106
-1007
-930
-869
-789
-684
-619
-607
-590
-551
-517
-524
-540
-527
-469
-396
-322
-233
-116
29
171
294
406
517
609
649
649
629
605
553
456
342
254
205
166
135
136
190
276
362
452
560
676
758
785
781
759
708
604
462
317
183
52
-78
-184
-250
-280
-294
-287
-240
-162
-83
-25
22
67
91
69
-2
-104
-226
-379
-560
-742
-900
-1030
-1134
-1190
-1162
-1052
-898
-715
-481
-206
75
325
540
722
847
906
911
870
791
674
528
368
216
85
-21
-102
-160
-192
-206
-203
-183
-154
-139
-148
-170
-200
-242
-297
-362
-432
-511
-585
-632
-650
-647
-617
-552
-455
-329
-171
13
203
368
511
640
750
816
828
801
746
663
553
436
338
257
187
131
123
176
261
352
448
565
688
792
864
908
924
890
801
678
541
388
212
15
-177
-341
-481
-595
-690
-754
-791
-807
-802
-774
-725
-680
-650
-629
-607
-578
-568
-582
-622
-670
-726
-793
-866
-938
-992
-1036
-1061
-1047
-974
-856
-721
-566
-381
-163
59
266
452
615
747
850
933
1002
1046
1058
1036
994
945
891
827
740
643
539
432
334
247
165
79
-13
-95
-157
-199
-234
-270
-302
-318
-309
-276
-223
-153
-69
25
125
228
340
437
499
523
521
508
470
403
314
216
121
31
-40
-82
-95
-93
-79
-38
32
124
217
303
377
444
501
532
534
502
431
324
185
36
-113
-263
-425
-580
-707
-797
-853
-890
-899
-886
-857
-820
-774
-719
-669
-635
-621
-614
-602
-594
-605
-629
-652
-673
-690
-705
-715
-715
-707
-696
-673
-613
-518
-404
-293
-165
-5
175
359
535
709
878
1032
1177
1318
1456
1561
1622
1637
1624
1587
1514
1399
1244
1065
868
658
454
263
89
-86
-247
-372
-448
-487
-510
-514
-492
-446
-379
-299
-210
-124
-47
3
37
60
76
69
23
-49
-127
-193
-254
-315
-365
-397
-401
-390
-359
-300
-216
-128
-50
30
130
238
323
379
417
448
461
442
393
333
255
152
31
-83
-186
-283
-390
-501
-588
-645
-687
-729
-769
-788
-794
-798
-796
-778
-748
-722
-711
-701
-669
-623
-586
-563
-541
-506
-463
-426
-391
-350
-304
-261
-215
-153
-60
60
187
317
459
634
828
1014
1176
1320
1450
1540
1587
1598
1590
1539
1432
1282
1113
950
767
565
356
170
11
-135
-261
-359
-413
-454
-492
-512
-498
-457
-428
-410
-388
-350
-310
-281
-257
-232
-202
-183
-165
-138
-101
-61
-39
-23
-6
21
48
60
58
50
52
52
46
42
45
54
55
52
53
61
55
31
-4
-40
-74
-121
-179
-238
-290
-342
-389
-428
-457
-470
-481
-489
-487
-469
-443
-419
-400
-377
-350
-329
-306
-292
-279
-265
-251
-233
-209
-173
-134
-97
-57
-8
51
106
149
181
208
222
224
216
201
185
167
159
162
170
189
227
276
333
397
467
534
592
639
690
731
749
742
716
674
612
531
440
346
250
145
42
-42
-100
-144
-188
-218
-226
-214
-198
-178
-155
-129
-113
-111
-113
-115
-126
-152
-193
-231
-262
-287
-309
-328
-339
-335
-312
-276
-231
-181
-118
-55
4
59
113
160
181
176
157
127
87
28
-46
-123
-199
-268
-328
-368
-390
-395
-389
-362
-319
-261
-195
-139
-91
-55
-27
-10
-10
-23
-50
-83
-121
-152
-177
-190
-194
-189
-169
-130
-71
-3
69
137
203
266
315
349
366
360
332
285
224
156
82
3
-75
-143
-191
-215
-217
-195
-147
-73
16
120
233
343
442
520
575
609
617
603
565
505
430
349
262
177
102
39
-7
-38
-55
-54
-47
-35
-21
-10
-4
-4
-14
-31
-52
-80
-110
-135
-154
-165
-169
-161
-141
-111
-75
-31
11
52
83
102
104
91
58
4
-66
-145
-230
-317
-399
-473
-530
-568
-585
-583
-558
-512
-451
-378
-302
-222
-142
-69
-8
40
75
104
121
126
125
119
112
107
102
104
112
120
128
139
151
165
172
173
167
157
137
113
87
58
28
-6
-41
-72
-97
-118
-137
-157
-175
-186
-191
-192
-186
-169
-145
-125
-95
-49
7
60
114
164
217
271
319
365
402
427
437
430
417
398
370
329
278
228
174
127
83
51
23
-1
-15
-19
-7
13
31
45
59
75
89
102
109
104
94
78
62
39
16
-12
-47
-92
-135
-169
-204
-243
-289
-329
-361
-390
-412
-432
-441
-445
-443
-432
-408
-372
-338
-306
-271
-232
-188
-147
-110
-77
-44
-17
6
30
58
89
113
134
156
185
213
236
253
260
270
277
278
275
270
265
255
242
236
235
233
227
218
208
200
190
170
143
111
71
21
-33
-89
-151
-216
-284
-348
-400
-441
-471
-493
-504
-500
-478
-444
-401
-348
-294
-236
-180
-125
-70
-17
27
61
91
124
159
189
217
246
278
313
347
383
417
450
468
479
485
484
471
441
398
344
285
222
155
92
28
-31
-81
-117
-139
-153
-157
-158
-154
-143
-127
-108
-96
-90
-88
-88
-86
-89
-92
-99
-105
-106
-104
-96
-83
-68
-50
-33
-15
10
35
52
62
66
67
63
54
40
19
-7
-35
-62
-84
-102
-116
-130
-138
-140
-135
-129
-125
-126
-129
-134
-142
-156
-175
-201
-232
-266
-300
-333
-366
-401
-433
-458
-477
-490
-492
-488
-476
-457
-428
-389
-342
-290
-232
-170
-103
-32
43
119
195
269
341
415
496
579
657
730
803
873
937
995
1040
1073
1091
1094
1087
1067
1036
983
910
827
734
633
525
415
304
190
80
-20
-107
-186
-256
-325
-383
-430
-469
-502
-534
-564
-596
-625
-654
-681
-706
-731
-755
-778
-790
-794
-788
-778
-762
-738
-706
-663
-617
-567
-517
-470
-421
-377
-330
-285
-243
-208
-176
-140
-104
-63
-25
15
55
95
135
174
213
244
268
285
294
298
297
287
269
245
218
192
167
144
125
111
100
98
105
122
146
171
197
226
258
291
324
353
377
401
422
440
461
480
498
512
526
543
559
572
581
583
580
571
556
533
501
461
410
349
284
214
139
58
-27
-110
-192
-270
-347
-420
-488
-551
-607
-657
-697
-730
-757
-777
-789
-790
-778
-759
-732
-699
-658
-613
-562
-512
-459
-407
-359
-316
-277
-243
-217
-195
-183
-171
-163
-155
-151
-148
-144
-139
-133
-120
-102
-81
-56
-28
9
50
92
138
185
230
276
319
361
399
431
457
478
495
508
517
520
519
513
504
493
482
468
450
429
406
381
356
329
297
264
228
190
152
115
77
40
5
-25
-50
-69
-78
-82
-80
-74
-60
-44
-24
-3
15
33
51
63
69
72
68
60
46
29
9
-14
-42
-72
-105
-136
-170
-203
-236
-269
-300
-331
-360
-388
-415
-439
-464
-484
-503
-515
-524
-529
-528
-522
-506
-486
-461
-432
-396
-360
-321
-280
-238
-194
-153
-112
-74
-34
5
39
75
109
142
175
207
240
272
303
334
362
384
406
426
438
447
449
448
442
430
415
397
380
360
340
318
300
282
265
247
229
214
196
178
158
137
116
91
66
42
20
1
-18
-36
-50
-62
-71
-78
-81
-77
-73
-66
-57
-49
-38
-31
-27
-27
-25
-26
-32
-39
-48
-58
-72
-85
-99
-113
-128
-140
-155
-172
-188
-202
-216
-228
-243
-253
-263
-269
-275
-278
-280
-278
-275
-271
-262
-252
-243
-232
-219
-203
-184
-163
-142
-117
-93
-67
-43
-20
6
32
55
78
103
128
151
170
189
207
223
233
239
243
243
236
225
212
193
175
153
131
107
83
60
41
22
5
-7
-15
-21
-26
-25
-19
-11
-1
10
23
37
54
69
83
94
104
112
118
124
127
128
125
117
111
101
93
81
67
54
40
28
16
5
-5
-14
-21
-28
-35
-40
-48
-57
-65
-74
-80
-88
-95
-99
-104
-110
-114
-115
-114
-115
-113
-110
-104
-96
-87
-79
-70
-60
-51
-39
-29
-19
-9
-3
1
6
9
9
7
4
1
-3
-7
-11
-15
-17
-17
-17
-15
-7
2
12
21
33
45
62
75
87
99
106
110
111
108
105
98
89
77
63
49
34
18
-3
-22
-40
-57
-74
-93
-110
-128
-144
-161
-175
-187
-199
-209
-218
-221
-223
-218
-211
-200
-183
-164
-140
-112
-78
-46
-12
25
58
90
121
151
175
196
214
229
244
255
266
273
281
284
286
286
284
278
269
256
242
223
202
176
148
117
85
55
23
-7
-36
-64
-91
-115
-134
-149
-162
-172
-177
-179
-176
-173
-169
-164
-156
-150
-142
-134
-126
-120
-113
-108
-102
-96
-90
-85
-82
-77
-73
-72
-70
-67
-69
-71
-73
-76
-80
-82
-88
-93
-99
-103
-105
-106
-107
-105
-101
-94
-85
-73
-60
-46
-32
-17
-2
11
25
38
49
58
68
78
85
92
99
107
112
118
125
130
137
144
149
155
162
168
173
178
182
184
186
189
192
194
195
197
198
200
199
200
199
199
196
193
186
178
166
151
134
117
96
75
51
25
-1
-27
-54
-79
-103
-126
-146
-164
-180
-195
-208
-221
-234
-246
-254
-265
-274
-283
-292
-300
-307
-313
-317
-318
-316
-312
-305
-294
-279
-262
-243
-222
-198
-172
-146
-121
-96
-73
-50
-29
-9
11
29
46
62
76
91
105
119
132
144
155
165
174
182
187
190
190
187
183
175
169
160
149
140
131
122
116
110
103
96
93
89
85
82
76
73
67
62
56
53
49
45
42
41
43
46
51
57
64
73
81
89
96
102
105
104
100
95
86
74
59
42
24
4
-15
-35
-54
-71
-85
-98
-110
-122
-130
-138
-143
-147
-148
-153
-155
-157
-159
-161
-161
-160
-159
-156
-153
-146
-138
-127
-115
-102
-86
-69
-52
-32
-18
-4
9
21
32
42
51
57
60
63
66
66
67
65
64
62
59
56
51
47
41
32
25
17
11
6
-2
-8
-11
-13
-14
-12
-9
-4
3
9
17
25
35
40
46
50
54
56
55
53
48
41
35
27
20
13
8
2
-4
-10
-11
-12
-13
-11
-10
-7
-4
-2
-1
1
4
4
5
7
9
12
13
15
17
20
24
27
30
33
36
36
37
37
35
31
26
19
10
0
-9
-22
-33
-43
-54
-62
-68
-73
-76
-77
-72
-68
-59
-52
-43
-34
-26
-18
-12
-8
-5
-3
-1
-1
-3
-4
-4
-7
-8
-9
-8
-8
-5
-4
-5
-5
-5
-8
-13
-17
-21
-26
-32
-36
-40
-44
-45
-45
-42
-39
-31
-24
-17
-6
4
14
22
28
35
40
41
39
39
35
30
27
25
23
25
25
29
34
42
51
59
69
76
85
89
93
95
94
92
87
82
76
69
61
54
49
45
42
41
41
41
41
42
41
40
39
35
28
21
11
0
-14
-27
-40
-53
-64
-72
-79
-84
-88
-91
-91
-90
-88
-86
-83
-81
-81
-81
-80
-82
-83
-86
-89
-89
-91
-93
-93
-94
-92
-90
-87
-83
-78
-75
-71
-68
-65
-61
-60
-57
-54
-51
-49
-45
-41
-35
-27
-18
-10
2
12
25
34
45
55
64
74
83
91
99
105
110
114
119
123
129
133
138
142
145
148
151
151
151
148
145
138
132
124
114
101
88
75
63
49
35
24
11
0
-10
-18
-25
-31
-37
-42
-46
-51
-55
-58
-61
-62
-63
-61
-61
-60
-57
-55
-53
-50
-44
-42
-39
-40
-39
-41
-42
-45
-50
-56
-62
-70
-77
-86
-93
-100
-105
-110
-115
-120
-123
-126
-130
-134
-135
-135
-134
-133
-132
-130
-127
-120
-113
-103
-92
-79
-65
-49
-29
-10
11
31
52
75
97
117
136
151
166
179
190
200
208
212
217
219
219
220
219
217
212
208
204
197
190
180
167
155
141
125
108
90
71
52
31
11
-8
-26
-42
-58
-71
-82
-90
-98
-102
-107
-110
-111
-113
-113
-113
-112
-113
-113
-115
-114
-115
-114
-114
-112
-108
-105
-100
-94
-88
-81
-75
-68
-62
-56
-52
-50
-50
-51
-53
-57
-63
-67
-73
-78
-83
-85
-86
-86
-85
-80
-76
-72
-63
-56
-49
-42
-33
-26
-18
-11
-4
3
13
20
27
36
45
56
65
77
87
98
110
121
131
140
147
152
156
159
159
158
155
151
147
141
134
128
122
115
109
102
96
91
84
75
69
60
52
43
35
25
16
4
-5
-14
-25
-33
-42
-51
-59
-67
-74
-79
-85
-92
-94
-98
-100
-103
-106
-109
-110
-111
-111
-111
-109
-107
-104
-101
-97
-93
-87
-81
-76
-70
-64
-58
-53
-47
-41
-36
-31
-24
-19
-14
-8
-5
-1
4
8
10
13
17
20
23
25
26
29
32
33
35
36
37
39
39
41
42
43
43
44
45
45
46
45
46
45
45
45
44
45
44
45
46
47
47
48
48
48
48
51
50
52
52
52
50
49
48
47
43
39
34
28
24
17
10
3
-4
-11
-20
-27
-33
-39
-46
-51
-56
-61
-65
-69
-72
-73
-74
-75
-76
-78
-79
-79
-76
-75
-72
-70
-66
-61
-55
-49
-43
-37
-28
-21
-14
-8
0
5
9
13
15
20
21
21
22
23
21
21
21
22
21
22
23
23
24
25
25
26
26
25
25
25
23
23
23
21
19
17
16
16
14
14
12
11
12
11
11
12
11
10
9
9
9
7
6
6
4
2
1
0
-2
-3
-5
-6
-7
-6
-6
-5
-6
-6
-7
-7
-7
-9
-8
-10
-12
-14
-17
-20
-23
-26
-29
-32
-34
-36
-37
-37
-37
-37
-36
-32
-29
-26
-22
-16
-11
-4
3
11
17
25
35
42
50
59
66
73
82
88
95
101
104
107
108
108
105
100
94
86
76
66
54
41
30
18
6
-5
-17
-25
-33
-40
-47
-53
-57
-61
-64
-68
-72
-76
-80
-83
-87
-93
-97
-101
-104
-107
-108
-109
-107
-104
-101
-95
-90
-84
-76
-71
-63
-56
-50
-45
-42
-37
-32
-30
-26
-23
-18
-13
-10
-5
0
6
12
19
25
30
34
39
44
49
52
55
58
59
62
63
63
65
68
71
72
76
79
81
85
89
91
95
97
98
101
99
99
99
99
97
97
95
94
91
88
86
85
81
76
71
66
59
52
42
33
20
8
-4
-17
-31
-45
-58
-71
-84
-95
-105
-115
-123
-130
-136
-142
-146
-150
-153
-156
-158
-158
-159
-158
-157
-153
-150
-144
-138
-132
-122
-115
-106
-96
-85
-74
-63
-51
-39
-27
-17
-5
6
17
27
36
44
53
61
68
75
81
87
93
99
102
106
108
109
109
109
108
106
104
103
100
96
90
86
84
80
78
76
73
72
68
67
65
64
61
59
56
54
49
46
41
34
30
24
19
14
8
4
-1
-5
-9
-13
-17
-23
-27
-32
-38
-43
-48
-52
-58
-60
-65
-67
-70
-72
-73
-73
-73
-72
-71
-70
-68
-64
-64
-64
-63
-63
-61
-61
-60
-59
-59
-59
-59
-58
-56
-53
-49
-47
-42
-37
-32
-27
-22
-16
-13
-7
-1
1
4
6
9
10
11
14
15
15
17
19
21
23
25
28
32
34
37
39
41
43
45
45
45
44
43
42
41
40
39
38
37
37
36
36
36
34
33
35
35
35
35
34
33
32
32
31
29
27
26
26
25
25
25
25
26
25
25
23
22
19
17
13
9
6
1
-1
-6
-10
-14
-17
-19
-21
-22
-24
-28
-28
-30
-30
-29
-32
-33
-34
-34
-35
-36
-35
-35
-36
-36
-36
-36
-36
-34
-34
-35
-35
-34
-33
-32
-32
-33
-33
-35
-35
-35
-36
-38
-39
-41
-42
-44
-44
-44
-44
-43
-43
-39
-36
-32
-26
-19
-12
-4
4
11
17
24
30
38
44
50
54
60
64
68
73
75
77
80
81
83
84
84
83
81
79
77
73
70
68
64
60
55
51
47
43
40
38
35
30
26
24
20
18
14
8
5
-1
-5
-11
-17
-21
-26
-31
-36
-42
-46
-50
-54
-57
-60
-65
-69
-74
-79
-82
-86
-89
-92
-94
-96
-98
-99
-98
-98
-96
-94
-90
-86
-83
-78
-72
-68
-63
-58
-51
-46
-41
-35
-29
-23
-16
-10
-4
0
7
12
17
21
28
32
35
40
45
48
54
58
63
68
73
77
82
87
90
94
99
102
105
108
110
110
111
111
112
111
108
107
106
102
99
93
87
84
77
69
61
55
48
39
32
24
16
7
-2
-10
-18
-27
-37
-45
-52
-60
-67
-75
-82
-88
-94
-98
-101
-106
-110
-112
-112
-115
-114
-113
-112
-112
-111
-108
-105
-102
-100
-95
-91
-87
-83
-78
-73
-67
-61
-55
-48
-43
-37
-30
-24
-18
-13
-6
0
6
13
19
24
28
33
36
40
45
48
51
54
56
58
59
61
61
63
64
64
63
63
63
62
62
62
62
64
64
65
65
67
70
69
71
73
72
74
75
74
74
73
72
70
66
62
56
52
45
39
32
26
20
13
6
-2
-9
-17
-25
-31
-39
-46
-55
-62
-68
-74
-79
-83
-87
-90
-91
-93
-94
-94
-95
-96
-92
-90
-86
-81
-79
-73
-68
-64
-58
-53
-47
-43
-39
-35
-32
-27
-24
-20
-18
-16
-13
-13
-11
-10
-8
-6
-4
-1
1
1
4
5
7
12
14
17
19
22
25
29
31
35
39
43
47
50
54
57
59
60
62
64
64
64
64
63
61
59
59
55
53
51
48
45
43
39
36
34
31
28
26
24
20
18
13
10
6
4
0
-3
-7
-11
-14
-18
-23
-26
-28
-30
-34
-35
-37
-37
-39
-41
-42
-43
-44
-44
-45
-44
-43
-43
-42
-40
-37
-35
-34
-31
-29
-27
-25
-21
-19
-17
-16
-13
-11
-9
-7
-4
-4
-3
0
1
3
4
6
7
9
12
14
15
15
15
15
14
11
10
9
7
4
1
0
-4
-5
-6
-6
-7
-7
-8
-6
-5
-4
0
2
5
8
8
10
11
13
15
16
18
19
21
22
23
25
25
23
24
22
22
19
17
13
9
6
3
-1
-3
-6
-9
-12
-13
-14
-16
-18
-17
-19
-19
-19
-20
-19
-17
-16
-16
-13
-13
-11
-9
-7
-6
-1
2
5
8
12
15
18
21
25
27
29
32
35
36
37
36
37
39
38
38
36
35
34
31
28
27
25
21
16
12
8
0
-7
-11
-16
-22
-28
-33
-38
-43
-48
-52
-53
-54
-56
-56
-56
-56
-57
-56
-55
-54
-52
-50
-49
-47
-45
-42
-40
-36
-34
-31
-27
-21
-16
-12
-7
-2
3
7
12
15
18
18
22
24
26
26
26
28
27
26
26
25
25
24
24
26
25
25
24
24
23
24
26
26
28
28
30
31
32
33
34
36
36
40
41
41
42
44
45
46
48
47
46
44
43
40
39
35
33
30
27
22
17
12
7
1
-3
-7
-12
-18
-23
-29
-34
-40
-45
-49
-52
-57
-61
-65
-69
-71
-73
-75
-76
-76
-77
-76
-75
-75
-72
-69
-65
-61
-57
-52
-48
-43
-38
-33
-28
-22
-18
-13
-8
-4
0
4
7
11
13
17
20
22
26
29
31
33
37
38
39
41
42
44
45
45
45
43
43
44
43
42
42
42
42
41
41
40
38
37
36
34
31
29
27
25
24
22
19
18
15
14
13
12
11
9
9
6
6
4
3
1
0
-1
-3
-6
-10
-13
-15
-18
-21
-24
-25
-28
-31
-32
-34
-35
-36
-37
-37
-35
-35
-35
-36
-34
-34
-33
-33
-33
-34
-33
-33
-32
-31
-31
-28
-26
-24
-22
-20
-17
-15
-12
-9
-5
-3
-2
2
4
7
9
12
15
17
19
20
22
23
24
24
26
26
28
27
26
26
26
27
26
25
26
24
23
22
20
18
17
17
14
13
13
13
12
11
11
11
10
10
9
6
6
4
2
2
0
-1
-2
-4
-3
-3
-5
-4
-4
-2
-1
1
2
2
3
5
6
7
7
7
5
5
5
3
2
1
2
-1
-5
-7
-8
-10
-11
-13
-15
-16
-19
-21
-24
-25
-26
-27
-27
-28
-29
-30
-31
-34
-33
-33
-31
-30
-29
-28
-27
-25
-23
-21
-18
-17
-14
-11
-9
-7
-5
-4
1
3
6
9
10
13
13
14
16
17
20
21
22
22
21
21
21
20
22
20
20
19
18
16
15
14
13
13
13
13
12
10
10
12
11
13
13
14
14
15
15
16
18
19
19
20
22
22
22
20
21
21
20
19
17
15
13
10
7
5
3
1
-1
-2
-6
-10
-9
-12
-14
-15
-16
-18
-19
-20
-21
-24
-23
-26
-26
-27
-27
-27
-27
-28
-28
-28
-27
-27
-26
-26
-26
-25
-25
-24
-25
-23
-22
-21
-20
-19
-19
-20
-17
-17
-15
-12
-11
-10
-7
-5
-2
0
3
5
8
10
11
12
13
15
16
19
19
22
24
23
25
26
26
28
27
29
30
29
29
28
26
24
23
23
21
21
21
20
18
18
18
16
16
16
15
16
14
13
14
12
10
10
9
6
5
1
-1
-3
-5
-8
-11
-14
-16
-18
-20
-19
-21
-21
-21
-20
-21
-22
-21
-22
-21
-20
-20
-20
-19
-20
-20
-20
-21
-21
-23
-23
-21
-22
-22
-22
-22
-22
-22
-22
-22
-22
-22
-20
-19
-17
-16
-15
-13
-12
-9
-7
-5
-2
2
4
8
10
12
14
15
17
19
21
21
21
23
24
25
25
26
25
26
26
27
28
28
30
29
29
29
29
28
27
26
25
25
24
22
21
19
19
17
14
13
12
12
10
8
5
3
1
-3
-5
-5
-6
-8
-8
-11
-12
-13
-15
-15
-14
-14
-15
-16
-16
-17
-20
-20
-21
-21
-20
-20
-20
-21
-22
-23
-23
-22
-23
-22
-22
-22
-21
-21
-20
-19
-19
-18
-18
-18
-15
-14
-13
-13
-11
-9
-8
-7
-7
-7
-7
-5
-5
-2
0
1
4
5
8
9
10
12
14
15
17
18
20
19
21
20
22
24
24
25
25
25
25
25
25
26
26
25
25
25
23
22
21
20
19
19
18
16
14
12
9
8
5
3
2
-2
-5
-8
-9
-12
-16
-18
-19
-21
-22
-24
-25
-26
-26
-27
-26
-26
-25
-26
-25
-25
-23
-21
-21
-19
-19
-18
-18
-17
-17
-17
-15
-14
-12
-11
-10
-9
-8
-7
-7
-5
-3
-1
1
1
3
3
4
6
6
8
8
8
8
8
9
10
11
12
12
15
15
16
16
17
19
21
22
23
24
23
22
23
23
25
25
24
26
26
24
25
22
21
21
19
17
15
12
10
8
5
5
3
1
-1
-3
-5
-7
-10
-11
-15
-15
-17
-19
-21
-22
-22
-23
-22
-23
-24
-23
-22
-23
-23
-22
-23
-20
-20
-19
-19
-17
-16
-14
-12
-11
-10
-7
-6
-5
-2
-1
2
4
5
5
7
7
7
7
8
8
9
9
7
6
6
5
6
6
5
6
6
4
5
4
3
2
2
3
2
2
2
1
0
-1
-1
-3
-2
-3
-1
-1
-1
-1
-2
-2
-3
-3
-2
-4
-5
-6
-7
-7
-7
-8
-8
-9
-8
-7
-7
-8
-7
-7
-7
-5
-4
-2
-1
0
1
1
3
4
4
5
5
5
4
5
7
7
8
8
9
9
9
10
10
11
12
14
20
20
20
19
17
18
16
15
12
10
8
7
8
10
10
10
9
7
7
6
3
4
2
0
0
3
2
2
2
1
0
1
0
-1
-5
-9
-13
-15
-19
-21
-21
-21
-22
-22
-22
-25
-23
-22
-22
-21
-21
-19
-17
-15
-15
-13
-11
-8
-5
-4
-1
0
1
1
0
2
-1
0
1
-1
-2
-1
-1
-1
-3
-2
-2
-3
-4
-5
-4
-3
-3
0
0
1
4
5
7
9
10
13
13
15
15
14
15
15
16
18
17
19
19
20
22
22
23
22
21
21
21
22
20
18
17
15
15
16
15
15
12
10
9
7
5
3
0
-1
-3
-5
-8
-10
-12
-16
-17
-21
-24
-26
-28
-30
-32
-34
-35
-35
-36
-36
-36
-36
-35
-34
-32
-31
-29
-26
-24
-23
-20
-18
-15
-13
-10
-9
-6
-3
-1
3
5
6
6
7
8
8
10
10
11
12
13
12
13
13
13
11
11
12
13
14
13
14
15
13
13
14
15
16
16
16
21
22
22
22
20
19
19
20
16
16
15
14
15
18
21
23
27
26
27
26
28
31
35
35
31
33
30
30
29
23
17
12
6
1
-5
-14
-21
-29
-34
-41
-45
-48
-51
-52
-54
-54
-51
-47
-45
-45
-44
-43
-40
-36
-33
-33
-31
-29
-27
-26
-24
-24
-22
-19
-17
-16
-15
-13
-10
-8
-6
-1
3
6
11
14
17
21
24
27
32
32
36
37
38
37
34
32
30
28
25
23
20
15
11
6
4
0
-5
-10
-12
-15
-17
-19
-19
-19
-18
-16
-15
-12
-9
-7
-5
-4
-2
1
3
4
7
9
11
12
11
14
14
14
13
13
12
11
11
9
8
7
7
6
6
8
9
10
11
12
14
13
12
11
9
7
8
7
5
4
4
1
-2
-4
-8
-11
-13
-16
-19
-21
-22
-23
-25
-24
-24
-23
-21
-22
-20
-18
-16
-13
-13
-12
-11
-11
-12
-9
-7
-6
-4
-2
-2
0
1
2
4
5
5
5
5
4
5
3
3
3
3
3
4
4
3
4
4
4
6
7
7
7
8
8
9
8
7
6
7
6
7
6
6
6
6
7
6
8
9
10
11
12
13
13
15
16
17
18
19
20
18
17
17
15
13
12
9
8
7
6
4
3
0
0
-2
-4
-7
-8
-12
-15
-17
-20
-21
-22
-23
-24
-25
-27
-28
-30
-30
-30
-29
-28
-28
-25
-22
-21
-20
-17
-18
-16
-16
-16
-14
-13
-11
-11
-8
-4
-1
1
3
5
5
8
7
8
8
8
8
8
8
8
8
8
8
9
8
8
8
7
8
10
10
11
14
15
16
16
18
20
20
23
25
24
25
23
23
21
21
20
19
20
19
17
15
13
11
10
10
9
7
7
5
4
3
3
1
-1
-3
-3
-5
-8
-9
-12
-12
-14
-13
-17
-17
-19
-20
-21
-22
-21
-20
-21
-20
-20
-21
-19
-19
-19
-19
-19
-17
-17
-17
-18
-19
-18
-16
-15
-14
-13
-11
-11
-10
-7
-6
-5
-3
0
1
3
5
5
6
8
10
12
12
11
13
13
12
12
11
11
10
7
8
7
7
8
8
9
10
12
13
15
18
18
19
19
18
18
18
17
15
15
13
11
10
9
7
5
3
1
0
-2
-2
-2
-3
-4
-4
