-7
-7
-8
-9
-8
-6
-7
-9
-9
-10
-10
-11
-12
-11
-10
-10
-8
-7
-6
-3
-2
-3
-4
-3
0
0
1
1
3
2
0
0
-2
-2
-3
-4
-4
-4
-5
-3
-1
0
1
1
0
0
0
1
0
2
1
1
2
4
5
6
7
6
6
6
5
6
6
5
4
4
3
4
5
6
6
4
4
1
3
4
2
0
-1
3
4
4
4
7
8
6
5
5
4
0
1
1
1
2
2
-1
-1
1
0
-2
-4
-4
-4
-5
-7
-4
-2
-3
-6
-7
-5
-3
-3
-4
-3
-3
-3
-1
1
1
1
1
2
4
4
5
4
6
9
8
7
4
3
4
4
5
6
3
2
5
5
5
3
3
3
2
1
3
2
1
0
-1
0
-2
-2
-2
-3
-5
-5
-2
-2
-3
-3
-3
-4
-3
-4
-5
-5
-4
-4
-8
-8
-8
-7
-6
-3
-3
-4
-3
-2
-4
-5
-5
-7
-6
-6
-4
-3
-3
-4
-5
-4
-3
-3
-3
-3
-4
-5
-4
-5
-1
1
2
0
0
-1
-1
0
1
0
0
0
-1
1
2
1
-1
-1
0
1
0
-1
1
3
5
2
-1
1
3
4
4
4
3
3
2
2
5
5
4
2
2
1
1
3
4
4
4
5
6
5
3
2
6
9
9
8
9
9
10
10
7
6
5
6
6
7
7
8
4
3
2
-1
-2
-2
-1
-3
-5
-6
-5
-5
-6
-6
-8
-8
-5
-5
-6
-6
-6
-3
-4
-3
-2
-3
-2
-2
-2
-4
-3
-2
-2
-3
-1
2
-1
-4
-5
-2
1
3
4
2
3
5
6
6
7
7
7
7
5
5
6
7
6
3
-1
-3
-3
-1
-3
-7
-8
-6
-4
-5
-8
-7
-6
-6
-7
-7
-6
-7
-5
-3
-3
-1
-1
-2
-2
-2
-1
0
-2
-1
-3
-3
-2
-1
-2
0
-4
-5
-3
-2
-2
-3
-5
-4
-4
-4
-2
-1
-1
0
3
2
-1
0
2
3
0
2
2
1
1
3
5
1
0
2
1
-1
-2
-1
-1
1
-1
0
2
0
0
0
0
-2
-2
-3
-2
0
0
1
2
3
4
4
4
3
4
3
4
5
6
4
1
3
6
9
10
9
10
10
10
12
13
12
11
11
8
6
7
10
10
9
6
4
2
1
1
2
3
3
2
0
0
0
-1
-2
0
-1
0
-3
-3
-3
-3
-4
-4
-5
-5
-7
-6
-5
-7
-8
-8
-9
-7
-8
-8
-9
-9
-10
-11
-7
-6
-5
-4
-4
-5
-8
-10
-10
-7
-6
-6
-6
-6
-6
-5
-4
-5
-3
-2
-2
-3
-4
-2
-2
-4
-5
-3
-4
-4
-3
2
2
0
0
-1
0
-2
1
1
-1
1
1
2
2
2
2
3
3
4
5
4
3
3
5
4
3
4
5
6
8
7
4
5
6
6
5
4
1
2
2
2
4
4
3
3
3
4
3
2
0
1
0
2
2
1
1
0
0
1
1
-1
-1
0
0
0
0
2
2
1
0
0
0
0
-1
-1
-2
-3
-2
-1
1
0
1
1
1
0
0
0
0
-2
1
3
4
5
4
4
5
3
2
3
3
4
7
6
4
3
2
3
3
2
2
2
1
-2
-1
-1
-1
-3
-3
-5
-5
-6
-5
-2
-2
-4
-5
-5
-4
-4
-4
-5
-4
-4
-2
-2
-2
-3
-4
-5
-5
-6
-4
-3
-2
-1
0
1
0
-1
-2
0
-1
-3
-4
-5
-4
-3
-4
-5
-5
-6
-6
-6
-6
-5
-4
-2
-1
1
2
-1
0
0
-1
-1
-2
-1
-2
-2
0
0
0
1
2
-1
-1
-1
-3
-2
-1
1
1
2
5
4
2
1
2
3
2
3
4
5
5
2
0
1
3
4
3
2
3
6
3
1
2
2
1
2
1
2
4
5
6
5
2
2
1
0
2
5
5
5
5
6
7
7
4
3
1
3
3
2
1
0
-1
-2
1
0
-1
-1
-2
-4
-2
-1
0
1
0
-1
1
2
3
2
2
1
0
2
3
4
2
1
1
-1
-2
-2
-2
0
0
-1
-1
-3
-7
-6
-4
-3
-2
-5
-7
-5
-6
-6
-5
-4
-5
-5
-4
-5
-2
-3
-4
-5
-4
-6
-4
-1
0
2
0
0
-3
-1
0
1
1
1
-1
-2
-1
-1
0
2
2
2
3
3
3
1
1
0
-2
-1
1
1
0
0
0
-2
-4
-2
1
-2
-3
1
2
0
-2
-1
-2
-3
-3
-4
-4
-5
-3
-3
-4
-4
-3
-1
-1
-2
-2
-2
-2
-1
-3
-3
-3
-3
-3
-1
0
0
-1
-2
0
-2
1
4
5
2
2
4
7
8
11
9
5
1
3
5
5
6
8
8
7
5
9
10
9
8
8
8
6
5
5
7
6
4
5
6
7
5
3
5
3
4
3
2
1
0
-1
-1
1
2
0
-3
-1
-1
2
1
0
-1
-1
-1
-3
-3
-5
-5
-5
-6
-6
-7
-10
-12
-10
-8
-7
-8
-7
-8
-11
-10
-8
-11
-11
-9
-7
-6
-4
-2
-1
0
0
-2
-3
-4
-4
-1
-2
1
1
-2
-4
-3
-2
-2
-3
-6
-6
-6
-5
-1
0
0
0
2
2
5
5
3
4
6
7
9
8
8
8
7
5
6
7
6
6
6
7
5
3
5
10
8
6
7
6
6
5
5
6
4
3
3
2
1
1
1
1
0
-1
-4
-5
-5
-5
-6
-6
-6
-10
-9
-9
-6
-5
-6
-7
-9
-10
-9
-6
-7
-10
-10
-8
-7
-7
-7
-6
-6
-9
-8
-7
-4
-3
-1
0
1
3
3
3
2
2
3
4
6
5
6
6
7
7
6
8
10
10
11
11
10
11
11
12
11
12
14
13
13
13
14
13
11
10
7
7
7
4
3
3
2
1
0
-2
-1
0
-1
0
-2
-4
-5
-5
-4
-3
0
-1
-5
-6
-5
-5
-5
-3
-4
-6
-6
-5
-8
-8
-10
-9
-9
-12
-12
-11
-10
-10
-7
-8
-10
-9
-11
-10
-7
-7
-6
-6
-4
-3
-1
-1
-2
-1
-2
-2
-3
0
0
2
3
3
4
1
0
0
1
0
0
3
4
5
7
8
4
4
4
3
5
6
5
5
6
7
7
6
5
7
5
5
5
4
1
3
6
6
2
3
4
4
2
0
-2
-2
-1
1
1
-3
-3
0
0
0
0
0
-2
-3
-4
-5
-6
-2
-1
-1
-1
1
0
-2
-3
-3
-2
-2
-4
-3
-4
-4
-1
1
2
-1
-2
-1
-1
-5
-5
-2
-2
-2
-1
0
0
0
0
-2
-1
1
0
-2
-1
2
0
-2
-4
-3
0
3
3
3
4
4
2
3
4
4
4
2
4
6
7
5
4
5
4
2
1
4
7
7
5
4
4
3
3
2
2
-1
0
2
4
2
1
0
0
1
2
0
1
2
3
2
-1
-2
-2
-4
-5
-5
-3
-4
-4
-4
-4
-4
-3
-3
-5
-4
-3
-3
-5
-5
-5
-4
-4
-3
-4
-6
-6
-5
-7
-5
-3
-4
-4
-2
-1
-2
-3
-3
-2
-3
-3
-3
-1
-1
1
2
3
3
2
1
0
1
2
3
3
4
3
3
0
1
1
1
0
0
2
2
2
3
2
2
2
1
3
3
0
1
2
0
0
3
2
3
6
5
3
2
4
6
4
2
3
3
4
3
4
4
1
-2
0
1
0
-1
-1
0
0
-3
-4
-3
-4
-6
-3
-4
-7
-8
-6
-4
-4
-3
-3
-1
1
0
1
-3
-1
3
3
2
2
4
3
3
2
1
1
3
0
-1
0
0
2
2
0
0
2
2
1
2
4
4
5
3
0
-1
0
-2
0
3
1
1
0
-2
-2
-1
-2
-3
-1
0
-2
-2
-1
0
-1
1
2
2
3
0
0
1
3
2
0
-1
1
0
-1
-1
-1
-1
-1
-3
-3
-3
-3
-2
-1
-4
-4
-4
-8
-8
-8
-6
-6
-5
-3
-3
-4
-4
-5
-4
-1
-1
-3
1
2
2
2
3
4
3
1
2
1
1
2
3
5
4
2
0
0
-2
-2
2
4
5
8
6
5
7
11
8
8
5
5
6
5
4
4
4
3
5
5
4
5
5
3
1
0
-1
-2
-2
-2
-2
-1
-2
0
1
-1
0
0
-1
-1
-1
0
-3
-2
-2
-1
0
3
4
1
-1
-2
-3
-4
-5
-4
-2
-3
-4
-3
-5
-6
-9
-7
-6
-5
-6
-4
-3
-5
-5
-6
-5
-6
-4
-2
-2
-4
-3
-3
-3
0
0
-4
-4
-2
-1
-2
-3
-2
-3
-3
-4
-2
-3
-4
-4
-3
-4
-4
-3
-4
-4
-2
-2
-3
-3
1
2
0
-3
-2
-1
0
1
3
1
0
1
1
3
3
5
4
4
6
6
7
7
7
7
5
6
7
9
9
10
10
11
10
11
13
14
12
10
10
10
9
8
8
7
10
8
6
2
2
2
0
-3
-3
-1
-1
-1
-1
-1
-1
-1
-1
-1
-1
-1
-2
-4
-3
-4
-3
-3
-2
-1
-3
-6
-8
-8
-7
-9
-10
-9
-7
-5
-8
-7
-7
-9
-8
-6
-7
-5
-4
-5
-5
-3
-2
1
2
5
3
2
2
3
3
2
4
3
3
1
0
0
2
3
2
3
4
2
1
0
0
1
4
4
2
1
4
3
4
2
1
3
4
4
5
4
2
0
-2
-2
-3
-3
-5
-6
-6
-7
-7
-8
-8
-8
-8
-9
-8
-10
-12
-11
-12
-11
-11
-13
-13
-12
-11
-11
-11
-8
-7
-6
-5
-4
-3
-2
-2
1
3
2
-1
0
2
2
3
3
3
1
1
0
1
6
8
9
11
11
12
14
13
13
15
19
19
19
17
17
18
16
17
18
18
16
17
17
16
15
11
12
12
10
10
7
5
4
4
4
1
-1
-3
-3
-3
-4
-3
-1
-4
-5
-7
-12
-11
-9
-9
-9
-9
-10
-11
-15
-18
-17
-15
-14
-15
-14
-13
-10
-9
-10
-12
-10
-8
-8
-11
-11
-8
-4
-4
-3
-2
-2
-3
-2
-3
-3
-1
-1
0
0
1
3
3
1
0
0
1
-2
-2
0
1
2
5
5
4
4
3
6
6
6
6
6
7
11
10
7
6
5
7
6
5
6
7
4
2
2
3
1
0
2
2
-2
-3
-3
-3
-3
-3
-1
-2
-3
-4
-5
-4
-3
-3
-5
-7
-6
-3
-3
-1
-2
-4
-5
-6
-6
-3
-2
-3
2
1
0
1
-1
-5
-7
-1
-2
-2
0
0
0
-2
-2
-2
-1
-2
-2
2
3
4
5
5
3
5
5
4
3
3
4
6
6
6
7
6
4
6
5
2
1
2
2
2
3
2
1
2
1
-1
1
1
1
2
4
3
-1
-6
-6
-3
-2
-4
-4
-1
-1
-1
-3
-6
-5
-7
-4
-3
-5
-6
-1
2
3
3
-1
-3
1
3
7
7
5
7
10
10
6
8
11
10
7
6
7
14
20
17
14
10
4
2
4
5
3
2
2
0
-1
-2
0
3
0
-6
-6
-6
-11
-11
-13
-15
-15
-16
-18
-20
-25
-26
-25
-30
-36
-39
-38
-40
-49
-57
-61
-54
-45
-41
-47
-57
-63
-61
-52
-42
-34
-26
-17
-10
-6
-7
0
11
22
28
28
31
43
62
76
78
67
60
70
89
110
127
132
133
129
120
113
108
103
101
104
107
102
102
105
104
101
94
77
57
41
29
29
33
24
9
-7
-14
-16
-25
-42
-63
-80
-93
-108
-125
-143
-155
-156
-152
-161
-183
-208
-222
-225
-230
-236
-245
-257
-261
-258
-252
-246
-240
-237
-238
-242
-242
-224
-184
-144
-126
-132
-140
-132
-108
-78
-53
-33
2
74
176
289
369
385
356
323
322
371
445
499
519
527
561
616
656
645
564
449
361
337
365
408
421
381
302
204
111
57
33
13
-4
-13
-13
1
12
-15
-104
-233
-341
-378
-345
-285
-243
-236
-264
-315
-375
-438
-504
-562
-599
-609
-598
-574
-545
-525
-525
-552
-593
-618
-616
-583
-530
-465
-408
-386
-394
-393
-372
-323
-260
-211
-177
-141
-84
0
96
163
190
207
233
286
394
544
674
742
749
726
723
770
842
893
891
833
784
805
873
912
875
761
604
472
408
403
415
397
321
214
113
48
41
66
53
-20
-109
-151
-128
-75
-51
-99
-208
-329
-409
-421
-393
-371
-373
-403
-462
-530
-583
-622
-671
-736
-803
-844
-836
-792
-726
-670
-660
-699
-746
-762
-733
-657
-563
-494
-459
-441
-402
-328
-252
-213
-212
-219
-210
-163
-82
-3
46
58
58
77
125
199
293
388
468
535
623
756
893
962
952
900
866
906
1016
1139
1208
1189
1121
1080
1073
1051
979
848
679
529
450
441
444
393
268
103
-54
-154
-192
-185
-186
-229
-287
-324
-323
-297
-273
-286
-349
-429
-476
-462
-412
-374
-384
-445
-526
-591
-616
-617
-646
-723
-806
-848
-853
-828
-796
-782
-798
-835
-867
-856
-799
-722
-644
-587
-572
-573
-536
-450
-353
-287
-257
-246
-231
-192
-119
-29
33
46
23
3
8
62
167
285
363
377
361
376
456
606
801
985
1081
1073
1021
1005
1054
1139
1205
1219
1189
1158
1188
1276
1337
1270
1067
799
560
426
410
451
461
368
184
-24
-193
-290
-322
-336
-375
-431
-454
-409
-320
-257
-266
-351
-465
-541
-528
-427
-308
-237
-230
-272
-332
-384
-415
-451
-518
-605
-670
-686
-659
-624
-607
-631
-709
-808
-865
-860
-815
-750
-695
-658
-630
-593
-527
-459
-432
-443
-446
-404
-318
-215
-130
-91
-105
-132
-128
-85
-34
13
54
87
118
166
227
272
274
250
260
357
532
740
941
1044
1014
934
886
889
941
993
1013
1039
1084
1155
1249
1269
1129
869
601
413
364
432
506
499
378
179
-8
-123
-178
-199
-212
-243
-270
-230
-124
-29
2
-82
-257
-407
-458
-402
-264
-151
-132
-141
-145
-167
-189
-241
-366
-519
-656
-741
-724
-656
-620
-625
-672
-788
-921
-1006
-1039
-1028
-986
-939
-898
-836
-752
-676
-616
-603
-650
-685
-642
-525
-342
-146
-21
22
10
-44
-94
-104
-80
-26
41
99
154
220
280
294
246
184
193
313
534
801
977
988
911
860
893
990
1066
1080
1088
1161
1324
1538
1653
1535
1232
907
669
588
678
834
904
813
584
315
132
60
47
24
-59
-177
-200
-70
100
177
81
-152
-373
-476
-435
-311
-214
-200
-248
-319
-361
-345
-357
-451
-629
-875
-1089
-1148
-1088
-968
-856
-876
-1019
-1160
-1244
-1258
-1205
-1178
-1217
-1212
-1127
-998
-835
-711
-732
-859
-953
-947
-813
-560
-323
-190
-115
-110
-142
-87
37
120
179
174
84
62
190
379
536
560
406
216
187
420
842
1227
1356
1187
943
890
1038
1269
1451
1428
1259
1186
1322
1629
1933
1960
1644
1182
801
680
840
1081
1184
1034
694
359
171
164
226
163
-37
-248
-377
-324
-118
27
-19
-246
-553
-746
-739
-633
-527
-513
-631
-770
-824
-769
-661
-635
-780
-1054
-1339
-1490
-1421
-1214
-1033
-983
-1088
-1259
-1348
-1288
-1157
-1085
-1076
-1108
-1134
-1009
-757
-554
-452
-503
-675
-735
-636
-479
-228
28
91
50
44
52
163
369
468
400
226
22
-40
156
440
589
581
470
305
290
567
987
1382
1687
1692
1489
1460
1559
1685
1815
1712
1467
1432
1708
2195
2578
2450
1762
874
114
-365
-412
-110
182
212
11
-210
-378
-530
-692
-912
-1068
-1085
-911
-331
457
985
1081
768
247
-244
-536
-609
-541
-448
-489
-567
-560
-453
-477
-904
-1556
-2221
-2717
-2781
-2507
-2024
-1483
-1231
-1322
-1420
-1400
-1354
-1173
-843
-547
-229
187
645
1125
1362
1083
487
-119
-536
-600
-268
236
508
391
-69
-717
-1232
-1510
-1665
-1718
-1527
-1230
-842
-201
446
883
964
700
621
932
1717
3043
4672
5921
6118
5283
4022
2802
1583
447
-167
-252
-42
330
641
689
-12
-1692
-3680
-5033
-5209
-4273
-2500
-355
1365
2158
2029
1516
1159
962
1023
1503
2473
3560
4119
4157
3566
2068
-90
-2287
-3693
-4045
-3687
-3022
-2281
-1859
-2137
-2859
-3591
-4084
-4114
-3488
-2085
-116
1923
3607
4530
4429
3325
1649
22
-923
-929
-286
628
1320
1269
398
-1124
-2848
-4176
-4843
-4688
-3699
-2147
-580
421
803
534
-296
-1035
-1086
-300
1018
2382
3319
3492
2830
1449
-71
-1101
-1609
-1685
-1244
-574
-158
-197
-706
-1381
-1888
-1665
-513
1655
4059
5536
5608
4557
3100
1280
-359
-921
-478
723
1953
2674
3018
2340
276
-2473
-4603
-5357
-4803
-2939
-321
2009
3207
2920
1837
867
242
43
670
2062
3453
4199
4205
3409
1846
-365
-2768
-4186
-4241
-3423
-2294
-1171
-530
-872
-1980
-3274
-4005
-3704
-2640
-849
1569
3627
4564
4202
2803
700
-1416
-2903
-3330
-2404
-814
530
1237
971
-401
-2336
-4042
-4867
-4367
-2717
-635
1273
2473
2363
1232
-132
-1169
-1385
-657
616
1842
2549
2176
780
-900
-2521
-3686
-3836
-3119
-1875
-625
56
-127
-692
-1147
-1278
-119
2377
5404
7644
8317
7178
4944
2505
-134
-1782
-1696
-610
1015
2473
3184
2781
707
-2444
-5422
-6781
-6108
-3909
-485
3090
5209
5457
4262
2585
1372
659
712
1912
3654
4788
4813
3830
1790
-1093
-4270
-6585
-6931
-5588
-3569
-1610
-44
273
-757
-2302
-3686
-4072
-3313
-1703
844
3978
6273
6747
5425
2614
-999
-4253
-6032
-5999
-4281
-1753
133
1007
661
-1166
-3497
-5202
-5744
-4854
-2567
402
3087
4720
4574
2834
483
-1425
-2188
-1464
329
2099
3010
2469
751
-1552
-3919
-5439
-5769
-4951
-3135
-1033
598
1214
1187
719
616
1973
4375
7231
9336
9780
8227
5493
2465
-545
-2296
-2350
-1393
217
1710
2215
1391
-839
-3866
-6511
-7416
-6179
-3261
735
4501
6671
6987
5744
3821
2158
1117
1047
1943
3222
4009
3819
2463
-6
-3014
-6079
-8104
-8267
-6717
-4254
-1761
199
815
264
-988
-2414
-3080
-2484
-806
1571
4332
6371
6706
5249
2188
-1697
-5032
-6842
-6921
-5436
-2996
-805
337
429
-508
-2202
-3709
-4395
-3967
-2204
444
3075
4858
5282
4121
1880
-134
-1179
-1166
-351
746
1343
896
-225
-1828
-3508
-4725
-5328
-5160
-4064
-2352
-847
22
542
805
1016
2352
5058
8224
10753
11232
9494
6361
3017
-184
-2423
-2630
-1563
-67
1365
2088
1513
-658
-3978
-7209
-8829
-7905
-4975
-595
4078
7221
7885
6635
4624
2658
1368
1111
1943
3518
4716
4632
3363
996
-2246
-5766
-8431
-9086
-7683
-5180
-2432
-120
925
439
-1095
-2753
-3669
-3232
-1617
841
3725
5941
6625
5577
3072
-501
-4087
-6400
-6971
-5890
-3629
-1196
458
1048
429
-1274
-2957
-3860
-3777
-2458
-162
2345
4173
4877
4177
2368
320
-1228
-1845
-1555
-688
55
214
-298
-1417
-2874
-3975
-4520
-4496
-3682
-2171
-520
651
1131
1349
1660
2691
4979
7950
10794
11676
10044
6488
2445
-1176
-3953
-4846
-3811
-1586
741
2121
2197
691
-2400
-5984
-8355
-8012
-5173
-612
4470
8602
10384
9347
6728
3961
1854
818
954
2133
3513
3766
2557
322
-2725
-6111
-9026
-10176
-9069
-6428
-3281
-503
1489
2007
1043
-638
-1983
-2402
-1722
-10
2345
4549
5821
5556
3618
637
-2973
-6297
-8050
-7807
-6296
-4012
-1601
-79
488
149
-963
-1928
-2146
-1676
-473
1552
3573
4678
4819
3880
2010
-21
-1525
-2261
-2228
-1622
-1212
-1277
-1533
-2208
-3137
-3694
-3867
-3636
-2939
-1638
-352
823
1541
1918
2489
3925
6587
9634
12111
12292
9893
5675
1262
-2448
-4961
-5418
-4049
-1613
738
1890
1700
81
-2771
-6014
-7975
-7238
-4125
663
5704
9488
10798
9402
6468
3399
1262
436
774
1880
2810
2497
889
-1485
-4413
-7392
-9703
-10265
-8752
-5853
-2562
292
2336
2864
1852
169
-1187
-1630
-1158
208
2231
3846
4570
4018
2173
-564
-3853
-6835
-8463
-8006
-6375
-4211
-1588
373
1235
1230
516
-356
-769
-540
135
1533
3130
3896
3923
3321
1941
80
-1417
-2220
-2448
-2132
-1804
-1668
-1468
-1442
-1842
-2211
-2328
-2336
-1986
-1209
-338
502
1119
1730
2667
4439
7059
10286
12479
11962
8791
4088
-325
-3710
-5681
-5735
-3742
-762
1388
2119
1600
-326
-3408
-6705
-8213
-6853
-3047
2012
6834
10254
11002
8826
5312
2305
488
-109
388
1651
2592
2019
-31
-2762
-5546
-8290
-10293
-10368
-8256
-4835
-1531
1243
3243
3693
2388
230
-1519
-2239
-1864
-631
1416
3478
4574
4276
2466
-483
-4101
-7274
-8995
-8525
-6329
-3564
-438
2024
3085
2935
1813
355
-893
-1280
-711
635
2467
3527
3639
3013
1390
-712
-2318
-2792
-2526
-1897
-1004
-335
83
-4
-858
-1757
-2233
-2576
-2459
-1648
-428
558
1003
1440
1866
3322
5875
8999
11258
10842
7925
3670
-113
-3091
-5047
-4996
-2995
-156
1924
2726
2668
1102
-1980
-5552
-7528
-6409
-2963
1614
6073
9284
9931
7554
4028
1126
-600
-961
-250
1172
2195
1626
-171
-2450
-4726
-7098
-8961
-8862
-6699
-3547
-588
1940
3738
3815
2060
-520
-2472
-3003
-2488
-1115
958
3020
3848
2919
790
-2295
-5655
-8128
-8838
-7340
-4414
-1061
1881
3781
4317
3248
1469
-31
-865
-846
27
1475
2676
3022
2348
921
-695
-1951
-2557
-2395
-1668
-989
-502
-266
-313
-782
-1569
-2192
-2467
-2308
-1605
-537
439
1019
1498
1671
2828
5701
9068
11517
11505
8844
4633
641
-2802
-5227
-5396
-3634
-1031
1466
3016
3305
1746
-1583
-5603
-8219
-7746
-4593
239
5497
9454
10403
8236
4549
994
-1393
-2118
-1297
703
2522
2688
1384
-848
-3671
-6830
-9516
-10028
-8040
-4675
-1126
2112
4344
4565
2682
-413
-3007
-4052
-3617
-1923
855
3809
5383
4781
2290
-1639
-6009
-9184
-10006
-8213
-4399
-75
3433
5553
5789
4046
1331
-909
-2183
-2157
-761
1357
3368
4127
3174
796
-1898
-3581
-3999
-3241
-1558
73
869
769
-82
-1229
-2129
-2635
-2772
-2148
-1040
120
1192
1474
1435
1074
1656
4387
8442
11439
11573
9085
4910
733
-3057
-5762
-5840
-3638
-869
1435
3064
3771
2267
-1485
-5832
-8399
-7914
-4852
157
5797
10253
11411
8896
5032
1412
-1423
-2458
-1366
1198
3391
3548
2079
-177
-3194
-7061
-10411
-11235
-9158
-5501
-1852
1729
4362
4452
2230
-947
-3277
-3768
-2710
-653
2103
4788
5863
4618
1785
-2242
-6586
-9621
-10026
-7903
-4189
222
3517
4908
4673
2707
43
-1627
-2079
-1724
-222
1987
3376
3603
2482
37
-2409
-3753
-3783
-2831
-1113
507
1014
451
-571
-1904
-2719
-2776
-2301
-1568
-532
443
508
595
863
1882
4550
8425
11746
12463
10430
6433
1701
-2404
-5249
-5944
-4219
-996
1903
3524
4114
2575
-1372
-6119
-9330
-9364
-6265
-1012
4860
9859
12132
10526
6615
2732
-100
-1559
-1234
865
3414
4540
3717
1350
-2004
-6143
-10447
-12848
-11922
-8285
-3875
285
3361
4170
2488
-808
-3622
-4431
-3024
-189
3161
6301
7727
6500
3178
-1347
-6163
-9764
-10870
-9364
-5682
-1060
2553
4159
3630
1270
-1705
-3431
-3309
-1804
804
3404
4941
5075
3616
879
-2029
-3821
-4065
-2955
-984
912
1823
1429
-172
-2296
-3877
-4130
-3312
-1862
-152
1444
2116
2016
1638
1827
3620
7049
10584
12134
11078
7845
3648
-455
-3735
-5623
-5146
-2565
337
2397
3431
2785
-36
-4253
-7925
-8886
-6437
-1658
3732
8518
11281
10764
7648
3971
1251
-157
-440
348
1762
2624
2083
240
-2343
-5474
-9042
-11802
-12125
-9583
-5595
-1681
1509
3027
2237
-370
-3026
-3963
-2640
189
3164
5831
7337
6439
3287
-1120
-5480
-8712
-9993
-9066
-6373
-2564
776
2312
1908
21
-2164
-3444
-3079
-1175
1646
4487
6078
5897
4216
1862
-380
-1995
-2381
-1596
-267
830
1104
381
-1013
-2544
-3839
-4208
-3026
-1304
121
1220
1646
1356
1035
1838
4518
9041
12590
12841
10468
7098
3324
-480
-3462
-4685
-3723
-1668
131
1481
2058
782
-2735
-6866
-9046
-8306
-4981
-78
5229
9210
10298
8439
5297
2803
1439
1031
1593
2696
3280
2340
227
-1920
-4111
-6882
-9677
-11249
-10708
-8217
-4919
-1806
723
1715
560
-1418
-2648
-2339
-343
2569
5455
7220
7041
4699
885
-3307
-6794
-8627
-8570
-6674
-3912
-1590
-72
126
-1105
-2846
-3921
-3533
-1621
1445
4475
6493
7013
5793
3544
1278
-255
-800
-372
739
1410
934
-481
-2506
-4230
-5021
-4988
-3979
-1723
531
1743
2042
1225
150
-211
695
3854
9190
13576
14449
12129
7895
3192
-920
-4071
-5272
-3880
-1401
461
1539
1736
52
-3655
-7809
-10007
-9158
-5596
-372
5176
9575
10853
8461
4636
1742
519
853
2445
4423
5269
3847
629
-2699
-5499
-8056
-9973
-10441
-8824
-5884
-3307
-1465
-385
-634
-2095
-3257
-2991
-1290
1554
4324
6255
6951
5726
2673
-1064
-4276
-6536
-7409
-6470
-4309
-2124
-788
-706
-1959
-3669
-4562
-4207
-2395
399
3092
5010
5910
5497
3944
2380
1487
1072
1046
1278
1520
1210
-198
-2480
-4945
-6451
-6452
-5147
-2582
573
2561
2749
1539
-170
-1342
-114
3707
9267
13921
14717
11886
7553
3310
-439
-2956
-3462
-1974
304
1682
1862
1125
-1342
-5550
-9907
-11537
-9338
-4474
1210
6209
9291
9297
6525
2885
712
940
2650
5062
7283
7645
5390
1210
-3287
-6774
-9161
-10425
-9867
-7488
-4451
-2144
-1146
-1494
-3049
-5262
-6491
-5266
-1749
2792
6762
8938
8700
6174
1930
-2366
-5277
-6663
-6414
-4766
-2663
-913
-201
-951
-3053
-5544
-7129
-6651
-3825
217
3981
6318
6740
5260
2647
626
282
1358
3011
4149
4101
2747
142
-3306
-6285
-7871
-7993
-6658
-3974
-806
1929
3302
2728
1041
-728
-1468
757
6283
12687
16164
14766
9900
4511
288
-2442
-3212
-1809
745
2434
2228
823
-1337
-4621
-8544
-11200
-10534
-6650
-1092
4244
7975
9152
7167
3371
450
185
2549
6026
9168
10487
8377
3293
-2549
-7028
-9353
-10010
-9346
-7179
-4122
-1955
-1678
-2745
-4498
-6418
-7613
-6623
-3005
2265
7217
9724
9258
6448
2241
-2047
-4773
-5411
-4724
-3289
-1808
-1243
-1570
-2578
-4384
-6366
-7276
-6535
-4053
-316
3124
5057
5374
4293
2288
601
523
2035
4174
5967
6235
4540
1415
-2461
-6006
-7966
-8121
-7001
-5005
-2409
-115
1045
947
-42
-832
-831
1080
5777
12016
16328
15746
10825
4760
386
-1944
-2419
-757
2065
3990
3410
832
-2279
-5680
-9183
-11575
-10909
-6843
-1357
3410
6258
6731
4631
1046
-1219
-145
3759
8368
11708
12631
10256
4592
-2201
-7167
-9000
-8613
-7302
-5410
-3226
-1941
-2704
-4936
-7132
-8428
-8413
-6474
-2363
2785
7070
8910
7828
4798
1331
-1386
-2421
-1828
-902
-599
-877
-1786
-3312
-4806
-5752
-6251
-6107
-5015
-3080
-625
1517
2165
1504
854
793
1421
3036
5258
6824
6886
5469
2970
252
-2018
-3697
-4606
-4803
-4871
-5049
-4874
-3953
-2992
-2574
-2222
-1317
49
2018
5510
10437
14737
15243
11206
5559
1764
437
390
1302
3148
4534
3751
816
-2700
-5856
-8786
-11004
-10963
-7709
-2614
1840
4276
4473
2525
-681
-2710
-1161
3838
9690
13724
14652
12035
6222
-793
-6009
-7558
-6298
-4574
-3399
-2658
-2835
-4600
-7238
-9222
-9748
-8715
-6047
-1787
3035
6513
7145
5223
2479
326
-581
36
1670
2696
1860
-473
-3244
-5425
-6287
-5955
-5063
-4041
-3058
-2242
-1472
-883
-1021
-1630
-1628
-492
1425
3799
6134
7351
6678
4376
1594
-350
-1056
-1205
-1265
-1501
-2424
-4128
-5807
-6348
-5516
-4096
-2906
-1812
-513
987
3591
7759
11940
13335
10891
6513
3163
2106
2291
2882
4030
5018
4466
2131
-777
-3625
-6708
-9469
-10397
-8315
-4114
-58
2121
2271
817
-1656
-3302
-1855
2924
8683
12727
13782
11772
7320
1896
-2291
-3668
-2817
-1821
-1873
-2667
-4012
-6105
-8320
-9513
-9267
-7746
-5208
-2066
1008
3012
3140
1900
770
522
1215
2746
4248
4234
2189
-1067
-4182
-5855
-5643
-4275
-2704
-1722
-1858
-2821
-3615
-3875
-3934
-3588
-2310
-197
2132
4088
5229
5362
4557
2999
1505
1201
1691
1689
963
-308
-2227
-4392
-5778
-5881
-4677
-2885
-1953
-1908
-1687
-1196
75
3468
8575
12169
12035
9075
5536
3265
2419
2282
2966
4642
5729
4648
2221
-516
-3899
-7472
-9540
-8804
-5554
-1495
1127
1416
34
-2291
-4261
-3700
186
5521
9686
11534
10961
8096
3957
436
-961
-371
412
-123
-1678
-3461
-5601
-7966
-9337
-8980
-7384
-5282
-3145
-1313
-200
-119
-803
-1139
-342
1254
2993
4291
4327
2568
-431
-3251
-4697
-4379
-2870
-1225
-332
-758
-2361
-4091
-4913
-4715
-3842
-2392
-428
1519
2805
3269
3187
2893
2567
2367
2624
3178
3200
2181
320
-1783
-3541
-4464
-4224
-2956
-1506
-976
-1561
-2380
-2818
-2157
739
5795
10575
12023
9707
5875
2955
1747
1834
3039
5093
6589
5930
3323
237
-2795
-5624
-7360
-6989
-4574
-1631
52
-235
-1861
-3866
-5185
-4324
-600
4529
8339
9385
8231
5863
3079
1068
906
2381
3708
3032
348
-2964
-5888
-8039
-8861
-7921
-5836
-3883
-2767
-2394
-2559
-3022
-3272
-2698
-1029
1307
3376
4421
4080
2252
-489
-2764
-3514
-2715
-1107
242
543
-408
-2304
-4226
-5051
-4550
-3295
-1870
-577
418
939
1099
1306
1843
2645
3403
3885
3997
3464
2083
280
-1278
-2300
-2697
-2437
-1765
-1197
-1328
-2210
-3133
-3337
-2757
-994
2568
7083
10199
9924
6784
3293
1492
1714
3189
5175
6744
6667
4547
1382
-1458
-3486
-4600
-4629
-3762
-2479
-1574
-1680
-2624
-3770
-4622
-4608
-2844
593
4274
6533
6694
5415
3702
2274
1821
2633
3998
4323
2592
-518
-3586
-5636
-6426
-6177
-5314
-4340
-3678
-3528
-3694
-3905
-3896
-3314
-2144
-673
783
1897
2243
1598
274
-1141
-1912
-1544
-388
679
976
293
-1128
-2649
-3410
-3104
-2190
-1256
-674
-494
-481
-363
11
797
1950
2927
3330
3236
2664
1595
421
-538
-1326
-1709
-1588
-1283
-1042
-1098
-1696
-2483
-2695
-2047
-754
1209
3753
6355
7966
7397
5024
2810
2225
3060
4347
5355
5528
4601
2745
536
-1281
-2282
-2561
-2521
-2353
-2217
-2347
-2691
-3111
-3425
-3395
-2799
-1360
909
3336
4819
4861
4017
3090
2561
2575
3102
3704
3413
1694
-888
-3159
-4338
-4496
-4270
-4136
-4076
-4085
-4098
-4031
-3866
-3405
-2651
-1890
-1246
-586
18
237
-7
-586
-1145
-1193
-603
242
785
656
-177
-1297
-2074
-2127
-1580
-976
-751
-946
-1236
-1242
-898
-152
941
1957
2445
2296
1770
1141
528
69
-218
-458
-651
-760
-904
-1154
-1376
-1589
-1637
-1106
-5
1129
1825
2387
3463
5009
5856
5177
3914
3340
3578
3993
4062
3785
3302
2551
1469
373
-308
-669
-1048
-1642
-2329
-2835
-3010
-2898
-2664
-2327
-1977
-1598
-751
769
2467
3598
3911
3607
2929
2200
1826
1932
2080
1585
309
-1183
-2301
-2914
-3257
-3590
-3926
-4040
-3808
-3435
-3201
-3099
-2936
-2659
-2392
-2162
-1851
-1440
-1061
-1013
-1332
-1534
-1149
-242
671
1076
825
182
-492
-915
-867
-498
-264
-282
-254
-62
92
197
456
885
1173
1090
797
566
423
158
-340
-910
-1326
-1500
-1388
-974
-460
-152
-20
254
849
1516
1905
2370
3566
5198
5916
5081
3724
3052
3178
3463
3531
3428
3108
2462
1498
559
-48
-491
-965
-1509
-2070
-2486
-2643
-2628
-2541
-2353
-2135
-1764
-915
485
2084
3243
3619
3274
2501
1769
1467
1628
1808
1467
488
-775
-1857
-2485
-2728
-2959
-3424
-3873
-3920
-3694
-3537
-3390
-3115
-2817
-2663
-2646
-2510
-2109
-1623
-1455
-1573
-1464
-889
0
840
1209
997
489
-65
-430
-290
122
241
42
-131
-139
-21
245
559
727
665
361
-30
-268
-276
-216
-259
-555
-1153
-1637
-1578
-1027
-293
417
917
1166
1383
1527
1472
1672
2586
4133
5368
5249
4014
2843
2550
2878
3219
3287
2997
2479
1807
1015
313
-131
-419
-875
-1493
-2032
-2350
-2451
-2435
-2335
-2173
-1858
-1223
-69
1575
2871
3187
2750
1966
1332
1180
1408
1696
1680
1071
-52
-1208
-1922
-2128
-2179
-2351
-2657
-3031
-3339
-3646
-3902
-3766
-3266
-2835
-2701
-2578
-2277
-1995
-1909
-1996
-1914
-1225
-62
926
1381
1286
774
202
-128
-55
355
766
923
721
390
194
150
263
407
380
233
15
-261
-492
-704
-1000
-1269
-1438
-1467
-1183
-654
-88
392
767
966
1055
1333
1633
1608
1572
1982
3099
4469
4800
3755
2506
2206
2827
3496
3616
3151
2393
1659
996
530
424
269
-388
-1300
-2148
-2636
-2494
-2007
-1601
-1524
-1681
-1472
-550
874
2060
2364
2038
1527
1030
865
1124
1520
1641
1147
198
-653
-1118
-1290
-1454
-1716
-2033
-2570
-3211
-3679
-3998
-4035
-3787
-3505
-3269
-3102
-2912
-2689
-2512
-2295
-1941
-1195
-63
825
1080
890
431
40
67
435
1008
1522
1666
1488
1136
786
516
283
164
143
108
-9
-313
-784
-1405
-2051
-2342
-2069
-1422
-638
62
476
569
393
256
534
1278
2070
2254
1930
1859
2408
3530
4485
4397
3573
2944
2964
3318
3371
2913
2194
1596
1275
1035
707
183
-672
-1690
-2355
-2342
-1660
-805
-491
-825
-1428
-1707
-1197
-16
1364
2229
2185
1524
719
277
447
977
1450
1429
759
-103
-691
-994
-1228
-1646
-2181
-2538
-2806
-3102
-3436
-3869
-4150
-4101
-3851
-3489
-3055
-2592
-2217
-1945
-1623
-1197
-586
137
618
668
407
98
118
639
1392
1978
2113
1828
1419
1091
893
682
364
108
-23
-166
-551
-1286
-2045
-2471
-2421
-1848
-1010
-217
382
513
151
-282
-374
78
976
1884
2301
1990
1207
803
1514
3220
4875
5249
4325
3119
2518
2608
2760
2622
2267
1829
1374
806
125
-555
-1111
-1392
-1320
-934
-439
-181
-441
-1101
-1739
-1853
-1151
10
1059
1531
1229
535
-26
-69
552
1385
1799
1463
550
-366
-905
-1181
-1395
-1592
-1810
-2090
-2505
-3037
-3537
-3963
-4116
-3835
-3334
-2847
-2436
-2070
-1794
-1694
-1712
-1640
-1185
-353
390
644
467
263
437
1072
1799
2172
2103
1799
1541
1389
1192
802
305
-75
-371
-788
-1337
-1790
-1877
-1614
-1212
-777
-423
-256
-205
-213
-260
-212
67
554
1109
1555
1693
1462
1047
1016
1919
3535
4949
5176
4113
2732
2074
2318
2749
2710
2158
1347
592
25
-320
-390
-331
-354
-494
-601
-567
-502
-578
-843
-1214
-1480
-1329
-758
-76
476
664
559
448
433
588
793
841
708
314
-313
-891
-1302
-1651
-1990
-2317
-2568
-2703
-2825
-2977
-3161
-3302
-3156
-2708
-2198
-1851
-1698
-1635
-1646
-1673
-1527
-1059
-285
444
777
753
642
756
1210
1730
2004
1995
1854
1724
1517
1068
404
-309
-778
-813
-632
-512
-477
-527
-625
-742
-801
-619
-277
7
200
280
197
-8
-154
15
560
1244
1710
1752
1507
1509
2108
2971
3526
3414
2819
2282
2047
1979
1765
1316
865
600
581
716
859
877
601
76
-358
-390
-125
69
-123
-768
-1581
-2129
-2034
-1251
-210
541
652
240
-258
-494
-357
-34
213
233
-133
-837
-1560
-2030
-2171
-2063
-1858
-1659
-1518
-1545
-1727
-1954
-2151
-2163
-1999
-1821
-1683
-1605
-1574
-1589
-1626
-1461
-964
-230
482
843
813
676
712
999
1411
1726
1875
1844
1491
838
113
-382
-403
8
558
860
683
158
-401
-721
-725
-503
-203
20
57
-105
-406
-730
-822
-496
179
992
1601
1757
1501
1020
720
1015
1829
2784
3297
2886
1839
925
732
1170
1651
1829
1699
1424
1195
995
777
590
433
279
143
-34
-289
-616
-1152
-1774
-2114
-1898
-1150
-349
43
-103
-576
-919
-948
-732
-373
-102
-107
-536
-1303
-1880
-1856
-1388
-805
-325
-107
-160
-471
-981
-1446
-1717
-1743
-1616
-1582
-1678
-1791
-1805
-1686
-1520
-1250
-794
-232
288
603
647
554
520
627
842
1059
1187
1193
1006
679
447
466
728
1058
1250
1138
636
-22
-472
-580
-431
-284
-328
-504
-682
-737
-616
-403
-166
108
402
644
782
813
750
606
448
545
1106
1838
2248
2082
1526
1121
1278
1886
2384
2385
1981
1433
998
825
854
904
746
342
-109
-415
-594
-777
-1018
-1322
-1548
-1529
-1277
-978
-838
-848
-936
-1050
-1043
-910
-714
-553
-587
-805
-1022
-1024
-699
-204
142
209
98
-157
-546
-938
-1164
-1169
-1163
-1327
-1611
-1839
-1808
-1491
-1050
-704
-553
-495
-413
-237
57
338
437
342
253
364
644
929
1110
1175
1164
1119
1052
990
983
999
910
593
86
-345
-496
-430
-326
-315
-380
-415
-387
-298
-182
-112
-74
-26
-7
-25
-43
-38
-34
-72
-97
20
384
944
1551
1997
2090
1902
1757
1866
2083
2143
1917
1424
911
712
829
982
897
570
208
-65
-274
-456
-626
-867
-1218
-1568
-1787
-1824
-1686
-1435
-1215
-1140
-1126
-1056
-880
-591
-283
-38
69
12
-80
-104
-80
-54
-50
-79
-157
-274
-454
-727
-998
-1113
-1060
-975
-958
-960
-911
-861
-908
-992
-962
-735
-379
-120
-93
-187
-171
106
553
943
1177
1261
1235
1170
1092
995
883
775
673
546
387
257
196
177
167
120
-17
-227
-445
-543
-470
-394
-450
-611
-778
-839
-760
-552
-283
-69
21
12
88
448
1062
1720
2110
2059
1760
1584
1668
1814
1818
1648
1387
1185
1110
1087
974
701
346
22
-207
-375
-583
-935
-1503
-2121
-2485
-2462
-2112
-1601
-1113
-825
-780
-809
-743
-509
-160
159
326
285
135
53
109
251
435
641
768
685
356
-120
-536
-765
-833
-881
-1038
-1241
-1346
-1327
-1225
-1106
-990
-858
-684
-449
-194
-22
38
84
202
409
712
1039
1257
1285
1141
944
809
804
946
1099
1058
780
390
81
-62
-114
-193
-353
-558
-717
-778
-806
-871
-949
-983
-929
-769
-535
-301
-146
-120
-163
-149
81
565
1175
1692
1904
1789
1606
1624
1854
2053
2000
1662
1204
882
800
858
851
634
222
-270
-730
-1077
-1310
-1495
-1682
-1823
-1848
-1732
-1499
-1208
-939
-775
-684
-549
-322
-28
233
365
384
357
371
495
689
851
891
755
491
179
-125
-401
-660
-895
-1068
-1203
-1322
-1362
-1283
-1105
-895
-760
-745
-765
-725
-584
-375
-176
-24
116
283
486
724
967
1180
1333
1386
1329
1191
1023
850
668
488
327
186
80
-8
-139
-323
-511
-665
-772
-825
-839
-825
-817
-842
-877
-859
-752
-581
-406
-287
-172
22
334
761
1235
1619
1782
1706
1578
1618
1795
1904
1809
1490
1050
688
526
518
498
314
-51
-470
-794
-942
-980
-1058
-1267
-1529
-1699
-1662
-1387
-974
-604
-425
-402
-360
-208
53
370
622
722
661
529
461
497
587
659
608
390
96
-170
-391
-560
-687
-790
-895
-1008
-1089
-1098
-1062
-1011
-937
-840
-736
-636
-546
-463
-331
-114
181
522
849
1091
1198
1170
1064
961
904
900
920
897
750
493
225
38
-45
-63
-94
-193
-363
-607
-899
-1167
-1329
-1357
-1261
-1103
-941
-788
-642
-485
-314
-175
-82
25
244
608
1021
1357
1533
1544
1474
1461
1514
1517
1375
1121
843
626
505
470
443
324
94
-178
-404
-551
-640
-724
-875
-1089
-1261
-1282
-1108
-795
-469
-262
-210
-196
-94
97
289
393
412
400
376
382
445
507
535
508
412
247
54
-124
-283
-450
-638
-810
-940
-1034
-1058
-1009
-932
-850
-760
-650
-527
-394
-257
-122
12
161
353
575
776
931
1016
1012
915
773
667
611
589
571
506
380
211
13
-205
-451
-705
-891
-968
-976
-967
-962
-973
-993
-977
-887
-714
-487
-249
-71
3
-24
-74
-54
85
342
653
938
1118
1174
1157
1148
1154
1134
1076
980
840
710
624
594
580
529
413
254
92
-68
-225
-384
-555
-704
-779
-769
-697
-603
-516
-450
-375
-243
-56
147
321
422
436
385
325
322
386
467
509
477
356
167
-52
-266
-472
-667
-825
-910
-912
-858
-790
-747
-739
-732
-692
-603
-459
-291
-128
3
73
106
152
241
365
490
575
602
582
518
410
270
115
-24
-123
-180
-224
-268
-306
-348
-390
-410
-413
-414
-415
-415
-420
-423
-410
-388
-358
-337
-340
-363
-405
-440
-420
-324
-162
49
291
551
789
961
1050
1089
1109
1110
1084
1042
983
929
892
874
854
810
729
623
507
363
170
-74
-332
-553
-674
-686
-616
-523
-446
-390
-344
-282
-194
-85
39
139
190
191
146
96
77
85
103
124
135
106
15
-119
-262
-385
-468
-499
-484
-452
-422
-401
-387
-378
-391
-409
-422
-435
-442
-424
-388
-344
-296
-253
-216
-180
-145
-116
-90
-61
-19
37
102
173
240
294
328
348
371
397
412
400
339
226
79
-74
-210
-328
-429
-504
-549
-578
-603
-631
-664
-678
-643
-554
-424
-255
-56
149
343
528
680
787
882
966
1027
1086
1127
1144
1143
1102
1025
947
870
773
659
519
343
140
-56
-242
-399
-514
-592
-627
-636
-617
-578
-529
-475
-433
-406
-381
-354
-289
-189
-100
-24
44
105
172
248
311
347
358
336
299
263
217
165
115
48
-32
-128
-239
-359
-479
-593
-707
-807
-876
-918
-931
-915
-888
-837
-735
-596
-435
-260
-95
56
207
354
495
635
751
825
859
857
816
746
649
517
352
169
-26
-219
-386
-519
-621
-703
-778
-851
-904
-927
-928
-903
-850
-771
-656
-501
-303
-70
184
442
673
852
984
1088
1160
1234
1309
1353
1361
1332
1269
1181
1081
950
793
623
445
260
68
-143
-357
-541
-685
-768
-781
-741
-682
-634
-594
-557
-518
-439
-321
-191
-67
38
138
250
359
475
580
640
649
627
579
512
437
333
194
31
-150
-336
-517
-703
-877
-1031
-1176
-1288
-1336
-1330
-1289
-1221
-1131
-1015
-854
-656
-443
-223
-14
177
343
489
613
714
795
849
870
870
834
763
674
554
399
225
53
-101
-232
-351
-467
-588
-711
-816
-891
-938
-944
-914
-866
-797
-700
-563
-382
-149
111
374
632
856
1023
1152
1258
1318
1344
1347
1310
1265
1229
1182
1118
1019
859
668
475
269
60
-131
-316
-493
-626
-720
-774
-777
-743
-696
-644
-572
-490
-398
-280
-155
-31
92
194
283
384
478
553
604
619
596
530
419
273
113
-61
-243
-416
-583
-738
-870
-984
-1074
-1132
-1160
-1151
-1100
-1019
-917
-795
-658
-518
-361
-187
-21
132
267
383
490
599
701
791
867
904
900
873
810
715
598
447
277
104
-69
-229
-366
-478
-568
-649
-722
-774
-804
-814
-801
-773
-729
-649
-527
-359
-168
27
230
423
598
762
887
953
987
985
938
883
824
755
699
640
561
480
387
269
148
15
-134
-277
-396
-494
-556
-576
-565
-518
-434
-320
-204
-105
-18
48
92
138
183
229
276
306
325
335
332
326
303
256
195
123
38
-50
-147
-260
-372
-483
-575
-621
-642
-658
-659
-666
-673
-659
-616
-551
-466
-364
-257
-150
-33
95
234
369
478
557
618
664
686
694
684
639
571
477
350
214
80
-50
-161
-260
-350
-423
-486
-537
-562
-561
-558
-555
-564
-581
-594
-589
-556
-492
-400
-281
-151
-24
100
212
312
403
465
486
494
494
476
476
478
462
451
441
424
420
414
382
338
282
214
147
91
38
-4
-34
-52
-46
-26
4
34
53
66
61
47
47
49
60
87
112
139
168
187
199
198
177
140
96
42
-21
-95
-184
-279
-362
-429
-473
-497
-506
-508
-499
-469
-417
-343
-271
-209
-158
-104
-53
-2
56
111
159
202
228
246
266
276
276
258
223
180
138
96
60
18
-33
-85
-142
-194
-241
-291
-345
-404
-458
-509
-551
-585
-603
-608
-602
-578
-538
-481
-399
-301
-197
-86
13
100
189
262
309
351
398
437
491
542
560
568
574
571
578
585
563
524
468
393
315
247
186
125
71
25
-8
-23
-22
-12
9
41
64
78
101
125
145
173
194
206
211
208
207
203
172
125
70
6
-49
-97
-150
-190
-226
-268
-289
-298
-308
-302
-289
-288
-288
-283
-283
-275
-255
-229
-189
-138
-82
-28
22
68
112
160
205
239
263
268
248
216
174
114
51
-13
-82
-155
-233
-317
-396
-471
-544
-602
-644
-669
-680
-681
-681
-676
-652
-610
-549
-473
-387
-301
-215
-121
-27
66
164
248
314
382
441
473
507
541
562
588
609
607
600
587
552
507
458
408
362
315
267
219
184
160
150
159
177
190
200
207
201
195
197
190
181
177
168
169
181
177
174
169
151
126
95
58
23
-20
-77
-138
-206
-260
-294
-315
-337
-360
-381
-396
-397
-391
-371
-339
-301
-247
-183
-120
-59
-4
45
83
111
131
138
127
105
69
19
-34
-86
-139
-189
-243
-302
-358
-410
-459
-504
-541
-572
-588
-589
-580
-564
-547
-526
-498
-464
-423
-372
-313
-249
-184
-119
-55
23
109
188
257
319
367
406
443
467
488
511
529
546
559
570
588
602
600
586
562
530
497
462
426
389
355
323
299
285
280
279
274
261
246
232
219
205
188
178
171
157
143
122
96
70
37
2
-35
-82
-132
-184
-242
-291
-325
-344
-345
-332
-322
-311
-296
-280
-256
-225
-193
-167
-145
-126
-106
-90
-85
-87
-89
-86
-88
-104
-133
-174
-217
-255
-294
-333
-370
-410
-443
-477
-501
-516
-526
-535
-534
-526
-514
-495
-474
-445
-411
-377
-343
-303
-261
-222
-180
-140
-98
-48
8
64
119
172
226
286
337
385
435
476
513
548
580
603
622
639
650
654
651
638
613
584
554
519
481
442
403
376
357
348
342
330
312
292
268
232
205
190
169
148
122
89
54
22
-7
-34
-62
-87
-112
-140
-168
-194
-217
-234
-246
-255
-253
-249
-243
-239
-236
-232
-229
-229
-225
-215
-205
-199
-200
-202
-204
-208
-210
-210
-215
-226
-250
-284
-313
-337
-357
-376
-394
-412
-423
-425
-421
-413
-401
-386
-369
-362
-353
-341
-333
-323
-308
-291
-275
-257
-230
-193
-151
-106
-52
-2
50
110
172
230
290
349
397
435
465
494
522
547
567
579
578
570
558
546
539
535
525
514
492
461
426
395
367
347
332
317
303
288
267
244
220
187
151
122
98
74
51
29
1
-23
-37
-45
-52
-61
-81
-109
-135
-156
-179
-195
-212
-232
-245
-255
-265
-271
-278
-287
-291
-294
-293
-294
-288
-283
-274
-265
-259
-250
-238
-231
-230
-235
-246
-263
-278
-288
-294
-297
-304
-312
-319
-320
-314
-309
-305
-300
-303
-311
-315
-313
-302
-286
-262
-232
-194
-149
-105
-65
-31
0
37
87
138
187
236
278
315
342
366
394
419
441
463
480
486
483
481
475
471
475
473
468
458
445
428
412
395
373
347
323
304
294
290
277
257
232
197
162
137
109
79
52
20
-15
-42
-69
-92
-105
-115
-129
-142
-156
-170
-187
-210
-235
-254
-270
-282
-290
-293
-301
-311
-315
-312
-296
-274
-250
-226
-206
-191
-176
-160
-146
-132
-123
-125
-137
-151
-167
-184
-200
-215
-231
-248
-264
-274
-276
-269
-259
-245
-230
-211
-194
-182
-177
-173
-163
-145
-119
-92
-64
-40
-21
-3
12
32
59
88
115
146
176
201
223
242
262
280
303
323
338
345
342
337
340
344
342
340
335
325
319
312
301
292
286
277
270
267
265
262
255
236
207
175
139
110
83
55
26
-5
-31
-55
-72
-87
-100
-114
-125
-136
-151
-165
-181
-200
-219
-236
-244
-244
-238
-227
-217
-206
-195
-180
-158
-132
-103
-83
-68
-55
-43
-26
-14
-10
-17
-31
-54
-80
-105
-121
-136
-155
-167
-175
-181
-184
-180
-170
-155
-141
-130
-126
-123
-121
-121
-125
-129
-130
-129
-123
-117
-109
-97
-88
-74
-57
-39
-16
10
35
54
66
77
91
105
121
137
148
162
180
195
205
212
217
224
236
251
267
278
276
272
269
263
265
264
260
256
247
226
197
164
135
109
81
59
40
24
6
-11
-25
-40
-56
-68
-73
-76
-80
-85
-86
-85
-87
-86
-90
-88
-87
-84
-78
-78
-83
-87
-87
-83
-78
-74
-69
-64
-49
-35
-25
-22
-25
-32
-40
-44
-48
-55
-65
-76
-85
-92
-92
-92
-94
-98
-103
-110
-117
-126
-134
-141
-153
-162
-172
-182
-187
-184
-185
-188
-188
-183
-175
-162
-147
-130
-113
-97
-78
-61
-47
-29
-13
3
20
35
56
82
111
139
164
180
193
205
222
239
253
260
262
261
254
248
244
235
227
216
202
186
170
151
131
112
95
82
76
75
76
77
75
74
75
76
80
85
84
79
68
54
39
19
-5
-31
-53
-72
-84
-92
-101
-110
-115
-113
-104
-89
-70
-49
-27
-8
7
16
20
21
25
29
27
14
-3
-20
-40
-63
-88
-111
-128
-144
-161
-178
-195
-210
-217
-223
-230
-234
-236
-238
-239
-239
-237
-230
-224
-220
-212
-205
-191
-177
-160
-141
-120
-100
-82
-67
-49
-31
-8
17
41
64
86
105
118
129
135
146
160
171
182
188
191
191
189
187
188
187
189
193
194
194
191
189
189
186
181
183
186
188
191
187
178
163
147
134
115
94
76
62
46
33
19
0
-17
-29
-39
-43
-43
-37
-33
-24
-17
-8
3
19
36
50
59
62
58
51
42
28
10
-9
-30
-52
-71
-92
-113
-135
-159
-177
-189
-198
-205
-213
-221
-229
-236
-242
-250
-257
-263
-269
-268
-264
-258
-249
-236
-224
-216
-202
-189
-170
-151
-131
-111
-93
-79
-62
-46
-27
-11
4
21
37
51
68
83
97
109
122
134
144
156
170
187
202
215
224
228
229
230
236
244
254
259
257
253
247
238
224
208
189
174
157
140
126
109
92
80
72
64
59
53
49
42
39
39
38
39
44
49
54
59
61
60
56
49
43
35
25
14
3
-10
-23
-35
-50
-65
-77
-88
-101
-115
-134
-154
-173
-191
-209
-226
-240
-250
-257
-265
-274
-285
-295
-301
-304
-305
-306
-308
-306
-304
-298
-288
-269
-251
-235
-221
-206
-191
-172
-153
-135
-118
-99
-82
-65
-51
-35
-16
8
31
56
87
119
147
170
190
209
232
257
280
298
309
313
320
322
323
321
315
307
297
286
276
266
255
247
237
228
222
218
213
207
198
191
187
182
178
172
164
152
139
128
120
109
94
80
65
47
29
13
2
-8
-17
-28
-37
-42
-48
-56
-62
-70
-82
-94
-110
-129
-147
-169
-191
-212
-232
-250
-267
-284
-301
-318
-330
-340
-348
-355
-361
-365
-368
-369
-368
-363
-357
-347
-335
-324
-311
-300
-287
-273
-252
-233
-214
-193
-168
-141
-114
-83
-55
-25
6
35
64
94
126
157
187
213
237
258
274
290
303
309
315
318
319
315
308
305
303
306
307
307
308
308
307
304
301
300
295
290
286
282
277
268
257
243
226
211
196
179
157
137
115
95
78
60
40
22
6
-6
-16
-29
-41
-53
-62
-70
-81
-94
-108
-116
-126
-139
-152
-165
-180
-192
-207
-222
-235
-248
-261
-273
-285
-300
-314
-327
-336
-346
-355
-359
-362
-371
-376
-378
-377
-371
-363
-351
-339
-328
-312
-296
-274
-243
-211
-184
-161
-131
-101
-70
-37
-1
33
61
86
114
141
169
193
215
226
234
244
249
256
264
271
278
282
291
300
308
317
326
334
339
343
348
353
354
353
349
341
331
321
309
295
282
265
249
230
211
192
178
161
141
119
101
84
70
57
40
23
9
-3
-15
-28
-44
-59
-75
-88
-102
-115
-127
-137
-146
-157
-168
-178
-190
-203
-217
-232
-246
-263
-278
-289
-301
-313
-326
-340
-356
-366
-375
-384
-391
-394
-397
-396
-389
-380
-366
-347
-327
-305
-281
-258
-233
-203
-171
-144
-119
-93
-69
-44
-21
9
35
59
78
90
102
117
132
150
164
182
198
210
221
232
250
269
288
303
312
325
334
340
346
350
353
354
349
341
335
327
320
311
301
288
273
260
247
234
221
213
204
191
179
167
152
137
121
106
89
74
57
37
18
1
-14
-31
-45
-59
-71
-82
-94
-103
-110
-121
-137
-151
-165
-176
-189
-205
-221
-237
-253
-270
-287
-303
-319
-330
-342
-354
-367
-374
-375
-374
-370
-362
-353
-342
-327
-311
-290
-271
-254
-238
-219
-196
-174
-153
-132
-115
-101
-87
-69
-50
-29
-14
0
17
37
54
77
99
119
138
153
168
185
202
219
232
244
255
262
267
271
277
281
281
280
277
276
274
273
272
275
273
265
258
253
246
239
233
225
215
205
194
182
171
157
142
126
111
94
78
65
52
38
24
12
0
-7
-17
-29
-40
-47
-56
-66
-76
-84
-93
-104
-117
-136
-153
-170
-187
-202
-218
-232
-244
-254
-265
-275
-283
-288
-293
-295
-292
-286
-279
-270
-262
-256
-251
-242
-234
-221
-205
-191
-177
-169
-163
-153
-141
-126
-109
-91
-72
-54
-35
-13
5
23
40
57
76
93
109
122
134
142
147
156
162
166
171
174
174
175
178
178
180
185
190
193
196
201
205
208
209
210
210
210
205
201
196
189
181
172
163
155
146
137
127
117
107
95
86
76
65
58
48
38
31
23
13
6
2
-6
-18
-29
-40
-51
-63
-75
-82
-90
-101
-113
-121
-130
-136
-148
-158
-164
-168
-173
-180
-181
-184
-188
-190
-194
-196
-198
-200
-200
-200
-203
-202
-197
-190
-183
-170
-157
-150
-142
-132
-121
-108
-96
-81
-66
-51
-38
-24
-15
-5
4
14
23
31
38
43
44
45
48
51
58
63
69
75
78
80
88
99
107
118
126
131
137
147
154
155
158
161
162
164
164
162
159
158
155
152
148
145
143
141
138
134
129
124
120
114
113
107
99
93
86
79
72
63
55
47
39
32
22
13
4
-2
-11
-19
-26
-34
-43
-51
-63
-73
-85
-96
-105
-115
-129
-141
-151
-160
-168
-180
-191
-195
-198
-201
-203
-203
-202
-198
-192
-183
-173
-163
-155
-147
-140
-134
-124
-113
-101
-91
-83
-77
-69
-65
-61
-55
-50
-46
-42
-34
-25
-19
-11
-8
-1
10
19
29
43
52
60
68
79
88
97
106
114
126
133
136
139
146
151
158
162
160
159
161
164
167
165
164
161
162
163
158
152
144
140
138
131
122
116
109
102
94
87
81
72
64
55
48
41
35
31
24
14
4
-6
-17
-25
-32
-43
-56
-75
-93
-109
-121
-129
-138
-147
-156
-163
-173
-177
-182
-184
-183
-177
-175
-172
-166
-164
-158
-152
-146
-138
-130
-124
-116
-114
-109
-105
-104
-97
-88
-79
-75
-70
-63
-59
-55
-47
-40
-33
-24
-16
-8
1
11
21
30
37
41
49
58
67
73
79
85
92
100
109
116
122
124
126
129
133
138
141
140
137
139
138
137
133
130
126
120
119
116
112
107
101
99
94
87
83
80
78
73
69
68
63
58
54
50
45
38
33
24
14
4
-8
-18
-28
-37
-44
-52
-61
-71
-80
-87
-90
-92
-99
-103
-106
-113
-116
-116
-112
-112
-111
-109
-109
-108
-107
-109
-108
-109
-111
-111
-112
-113
-105
-100
-99
-99
-99
-98
-98
-92
-88
-82
-77
-73
-71
-69
-66
-59
-51
-46
-42
-38
-30
-20
-10
-1
6
13
18
26
32
40
49
59
66
71
79
86
91
96
102
107
112
116
118
117
119
120
123
125
125
123
124
125
125
124
122
123
122
118
114
114
112
109
105
98
94
88
81
74
67
56
45
37
30
21
14
5
-8
-20
-27
-32
-39
-45
-50
-53
-55
-60
-67
-72
-74
-79
-83
-87
-95
-100
-103
-107
-109
-110
-112
-113
-115
-118
-117
-118
-121
-123
-119
-118
-116
-115
-112
-108
-105
-100
-97
-93
-91
-88
-84
-81
-78
-72
-64
-57
-49
-39
-32
-25
-18
-10
0
8
17
23
31
37
41
47
55
63
72
79
84
87
89
91
94
98
104
109
114
115
116
118
121
123
124
125
125
124
123
122
118
116
111
104
101
95
87
79
71
67
63
57
48
41
36
33
27
20
12
6
-1
-6
-8
-13
-17
-24
-33
-41
-48
-56
-60
-67
-72
-79
-85
-92
-96
-100
-104
-104
-105
-110
-112
-110
-108
-104
-103
-104
-104
-104
-103
-103
-101
-100
-96
-91
-89
-86
-81
-75
-69
-63
-60
-59
-54
-48
-44
-37
-31
-24
-19
-16
-12
-5
1
7
12
17
24
31
36
41
46
52
57
64
70
74
79
85
92
93
99
103
110
114
113
112
112
112
112
109
108
104
98
93
90
88
81
73
69
64
59
55
53
50
48
46
44
40
37
36
34
29
22
14
4
-3
-8
-16
-23
-31
-39
-47
-55
-61
-62
-69
-73
-75
-78
-84
-91
-91
-90
-90
-90
-90
-92
-94
-95
-93
-90
-89
-89
-90
-92
-91
-88
-85
-82
-80
-78
-79
-79
-76
-71
-65
-62
-61
-56
-50
-47
-46
-40
-33
-24
-16
-12
-6
-2
6
14
22
27
31
35
44
53
61
68
73
78
82
86
90
93
97
99
100
101
101
97
92
89
87
84
87
87
86
86
84
82
83
84
84
83
83
84
82
78
74
71
65
56
47
42
35
26
18
10
1
-5
-9
-15
-21
-29
-36
-42
-46
-52
-58
-60
-59
-61
-65
-69
-71
-71
-73
-77
-81
-82
-83
-87
-90
-90
-90
-88
-85
-84
-82
-80
-80
-78
-77
-74
-71
-69
-65
-62
-58
-57
-55
-53
-49
-43
-41
-37
-34
-33
-30
-23
-15
-8
-5
-3
1
9
17
27
31
32
33
38
41
47
50
52
56
58
58
60
60
58
57
57
56
53
51
51
54
56
57
58
60
61
60
62
62
60
58
57
54
51
52
50
50
48
45
39
36
34
30
22
15
12
11
6
2
-1
-4
-9
-14
-18
-21
-27
-33
-35
-39
-40
-40
-40
-41
-45
-46
-47
-49
-47
-45
-44
-45
-44
-42
-40
-39
-37
-37
-38
-37
-37
-35
-33
-33
-37
-39
-39
-36
-35
-34
-31
-30
-28
-26
-22
-19
-17
-15
-10
-5
-1
2
5
12
15
17
15
13
12
12
14
16
18
19
21
23
23
24
24
25
28
31
35
36
37
38
39
37
36
35
36
37
38
35
30
26
24
25
28
27
24
24
26
26
25
27
27
26
24
25
23
19
18
17
13
10
7
7
8
5
1
-5
-10
-14
-17
-19
-20
-23
-26
-30
-32
-34
-33
-36
-40
-42
-42
-48
-52
-51
-48
-47
-46
-46
-50
-48
-47
-44
-44
-48
-48
-47
-45
-45
-42
-38
-37
-34
-31
-27
-21
-18
-17
-14
-11
-6
-3
-2
1
5
11
11
13
16
18
21
23
24
25
27
29
33
37
37
39
39
40
41
42
43
41
41
41
39
39
40
40
40
40
36
34
34
34
35
36
38
36
35
35
35
36
36
35
32
28
27
28
28
25
20
15
14
13
8
4
2
0
-1
-6
-8
-13
-16
-20
-21
-22
-27
-30
-32
-35
-38
-38
-40
-41
-44
-46
-48
-49
-47
-48
-45
-43
-41
-40
-39
-38
-35
-34
-32
-31
-30
-29
-30
-31
-30
-29
-28
-26
-25
-24
-25
-23
-20
-17
-15
-15
-10
-6
-3
-1
4
6
7
7
10
13
17
20
23
24
23
22
22
23
23
24
27
26
24
23
22
19
19
23
25
24
23
23
20
20
23
24
25
24
25
25
25
23
25
27
27
26
25
23
22
24
22
19
20
18
16
13
12
10
7
5
3
-1
-2
-3
-3
-4
-7
-9
-10
-12
-13
-16
-16
-17
-20
-20
-19
-18
-17
-16
-18
-18
-21
-23
-24
-25
-25
-26
-27
-26
-24
-23
-25
-28
-28
-24
-25
-26
-25
-23
-22
-22
-23
-17
-15
-15
-12
-11
-8
-6
-4
-3
-4
-6
-4
-2
-1
0
1
3
3
3
2
1
1
6
9
12
13
13
15
17
18
20
22
24
24
23
26
29
28
29
31
32
31
31
30
28
29
32
34
32
32
30
27
24
22
20
20
21
15
10
6
3
1
-2
-3
-5
-5
-6
-10
-15
-17
-20
-20
-19
-19
-22
-19
-19
-20
-22
-23
-26
-28
-30
-29
-29
-29
-31
-31
-27
-27
-27
-28
-25
-25
-26
-24
-24
-23
-23
-22
-24
-25
-23
-20
-20
-19
-16
-14
-14
-15
-12
-6
-1
0
-1
1
2
3
6
8
7
10
9
9
15
17
20
20
20
20
19
20
21
22
23
22
23
21
21
23
23
25
25
25
26
27
30
30
30
29
27
30
31
32
31
33
33
32
30
27
24
20
19
18
17
18
19
16
14
13
13
15
16
14
11
7
1
-1
-4
-7
-8
-9
-11
-14
-16
-18
-22
-22
-23
-21
-20
-21
-26
-26
-26
-26
-29
-32
-33
-35
-36
-38
-41
-43
-43
-42
-43
-43
-47
-47
-47
-47
-46
-48
-47
-47
-46
-46
-42
-39
-40
-38
-34
-33
-27
-22
-20
-18
-14
-10
-10
-9
-6
-2
0
1
1
5
8
9
11
13
15
18
19
21
27
31
35
35
37
39
40
42
43
46
49
52
54
56
57
58
61
60
59
57
59
59
58
56
53
53
52
49
44
40
39
36
33
30
25
20
19
16
13
8
5
1
-3
-4
-3
-6
-10
-12
-14
-15
-15
-18
-22
-27
-30
-32
-34
-34
-36
-38
-42
-45
-48
-50
-49
-49
-51
-51
-55
-56
-57
-59
-58
-56
-54
-53
-53
-51
-48
-44
-41
-39
-38
-38
-35
-32
-31
-28
-24
-23
-20
-14
-10
-8
-7
-5
-2
-1
6
13
16
18
20
23
26
28
31
35
34
34
36
40
42
43
46
46
46
46
45
47
48
50
50
51
47
46
47
48
48
43
41
39
36
36
34
31
28
25
23
20
19
18
16
12
7
2
0
-2
-4
-7
-10
-13
-13
-16
-19
-21
-23
-23
-28
-33
-35
-36
-38
-42
-42
-43
-45
-47
-48
-48
-48
-48
-46
-46
-45
-45
-43
-41
-38
-35
-33
-31
-29
-25
-22
-23
-23
-22
-19
-17
-16
-12
-9
-6
-2
1
2
4
4
7
10
12
12
13
15
17
20
21
23
25
28
32
33
35
38
39
41
40
41
40
40
39
36
37
37
38
36
33
31
29
29
29
25
23
24
23
23
21
20
19
18
15
11
10
9
6
3
2
0
-2
0
1
-2
-5
-9
-14
-17
-15
-16
-15
-19
-24
-29
-30
-31
-34
-35
-34
-35
-41
-43
-44
-44
-41
-40
-38
-37
-37
-34
-34
-33
-31
-33
-34
-34
-33
-32
-30
-25
-22
-17
-15
-13
-12
-10
-8
-8
-8
-6
-6
-5
-2
-1
2
7
9
9
9
13
15
15
16
21
24
25
26
30
31
28
27
30
32
33
35
36
38
38
40
42
42
41
43
43
43
42
40
38
36
34
33
30
28
27
25
22
21
20
20
19
16
12
10
10
7
3
1
-1
-2
-6
-8
-14
-16
-18
-21
-23
-27
-27
-29
-30
-27
-25
-27
-27
-28
-27
-29
-31
-33
-38
-41
-40
-40
-39
-38
-37
-38
-39
-39
-38
-35
-32
-30
-29
-30
-29
-25
-19
-15
-14
-15
-15
-13
-13
-11
-8
-7
-7
-5
-1
3
6
9
13
15
16
16
19
21
22
24
26
28
26
24
25
26
26
27
27
28
30
30
29
27
26
26
25
23
22
23
24
24
22
22
20
19
17
19
18
16
14
12
7
7
6
4
2
-1
-2
-5
-4
-5
-5
-9
-10
-13
-17
-17
-14
-13
-14
-14
-17
-17
-17
-16
-17
-18
-21
-22
-21
-23
-23
-24
-25
-28
-27
-26
-27
-29
-29
-26
-25
-26
-27
-23
-20
-21
-19
-15
-10
-7
-6
-2
-1
-2
-1
2
3
3
6
8
9
11
14
15
14
16
18
20
22
22
23
25
24
23
25
27
25
26
26
26
26
24
23
24
26
26
26
24
22
23
23
19
15
15
14
13
12
12
11
8
8
7
4
4
1
-1
-1
-3
-6
-5
-2
-4
-5
-7
-8
-10
-10
-9
-9
-11
-14
-14
-14
-13
-13
-14
-14
-14
-16
-18
-18
-17
-16
-16
-16
-16
-16
-20
-21
-19
-20
-21
-23
-22
-20
-22
-23
-20
-19
-20
-21
-19
-18
-18
-17
-16
-16
-16
-14
-13
-14
-12
-10
-11
-14
-12
-9
-8
-5
-5
-4
-2
-2
2
2
3
5
5
6
7
10
14
16
18
17
16
19
22
23
22
23
24
26
27
28
30
31
29
31
30
32
31
30
29
25
24
25
25
24
23
18
17
17
16
14
13
12
13
10
9
10
7
7
7
3
1
-1
-1
-2
-4
-4
-5
-7
-10
-12
-13
-15
-17
-18
-21
-25
-26
-25
-28
-31
-31
-28
-29
-31
-29
-29
-31
-33
-34
-31
-28
-27
-23
-20
-20
-21
-19
-17
-16
-15
-14
-11
-11
-11
-9
-9
-8
-8
-4
-2
0
1
1
1
1
3
6
7
7
10
13
15
16
19
19
19
19
22
24
25
24
27
26
26
27
28
28
26
26
25
24
23
22
20
17
17
16
16
15
15
12
11
10
7
3
2
1
2
1
-1
-3
-5
-6
-6
-7
-7
-9
-13
-16
-15
-15
-17
-19
-18
-22
-23
-21
-21
-20
-23
-27
-24
-22
-22
-18
-17
-17
-19
-20
-18
-19
-17
-12
-9
-10
-10
-9
-8
-7
-4
-3
-1
-3
-1
1
1
2
3
5
0
-2
1
1
3
6
7
8
7
6
6
9
14
16
16
15
17
18
19
20
22
24
23
21
21
23
23
24
25
20
17
17
20
20
20
17
16
15
13
11
12
9
10
9
7
4
5
6
5
4
3
2
1
0
-1
-4
-7
-9
-9
-12
-15
-15
-15
-19
-21
-24
-25
-25
-26
-28
-28
-29
-30
-31
-32
-34
-34
-33
-32
-31
-30
-28
-27
-24
-25
-22
-20
-20
-17
-16
-15
-13
-13
-11
-7
-6
-5
-3
-3
-3
-1
2
3
4
7
9
9
10
14
13
15
16
17
18
19
21
25
25
24
29
31
31
30
27
28
31
33
32
31
30
29
27
25
24
24
22
20
18
19
16
14
15
15
14
10
9
10
8
6
7
7
5
-1
-1
-1
-5
-5
-6
-7
-7
-9
-11
-14
-18
-21
-21
-21
-22
-21
-22
-24
-24
-25
-26
-27
-28
-27
-27
-28
-28
-27
-29
-27
-25
-23
-22
-21
-22
-21
-22
-20
-18
-18
-17
-15
-14
-13
-12
-9
-4
-5
-2
1
1
0
2
6
5
5
8
10
11
14
15
15
17
19
22
25
25
25
26
28
31
30
30
31
32
29
28
29
28
27
26
27
28
27
27
25
23
22
20
19
17
18
18
15
13
13
12
11
7
8
7
3
-2
-6
-5
-5
-7
-9
-12
-12
-12
-13
-14
-16
-17
-20
-22
-25
-25
-25
-26
-25
-24
-24
-28
-29
-29
-29
-29
-29
-29
-30
-31
-32
-30
-31
-28
-26
-25
-25
-21
-19
-21
-25
-27
-25
-23
-23
-22
-21
-20
-19
-16
-15
-17
-18
-17
-12
-10
-9
-7
-4
-3
0
3
5
7
9
12
14
17
19
20
20
21
23
24
26
28
29
32
33
35
34
34
33
34
37
38
37
36
35
35
34
32
33
34
35
34
33
32
31
28
24
25
26
25
24
23
23
22
21
20
21
20
18
17
14
10
8
2
0
-5
-7
-9
-12
-11
-12
-15
-16
-19
-20
-21
-21
-21
-22
-24
-27
-29
-27
-24
-25
-27
-27
-27
-29
-33
-33
-30
-31
-35
-34
-34
-37
-34
-33
-33
-31
-31
-31
-30
-30
-27
-25
-23
-23
-20
-19
-17
-16
-15
-13
-12
-11
-7
-5
-4
-3
-1
1
2
3
4
6
7
6
8
9
12
13
15
16
15
14
12
14
20
20
19
17
15
15
14
16
18
18
19
21
21
19
19
20
20
18
19
20
19
17
18
18
18
19
21
19
14
14
13
12
10
9
9
7
7
8
8
8
5
4
2
2
2
2
-1
-3
-4
-4
-3
-3
-3
-5
-6
-5
-6
-7
-10
-12
-12
-13
-16
-14
-13
-14
-12
-10
-11
-12
-13
-13
-12
-17
-19
-18
-18
-16
-13
-14
-13
-11
-11
-14
-13
-12
-13
-12
-11
-8
-8
-7
-6
-9
-8
-4
-5
-5
-6
-6
-5
-6
-5
-3
2
6
7
5
4
4
5
7
10
11
13
14
14
15
16
14
14
16
17
14
10
6
10
12
11
12
12
8
8
11
12
12
11
11
10
12
15
17
16
15
15
16
12
10
11
10
7
5
4
3
2
-2
-6
-5
-4
-5
-5
-5
-7
-10
-7
-7
-12
-15
-15
-15
-17
-18
-18
-20
-22
-23
-21
-21
-23
-26
-25
-25
-25
-23
-21
-21
-22
