0
-1
-1
-2
-1
-3
-3
-3
-4
-3
-3
-4
-5
-5
-5
-5
-4
-4
-3
-2
-1
0
1
2
1
1
0
-1
0
1
1
0
2
1
0
3
6
6
5
3
3
1
0
2
4
4
2
3
3
3
4
2
0
-1
2
0
0
2
1
-2
-2
-1
1
3
3
3
4
2
1
-1
0
1
0
1
-1
0
0
0
-1
-1
-2
-4
-4
-4
-8
-9
-7
-5
-1
2
4
4
3
2
0
-2
-3
-3
-2
-1
-2
-2
-4
-6
-7
-5
-2
1
5
5
1
-3
-7
-10
-9
-6
-4
-1
0
1
0
-1
-1
-2
-3
-5
-4
-3
-1
0
1
2
4
7
7
8
4
1
-2
-6
-8
-5
-2
4
7
10
9
3
-2
-4
-3
-1
0
-1
-1
2
5
7
9
11
12
11
11
13
11
8
1
-4
-4
0
9
17
20
19
12
5
-3
-8
-13
-18
-21
-21
-17
-8
1
8
11
8
0
-6
-11
-15
-17
-17
-11
-8
-2
4
7
9
9
11
13
12
10
3
-6
-13
-20
-21
-18
-13
-5
5
13
15
13
5
-4
-13
-17
-15
-7
4
15
23
24
22
19
13
9
5
2
0
-1
-3
-5
-7
-9
-7
-7
-7
-6
-2
3
7
10
11
5
-1
-9
-7
-2
4
10
10
6
3
2
6
9
9
3
-5
-13
-14
-11
-5
-1
0
1
-1
2
2
-3
-11
-21
-25
-20
-10
2
7
2
-9
-20
-25
-24
-13
-1
7
10
11
10
8
6
2
-1
-3
-4
-4
-5
-5
-10
-13
-9
-1
7
15
18
13
1
-15
-24
-28
-23
-12
4
16
21
18
13
10
10
12
10
5
-6
-17
-21
-13
1
13
19
17
11
7
5
5
4
0
-8
-11
-7
4
9
4
-6
-12
-5
16
41
54
44
11
-24
-41
-40
-30
-12
8
21
28
29
27
20
7
-6
-15
-17
-14
-7
-3
-1
-3
0
7
13
12
4
-3
-12
-17
-18
-13
-8
-3
3
12
16
8
-8
-20
-20
-10
1
7
8
1
-10
-13
-8
1
2
-2
0
9
15
14
8
-1
-8
-9
3
18
27
22
6
-8
-13
-7
3
10
11
0
-13
-13
5
24
27
17
2
-10
-16
-11
-3
5
3
-3
-2
3
4
-3
-11
-15
-20
-20
-11
4
9
-1
-13
-17
-17
-18
-14
-6
1
1
-3
-2
-3
-7
-11
-5
12
21
16
-4
-27
-41
-37
-17
5
9
1
-7
-3
12
20
15
0
-18
-26
-23
-11
0
0
-6
-7
7
33
47
40
16
-10
-27
-26
-6
20
25
9
-6
-3
8
11
6
4
7
11
17
20
11
-13
-38
-46
-33
-6
21
38
38
29
20
14
13
12
3
-10
-15
-13
-9
-12
-9
0
17
30
31
30
21
3
-19
-35
-37
-26
-13
-5
4
15
16
12
12
14
11
1
-6
-6
-10
-21
-26
-14
-4
1
1
8
15
12
5
-2
-7
-15
-15
-5
-2
-4
-9
-3
11
23
27
31
28
22
9
-10
-18
-14
-5
1
8
20
25
18
15
14
2
-11
-13
-8
-6
-7
-3
7
15
13
1
-7
-15
-24
-24
-10
11
27
37
40
36
20
-12
-32
-36
-39
-44
-30
0
24
29
19
8
-8
-36
-57
-55
-31
-13
-9
12
34
30
21
22
16
-12
-40
-38
-25
-12
-12
-6
3
-7
-18
-15
-10
-17
-26
-22
-10
4
18
18
10
-1
-21
-23
-5
10
13
13
26
40
44
32
0
-31
-40
-50
-59
-36
-1
19
24
43
64
66
41
5
-24
-40
-59
-64
-39
-7
18
40
74
104
98
48
-9
-40
-60
-75
-49
0
10
-3
3
25
31
31
30
20
-1
-14
-8
2
0
-31
-67
-75
-44
4
48
76
94
105
76
16
-34
-46
-56
-82
-87
-45
21
58
70
88
99
60
6
-21
-41
-92
-134
-122
-79
-22
32
71
95
116
111
76
28
-17
-47
-63
-62
-57
-37
0
13
13
37
69
89
71
30
-21
-74
-114
-124
-94
-47
-4
45
82
92
89
79
47
-13
-65
-85
-73
-55
-39
-5
39
42
16
15
43
23
-36
-46
-16
-16
-55
-65
-28
18
19
-4
-7
0
-29
-61
-35
17
27
-9
-34
-9
8
-20
-39
-4
37
9
-24
4
60
75
39
1
-3
-10
-47
-54
-11
30
17
-10
7
33
21
-11
-32
-42
-58
-49
5
71
95
68
37
30
-6
-60
-83
-54
-14
14
51
92
102
44
-25
-49
-52
-70
-68
-46
-14
-10
-12
-2
44
83
55
-5
-29
-5
18
41
38
8
-31
-52
-52
-8
54
67
33
3
-2
-16
-23
-35
-34
-23
-30
-36
6
62
79
69
50
28
2
-21
-33
-12
10
-8
-18
-1
-10
-21
-7
23
48
47
41
29
17
-3
-8
-16
-38
-54
-58
-31
40
106
84
43
1
-48
-79
-75
-66
-13
29
25
25
49
55
17
-5
-2
-5
-39
-53
-14
50
41
-11
-39
-57
-55
-47
-21
31
57
45
33
27
1
-56
-98
-64
-16
4
15
53
105
90
26
-18
-39
-72
-109
-93
-24
16
-1
-16
-12
-21
-42
-52
-18
26
38
35
24
25
25
-27
-57
-35
-11
-2
34
112
129
69
25
3
-30
-56
-94
-96
-70
-71
-24
23
54
54
37
27
20
27
-5
-52
-51
-24
1
42
76
102
121
91
47
29
4
-36
-70
-64
-60
-68
-44
6
21
7
-26
-24
4
-21
-53
-20
42
48
4
-9
12
-4
-30
-44
-24
25
56
51
43
34
31
-9
-43
-92
-148
-89
6
14
9
57
74
20
-16
12
2
-28
-17
15
21
6
2
51
68
5
0
54
81
52
22
26
-2
-49
-62
-25
12
-18
-65
-35
10
8
25
23
35
28
9
40
62
-2
-95
-98
-35
5
38
87
78
65
96
113
44
-79
-102
-70
-97
-125
-93
-21
25
43
43
36
5
-19
-27
-47
-58
-45
4
43
38
-1
-7
12
3
-26
-3
54
46
23
1
-32
-58
-68
-73
-117
-97
26
133
88
29
33
69
19
-53
-57
-37
25
51
27
16
38
3
3
20
29
9
-14
-20
1
31
7
-51
-95
-88
-42
-19
-25
35
108
73
-8
-14
14
29
-37
-101
-50
21
-4
-23
66
127
105
29
-38
-73
-66
-47
31
87
52
5
10
1
-4
12
-48
-119
-84
15
45
26
13
43
18
-66
-140
-108
-44
-3
3
-3
19
43
31
0
7
-28
-114
-133
-79
12
77
87
85
105
125
75
-10
-48
-45
-83
-98
-28
110
185
133
42
19
51
-6
-74
-24
41
26
-29
-32
-1
17
24
33
46
25
-16
-16
44
59
-17
-112
-113
-4
53
36
66
133
94
-2
-62
-64
-17
19
59
27
11
-19
-21
-18
-40
-43
-23
-24
-25
21
16
30
7
-108
-182
-89
-6
-24
-13
35
45
37
46
12
-9
-51
-97
-40
28
20
-68
-76
14
69
-12
-76
-17
19
-55
-101
-16
43
62
59
35
-14
-30
-13
30
62
80
77
44
46
85
79
3
-63
-65
-61
-61
-24
25
31
-36
-80
-55
-21
-22
6
18
10
43
37
-8
-47
-26
32
21
-30
-18
74
74
42
28
42
25
11
-9
-54
-51
-43
-9
24
60
78
86
27
3
25
-21
-111
-151
-110
-33
32
13
-11
76
106
-36
-113
-55
-34
-17
21
46
51
21
-15
-35
-10
33
-3
-42
-6
57
107
75
41
-22
-103
-136
-78
9
81
110
64
32
47
88
26
-38
-25
-42
-89
-71
28
81
38
-38
-41
-29
13
70
74
21
-19
-15
-44
-72
-8
23
-10
60
133
115
83
32
-50
-124
-137
-134
-129
2
95
87
27
-10
4
6
-21
-34
-87
-91
7
55
46
23
41
-29
-83
-34
69
62
-11
-32
-63
-61
-84
-17
25
7
-47
-86
-60
-19
20
64
120
103
40
-64
-61
0
-10
-94
-80
55
146
154
120
49
-25
-72
-153
-131
-13
88
99
78
60
47
-10
-60
-53
-76
-73
15
131
137
109
96
29
-101
-124
-26
35
55
26
-7
-33
-18
58
-1
-126
-136
-92
-122
-121
28
128
21
-66
18
88
61
-33
-22
34
68
31
-63
-65
41
83
-21
-58
30
98
56
59
24
-55
-124
-149
-120
-16
98
103
58
99
144
69
-47
-60
-49
-103
-167
-145
6
127
117
17
-6
50
32
-60
-44
23
-29
-149
-99
15
37
4
29
46
26
50
36
17
-3
27
-20
-129
-103
-3
28
-4
59
216
255
134
13
-42
-52
-63
-112
-140
-86
-21
-13
22
122
104
-2
-59
-72
-100
-115
-111
-36
72
94
28
-59
-4
91
95
-9
-14
83
96
6
-10
56
6
-101
-152
-96
-9
28
-11
18
107
93
-46
-146
-113
-50
-43
-49
55
158
167
125
67
10
-45
-75
-69
-26
53
73
63
36
-3
-53
-124
-143
-125
-58
2
53
126
172
117
2
-135
-158
-150
-139
-79
85
206
160
148
199
187
14
-150
-196
-175
-186
-161
-9
138
150
132
166
155
60
-38
-105
-136
-102
-31
64
102
43
7
21
11
-88
-98
4
66
35
-43
-50
-45
-46
-87
-106
-87
-22
33
117
160
121
52
-70
-164
-137
-68
-48
-18
69
127
126
95
93
116
89
-20
-138
-104
-138
-135
-92
-30
-32
15
79
127
112
17
-81
-155
-134
-139
-110
-112
-13
126
229
234
211
99
-66
-192
-216
-139
-52
74
96
104
135
111
-27
-136
-193
-181
-95
33
141
241
251
114
-51
-126
-125
-121
-63
70
179
194
160
140
97
-30
-148
-191
-152
-20
108
126
92
57
0
-109
-137
-93
-62
-100
-89
-12
33
23
35
88
74
29
-45
-50
-21
0
-23
-76
-38
-30
-89
-47
96
117
16
6
22
45
12
-11
21
27
12
4
26
27
-25
-55
-21
-8
2
-23
-3
116
134
64
-10
-73
-164
-235
-197
-146
-74
43
131
159
159
187
171
120
64
-5
-34
-56
7
55
25
-20
-80
-145
-168
-122
-25
38
64
93
65
41
-19
-82
-115
-96
-30
3
-2
34
98
144
149
146
155
82
13
-40
-93
-144
-188
-204
-204
-176
-99
23
142
187
146
86
44
21
-33
-72
-40
-22
-44
-40
19
14
-51
-96
-63
-24
-2
-7
-15
-17
-25
-44
-116
-91
-68
-20
7
43
95
92
92
56
16
23
80
119
147
134
115
57
-22
-46
-42
-29
-45
-26
24
44
65
58
-4
-35
-24
-33
-29
25
62
44
10
-20
-33
-74
-57
31
82
84
91
83
16
-99
-149
-164
-190
-135
-61
31
107
147
109
29
-15
-68
-139
-159
-141
-128
-74
19
71
59
75
126
145
90
17
-31
-29
-49
-99
-122
-77
7
25
11
73
136
107
24
22
63
6
-64
-80
-36
-6
-12
-16
-12
4
-4
-5
33
67
85
57
0
-29
-51
-70
-47
24
74
86
101
101
91
73
44
12
-16
-41
-81
-60
-1
33
35
37
21
20
-24
-94
-93
-78
-56
-47
-38
-16
13
50
19
-33
-41
-56
-57
-17
13
29
61
56
35
-2
-49
-115
-135
-134
-119
-55
-17
-7
-1
20
15
1
-15
-47
-51
-25
-14
-4
55
73
54
37
24
11
0
-7
-12
21
25
17
45
81
77
53
26
-7
-5
27
44
59
98
105
119
127
124
85
39
37
39
57
50
16
22
26
-5
-14
-31
-29
-33
-73
-77
-63
-42
-55
-85
-109
-159
-175
-160
-143
-97
-50
-29
-36
-51
-98
-153
-173
-183
-192
-176
-141
-107
-102
-106
-108
-95
-82
-92
-36
29
61
127
184
226
268
258
253
272
285
276
266
288
308
328
330
321
310
286
261
260
266
230
163
113
60
23
-13
-40
-19
11
19
5
-9
-30
-94
-169
-229
-260
-271
-301
-329
-330
-341
-372
-411
-427
-414
-415
-430
-404
-363
-359
-395
-419
-437
-463
-470
-452
-406
-364
-335
-323
-331
-343
-372
-412
-403
-360
-258
-83
175
472
757
1013
1229
1394
1479
1494
1453
1390
1295
1164
999
825
681
547
396
249
132
34
-40
-99
-156
-207
-264
-333
-401
-464
-494
-508
-463
-384
-281
-133
1
102
164
174
147
93
-23
-162
-289
-419
-553
-657
-710
-746
-782
-817
-843
-875
-907
-920
-918
-891
-868
-853
-824
-794
-747
-706
-682
-650
-593
-504
-374
-196
8
233
499
809
1111
1365
1559
1707
1802
1806
1734
1613
1448
1261
1063
874
723
595
485
377
247
117
-1
-127
-262
-407
-526
-603
-636
-605
-511
-371
-194
13
218
427
631
807
909
904
853
775
633
417
183
-32
-243
-441
-591
-694
-788
-894
-994
-1085
-1181
-1283
-1392
-1473
-1504
-1491
-1434
-1357
-1254
-1118
-964
-827
-691
-518
-353
-220
-102
9
83
107
90
65
43
12
17
119
337
575
772
997
1289
1554
1720
1793
1800
1730
1569
1358
1170
981
759
512
265
62
-79
-174
-249
-326
-434
-532
-578
-560
-517
-475
-409
-317
-183
-3
227
504
777
997
1179
1361
1541
1637
1596
1449
1207
862
458
62
-323
-737
-1152
-1494
-1751
-1935
-2049
-2107
-2138
-2148
-2132
-2061
-1939
-1813
-1676
-1524
-1350
-1135
-879
-598
-340
-101
108
262
368
446
467
370
176
-14
-136
-210
-242
-140
131
424
669
960
1344
1688
1865
1918
1930
1891
1778
1640
1531
1393
1178
926
693
472
290
169
64
-106
-322
-490
-586
-652
-709
-727
-709
-666
-564
-362
-98
160
391
596
764
908
1083
1246
1287
1207
1117
1037
901
698
447
148
-210
-616
-982
-1260
-1498
-1746
-1970
-2125
-2230
-2270
-2228
-2164
-2112
-2013
-1835
-1604
-1355
-1106
-840
-591
-397
-220
-13
186
286
301
281
209
62
-92
-204
-295
-364
-295
25
463
815
1137
1571
2043
2365
2511
2596
2626
2523
2300
2068
1874
1657
1367
1031
677
344
95
-93
-326
-636
-944
-1173
-1329
-1449
-1520
-1535
-1494
-1380
-1152
-784
-347
76
445
745
981
1197
1406
1537
1521
1387
1204
1002
791
585
366
94
-216
-515
-755
-920
-1059
-1222
-1400
-1548
-1656
-1725
-1754
-1751
-1756
-1767
-1742
-1635
-1428
-1178
-944
-735
-543
-369
-175
10
102
50
-80
-196
-321
-519
-746
-891
-943
-971
-873
-397
373
1032
1451
1919
2577
3150
3408
3441
3400
3216
2846
2453
2166
1863
1394
862
379
-32
-304
-417
-560
-912
-1355
-1630
-1708
-1765
-1858
-1917
-1905
-1838
-1608
-1127
-542
-52
332
684
1002
1307
1659
1951
1940
1649
1374
1232
1070
799
498
198
-160
-510
-685
-696
-748
-937
-1171
-1368
-1531
-1619
-1624
-1683
-1864
-2012
-1978
-1814
-1606
-1358
-1081
-853
-686
-492
-232
10
115
54
-110
-272
-340
-356
-481
-704
-814
-752
-697
-596
-93
753
1386
1644
2032
2777
3420
3605
3540
3487
3313
2914
2519
2295
2033
1537
951
429
-16
-321
-438
-605
-1074
-1661
-2004
-2090
-2199
-2399
-2538
-2555
-2492
-2254
-1731
-1054
-441
66
518
903
1268
1701
2047
2016
1666
1383
1298
1180
896
594
396
229
50
-50
-25
-13
-155
-423
-705
-937
-1112
-1291
-1586
-1940
-2135
-2087
-1979
-1919
-1766
-1449
-1094
-807
-531
-238
-14
62
-3
-161
-329
-422
-495
-700
-1010
-1134
-986
-855
-820
-426
479
1297
1697
2150
2998
3775
4043
3997
3954
3758
3245
2680
2281
1847
1213
590
68
-501
-994
-1128
-1119
-1427
-1950
-2230
-2221
-2279
-2448
-2485
-2397
-2338
-2181
-1718
-1094
-541
-11
550
970
1244
1654
2162
2330
2066
1797
1725
1567
1186
821
604
378
70
-174
-260
-297
-425
-649
-909
-1174
-1401
-1556
-1714
-1926
-2049
-1966
-1800
-1670
-1443
-1014
-529
-171
80
326
546
616
514
327
80
-235
-534
-737
-902
-1092
-1203
-1160
-1083
-1063
-805
-13
944
1495
1781
2377
3212
3707
3730
3625
3466
3030
2423
1969
1682
1278
722
189
-311
-755
-927
-848
-975
-1516
-2060
-2250
-2293
-2468
-2649
-2681
-2689
-2692
-2425
-1798
-1085
-465
121
664
1096
1588
2261
2778
2769
2446
2274
2224
1988
1579
1203
825
337
-119
-348
-412
-529
-787
-1060
-1214
-1279
-1318
-1343
-1415
-1554
-1599
-1413
-1117
-853
-576
-226
106
314
452
662
861
785
416
35
-248
-590
-1010
-1349
-1604
-1905
-2155
-2144
-1953
-1820
-1571
-839
138
784
1192
1941
2932
3468
3430
3338
3333
3049
2478
2033
1798
1448
913
440
58
-301
-492
-483
-657
-1223
-1762
-1921
-1985
-2272
-2543
-2567
-2548
-2586
-2336
-1652
-919
-388
134
766
1350
1883
2500
3000
3024
2724
2561
2498
2168
1593
1073
556
-144
-781
-986
-911
-980
-1182
-1198
-977
-712
-460
-216
-133
-224
-239
-91
13
-9
1
58
13
-111
-99
43
39
-266
-716
-1115
-1418
-1687
-2037
-2504
-2911
-3047
-2976
-2911
-2795
-2468
-2044
-1670
-1035
114
1319
2070
2609
3352
4073
4381
4377
4304
4013
3406
2824
2528
2280
1789
1184
629
95
-339
-544
-755
-1313
-2069
-2604
-2889
-3154
-3364
-3399
-3388
-3377
-3038
-2203
-1218
-385
424
1301
2025
2573
3190
3766
3817
3338
2871
2601
2187
1542
947
460
-90
-572
-702
-555
-431
-385
-262
-72
76
199
323
231
-181
-599
-774
-921
-1208
-1395
-1366
-1351
-1417
-1325
-1042
-872
-978
-1205
-1432
-1709
-1986
-2158
-2337
-2646
-2821
-2606
-2235
-2010
-1726
-1143
-557
-223
301
1398
2494
2907
2984
3432
4095
4370
4231
3998
3642
3082
2621
2455
2260
1753
1140
586
-88
-806
-1207
-1439
-2072
-3085
-3807
-3964
-3921
-3912
-3773
-3449
-3043
-2417
-1370
-152
848
1630
2350
2911
3266
3632
3976
3872
3236
2598
2309
2114
1731
1260
833
397
17
-129
-106
-160
-328
-491
-615
-718
-760
-764
-905
-1264
-1624
-1739
-1674
-1657
-1717
-1741
-1688
-1569
-1393
-1237
-1163
-1161
-1252
-1463
-1687
-1778
-1776
-1841
-1992
-2034
-1815
-1412
-1015
-742
-567
-360
-43
314
695
1263
1974
2474
2711
3107
3811
4348
4367
4108
3874
3582
3140
2675
2217
1560
695
-111
-770
-1416
-2005
-2420
-2824
-3372
-3768
-3668
-3287
-3030
-2857
-2488
-1913
-1245
-429
490
1234
1709
2150
2663
3070
3305
3446
3423
3110
2700
2500
2426
2133
1567
977
506
126
-167
-385
-639
-1001
-1330
-1451
-1411
-1413
-1540
-1757
-2019
-2232
-2285
-2245
-2298
-2452
-2540
-2440
-2175
-1839
-1526
-1300
-1162
-1058
-909
-696
-503
-449
-545
-633
-548
-303
-50
115
214
285
349
502
796
1054
1101
1167
1549
2073
2402
2637
2991
3247
3157
2918
2774
2542
2020
1390
872
374
-212
-737
-1148
-1631
-2158
-2412
-2369
-2364
-2472
-2396
-2066
-1733
-1443
-1009
-472
-26
390
934
1483
1856
2142
2454
2649
2637
2603
2646
2549
2190
1801
1557
1302
889
434
33
-379
-794
-1134
-1440
-1808
-2161
-2361
-2454
-2572
-2684
-2670
-2586
-2548
-2457
-2170
-1828
-1610
-1423
-1119
-757
-434
-134
112
224
275
391
529
538
430
340
296
240
229
315
363
269
157
169
215
208
209
184
44
16
432
1045
1327
1356
1616
2059
2250
2164
2091
1964
1535
966
638
535
347
12
-340
-677
-914
-863
-670
-741
-1080
-1269
-1201
-1135
-1105
-938
-753
-767
-756
-362
296
847
1232
1566
1813
1994
2284
2589
2540
2080
1572
1223
870
433
26
-382
-938
-1514
-1831
-1898
-1982
-2181
-2378
-2477
-2458
-2287
-1997
-1760
-1685
-1612
-1357
-1006
-731
-503
-251
-30
138
361
676
975
1139
1148
1072
1007
966
875
656
319
-7
-225
-386
-594
-813
-930
-970
-1063
-1168
-1110
-937
-863
-812
-430
243
767
1060
1470
2050
2464
2641
2791
2877
2700
2368
2162
2027
1737
1295
824
285
-302
-702
-890
-1184
-1708
-2154
-2324
-2367
-2346
-2138
-1820
-1611
-1399
-899
-175
476
977
1386
1638
1748
1923
2184
2225
1913
1522
1267
1050
790
568
343
-36
-493
-803
-947
-1088
-1309
-1596
-1907
-2136
-2174
-2086
-2047
-2073
-2010
-1786
-1493
-1164
-742
-278
107
429
778
1139
1441
1651
1698
1547
1302
1060
753
295
-224
-651
-978
-1291
-1566
-1701
-1670
-1523
-1312
-1112
-938
-694
-369
-118
106
581
1225
1584
1641
1889
2429
2779
2731
2553
2375
2082
1753
1569
1400
1019
504
56
-358
-770
-1034
-1200
-1573
-2139
-2458
-2369
-2187
-2102
-1942
-1638
-1294
-835
-137
625
1186
1588
1970
2265
2410
2532
2621
2422
1908
1439
1215
1001
600
127
-295
-705
-1079
-1341
-1566
-1874
-2208
-2433
-2540
-2549
-2420
-2180
-1950
-1725
-1346
-775
-208
204
534
876
1197
1441
1574
1548
1381
1164
937
658
327
-10
-339
-661
-929
-1071
-1094
-1071
-1056
-1029
-916
-706
-488
-374
-382
-426
-444
-450
-420
-205
208
567
774
1100
1698
2276
2541
2559
2480
2300
2049
1817
1543
1092
506
-53
-526
-926
-1205
-1354
-1512
-1724
-1803
-1624
-1326
-1073
-852
-619
-394
-129
248
651
925
1065
1177
1265
1290
1295
1301
1197
925
631
485
425
277
25
-218
-427
-620
-778
-910
-1100
-1361
-1577
-1655
-1625
-1546
-1451
-1348
-1215
-981
-602
-201
67
208
329
458
568
646
671
617
501
384
294
242
222
177
55
-128
-269
-323
-344
-390
-450
-512
-592
-654
-614
-483
-414
-456
-490
-436
-324
-105
326
800
1035
1138
1425
1826
2009
1939
1809
1626
1304
1000
882
820
618
314
44
-190
-370
-422
-429
-593
-898
-1131
-1220
-1264
-1290
-1258
-1241
-1281
-1205
-874
-438
-122
89
315
566
820
1112
1378
1482
1426
1379
1397
1352
1180
939
640
250
-153
-449
-679
-980
-1332
-1595
-1696
-1685
-1637
-1585
-1522
-1406
-1196
-923
-654
-397
-125
138
369
600
842
1031
1116
1122
1088
1037
982
885
698
439
184
-10
-157
-301
-472
-655
-811
-915
-977
-1026
-1072
-1117
-1178
-1245
-1215
-1065
-937
-874
-638
-112
395
666
961
1505
2016
2238
2341
2490
2509
2300
2047
1849
1560
1120
646
166
-353
-773
-996
-1208
-1563
-1865
-1919
-1850
-1822
-1756
-1570
-1369
-1183
-890
-476
-79
275
659
1024
1290
1558
1925
2199
2194
2045
1977
1921
1680
1295
893
442
-92
-585
-977
-1376
-1810
-2163
-2384
-2538
-2585
-2482
-2348
-2268
-2073
-1606
-1044
-598
-207
245
689
1065
1440
1796
1998
2017
1961
1871
1735
1591
1413
1086
619
227
17
-181
-503
-841
-1089
-1300
-1503
-1608
-1606
-1619
-1672
-1641
-1479
-1298
-1135
-916
-691
-582
-452
3
693
1143
1269
1492
1967
2343
2452
2474
2442
2178
1764
1477
1342
1175
870
472
33
-326
-498
-583
-831
-1284
-1705
-1948
-2080
-2149
-2115
-2014
-1917
-1734
-1323
-718
-93
470
951
1323
1629
1985
2340
2457
2268
1989
1791
1563
1180
738
335
-97
-588
-998
-1237
-1394
-1580
-1783
-1928
-1963
-1879
-1763
-1710
-1696
-1594
-1346
-1025
-675
-265
201
667
1114
1536
1937
2284
2516
2542
2348
2050
1763
1452
1009
450
-90
-541
-942
-1316
-1606
-1790
-1924
-2059
-2137
-2062
-1861
-1674
-1564
-1438
-1222
-979
-780
-606
-443
-319
-148
282
929
1436
1721
2085
2619
3021
3170
3207
3115
2749
2224
1796
1456
1031
451
-222
-905
-1453
-1743
-1899
-2149
-2490
-2698
-2708
-2611
-2429
-2139
-1877
-1718
-1435
-825
-62
568
1077
1586
2066
2487
2927
3300
3342
3032
2660
2394
2071
1573
1000
391
-312
-987
-1410
-1656
-1982
-2422
-2794
-2999
-3036
-2915
-2745
-2662
-2576
-2253
-1684
-1056
-418
291
992
1583
2183
2878
3464
3715
3701
3570
3297
2864
2370
1824
1116
277
-471
-1012
-1453
-1878
-2221
-2448
-2622
-2764
-2793
-2687
-2557
-2481
-2413
-2282
-2046
-1699
-1309
-973
-675
-315
89
461
927
1641
2354
2715
2876
3208
3601
3654
3342
2880
2285
1517
781
252
-176
-662
-1157
-1561
-1870
-2037
-1996
-1892
-1966
-2177
-2240
-2038
-1718
-1412
-1094
-744
-350
174
874
1622
2244
2716
3051
3239
3343
3434
3375
2962
2279
1636
1135
598
-61
-736
-1344
-1899
-2341
-2601
-2748
-2900
-3043
-3088
-2995
-2750
-2383
-2006
-1708
-1387
-856
-116
635
1261
1808
2369
2926
3390
3684
3761
3583
3140
2506
1825
1157
422
-451
-1381
-2165
-2658
-2915
-3114
-3341
-3521
-3550
-3404
-3154
-2896
-2673
-2469
-2208
-1795
-1220
-575
53
627
1128
1583
2073
2574
2888
2878
2740
2811
3014
2981
2679
2404
2193
1817
1300
835
431
-60
-598
-999
-1166
-1164
-1131
-1166
-1270
-1291
-1114
-855
-727
-729
-705
-593
-409
-144
195
506
751
1027
1405
1802
2133
2372
2425
2204
1857
1612
1392
932
222
-457
-936
-1315
-1687
-2014
-2267
-2490
-2650
-2654
-2507
-2298
-2119
-1974
-1788
-1457
-1000
-575
-282
-67
212
585
977
1293
1508
1650
1768
1890
1945
1866
1664
1387
988
489
22
-358
-752
-1225
-1680
-1965
-2040
-2033
-2067
-2106
-2022
-1797
-1523
-1225
-875
-505
-171
186
667
1222
1684
1965
2132
2240
2288
2251
2084
1718
1142
519
117
78
160
40
-178
-140
161
431
602
735
754
570
330
249
344
412
249
-88
-374
-428
-284
-127
-138
-318
-514
-622
-630
-592
-579
-667
-839
-948
-827
-479
-108
110
174
220
367
622
840
835
611
341
167
37
-99
-265
-527
-911
-1275
-1429
-1395
-1348
-1425
-1574
-1624
-1467
-1190
-945
-779
-672
-568
-356
-1
371
649
903
1199
1466
1698
1989
2257
2315
2155
1929
1733
1552
1283
839
287
-210
-544
-740
-894
-1074
-1233
-1313
-1323
-1237
-1052
-903
-902
-932
-853
-661
-395
-128
31
70
143
322
522
593
465
257
109
-4
-54
201
631
763
674
890
1396
1707
1715
1577
1322
955
588
295
56
-218
-616
-1043
-1341
-1427
-1353
-1282
-1375
-1568
-1625
-1496
-1293
-1092
-905
-767
-612
-271
265
798
1149
1350
1458
1483
1448
1410
1293
934
402
-32
-237
-337
-417
-487
-585
-683
-675
-561
-473
-498
-666
-937
-1158
-1176
-1039
-882
-731
-518
-156
383
1024
1630
2108
2397
2488
2504
2539
2473
2157
1633
995
316
-256
-668
-1045
-1480
-1884
-2118
-2125
-1976
-1809
-1675
-1568
-1504
-1443
-1271
-980
-681
-464
-309
-81
312
763
1090
1289
1420
1434
1318
1186
1052
794
386
-90
-490
-721
-872
-1012
-901
-463
-110
45
389
919
1171
1090
915
654
300
-55
-357
-558
-596
-580
-569
-499
-369
-215
-41
55
-65
-324
-584
-805
-975
-1059
-1063
-1028
-887
-560
-31
610
1239
1755
2107
2312
2446
2543
2496
2228
1836
1429
993
570
264
19
-318
-769
-1209
-1531
-1740
-1966
-2282
-2567
-2696
-2690
-2578
-2284
-1826
-1316
-783
-189
428
998
1521
1973
2256
2352
2359
2334
2230
2005
1672
1280
865
454
20
-422
-805
-1136
-1483
-1814
-2027
-2119
-2138
-2109
-1999
-1772
-1459
-1125
-748
-296
148
513
803
1029
1187
1295
1383
1459
1493
1436
1330
1247
1149
950
649
288
-145
-684
-1258
-1595
-1578
-1547
-1728
-1791
-1475
-1044
-708
-353
54
385
609
861
1258
1758
2125
2219
2122
1968
1827
1682
1439
1014
434
-182
-679
-964
-1086
-1184
-1338
-1453
-1404
-1178
-860
-549
-336
-289
-360
-398
-304
-162
-112
-165
-218
-184
-29
223
450
535
461
308
176
137
141
55
-128
-255
-236
-122
54
267
416
416
346
319
295
184
-20
-292
-585
-791
-831
-723
-530
-320
-125
92
374
635
749
698
531
307
66
-144
-270
-296
-279
-245
-132
92
338
521
611
579
434
237
54
-105
-274
-472
-630
-680
-661
-632
-563
-436
-332
-308
-332
-367
-410
-472
-580
-699
-735
-687
-608
-367
176
790
1192
1465
1769
1952
1883
1640
1300
846
302
-210
-530
-599
-535
-479
-464
-453
-386
-272
-212
-291
-508
-821
-1123
-1259
-1174
-956
-694
-374
46
564
1107
1596
1944
2047
1862
1512
1158
828
484
124
-236
-535
-653
-559
-389
-288
-293
-399
-588
-803
-995
-1178
-1345
-1460
-1496
-1390
-1051
-508
69
555
949
1271
1503
1629
1634
1502
1239
914
631
455
354
258
135
-13
-173
-346
-553
-805
-1103
-1432
-1745
-1944
-1963
-1814
-1511
-1084
-582
-24
559
1082
1491
1763
1848
1753
1581
1387
1128
835
598
425
281
164
44
-136
-374
-677
-1096
-1584
-1993
-2272
-2467
-2550
-2443
-2151
-1734
-1245
-729
-207
294
691
973
1291
1678
1953
2095
2242
2374
2369
2259
2085
1827
1493
1079
576
105
-248
-571
-940
-1298
-1564
-1729
-1809
-1784
-1634
-1416
-1199
-945
-577
-116
375
856
1289
1664
1995
2253
2415
2492
2435
2154
1680
1155
643
138
-362
-839
-1264
-1600
-1842
-2008
-2103
-2138
-2166
-2227
-2243
-2122
-1873
-1544
-1164
-754
-336
128
636
1100
1471
1763
1936
1950
1877
1772
1590
1304
943
530
95
-280
-585
-855
-1067
-1193
-1272
-1309
-1274
-1184
-1090
-1019
-974
-936
-864
-728
-538
-331
-123
105
353
607
870
1109
1264
1344
1381
1353
1246
1096
905
641
325
-11
-326
-562
-703
-805
-897
-923
-862
-761
-637
-466
-279
-149
-69
29
141
245
349
423
458
523
632
726
868
1136
1366
1445
1501
1578
1529
1352
1141
879
560
256
8
-164
-263
-385
-574
-770
-955
-1186
-1463
-1695
-1847
-1949
-1999
-1913
-1632
-1207
-743
-301
116
509
827
999
1029
993
887
684
462
297
175
83
21
-37
-104
-168
-259
-421
-637
-859
-1051
-1198
-1282
-1286
-1195
-1003
-718
-391
-73
238
520
708
789
833
853
829
796
793
823
914
1075
1217
1288
1298
1224
1028
728
353
-68
-478
-845
-1140
-1294
-1284
-1172
-1005
-799
-589
-398
-228
-89
17
98
176
277
423
608
814
1007
1151
1226
1218
1115
944
732
453
123
-179
-426
-632
-788
-891
-945
-949
-934
-919
-824
-617
-438
-346
-245
-135
-70
-2
72
108
157
252
358
469
579
642
643
564
378
119
-139
-371
-592
-800
-960
-1027
-993
-890
-744
-576
-416
-277
-163
-70
30
153
255
347
467
608
744
872
960
961
866
674
406
93
-227
-521
-746
-871
-881
-764
-536
-231
99
402
636
783
839
821
758
669
572
492
448
445
467
482
459
381
238
20
-257
-565
-869
-1129
-1304
-1375
-1336
-1197
-979
-704
-408
-139
83
236
313
345
361
367
374
410
478
586
726
871
990
1058
1046
945
770
522
206
-142
-500
-834
-1117
-1335
-1472
-1519
-1492
-1409
-1274
-1090
-861
-616
-378
-133
128
383
620
856
1071
1247
1385
1482
1526
1504
1414
1260
1038
755
434
93
-262
-601
-901
-1149
-1334
-1451
-1505
-1491
-1413
-1286
-1120
-928
-732
-532
-322
-114
96
314
529
727
917
1109
1284
1413
1485
1491
1419
1262
1028
734
398
44
-303
-619
-880
-1070
-1180
-1216
-1204
-1179
-1149
-1095
-1014
-910
-771
-582
-347
-70
258
615
966
1263
1474
1585
1589
1483
1287
1042
765
472
191
-51
-240
-367
-441
-492
-531
-565
-602
-639
-671
-687
-686
-669
-615
-508
-353
-176
15
205
368
480
553
593
587
534
441
326
216
125
46
-21
-69
-108
-152
-202
-258
-318
-384
-457
-530
-585
-612
-608
-570
-499
-397
-265
-116
35
180
308
418
501
548
559
547
502
416
312
204
95
-6
-91
-156
-192
-203
-196
-181
-161
-146
-143
-145
-142
-133
-108
-70
-17
44
109
180
242
285
304
301
279
249
216
186
159
134
109
75
38
-4
-55
-121
-191
-261
-313
-339
-337
-304
-239
-156
-69
16
89
141
170
171
147
113
82
59
47
51
73
100
124
135
131
112
75
14
-60
-138
-209
-265
-298
-310
-302
-268
-214
-142
-67
2
66
116
150
164
172
173
165
147
122
93
67
41
11
-23
-57
-86
-111
-130
-134
-119
-87
-45
7
72
147
227
303
355
383
390
373
332
277
209
135
64
-1
-47
-71
-84
-100
-117
-136
-161
-200
-242
-290
-341
-388
-425
-440
-435
-422
-408
-387
-360
-335
-310
-284
-259
-231
-197
-150
-84
-14
53
115
169
208
232
242
235
214
188
162
148
151
173
208
257
312
365
413
442
446
427
387
327
264
205
150
99
58
30
13
3
-5
-15
-28
-48
-78
-111
-142
-167
-188
-202
-213
-212
-195
-167
-134
-93
-44
6
60
120
178
229
272
293
288
266
236
199
149
93
41
0
-27
-44
-58
-82
-119
-170
-230
-293
-353
-406
-452
-485
-506
-508
-489
-455
-425
-391
-348
-297
-240
-180
-114
-50
11
62
102
136
158
161
145
119
91
64
45
33
28
33
46
63
79
90
93
85
73
60
47
40
38
44
59
83
111
141
169
189
207
222
232
236
241
255
274
290
308
319
327
328
318
298
270
238
201
162
130
112
104
102
94
80
64
42
13
-22
-57
-92
-124
-150
-171
-185
-193
-205
-230
-260
-289
-318
-346
-375
-396
-405
-402
-383
-352
-311
-268
-224
-180
-144
-115
-93
-86
-93
-104
-116
-120
-122
-120
-108
-89
-65
-41
-12
16
41
63
82
99
119
139
156
161
158
155
149
132
105
79
52
23
-2
-20
-31
-38
-44
-48
-49
-45
-39
-33
-27
-17
1
28
60
96
139
184
228
272
316
353
382
399
406
404
398
387
370
343
306
264
219
168
112
51
-14
-76
-133
-184
-227
-258
-275
-284
-283
-270
-251
-225
-198
-173
-146
-122
-107
-93
-77
-62
-44
-22
-1
21
47
74
94
102
93
66
21
-42
-114
-193
-276
-357
-425
-477
-511
-521
-508
-477
-428
-366
-289
-205
-122
-43
28
91
143
187
224
254
276
289
296
298
298
294
280
254
223
189
150
113
71
29
-12
-48
-80
-110
-133
-149
-156
-150
-133
-100
-50
11
83
155
226
293
351
388
405
403
384
350
305
249
188
128
68
11
-42
-84
-121
-150
-176
-195
-207
-213
-219
-219
-214
-199
-173
-138
-97
-50
1
53
101
144
179
201
208
200
181
154
122
83
37
-18
-72
-122
-169
-212
-247
-276
-302
-316
-322
-323
-315
-303
-290
-274
-251
-220
-181
-136
-84
-27
37
104
169
230
287
329
354
362
355
331
289
229
159
81
2
-76
-149
-209
-255
-284
-300
-302
-287
-253
-204
-144
-78
-9
58
123
185
235
271
293
300
293
274
250
224
194
160
126
96
63
27
-19
-71
-128
-181
-231
-275
-306
-322
-321
-305
-270
-220
-160
-92
-23
44
110
178
244
302
348
377
393
396
388
372
345
307
261
209
153
91
23
-50
-130
-209
-278
-332
-366
-375
-363
-333
-290
-241
-191
-148
-113
-88
-68
-49
-24
5
36
65
89
100
100
89
70
42
7
-23
-50
-70
-83
-93
-108
-125
-146
-170
-197
-220
-231
-226
-206
-172
-124
-67
-5
61
124
177
226
274
311
337
355
361
338
291
225
148
67
-6
-61
-103
-124
-128
-111
-82
-61
-43
-32
-31
-37
-38
-39
-36
-25
-6
22
47
69
93
109
122
132
132
125
118
111
101
84
63
39
12
-13
-37
-58
-84
-110
-129
-140
-146
-148
-147
-136
-117
-92
-59
-24
3
23
41
51
48
40
28
10
-9
-18
-19
-16
-18
-24
-31
-41
-57
-87
-125
-158
-184
-199
-204
-194
-164
-120
-66
-5
52
105
153
186
207
213
202
177
149
121
88
54
17
-12
-33
-48
-61
-69
-75
-83
-87
-86
-76
-67
-63
-52
-36
-16
14
48
83
108
126
150
176
194
199
190
175
162
147
130
111
87
58
33
15
-5
-27
-58
-96
-130
-153
-170
-184
-194
-195
-186
-164
-120
-67
-17
27
67
107
140
156
149
127
96
61
36
16
-13
-46
-75
-93
-102
-110
-125
-141
-156
-163
-160
-145
-135
-132
-124
-107
-72
-30
7
37
71
109
145
180
207
217
215
204
195
183
165
133
91
47
8
-31
-74
-117
-160
-203
-236
-251
-254
-252
-243
-225
-195
-148
-87
-22
41
94
139
181
221
253
263
250
220
184
153
121
86
42
-5
-48
-81
-104
-128
-161
-195
-218
-226
-219
-197
-163
-123
-79
-26
37
96
146
185
210
224
233
240
233
210
184
154
128
104
80
56
26
-7
-38
-70
-104
-139
-175
-211
-236
-244
-239
-222
-202
-173
-137
-96
-45
6
57
100
136
174
207
234
255
262
255
235
204
163
114
55
-14
-86
-152
-204
-244
-270
-285
-286
-267
-232
-181
-119
-56
-1
50
103
153
193
221
232
234
227
220
209
185
150
110
66
25
-17
-63
-116
-172
-226
-273
-308
-332
-348
-356
-350
-328
-288
-236
-180
-120
-56
9
73
134
189
234
267
287
301
309
308
292
258
212
164
117
72
24
-29
-80
-122
-149
-162
-164
-161
-154
-143
-123
-91
-53
-16
17
46
75
104
136
163
182
190
187
178
168
152
127
88
41
-11
-59
-98
-132
-166
-201
-228
-239
-232
-215
-190
-163
-131
-89
-38
21
78
129
172
206
235
256
265
257
234
201
160
116
67
21
-27
-76
-124
-166
-201
-231
-257
-281
-300
-307
-297
-274
-242
-208
-170
-126
-73
-14
44
91
127
156
182
203
216
216
202
181
159
138
114
81
38
-9
-52
-87
-115
-140
-165
-183
-189
-180
-159
-130
-99
-69
-37
-2
37
76
110
136
155
171
189
207
220
223
219
211
197
185
169
146
116
80
41
8
-23
-50
-75
-96
-107
-109
-102
-89
-75
-61
-44
-28
-15
-3
5
15
21
22
22
23
22
17
12
7
0
-7
-16
-26
-38
-52
-65
-81
-96
-112
-128
-142
-150
-151
-147
-140
-131
-120
-103
-81
-56
-32
-12
6
20
34
46
55
58
52
40
29
22
11
-3
-21
-39
-52
-63
-70
-72
-72
-74
-76
-77
-76
-69
-60
-53
-45
-32
-10
17
46
75
103
130
156
186
215
239
255
265
270
270
266
249
218
177
131
79
26
-31
-86
-135
-177
-209
-228
-237
-238
-232
-220
-199
-171
-136
-98
-62
-25
10
46
81
114
144
170
188
201
209
212
210
200
185
164
142
120
90
56
20
-17
-56
-93
-125
-155
-181
-206
-220
-225
-218
-204
-183
-159
-133
-100
-66
-34
-7
13
31
42
48
51
48
40
28
10
-8
-24
-37
-51
-67
-82
-91
-97
-99
-97
-94
-90
-82
-70
-54
-34
-9
19
43
68
94
121
141
152
159
165
168
166
157
143
126
109
92
73
55
37
16
-4
-24
-40
-56
-73
-91
-106
-115
-120
-120
-118
-112
-99
-81
-61
-39
-16
6
26
42
56
68
78
84
85
84
80
79
74
69
64
56
47
38
28
18
5
-10
-25
-39
-49
-56
-62
-66
-66
-62
-53
-42
-29
-16
-4
8
22
32
42
50
57
62
64
66
66
59
47
31
12
-8
-31
-54
-77
-98
-114
-123
-127
-127
-123
-117
-111
-103
-91
-79
-70
-63
-56
-47
-34
-20
-3
13
31
49
64
74
80
81
77
71
61
54
49
42
35
29
27
27
30
26
20
15
12
9
5
2
2
5
9
15
26
38
50
60
67
71
73
69
59
49
35
20
4
-11
-25
-37
-48
-56
-62
-64
-63
-62
-60
-56
-47
-32
-14
3
22
41
58
76
88
96
99
94
82
67
53
37
18
0
-19
-35
-46
-55
-62
-69
-74
-76
-77
-77
-76
-73
-67
-64
-57
-47
-36
-27
-20
-13
-6
-1
3
4
1
-3
-10
-16
-23
-31
-35
-39
-44
-46
-45
-45
-46
-45
-41
-34
-24
-14
-2
12
28
46
63
76
88
98
104
104
101
97
88
76
61
47
31
15
0
-14
-29
-41
-50
-56
-58
-58
-55
-49
-41
-30
-19
-4
9
24
37
51
63
74
83
85
86
86
79
73
62
49
34
19
4
-9
-21
-32
-44
-52
-59
-64
-66
-69
-71
-73
-71
-69
-67
-63
-59
-53
-48
-40
-32
-24
-16
-9
-4
2
5
7
7
6
4
4
3
2
1
0
-2
-4
-5
-6
-5
-5
-6
-7
-7
-6
-4
-4
-4
-2
-1
2
7
12
16
22
30
35
42
49
55
58
61
63
61
60
55
50
44
36
27
20
14
8
5
0
-6
-12
-19
-22
-27
-32
-38
-42
-44
-42
-40
-34
-24
-14
-5
8
20
30
37
44
48
49
49
44
38
32
24
15
8
-1
-9
-19
-28
-37
-48
-58
-68
-74
-79
-83
-85
-85
-81
-75
-66
-55
-42
-28
-15
2
17
33
48
61
74
83
87
90
89
84
74
59
43
25
8
-9
-27
-41
-56
-67
-76
-80
-82
-82
-82
-80
-74
-69
-60
-52
-40
-27
-13
0
14
29
43
55
65
73
79
81
83
81
76
69
61
52
41
29
16
4
-7
-19
-26
-31
-35
-37
-37
-35
-29
-23
-19
-11
-2
5
12
18
24
30
32
36
37
37
36
33
30
24
19
15
9
5
-1
-6
-10
-14
-17
-20
-21
-21
-23
-24
-25
-24
-21
-21
-19
-16
-11
-8
-5
-2
0
2
3
5
6
8
9
10
9
7
7
5
2
-2
-6
-10
-13
-17
-20
-25
-27
-29
-30
-30
-29
-26
-23
-21
-18
-13
-7
-3
-1
2
4
6
7
8
7
6
5
6
5
5
5
5
5
6
8
11
13
13
12
11
13
10
8
8
7
9
9
7
9
8
12
12
11
12
13
12
12
12
12
12
10
9
8
7
7
8
7
6
7
6
6
5
3
3
0
-3
-6
-6
-8
-10
-11
-13
-13
-12
-11
-10
-10
-9
-8
-8
-9
-10
-11
-13
-15
-16
-18
-19
-20
-20
-20
-18
-15
-13
-12
-9
-6
-4
-3
-1
1
3
3
4
6
8
10
14
17
19
23
27
29
31
29
28
27
22
18
14
10
5
1
-4
-7
-10
-13
-18
-22
-27
-31
-34
-36
-36
-34
-33
-31
-27
-22
-15
-9
-7
-4
1
7
12
16
17
20
23
27
29
31
29
29
25
22
19
16
12
7
3
-1
-3
-4
-6
-7
-8
-8
-8
-7
-6
-4
-1
1
4
7
10
14
18
18
19
21
23
23
22
21
18
14
12
9
6
1
-3
-4
-5
-6
-6
-6
-8
-8
-7
-4
-4
-3
-2
0
2
3
3
0
-1
-2
-4
-8
-11
-14
-18
-23
-26
-29
-33
-37
-41
-43
-45
-47
-48
-48
-47
-44
-42
-36
-32
-26
-21
-15
-8
-2
4
9
13
16
19
21
22
23
23
22
22
21
21
19
17
16
14
12
10
8
7
7
7
8
8
12
16
21
25
28
31
35
37
38
40
40
38
37
34
35
32
29
27
23
18
16
12
7
1
-4
-5
-8
-9
-11
-12
-14
-15
-14
-13
-14
-15
-15
-17
-16
-14
-14
-14
-14
-13
-13
-14
-14
-16
-17
-19
-20
-24
-26
-26
-28
-29
-30
-33
-34
-35
-36
-36
-37
-38
-35
-32
-28
-25
-20
-16
-11
-7
-4
0
2
3
6
8
10
12
14
15
15
16
18
17
15
14
14
13
13
13
15
17
20
23
26
28
30
32
33
33
35
36
36
37
37
38
36
33
32
29
27
23
17
13
9
5
0
-3
-6
-10
-12
-15
-18
-18
-20
-21
-21
-20
-19
-17
-16
-13
-10
-7
-5
-2
0
1
0
1
0
-1
-5
-8
-13
-17
-20
-25
-28
-35
-39
-40
-42
-43
-43
-45
-45
-42
-40
-37
-34
-30
-25
-20
-14
-9
-2
4
11
15
18
21
23
24
24
25
25
23
20
20
19
17
15
13
13
13
13
13
14
14
16
18
20
22
23
26
27
28
28
28
29
30
29
28
27
24
21
17
14
12
8
2
-2
-6
-11
-14
-17
-19
-21
-22
-21
-20
-20
-18
-15
-13
-10
-7
-5
-4
-4
-5
-4
-4
-5
-5
-6
-6
-7
-7
-9
-11
-12
-12
-15
-19
-19
-21
-22
-22
-22
-21
-20
-17
-15
-12
-9
-7
-7
-3
-2
0
1
1
1
2
4
6
7
8
9
11
11
11
10
12
13
12
12
12
12
12
11
12
12
13
13
11
11
12
12
10
10
9
8
7
5
6
5
5
4
2
1
-1
-2
-3
-5
-8
-9
-10
-11
-11
-11
-10
-12
-12
-11
-10
-9
-9
-10
-9
-8
-6
-5
-5
-5
-2
-2
-2
-3
-2
-3
-5
-4
-4
-4
-3
-1
-1
1
2
3
3
4
4
4
5
3
5
5
5
8
9
9
10
11
12
13
14
13
13
12
10
10
10
9
9
7
6
6
5
2
2
0
-1
-3
-4
-4
-4
-4
-6
-7
-7
-6
-7
-6
-6
-7
-6
-6
-4
-4
-4
-4
-4
-3
-3
-3
-3
-4
-4
-3
-5
-5
-5
-7
-8
-9
-11
-12
-12
-13
-13
-14
-14
-12
-10
-9
-6
-4
-3
0
1
3
6
7
8
10
9
11
9
8
8
9
8
9
7
6
5
4
4
3
2
0
1
1
2
3
4
6
7
10
13
15
17
19
19
22
22
23
24
21
21
18
16
13
9
4
0
-4
-10
-13
-18
-21
-24
-28
-31
-32
-33
-35
-35
-36
-34
-32
-30
-26
-22
-19
-14
-9
-4
1
6
9
12
14
17
17
17
18
17
16
16
14
14
14
13
13
12
12
11
8
6
4
3
1
0
-2
-5
-6
-5
-6
-6
-5
-6
-5
-4
-1
-1
0
-1
-1
-1
-1
2
0
2
2
2
3
3
3
5
3
3
4
4
5
5
5
5
4
6
6
7
8
8
9
10
11
12
12
13
12
10
7
5
2
-1
-4
-9
-12
-14
-16
-18
-18
-19
-19
-20
-21
-21
-21
-20
-18
-16
-14
-10
-7
-4
-1
2
5
7
8
9
9
8
8
5
2
1
-3
-7
-10
-13
-17
-20
-22
-22
-21
-20
-18
-15
-13
-9
-3
2
5
8
11
15
18
20
