0
-1
1
0
1
1
1
1
1
1
2
2
1
1
1
1
1
1
1
1
1
1
1
0
0
0
0
-1
-1
0
0
-1
-2
-2
0
-1
-1
0
-1
-1
-1
-1
-2
-1
-2
-1
-1
-1
-1
-1
-2
-2
-2
-1
-2
-3
-3
-4
-5
-4
-4
-6
-5
-7
-6
-7
-7
-7
-5
-6
-6
-7
-5
-5
-5
-5
-4
-4
-3
-4
-4
-3
-3
-3
-3
-3
-1
-1
-1
-1
-2
-2
-2
-1
-1
-1
-2
-2
-1
-3
-2
-2
0
-1
0
0
1
0
0
0
-1
0
-1
0
1
2
3
4
5
6
7
8
8
9
9
9
8
9
9
8
9
9
10
10
10
9
8
7
7
6
6
5
5
3
4
3
2
3
1
0
-1
0
-1
0
-3
-3
-3
-3
-3
-3
-1
-2
-1
-1
-1
-1
-1
-1
0
0
1
0
0
-1
-2
-2
-4
-2
-3
-3
-4
-4
-5
-5
-5
-6
-6
-6
-4
-4
-5
-5
-4
-3
-2
-3
-2
-2
-1
-1
0
0
1
1
2
3
3
3
4
4
3
2
3
2
3
2
-1
0
0
-1
-1
-2
-1
0
-3
-3
-3
-3
-2
-2
-2
-2
-1
-2
-1
-2
-1
-1
-1
-1
-2
-1
-1
0
-1
-1
-2
-2
-3
-2
-2
-2
-1
-1
0
-1
-2
-2
-1
-1
-1
-2
-2
-2
-1
-1
0
-2
-2
-1
-2
-3
-3
-2
-1
0
1
1
1
2
1
2
2
2
2
2
2
0
1
0
1
3
3
3
3
5
4
6
6
5
6
5
6
6
5
5
6
6
5
5
4
5
4
3
3
1
2
1
2
2
1
1
1
2
1
1
2
0
0
0
-1
-2
-1
-1
-1
0
0
1
0
2
1
0
0
0
0
0
0
1
0
0
1
0
-1
-1
-1
-1
-1
-1
-1
-2
-3
-3
-4
-3
-4
-4
-3
-3
-4
-3
-3
-4
-4
-4
-5
-4
-5
-3
-3
-3
-2
-2
0
0
0
1
2
0
0
-1
-1
-2
-2
-2
-3
-3
-3
-5
-4
-4
-4
-3
-4
-4
-3
-2
-2
-1
-1
-1
-1
-2
0
0
0
0
0
-1
0
1
1
1
1
2
0
1
1
1
1
1
1
1
1
0
0
1
2
1
2
1
1
1
1
2
1
3
3
2
2
1
2
3
5
6
6
6
6
7
7
7
6
5
6
6
4
3
3
3
2
2
3
1
3
3
2
1
1
0
0
2
2
1
2
1
0
-1
0
-1
-1
-1
0
-1
0
0
0
0
0
-1
-1
-2
-2
-1
-1
-1
-1
-1
-1
-2
-1
-1
0
0
0
0
-1
-1
-2
-1
-1
-1
-1
0
1
0
0
-1
-2
-2
-4
-2
-2
-1
-2
-1
-1
-1
-1
-2
-2
-2
-1
-3
-2
-2
-2
-2
-2
-2
-3
-3
-4
-3
-3
-3
-4
-3
-5
-4
-4
-5
-5
-5
-4
-4
-3
-3
-3
-3
-4
-4
-3
-4
-3
-2
-2
-2
-2
-2
-2
-1
0
1
1
1
1
3
3
3
2
3
4
4
4
5
4
5
5
4
4
4
4
4
5
5
6
5
4
3
2
3
2
3
3
3
5
5
5
4
3
3
3
5
5
4
5
3
0
-2
-3
-3
-5
-6
-5
-3
-3
-5
-5
-6
-5
-5
-5
-3
-2
0
-1
-1
0
-1
0
1
3
5
5
5
5
7
5
2
5
7
10
12
10
9
7
7
8
4
4
-1
1
2
0
3
0
-3
-7
-8
-1
-2
-5
-7
-10
-10
-11
-8
-7
-7
-7
-7
-8
-7
-5
-5
-9
-6
-2
-1
0
-2
-1
-1
-2
-5
0
4
3
2
2
2
3
5
3
0
-1
-3
-7
-7
-6
-8
-14
-17
-15
-16
-14
-11
-8
-8
-18
-18
-12
-11
-10
-12
-15
-20
-14
-6
-7
-4
-6
-7
-5
-3
5
3
-2
2
8
12
14
22
20
12
16
20
20
22
17
11
6
12
20
15
5
2
5
13
20
24
22
12
12
10
4
4
10
14
12
19
25
19
14
9
5
4
-1
-3
-3
-5
-4
0
8
10
0
-2
-5
1
6
5
7
-2
-3
5
11
11
3
-4
-9
-7
10
21
18
13
11
11
6
3
9
13
17
13
8
12
8
2
-8
-21
-18
-16
-16
-14
-22
-28
-33
-30
-16
-12
-7
-13
-25
-22
-21
-17
-19
-27
-14
-2
23
105
189
230
178
85
28
-10
21
17
-44
-134
-199
-176
-106
-51
-28
-51
-38
6
44
127
138
38
-156
-306
-301
-207
-89
28
77
75
49
47
30
-70
-187
-303
-367
-341
-256
-173
-134
-142
-150
-135
-68
36
99
108
77
72
62
-4
-42
-18
52
130
181
258
337
327
233
83
28
28
2
20
79
171
223
221
225
207
158
102
47
61
95
159
246
274
255
191
155
142
100
110
177
200
96
-73
-79
-1
-7
-93
-131
-60
-2
-9
-3
7
-25
-136
-227
-243
-197
-160
-138
-115
-93
-107
-189
-239
-259
-306
-343
-306
-257
-246
-265
-232
-237
-269
-285
-269
-230
-209
-159
-104
-61
-68
-135
-203
-206
-200
-136
-52
69
185
217
182
109
102
142
228
297
335
403
472
461
435
411
410
410
426
497
557
608
643
649
549
363
216
171
186
217
238
258
248
220
175
106
-9
-173
-331
-379
-297
-212
-168
-160
-184
-302
-478
-632
-681
-657
-631
-633
-619
-548
-444
-376
-439
-564
-685
-768
-788
-740
-643
-536
-469
-455
-470
-439
-350
-301
-315
-378
-403
-386
-337
-259
-178
-104
-50
47
251
530
749
826
766
728
730
722
711
758
877
957
1017
1130
1267
1366
1341
1176
957
706
504
354
282
201
53
-54
-35
115
275
365
421
395
251
63
-72
-153
-286
-409
-448
-336
-142
77
273
360
252
-51
-400
-646
-772
-863
-923
-916
-840
-730
-612
-525
-505
-635
-854
-1020
-1085
-1088
-1046
-958
-862
-789
-743
-677
-552
-390
-346
-398
-451
-469
-483
-513
-475
-381
-289
-175
40
383
696
850
878
889
935
936
897
894
948
981
989
1081
1299
1510
1587
1541
1424
1264
1063
852
632
401
161
-42
-127
-85
-1
86
166
239
242
169
74
-12
-127
-297
-425
-446
-379
-253
-99
53
135
124
77
37
-22
-173
-396
-622
-789
-924
-1041
-1090
-1043
-936
-860
-800
-758
-758
-807
-927
-1089
-1252
-1352
-1312
-1147
-927
-741
-601
-468
-363
-326
-373
-443
-491
-528
-531
-454
-309
-129
55
285
580
822
997
1142
1286
1416
1432
1368
1306
1298
1314
1319
1393
1545
1715
1814
1794
1721
1577
1365
1098
806
503
183
-83
-266
-352
-364
-359
-361
-356
-356
-359
-355
-336
-354
-425
-529
-621
-632
-568
-434
-292
-172
-76
2
83
122
83
-40
-217
-381
-556
-715
-829
-880
-880
-940
-991
-1004
-959
-902
-897
-931
-1024
-1160
-1284
-1320
-1262
-1182
-1104
-1009
-851
-658
-519
-437
-372
-339
-383
-422
-374
-217
-31
173
456
754
999
1164
1338
1572
1722
1748
1695
1714
1793
1830
1861
1904
1994
2018
1957
1891
1824
1733
1538
1290
1007
670
311
-34
-270
-439
-609
-766
-845
-828
-807
-822
-867
-911
-968
-1060
-1119
-1097
-1003
-882
-748
-604
-425
-228
-50
95
202
239
201
136
60
-40
-200
-374
-500
-596
-677
-755
-810
-829
-868
-931
-1019
-1091
-1146
-1215
-1276
-1340
-1385
-1391
-1326
-1200
-1070
-936
-787
-593
-415
-314
-232
-141
-30
48
168
391
659
934
1152
1423
1730
1942
2033
2043
2113
2152
2137
2122
2137
2210
2181
2093
1992
1905
1787
1572
1354
1107
836
530
194
-80
-356
-663
-959
-1163
-1259
-1330
-1384
-1411
-1399
-1380
-1393
-1383
-1342
-1276
-1199
-1122
-985
-808
-602
-415
-241
-43
113
244
345
426
459
387
270
108
-58
-247
-450
-603
-724
-803
-879
-913
-911
-944
-1009
-1114
-1220
-1322
-1422
-1472
-1487
-1465
-1409
-1256
-1021
-774
-555
-371
-167
45
193
302
489
727
929
1079
1253
1560
1884
2107
2220
2334
2447
2455
2443
2402
2402
2347
2178
2020
1921
1872
1715
1501
1257
971
657
284
-28
-294
-588
-928
-1237
-1430
-1555
-1638
-1707
-1724
-1704
-1711
-1723
-1698
-1611
-1517
-1445
-1332
-1156
-903
-614
-312
27
319
532
645
721
794
772
682
556
462
353
195
50
-58
-148
-324
-530
-693
-821
-943
-1107
-1246
-1366
-1488
-1610
-1669
-1616
-1551
-1480
-1394
-1231
-1013
-852
-705
-541
-348
-200
-73
211
587
956
1208
1385
1678
1956
2135
2180
2219
2315
2311
2287
2249
2320
2396
2326
2201
2066
1993
1843
1639
1416
1135
807
384
0
-302
-583
-911
-1239
-1439
-1568
-1664
-1756
-1819
-1838
-1883
-1956
-1967
-1870
-1732
-1622
-1511
-1337
-1086
-808
-561
-289
-3
224
401
568
751
877
904
873
831
776
659
527
431
305
109
-143
-351
-479
-633
-822
-1011
-1121
-1207
-1301
-1361
-1375
-1363
-1433
-1501
-1499
-1423
-1321
-1263
-1131
-929
-683
-452
-183
241
629
940
1123
1340
1682
1925
2072
2102
2195
2288
2313
2339
2345
2472
2468
2363
2234
2146
2105
1941
1736
1436
1133
790
391
70
-248
-571
-929
-1245
-1454
-1603
-1697
-1792
-1847
-1886
-1947
-1960
-1901
-1790
-1673
-1590
-1481
-1305
-1080
-840
-592
-309
-56
154
360
610
881
1054
1137
1168
1175
1124
1009
877
746
562
299
12
-218
-400
-610
-832
-1033
-1169
-1294
-1412
-1515
-1574
-1644
-1798
-1957
-2089
-2133
-2135
-2113
-2006
-1794
-1484
-1145
-803
-331
137
538
839
1079
1442
1737
1984
2096
2231
2430
2541
2697
2782
2956
3054
3018
2933
2792
2723
2534
2308
2004
1644
1293
893
569
234
-81
-444
-827
-1147
-1428
-1628
-1819
-1968
-2081
-2161
-2175
-2148
-2043
-1903
-1769
-1631
-1470
-1243
-996
-740
-456
-161
150
411
671
946
1193
1373
1469
1524
1514
1428
1279
1109
916
654
339
11
-265
-528
-813
-1092
-1373
-1606
-1828
-2007
-2146
-2254
-2326
-2431
-2504
-2564
-2560
-2488
-2359
-2174
-1981
-1703
-1389
-1024
-560
-79
375
769
1100
1493
1886
2249
2535
2766
3015
3152
3282
3323
3402
3455
3362
3214
2985
2840
2630
2376
2059
1702
1364
946
530
117
-232
-575
-964
-1340
-1644
-1832
-1982
-2113
-2206
-2235
-2227
-2198
-2111
-1948
-1738
-1557
-1369
-1141
-866
-577
-281
56
374
659
845
1034
1242
1396
1486
1452
1414
1293
1132
945
749
564
266
-84
-462
-786
-1092
-1430
-1750
-2042
-2256
-2448
-2592
-2637
-2614
-2568
-2572
-2583
-2561
-2475
-2353
-2213
-2047
-1813
-1538
-1189
-778
-261
307
805
1268
1661
2149
2607
3020
3316
3496
3675
3722
3793
3790
3807
3762
3576
3364
3066
2858
2589
2297
1946
1518
1075
575
158
-205
-500
-831
-1204
-1527
-1760
-1893
-1981
-2059
-2127
-2166
-2199
-2174
-2075
-1879
-1650
-1455
-1249
-1017
-700
-373
-42
287
566
793
950
1116
1286
1399
1433
1361
1253
1089
888
688
462
184
-205
-633
-1037
-1386
-1716
-2059
-2368
-2617
-2807
-2943
-3013
-2990
-2914
-2865
-2837
-2820
-2738
-2602
-2424
-2182
-1932
-1615
-1296
-884
-405
145
757
1251
1737
2145
2638
3141
3555
3886
4057
4244
4301
4342
4312
4225
4120
3841
3512
3089
2727
2370
1984
1566
1075
624
176
-192
-503
-771
-1039
-1356
-1641
-1849
-1965
-2035
-2113
-2191
-2233
-2232
-2160
-2022
-1808
-1579
-1372
-1175
-948
-624
-285
60
362
613
816
962
1125
1258
1335
1314
1208
1047
844
618
373
112
-211
-595
-1011
-1388
-1708
-1997
-2273
-2548
-2766
-2933
-3019
-3043
-3000
-2898
-2774
-2637
-2501
-2331
-2124
-1880
-1619
-1350
-1077
-781
-439
-14
455
970
1479
1935
2388
2815
3297
3732
4073
4298
4405
4482
4450
4386
4229
4036
3768
3373
2936
2464
2086
1694
1295
857
416
42
-313
-577
-803
-984
-1192
-1425
-1626
-1759
-1809
-1853
-1909
-1978
-2017
-2015
-1957
-1839
-1666
-1468
-1277
-1086
-859
-565
-263
37
282
483
637
750
876
959
987
910
764
571
328
73
-218
-512
-861
-1228
-1582
-1877
-2089
-2289
-2458
-2620
-2713
-2760
-2747
-2680
-2578
-2437
-2315
-2194
-2068
-1888
-1650
-1375
-1077
-775
-457
-129
239
645
1078
1523
1912
2273
2629
3023
3443
3796
4066
4216
4298
4279
4177
4030
3820
3580
3206
2760
2290
1876
1532
1166
801
403
58
-259
-535
-748
-931
-1098
-1312
-1501
-1622
-1649
-1628
-1629
-1651
-1680
-1680
-1658
-1607
-1541
-1464
-1394
-1328
-1218
-1020
-739
-445
-159
86
309
521
714
874
949
916
781
582
364
147
-76
-316
-594
-904
-1204
-1462
-1670
-1862
-2059
-2251
-2411
-2504
-2525
-2463
-2343
-2184
-2024
-1883
-1731
-1555
-1349
-1133
-925
-709
-491
-252
19
341
713
1106
1516
1882
2248
2632
3035
3438
3743
3974
4097
4159
4130
4020
3879
3664
3413
3042
2623
2196
1801
1436
1021
611
195
-167
-495
-770
-972
-1125
-1252
-1393
-1497
-1547
-1541
-1546
-1590
-1659
-1734
-1791
-1848
-1873
-1865
-1804
-1715
-1602
-1431
-1188
-880
-563
-260
1
237
449
634
768
816
795
710
574
392
171
-64
-314
-596
-916
-1244
-1538
-1785
-2002
-2200
-2349
-2418
-2418
-2356
-2228
-2057
-1850
-1674
-1541
-1434
-1315
-1161
-996
-810
-618
-407
-182
69
362
700
1069
1447
1809
2163
2546
2950
3364
3709
3969
4121
4177
4143
4007
3845
3625
3354
2982
2529
2093
1684
1320
921
527
160
-160
-422
-656
-813
-923
-1009
-1117
-1226
-1284
-1304
-1312
-1372
-1459
-1556
-1636
-1701
-1740
-1743
-1713
-1644
-1547
-1386
-1155
-865
-570
-296
-54
161
367
545
685
741
723
643
517
358
157
-68
-334
-639
-982
-1314
-1591
-1812
-2008
-2187
-2303
-2340
-2286
-2178
-2017
-1828
-1645
-1499
-1411
-1330
-1239
-1110
-984
-845
-681
-480
-231
33
308
575
842
1118
1436
1771
2126
2508
2894
3274
3575
3790
3910
3959
3917
3762
3548
3283
2991
2617
2177
1735
1313
927
535
189
-96
-316
-499
-672
-792
-872
-932
-1019
-1120
-1200
-1263
-1326
-1408
-1488
-1560
-1621
-1691
-1748
-1764
-1723
-1626
-1496
-1320
-1104
-845
-579
-313
-47
193
399
542
635
668
652
594
480
310
82
-170
-433
-707
-986
-1264
-1521
-1762
-1980
-2149
-2235
-2223
-2147
-2019
-1839
-1624
-1402
-1224
-1088
-989
-910
-832
-751
-632
-478
-278
-56
169
408
648
905
1177
1500
1833
2163
2507
2863
3232
3520
3709
3796
3811
3757
3600
3390
3142
2870
2524
2089
1647
1231
855
490
160
-97
-304
-475
-625
-726
-778
-832
-918
-1025
-1114
-1179
-1246
-1330
-1424
-1507
-1587
-1664
-1716
-1723
-1672
-1579
-1466
-1327
-1146
-920
-681
-444
-220
-14
165
310
426
502
534
506
409
246
35
-193
-438
-715
-1026
-1342
-1621
-1862
-2061
-2201
-2244
-2193
-2078
-1916
-1689
-1415
-1159
-967
-859
-793
-757
-723
-669
-585
-453
-290
-100
109
342
584
817
1049
1301
1601
1909
2237
2588
2950
3270
3472
3580
3610
3594
3487
3285
3028
2732
2395
1978
1544
1144
794
471
157
-92
-277
-412
-518
-600
-645
-683
-741
-822
-900
-951
-1010
-1086
-1187
-1290
-1372
-1440
-1489
-1519
-1510
-1463
-1392
-1302
-1179
-995
-777
-562
-367
-177
18
203
356
449
479
454
373
234
47
-169
-401
-669
-979
-1288
-1554
-1765
-1941
-2080
-2141
-2106
-1985
-1806
-1570
-1290
-1034
-859
-760
-694
-646
-615
-583
-516
-406
-258
-76
134
360
585
792
987
1198
1461
1771
2090
2402
2705
2996
3232
3368
3415
3395
3331
3185
2968
2716
2446
2152
1792
1403
1032
707
424
168
-39
-214
-352
-460
-551
-604
-654
-718
-808
-906
-991
-1075
-1160
-1265
-1361
-1445
-1508
-1550
-1570
-1537
-1464
-1375
-1282
-1169
-998
-792
-600
-431
-269
-103
45
149
206
214
174
66
-98
-292
-499
-715
-967
-1247
-1520
-1745
-1904
-2014
-2069
-2058
-1965
-1797
-1580
-1320
-1059
-846
-715
-647
-603
-571
-536
-472
-361
-210
-28
190
431
660
858
1020
1169
1330
1546
1826
2109
2377
2624
2868
3082
3213
3267
3251
3178
3030
2822
2606
2384
2124
1778
1380
999
668
398
169
-15
-166
-302
-417
-501
-531
-550
-602
-701
-811
-890
-945
-995
-1058
-1137
-1224
-1311
-1379
-1418
-1416
-1382
-1348
-1320
-1267
-1143
-964
-789
-645
-528
-400
-268
-155
-77
-49
-71
-160
-303
-471
-630
-783
-973
-1207
-1452
-1646
-1767
-1835
-1860
-1835
-1741
-1580
-1360
-1089
-795
-544
-395
-332
-293
-248
-187
-94
21
152
299
481
690
900
1070
1190
1264
1329
1445
1648
1901
2129
2317
2478
2625
2742
2807
2825
2789
2680
2503
2302
2114
1918
1671
1344
983
661
400
200
33
-105
-233
-361
-463
-529
-557
-597
-688
-810
-930
-1007
-1054
-1093
-1147
-1225
-1313
-1394
-1449
-1465
-1456
-1448
-1462
-1462
-1406
-1282
-1131
-997
-884
-781
-674
-565
-460
-376
-342
-360
-421
-501
-576
-646
-730
-866
-1032
-1185
-1285
-1321
-1312
-1258
-1162
-1016
-819
-595
-368
-176
-44
15
23
23
46
109
198
303
430
579
747
903
1032
1118
1161
1180
1218
1319
1483
1663
1817
1954
2086
2208
2311
2375
2397
2368
2283
2158
2014
1859
1669
1426
1124
809
533
307
123
-40
-187
-322
-441
-530
-590
-638
-703
-801
-907
-995
-1047
-1073
-1101
-1155
-1233
-1321
-1399
-1452
-1484
-1503
-1521
-1529
-1495
-1400
-1256
-1102
-964
-845
-727
-604
-474
-351
-254
-199
-183
-191
-209
-228
-256
-319
-424
-546
-649
-709
-726
-717
-684
-624
-525
-382
-200
-14
138
228
260
260
250
248
259
281
317
376
468
581
684
750
767
750
720
714
756
850
977
1103
1232
1371
1516
1651
1744
1783
1766
1711
1630
1526
1409
1259
1057
811
551
326
152
13
-107
-213
-296
-366
-419
-461
-511
-582
-692
-807
-893
-935
-948
-967
-1012
-1080
-1156
-1223
-1276
-1316
-1349
-1372
-1373
-1343
-1264
-1139
-990
-846
-721
-593
-446
-280
-121
14
123
200
257
292
313
314
282
211
109
8
-79
-153
-218
-275
-303
-283
-201
-73
67
193
278
307
276
208
136
60
-9
-50
-48
5
91
179
233
244
222
181
143
129
160
242
360
493
647
827
1017
1179
1291
1363
1406
1426
1412
1363
1277
1151
983
786
597
455
353
271
199
137
89
33
-44
-146
-271
-413
-558
-682
-770
-817
-843
-874
-923
-980
-1027
-1064
-1098
-1133
-1156
-1151
-1114
-1039
-931
-801
-660
-525
-397
-260
-107
52
196
308
385
443
489
517
521
495
442
365
265
153
35
-88
-211
-317
-382
-387
-332
-246
-161
-106
-94
-134
-217
-327
-447
-555
-630
-660
-638
-567
-468
-377
-317
-289
-283
-280
-264
-225
-142
-7
169
361
566
771
970
1142
1275
1374
1447
1490
1494
1458
1387
1293
1179
1050
922
821
738
666
593
513
418
299
154
-14
-189
-355
-505
-625
-711
-755
-769
-776
-781
-793
-803
-815
-829
-842
-842
-817
-773
-704
-614
-502
-372
-238
-100
34
164
285
389
473
539
592
633
653
647
613
549
443
297
121
-74
-269
-443
-580
-664
-694
-675
-633
-596
-584
-609
-672
-782
-918
-1053
-1157
-1205
-1193
-1119
-996
-848
-708
-595
-505
-436
-380
-326
-256
-148
17
227
456
694
931
1159
1364
1526
1647
1729
1772
1769
1728
1664
1586
1493
1380
1253
1130
1013
894
764
615
447
254
50
-149
-326
-465
-569
-636
-666
-660
-621
-580
-548
-539
-544
-560
-583
-603
-610
-591
-549
-491
-408
-294
-159
-19
112
229
335
432
507
562
596
614
615
590
532
440
314
147
-65
-311
-565
-802
-1008
-1167
-1272
-1319
-1310
-1269
-1221
-1189
-1186
-1211
-1271
-1345
-1403
-1417
-1367
-1254
-1096
-912
-721
-541
-397
-289
-205
-132
-54
51
205
415
668
933
1183
1413
1614
1777
1890
1956
1981
1969
1916
1832
1731
1620
1495
1354
1199
1052
919
791
655
506
344
176
10
-137
-249
-323
-366
-386
-384
-365
-337
-315
-313
-336
-375
-412
-440
-450
-442
-412
-361
-298
-219
-129
-29
65
139
190
226
253
272
275
260
226
176
107
19
-88
-220
-386
-588
-811
-1033
-1236
-1410
-1542
-1621
-1638
-1592
-1498
-1384
-1284
-1219
-1196
-1207
-1237
-1253
-1229
-1149
-1011
-830
-623
-412
-222
-75
30
102
159
227
327
475
670
898
1123
1323
1493
1627
1727
1793
1822
1819
1785
1720
1630
1527
1417
1305
1186
1066
952
859
774
687
588
474
347
215
97
2
-62
-97
-117
-121
-113
-98
-85
-93
-121
-169
-216
-256
-279
-283
-269
-238
-203
-166
-130
-89
-49
-20
-6
2
4
-5
-28
-64
-116
-177
-248
-331
-423
-533
-661
-811
-986
-1168
-1342
-1495
-1604
-1657
-1649
-1576
-1454
-1306
-1165
-1063
-1007
-996
-1020
-1055
-1068
-1033
-938
-789
-601
-396
-200
-33
97
195
267
331
409
514
657
831
1016
1182
1318
1426
1507
1566
1602
1611
1594
1548
1482
1410
1343
1284
1225
1162
1091
1022
959
890
814
716
600
475
356
260
196
156
130
106
88
75
68
53
24
-19
-69
-117
-151
-168
-169
-167
-169
-182
-200
-221
-239
-260
-295
-340
-386
-429
-468
-504
-543
-589
-639
-693
-753
-815
-890
-983
-1098
-1228
-1354
-1462
-1544
-1586
-1581
-1533
-1434
-1307
-1174
-1053
-961
-902
-872
-859
-838
-794
-713
-593
-448
-283
-112
50
186
293
377
443
504
582
685
811
954
1097
1218
1320
1398
1451
1485
1492
1485
1467
1441
1417
1401
1391
1378
1352
1310
1251
1189
1122
1039
940
823
694
569
460
367
294
236
186
147
119
103
96
77
42
-4
-56
-113
-169
-226
-291
-359
-432
-510
-586
-654
-713
-764
-809
-840
-850
-851
-850
-850
-861
-876
-890
-900
-913
-928
-951
-992
-1052
-1121
-1198
-1269
-1329
-1363
-1357
-1307
-1212
-1079
-941
-813
-707
-638
-592
-565
-541
-496
-426
-323
-184
-21
152
310
438
530
589
627
662
707
772
854
945
1047
1129
1195
1247
1279
1306
1327
1347
1371
1401
1430
1456
1470
1465
1444
1394
1318
1233
1137
1029
911
788
659
534
426
326
243
179
120
72
39
4
-19
-49
-91
-140
-202
-273
-356
-452
-559
-678
-803
-923
-1029
-1117
-1174
-1200
-1192
-1162
-1113
-1050
-999
-950
-914
-892
-871
-857
-847
-835
-836
-845
-868
-911
-967
-1025
-1075
-1105
-1093
-1034
-933
-796
-639
-481
-348
-245
-176
-139
-121
-104
-62
3
97
216
332
437
525
579
612
634
645
664
707
764
837
925
1004
1066
1118
1160
1195
1230
1268
1303
1338
1369
1391
1403
1396
1366
1310
1219
1121
1022
917
814
710
602
492
383
278
182
97
15
-59
-118
-167
-208
-244
-293
-355
-432
-527
-632
-738
-851
-958
-1057
-1141
-1197
-1228
-1225
-1195
-1154
-1098
-1038
-978
-926
-876
-836
-800
-762
-718
-678
-635
-594
-573
-569
-583
-616
-654
-688
-711
-701
-652
-563
-440
-302
-165
-51
23
56
57
36
10
-4
7
45
109
192
286
373
445
493
529
548
559
583
614
654
713
772
827
881
929
975
1019
1062
1100
1135
1168
1191
1203
1205
1186
1150
1091
1016
936
849
755
656
543
420
293
160
32
-80
-182
-266
-331
-375
-404
-425
-450
-487
-538
-604
-682
-765
-851
-934
-1005
-1063
-1100
-1112
-1093
-1052
-993
-926
-852
-774
-699
-622
-547
-477
-407
-341
-282
-227
-184
-157
-150
-167
-208
-258
-307
-349
-370
-357
-310
-239
-150
-65
4
46
56
31
-18
-78
-130
-161
-160
-125
-64
18
111
200
272
330
367
383
388
395
403
418
442
469
496
530
566
613
670
730
797
859
917
967
1004
1025
1025
1006
968
918
866
802
725
629
514
384
250
119
-1
-102
-183
-241
-276
-289
-280
-269
-269
-288
-333
-399
-479
-569
-663
-752
-826
-884
-914
-910
-878
-828
-765
-693
-616
-535
-453
-374
-299
-233
-169
-109
-59
-18
4
0
-28
-81
-150
-223
-289
-342
-373
-375
-345
-295
-239
-191
-160
-154
-176
-222
-276
-328
-362
-368
-342
-282
-198
-103
-10
68
128
171
195
202
199
189
182
181
190
207
235
279
339
423
522
627
734
833
919
991
1048
1085
1105
1103
1076
1035
982
916
830
725
603
469
334
206
95
7
-61
-107
-131
-134
-127
-124
-139
-178
-244
-329
-430
-538
-641
-734
-808
-853
-863
-840
-789
-723
-651
-578
-502
-423
-344
-271
-200
-132
-67
-3
48
78
81
55
0
-76
-163
-255
-345
-419
-466
-477
-456
-410
-358
-313
-283
-272
-282
-312
-352
-396
-429
-442
-424
-375
-305
-222
-139
-68
-9
35
66
76
71
59
52
60
90
139
198
273
367
482
610
737
851
945
1020
1072
1110
1134
1147
1144
1122
1085
1042
984
913
822
709
582
450
325
215
126
55
-2
-39
-58
-67
-81
-115
-174
-256
-352
-456
-561
-659
-743
-801
-828
-824
-790
-733
-661
-586
-516
-451
-388
-329
-269
-214
-160
-108
-59
-18
3
3
-24
-73
-134
-202
-269
-329
-376
-403
-402
-375
-334
-291
-259
-243
-249
-279
-335
-408
-485
-551
-591
-594
-561
-492
-407
-315
-226
-145
-76
-25
5
12
6
-1
7
38
86
144
218
310
423
548
670
780
878
960
1025
1083
1134
1175
1200
1200
1182
1153
1107
1040
947
827
690
545
413
301
215
144
86
40
5
-18
-43
-90
-160
-256
-364
-471
-572
-662
-733
-777
-793
-780
-738
-676
-603
-529
-464
-404
-346
-285
-226
-173
-126
-83
-42
-7
16
21
5
-33
-85
-143
-199
-252
-299
-334
-353
-358
-356
-355
-368
-398
-448
-520
-606
-695
-777
-838
-865
-850
-791
-692
-564
-425
-294
-181
-89
-27
10
23
18
12
21
52
106
181
277
397
536
686
833
968
1085
1183
1262
1321
1363
1387
1390
1367
1322
1261
1184
1087
970
835
688
536
394
272
170
86
14
-41
-79
-103
-131
-173
-238
-319
-409
-502
-588
-660
-715
-743
-738
-703
-636
-547
-447
-351
-267
-194
-137
-89
-52
-26
-7
8
22
38
51
50
30
-8
-68
-138
-218
-304
-392
-474
-540
-584
-611
-629
-646
-674
-718
-776
-843
-912
-970
-1009
-1014
-978
-901
-785
-643
-492
-352
-230
-135
-70
-29
-9
2
11
31
75
147
238
347
474
614
761
903
1033
1145
1241
1314
1364
1395
1408
1403
1373
1324
1259
1180
1081
962
821
668
508
355
217
96
1
-74
-125
-151
-161
-166
-179
-203
-244
-297
-353
-408
-453
-483
-492
-475
-435
-376
-308
-236
-172
-121
-87
-65
-52
-43
-40
-39
-38
-30
-23
-23
-37
-72
-130
-208
-299
-399
-501
-594
-673
-731
-766
-782
-788
-794
-806
-836
-877
-930
-985
-1033
-1061
-1056
-1007
-913
-783
-626
-460
-298
-153
-34
57
120
157
174
182
196
233
290
364
460
573
709
852
992
1119
1232
1324
1392
1438
1464
1468
1452
1407
1342
1262
1167
1053
922
777
625
474
336
217
124
55
6
-22
-36
-42
-51
-73
-113
-170
-238
-306
-370
-421
-455
-462
-443
-401
-344
-279
-213
-156
-118
-94
-86
-90
-104
-127
-151
-174
-193
-214
-239
-272
-314
-368
-431
-503
-580
-658
-734
-802
-860
-900
-928
-949
-970
-991
-1018
-1048
-1077
-1098
-1109
-1099
-1059
-983
-872
-732
-570
-401
-240
-97
20
106
160
189
201
213
232
272
337
419
524
647
789
936
1075
1204
1318
1409
1472
1511
1526
1516
1484
1424
1344
1254
1156
1046
924
798
676
557
450
360
290
235
190
154
122
92
58
11
-48
-119
-192
-261
-320
-363
-391
-399
-394
-375
-344
-307
-272
-243
-226
-221
-223
-231
-246
-268
-293
-322
-351
-385
-422
-462
-508
-561
-620
-680
-740
-796
-846
-892
-929
-958
-979
-997
-1013
-1029
-1043
-1054
-1059
-1053
-1033
-989
-923
-829
-709
-571
-421
-268
-125
2
107
192
253
297
330
359
394
447
516
594
685
790
905
1024
1137
1242
1336
1410
1463
1493
1504
1494
1458
1398
1317
1226
1125
1015
898
780
664
557
459
371
298
237
177
125
75
29
-19
-76
-134
-198
-260
-313
-355
-383
-399
-400
-389
-371
-347
-322
-298
-285
-285
-295
-313
-336
-366
-402
-443
-485
-526
-566
-602
-636
-668
-699
-730
-756
-776
-796
-813
-827
-843
-856
-870
-884
-900
-920
-942
-961
-972
-971
-952
-907
-835
-734
-610
-468
-317
-168
-27
92
195
277
338
382
414
441
470
511
565
626
695
774
861
955
1049
1136
1218
1291
1345
1383
1404
1409
1392
1349
1283
1207
1120
1023
920
810
702
594
492
399
314
242
169
99
35
-23
-76
-130
-186
-241
-294
-335
-366
-387
-401
-403
-397
-386
-374
-363
-355
-355
-369
-394
-425
-457
-492
-529
-565
-596
-617
-630
-636
-634
-628
-621
-617
-614
-613
-616
-626
-645
-668
-692
-718
-739
-763
-788
-809
-827
-835
-832
-811
-771
-708
-622
-518
-400
-272
-145
-27
73
154
220
268
304
331
353
376
408
456
512
577
652
739
835
932
1027
1116
1200
1270
1323
1361
1385
1392
1376
1338
1285
1223
1144
1049
940
824
701
572
444
323
212
105
4
-80
-150
-204
-249
-285
-316
-339
-351
-359
-363
-364
-362
-360
-359
-360
-365
-372
-385
-411
-441
-473
-503
-533
-560
-585
-598
-603
-596
-582
-560
-535
-508
-487
-471
-463
-466
-482
-513
-553
-601
-651
-699
-751
-799
-840
-870
-888
-894
-884
-856
-810
-746
-666
-568
-462
-351
-243
-139
-43
45
122
192
254
311
364
421
485
553
622
699
786
877
972
1060
1145
1227
1294
1347
1385
1411
1419
1403
1366
1313
1248
1169
1072
965
847
722
591
460
333
215
101
-5
-94
-166
-218
-256
-284
-299
-301
-294
-282
-270
-257
-246
-237
-235
-240
-248
-259
-278
-309
-345
-384
-419
-456
-496
-535
-566
-591
-605
-612
-609
-597
-583
-567
-553
-543
-539
-546
-569
-606
-651
-701
-755
-814
-873
-925
-972
-1004
-1017
-1010
-980
-928
-857
-766
-659
-543
-421
-298
-178
-61
53
161
265
363
456
545
634
718
796
874
949
1023
1093
1160
1227
1290
1346
1386
1417
1434
1430
1403
1351
1283
1204
1109
1004
891
772
647
519
393
274
163
57
-42
-127
-199
-250
-287
-313
-324
-324
-316
-299
-273
-245
-216
-192
-174
-160
-151
-149
-157
-181
-214
-254
-297
-342
-389
-436
-481
-520
-557
-584
-603
-617
-628
-639
-648
-656
-664
-678
-702
-731
-765
-803
-843
-887
-933
-979
-1020
-1056
-1074
-1074
-1051
-1006
-935
-842
-730
-602
-470
-339
-212
-89
30
146
256
365
473
581
683
776
865
946
1018
1080
1131
1180
1226
1267
1298
1325
1345
1354
1345
1315
1268
1210
1136
1048
952
853
747
635
522
411
308
212
117
31
-42
-102
-149
-185
-211
-225
-228
-222
-208
-187
-161
-131
-104
-82
-64
-50
-42
-48
-66
-94
-130
-172
-224
-284
-343
-399
-455
-508
-556
-597
-634
-669
-705
-733
-754
-772
-789
-807
-821
-834
-847
-861
-877
-897
-922
-951
-979
-1000
-1007
-998
-970
-919
-848
-754
-649
-536
-419
-301
-183
-65
52
173
298
428
557
678
792
898
996
1076
1140
1191
1234
1268
1291
1305
1312
1310
1294
1262
1215
1163
1101
1024
938
846
755
662
566
473
388
309
230
153
84
22
-33
-87
-139
-188
-228
-260
-285
-299
-301
-287
-266
-240
-209
-173
-137
-107
-84
-72
-67
-70
-86
-117
-155
-201
-254
-313
-376
-439
-502
-568
-634
-697
-750
-793
-829
-855
-868
-870
-864
-857
-853
-854
-864
-887
-918
-953
-982
-1001
-1005
-992
-957
-896
-816
-722
-617
-505
-383
-259
-133
-4
131
272
415
555
689
817
936
1042
1130
1205
1268
1317
1350
1370
1380
1380
1364
1335
1291
1239
1182
1116
1041
963
880
792
699
604
511
425
339
254
175
102
36
-28
-94
-158
-217
-271
-321
-362
-388
-401
-399
-386
-358
-315
-261
-202
-146
-95
-52
-22
-4
-4
-21
-50
-95
-151
-218
-289
-360
-436
-512
-587
-654
-710
-758
-795
-820
-830
-829
-824
-819
-818
-825
-846
-877
-919
-965
-1006
-1039
-1057
-1055
-1032
-987
-923
-842
-743
-632
-508
-379
-240
-93
63
225
385
540
691
835
965
1076
1172
1252
1316
1363
1394
1415
1426
1423
1404
1369
1330
1285
1230
1168
1100
1028
947
860
771
683
600
516
429
346
268
194
123
47
-29
-108
-188
-265
-338
-400
-447
-483
-504
-504
-483
-440
-386
-326
-266
-207
-158
-121
-103
-101
-115
-146
-191
-249
-313
-381
-454
-531
-609
-681
-748
-805
-855
-891
-911
-915
-909
-895
-877
-860
-852
-855
-870
-894
-920
-948
-975
-992
-990
-969
-929
-867
-784
-681
-561
-428
-280
-126
37
205
367
523
676
821
956
1075
1179
1273
1356
1421
1471
1507
1527
1527
1507
1470
1423
1368
1303
1232
1157
1078
996
910
820
730
643
552
464
378
298
224
150
74
-1
-76
-148
-220
-293
-360
-420
-470
-510
-534
-539
-527
-498
-456
-404
-344
-281
-224
-178
-148
-131
-136
-156
-195
-246
-311
-385
-469
-553
-632
-706
-772
-828
-871
-896
-905
-902
-887
-867
-845
-830
-823
-825
-836
-851
-871
-891
-902
-900
-884
-848
-796
-724
-634
-529
-410
-279
-141
11
169
325
475
620
758
883
990
1081
1158
1227
1280
1324
1358
1385
1397
1391
1368
1333
1292
1241
1179
1113
1037
956
870
778
686
598
510
422
340
269
203
141
76
11
-52
-115
-177
-241
-302
-359
-413
-462
-500
-521
-528
-524
-508
-480
-441
-390
-336
-285
-242
-208
-188
-184
-199
-227
-272
-331
-400
-480
-556
-629
-694
-751
-795
-820
-829
-823
-804
-778
-747
-719
-698
-685
-676
-674
-677
-681
-682
-677
-664
-643
-610
-564
-500
-422
-334
-235
-129
-13
108
232
355
472
581
682
776
859
931
994
1045
1090
1129
1168
1204
1235
1255
1263
1255
1234
1200
1149
1086
1013
927
833
735
642
547
454
363
277
203
141
83
30
-20
-72
-120
-172
-223
-273
-326
-378
-427
-466
-495
-511
-517
-516
-505
-479
-446
-408
-370
-335
-306
-285
-275
-277
-294
-325
-369
-423
-482
-538
-588
-635
-677
-709
-727
-736
-734
-725
-711
-689
-666
-640
-618
-599
-585
-573
-563
-550
-533
-512
-482
-448
-402
-346
-279
-206
-125
-36
56
153
252
344
429
509
582
650
710
761
805
844
879
917
959
1002
1040
1062
1072
1071
1060
1036
999
949
884
810
732
657
583
506
427
349
280
222
175
133
89
43
-2
-44
-83
-122
-165
-212
-262
-309
-352
-386
-416
-441
-459
-471
-466
-445
-414
-381
-354
-334
-313
-298
-291
-300
-321
-355
-398
-443
-488
-531
-571
-606
-636
-652
-654
-643
-624
-603
-581
-557
-530
-502
-474
-451
-430
-409
-389
-371
-350
-326
-296
-263
-223
-175
-120
-61
-2
57
120
188
250
304
356
409
462
509
549
587
623
658
690
730
780
832
869
891
901
905
901
881
846
797
742
683
622
559
496
436
371
303
245
204
179
149
114
76
44
13
-21
-61
-106
-155
-210
-265
-317
-359
-392
-422
-452
-470
-469
-456
-436
-419
-405
-392
-384
-386
-396
-409
-428
-454
-488
-522
-549
-573
-592
-610
-621
-614
-597
-574
-547
-516
-479
-442
-409
-376
-342
-306
-275
-250
-229
-206
-182
-161
-140
-111
-73
-28
17
55
90
126
165
203
231
252
274
301
329
358
395
438
481
525
574
637
712
777
824
850
866
873
867
850
819
775
719
657
598
543
491
435
373
317
278
254
237
216
188
153
115
71
27
-20
-74
-140
-212
-279
-332
-374
-409
-444
-468
-477
-468
-453
-438
-424
-413
-410
-416
-424
-431
-438
-454
-481
-511
-535
-551
-566
-580
-592
-591
-575
-549
-519
-487
-457
-428
-399
-373
-341
-309
-279
-250
-222
-193
-166
-141
-117
-94
-68
-38
-6
22
44
54
58
59
65
74
80
91
112
149
200
259
323
393
468
544
625
710
791
855
896
916
925
921
905
872
820
755
687
622
559
501
443
385
329
284
253
234
209
174
126
72
17
-44
-107
-174
-242
-310
-372
-421
-455
-477
-493
-505
-507
-493
-464
-430
-404
-383
-367
-355
-347
-346
-349
-357
-374
-397
-417
-431
-443
-453
-464
-470
-468
-454
-436
-416
-396
-377
-354
-325
-293
-258
-227
-198
-170
-142
-115
-84
-56
-34
-17
-3
12
21
22
15
2
-15
-26
-27
-18
-4
18
58
115
191
275
363
455
548
640
730
815
888
941
970
981
978
961
930
883
821
753
684
615
549
485
426
370
315
267
227
186
135
76
13
-51
-116
-183
-253
-320
-381
-434
-475
-506
-524
-533
-537
-538
-530
-514
-492
-476
-466
-457
-449
-440
-433
-434
-438
-444
-451
-460
-469
-477
-483
-486
-488
-485
-474
-459
-442
-427
-413
-393
-369
-342
-313
-283
-248
-212
-174
-134
-94
-57
-24
4
28
49
64
70
61
46
27
15
10
14
29
56
97
155
227
312
404
496
588
679
768
853
927
987
1031
1055
1063
1058
1038
1002
955
895
825
755
682
609
537
461
385
312
240
171
99
22
-56
-133
-209
-279
-343
-401
-448
-486
-516
-533
-542
-543
-541
-534
-525
-515
-502
-486
-471
-461
-451
-443
-434
-427
-421
-418
-417
-418
-420
-422
-422
-424
-423
-420
-417
-412
-405
-397
-386
-372
-356
-337
-314
-289
-260
-229
-195
-158
-124
-92
-61
-34
-11
9
21
31
33
31
29
30
34
45
64
94
135
188
250
319
395
472
550
626
697
764
824
872
907
930
938
933
914
879
832
775
713
643
570
495
417
337
255
176
97
23
-48
-117
-180
-233
-280
-317
-346
-369
-383
-391
-392
-385
-373
-358
-344
-333
-325
-318
-317
-316
-321
-330
-341
-352
-364
-376
-385
-396
-407
-415
-421
-424
-423
-422
-419
-419
-418
-417
-413
-407
-400
-389
-376
-360
-341
-318
-291
-265
-234
-203
-168
-131
-94
-60
-30
-2
21
42
59
77
96
116
140
170
207
252
302
358
418
481
545
612
675
732
781
824
853
871
877
867
846
812
770
717
658
594
524
450
378
304
231
161
92
29
-31
-85
-130
-169
-200
-226
-244
-255
-261
-262
-261
-258
-252
-248
-241
-237
-232
-231
-235
-243
-256
-271
-292
-314
-340
-363
-387
-409
-426
-441
-451
-460
-464
-464
-460
-457
-452
-446
-443
-438
-434
-428
-422
-413
-403
-388
-368
-342
-313
-279
-241
-202
-161
-121
-80
-41
-5
29
61
93
126
159
192
227
261
297
336
377
420
462
503
541
577
606
631
648
656
655
646
628
607
577
542
502
460
414
370
325
282
241
201
163
129
98
69
43
19
0
-17
-31
-42
-52
-57
-62
-66
-69
-70
-71
-71
-74
-78
-83
-92
-103
-122
-144
-170
-199
-230
-260
-289
-318
-344
-369
-388
-403
-415
-423
-428
-430
-432
-429
-426
-423
-419
-416
-411
-405
-399
-389
-375
-361
-345
-322
-297
-268
-238
-205
-172
-137
-99
-64
-29
6
40
73
106
138
170
203
237
269
300
331
363
395
423
446
466
478
487
490
486
478
467
450
431
410
393
372
351
331
311
293
276
262
245
232
218
204
189
174
156
140
121
102
84
64
47
30
13
-2
-18
-31
-47
-63
-78
-96
-117
-141
-168
-196
-226
-257
-288
-317
-343
-366
-388
-404
-415
-423
-427
-427
-423
-418
-410
-402
-392
-384
-376
-368
-361
-352
-344
-333
-321
-308
-292
-273
-252
-229
-202
-174
-144
-111
-77
-42
-6
31
66
101
136
170
204
236
265
292
318
341
362
378
392
401
404
405
402
397
389
378
366
354
341
329
319
310
300
292
284
276
269
261
254
246
236
226
213
201
186
174
157
140
123
106
90
74
59
42
25
6
-14
-32
-54
-80
-110
-140
-172
-205
-237
-269
-299
-325
-348
-366
-379
-388
-395
-398
-397
-397
-392
-388
-383
-378
-373
-368
-365
-362
-359
-356
-352
-347
-340
-332
-319
-305
-289
-267
-243
-216
-186
-156
-122
-87
-52
-18
18
51
84
116
145
173
200
224
247
266
284
302
316
327
336
344
350
354
356
355
354
355
353
351
350
348
346
341
336
330
324
317
310
299
290
279
266
252
237
222
206
188
169
153
136
120
104
86
68
49
28
7
-13
-36
-61
-88
-114
-138
-164
-189
-213
-236
-258
-277
-294
-311
-323
-333
-342
-350
-356
-363
-368
-375
-382
-386
-389
-396
-399
-402
-405
-404
-403
-396
-387
-375
-358
-338
-314
-288
-259
-228
-198
-165
-132
-98
-64
-30
4
38
70
101
131
159
184
210
230
249
266
279
289
299
304
311
317
321
326
331
335
340
344
348
352
356
357
357
356
353
350
345
336
326
314
302
289
274
259
244
230
214
201
185
167
150
132
111
92
72
49
25
0
-27
-55
-84
-113
-143
-172
-201
-229
-255
-280
-301
-321
-340
-356
-369
-381
-391
-401
-408
-416
-423
-430
-436
-441
-445
-445
-445
-442
-435
-425
-412
-397
-377
-354
-327
-299
-268
-234
-203
-168
-135
-100
-65
-30
3
38
71
101
131
158
186
209
231
250
265
278
290
299
308
317
325
331
338
348
357
366
375
383
391
397
403
406
406
403
396
390
381
369
357
343
328
314
298
283
270
257
243
227
213
195
176
154
130
105
77
46
12
-24
-62
-102
-143
-183
-219
-255
-288
-317
-343
-366
-384
-401
-415
-426
-435
-441
-446
-451
-456
-457
-462
-463
-465
-465
-465
-462
-457
-451
-442
-428
-414
-396
-376
-350
-324
-296
-262
-229
-194
-155
-117
-78
-41
-4
32
68
102
133
163
190
215
236
254
270
285
299
312
325
339
352
366
381
396
410
425
440
450
458
463
466
464
461
453
444
431
417
404
389
371
355
339
323
309
294
278
262
245
225
202
178
150
119
84
44
3
-40
-84
-130
-178
-221
-262
-299
-333
-362
-386
-406
-422
-434
-445
-454
-460
-466
-468
-472
-472
-473
-475
-474
-474
-474
-472
-469
-464
-459
-450
-440
-425
-409
-391
-369
-343
-316
-283
-249
-214
-178
-138
-99
-61
-25
12
47
83
116
148
179
208
235
259
282
303
323
344
364
383
401
421
439
456
472
486
497
506
512
513
509
502
493
480
466
448
428
407
387
366
345
326
306
287
268
251
232
214
195
173
148
122
91
57
20
-22
-65
-108
-153
-199
-242
-283
-321
-353
-381
-404
-424
-438
-450
-459
-465
-468
-471
-473
-474
-476
-476
-475
-474
-473
-471
-467
-464
-457
-451
-442
-431
-418
-403
-385
-363
-337
-310
-280
-246
-212
-176
-138
-102
-64
-28
8
44
76
108
139
168
196
223
251
278
306
333
361
386
411
437
458
480
498
514
526
534
537
537
532
521
507
492
475
455
435
414
393
373
353
335
316
300
283
267
251
234
214
192
168
142
112
78
41
4
-37
-78
-119
-159
-198
-238
-273
-306
-334
-362
-386
-405
-423
-438
-453
-463
-472
-479
-484
-488
-491
-493
-494
-493
-492
-489
-484
-476
-468
-456
-443
-428
-413
-392
-370
-346
-319
-292
-264
-233
-201
-168
-136
-103
-71
-37
-5
29
62
92
123
155
186
216
246
276
306
335
363
390
416
440
462
481
498
512
521
528
531
529
525
519
508
495
479
463
445
426
405
385
365
346
325
305
284
264
244
224
201
177
150
121
91
59
25
-12
-51
-90
-128
-170
-209
-247
-283
-317
-348
-375
-397
-420
-438
-451
-462
-471
-479
-484
-487
-487
-488
-487
-485
-483
-480
-475
-471
-463
-454
-443
-430
-413
-392
-371
-346
-320
-290
-260
-228
-195
-162
-127
-93
-59
-26
7
39
72
104
135
167
199
229
260
291
320
351
377
403
426
449
469
487
502
512
519
523
525
522
515
506
492
477
458
438
417
396
372
349
328
307
287
267
247
225
206
184
162
139
114
86
58
27
-6
-40
-76
-112
-150
-187
-221
-254
-286
-315
-344
-369
-390
-408
-424
-435
-446
-454
-461
-465
-468
-471
-472
-473
-471
-468
-463
-457
-449
-440
-429
-416
-400
-383
-364
-343
-320
-294
-267
-242
-214
-185
-155
-124
-93
-63
-32
-1
28
60
91
121
151
181
210
240
269
296
324
349
372
393
413
430
447
460
470
479
483
486
486
483
477
470
462
450
438
423
406
389
371
352
333
315
296
276
256
237
216
193
170
147
120
92
61
30
-4
-38
-73
-107
-143
-177
-210
-241
-270
-299
-324
-348
-369
-389
-407
-422
-434
-444
-453
-459
-465
-468
-470
-473
-473
-470
-466
-461
-455
-444
-434
-422
-408
-391
-372
-350
-328
-302
-275
-247
-217
-187
-154
-122
-89
-56
-24
10
44
76
109
144
175
206
237
266
295
322
347
372
393
413
429
444
456
466
474
478
480
481
478
472
465
458
447
438
424
408
393
376
358
338
319
299
279
256
233
208
184
158
130
100
69
37
4
-32
-65
-101
-137
-171
-205
-237
-268
-297
-323
-347
-370
-390
-409
-423
-433
-443
-452
-458
-463
-467
-469
-468
-468
-464
-460
-455
-448
-437
-427
-413
-400
-382
-362
-340
-316
-291
-265
-239
-209
-181
-151
-120
-88
-57
-27
5
36
67
98
131
163
194
224
255
283
309
333
356
378
396
412
427
438
448
455
462
464
467
465
461
457
449
443
435
424
414
403
389
375
361
344
326
305
285
262
239
214
188
160
133
104
74
46
14
-18
-50
-81
-113
-144
-174
-204
-233
-259
-284
-306
-327
-345
-363
-381
-394
-407
-417
-426
-433
-439
-443
-446
-446
-447
-445
-442
-438
-433
-423
-413
-403
-390
-376
-360
-340
-320
-298
-273
-249
-224
-198
-171
-143
-116
-88
-59
-31
1
30
59
90
121
152
182
211
240
266
291
314
336
355
373
387
400
411
419
428
433
437
439
439
438
437
432
426
419
411
399
389
374
361
345
327
307
285
262
238
214
187
160
132
103
72
41
12
-19
-51
-82
-111
-141
-170
-198
-224
-250
-274
-297
-318
-338
-354
-370
-383
-395
-406
-412
-420
-424
-427
-429
-429
-426
-424
-417
-410
-402
-392
-378
-366
-350
-333
-312
-292
-270
-246
-222
-197
-172
-146
-120
-92
-66
-37
-9
20
49
78
107
136
163
192
218
246
271
294
317
337
355
372
386
399
408
415
421
426
429
430
430
428
425
420
415
406
396
384
370
355
337
319
297
274
250
225
197
171
140
111
82
52
23
-7
-36
-65
-92
-120
-146
-171
-195
-219
-242
-263
-282
-300
-317
-332
-344
-356
-368
-377
-383
-389
-393
-396
-397
-397
-395
-391
-386
-379
-370
-361
-349
-335
-322
-306
-288
-271
-251
-230
-208
-187
-165
-143
-121
-99
-76
-54
-32
-8
13
37
60
82
104
125
146
168
190
209
228
245
260
274
287
298
308
317
323
326
330
333
335
335
334
332
328
326
323
316
309
302
291
279
266
251
235
218
199
179
157
136
115
92
70
48
25
3
-20
-41
-62
-82
-101
-120
-137
-153
-166
-181
-194
-206
-218
-228
-236
-243
-251
-257
-263
-267
-271
-274
-275
-274
-273
-270
-267
-261
-254
-246
-238
-228
-216
-205
-192
-179
-166
-153
-140
-125
-110
-96
-82
-67
-53
-38
-23
-7
7
24
40
55
71
87
101
117
132
146
157
169
181
189
196
202
208
212
216
218
219
221
223
223
223
224
223
222
220
218
212
208
200
192
183
172
159
145
131
114
99
84
66
49
32
16
0
-16
-31
-45
-60
-74
-86
-98
-110
-122
-132
-143
-153
-161
-169
-177
-183
-189
-197
-202
-207
-210
-212
-212
-214
-213
-209
-206
-204
-199
-191
-184
-175
-166
-156
-147
-137
-126
-116
-104
-92
-81
-68
-56
-44
-32
-20
-6
7
20
33
47
59
72
85
98
109
120
131
140
149
156
163
169
175
178
182
185
186
187
189
189
190
189
188
186
183
180
174
169
162
154
145
135
123
112
100
88
75
63
48
34
21
7
-8
-22
-35
-49
-61
-74
-85
-95
-105
-115
-124
-132
-140
-147
-153
-159
-164
-170
-174
-178
-181
-182
-183
-185
-184
-182
-178
-174
-168
-161
-155
-147
-137
-127
-119
-108
-99
-90
-80
-70
-59
-51
-42
-33
-23
-12
-3
6
17
26
36
47
56
67
79
89
100
110
121
130
140
148
154
159
162
166
168
169
169
170
169
168
167
166
163
164
163
159
155
151
146
140
134
126
118
112
103
92
83
73
61
49
37
25
13
1
-12
-23
-34
-45
-57
-66
-78
-87
-95
-105
-113
-121
-127
-134
-141
-146
-152
-156
-159
-162
-165
-167
-168
-169
-169
-168
-166
-165
-162
-159
-155
-148
-143
-137
-130
-124
-115
-108
-99
-91
-83
-74
-66
-58
-50
-40
-31
-22
-15
-5
2
11
20
29
38
46
55
62
70
79
87
93
100
106
111
117
121
125
130
134
138
141
146
148
151
151
153
154
154
152
149
145
143
139
133
126
120
114
108
99
89
79
69
57
46
34
25
14
2
-9
-19
-29
-37
-46
-54
-63
-71
-78
-86
-92
-98
-105
-111
-116
-120
-124
-127
-131
-134
-136
-138
-139
-138
-138
-137
-136
-133
-130
-125
-121
-116
-111
-106
-99
-92
-85
-78
-71
-63
-55
-47
-39
-30
-23
-15
-7
2
11
20
29
37
45
53
61
69
77
83
91
98
104
110
115
120
125
128
132
135
139
140
142
145
146
145
144
140
138
134
130
125
121
115
108
101
94
86
79
70
61
50
40
31
21
11
0
-10
-22
-32
-41
-49
-59
-68
-75
-82
-88
-94
-99
-104
-108
-114
-117
-122
-126
-128
-130
-133
-137
-138
-139
-139
-139
-138
-137
-136
-132
-130
-126
-122
-118
-114
-109
-103
-99
-93
-87
-80
-76
-69
-61
-53
-46
-38
-29
-22
-13
-4
2
12
18
26
33
41
50
58
64
73
81
88
94
101
106
114
118
122
127
130
132
134
136
137
137
137
137
135
134
131
127
123
118
112
106
100
92
86
80
72
65
58
51
45
37
28
21
14
6
-3
-10
-18
-26
-33
-40
-47
-53
-58
-64
-68
-74
-78
-82
-86
-89
-93
-95
-98
-99
-101
-103
-103
-103
-103
-103
-102
-100
-98
-94
-91
-89
-85
-82
-78
-73
-68
-61
-57
-52
-47
-41
-35
-29
-21
-16
-9
-4
2
9
15
21
26
33
38
44
49
55
59
63
68
72
76
80
82
85
87
88
91
91
91
92
91
89
88
87
86
83
80
76
74
70
67
61
57
51
46
42
34
28
23
16
9
2
-4
-11
-18
-24
-30
-36
-41
-45
-50
-54
-59
-62
-67
-72
-76
-79
-82
-86
-90
-93
-97
-98
-99
-102
-103
-104
-103
-105
-104
-103
-102
-101
-99
-97
-94
-89
-85
-78
-72
-65
-59
-53
-46
-41
-35
-27
-21
-14
-6
2
8
16
25
32
41
50
57
62
69
76
82
87
92
99
104
107
111
116
120
123
126
129
128
130
131
131
130
130
129
127
125
123
118
115
112
107
102
96
90
84
75
66
58
49
39
30
21
13
3
-6
-15
-23
-32
-42
-51
-58
-67
-74
-83
-92
-96
-106
-114
-120
-126
-130
-136
-142
-145
-148
-152
-154
-155
-157
-157
-157
-154
-151
-149
-145
-141
-137
-132
-126
-120
-112
-104
-98
-89
-78
-69
-58
-48
-38
-27
-17
-6
6
17
25
36
45
55
65
75
85
95
104
114
123
131
139
145
150
154
157
162
163
164
166
166
165
165
164
162
160
156
151
146
140
133
125
116
107
96
86
75
63
50
39
28
15
3
-9
-22
-32
-44
-55
-67
-77
-86
-96
-105
-114
-122
-130
-137
-143
-148
-153
-158
-161
-163
-164
-165
-163
-162
-160
-159
-156
-152
-147
-143
-140
-135
-129
-124
-117
-109
-99
-92
-83
-73
-64
-54
-45
-35
-25
-16
-6
5
16
27
36
48
59
69
80
89
99
107
115
123
130
136
142
147
151
154
157
159
161
162
161
161
160
159
156
153
150
145
142
136
130
125
118
109
103
93
84
74
63
53
43
32
22
12
2
-10
-22
-33
-44
-54
-63
-72
-81
-89
-98
-104
-110
-115
-121
-127
-132
-137
-139
-142
-145
-146
-148
-149
-148
-147
-146
-145
-143
-138
-132
-128
-122
-117
-109
-103
-96
-88
-80
-72
-64
-57
-50
-43
-35
-28
-19
-10
0
8
15
23
31
38
47
54
60
66
72
79
85
91
96
101
107
111
115
117
120
123
121
122
123
122
120
119
118
115
111
109
105
101
95
90
83
78
71
63
55
48
40
32
25
16
8
1
-6
-13
-20
-27
-35
-41
-48
-53
-58
-63
-69
-73
-77
-81
-83
-86
-89
-91
-94
-95
-97
-97
-97
-97
-96
-95
-92
-90
-87
-84
-79
-76
-71
-69
-63
-59
-56
-51
-46
-41
-35
-30
-23
-18
-11
-6
0
4
8
13
19
23
28
33
36
41
47
51
56
61
64
67
70
72
75
78
79
79
81
82
82
83
83
82
81
79
77
75
72
70
65
62
59
55
50
45
40
35
29
24
18
12
6
1
-5
-10
-17
-24
-27
-33
-38
-42
-47
-50
-53
-56
-60
-61
-63
-66
-68
-70
-73
-76
-78
-79
-79
-79
-79
-78
-76
-75
-72
-69
-66
-64
-62
-60
-56
-52
-49
-45
-42
-36
-31
-26
-21
-15
-12
-8
-3
1
5
8
12
14
18
22
25
28
31
36
40
43
46
50
53
55
60
62
66
68
68
71
72
73
73
72
72
71
70
68
66
64
62
60
58
58
55
52
49
45
40
37
32
26
22
17
12
8
2
-3
-9
-13
-17
-21
-25
-28
-32
-36
-39
-41
-43
-45
-47
-49
-51
-53
-54
-55
-57
-58
-57
-59
-59
-58
-59
-58
-57
-56
-55
-53
-52
-51
-48
-47
-45
-43
-39
-38
-34
-30
-26
-23
-19
-16
-11
-10
-6
-2
1
4
7
9
13
17
19
21
24
26
30
33
36
40
41
44
47
48
50
50
51
52
53
54
54
53
52
52
50
48
46
45
43
42
41
37
35
31
28
25
22
17
12
9
5
0
-4
-7
-10
-13
-16
-20
-22
-24
-28
-29
-31
-33
-35
-35
-36
-38
-38
-38
-38
-38
-39
-40
-39
-40
-39
-42
-40
-39
-38
-37
-37
-36
-34
-33
-32
-31
-30
-28
-26
-24
-23
-20
-18
-16
-13
-11
-7
-4
-2
1
4
9
12
15
18
19
22
25
28
30
33
35
36
37
40
42
42
44
46
47
48
48
48
48
48
48
47
46
45
44
42
40
39
38
35
33
30
28
26
24
21
18
14
10
6
4
-1
-5
-9
-13
-16
-19
-22
-25
-29
-31
-32
-34
-36
-38
-40
-40
-41
-42
-43
-43
-44
-45
-46
-46
-46
-47
-45
-45
-46
-45
-43
-42
-41
-40
-39
-38
-36
-35
-33
-30
-28
-24
-20
-18
-16
-13
-11
-10
-6
-4
-2
2
5
7
9
12
15
16
19
21
24
27
31
33
34
35
36
39
40
41
42
43
42
43
43
42
42
41
40
39
38
37
35
32
33
31
29
28
26
24
22
19
18
16
15
12
9
6
4
3
0
-1
-5
-7
-11
-12
-15
-17
-19
-21
-22
-23
-24
-26
-26
-28
-28
-29
-29
-29
-30
-30
-30
-30
-30
-29
-30
-30
-30
-29
-29
-29
-26
-26
-26
-25
-23
-23
-20
-18
-15
-13
-9
-9
-6
-5
-4
-1
1
0
2
4
8
9
12
13
14
17
18
20
21
24
25
26
27
29
30
30
31
31
31
31
32
30
30
28
28
27
26
24
22
23
21
20
19
18
15
13
10
9
8
5
3
1
-1
-3
-7
-8
-9
-12
-13
-14
-16
-18
-20
-20
-23
-23
-24
-24
-27
-26
-25
-28
-28
-28
-29
-29
-29
-30
-29
-30
-30
-28
-27
-26
-25
-25
-25
-24
-22
-20
-19
-18
-15
-13
-11
-9
-7
-6
-4
-2
0
1
4
5
8
11
11
12
15
17
20
22
24
26
26
28
30
31
31
31
33
32
32
34
33
33
33
32
31
31
29
28
27
25
25
24
22
20
18
15
14
11
10
8
6
4
2
1
-1
-5
-5
-7
-9
-11
-13
-14
-16
-19
-20
-20
-23
-23
-25
-26
-27
-26
-27
-28
-27
-27
-27
-27
-27
-28
-28
-27
-26
-26
-26
-24
-23
-23
-21
-20
-19
-17
-17
-16
-15
-13
-13
-11
-9
-8
-6
-3
0
3
4
6
7
9
12
13
15
16
17
18
19
21
22
23
24
25
27
28
29
29
28
29
29
29
29
28
27
27
26
26
25
24
23
22
22
20
17
15
13
11
9
6
5
3
1
0
-3
-4
-7
-9
-11
-12
-13
-13
-15
-16
-18
-19
-21
-22
-23
-24
-25
-25
-26
-25
-26
-26
-26
-28
-28
-28
-27
-26
-26
-26
-27
-26
-24
-24
-23
-21
-18
-18
-16
-13
-12
-9
-8
-7
-6
-3
-2
-1
1
2
5
6
7
8
9
12
13
14
16
18
19
21
23
26
27
27
29
26
27
28
28
28
28
28
27
26
25
24
24
24
23
21
20
19
17
15
15
13
10
9
8
6
5
2
0
-1
-3
-5
-5
-6
-8
-11
-11
-12
-14
-14
-15
-16
-17
-18
-19
-18
-18
-19
-19
-20
-21
-22
-22
-22
-22
-23
-23
-24
-24
-24
-23
-22
-20
-21
-20
-17
-16
-14
-13
-10
-9
-8
-5
-3
-3
-2
0
2
2
4
5
6
7
8
9
9
9
11
13
14
14
16
17
19
20
22
23
23
23
23
23
24
23
23
22
21
21
20
20
18
16
13
15
14
12
11
10
11
10
9
8
7
5
4
0
-3
-4
-5
-7
-10
-11
-13
-14
-16
-17
-18
-19
-21
-21
-24
-24
-25
-25
-26
-25
-25
-24
-22
-22
-21
-21
-19
-19
-19
-18
-17
-16
-15
-14
-14
-13
-12
-11
-11
-9
-7
-6
-6
-4
-3
-2
0
1
4
6
8
9
10
11
13
13
14
15
17
17
18
20
20
20
20
21
21
21
22
20
20
21
20
20
20
20
20
19
20
18
17
16
15
14
12
10
9
8
6
4
3
2
1
-1
-2
-5
-6
-7
-7
-9
-10
-12
-11
-13
-15
-15
-15
-16
-16
-17
-18
-18
-19
-19
-19
-19
-19
-18
-19
-19
-19
-17
-17
-17
-16
-17
-16
