-2
-2
-2
-3
-2
-2
-2
-3
-2
-3
-4
-4
-5
-4
-4
-6
-6
-7
-5
-5
-5
-4
-4
-1
0
0
0
1
1
4
4
3
4
4
6
6
5
5
5
5
5
2
2
3
1
1
1
0
1
0
-1
0
-1
-2
-1
-2
-2
-3
-4
-2
0
-2
-3
-4
-3
-1
-1
-1
-2
-3
-1
-2
-2
-3
-2
-2
-1
-2
-2
-3
-2
-3
-4
-4
-2
-3
-2
-2
-2
-1
-2
-1
0
2
3
2
2
2
3
3
4
5
4
3
4
3
3
4
3
2
3
2
2
4
3
2
3
1
-1
1
0
0
2
1
2
2
2
1
2
3
2
2
2
1
1
1
3
4
2
1
-1
1
1
0
0
-1
0
0
1
0
-2
-2
-1
-2
-1
0
0
1
2
1
0
-1
-1
-2
-2
-2
-2
-2
-3
-3
-3
-3
-3
-3
-4
-5
-5
-4
-4
-5
-5
-4
-4
-4
-2
-3
-1
0
-2
-4
-4
-4
-3
-1
0
2
1
1
2
3
4
5
3
3
4
3
4
6
5
6
5
5
4
4
4
5
4
3
2
2
1
2
4
2
0
1
0
0
-1
-1
-2
-2
-3
-3
-1
-1
0
-1
-1
-1
-2
-2
-2
-1
-2
-4
-4
-4
-5
-5
-5
-6
-4
-5
-5
-5
-4
-4
-4
-3
-3
-1
0
1
1
2
3
5
4
5
5
5
5
5
5
2
2
1
2
1
2
1
0
-1
-1
-2
-1
-2
-1
-2
-1
0
0
2
2
3
6
6
6
5
5
6
6
6
5
6
5
5
3
3
2
3
3
2
0
0
0
-1
-1
-1
-2
-2
-2
-3
-5
-4
-3
-4
-3
-5
-5
-5
-5
-4
-4
-3
-3
-3
-4
-4
-3
-3
-3
-3
-4
-5
-4
-5
-4
-4
-5
-4
-3
-3
-3
-4
-5
-5
-4
-5
-5
-4
-4
-4
-4
-5
-4
-2
-2
-1
1
2
3
4
7
8
7
9
9
9
9
8
9
8
7
6
5
5
2
3
1
0
0
-1
-1
1
0
-1
-2
0
1
2
2
1
2
2
3
3
4
4
4
4
3
4
4
4
4
3
1
-1
-2
-2
-3
-4
-4
-5
-5
-9
-10
-11
-9
-10
-10
-6
-5
-5
-4
-1
-1
0
0
2
2
2
4
7
7
4
1
1
1
-2
-3
-3
-3
-2
-3
-3
-2
-2
-2
0
-1
1
2
2
3
4
6
8
9
9
6
6
8
8
6
6
6
5
5
3
2
2
1
-3
-2
-4
-6
-5
-6
-4
-6
-5
-1
-2
-3
-2
-1
1
0
1
2
5
6
8
9
8
3
0
2
-2
-6
-5
-5
-6
-10
-11
-9
-9
-11
-12
-12
-13
-14
-13
-9
-6
-7
-6
-1
-1
-4
-3
-1
-5
-6
-1
5
8
5
0
-1
-3
-5
-1
7
10
10
16
17
12
7
6
5
2
7
11
18
17
13
10
8
4
1
5
3
0
1
8
7
3
6
6
2
-6
-2
3
-2
-8
-8
-3
-3
-8
-9
-6
-11
-18
-11
-3
-4
-8
-2
-1
-8
-12
-5
-1
-4
-5
4
9
4
0
3
4
-1
-3
4
5
-2
-1
4
6
3
5
15
18
10
10
17
13
3
1
7
8
6
11
15
5
-8
-9
-6
-6
-8
-2
8
4
-6
-4
2
-3
-13
-8
2
-1
-6
-5
0
-10
-22
-10
-1
-9
-9
-1
-4
-10
-8
2
7
3
0
6
13
7
0
9
11
0
7
22
14
0
2
4
-6
-6
2
5
4
-3
-5
8
11
-3
-1
10
-7
-22
-8
-5
-24
-26
-8
-4
-8
-9
-12
-14
-26
-33
-23
-4
-5
-17
-3
6
-20
-22
-5
-14
-31
-15
6
1
-7
-11
-15
-14
-22
-20
-3
16
6
-1
35
32
1
18
36
13
8
36
40
28
32
28
31
37
17
10
27
21
-14
-1
37
15
-1
24
17
-20
-17
4
0
-1
8
3
8
13
-11
-13
5
-18
-44
-4
13
-20
-10
6
-12
-22
-15
-10
-12
-16
-10
-6
-3
-7
-16
2
3
-28
-10
15
-12
-22
3
3
-5
4
8
14
7
-24
-7
21
-6
-1
29
23
6
-8
-4
6
-5
-8
10
36
12
-12
28
19
-31
-21
7
-4
-3
18
16
13
1
-17
-11
12
-10
-31
6
24
-22
9
48
-11
-30
14
19
3
23
19
4
26
24
3
40
26
-30
-11
26
4
-24
19
31
-37
-24
1
-37
-27
-20
-35
-4
6
-20
-19
6
-4
-57
-16
12
-45
-21
24
-3
-21
-17
-32
-38
-37
-43
-22
9
-27
-27
5
-22
-5
-9
-17
13
-3
-9
20
27
19
11
31
16
-7
26
21
5
19
17
13
9
11
14
15
25
3
-10
3
18
20
38
39
6
31
29
-2
20
20
-8
-9
8
-8
13
32
-20
-19
22
-21
-9
34
-10
4
29
32
-16
-22
12
-6
-3
9
5
1
2
-18
-32
5
2
-71
-64
-6
-27
-33
-1
5
-33
-34
7
-5
3
23
29
33
26
39
32
36
42
-15
-27
43
-15
-28
40
2
-44
-39
-27
-67
-46
-7
-52
-30
7
-38
3
40
7
23
48
55
-2
29
109
33
26
97
43
6
50
0
-55
16
-17
-74
6
-17
-76
-13
-4
-59
-84
-25
-32
-82
17
46
21
68
34
-36
1
57
-4
-15
56
-4
-42
55
2
-44
-34
-61
-97
-57
10
-29
-17
-7
-77
-25
23
-61
-7
38
-34
14
30
16
23
42
33
-26
22
9
-39
4
-10
-22
64
-9
-85
-6
19
-23
-16
51
56
52
16
33
110
65
7
1
55
-1
1
82
10
-11
14
-17
-39
-15
-33
27
27
-21
-110
21
98
-69
36
93
55
63
53
70
92
28
43
10
20
-2
-73
56
-30
-113
-57
-64
-75
-133
-68
0
-148
-130
-11
-48
-30
-49
-19
52
37
-33
19
165
43
-3
138
80
21
9
-14
3
-28
-72
-12
-42
-99
-71
-36
-64
-107
-94
-100
-28
-72
-1
89
18
-21
24
92
82
20
90
145
43
19
98
78
61
39
10
9
8
-37
-59
5
-58
-77
4
18
-85
-43
18
9
-8
-67
81
134
-56
-21
110
70
23
-2
46
54
4
-11
-3
41
-46
-136
35
18
-112
-25
11
-18
-74
-30
15
19
11
-28
86
80
-104
-5
113
-42
-65
-3
31
21
-102
-18
24
-40
-140
-80
53
-47
-100
22
25
6
-22
-23
144
-3
-21
51
126
71
-58
95
137
-6
-34
6
67
-45
-157
19
44
-109
-93
13
18
-148
-74
-5
4
-8
-86
73
64
-17
-5
117
76
27
21
136
163
-68
88
129
-11
-63
40
50
-68
-36
-43
28
-57
-34
-47
-6
-5
-126
-60
36
37
-212
66
116
-39
-43
60
101
-56
31
18
168
-17
47
86
57
-40
-163
91
-12
-48
-76
19
-43
-135
-92
-38
-15
-151
-28
16
20
-105
17
45
-24
88
17
44
111
-30
18
128
-19
-39
172
-22
-56
70
-28
-17
-16
4
-60
84
-56
-73
-7
29
-63
-111
52
71
-40
-145
169
47
-131
56
88
68
-12
79
6
15
110
-95
-20
112
-114
-118
150
7
-160
5
90
-175
-76
107
-201
7
68
-110
-55
62
39
-161
170
30
-194
188
69
-128
129
127
-52
104
16
-64
36
94
-87
-65
151
-111
3
-42
20
-72
-97
24
33
-21
-17
52
6
58
0
22
29
74
-19
15
102
23
-39
47
121
-78
-79
157
-98
-63
18
-47
-70
81
-26
-84
101
-29
-119
28
36
-44
29
61
78
-45
53
129
-131
47
6
-17
16
-36
49
-83
54
47
-137
82
74
-170
-4
26
-146
-15
-23
-5
-42
0
-19
-58
50
-112
26
60
37
-134
70
106
-48
58
16
22
16
54
-74
-13
110
-107
-180
152
-63
-171
72
-44
-41
-15
7
-31
31
62
-33
-39
122
-90
38
74
-1
15
49
82
-98
133
-62
-41
53
30
-104
95
-52
-104
93
-4
-64
-13
142
-114
-17
103
-80
69
-4
39
40
-7
57
9
19
-67
-73
49
-33
-40
198
-208
137
129
-169
34
110
-57
-74
121
16
-132
142
26
-107
30
2
-100
-14
80
-192
57
54
-84
35
37
20
-51
91
-2
8
82
-47
66
166
-204
26
201
-266
92
49
-47
-19
21
35
-47
-16
8
-49
-49
87
-76
-13
64
-106
17
65
-91
69
-6
-42
-5
7
-11
-43
105
-7
-27
72
-27
10
67
-29
78
31
-106
195
-91
55
75
-221
216
-92
-80
32
-66
-22
-9
-130
59
5
-58
43
-37
-30
-130
33
-10
-132
71
43
-73
1
119
-9
-164
145
-89
-3
43
-26
25
63
-21
-89
168
-91
7
59
-107
73
31
-139
112
65
-250
-19
83
-81
-46
53
19
-94
119
-83
1
14
-141
23
-33
93
-22
72
193
-49
11
94
43
-24
32
14
131
-108
41
172
-87
7
-103
20
-18
15
-83
75
-33
-90
58
-169
134
-85
-104
192
-11
-125
228
65
-145
165
-40
-73
73
99
-167
140
76
-148
125
26
35
-35
61
-16
-39
77
-37
-75
18
-23
-60
-27
64
20
-41
85
-83
-58
23
-47
-60
111
-137
133
10
-12
76
39
-69
-28
80
1
-36
52
48
-269
257
-117
-215
236
-130
-149
110
-24
-85
66
41
-69
-118
116
7
-99
133
-5
4
2
69
92
-111
131
-25
0
5
51
-62
34
-18
1
-16
-50
164
-180
101
-59
-115
8
-43
-37
36
-21
-60
159
-176
96
26
-162
122
-49
-98
244
-96
-59
214
-215
123
-48
-148
69
-3
-111
41
-4
-24
-21
7
-94
25
30
-160
150
9
-88
47
21
-16
-17
-34
45
48
-29
33
16
15
7
-19
-87
74
-27
-63
102
-31
-8
66
30
-69
130
-42
51
2
-49
122
-7
-75
82
-44
-26
32
-58
125
-129
73
109
-228
213
-5
-129
180
-120
3
134
-40
-9
113
61
-82
81
65
-89
45
52
-51
-57
47
97
-197
149
-7
-114
176
-118
79
-125
77
62
-193
170
59
-232
388
-185
-116
328
-314
131
-93
-20
67
-148
73
-8
-219
270
-232
-40
205
-315
268
-78
-163
289
-175
-11
126
-212
232
-197
130
4
-198
265
-161
-42
153
-174
-33
199
-249
71
61
20
-29
53
39
-18
9
-3
42
-134
200
-143
29
160
-229
173
14
-118
117
-108
42
10
-94
152
-183
153
58
-270
296
-87
-121
162
-194
68
108
-195
170
-217
64
43
-273
187
-77
-133
153
-157
-83
207
-291
180
-60
-122
253
-292
233
-20
-141
184
-97
54
127
-264
226
25
-225
227
-295
240
-158
-61
192
-184
130
-89
7
95
-111
177
-11
-49
192
-135
37
81
-49
17
71
35
-41
108
110
-159
248
-179
67
-15
-45
159
-263
280
-145
-95
289
-275
101
76
-219
233
-169
100
85
-132
196
-131
92
50
-232
282
-132
24
36
-3
83
-192
171
-91
34
11
-36
42
-164
63
26
-159
83
-21
-49
29
-51
101
-312
222
7
-259
293
-110
6
163
-166
40
-17
18
21
-176
296
-77
-191
249
-119
-93
20
-3
25
-175
115
-70
32
-10
-118
111
26
-154
114
50
20
-22
59
68
-5
113
-100
170
-45
24
10
49
92
-184
188
-54
-120
4
53
-154
31
6
-51
-57
192
-118
-243
270
-254
65
-18
-2
-18
-65
129
-114
-78
249
-178
-43
246
-176
-37
206
-231
44
-74
131
-157
43
104
-87
40
-108
146
-193
20
71
-137
40
86
-96
152
-98
12
100
-126
68
58
-39
1
75
84
-155
241
-136
115
0
-14
169
-193
380
-361
194
112
-213
122
-92
132
-114
34
233
-304
87
141
-330
264
-187
146
-114
-122
363
-368
237
49
-77
-21
15
140
-251
243
-71
-208
290
-147
-31
78
30
-17
-380
455
-342
-267
504
-449
125
67
-127
110
-227
202
-191
-45
393
-466
414
28
-251
324
-190
89
-48
-137
275
-322
257
-6
-124
135
-147
109
-237
164
-45
-149
143
-77
47
-12
-121
353
-445
396
-161
-99
449
-445
455
-153
-47
257
-344
446
-331
19
392
-521
490
-249
51
114
-365
499
-544
204
90
-225
294
-299
294
-262
71
84
-343
335
-158
-102
294
-344
396
-345
163
142
-531
666
-593
326
-50
-94
172
-376
425
-288
-130
373
-361
168
-3
-190
349
-453
329
-250
-54
211
-446
399
-221
57
69
-146
177
-186
183
2
-49
209
-155
171
45
-143
367
-232
15
154
-73
66
-62
145
-121
3
50
-140
27
93
-187
96
62
-147
109
-58
87
-26
22
133
-174
140
28
-101
48
75
-71
17
-51
73
-97
3
117
-115
-56
13
133
-210
141
-99
-22
46
-86
-27
154
-66
-22
26
-111
-3
-82
149
-162
196
-139
205
-8
-96
155
-154
7
-35
7
23
9
-13
104
-132
12
-52
-138
124
-96
49
-17
20
-46
59
-155
18
36
-86
57
-7
133
-118
115
36
-189
234
-156
8
289
-154
166
116
-117
-22
80
-107
58
-79
31
117
-231
215
-153
-2
-45
-110
75
-106
101
123
-137
137
-81
22
44
-132
215
-113
137
60
-169
223
-206
-8
-6
-159
184
-201
244
-101
6
113
-271
111
-170
57
-61
38
149
-67
91
-57
-39
70
-156
83
0
129
-19
-95
304
-353
116
59
-200
219
-179
328
-213
142
211
-418
337
-120
-182
215
-76
63
-180
261
-163
-193
399
-466
232
-82
106
-50
-65
368
-435
31
285
-475
290
-42
-41
181
-139
308
-322
321
-107
-273
383
-403
128
147
-267
317
-283
195
-62
-86
223
-279
243
-101
-194
295
-229
-19
82
-98
36
-106
235
-196
19
240
-357
237
-96
-26
87
-184
271
-175
-44
312
-329
190
31
-176
256
-275
127
-58
-207
258
-295
103
122
-289
174
0
34
-69
0
288
-396
236
112
-264
226
-103
35
-59
-3
65
-24
88
-69
45
-92
80
-37
-182
251
-185
-62
132
-62
-27
63
-33
192
-323
289
-24
-215
410
-257
155
-109
262
-134
-88
271
-149
-76
184
-72
-92
187
-134
10
30
-23
34
-46
93
-36
-114
187
-7
-231
191
-39
-208
215
-102
145
-214
218
-74
-147
247
-229
134
42
-52
-75
134
-67
-89
109
-23
-1
-8
205
-137
50
35
-72
-38
39
-80
-120
194
-76
51
-4
141
-186
62
-10
-92
94
-17
-33
-49
151
-168
46
137
-150
-26
87
-201
323
-231
98
169
-380
246
-95
-125
171
-232
244
-82
-104
269
-274
132
-62
-158
152
-249
197
-63
48
176
-291
378
-118
-165
272
-247
156
-10
39
-117
47
50
-208
194
-136
-16
129
-138
110
98
-80
76
-101
54
-297
32
134
-106
107
-84
243
-164
119
-8
-118
61
-298
144
52
-52
28
-5
174
-174
-74
245
-297
225
-167
147
-68
3
310
-361
225
-189
-102
165
-150
102
-44
-2
153
-307
452
-281
-96
242
-347
185
-73
134
-65
69
115
-147
-20
181
1
-25
2
163
-87
44
7
-182
242
-201
141
-103
188
-57
-91
228
-218
102
-57
97
-77
55
196
-47
-185
218
-52
68
-244
273
-30
-117
190
-382
393
-270
28
-3
-83
157
-75
-21
107
-103
20
21
8
-41
-88
136
-264
345
-162
-6
34
-42
96
-421
422
-375
203
7
-131
275
-145
109
-148
-24
60
-364
281
268
-349
324
-205
229
-423
132
-128
-206
538
-397
319
4
-21
160
-294
253
-337
-104
362
-561
556
-169
-82
368
-355
253
-292
243
-70
-268
351
-480
195
14
27
92
-134
204
-270
134
14
-178
355
-254
137
89
-261
277
-187
-107
203
-253
86
-56
87
53
-146
202
-3
-146
29
137
-257
265
-175
-125
376
-459
366
-213
177
23
-231
246
-160
37
54
-199
133
99
-215
269
-227
151
-41
51
75
12
124
-97
-19
90
-24
-69
127
25
-248
312
-16
-361
314
-11
-324
141
369
-311
50
294
-297
70
2
206
-385
288
174
-506
585
-69
-240
279
-173
18
-268
208
327
-834
867
-512
-120
618
-756
559
-199
-226
412
-561
414
-151
-120
283
-439
565
-496
171
297
-448
367
-213
-24
-15
7
19
-227
256
-5
-104
358
-315
45
110
-63
-20
-221
450
-316
92
138
-238
254
-237
-210
325
-238
62
179
-159
227
-34
-215
97
44
-152
40
-128
357
-220
169
159
-229
64
-82
-168
41
-40
-117
313
-267
326
-143
78
36
-274
137
-385
347
2
-187
430
56
-259
145
-50
-183
-19
125
-271
124
447
-684
494
-75
-369
212
-357
360
-455
554
-144
-160
463
-597
281
31
-486
393
-140
80
187
-72
137
-42
28
-162
-20
76
-4
-110
126
250
-251
219
293
-554
404
-196
-130
219
-63
-75
-62
270
-188
-86
257
-57
-328
371
-356
54
237
-290
299
-129
235
-86
-81
354
-417
190
89
-220
316
-321
293
-68
-87
314
-627
574
-406
-54
394
-516
591
-410
232
-26
-264
515
-796
681
-259
-471
799
-522
364
-222
37
423
-820
831
-518
-184
611
-860
628
-192
27
173
-189
281
-382
65
85
-373
408
-223
-110
257
32
-15
-103
48
49
-418
355
-188
143
72
69
156
-213
209
-307
232
-207
-54
55
-7
129
202
-72
-80
242
-612
437
-127
-177
90
44
217
-171
242
-93
-13
-183
217
-405
-17
559
-684
529
91
-463
364
-276
48
-177
-108
314
-386
402
201
-720
906
-521
-113
292
-464
606
-662
843
-104
-449
629
-460
260
-272
11
-22
-303
659
-687
288
360
-657
685
-862
350
150
-609
794
-896
914
-546
-318
1277
-1418
1138
-513
-43
601
-1004
1160
-948
460
461
-1117
1064
-435
-207
518
-527
602
-879
657
-210
-551
1040
-1162
807
-199
127
-81
29
452
-759
589
-202
-200
257
21
-135
480
-286
-45
245
-287
187
-534
396
-2
-116
366
-391
294
10
-524
359
-205
-386
700
-658
790
-102
-264
723
-1131
763
-964
657
-146
-100
768
-855
1037
-649
445
-559
-171
187
-823
920
-17
-247
798
-361
-428
428
-674
128
-95
232
-178
55
643
-536
406
-349
-82
-56
-309
445
-100
327
-271
500
-550
248
16
-387
549
-340
334
-547
860
-227
-287
779
-651
-1
-81
59
-175
-7
99
-139
-122
758
-605
6
658
-895
178
-225
171
-324
441
-141
-107
703
-527
447
35
-73
-90
-144
119
110
-113
159
21
-464
548
-294
47
101
-127
-199
146
-28
-548
579
-374
11
-228
-13
305
-231
370
272
-590
682
31
-653
508
-104
-16
-376
742
-387
-257
907
-1194
753
-558
342
-146
-455
1322
-1894
1094
170
-1387
1072
-238
-65
171
1
487
-849
944
-480
-648
1557
-1622
1219
-126
-373
949
-981
694
-602
147
179
-656
1203
-841
138
785
-926
534
-409
-133
317
-406
-102
463
-410
462
-400
211
120
-463
648
-976
1208
-450
-316
1030
-635
198
93
-395
425
-607
174
264
-947
1188
-871
306
267
-309
345
-868
914
-1076
448
255
-808
905
-391
38
260
-3
243
-359
56
30
-512
665
-52
-279
284
17
-210
-23
112
103
187
254
-133
-623
842
-295
-1053
972
-496
-338
758
-363
295
-83
403
-684
-125
823
-1537
1170
-78
-457
676
-538
472
-442
357
338
-659
897
-628
-257
956
-944
470
-151
189
-310
-3
950
-1112
618
-143
-819
452
-88
373
0
326
274
-899
520
-184
-715
126
90
-41
-39
739
-95
100
408
-608
115
-447
382
-113
-411
1143
-843
244
188
-480
138
-639
597
-293
-29
1013
-583
474
-62
-575
22
-731
679
-627
258
797
-669
603
-230
296
-596
-126
258
-871
512
593
-402
663
108
-473
232
-352
188
-145
-61
133
127
-49
-81
444
-187
-445
1
102
-323
545
-176
-117
38
-170
231
-719
925
-43
-1049
1143
-610
-274
695
-68
92
-311
767
-590
-121
712
-1162
603
-646
-188
890
-516
1225
-66
-333
345
-954
233
-591
345
-42
-381
1194
-902
630
320
-874
293
-510
-78
222
487
365
-253
130
-246
-418
175
-237
-11
138
236
45
92
409
-22
-749
-68
206
-451
441
503
38
-112
52
-70
-393
339
81
-694
688
-253
-79
391
-280
271
-1347
896
-334
-597
1409
-836
479
-91
-243
-52
-170
963
-467
314
387
-483
500
-667
201
490
-1054
671
-35
550
-10
-269
434
-1172
197
-638
73
1105
-672
405
462
-387
21
-139
36
-672
-15
-8
-61
667
-75
347
-305
210
-181
26
549
-478
321
171
-589
247
307
-533
-242
346
-200
-775
815
74
-350
445
-207
-87
-223
-127
-126
-23
0
-190
12
335
246
-23
82
308
-305
-628
526
143
-191
278
5
-206
-100
-82
149
-77
484
-612
-333
830
-183
48
275
198
-825
155
346
-619
551
54
-942
604
20
-255
285
97
153
-566
368
-354
151
490
-623
406
-201
351
40
-296
513
-613
-13
126
-308
526
-273
147
27
-423
194
-349
419
52
189
102
9
436
-395
-54
218
-485
-469
39
247
-328
309
320
-352
201
-396
15
583
32
-262
-48
138
-349
167
510
100
306
2
-140
-48
243
147
-909
-146
-136
-416
442
60
445
-362
-135
46
-175
401
-215
77
102
-298
-503
344
608
-369
273
424
-282
223
277
-224
-29
-57
-447
-246
193
-231
435
183
-470
223
-228
314
82
101
36
-303
274
-545
348
162
-104
975
-606
-119
563
-160
225
-328
161
-306
-702
104
-272
511
-92
-180
205
-568
118
16
194
191
-657
168
263
151
517
40
-157
-230
-255
-271
65
286
57
-220
90
-292
-286
98
-526
-28
-19
-67
519
419
406
-58
52
-104
-751
474
-125
-257
541
-285
266
235
62
-40
-187
549
-468
73
464
-265
106
-333
230
24
-242
449
-68
183
-39
-402
417
-458
-334
-115
-378
102
-230
-41
-44
141
84
12
242
-145
467
139
-170
461
113
-495
53
174
-125
153
50
-156
249
-38
-244
113
-222
-77
-445
-29
88
-10
231
-286
-12
-368
27
194
-267
567
-5
-479
452
145
-28
128
47
-168
-127
643
-8
430
282
-488
91
-298
-47
243
-46
112
53
1
128
-145
30
57
-308
-278
86
367
172
124
89
-181
-256
-122
-41
130
132
449
239
-71
158
113
-122
-285
-213
148
-233
-136
317
-88
113
-479
-338
-242
-370
-113
-321
21
-129
-311
-322
-192
-24
-212
-468
40
-122
-214
206
72
305
2
-173
-51
231
110
-350
321
180
-234
32
291
354
341
-1
175
613
95
501
816
516
418
456
376
350
660
483
419
402
279
168
219
322
18
-364
-285
80
-373
-192
-117
-280
-376
-830
-587
-293
-465
-754
-388
-223
-664
-424
-167
-498
-81
-526
-758
-1
-498
-501
70
14
-648
-169
142
-929
-152
-53
-743
-58
-267
-748
-350
-117
-369
-451
-94
-270
-626
-229
160
291
227
622
599
633
1268
867
855
1580
1155
786
1723
1927
1367
1771
1795
1417
1333
1153
1000
909
716
270
385
376
33
-288
-759
-810
-1125
-1459
-1115
-1024
-969
-1014
-942
-959
-1052
-724
-1289
-1203
-380
-539
-545
-80
-144
-465
-445
-495
-725
-244
-274
-602
-167
-334
-837
-874
-942
-1363
-1337
-1028
-1131
-987
-432
-804
-1287
-820
-561
-1239
-873
139
403
638
1332
1402
994
1369
1119
974
1847
2257
2097
2504
3094
2750
2260
2382
2073
1347
1368
1628
1574
1752
1744
893
315
120
-761
-1096
-691
-870
-1202
-773
-606
-1101
-1075
-1246
-1725
-1479
-1251
-1231
-409
123
-601
-502
55
-617
-913
-430
-338
-529
-415
-313
-464
-421
-917
-1821
-1350
-1134
-1935
-1779
-1180
-1597
-2230
-1821
-1709
-1788
-1565
-1748
-1585
-787
-878
-1073
67
964
482
481
1578
1655
1343
1716
2206
2432
2565
2677
2932
3551
3370
2517
2578
2796
1906
1350
1987
1981
1117
861
910
450
53
-87
-354
-244
-314
-901
-631
-185
-690
-1129
-848
-772
-1139
-933
-326
21
-167
-370
54
-22
-451
-511
-440
-273
-543
-727
-319
-415
-946
-1356
-1432
-1497
-1899
-2090
-1956
-1711
-2046
-2477
-2046
-2127
-2719
-2494
-2079
-2025
-1982
-1557
-1239
-1179
-1100
-787
57
919
1135
1341
1831
2048
1844
1845
2565
2956
2823
3080
3602
3827
3536
3171
2860
2413
1909
1603
1905
2097
1477
839
631
244
-298
-351
24
-39
-338
-397
-463
-382
-623
-887
-787
-643
-603
-428
95
214
-185
-394
-424
-544
-501
-419
-345
-360
-565
-734
-816
-1166
-1624
-1840
-1973
-1991
-2010
-2056
-2085
-2273
-2621
-2642
-2571
-2675
-2713
-2726
-2534
-2193
-2120
-1780
-1428
-1458
-1261
-676
108
934
1627
1981
2028
2009
2139
2543
3061
3323
3581
3791
4001
4212
3987
3707
3285
2434
1965
2041
2125
2089
1869
1286
507
-82
-466
-456
-207
-248
-394
-484
-657
-872
-1026
-911
-840
-804
-513
-209
-95
-77
-196
-449
-486
-398
-383
-169
7
-222
-454
-730
-1159
-1423
-1507
-1689
-1896
-2024
-2116
-2294
-2712
-2843
-2798
-2966
-2997
-2860
-2876
-2970
-2885
-2701
-2463
-2124
-1821
-1425
-841
-421
149
1006
1839
2249
2172
2211
2665
3062
3386
3881
4367
4419
4190
4137
4123
4044
3629
2960
2437
2149
1995
1878
1697
1166
211
-515
-675
-524
-352
-245
-403
-894
-1357
-1400
-1149
-901
-847
-736
-482
-342
-157
6
-60
-325
-576
-503
-56
304
249
-50
-485
-989
-1360
-1414
-1339
-1462
-1888
-2253
-2361
-2561
-2840
-3017
-3140
-3184
-3147
-3112
-2994
-2979
-3132
-3187
-2998
-2598
-2026
-1418
-886
-291
295
1001
1835
2120
2029
2335
2882
3402
3961
4453
4688
4678
4497
4268
4311
4279
3747
3103
2761
2667
2467
2169
1752
903
-64
-599
-611
-335
-157
-344
-796
-1208
-1511
-1608
-1345
-1122
-1053
-891
-627
-305
-151
-167
-299
-462
-434
-136
252
459
396
24
-462
-725
-873
-1046
-1165
-1494
-1939
-2189
-2372
-2694
-3055
-3226
-3310
-3330
-3339
-3402
-3534
-3681
-3622
-3497
-3273
-2679
-2049
-1594
-1040
-395
288
1208
1798
1858
2180
2883
3564
4116
4528
4829
5071
5079
4954
5051
5035
4511
3819
3251
2976
2791
2336
1790
1227
436
-278
-507
-437
-502
-822
-1276
-1528
-1651
-1795
-1720
-1533
-1486
-1360
-938
-481
-186
-157
-222
-227
-97
155
544
830
741
424
27
-215
-406
-723
-955
-1152
-1629
-2092
-2290
-2519
-2986
-3486
-3652
-3630
-3596
-3710
-3902
-3966
-3988
-3997
-3846
-3429
-2915
-2359
-1647
-881
-243
485
1356
1853
1969
2346
3142
3970
4437
4681
5062
5484
5481
5145
5080
5033
4448
3713
3425
3385
2929
2115
1482
1023
321
-375
-575
-451
-654
-1256
-1596
-1477
-1468
-1776
-1754
-1369
-1222
-1150
-691
-92
106
-57
-39
206
502
644
743
908
716
268
31
44
-111
-548
-971
-1328
-1866
-2351
-2450
-2547
-3049
-3638
-3852
-3892
-3969
-4081
-4153
-4198
-4240
-4219
-3974
-3521
-3038
-2508
-1789
-1094
-558
344
1445
1852
1744
2142
3043
3813
4303
4821
5486
5804
5388
4987
5195
5210
4516
3870
3792
3668
2932
2092
1711
1263
286
-436
-290
-72
-517
-1213
-1526
-1511
-1694
-1835
-1387
-848
-930
-1071
-592
-78
-17
12
291
546
603
688
905
924
560
184
115
142
-132
-559
-882
-1442
-2265
-2674
-2558
-2760
-3424
-3792
-3757
-3861
-4275
-4485
-4348
-4419
-4672
-4485
-3862
-3541
-3610
-3226
-2166
-1207
-607
357
1449
1582
1173
1686
3124
4175
4385
4762
5575
5783
5244
5052
5574
5482
4429
3850
4236
4328
3207
2025
1645
1179
234
-141
396
493
-567
-1613
-1639
-1353
-1565
-1659
-1148
-794
-1047
-1087
-426
126
-26
-190
252
805
920
917
1015
763
189
61
464
575
78
-517
-975
-1578
-2250
-2395
-2280
-2734
-3563
-3877
-3677
-3842
-4432
-4776
-4762
-4843
-4902
-4336
-3636
-3849
-4458
-4098
-2725
-1331
-292
797
1468
1054
505
1352
3270
4493
4661
4939
5614
5813
5494
5638
6090
5581
4365
4012
4674
4878
3796
2350
1523
887
187
256
923
683
-775
-2009
-2083
-1695
-1634
-1621
-1263
-1105
-1339
-1213
-571
-147
-272
-298
232
931
1285
1244
992
521
136
386
979
1078
493
-237
-808
-1411
-1914
-2022
-2098
-2717
-3521
-3729
-3590
-3949
-4704
-5089
-5055
-5109
-5060
-4517
-4081
-4526
-5221
-4758
-3111
-1532
-576
339
1070
842
384
1227
3117
4421
4713
5071
5841
6183
5849
5714
6088
5930
5071
4691
5092
5134
3975
2487
1677
1232
650
396
654
367
-895
-2076
-2289
-1976
-1954
-2028
-1737
-1450
-1491
-1430
-996
-658
-659
-482
267
1140
1473
1330
1075
751
551
853
1491
1657
999
128
-426
-849
-1342
-1629
-1830
-2373
-3105
-3512
-3616
-4030
-4859
-5403
-5308
-5028
-4961
-4817
-4585
-4861
-5522
-5387
-3895
-2120
-1002
-239
522
788
489
794
2292
3971
4796
5123
5671
6151
5996
5656
5850
6184
5845
5186
5016
5048
4443
3182
2084
1511
1015
540
459
403
-378
-1652
-2381
-2301
-2000
-1864
-1694
-1442
-1467
-1677
-1512
-899
-428
-236
183
896
1417
1437
1191
998
930
1050
1421
1742
1471
608
-266
-790
-1123
-1428
-1671
-2053
-2754
-3460
-3879
-4175
-4646
-5184
-5399
-5217
-4994
-4892
-4800
-4881
-5189
-5311
-4625
-3221
-1784
-736
104
771
846
675
1298
2807
4270
5049
5444
5754
5767
5459
5356
5808
6204
5831
5019
4524
4278
3751
2883
2061
1407
801
332
232
151
-524
-1588
-2221
-2093
-1660
-1357
-1183
-1120
-1272
-1439
-1135
-384
252
516
669
920
1163
1262
1172
1032
977
1029
1153
1137
726
-55
-825
-1289
-1509
-1658
-1899
-2400
-3166
-3880
-4277
-4460
-4667
-4895
-4951
-4846
-4769
-4700
-4641
-4716
-4879
-4646
-3706
-2434
-1425
-834
-190
697
1228
1297
1739
2909
4021
4509
4749
5154
5504
5311
4969
5229
5769
5632
4797
4082
3806
3557
2999
2381
1870
1220
405
-44
19
-105
-783
-1480
-1613
-1375
-1188
-1044
-854
-791
-956
-908
-328
349
635
624
648
785
937
1061
1125
1025
761
490
381
236
-189
-737
-1207
-1609
-1974
-2213
-2467
-2965
-3624
-4120
-4330
-4492
-4723
-4800
-4646
-4537
-4587
-4580
-4392
-4207
-4087
-3728
-2906
-1870
-1072
-473
301
1169
1617
1718
2204
3184
4112
4563
4727
4940
5151
5098
4971
5208
5490
5156
4284
3614
3454
3341
2808
2031
1417
895
283
-92
-95
-207
-756
-1335
-1378
-957
-644
-637
-645
-578
-522
-307
168
638
817
719
651
814
1081
1154
905
514
162
-27
-133
-346
-747
-1281
-1790
-2222
-2556
-2784
-3034
-3459
-4003
-4381
-4496
-4591
-4727
-4734
-4540
-4320
-4219
-4144
-3993
-3704
-3301
-2758
-2042
-1342
-782
-192
751
1857
2444
2335
2181
2653
3587
4378
4862
5130
5044
4489
4020
4409
5274
5366
4338
3204
2742
2679
2593
2427
2087
1309
238
-353
-49
432
200
-434
-636
-426
-239
-119
102
171
-82
-250
116
778
984
639
294
373
637
623
337
-101
-665
-1168
-1339
-1174
-1153
-1646
-2459
-3136
-3310
-3132
-3076
-3430
-3973
-4343
-4517
-4472
-4170
-3826
-3722
-3813
-3792
-3528
-3129
-2679
-2223
-1787
-1456
-1231
-780
2
725
1360
2152
2675
2416
1892
2041
2980
3966
4378
4307
4051
3591
3126
3314
4145
4568
3929
2829
2186
2160
2348
2399
2228
1719
851
269
540
1241
1456
993
508
418
523
632
819
952
711
324
259
532
738
527
3
-397
-480
-586
-945
-1357
-1724
-2139
-2441
-2403
-2250
-2493
-3209
-3874
-3965
-3642
-3452
-3535
-3695
-3862
-4055
-4030
-3545
-2949
-2732
-2835
-2763
-2328
-1842
-1533
-1237
-821
-566
-613
-525
175
1071
1410
1466
1804
2002
1625
1331
1920
2994
3528
3250
2842
2746
2682
2681
3257
4059
4033
3055
2200
2276
2878
3195
2948
2462
2009
1692
1692
2173
2720
2579
1755
1096
1092
1373
1457
1257
907
482
99
-67
-42
-148
-704
-1517
-1979
-1847
-1702
-2101
-2783
-3184
-3281
-3362
-3392
-3282
-3316
-3798
-4326
-4115
-3302
-2874
-3151
-3447
-3337
-3136
-2951
-2458
-1780
-1518
-1694
-1649
-1097
-523
-385
-503
-471
-219
12
149
294
387
347
313
639
1310
1701
1374
862
941
1556
2094
2287
2306
2284
2148
2128
2678
3540
3917
3486
2840
2742
3240
3810
4049
3984
3670
3106
2690
2866
3351
3357
2676
1966
1649
1437
1015
605
370
-20
-685
-1274
-1563
-1864
-2413
-2940
-3089
-2982
-3071
-3471
-3927
-4233
-4339
-4206
-3817
-3415
-3398
-3716
-3843
-3470
-2862
-2429
-2235
-2119
-1984
-1796
-1470
-1014
-678
-625
-671
-518
-193
15
15
-95
-218
-260
-121
152
259
35
-266
-320
-87
280
700
992
939
677
693
1230
1937
2304
2316
2381
2661
2986
3346
3827
4226
4269
4109
4132
4391
4613
4583
4288
3873
3537
3355
3215
2915
2394
1737
1119
639
276
-66
-559
-1224
-1870
-2283
-2563
-2910
-3307
-3578
-3759
-3955
-4065
-4023
-4048
-4237
-4274
-3935
-3442
-3162
-3129
-3134
-3016
-2752
-2281
-1627
-1099
-999
-1192
-1253
-965
-489
-72
166
161
-28
-225
-250
-109
117
296
331
190
-79
-297
-334
-196
7
203
342
320
175
69
213
695
1338
1768
1766
1553
1539
1906
2515
3080
3440
3508
3310
3123
3232
3673
4084
4109
3748
3279
2928
2768
2754
2657
2198
1445
762
406
307
163
-226
-881
-1611
-2194
-2444
-2395
-2339
-2548
-3035
-3511
-3740
-3643
-3327
-3029
-2932
-3011
-3065
-2917
-2563
-2137
-1791
-1572
-1421
-1311
-1205
-1026
-714
-369
-140
-61
-84
-144
-206
-191
-31
198
298
166
-69
-231
-265
-142
103
297
269
67
-80
-23
244
596
873
1020
1023
979
1007
1205
1538
1800
1904
1932
1938
1923
1931
2001
2055
2017
1889
1761
1655
1535
1390
1264
1183
1076
931
786
615
367
107
-100
-237
-321
-407
-546
-753
-957
-1093
-1151
-1158
-1160
-1199
-1301
-1427
-1497
-1506
-1457
-1361
-1258
-1190
-1198
-1271
-1302
-1182
-963
-753
-605
-577
-661
-764
-771
-600
-344
-163
-172
-324
-482
-545
-445
-214
28
98
1
-96
-85
10
180
419
654
795
855
922
1011
1095
1163
1287
1460
1579
1574
1455
1302
1162
1077
1051
1038
956
733
420
140
-35
-115
-198
-353
-557
-772
-962
-1091
-1137
-1138
-1137
-1162
-1208
-1201
-1142
-1070
-1002
-922
-769
-571
-404
-324
-295
-250
-157
9
220
400
443
345
226
192
266
388
477
444
320
191
127
181
291
366
346
266
217
222
254
283
327
376
417
464
498
517
534
577
693
853
979
1007
936
841
805
858
991
1103
1102
964
758
574
464
426
388
293
89
-176
-448
-677
-824
-912
-988
-1108
-1294
-1526
-1736
-1862
-1900
-1869
-1834
-1842
-1892
-1938
-1927
-1847
-1693
-1507
-1364
-1292
-1253
-1168
-1006
-808
-628
-470
-335
-225
-118
27
205
362
464
549
653
755
854
943
1024
1086
1126
1176
1233
1286
1315
1333
1356
1378
1396
1403
1398
1385
1390
1439
1507
1560
1562
1511
1451
1412
1430
1493
1535
1510
1423
1311
1215
1140
1064
966
834
671
493
332
163
-38
-271
-501
-718
-914
-1098
-1295
-1512
-1764
-2003
-2178
-2275
-2320
-2377
-2471
-2572
-2641
-2651
-2592
-2500
-2417
-2366
-2327
-2266
-2163
-2035
-1877
-1697
-1521
-1357
-1206
-1035
-844
-662
-476
-251
1
234
425
566
694
849
1042
1264
1462
1594
1654
1700
1776
1888
2014
2112
2156
2145
2115
2110
2126
2136
2116
2053
1955
1846
1744
1654
1558
1448
1335
1232
1123
972
809
668
554
458
370
281
167
21
-132
-242
-292
-337
-394
-480
-589
-709
-817
-888
-929
-968
-1033
-1110
-1193
-1284
-1361
-1416
-1446
-1473
-1512
-1574
-1651
-1728
-1790
-1803
-1773
-1741
-1733
-1758
-1794
-1806
-1767
-1664
-1525
-1381
-1259
-1152
-1043
-910
-718
-477
-219
12
204
386
568
773
1011
1273
1521
1709
1844
1953
2058
2156
2256
2339
2383
2371
2299
2197
2089
2000
1907
1805
1680
1516
1317
1099
888
699
543
399
259
110
-58
-227
-374
-494
-577
-636
-695
-756
-819
-874
-905
-908
-881
-842
-816
-815
-823
-828
-816
-791
-762
-743
-751
-788
-835
-869
-896
-925
-956
-981
-1011
-1053
-1106
-1163
-1203
-1225
-1208
-1162
-1100
-1044
-1000
-944
-855
-718
-545
-354
-174
-11
148
328
544
777
1001
1201
1360
1491
1617
1747
1867
1954
2008
2016
1986
1933
1863
1795
1703
1579
1433
1279
1109
912
707
507
327
154
-8
-155
-309
-469
-627
-749
-830
-877
-911
-946
-985
-1024
-1036
-999
-916
-823
-754
-706
-658
-599
-522
-434
-357
-313
-300
-298
-286
-271
-263
-274
-312
-376
-440
-497
-548
-612
-681
-739
-782
-812
-839
-862
-879
-877
-845
-772
-670
-560
-446
-329
-187
-11
182
381
572
748
914
1083
1250
1403
1530
1624
1695
1749
1784
1800
1781
1718
1631
1524
1399
1256
1087
901
705
498
306
141
-28
-216
-408
-585
-734
-853
-951
-1021
-1080
-1139
-1183
-1190
-1161
-1115
-1059
-992
-910
-821
-730
-629
-524
-422
-325
-240
-161
-98
-50
-5
34
58
67
57
18
-31
-82
-125
-155
-191
-246
-302
-362
-409
-439
-449
-444
-434
-412
-375
-327
-272
-207
-130
-35
81
208
333
449
538
616
701
802
903
990
1051
1074
1071
1061
1054
1047
1026
972
893
792
675
563
462
362
249
123
-11
-140
-257
-357
-439
-510
-582
-654
-714
-752
-764
-763
-741
-709
-677
-645
-600
-540
-473
-402
-334
-271
-215
-163
-114
-66
-21
11
35
44
42
33
27
22
10
-8
-35
-69
-100
-129
-144
-145
-142
-137
-136
-129
-113
-90
-53
-3
54
112
165
219
273
334
392
450
504
550
584
604
609
604
595
580
556
517
469
412
342
263
175
86
0
-81
-160
-237
-315
-396
-468
-527
-577
-613
-641
-662
-666
-660
-634
-599
-557
-514
-469
-403
-327
-244
-167
-105
-50
-1
63
129
184
221
238
242
245
256
272
278
266
233
195
162
136
120
102
80
52
22
-6
-22
-26
-22
-8
5
22
35
47
61
88
123
164
200
229
253
271
284
295
300
291
277
259
239
218
186
144
89
26
-33
-82
-110
-141
-185
-233
-287
-332
-364
-383
-392
-394
-397
-406
-403
-387
-365
-331
-295
-260
-223
-188
-143
-92
-38
11
54
89
121
153
177
201
224
241
256
260
258
253
244
233
228
224
219
208
196
181
165
163
167
167
165
158
155
159
165
169
166
163
159
160
163
164
163
153
134
109
84
56
26
-5
-34
-64
-98
-142
-195
-251
-302
-340
-371
-399
-434
-476
-515
-544
-558
-559
-556
-549
-541
-532
-513
-488
-456
-418
-379
-328
-270
-210
-152
-99
-48
4
58
109
158
200
230
251
272
292
311
329
342
355
364
367
366
363
364
362
367
371
371
365
363
363
376
393
406
420
425
424
421
418
420
428
433
430
420
398
370
340
307
270
229
178
121
57
-11
-85
-156
-230
-298
-365
-429
-492
-548
-599
-650
-694
-729
-754
-777
-792
-801
-799
-792
-780
-756
-724
-688
-648
-601
-542
-479
-417
-356
-296
-240
-185
-131
-71
-12
42
86
121
154
187
221
250
277
301
325
348
367
386
407
425
440
460
481
500
517
533
552
569
582
590
600
608
615
621
626
627
618
604
584
559
531
494
458
415
363
304
234
167
97
25
-41
-108
-181
-256
-334
-399
-455
-509
-559
-605
-640
-671
-692
-703
-710
-714
-716
-705
-683
-655
-622
-586
-549
-515
-474
-433
-388
-343
-304
-268
-237
-207
-172
-141
-113
-90
-74
-60
-46
-33
-20
-3
13
26
42
62
84
104
128
156
182
216
245
280
314
344
372
400
435
467
498
521
533
541
547
553
555
546
529
504
472
437
396
351
300
249
195
143
88
28
-30
-87
-139
-183
-222
-256
-288
-318
-342
-354
-360
-364
-364
-359
-347
-334
-311
-282
-250
-222
-196
-162
-129
-104
-82
-70
-56
-43
-33
-24
-21
-23
-32
-35
-35
-34
-32
-32
-35
-39
-43
-39
-30
-21
-14
-4
8
22
42
62
88
110
126
143
158
173
186
202
213
214
209
201
192
179
161
142
115
79
40
1
-38
-76
-116
-154
-193
-232
-268
-300
-325
-345
-364
-373
-374
-370
-360
-343
-317
-290
-257
-219
-174
-127
-79
-27
25
77
122
169
216
259
294
320
337
350
359
365
361
350
332
308
282
255
226
198
170
142
113
90
72
55
39
25
23
22
28
34
47
62
77
97
119
143
160
174
189
203
218
227
226
217
199
177
151
121
84
37
-17
-74
-130
-192
-252
-313
-374
-429
-482
-532
-577
-616
-647
-670
-680
-679
-670
-656
-635
-602
-558
-506
-450
-390
-323
-259
-194
-126
-57
10
72
129
182
231
269
301
331
355
374
384
388
386
379
372
361
349
331
309
288
271
258
247
236
225
214
209
209
216
226
236
244
252
260
269
278
286
294
300
300
297
287
275
258
237
213
184
148
106
60
11
-37
-87
-137
-188
-237
-287
-336
-378
-419
-454
-484
-508
-526
-538
-542
-542
-534
-518
-498
-467
-431
-391
-351
-309
-262
-214
-167
-121
-72
-28
12
48
82
110
139
161
179
190
197
201
205
207
201
193
183
175
168
161
156
149
143
137
130
131
138
147
158
165
172
180
190
198
212
224
230
235
236
234
227
221
211
198
182
159
130
97
61
22
-15
-51
-83
-118
-157
-194
-230
-264
-293
-314
-333
-345
-355
-363
-366
-365
-358
-344
-324
-301
-279
-257
-230
-200
-171
-138
-105
-74
-50
-30
-9
13
35
53
70
83
88
93
99
107
112
113
111
112
117
124
132
139
145
152
156
164
176
187
201
213
223
232
240
246
256
265
269
270
266
258
245
234
223
208
189
163
133
102
71
37
0
-35
-72
-111
-151
-184
-216
-246
-273
-299
-321
-343
-361
-370
-373
-375
-372
-366
-359
-347
-330
-311
-287
-262
-241
-218
-190
-163
-136
-111
-88
-66
-48
-30
-14
2
17
29
39
46
54
62
68
72
76
84
92
100
111
125
138
152
168
186
206
227
244
260
278
297
316
331
341
350
354
359
365
364
359
347
329
308
289
265
239
207
168
124
83
44
7
-28
-69
-110
-150
-188
-220
-248
-274
-298
-317
-332
-341
-351
-359
-362
-357
-351
-346
-340
-332
-322
-311
-294
-276
-259
-247
-238
-226
-211
-191
-175
-160
-149
-140
-130
-119
-104
-88
-74
-63
-50
-35
-16
2
22
47
70
93
117
139
164
188
213
240
264
286
305
318
335
352
365
373
379
379
377
374
366
355
342
326
304
283
260
231
199
169
137
106
76
45
11
-23
-56
-85
-112
-140
-164
-186
-206
-224
-241
-252
-262
-270
-277
-282
-285
-287
-287
-287
-286
-283
-278
-272
-264
-259
-254
-246
-240
-230
-218
-205
-193
-179
-167
-154
-139
-119
-97
-77
-56
-38
-18
5
32
58
84
113
140
164
186
209
230
254
272
289
304
315
322
327
333
336
335
331
321
308
292
276
259
244
221
196
171
148
124
101
76
52
28
4
-18
-41
-61
-80
-98
-115
-131
-146
-161
-173
-183
-193
-202
-209
-218
-227
-233
-244
-251
-253
-259
-266
-271
-275
-276
-279
-281
-280
-279
-276
-272
-263
-250
-237
-224
-206
-187
-165
-140
-113
-86
-56
-25
4
36
72
104
137
171
201
229
257
288
312
336
354
371
382
391
396
398
401
398
390
380
359
341
319
298
281
259
229
203
173
140
115
93
65
42
20
-9
-32
-50
-69
-85
-99
-118
-137
-154
-172
-188
-194
-205
-219
-232
-248
-263
-275
-289
-302
-311
-323
-333
-344
-361
-365
-374
-385
-381
-379
-377
-367
-355
-349
-326
-305
-287
-247
-219
-191
-141
-107
-71
-14
26
64
115
163
198
246
297
331
379
415
436
462
473
480
497
499
505
504
477
456
436
405
383
364
328
292
266
219
181
161
122
95
80
41
16
-3
-28
-35
-40
-53
-59
-63
-77
-88
-94
-96
-92
-96
-106
-123
-151
-176
-192
-213
-227
-245
-273
-298
-325
-358
-383
-401
-417
-438
-452
-473
-487
-484
-478
-456
-434
-416
-388
-362
-329
-285
-243
-185
-130
-78
-18
43
98
157
220
266
317
362
379
421
464
467
501
516
490
495
476
439
426
405
359
334
303
248
208
177
136
106
85
43
24
-8
-34
-28
-43
-48
-29
-37
-32
-9
-16
-16
10
18
8
38
32
13
40
30
8
7
-26
-52
-63
-100
-126
-138
-173
-208
-217
-249
-285
-296
-320
-336
-340
-339
-341
-324
-302
-288
-273
-251
-223
-193
-144
-88
-34
14
63
110
146
185
235
268
301
334
350
363
365
368
347
333
311
267
250
222
176
140
95
44
-3
-48
-94
-131
-166
-206
-224
-233
-245
-253
-253
-254
-259
-253
-243
-220
-187
-168
-124
-110
-114
-69
-63
-52
1
1
-4
24
19
10
37
45
25
25
17
-10
-16
-1
0
-7
0
-18
-25
-11
-9
3
20
46
59
74
108
111
133
198
208
247
287
279
319
350
345
386
410
383
393
393
359
348
342
298
281
250
169
136
97
22
-17
-61
-143
-181
-214
-291
-317
-346
-390
-400
-426
-450
-469
-498
-501
-485
-465
-455
-446
-424
-425
-402
-355
-337
-304
-274
-271
-248
-218
-200
-168
-139
-119
-107
-60
-43
-46
16
7
-2
75
70
112
167
175
202
191
222
199
320
401
155
355
411
145
540
712
425
568
738
336
349
574
321
383
687
417
406
629
364
339
437
220
110
213
84
59
134
25
1
-40
-160
-241
-236
-277
-304
-279
-358
-455
-457
-475
-567
-527
-498
-574
-532
-478
-538
-465
-432
-498
-480
-433
-515
-481
-341
-395
-350
-212
-276
-296
-133
-216
-269
-121
-115
-134
15
60
-25
49
79
28
96
197
155
224
283
247
278
347
392
370
432
429
392
437
471
441
559
629
482
519
559
423
509
560
354
394
348
211
294
365
266
232
220
38
50
77
-39
-71
-87
-294
-330
-247
-315
-257
-215
-316
-383
-408
-491
-487
-393
-407
-504
-480
-478
-544
-442
-387
-397
-330
-331
-414
-399
-314
-356
-290
-200
-241
-236
-207
-194
-166
-34
-5
-70
7
13
-7
106
162
200
212
203
211
244
366
435
446
452
437
392
396
504
514
526
579
471
440
417
431
457
411
441
367
241
286
239
148
205
171
63
70
46
-94
-61
-35
-191
-189
-188
-279
-221
-179
-291
-344
-331
-501
-536
-384
-386
-420
-329
-447
-509
-445
-497
-418
-343
-424
-461
-357
-358
-403
-224
-251
-361
-210
-223
-173
-60
-189
-77
-42
-95
71
77
125
144
110
190
98
211
429
292
396
462
257
388
443
344
470
583
446
424
491
425
391
418
443
354
327
434
285
271
356
153
162
152
152
29
72
219
-143
-41
-26
-311
-59
-142
-262
-95
-315
-362
-325
-406
-254
-293
-387
-216
-396
-488
-435
-482
-448
-367
-315
-248
-405
-454
-377
-307
-272
-189
-184
-256
-323
-283
-187
-49
121
-81
-133
-24
-167
138
225
108
254
0
43
335
259
449
438
107
231
336
304
463
719
359
335
270
141
374
621
324
385
488
-94
273
317
171
418
283
-176
247
145
-187
391
-66
-51
164
-344
-185
76
-94
-106
-180
-275
-221
-417
-54
-167
-337
-137
-344
-669
-113
-164
-583
130
-303
-522
-235
-389
-331
-278
12
-485
-351
-12
-426
-166
-85
-203
-106
-174
-37
-146
51
-128
-101
228
-180
193
122
95
291
11
312
108
184
346
105
317
180
349
358
129
535
199
85
472
192
371
301
199
199
153
399
294
64
398
30
-125
207
305
-9
148
310
-445
16
100
-322
132
11
-265
-92
-306
-129
-173
-310
-163
-389
-259
-417
-125
-296
-330
-99
-639
-266
-107
-504
-117
148
-364
-166
-128
-312
-102
131
-176
-135
204
-187
-95
243
19
-24
136
-28
153
124
90
62
228
133
55
114
125
349
181
-68
328
200
-22
451
40
293
171
167
94
194
347
-35
256
166
155
92
58
29
221
-95
208
90
-21
280
-299
132
-47
-65
81
-86
10
30
-319
-211
6
-47
-241
-112
-230
-362
138
-471
-198
159
-597
30
-167
-491
181
-394
-156
-42
-307
25
-294
-15
40
-290
-104
82
-148
-10
192
-351
-13
381
-503
-30
417
-597
476
-71
-169
364
-218
123
-18
119
161
61
18
314
115
-59
306
93
81
442
-193
174
392
-153
262
372
-61
199
395
-182
356
333
-109
270
145
98
51
8
257
-108
183
114
-279
346
-34
-80
-1
-17
29
-486
415
-382
69
217
-587
355
-314
-174
-128
-70
-44
-233
-149
-177
-114
-109
-126
-124
-332
103
-234
-295
218
-131
-331
31
-247
-38
29
-98
-66
-48
-2
-349
191
-175
144
-98
-310
200
-90
-92
251
-30
-44
56
31
-133
473
-76
-52
301
-100
143
67
-1
177
75
79
63
28
323
5
35
258
-25
125
95
52
177
203
3
-3
360
-344
358
-200
331
23
-42
219
-297
345
39
-191
239
-27
-104
74
-60
188
-215
180
-245
-74
125
-335
105
-73
-77
-53
-287
-58
22
-243
-127
-56
-329
202
-385
69
-25
-222
75
-264
-184
86
-156
-44
134
-46
40
-323
91
-150
111
-96
39
225
-237
374
-252
6
411
-373
28
216
-122
179
156
-40
44
43
-87
-216
350
14
-69
175
-41
108
-120
31
201
-290
310
-157
-191
504
-140
15
239
-56
-1
7
53
21
286
111
-102
323
-88
55
40
-54
175
-72
97
50
-47
202
-90
-195
251
-179
-166
54
72
-117
-29
-3
-336
52
49
-405
195
1
-274
214
-332
141
144
-423
467
-408
282
-81
-152
225
-130
240
-188
165
157
-140
86
-109
21
103
-313
500
-480
286
88
-591
580
-464
85
-96
-112
206
-414
294
-245
-146
230
-308
-31
193
-120
4
-181
393
-431
215
206
-334
383
-13
-184
136
165
-186
70
171
-107
-15
181
-256
45
102
-128
-98
72
-67
-144
-17
-11
-73
-86
14
-67
5
132
-159
163
-34
74
29
10
258
57
-2
320
-88
176
161
41
263
18
367
-307
356
61
-28
213
-57
86
53
-129
194
-220
80
153
-437
294
-169
-45
-76
-153
89
-453
277
-242
-75
356
-502
103
-175
-36
-143
32
-52
-54
33
-122
-170
105
-138
-147
7
-52
104
-232
228
-60
-137
-21
-91
-158
114
-36
-132
14
101
-122
-36
39
36
-120
-86
37
-248
99
124
-155
148
141
-143
21
182
-42
44
162
-8
259
27
229
-84
397
-135
200
89
74
300
-23
235
5
168
-23
82
102
-18
103
-28
24
63
22
-93
172
-100
45
-93
-98
22
-163
161
-229
210
-177
19
-135
55
-186
2
22
-207
141
-211
-6
-115
-108
-86
-128
-96
23
-185
-36
-82
-123
-133
38
-240
2
-34
-42
-147
33
-49
-234
256
-246
122
-38
-79
26
-84
32
0
-56
199
-87
38
198
-216
378
-217
298
-11
65
349
-296
515
-210
237
69
55
169
55
52
173
-130
163
56
-121
218
-164
237
-248
282
-194
82
39
-149
116
-57
101
-110
26
52
-129
77
-20
-41
128
-108
129
-163
194
-184
103
-52
30
-124
-90
-29
-116
-25
-40
-121
-138
75
-318
57
-98
-141
-48
-116
-58
-86
54
-90
27
33
-136
139
-34
87
84
116
-99
279
-172
121
152
-135
287
-154
121
-35
99
-43
129
-51
5
-48
5
-42
28
78
-134
256
-282
268
-156
56
206
-183
197
99
-108
236
48
33
149
-110
270
-258
412
-162
96
153
-298
359
-357
209
-31
-212
115
-162
-181
109
-251
-36
-65
-135
-73
-225
194
-496
299
-283
-176
237
-432
203
-142
-82
89
-121
-59
175
-124
53
78
-81
6
142
-29
-110
369
-396
277
-112
25
-9
41
-93
70
-28
-124
218
-358
332
-314
183
-44
62
54
-15
89
-128
223
-114
141
123
150
-11
314
-67
99
251
-128
354
-132
334
-36
138
121
-49
157
-64
126
-67
88
-52
77
-133
67
-93
-82
40
-186
31
-131
-32
-93
-33
-2
-94
28
-104
-45
-53
-108
26
-65
6
-10
-18
45
-103
33
-57
-31
-29
-62
81
-159
78
-111
-92
-10
-104
-73
-65
-91
-49
-129
-36
-139
-78
-83
-210
51
-308
144
-135
-19
168
-245
293
-251
156
-2
-88
339
-220
377
13
81
293
-114
329
-21
143
219
-3
334
12
85
198
-148
229
-103
119
47
-31
238
-237
216
-117
10
54
-82
61
-14
63
-42
56
4
-2
6
32
-17
83
-8
72
7
31
-1
10
-16
-19
31
-188
169
-232
-5
-92
-152
-96
-153
-114
-143
-73
-166
-118
-197
-89
-216
-126
-204
-27
-165
-97
21
-202
46
-130
-127
117
-156
213
-12
23
155
-47
64
103
-69
260
12
90
233
-79
303
-78
224
26
88
206
-59
312
6
114
154
-55
226
-41
141
175
-96
280
-111
48
170
-131
168
-42
103
-48
84
42
-77
211
-250
160
-23
-130
129
-103
-58
70
-157
-31
-63
-97
-53
-96
-72
-172
63
-361
124
-284
-133
-45
-286
8
-257
47
-297
22
-167
-148
-20
-125
-61
58
-146
167
-121
38
150
-229
303
-170
208
26
51
234
-126
300
-28
101
217
-82
311
0
46
263
-247
357
-83
-7
227
-135
212
-90
155
13
-24
142
-63
66
41
-27
80
-125
191
-131
-5
205
-270
233
-187
28
-7
-118
76
-210
77
-198
-105
12
-128
-41
-127
-25
-118
-126
-7
-208
-40
-34
-210
16
-90
-70
-39
-106
-19
-126
-10
-22
-136
93
-37
3
16
66
51
28
169
8
124
126
25
136
141
114
134
122
130
76
122
130
101
103
138
72
125
36
122
-30
122
33
39
43
97
128
-66
194
-151
123
-24
-75
117
-216
150
-138
-68
87
-163
75
-159
-54
-114
-204
-17
-228
-127
-40
-297
91
-312
7
-143
-281
143
-399
105
-158
-109
12
-190
29
-166
-6
-56
-68
47
-73
7
29
-37
51
-38
-7
36
-23
72
-43
159
10
143
109
103
111
54
142
-34
220
49
72
221
66
155
132
107
116
94
131
76
70
161
-29
102
-18
60
39
-9
166
-67
74
48
-70
8
-63
-123
19
-170
12
-111
-66
-34
-140
-97
-102
-60
-154
-82
-85
-145
-141
4
-251
-27
-104
-225
23
-240
37
-177
-11
-77
-128
-15
-84
-70
-35
-30
27
25
41
126
-35
239
-106
180
63
46
173
41
142
100
62
157
74
89
154
37
139
51
83
123
16
131
20
109
85
-46
142
-103
65
39
-82
121
-69
29
-15
-79
48
-118
36
-40
-63
42
-49
24
-36
-51
-8
-39
-59
-13
-74
-51
-24
-107
-46
-39
-106
21
-176
-3
-66
-140
73
-157
66
-127
0
10
-204
166
-146
24
126
-171
268
-111
119
102
-118
269
-137
177
95
15
248
-122
216
19
-19
212
-81
170
-6
28
122
-98
158
-81
-55
126
-211
104
-147
94
-118
-63
65
-207
107
-228
-15
-133
-94
-39
-156
29
-125
-173
20
-232
-46
-144
-98
25
-263
221
-298
41
-51
-310
191
-303
162
-89
-58
171
-248
231
-135
41
111
-116
216
-96
200
144
-48
304
-92
192
168
29
321
28
232
120
119
198
131
139
158
158
125
175
166
83
194
40
169
37
150
112
-105
248
-137
90
-29
-49
28
-226
136
-257
-5
-30
-290
1
-266
-142
-179
-181
-147
-221
-138
-141
-281
-25
-288
-135
-216
-174
-110
-247
17
-346
10
-165
-196
43
-146
-20
-128
-25
-36
-75
11
31
-61
33
53
-24
137
22
84
18
175
7
199
128
141
222
72
316
95
311
184
198
191
254
215
188
317
142
242
184
158
260
91
93
232
-104
253
16
-31
244
-229
177
-105
-74
62
-248
43
-250
-138
-63
-293
52
-305
-78
-185
-214
-54
-329
-26
-282
-201
-55
-326
-128
-232
-188
-203
-220
-81
-241
-84
-166
-175
-113
-213
-77
-273
53
-203
-129
87
-230
134
-197
67
39
-70
189
-26
96
253
-114
343
62
210
210
60
464
-76
434
103
171
395
64
352
204
204
313
22
373
125
143
268
24
300
-11
200
147
-10
182
-110
111
-10
-34
41
-132
84
-130
-88
1
-213
19
-262
-86
-120
-226
38
-365
8
-245
-178
-186
-159
-181
-206
-100
-297
-103
-253
-209
-127
-240
-102
-177
-218
17
-258
-42
-115
-217
70
-253
11
-49
-10
3
-60
129
-50
79
93
41
207
48
165
125
182
286
19
360
186
108
328
141
291
239
151
354
94
231
206
72
282
21
169
138
94
207
9
149
-8
59
5
-9
118
-102
5
-49
-108
8
-119
-77
-38
-164
-33
-208
-56
-133
-214
-28
-307
-44
-209
-124
-126
-259
-110
-304
-105
-191
-171
-188
-171
-236
-164
-200
-191
-86
-207
-44
-205
-13
-116
-43
-74
-63
8
-71
107
-68
196
-75
160
74
46
229
-5
303
12
248
118
189
200
178
162
180
228
107
258
52
356
-35
244
69
104
148
3
200
-36
145
-13
66
58
46
41
-11
54
25
-5
41
37
-33
-3
11
-77
20
-73
-14
-104
1
-104
-123
6
-142
-104
-180
-60
-256
-33
-157
-158
-39
-188
-50
-227
2
-230
-91
-66
-173
-17
-170
54
-160
17
-82
-112
56
-68
42
-38
61
75
-60
136
50
-61
263
-180
275
-45
63
299
-264
466
-226
129
183
-186
367
-234
276
-1
-53
302
-208
312
-65
18
182
-178
276
-133
61
239
-294
293
-173
50
98
-193
252
-176
97
61
-145
185
-152
-24
20
-137
47
-69
8
-50
-57
-32
-73
-32
-28
-117
-5
-99
-25
-70
-58
31
-108
-5
-44
-128
50
-116
20
-63
17
9
-37
48
-42
28
-33
33
25
37
107
42
42
103
-9
88
-27
131
-13
29
88
-37
87
-38
50
-7
-2
48
-84
125
-98
40
-7
-9
30
-72
35
-34
-13
16
-80
74
-68
20
-27
-18
57
-131
131
-119
63
-42
-37
56
-108
75
-95
-8
36
-166
93
-105
-31
-6
-83
40
-117
9
-35
-95
72
-159
95
-91
56
-10
-22
72
-60
86
-11
66
23
49
80
-7
77
58
-6
133
-29
133
4
83
67
4
110
-7
73
30
65
63
17
89
8
66
-1
26
-4
50
-13
-43
76
-62
25
-17
-9
26
-90
51
-102
-15
-50
-59
13
-115
61
-145
52
-71
-113
40
-128
-13
-56
-74
-9
-97
-22
-102
-77
-36
-133
-6
-105
-18
-89
-48
-14
-124
21
-99
-32
-16
-58
25
-47
28
-23
23
34
-7
47
9
60
11
63
71
34
96
41
95
14
95
59
53
111
27
127
34
110
55
40
126
-21
121
29
37
102
-17
85
-29
64
5
5
90
-72
112
-23
21
91
-96
122
-67
57
-7
-37
70
-93
43
-67
-18
21
-101
47
-83
-60
-16
-52
-59
-47
-50
-113
-4
-105
-73
-27
-98
-24
-99
-10
-52
-86
27
-114
29
-126
46
-59
-66
105
-177
98
-50
-44
85
-109
132
-76
28
62
-117
112
-70
27
16
-66
88
-52
60
29
-5
48
2
51
-36
84
-5
58
3
82
0
45
80
-32
105
-32
85
-4
20
93
-94
116
-2
-38
106
-80
121
-74
34
64
-115
138
-92
27
13
-92
69
-116
55
-73
1
6
-62
90
-143
83
-45
-90
62
-96
10
-28
26
-37
-10
58
-109
107
-83
10
26
-101
109
-125
62
3
-62
98
-125
99
-75
1
67
-112
135
-96
36
23
-62
61
-66
17
34
-59
100
-54
95
-16
-11
107
-108
125
-56
38
52
-69
131
-76
83
1
-35
94
-76
33
40
-95
126
-106
46
30
-88
126
-132
106
-96
22
15
-97
104
-112
60
-3
-109
159
-163
91
-9
-72
104
-100
87
-54
25
39
-77
108
-52
-18
102
-118
82
-32
-11
43
-47
63
-60
30
16
-55
48
-30
-12
32
-64
72
-71
34
-16
-38
74
-109
73
-52
-18
56
-121
106
-58
-10
88
-121
136
-91
9
77
-118
86
-81
38
-34
-8
11
-78
71
-96
5
-4
-55
28
-82
31
-67
7
-13
-65
69
-93
37
-10
-11
23
-28
33
-32
40
-50
26
13
-45
101
-84
107
-12
-31
116
-87
65
23
-26
82
-58
116
-82
81
25
-88
145
-127
133
-44
11
80
-79
135
-60
49
65
-66
143
-94
92
34
-57
134
-72
49
34
-49
71
-30
26
18
-17
44
-35
14
-10
-33
34
-51
19
-5
-52
9
-60
-13
-59
-22
-26
-89
32
-92
-9
16
-94
35
-45
-24
-25
16
-37
-16
16
-47
15
-11
-11
25
-18
19
-23
12
39
-62
74
-28
1
36
-22
55
-20
58
10
-6
74
-40
31
30
-23
24
9
1
1
45
-15
-2
67
-38
18
56
-33
37
32
-21
39
10
11
-8
12
1
-49
44
-40
-24
28
-43
-10
5
-17
-20
3
-14
-30
7
-25
-32
-6
-21
-30
-32
-2
-46
-18
9
-69
-3
-3
-60
-27
9
-52
-29
57
-86
25
42
-71
52
4
-25
28
14
16
-9
47
12
-36
98
-53
18
70
-29
29
42
5
12
50
4
-9
46
-1
-25
50
-20
9
1
15
-3
3
40
-34
47
13
-24
48
3
17
22
12
0
9
28
-27
19
23
-40
30
13
-43
28
-10
-21
-24
32
-60
-6
50
-64
17
21
-34
17
-20
-1
-35
-13
9
-73
42
-19
-41
32
-29
-2
-19
6
-3
-36
44
-20
-11
39
-18
5
17
9
-10
15
17
-40
40
-3
-20
15
13
-9
14
16
5
-13
43
-22
-1
27
-10
4
-2
18
-28
15
-2
-25
15
-4
-18
13
-16
23
-30
11
16
-43
63
-28
8
32
-19
25
-15
6
0
-24
16
-32
17
-24
-5
22
-58
32
-27
-32
13
-25
10
-23
18
-12
-39
42
-54
-7
9
-48
9
-21
-1
-27
9
6
-33
16
-6
-12
-1
9
-15
2
29
-35
18
-5
-10
17
-29
23
-24
4
10
-25
27
-13
13
13
-9
47
-27
32
32
-15
41
1
22
9
-5
35
-18
26
8
3
16
-5
27
-18
20
10
4
7
23
7
9
23
1
11
8
-8
5
-3
4
9
-18
32
-15
12
29
-23
35
-1
-9
34
-17
22
21
-8
20
4
-12
1
13
-27
4
-4
-16
-21
13
-33
-21
-3
-29
-10
-26
6
-34
-14
1
-41
-13
2
-33
-16
17
-29
-9
29
-29
4
11
-7
3
-6
18
-21
14
23
-28
28
-6
-3
11
-18
5
-8
7
-10
0
9
-18
15
1
-11
10
-7
0
5
9
-16
26
0
-5
40
-31
33
0
6
7
-8
31
-30
24
9
-21
39
-11
-4
15
-3
-5
-12
18
-39
3
3
-35
22
-38
15
1
-39
32
-44
-6
9
-43
16
-29
6
-9
-25
30
-49
10
10
-33
17
3
-21
10
0
-10
4
2
9
-20
32
-7
-7
32
-12
15
0
2
13
7
7
9
-1
32
-10
21
15
-5
26
-10
23
9
2
19
10
7
14
0
22
7
12
23
-9
33
10
1
19
3
13
6
-7
23
-20
10
7
-16
6
-6
-17
8
-9
-17
2
-21
-5
-12
-13
-1
-2
-23
5
-13
-15
-3
-9
-25
-2
-8
-12
-1
-15
-4
-21
5
-14
-3
-1
-13
1
-6
1
1
1
3
-1
4
1
1
26
-18
12
20
-27
38
-13
0
14
-12
11
-9
6
1
-11
17
-12
-1
12
-15
12
-2
3
7
6
8
4
18
3
0
12
-2
3
4
-8
12
-16
7
-13
-6
1
-26
3
-21
-19
-13
-19
-8
-12
-22
-2
-25
-5
-11
-10
-9
-17
0
-23
6
-11
-12
6
-16
8
-4
-3
8
-2
2
5
1
2
14
-6
22
-5
20
17
2
28
-4
30
7
14
24
3
26
19
16
19
28
11
29
14
16
19
8
9
10
-5
10
5
-4
12
-12
5
0
-8
6
-17
1
-6
-11
1
-21
-2
-17
-6
-3
-18
12
-22
2
1
-22
14
-28
3
-6
-16
-2
-6
-17
0
-15
-13
-4
-13
4
-27
16
-18
3
-6
-7
1
-9
10
-11
12
-2
1
5
2
0
1
3
8
0
-4
11
2
5
8
4
6
9
3
6
3
8
0
5
3
-1
6
-5
5
2
-3
8
2
-3
6
-4
4
-1
4
-6
3
6
-15
7
-10
-5
-5
-7
-1
-13
2
-17
-9
3
-15
-1
-3
-12
-4
-2
-8
-6
5
-11
4
1
-5
6
2
1
9
-1
1
8
-3
6
3
5
-2
5
-2
1
3
0
-2
4
10
-7
13
2
-5
9
2
-4
12
2
4
9
0
8
-1
6
6
1
3
4
9
4
-2
5
2
-8
3
-13
6
-10
0
-2
-17
7
-15
-3
-9
-2
-8
-3
0
-13
3
-2
-9
-1
0
-13
4
-4
-1
-3
3
-2
2
11
-3
14
0
11
7
10
7
9
9
6
4
11
9
2
14
1
14
3
9
7
9
8
0
15
1
2
8
0
5
1
-5
2
-2
-3
-3
3
-10
-8
-5
-10
-8
-10
-6
-3
-11
-7
-7
-7
-7
-10
-8
-13
-6
-14
-14
-5
-23
-11
-10
-17
-11
-14
-10
-12
-3
-9
-14
0
-11
-15
-2
-7
-7
-7
2
-7
-2
5
-6
7
5
2
7
9
11
1
21
14
14
20
15
15
13
18
5
18
14
4
20
12
4
14
13
1
12
12
6
16
9
4
10
5
9
0
13
1
-2
18
-14
4
-1
-9
-2
-9
-7
-4
-4
-6
-14
-1
-11
-16
4
-20
-14
-5
-15
-10
-13
-7
-22
-13
-4
-30
-9
-15
-17
-17
-14
-10
-19
-2
-12
-7
2
-7
-6
15
-7
2
11
7
-2
8
17
-6
25
15
8
26
24
11
18
26
11
15
22
16
9
21
8
15
19
9
18
12
19
9
13
15
12
12
9
14
1
-1
13
-8
1
-1
-13
1
-12
-3
-15
-11
-8
-25
-15
-21
-22
-22
-26
-19
-22
-33
-13
-32
-22
-23
-32
-21
-34
-17
-32
-16
-15
-21
-10
-16
-15
-5
-9
-3
-1
-4
4
-2
5
-4
5
9
-9
15
15
4
17
15
12
14
20
22
15
23
19
15
29
17
14
26
20
6
21
21
15
17
24
17
15
20
13
14
16
6
13
7
5
11
-2
13
0
6
7
-13
9
-9
-9
-10
-19
-6
-24
-11
-5
-24
-12
-15
-20
-16
-21
-9
-24
-17
-10
-33
-12
-20
-27
-18
-19
-17
-19
-9
-13
-3
3
-3
1
6
-5
-8
2
-4
0
3
16
0
14
23
7
15
23
14
10
21
16
8
15
14
7
18
8
7
19
11
11
18
19
6
12
18
-4
9
14
-6
11
14
7
-2
16
1
-5
6
-7
-7
1
-12
-6
-6
-17
-6
-24
-10
-19
-15
-7
-21
-13
-21
-18
-16
-21
-22
-22
-25
-25
-19
-22
-13
-16
-15
-10
-15
-11
-6
-2
-5
1
2
1
1
6
0
1
6
-4
4
0
6
6
2
10
4
11
13
14
9
17
13
9
20
9
16
10
15
7
16
18
8
22
19
15
11
25
11
8
13
-1
6
9
7
-3
11
2
0
3
-3
3
-6
-1
-10
-8
0
-7
-4
-3
-9
-3
-2
-6
-5
-4
-7
-5
-3
-11
-10
-6
-10
-14
-5
-8
-5
-5
-4
-7
0
-6
-6
-1
-1
-2
-7
2
-4
-4
-6
-4
-1
-7
3
-2
-2
1
-2
1
1
3
1
6
5
1
4
7
-1
3
5
0
4
8
5
3
3
7
0
5
3
8
0
0
2
-4
5
-4
-1
2
-1
1
0
-3
-1
-10
-3
-9
-3
-2
-11
1
-4
-1
-2
3
2
-4
3
-4
-3
5
-3
4
1
0
5
-3
5
-4
-2
0
-7
1
-4
-10
-2
-8
-12
-7
-6
-10
-10
-4
-6
-2
1
0
1
-2
-1
9
-4
4
6
-2
7
1
5
8
4
