-2
0
1
-1
-1
-1
0
-1
-1
-1
-1
-3
-3
-2
-2
-3
-3
-3
-3
-2
-3
-2
1
-1
-1
0
2
1
2
1
1
2
2
2
1
2
1
1
1
0
2
1
1
1
1
1
0
0
-1
-1
-3
-3
-2
0
-2
-3
-3
-2
-4
-4
-1
0
-1
-3
-1
0
-1
0
-1
-1
0
-1
0
0
1
-1
-1
0
-2
-1
-1
-2
-2
-2
-2
-2
-1
-1
0
-1
-1
-1
-1
-1
-1
0
1
-2
-1
0
1
-1
-1
0
-1
-1
0
0
0
1
0
0
2
2
1
1
5
2
1
3
3
3
1
1
2
1
1
3
3
4
5
3
5
4
4
2
3
4
0
1
3
3
2
3
3
1
0
2
2
0
1
2
0
1
2
0
-1
-2
-1
0
-1
-1
-2
-2
2
0
0
2
-1
-3
-4
-2
-1
0
0
0
-3
-1
-1
-2
-1
-1
-1
0
-1
1
-1
0
1
-2
-1
-1
-1
-2
-2
-1
0
0
2
1
-2
-2
0
2
1
1
4
0
-2
0
1
0
-2
1
-1
-1
-2
-2
-5
-1
-1
-3
-3
0
-3
-5
-2
1
-2
-2
1
0
1
1
2
1
3
2
1
-1
3
2
1
1
1
1
0
3
0
-2
-1
0
-3
-3
-1
-1
-3
0
1
0
-1
3
-1
-3
0
-1
-3
-4
0
-3
-2
0
1
-3
-1
0
1
-1
0
1
-1
-1
2
0
-2
1
2
0
-2
1
0
-2
0
2
0
1
0
0
3
2
2
1
6
6
2
4
6
4
4
3
7
3
4
7
4
1
1
4
2
3
3
1
-2
-1
0
0
1
1
0
0
2
-3
-2
-2
-2
-4
-3
1
0
-3
0
-1
0
-4
0
0
-5
-4
-4
-2
-4
-3
-3
-1
-4
-1
-1
1
-1
-2
0
-1
-1
-3
0
-2
-2
-4
3
3
-1
2
3
1
-1
0
4
3
0
2
3
4
3
4
4
3
3
3
0
0
-1
-1
0
2
0
-1
1
-2
-5
-3
-3
-8
-8
2
0
-6
1
0
1
0
2
-3
-5
1
-10
-10
1
1
-2
0
2
1
-9
2
1
-5
-6
-5
1
-1
5
7
0
0
7
-1
-4
-2
0
-7
-4
0
-4
-2
0
0
-4
-1
0
-9
-7
0
0
-5
-2
8
1
0
8
7
4
4
4
3
0
4
6
6
7
2
5
9
12
4
2
1
-1
1
-1
3
8
3
3
12
10
2
3
5
-5
-8
3
1
2
2
-1
4
-1
3
5
2
-6
-5
-5
-7
-4
-4
-2
-1
1
-7
-1
3
0
-4
0
-6
-9
-5
1
5
3
2
5
0
-6
1
4
-2
-7
-6
-5
-1
4
6
1
-3
-4
-1
-5
-6
-2
1
-6
-7
-2
8
10
2
6
5
5
1
0
-4
0
2
-9
-3
5
6
3
3
-2
-11
-8
-10
-4
-2
-5
-5
-3
3
6
4
-1
3
4
-4
-6
5
8
2
3
8
-3
-2
9
10
-5
0
9
-1
-4
3
16
3
5
-5
-8
0
3
-3
-7
4
-6
-25
-11
4
7
-3
-3
-3
-11
-8
-4
-4
1
3
-5
-11
-11
12
10
0
3
-3
-6
-21
4
12
3
5
-13
-15
2
11
4
-2
18
2
-15
-15
4
20
3
-9
0
-6
-2
11
14
6
0
7
-7
-11
6
11
0
-1
4
12
6
17
5
1
6
-13
-17
-4
22
12
-2
1
9
11
-1
-1
2
-7
-7
-7
-5
2
10
11
-1
-2
4
2
-1
7
1
-2
-9
-14
1
6
15
11
-12
-7
12
16
-6
0
17
-7
-26
-10
18
12
14
6
3
-7
0
2
-10
14
11
-9
-18
2
8
-1
-1
8
1
-10
-27
-13
2
18
7
-14
-21
4
7
-16
-7
-11
-18
-41
-16
5
12
10
7
-12
-29
-21
-5
-5
2
-2
-12
-17
-6
12
7
5
-5
-9
-11
1
10
14
6
7
-4
-4
0
7
12
11
18
-3
2
20
27
-1
-3
-4
0
-1
-3
13
9
8
-7
-1
-5
12
1
-4
-6
8
-2
0
9
11
16
10
7
-13
-12
-8
-5
-13
0
6
12
0
13
15
12
-2
-15
-18
-19
-1
11
7
-8
-1
5
6
11
16
-3
-15
-26
-26
-12
1
9
-4
-1
12
5
5
16
23
4
-26
-24
-15
2
1
6
-9
4
16
21
14
2
16
-12
-20
-17
0
18
14
19
10
19
19
-13
-14
-3
-6
-29
-28
1
16
3
1
22
24
-8
-38
-26
-18
-10
-6
-13
-2
1
2
-15
-2
-3
-11
-17
-13
9
2
12
10
-6
-24
-20
-15
-14
-3
15
9
-12
-5
8
10
0
-12
-6
-8
0
21
20
23
19
27
28
9
8
9
-3
-2
-6
14
18
-4
-9
-5
13
3
-11
13
41
31
6
1
20
0
-8
-8
5
5
3
4
1
30
26
6
-11
-11
-21
-28
-28
-19
-4
-12
-2
1
19
19
12
-3
-29
-22
-34
-40
-25
8
10
-8
-36
-12
-10
-9
-12
-3
13
-17
-14
-6
18
1
-15
-16
11
15
7
-12
12
36
15
-4
-17
14
20
9
16
11
0
-7
-12
10
13
-3
-9
2
13
24
25
33
-3
-12
-7
-17
-15
-17
2
22
8
2
8
-5
4
-2
-2
-33
-29
-8
-3
9
9
16
2
1
9
23
22
3
-27
-39
-39
-5
42
27
26
9
5
-16
-36
-21
-35
-37
-39
-13
30
27
28
28
6
-20
-41
-28
-7
13
22
7
2
4
19
21
-11
-14
-4
15
35
26
6
-11
-33
-13
-23
-11
-2
4
46
41
59
46
19
-19
-49
-61
-24
-4
10
22
38
51
34
24
-10
-32
-20
-16
19
45
24
8
-18
-4
-21
-12
-3
16
38
23
8
0
-6
-18
-48
-75
-55
-29
8
37
63
58
-21
-46
-38
-19
-22
-51
-18
21
31
22
19
20
-7
-51
-52
-47
-2
4
6
-1
-11
-16
-32
-34
-23
-11
-8
3
7
12
-5
1
-13
-24
-20
-10
14
39
47
54
28
5
1
4
-1
-24
-15
5
23
27
44
49
41
18
19
13
-22
-25
-2
27
4
-15
-8
3
-2
-25
-25
-11
-4
-7
15
35
31
9
-10
-31
-36
-32
-5
33
33
13
11
18
13
-5
-26
-47
-68
-32
0
26
47
54
43
9
-8
15
28
12
-26
-23
10
15
23
26
40
7
-40
-48
-15
1
3
-6
-15
-22
-15
4
3
16
20
20
20
11
16
9
-12
-31
-48
-38
-43
-14
22
46
17
-9
-5
9
18
-1
4
-12
-14
-17
13
34
20
11
13
16
-15
-19
-9
0
-17
-43
-51
-17
7
14
0
-15
-26
-9
5
5
32
25
-6
-31
-22
-11
3
-2
0
14
25
29
34
24
-8
-26
-37
-32
0
13
16
15
10
-15
-23
2
-17
-17
-17
4
17
31
36
29
33
-10
-24
-23
-22
-50
-56
-23
-21
-17
-24
16
44
25
5
9
8
-14
-6
-12
-28
-24
1
6
9
7
12
27
22
7
2
19
19
23
16
9
-2
-19
-28
-15
7
12
5
21
34
33
25
-2
-8
-20
-29
-32
-19
-6
2
17
3
-10
15
39
25
10
5
-10
-40
-40
-16
6
11
18
49
71
57
25
11
-10
-49
-66
-41
-7
17
29
20
18
8
-5
-26
-59
-65
-77
-56
-39
-2
18
15
23
41
48
22
4
-11
-4
-26
-31
-16
17
15
3
20
27
19
-4
-6
-10
-10
-28
-31
-19
-12
-19
-14
10
33
37
40
43
47
50
35
39
29
29
19
13
-7
-18
-15
-12
6
27
39
46
36
19
-15
-35
-52
-56
-49
-48
-19
17
39
28
38
42
26
-6
-37
-48
-24
-21
-36
-30
-10
-6
-14
-3
-1
-12
-37
-58
-69
-63
-59
-42
-16
-11
-16
-22
10
29
21
-4
-28
-22
-30
-25
-22
-3
10
7
11
28
41
29
7
-19
-24
-9
21
36
35
27
9
0
-3
7
20
28
43
42
58
55
37
21
-3
-8
-18
-7
4
24
39
35
31
27
15
-9
-25
-46
-48
-31
-8
11
20
37
50
53
31
-7
-27
-28
-26
-19
-3
12
19
6
-2
-1
-1
-10
-20
-28
-10
0
4
-1
-16
-29
-47
-33
-20
-23
-22
-18
-24
-22
-17
-9
-10
-9
-6
11
24
23
27
28
30
23
26
24
12
10
12
6
-4
-19
-14
1
-1
-10
-11
-8
-13
-22
5
21
21
6
-17
-7
4
25
28
33
45
45
46
45
39
24
0
-18
-27
-23
-2
15
15
6
-8
-16
-19
-27
-63
-98
-99
-94
-85
-83
-70
-31
1
17
12
12
13
-3
1
8
19
31
28
14
-6
-13
-29
-49
-61
-61
-51
-37
-24
-11
-2
-3
-9
-12
8
17
29
33
38
62
86
115
129
131
123
119
119
94
69
54
36
19
1
9
26
32
9
-22
-30
-23
-12
-4
1
7
13
5
-3
-7
0
4
3
-3
-7
2
4
-14
-39
-67
-82
-94
-105
-111
-112
-102
-97
-95
-85
-78
-77
-85
-100
-99
-84
-55
-38
-32
-44
-55
-61
-65
-61
-55
-53
-57
-61
-57
-48
-39
-36
-41
-34
-15
23
86
146
183
198
220
244
264
281
285
284
277
267
252
228
197
162
117
67
26
8
-7
-27
-48
-52
-37
-14
8
36
58
73
81
89
94
89
80
57
19
-24
-64
-101
-152
-214
-266
-300
-323
-346
-362
-363
-363
-366
-380
-392
-381
-344
-298
-262
-230
-187
-143
-110
-104
-106
-110
-134
-163
-191
-205
-216
-234
-254
-271
-265
-236
-186
-123
-38
101
290
507
714
895
1063
1204
1299
1327
1292
1213
1088
918
718
528
374
236
91
-71
-206
-285
-332
-385
-457
-521
-564
-591
-596
-555
-452
-326
-211
-104
22
168
300
379
394
362
304
225
121
1
-115
-223
-342
-467
-561
-605
-623
-646
-693
-745
-778
-796
-806
-812
-816
-816
-811
-777
-700
-580
-445
-342
-276
-213
-128
-45
-3
-15
-62
-117
-138
-58
182
513
794
965
1142
1416
1708
1881
1890
1792
1620
1392
1164
1001
890
712
403
36
-240
-339
-335
-385
-555
-762
-890
-912
-865
-774
-666
-584
-523
-403
-134
251
616
834
915
956
1045
1173
1231
1130
886
578
269
-8
-235
-431
-673
-983
-1281
-1447
-1454
-1399
-1393
-1464
-1544
-1548
-1462
-1321
-1157
-981
-814
-675
-524
-292
27
330
503
538
520
540
585
578
449
216
-32
-229
-379
-507
-610
-680
-766
-905
-1012
-880
-422
145
528
722
1011
1517
2013
2239
2248
2221
2162
1971
1711
1561
1533
1401
1002
471
111
53
113
3
-335
-697
-893
-949
-992
-1044
-1063
-1069
-1088
-1054
-843
-459
-62
176
225
226
355
620
835
831
663
511
446
402
338
272
167
-48
-333
-528
-554
-504
-538
-715
-942
-1071
-1067
-1034
-1078
-1183
-1256
-1276
-1266
-1177
-941
-609
-350
-244
-159
61
388
626
621
425
203
55
-43
-158
-296
-424
-529
-608
-642
-598
-491
-407
-454
-635
-756
-538
74
736
1069
1163
1469
2113
2699
2878
2778
2671
2535
2228
1883
1739
1711
1446
775
-40
-572
-674
-639
-867
-1414
-1927
-2095
-1986
-1846
-1747
-1633
-1520
-1447
-1294
-879
-252
323
619
659
666
869
1274
1601
1585
1298
1033
921
859
752
596
326
-105
-567
-833
-854
-783
-775
-886
-1071
-1190
-1095
-860
-740
-845
-1017
-1093
-1097
-1041
-843
-526
-289
-243
-222
8
427
789
888
731
507
405
417
374
189
-42
-229
-405
-555
-540
-329
-158
-236
-474
-639
-650
-613
-670
-890
-1153
-1142
-645
85
602
889
1322
1974
2457
2562
2570
2681
2649
2251
1743
1502
1464
1264
724
17
-530
-730
-727
-873
-1289
-1693
-1818
-1781
-1792
-1773
-1574
-1312
-1176
-1050
-701
-159
350
700
881
937
1026
1319
1677
1780
1609
1459
1445
1366
1142
918
699
308
-230
-664
-906
-1105
-1322
-1488
-1609
-1705
-1678
-1488
-1315
-1283
-1253
-1139
-1088
-1149
-1078
-758
-456
-374
-309
-5
433
759
939
1054
1118
1116
1060
921
698
505
384
164
-231
-551
-581
-511
-627
-865
-1003
-1064
-1195
-1383
-1550
-1693
-1676
-1284
-689
-315
-131
409
1377
2131
2302
2341
2655
2945
2856
2625
2582
2551
2222
1634
1029
560
284
112
-259
-961
-1605
-1785
-1717
-1853
-2123
-2153
-1948
-1783
-1588
-1120
-517
-85
190
519
896
1254
1672
2060
2120
1892
1805
1963
1947
1563
1123
787
324
-283
-701
-888
-1212
-1751
-2144
-2213
-2154
-2083
-1924
-1753
-1691
-1577
-1241
-921
-877
-899
-690
-423
-375
-349
-35
392
563
538
638
896
1115
1205
1181
1043
882
811
728
437
37
-214
-382
-715
-1122
-1297
-1292
-1440
-1776
-2026
-2101
-2085
-1823
-1170
-462
-79
247
1043
2118
2791
2942
3054
3254
3212
2915
2764
2806
2631
2090
1458
944
560
345
219
-168
-922
-1547
-1641
-1535
-1680
-1924
-1921
-1793
-1744
-1537
-982
-409
-148
-9
276
606
899
1289
1644
1600
1270
1169
1344
1308
931
549
215
-283
-783
-935
-943
-1261
-1744
-1937
-1880
-1881
-1866
-1653
-1471
-1553
-1613
-1378
-1089
-986
-853
-531
-274
-194
49
600
1086
1243
1298
1454
1567
1541
1489
1429
1214
862
542
265
-53
-346
-529
-735
-1077
-1373
-1438
-1435
-1609
-1913
-2147
-2299
-2407
-2261
-1655
-850
-285
129
906
2114
3160
3647
3886
4198
4374
4205
3971
3906
3717
3114
2268
1452
713
103
-323
-867
-1837
-2848
-3242
-3149
-3232
-3528
-3519
-3197
-2968
-2712
-2014
-1106
-533
-218
252
804
1218
1717
2346
2579
2262
2057
2300
2399
1969
1453
1119
609
-99
-488
-558
-899
-1550
-1957
-2063
-2249
-2407
-2217
-1983
-2135
-2315
-2001
-1494
-1289
-1138
-666
-179
-1
231
851
1480
1723
1789
1941
2030
1972
1976
2033
1840
1392
1014
760
408
-26
-351
-628
-1038
-1459
-1658
-1726
-1908
-2206
-2450
-2618
-2778
-2784
-2346
-1509
-733
-279
232
1255
2499
3275
3537
3792
4114
4115
3823
3677
3646
3241
2404
1496
658
-132
-683
-1025
-1686
-2781
-3530
-3467
-3225
-3370
-3483
-3137
-2730
-2511
-1961
-907
-17
380
775
1401
1897
2284
2919
3454
3251
2685
2601
2797
2487
1779
1265
776
-70
-836
-1053
-1212
-1845
-2536
-2810
-2954
-3182
-3111
-2705
-2542
-2675
-2448
-1745
-1188
-906
-400
316
700
825
1275
2005
2414
2410
2387
2396
2223
2013
1971
1833
1321
691
270
-81
-550
-973
-1248
-1604
-2103
-2436
-2464
-2474
-2687
-2937
-3075
-3195
-3264
-2917
-2001
-973
-325
181
1160
2592
3783
4369
4690
4992
5056
4803
4566
4423
3980
3073
1998
971
17
-670
-1020
-1530
-2571
-3547
-3694
-3327
-3246
-3408
-3255
-2861
-2593
-2175
-1243
-238
280
575
1088
1649
2082
2679
3345
3405
2852
2569
2844
2895
2322
1655
1151
440
-406
-868
-1069
-1641
-2529
-3129
-3382
-3619
-3709
-3420
-3134
-3181
-3091
-2409
-1566
-1061
-627
48
637
900
1258
1947
2492
2539
2418
2421
2360
2153
2045
2001
1652
992
431
97
-289
-821
-1310
-1748
-2262
-2727
-2914
-2924
-3052
-3290
-3405
-3372
-3308
-3063
-2306
-1137
-121
521
1288
2607
4059
4940
5250
5475
5678
5572
5219
4918
4566
3824
2756
1641
552
-419
-1037
-1466
-2290
-3484
-4189
-4053
-3792
-3930
-4024
-3668
-3200
-2815
-2095
-966
-19
526
1097
1832
2419
2929
3624
4092
3805
3226
3144
3275
2834
1951
1239
617
-261
-1078
-1479
-1872
-2658
-3445
-3829
-4070
-4342
-4299
-3904
-3666
-3641
-3239
-2344
-1531
-1000
-364
412
944
1281
1848
2548
2890
2874
2881
2908
2706
2433
2356
2250
1747
1009
441
47
-428
-1016
-1591
-2145
-2665
-3000
-3103
-3151
-3268
-3343
-3288
-3176
-3010
-2529
-1526
-322
550
1144
2075
3522
4815
5377
5489
5638
5709
5419
4940
4503
3899
2918
1761
645
-428
-1301
-1786
-2224
-3102
-4067
-4296
-3844
-3540
-3601
-3477
-2988
-2501
-1997
-1155
-182
445
849
1422
2038
2449
2899
3466
3596
3091
2660
2741
2721
2067
1198
571
-59
-875
-1529
-1927
-2473
-3247
-3827
-4076
-4235
-4270
-3957
-3500
-3233
-2918
-2143
-1136
-409
85
695
1363
1810
2123
2522
2875
2949
2849
2753
2604
2333
2090
1929
1630
1066
452
10
-365
-890
-1549
-2128
-2516
-2786
-3019
-3176
-3207
-3164
-3088
-2950
-2756
-2548
-2137
-1229
-7
924
1474
2307
3709
4964
5434
5475
5633
5701
5308
4693
4185
3586
2648
1546
444
-672
-1591
-2056
-2431
-3258
-4204
-4441
-4009
-3699
-3692
-3476
-2933
-2419
-1897
-1043
-61
599
1048
1621
2192
2555
2940
3426
3536
3096
2695
2702
2645
2119
1425
848
184
-625
-1261
-1708
-2337
-3175
-3823
-4162
-4406
-4526
-4331
-3962
-3681
-3326
-2595
-1631
-814
-169
514
1231
1838
2351
2832
3211
3415
3466
3372
3116
2809
2562
2268
1734
1016
334
-225
-758
-1365
-2036
-2637
-2990
-3108
-3201
-3333
-3302
-3018
-2725
-2590
-2441
-2130
-1768
-1335
-556
521
1422
2030
2838
4040
5074
5492
5595
5714
5608
5069
4418
3898
3224
2160
956
-158
-1216
-2110
-2635
-3020
-3676
-4379
-4513
-4070
-3637
-3410
-3055
-2474
-1893
-1268
-369
607
1267
1664
2122
2619
2956
3207
3465
3464
3071
2643
2471
2306
1853
1217
518
-336
-1242
-1893
-2362
-3072
-4030
-4735
-4953
-4954
-4911
-4689
-4248
-3730
-3089
-2175
-1100
-142
677
1513
2313
2918
3399
3895
4275
4313
4064
3753
3440
3069
2603
1995
1183
290
-447
-1017
-1648
-2401
-3063
-3481
-3714
-3835
-3829
-3696
-3487
-3222
-2912
-2587
-2217
-1759
-1268
-782
-84
1010
2222
3103
3737
4600
5658
6328
6371
6142
5839
5274
4425
3562
2726
1683
443
-756
-1842
-2787
-3380
-3624
-3948
-4523
-4846
-4516
-3901
-3502
-3221
-2737
-2097
-1436
-614
397
1273
1838
2319
2870
3354
3700
3995
4108
3814
3271
2872
2623
2173
1374
361
-728
-1771
-2589
-3212
-3920
-4786
-5451
-5625
-5471
-5230
-4885
-4331
-3620
-2835
-1926
-858
262
1289
2162
2874
3466
4025
4566
4938
4952
4621
4171
3774
3387
2819
1965
932
-60
-894
-1639
-2385
-3104
-3708
-4170
-4472
-4533
-4315
-3944
-3600
-3307
-2951
-2429
-1748
-1027
-437
-39
393
1227
2474
3634
4301
4728
5391
6161
6484
6227
5767
5220
4316
3083
1953
1099
213
-919
-2123
-3134
-3774
-3949
-3849
-3914
-4258
-4398
-3963
-3244
-2701
-2304
-1790
-1183
-589
142
1091
1975
2533
2873
3190
3476
3715
3924
3900
3400
2623
2032
1662
1092
133
-976
-2012
-2933
-3678
-4206
-4644
-5098
-5400
-5345
-4984
-4462
-3779
-2948
-2129
-1360
-410
829
2041
2878
3419
3953
4509
4889
5018
4950
4660
4116
3430
2760
2112
1370
441
-652
-1750
-2601
-3112
-3497
-4018
-4582
-4835
-4660
-4258
-3824
-3360
-2861
-2352
-1775
-1040
-238
448
970
1366
1648
1962
2629
3626
4351
4384
4180
4427
4967
5050
4437
3559
2700
1796
916
260
-289
-998
-1795
-2435
-2868
-3068
-2911
-2579
-2599
-3049
-3230
-2649
-1758
-1253
-1147
-974
-512
164
943
1647
2053
2199
2327
2495
2575
2585
2582
2314
1570
710
263
122
-280
-1127
-2047
-2716
-3100
-3262
-3323
-3465
-3709
-3776
-3447
-2867
-2284
-1736
-1160
-583
13
777
1724
2543
2961
3131
3389
3755
3961
3869
3559
3093
2459
1767
1161
583
-171
-1106
-1987
-2606
-2958
-3140
-3265
-3408
-3523
-3417
-2990
-2405
-1898
-1496
-1074
-592
-86
439
961
1340
1497
1535
1595
1708
1905
2271
2667
2753
2519
2446
2770
3026
2709
2010
1429
1023
578
142
-131
-375
-774
-1200
-1468
-1599
-1644
-1567
-1516
-1724
-2012
-1912
-1402
-1000
-960
-972
-733
-349
28
433
807
981
1007
1111
1310
1425
1414
1335
1135
797
534
480
406
44
-519
-1016
-1359
-1603
-1767
-1931
-2217
-2548
-2617
-2288
-1816
-1491
-1291
-1000
-510
133
831
1428
1781
1960
2191
2532
2768
2733
2500
2167
1729
1248
872
569
94
-621
-1310
-1727
-1909
-2027
-2173
-2379
-2595
-2634
-2360
-1913
-1557
-1339
-1092
-737
-347
61
506
862
954
859
851
996
1098
1064
1100
1317
1503
1517
1605
1980
2352
2321
2004
1801
1750
1597
1304
1021
735
367
16
-260
-599
-983
-1174
-1198
-1408
-1820
-1979
-1743
-1541
-1628
-1720
-1565
-1313
-1102
-826
-488
-231
-12
338
742
1005
1211
1510
1728
1656
1494
1514
1529
1200
619
127
-222
-596
-1018
-1404
-1761
-2093
-2242
-2118
-1887
-1734
-1615
-1390
-1052
-640
-155
313
575
648
830
1262
1667
1772
1691
1651
1631
1531
1415
1304
1027
516
-12
-366
-622
-904
-1215
-1541
-1889
-2098
-1976
-1636
-1402
-1345
-1225
-900
-508
-195
49
241
308
256
221
281
327
250
171
326
731
1143
1436
1773
2269
2708
2856
2812
2775
2665
2349
1932
1585
1259
842
360
-163
-732
-1210
-1455
-1639
-2039
-2541
-2784
-2730
-2667
-2708
-2705
-2571
-2345
-1990
-1458
-871
-350
162
727
1271
1742
2203
2608
2751
2611
2435
2339
2136
1667
1050
435
-191
-821
-1341
-1724
-2088
-2463
-2699
-2697
-2556
-2396
-2216
-1988
-1719
-1391
-968
-499
-76
331
830
1379
1822
2119
2379
2630
2766
2733
2576
2306
1905
1432
955
442
-141
-722
-1210
-1603
-1899
-2032
-2013
-1962
-1926
-1819
-1575
-1266
-1001
-804
-642
-473
-275
-71
102
222
290
323
425
773
1352
1851
2069
2217
2596
3060
3221
3018
2705
2382
1965
1489
1059
620
50
-606
-1248
-1851
-2329
-2579
-2725
-3035
-3465
-3637
-3412
-3084
-2914
-2803
-2544
-2101
-1518
-811
-65
598
1198
1840
2499
3064
3508
3835
3934
3737
3394
3070
2674
2020
1142
226
-616
-1363
-1981
-2469
-2888
-3241
-3422
-3355
-3128
-2875
-2620
-2324
-1962
-1516
-966
-334
292
888
1522
2217
2871
3365
3687
3876
3939
3852
3586
3125
2496
1778
1039
272
-533
-1299
-1936
-2437
-2837
-3127
-3246
-3194
-3045
-2872
-2683
-2416
-2041
-1600
-1172
-797
-452
-109
219
512
725
840
935
1174
1597
2008
2242
2429
2757
3089
3128
2878
2574
2252
1756
1103
490
-46
-622
-1255
-1859
-2400
-2829
-3048
-3103
-3190
-3336
-3323
-3054
-2713
-2444
-2127
-1649
-1077
-475
227
1049
1859
2543
3129
3656
4084
4353
4413
4196
3718
3126
2518
1821
962
30
-836
-1616
-2336
-2928
-3309
-3514
-3638
-3686
-3572
-3264
-2846
-2423
-2021
-1577
-1017
-330
399
1051
1618
2213
2888
3492
3856
3996
4030
3973
3732
3284
2695
1995
1165
239
-677
-1501
-2211
-2826
-3354
-3756
-3954
-3902
-3650
-3319
-2974
-2581
-2086
-1501
-890
-319
155
517
788
1021
1244
1418
1438
1256
1027
1045
1391
1766
1845
1741
1804
2062
2177
1976
1648
1322
875
293
-197
-466
-687
-1058
-1576
-2089
-2387
-2341
-2107
-2065
-2307
-2459
-2188
-1657
-1224
-920
-552
-70
456
1055
1761
2423
2850
3046
3140
3212
3258
3210
2916
2301
1549
943
492
-31
-731
-1464
-2085
-2563
-2858
-2944
-2918
-2917
-2904
-2714
-2316
-1839
-1406
-1038
-713
-363
111
708
1256
1631
1947
2373
2848
3176
3312
3346
3275
3002
2529
1951
1304
537
-358
-1293
-2125
-2732
-3105
-3372
-3614
-3714
-3502
-3016
-2475
-2010
-1561
-1063
-536
-34
409
750
960
1070
1113
1091
1035
975
834
517
185
192
596
975
1004
923
1145
1580
1798
1669
1421
1167
810
381
62
-125
-352
-719
-1158
-1533
-1668
-1497
-1253
-1273
-1523
-1594
-1279
-838
-580
-468
-293
12
390
822
1286
1710
2009
2139
2129
2102
2153
2155
1842
1197
563
203
-17
-363
-851
-1299
-1594
-1728
-1715
-1626
-1573
-1595
-1610
-1529
-1366
-1175
-998
-867
-795
-686
-379
134
650
1010
1329
1784
2310
2688
2858
2909
2846
2561
2050
1449
835
164
-595
-1372
-2017
-2430
-2636
-2765
-2882
-2880
-2636
-2201
-1764
-1425
-1126
-792
-437
-125
94
219
288
333
348
316
303
347
335
162
-1
190
753
1256
1392
1402
1671
2106
2286
2090
1765
1451
1056
585
205
-32
-275
-638
-1077
-1452
-1596
-1458
-1270
-1348
-1634
-1709
-1372
-918
-681
-607
-442
-112
287
699
1104
1461
1699
1767
1704
1675
1797
1908
1697
1174
744
668
717
541
126
-288
-566
-750
-925
-1153
-1448
-1771
-2059
-2270
-2368
-2314
-2149
-1994
-1892
-1672
-1146
-382
323
801
1217
1788
2451
2941
3161
3226
3205
2999
2539
1945
1371
795
87
-749
-1513
-1992
-2203
-2363
-2607
-2794
-2703
-2352
-1989
-1777
-1631
-1399
-1099
-852
-693
-534
-326
-121
10
98
252
519
750
753
595
631
1097
1724
2013
1903
1854
2157
2489
2408
1976
1546
1187
734
214
-164
-375
-608
-995
-1466
-1789
-1746
-1434
-1269
-1499
-1801
-1700
-1247
-904
-858
-856
-659
-311
66
466
905
1333
1659
1824
1899
2077
2401
2576
2302
1764
1440
1427
1326
843
145
-458
-903
-1312
-1741
-2162
-2548
-2914
-3236
-3410
-3327
-3015
-2652
-2368
-2060
-1499
-609
388
1184
1729
2255
2913
3553
3947
4073
4043
3849
3407
2757
2063
1410
698
-206
-1223
-2049
-2471
-2639
-2890
-3275
-3482
-3306
-2929
-2636
-2439
-2182
-1834
-1510
-1222
-851
-344
178
561
805
1065
1465
1910
2133
1998
1713
1651
1912
2169
2064
1695
1476
1537
1538
1220
782
461
124
-380
-832
-964
-914
-1011
-1325
-1664
-1781
-1582
-1254
-1167
-1412
-1617
-1441
-1055
-801
-674
-469
-172
130
532
1140
1782
2195
2344
2389
2473
2617
2703
2506
1950
1310
901
658
267
-359
-1031
-1607
-2106
-2509
-2746
-2869
-3042
-3293
-3412
-3181
-2653
-2095
-1679
-1319
-811
-68
816
1644
2262
2705
3126
3587
3989
4234
4312
4163
3681
2945
2206
1550
777
-259
-1417
-2424
-3130
-3560
-3838
-4084
-4286
-4288
-3997
-3509
-2974
-2437
-1897
-1384
-880
-284
450
1181
1706
1996
2225
2533
2839
2940
2734
2295
1773
1300
1011
911
783
422
-10
-159
-3
125
36
-169
-417
-698
-856
-765
-610
-671
-906
-1100
-1175
-1106
-852
-576
-571
-774
-763
-367
107
397
558
700
850
1097
1526
1955
2087
1944
1787
1701
1578
1376
1116
704
105
-448
-723
-826
-1029
-1421
-1856
-2172
-2286
-2213
-2115
-2160
-2311
-2350
-2116
-1669
-1190
-792
-452
-59
490
1208
1972
2588
2965
3199
3434
3676
3823
3763
3427
2788
1953
1136
408
-391
-1389
-2454
-3317
-3856
-4121
-4193
-4119
-3942
-3660
-3192
-2496
-1689
-948
-330
205
709
1214
1728
2184
2458
2502
2435
2412
2427
2310
1945
1406
831
256
-303
-719
-875
-934
-1138
-1372
-1289
-864
-479
-395
-444
-411
-325
-254
-137
31
141
164
172
197
278
492
727
737
524
406
536
668
566
331
120
-36
-127
-133
-145
-249
-323
-278
-248
-290
-219
17
122
-45
-154
58
324
302
73
-103
-207
-333
-481
-645
-865
-1093
-1210
-1196
-1083
-851
-518
-206
54
428
1011
1628
2043
2225
2306
2391
2476
2440
2168
1691
1148
613
39
-590
-1186
-1699
-2194
-2651
-2912
-2859
-2599
-2322
-2085
-1772
-1280
-673
-128
253
528
795
1050
1223
1306
1335
1306
1193
1026
863
729
602
429
141
-252
-614
-850
-1059
-1382
-1704
-1738
-1453
-1158
-1005
-764
-254
294
581
688
870
1112
1241
1250
1268
1328
1370
1340
1187
941
762
694
520
73
-470
-848
-1110
-1430
-1769
-1980
-2051
-2014
-1813
-1436
-992
-518
35
603
1062
1459
1901
2277
2375
2248
2100
1951
1662
1218
710
184
-320
-720
-1009
-1270
-1480
-1535
-1432
-1264
-1039
-715
-345
-35
234
531
834
1040
1091
1039
973
940
884
704
408
123
-74
-235
-408
-560
-661
-730
-775
-770
-707
-624
-572
-594
-686
-763
-718
-589
-527
-580
-631
-577
-442
-299
-198
-142
-112
-74
-1
116
256
359
352
238
115
48
-22
-185
-465
-786
-1019
-1011
-748
-428
-221
-45
290
764
1180
1424
1554
1579
1482
1339
1258
1223
1100
803
363
-94
-384
-495
-646
-1012
-1456
-1698
-1666
-1506
-1316
-1094
-840
-540
-118
457
1083
1608
1941
2066
2074
2102
2161
2075
1689
1108
584
224
-30
-260
-505
-777
-1021
-1126
-1048
-874
-715
-646
-672
-690
-573
-339
-178
-224
-379
-472
-456
-376
-272
-192
-184
-211
-150
47
300
507
611
614
577
586
651
636
415
50
-288
-510
-667
-836
-1032
-1218
-1335
-1340
-1236
-1069
-891
-738
-620
-504
-343
-129
69
191
245
310
446
615
714
692
598
494
381
205
-37
-296
-543
-748
-818
-672
-399
-167
24
307
694
1033
1223
1301
1287
1176
1025
924
854
709
455
130
-206
-445
-513
-496
-556
-709
-794
-698
-482
-251
-57
87
193
315
502
713
873
956
964
907
840
853
935
956
842
680
585
565
552
481
316
68
-200
-422
-605
-808
-1069
-1364
-1633
-1821
-1911
-1905
-1822
-1694
-1541
-1329
-984
-513
-21
385
704
993
1272
1497
1625
1628
1488
1243
956
669
374
51
-298
-635
-915
-1104
-1209
-1271
-1330
-1392
-1419
-1375
-1241
-1059
-900
-781
-649
-463
-222
44
304
525
693
845
1025
1216
1333
1314
1175
982
788
593
348
9
-386
-746
-1024
-1204
-1246
-1117
-886
-673
-460
-132
310
705
924
997
1011
1022
1054
1110
1153
1165
1178
1188
1156
1098
1067
1008
796
424
30
-284
-553
-819
-1047
-1180
-1181
-1028
-729
-341
80
513
923
1242
1442
1544
1535
1360
1023
615
208
-199
-615
-1008
-1338
-1576
-1713
-1769
-1778
-1736
-1626
-1468
-1306
-1145
-964
-787
-646
-513
-333
-100
126
300
432
564
723
882
983
998
958
894
792
634
436
230
-2
-289
-603
-864
-1030
-1129
-1218
-1305
-1353
-1302
-1132
-895
-635
-354
-37
311
663
1017
1366
1666
1862
1931
1910
1842
1725
1507
1162
717
228
-271
-755
-1211
-1639
-2033
-2364
-2578
-2636
-2526
-2248
-1797
-1197
-517
174
863
1555
2181
2629
2859
2919
2856
2691
2454
2184
1895
1578
1236
876
513
188
-82
-345
-652
-995
-1313
-1563
-1741
-1842
-1870
-1826
-1700
-1475
-1160
-779
-361
57
422
712
948
1145
1276
1313
1274
1187
1051
855
619
359
74
-231
-544
-861
-1169
-1442
-1672
-1869
-2015
-2076
-2043
-1933
-1743
-1445
-1057
-640
-235
147
501
825
1107
1322
1436
1452
1404
1311
1175
1001
803
586
352
126
-39
-124
-167
-200
-234
-261
-262
-228
-175
-135
-122
-121
-124
-118
-77
-5
52
64
48
50
68
72
41
-32
-129
-229
-311
-369
-406
-417
-401
-359
-288
-176
-34
98
186
228
241
231
205
175
166
210
356
598
856
1068
1265
1466
1611
1619
1501
1293
997
630
251
-81
-353
-587
-807
-1012
-1165
-1205
-1152
-1092
-1068
-1050
-992
-895
-765
-596
-387
-161
65
292
535
784
997
1124
1126
1022
855
641
368
38
-313
-638
-908
-1114
-1260
-1352
-1396
-1411
-1406
-1377
-1314
-1225
-1136
-1042
-909
-715
-454
-139
210
568
929
1289
1622
1885
2065
2161
2150
2011
1761
1444
1088
688
257
-172
-560
-881
-1122
-1293
-1400
-1431
-1386
-1295
-1191
-1062
-898
-706
-515
-332
-138
68
275
476
661
826
972
1085
1138
1130
1082
1010
905
757
573
381
204
45
-96
-226
-333
-413
-468
-509
-537
-548
-547
-555
-582
-619
-639
-624
-566
-461
-298
-47
278
601
864
1080
1258
1356
1326
1178
956
702
454
243
84
-22
-77
-114
-177
-254
-319
-398
-548
-773
-1029
-1269
-1460
-1576
-1605
-1540
-1376
-1116
-789
-435
-79
257
525
682
736
725
674
587
472
360
285
260
282
329
379
425
447
420
326
190
32
-149
-348
-527
-645
-682
-643
-538
-385
-202
-9
173
322
426
480
477
415
318
217
149
132
141
151
169
214
268
306
304
254
154
18
-120
-236
-317
-357
-353
-307
-221
-81
109
307
463
565
621
642
620
554
451
322
178
40
-72
-153
-203
-232
-264
-306
-346
-372
-398
-446
-512
-570
-601
-595
-552
-477
-375
-248
-108
25
142
236
288
286
244
191
145
129
141
157
161
169
199
226
217
161
68
-52
-182
-296
-383
-438
-470
-482
-485
-472
-425
-350
-274
-225
-190
-148
-91
-25
52
138
225
305
380
443
489
511
511
483
431
374
324
275
222
170
122
67
5
-57
-115
-172
-233
-293
-340
-361
-350
-308
-244
-163
-65
45
156
263
360
435
478
485
464
429
392
347
288
212
140
89
59
45
29
4
-31
-75
-118
-155
-185
-216
-258
-298
-321
-317
-290
-245
-196
-148
-102
-60
-37
-48
-93
-168
-272
-395
-512
-591
-619
-595
-503
-330
-100
136
351
532
662
711
674
573
438
306
214
180
195
252
341
424
464
441
354
196
-46
-358
-704
-1026
-1274
-1418
-1449
-1357
-1154
-859
-501
-122
238
543
768
892
918
870
786
687
583
478
393
341
314
289
248
173
61
-87
-266
-455
-637
-792
-902
-960
-956
-875
-712
-491
-249
-7
226
437
609
740
837
903
943
964
977
989
1000
998
967
890
763
597
402
174
-80
-332
-557
-743
-874
-938
-929
-856
-738
-591
-435
-278
-125
5
97
151
177
185
180
171
162
153
143
126
100
66
15
-53
-148
-271
-409
-545
-663
-757
-817
-830
-790
-698
-564
-398
-212
-25
138
257
331
369
369
331
261
180
108
59
41
48
72
108
148
165
146
96
12
-105
-251
-408
-549
-642
-664
-596
-458
-272
-58
172
389
562
680
744
749
710
656
613
589
585
591
594
583
550
488
382
233
53
-143
-337
-499
-594
-610
-542
-389
-167
105
397
673
897
1040
1090
1043
897
680
426
169
-73
-277
-431
-532
-584
-597
-595
-600
-616
-645
-695
-765
-839
-890
-903
-875
-806
-690
-517
-299
-61
171
369
526
630
676
661
597
504
395
278
156
42
-57
-148
-244
-350
-454
-553
-645
-728
-794
-830
-828
-791
-714
-598
-447
-272
-86
97
266
424
568
681
762
815
836
817
757
663
534
362
151
-84
-324
-548
-715
-801
-790
-669
-441
-143
170
466
724
915
1005
980
868
706
528
366
246
176
157
175
206
231
242
225
171
67
-84
-251
-400
-506
-558
-552
-472
-322
-122
99
312
491
611
660
637
553
427
293
172
69
-8
-53
-73
-87
-117
-177
-276
-410
-569
-738
-900
-1037
-1126
-1151
-1107
-1004
-848
-643
-409
-165
68
272
439
566
652
690
690
661
619
567
504
433
347
241
115
-37
-211
-393
-572
-734
-865
-947
-965
-915
-801
-633
-420
-180
67
296
485
624
708
740
726
679
620
567
530
514
512
516
510
484
422
315
164
-21
-224
-423
-598
-730
-803
-806
-742
-627
-477
-307
-131
27
148
236
296
332
352
372
405
450
503
565
624
654
638
568
442
267
62
-137
-303
-418
-472
-471
-424
-345
-245
-155
-96
-71
-65
-71
-76
-68
-37
9
54
94
117
119
100
64
12
-52
-117
-166
-191
-186
-150
-84
2
92
173
230
246
215
140
32
-104
-257
-404
-519
-584
-597
-567
-504
-422
-335
-257
-195
-158
-142
-141
-143
-141
-126
-87
-21
60
145
231
315
392
452
486
493
480
461
440
415
383
353
324
291
240
163
63
-55
-188
-327
-462
-578
-665
-714
-726
-697
-626
-512
-361
-183
9
209
406
580
714
792
818
793
728
636
540
458
415
405
404
386
345
279
180
34
-144
-324
-475
-575
-615
-587
-505
-393
-281
-189
-129
-107
-118
-157
-214
-275
-317
-315
-254
-141
13
189
362
519
635
689
675
589
451
283
109
-48
-170
-245
-268
-257
-232
-218
-231
-285
-381
-512
-664
-808
-913
-959
-943
-858
-703
-494
-255
-15
197
365
483
546
556
522
466
415
379
357
352
366
394
423
432
407
343
249
133
-3
-146
-277
-379
-444
-475
-465
-421
-349
-262
-172
-88
-25
10
30
39
47
68
118
199
303
425
541
636
690
691
628
502
328
131
-65
-237
-361
-427
-436
-390
-307
-207
-112
-41
5
22
12
-16
-48
-71
-74
-46
10
81
161
235
288
309
298
259
194
109
19
-62
-122
-159
-166
-151
-127
-102
-89
-103
-150
-229
-329
-438
-537
-604
-626
-604
-544
-453
-344
-228
-122
-40
16
50
85
138
219
321
427
529
617
676
694
659
575
454
315
178
61
-34
-115
-191
-267
-340
-407
-464
-518
-562
-581
-556
-483
-366
-220
-55
116
284
440
574
679
745
771
760
720
659
579
479
359
224
85
-53
-193
-337
-478
-611
-726
-815
-867
-875
-838
-755
-627
-457
-262
-62
122
280
404
499
566
607
623
629
637
645
642
617
566
487
374
227
50
-137
-316
-474
-596
-677
-713
-706
-662
-597
-521
-443
-362
-283
-205
-129
-51
32
117
197
270
330
371
387
374
325
243
134
9
-127
-260
-377
-467
-517
-528
-504
-448
-374
-296
-225
-170
-135
-114
-91
-53
15
113
240
385
529
649
725
744
704
612
485
344
221
138
98
94
116
149
179
189
171
116
33
-63
-145
-206
-242
-250
-233
-195
-145
-88
-35
-4
-1
-16
-40
-68
-90
-96
-78
-39
20
91
162
218
243
231
169
66
-59
-188
-307
-403
-459
-466
-421
-331
-210
-82
34
125
183
206
198
167
130
95
71
65
76
91
105
107
89
51
-6
-77
-153
-219
-264
-280
-272
-242
-196
-141
-85
-44
-16
-5
-7
-15
-21
-20
-10
9
38
69
101
129
148
155
146
119
78
26
-28
-83
-128
-159
-174
-171
-150
-117
-81
-44
-8
23
53
78
104
134
170
209
252
297
332
351
351
330
289
229
156
77
1
-64
-117
-154
-177
-191
-198
-203
-208
-216
-223
-228
-232
-230
-218
-199
-167
-122
-67
-10
46
99
147
187
217
237
248
250
245
239
231
221
209
194
171
139
97
50
-5
-71
-139
-201
-257
-302
-332
-344
-340
-320
-291
-251
-204
-150
-90
-32
27
84
140
189
227
249
256
247
224
187
137
81
23
-35
-89
-140
-188
-233
-272
-305
-329
-345
-352
-348
-334
-309
-274
-233
-187
-139
-89
-36
21
80
141
208
280
349
413
465
499
511
501
469
415
341
257
172
90
15
-43
-84
-115
-134
-139
-134
-127
-122
-118
-117
-113
-105
-84
-51
-5
61
140
220
298
368
421
444
437
404
347
274
193
112
35
-33
-88
-131
-169
-205
-238
-271
-307
-345
-382
-411
-433
-439
-431
-404
-360
-300
-226
-149
-71
1
61
103
127
132
119
92
56
18
-20
-56
-88
-118
-147
-175
-204
-231
-255
-273
-284
-282
-266
-231
-180
-121
-53
13
75
129
169
195
207
208
203
190
173
157
145
134
125
115
107
98
91
82
73
69
71
80
90
105
122
140
160
179
193
202
202
197
184
166
145
120
93
68
48
32
21
13
11
11
11
14
17
22
27
36
46
57
70
86
102
119
134
145
148
144
132
111
81
44
1
-49
-104
-159
-211
-261
-306
-347
-382
-409
-428
-438
-440
-434
-420
-396
-362
-317
-261
-199
-131
-64
6
76
139
189
222
239
240
230
209
174
131
84
35
-9
-53
-89
-120
-143
-161
-170
-173
-168
-156
-141
-121
-93
-56
-13
39
94
150
205
257
305
339
361
368
360
342
314
277
235
192
148
104
64
25
-15
-55
-89
-119
-146
-167
-182
-187
-183
-170
-150
-123
-92
-58
-21
13
44
74
102
125
145
160
172
178
180
177
167
150
128
102
70
35
1
-33
-64
-88
-107
-119
-127
-133
-133
-128
-124
-120
-112
-103
-93
-83
-71
-62
-54
-46
-39
-38
-43
-50
-57
-68
-80
-91
-97
-100
-100
-98
-96
-94
-93
-94
-98
-107
-116
-123
-125
-122
-111
-93
-68
-39
-7
25
54
74
87
92
90
85
78
73
67
65
66
74
86
101
118
133
145
154
158
158
153
144
132
116
101
87
72
56
39
22
4
-12
-26
-36
-43
-46
-45
-37
-28
-15
-1
12
20
27
31
34
34
30
29
26
25
25
26
27
27
26
22
18
11
1
-11
-24
-34
-40
-42
-39
-34
-22
-9
5
20
32
43
47
48
43
36
28
19
6
-3
-12
-20
-28
-34
-39
-46
-53
-60
-66
-74
-84
-92
-99
-105
-109
-113
-113
-115
-113
-110
-108
-102
-95
-85
-80
-75
-72
-70
-72
-74
-75
-75
-72
-67
-60
-52
-39
-25
-10
6
24
45
65
85
103
122
133
139
143
141
134
124
112
100
88
79
72
65
58
52
49
43
36
30
23
13
3
-8
-20
-28
-31
-30
-25
-16
-3
13
28
41
49
53
53
48
42
37
31
25
19
14
10
8
7
4
-1
-8
-17
-27
-38
-50
-60
-67
-71
-68
-60
-50
-34
-15
3
20
36
50
60
69
77
84
89
92
90
86
79
68
52
34
12
-11
-37
-65
-89
-112
-132
-150
-163
-170
-172
-171
-170
-166
-164
-161
-156
-151
-143
-130
-111
-86
-58
-26
11
47
80
108
132
148
156
156
148
133
115
92
70
52
36
26
20
18
18
19
20
19
17
16
17
18
23
30
39
50
61
72
81
88
95
103
107
110
112
112
110
104
97
84
69
50
27
3
-22
-47
-70
-94
-115
-131
-141
-144
-145
-143
-137
-128
-120
-109
-97
-85
-73
-61
-44
-28
-10
6
18
30
38
44
45
42
36
27
17
6
-5
-18
-30
-40
-48
-57
-67
-75
-79
-86
-91
-95
-97
-96
-92
-83
-74
-63
-50
-33
-17
-5
11
23
36
46
56
65
72
77
83
87
87
86
83
77
67
56
44
31
18
4
-9
-18
-23
-25
-23
-19
-12
-3
8
17
26
36
43
50
57
65
73
80
89
96
101
108
113
113
113
108
103
94
81
67
51
35
18
1
-16
-30
-43
-57
-69
-78
-81
-82
-82
-79
-72
-64
-53
-42
-34
-26
-19
-13
-11
-11
-13
-16
-20
-23
-27
-31
-35
-38
-39
-42
-46
-52
-60
-67
-78
-87
-93
-96
-98
-97
-93
-85
-77
-67
-53
-43
-31
-20
-9
2
11
19
29
37
45
55
63
67
71
72
72
68
64
56
47
40
33
29
25
24
23
25
28
30
32
36
38
38
38
39
40
39
38
39
37
37
34
32
26
22
17
11
4
-2
-9
-15
-22
-29
-33
-39
-44
-48
-50
-52
-49
-47
-41
-34
-26
-16
-7
2
11
22
30
36
40
43
43
39
33
22
10
-3
-15
-28
-40
-50
-57
-64
-69
-73
-73
-71
-70
-64
-56
-48
-39
-28
-18
-8
2
11
19
24
27
30
31
29
28
25
20
16
10
5
0
-6
-15
-23
-32
-39
-48
-55
-58
-57
-53
-46
-37
-24
-9
7
24
39
51
62
74
84
93
99
106
111
114
117
116
114
106
99
85
71
54
38
24
7
-5
-15
-22
-25
-26
-25
-25
-22
-19
-14
-13
-9
-7
-6
-2
1
6
8
12
15
18
19
15
11
5
-1
-10
-19
-29
-40
-47
-56
-62
-69
-73
-78
-82
-81
-81
-81
-78
-75
-69
-62
-53
-44
-36
-29
-23
-17
-11
-9
-6
-6
-6
-6
-8
-8
-9
-9
-9
-10
-12
-13
-15
-16
-18
-19
-19
-19
-18
-16
-9
-7
-3
1
4
7
9
10
11
12
15
19
21
24
28
32
36
36
39
39
39
37
35
33
31
31
33
36
39
43
47
50
54
56
56
57
55
52
51
51
51
51
52
54
55
53
52
49
46
41
34
27
22
14
9
2
-4
-7
-11
-15
-20
-24
-27
-31
-37
-43
-47
-51
-55
-58
-59
-61
-60
-58
-58
-58
-58
-57
-56
-58
-58
-56
-55
-54
-54
-52
-50
-48
-46
-45
-43
-42
-40
-39
-38
-35
-32
-27
-23
-19
-14
-9
-5
-3
2
3
6
8
11
13
18
22
27
31
35
38
42
43
43
42
43
43
42
43
41
41
41
41
41
41
41
40
39
39
38
41
41
40
38
39
41
42
42
42
44
45
46
46
44
43
40
34
29
22
16
11
4
-3
-8
-10
-12
-15
-18
-20
-20
-23
-26
-29
-33
-36
-40
-43
-45
-46
-45
-46
-45
-44
-43
-42
-43
-45
-46
-50
-55
-57
-62
-65
-67
-70
-71
-72
-71
-69
-68
-65
-61
-56
-50
-43
-37
-28
-20
-12
-3
4
11
17
22
26
27
27
28
31
31
30
29
29
30
29
29
29
29
30
29
29
28
29
32
34
38
42
45
49
50
52
53
55
55
55
55
53
52
51
51
52
51
51
49
46
43
39
35
30
26
22
18
14
9
5
3
-2
-6
-10
-12
-13
-13
-15
-16
-15
-15
-14
-13
-15
-16
-19
-23
-26
-28
-31
-34
-37
-39
-42
-42
-42
-43
-45
-45
-45
-45
-47
-47
-48
-48
-49
-48
-48
-47
-44
-43
-41
-41
-39
-34
-30
-28
-24
-19
-13
-6
-1
3
7
10
13
12
12
12
11
10
7
7
7
4
4
4
4
6
7
11
12
13
15
19
21
23
26
28
30
30
31
31
29
28
26
23
21
20
18
15
14
14
15
16
17
16
16
15
15
16
14
15
14
14
14
14
14
15
14
13
14
15
15
14
14
11
7
6
6
4
3
1
-1
-2
-5
-6
-6
-9
-10
-11
-11
-10
-9
-10
-12
-12
-14
-14
-14
-15
-17
-17
-18
-17
-14
-13
-14
-13
-13
-12
-12
-14
-18
-21
-26
-30
-33
-37
-41
-43
-46
-48
-48
-46
-43
-40
-35
-31
-24
-17
-8
-1
5
10
16
21
24
24
24
22
23
23
23
21
20
20
18
17
18
17
17
17
18
19
19
22
24
27
27
29
28
28
26
25
23
22
22
25
27
29
32
36
38
40
39
36
32
25
19
10
4
-4
-9
-13
-17
-18
-19
-19
-20
-19
-19
-17
-16
-16
-14
-13
-10
-9
-7
-6
-6
-6
-8
-9
-12
-14
-17
-22
-24
-27
-27
-28
-31
-30
-31
-32
-32
-32
-32
-33
-34
-35
-36
-36
-37
-38
-37
-36
-35
-32
-27
-23
-20
-14
-8
-2
3
8
12
17
18
20
20
19
19
18
17
16
13
11
9
9
10
10
13
16
19
22
26
30
33
37
39
40
41
43
43
41
39
37
35
32
32
31
28
24
23
22
23
21
19
18
18
17
16
15
14
11
9
7
2
-3
-8
-16
-24
-29
-34
-36
-37
-37
-34
-29
-21
-15
-7
0
5
9
9
8
4
-1
-7
-14
-22
-28
-31
-33
-35
-35
-35
-33
-33
-32
-32
-30
-29
-28
-28
-28
-26
-24
-23
-23
-22
-21
-20
-20
-18
-16
-13
-8
-5
0
4
10
16
19
22
23
24
24
21
20
17
16
14
12
11
10
11
10
11
13
14
17
20
22
25
26
25
25
26
26
26
26
26
26
26
25
25
22
22
23
22
19
17
14
13
11
10
9
6
3
1
-2
-6
-8
-10
-11
-16
-18
-19
-18
-18
-17
-16
-15
-13
-15
-14
-15
-14
-13
-12
-12
-13
-13
-13
-12
-13
-14
-14
-15
-15
-17
-17
-18
-17
-18
-19
-18
-19
-20
-18
-17
-17
-16
-15
-14
-12
-10
-7
-6
-3
-3
-1
2
3
3
5
6
6
7
9
9
11
11
11
13
13
13
12
13
12
12
14
14
13
13
15
15
17
19
21
21
21
21
21
21
20
19
18
18
16
15
14
13
12
10
9
7
7
7
4
4
3
2
0
-2
-2
-4
-9
-11
-12
-15
-17
-18
-18
-18
-17
-16
-14
-13
-13
