1
1
1
2
1
3
2
2
2
2
1
1
1
1
0
1
1
1
2
2
2
2
1
0
1
0
-1
0
2
1
1
1
1
2
1
2
2
1
0
0
0
0
0
1
1
2
2
3
2
2
1
0
-1
-1
-1
-3
-2
-3
-3
-2
-2
-1
-1
-1
-1
-3
-2
-2
-1
-1
-2
-2
-2
-1
-1
-1
1
0
0
-1
-1
-1
-1
0
-1
1
1
2
2
2
3
1
2
2
1
1
2
2
1
1
3
3
4
2
3
3
0
2
1
0
0
-1
-1
-1
-1
0
-2
-1
-1
1
0
-1
-2
-1
-1
0
0
0
-2
-2
-2
-1
-1
-1
0
-1
0
0
-1
0
2
0
0
-1
0
0
0
1
1
-1
-2
-2
-1
-1
-2
-2
-1
-1
-1
0
-1
-2
-1
-1
-2
-2
-3
-3
-2
-1
0
0
1
1
2
2
2
2
2
1
1
1
1
1
1
1
1
2
3
4
4
4
4
4
3
2
2
2
1
0
1
1
0
0
1
0
-1
-2
-2
-3
-1
-2
-3
-2
-1
-3
-2
-2
-3
-3
-3
-4
-3
-3
-4
-3
-3
-4
-4
-4
-3
-2
-2
-1
0
0
-2
-1
0
-1
1
0
-1
3
1
0
-1
0
1
1
1
2
3
3
3
3
3
3
3
2
3
3
3
3
3
2
1
2
3
3
1
2
3
1
2
2
2
3
2
2
3
3
2
2
0
0
0
0
0
0
0
0
0
1
-1
-1
-2
-2
-3
-2
-2
-3
-1
-2
-2
-3
-2
-2
-2
-2
-3
-3
-1
-2
-3
-4
-2
-2
-2
-3
-3
-4
-5
-3
-3
-3
-3
-4
-3
-3
-2
-3
-2
-1
-2
-2
-1
-2
-2
-2
0
1
1
0
2
3
2
2
3
4
5
4
5
4
5
5
4
4
3
3
3
1
2
3
4
4
3
5
4
3
4
2
2
2
2
1
-1
1
0
-1
0
0
1
0
0
-1
-1
-2
-4
-4
-3
-2
0
-2
-3
-4
-2
-1
-2
-1
-1
0
0
-2
-2
-2
-4
-2
-3
-4
-3
-3
-2
-2
-3
-3
-2
0
3
4
4
2
-1
-4
-5
-4
-1
1
0
2
3
4
5
5
5
6
5
3
2
0
0
4
5
6
4
3
4
7
8
5
4
2
2
2
7
8
8
8
5
3
0
-2
-2
-2
-2
-7
-9
-11
-10
-6
-7
-12
-18
-23
-18
-12
-8
-6
-7
-4
0
3
3
2
0
-2
-5
-9
-10
-13
-11
-5
-1
-1
-2
-1
2
0
-4
-11
-15
-13
-9
1
6
8
6
3
4
5
5
2
-2
-5
-2
4
9
8
3
3
10
20
28
31
27
21
14
14
21
27
30
27
22
20
16
15
11
8
5
4
7
7
5
0
-2
-2
-3
-6
-5
0
5
6
2
-6
-14
-21
-24
-20
-13
-10
-13
-19
-22
-22
-18
-14
-13
-20
-26
-27
-23
-19
-19
-21
-20
-15
-10
-3
4
5
-1
-5
-7
-4
1
0
-4
-6
-5
-2
1
0
-4
-7
-3
3
2
-3
-9
-10
-6
-4
-8
-12
-15
-11
-1
7
10
10
7
8
13
19
23
21
16
14
18
25
26
19
9
4
9
18
22
18
12
11
16
20
14
-1
-13
-17
-13
-7
-4
-4
0
7
16
18
14
7
1
-3
-9
-16
-21
-24
-22
-14
-12
-15
-16
-5
8
16
17
8
2
4
11
11
-2
-18
-25
-13
13
63
142
233
296
293
209
76
-53
-154
-220
-250
-244
-169
-19
172
324
348
251
83
-75
-190
-253
-259
-262
-240
-195
-120
-32
7
-5
-45
-77
-105
-168
-253
-339
-383
-365
-305
-202
-104
-3
117
235
297
238
124
29
-10
7
32
64
99
130
168
200
213
198
165
137
111
86
57
44
73
112
132
132
138
165
192
200
174
127
90
88
128
170
168
130
91
81
98
112
98
55
9
-24
-48
-71
-114
-152
-145
-126
-119
-141
-178
-199
-210
-223
-237
-237
-236
-229
-215
-222
-250
-294
-344
-361
-345
-297
-246
-226
-236
-284
-328
-375
-413
-437
-440
-373
-279
-189
-111
-19
122
241
298
327
352
402
455
508
539
533
537
603
728
825
857
842
773
652
490
339
224
131
46
-38
-96
-97
-25
74
96
13
-127
-239
-287
-303
-314
-324
-298
-219
-103
35
151
196
159
70
-27
-98
-129
-145
-152
-163
-164
-109
-26
16
1
-63
-142
-222
-323
-421
-470
-467
-443
-422
-385
-333
-305
-317
-380
-463
-538
-581
-557
-510
-474
-451
-412
-354
-332
-340
-374
-395
-353
-258
-91
119
318
452
535
634
743
817
825
787
771
764
817
941
1048
1095
1068
999
895
772
660
534
393
208
16
-122
-196
-182
-157
-176
-237
-278
-251
-223
-235
-308
-420
-486
-492
-423
-303
-156
-4
113
195
224
214
177
88
-27
-139
-193
-163
-96
-31
18
55
63
23
-72
-221
-396
-550
-660
-735
-768
-759
-722
-675
-629
-580
-548
-540
-588
-687
-765
-798
-782
-761
-754
-708
-603
-443
-251
32
346
548
648
702
787
872
895
894
913
958
1027
1192
1424
1590
1670
1637
1531
1355
1147
939
704
459
200
-25
-157
-223
-193
-183
-265
-403
-524
-595
-692
-803
-931
-1037
-1065
-1032
-912
-759
-602
-419
-245
-90
34
169
278
322
307
256
265
318
344
339
323
355
399
410
354
257
139
-32
-209
-390
-551
-659
-750
-839
-915
-928
-906
-904
-938
-1020
-1077
-1110
-1125
-1108
-1069
-1019
-968
-881
-757
-605
-450
-300
1
376
653
842
1029
1263
1396
1416
1395
1404
1418
1403
1486
1632
1764
1896
1926
1880
1759
1593
1370
1058
741
372
5
-316
-548
-643
-734
-807
-847
-872
-894
-951
-979
-1071
-1201
-1323
-1431
-1430
-1367
-1228
-1009
-766
-496
-231
88
388
609
710
698
713
702
667
635
598
624
671
723
749
765
773
673
473
170
-140
-421
-713
-965
-1197
-1391
-1495
-1493
-1453
-1446
-1389
-1333
-1331
-1339
-1336
-1294
-1286
-1297
-1270
-1198
-1043
-837
-465
40
536
960
1276
1595
1900
2050
2009
1897
1834
1742
1722
1838
1993
2185
2282
2279
2193
2058
1874
1540
1125
656
167
-291
-694
-904
-1064
-1212
-1296
-1310
-1277
-1295
-1276
-1291
-1398
-1530
-1656
-1681
-1669
-1597
-1447
-1252
-972
-675
-330
24
381
665
785
910
1040
1094
1054
982
978
967
962
950
957
958
925
883
718
473
210
-93
-415
-734
-1020
-1306
-1510
-1638
-1780
-1871
-1883
-1798
-1739
-1716
-1643
-1521
-1393
-1338
-1279
-1214
-1122
-972
-827
-487
71
655
1085
1420
1881
2257
2449
2487
2472
2410
2237
2151
2139
2165
2216
2194
2145
2027
1941
1775
1445
1099
673
191
-362
-816
-1115
-1408
-1652
-1826
-1863
-1858
-1806
-1636
-1547
-1510
-1508
-1492
-1465
-1459
-1402
-1350
-1205
-1002
-778
-453
-44
423
741
987
1270
1499
1588
1510
1460
1394
1287
1178
1047
938
859
845
737
537
367
152
-95
-408
-719
-1048
-1375
-1612
-1883
-2160
-2363
-2384
-2348
-2383
-2292
-2085
-1833
-1653
-1506
-1298
-1130
-945
-850
-703
-298
212
654
964
1415
1975
2390
2658
2846
3011
2991
2866
2797
2720
2671
2527
2317
2100
1918
1789
1556
1294
1005
623
146
-369
-744
-1121
-1502
-1825
-2080
-2228
-2310
-2214
-2059
-1952
-1856
-1751
-1599
-1501
-1410
-1314
-1203
-1036
-894
-665
-310
157
543
793
1134
1512
1806
1896
1918
1948
1894
1782
1586
1425
1279
1123
921
616
387
189
-55
-379
-727
-1027
-1369
-1643
-1920
-2240
-2514
-2682
-2738
-2837
-2845
-2696
-2470
-2272
-2130
-1866
-1553
-1229
-993
-800
-412
82
548
863
1248
1812
2247
2520
2733
3026
3226
3248
3278
3273
3297
3208
2972
2704
2429
2208
1851
1424
1053
677
258
-234
-577
-858
-1209
-1558
-1877
-2099
-2294
-2370
-2363
-2385
-2349
-2273
-2101
-1916
-1734
-1527
-1330
-1045
-796
-566
-238
166
536
725
944
1301
1642
1832
1898
2015
2114
2119
2017
1839
1688
1486
1155
721
336
56
-254
-621
-978
-1284
-1560
-1818
-2058
-2341
-2639
-2867
-3021
-3156
-3242
-3154
-2928
-2713
-2520
-2243
-1859
-1423
-1059
-737
-286
264
743
1082
1471
2021
2497
2775
2977
3280
3552
3645
3671
3674
3692
3593
3323
3024
2750
2499
2086
1582
1168
791
348
-185
-579
-880
-1243
-1616
-1930
-2122
-2317
-2464
-2513
-2537
-2512
-2449
-2297
-2120
-1942
-1750
-1551
-1268
-994
-738
-417
-10
386
632
868
1225
1594
1806
1889
2019
2172
2212
2090
1895
1743
1564
1250
821
411
102
-225
-630
-998
-1304
-1586
-1885
-2182
-2461
-2741
-2962
-3128
-3273
-3358
-3310
-3110
-2893
-2670
-2376
-1997
-1550
-1156
-782
-299
286
824
1212
1615
2150
2657
2963
3160
3435
3697
3821
3850
3866
3900
3802
3525
3190
2900
2643
2246
1735
1284
909
488
-38
-465
-782
-1119
-1499
-1839
-2048
-2238
-2409
-2510
-2554
-2531
-2479
-2368
-2222
-2045
-1857
-1662
-1387
-1100
-827
-543
-190
202
489
735
1044
1377
1590
1677
1793
1951
2041
1964
1794
1651
1486
1202
800
405
90
-251
-690
-1099
-1406
-1672
-1982
-2303
-2556
-2759
-2929
-3077
-3188
-3221
-3159
-3000
-2813
-2578
-2272
-1912
-1504
-1123
-697
-179
376
902
1333
1778
2273
2729
3040
3241
3480
3688
3813
3854
3857
3884
3790
3547
3220
2914
2634
2221
1728
1257
873
461
-36
-435
-743
-1029
-1389
-1732
-1934
-2099
-2246
-2402
-2497
-2513
-2489
-2409
-2305
-2129
-1919
-1702
-1449
-1173
-852
-535
-206
118
380
614
884
1178
1381
1497
1603
1736
1829
1786
1671
1553
1393
1129
764
399
91
-250
-678
-1097
-1424
-1686
-1987
-2310
-2552
-2713
-2840
-2977
-3055
-3027
-2912
-2767
-2634
-2416
-2120
-1777
-1425
-1085
-624
-77
467
971
1438
1950
2435
2835
3127
3365
3600
3740
3813
3815
3812
3826
3721
3507
3211
2937
2654
2266
1819
1351
939
473
-15
-425
-771
-1080
-1441
-1749
-1960
-2113
-2230
-2360
-2428
-2454
-2446
-2423
-2370
-2221
-2049
-1864
-1672
-1412
-1061
-690
-325
-6
305
601
896
1145
1307
1437
1536
1630
1650
1598
1531
1451
1328
1080
777
472
180
-164
-598
-1010
-1365
-1675
-2016
-2356
-2582
-2716
-2825
-2943
-2985
-2918
-2796
-2690
-2577
-2360
-2076
-1767
-1484
-1122
-600
-71
437
924
1485
2058
2504
2865
3168
3472
3659
3737
3787
3793
3819
3741
3599
3416
3201
2984
2647
2280
1861
1426
953
435
1
-421
-806
-1184
-1506
-1729
-1950
-2112
-2274
-2389
-2463
-2522
-2523
-2523
-2443
-2315
-2153
-1957
-1728
-1406
-1060
-695
-357
-35
315
652
954
1159
1333
1493
1629
1701
1684
1657
1602
1507
1323
1075
817
552
255
-131
-529
-902
-1242
-1575
-1936
-2246
-2477
-2655
-2815
-2931
-2954
-2905
-2835
-2750
-2588
-2339
-2049
-1754
-1417
-952
-446
27
487
1001
1566
2041
2419
2749
3102
3382
3531
3658
3759
3863
3861
3741
3597
3427
3255
2963
2580
2181
1779
1349
834
384
-3
-397
-821
-1219
-1484
-1720
-1941
-2150
-2323
-2431
-2528
-2581
-2595
-2547
-2443
-2329
-2179
-1974
-1684
-1356
-1014
-670
-356
-21
336
660
918
1136
1343
1534
1667
1724
1756
1758
1694
1537
1306
1054
786
477
81
-322
-692
-1047
-1398
-1755
-2062
-2307
-2523
-2728
-2892
-2959
-2972
-2960
-2910
-2780
-2548
-2268
-1981
-1665
-1209
-681
-200
265
759
1333
1835
2217
2579
2959
3293
3470
3606
3720
3815
3869
3784
3667
3505
3318
3074
2726
2360
1980
1595
1103
595
189
-199
-612
-1051
-1383
-1636
-1900
-2146
-2342
-2423
-2492
-2573
-2607
-2582
-2470
-2347
-2223
-2055
-1810
-1511
-1209
-878
-547
-186
204
535
828
1102
1360
1583
1738
1816
1855
1856
1768
1631
1433
1170
889
568
192
-210
-594
-970
-1331
-1678
-2017
-2294
-2523
-2729
-2896
-2989
-3012
-3026
-2997
-2888
-2688
-2415
-2147
-1823
-1353
-835
-361
118
661
1276
1810
2206
2590
3015
3354
3534
3689
3816
3904
3921
3825
3730
3613
3455
3206
2869
2533
2193
1819
1321
832
429
10
-457
-932
-1269
-1528
-1813
-2123
-2362
-2452
-2512
-2588
-2662
-2648
-2532
-2417
-2316
-2176
-1919
-1618
-1338
-1053
-740
-356
51
393
680
976
1272
1517
1695
1785
1861
1907
1842
1704
1515
1301
1040
695
287
-113
-483
-888
-1288
-1659
-2007
-2284
-2525
-2751
-2938
-3046
-3084
-3114
-3114
-3022
-2822
-2582
-2377
-2087
-1594
-1059
-592
-123
437
1092
1662
2082
2495
2972
3349
3533
3696
3851
3987
4012
3894
3775
3649
3493
3263
2955
2619
2285
1941
1466
992
602
205
-255
-744
-1113
-1398
-1688
-1999
-2271
-2424
-2516
-2598
-2681
-2690
-2586
-2474
-2380
-2253
-2016
-1731
-1463
-1183
-875
-508
-97
268
562
856
1174
1474
1686
1787
1877
1959
1939
1819
1641
1442
1220
898
470
80
-259
-655
-1084
-1491
-1855
-2162
-2439
-2704
-2919
-3049
-3112
-3151
-3169
-3095
-2894
-2656
-2464
-2226
-1798
-1288
-823
-367
150
788
1398
1862
2299
2812
3275
3524
3697
3876
4053
4123
4008
3882
3781
3636
3406
3112
2807
2489
2159
1724
1275
887
470
11
-473
-887
-1229
-1547
-1851
-2146
-2370
-2520
-2616
-2709
-2772
-2714
-2604
-2520
-2425
-2217
-1918
-1642
-1383
-1101
-747
-325
60
376
684
1005
1302
1531
1684
1813
1927
1950
1875
1732
1551
1365
1099
698
279
-76
-449
-880
-1303
-1671
-1974
-2261
-2558
-2790
-2914
-2971
-3033
-3081
-3028
-2864
-2667
-2508
-2289
-1905
-1467
-1057
-613
-91
503
1073
1547
1983
2469
2933
3242
3469
3676
3855
3937
3865
3763
3662
3511
3292
3023
2751
2467
2168
1775
1350
984
598
165
-277
-652
-986
-1315
-1619
-1904
-2140
-2326
-2470
-2590
-2686
-2672
-2583
-2495
-2400
-2223
-1963
-1697
-1439
-1166
-834
-424
-46
253
558
907
1231
1458
1610
1758
1899
1951
1904
1803
1655
1465
1209
835
441
94
-283
-717
-1148
-1528
-1853
-2142
-2430
-2691
-2850
-2918
-2972
-3029
-2992
-2841
-2669
-2523
-2346
-2012
-1582
-1199
-810
-339
222
798
1291
1737
2239
2738
3085
3338
3607
3839
3972
3945
3856
3781
3653
3451
3189
2920
2640
2334
1963
1548
1192
825
392
-47
-433
-755
-1078
-1392
-1687
-1951
-2155
-2320
-2476
-2615
-2666
-2630
-2584
-2529
-2399
-2174
-1923
-1677
-1414
-1108
-710
-299
26
336
703
1059
1329
1522
1690
1846
1924
1902
1830
1702
1520
1291
965
581
227
-130
-538
-960
-1351
-1710
-2014
-2287
-2574
-2810
-2946
-3005
-3058
-3075
-2981
-2817
-2648
-2479
-2244
-1867
-1441
-1049
-662
-207
354
909
1369
1820
2333
2801
3126
3410
3701
3941
4052
3998
3911
3822
3671
3439
3131
2834
2529
2158
1743
1345
1004
626
191
-217
-558
-847
-1148
-1433
-1689
-1926
-2110
-2257
-2376
-2467
-2499
-2478
-2448
-2363
-2217
-2016
-1766
-1507
-1233
-918
-519
-117
217
546
901
1241
1505
1699
1856
1956
1983
1933
1795
1579
1327
1043
672
256
-129
-510
-917
-1321
-1704
-2044
-2310
-2522
-2745
-2940
-3023
-3023
-3002
-2978
-2876
-2682
-2480
-2283
-2057
-1713
-1264
-853
-486
-84
456
1055
1537
1964
2446
2929
3285
3535
3801
4053
4202
4153
4006
3887
3730
3493
3146
2766
2420
2030
1586
1161
828
485
63
-314
-626
-901
-1162
-1391
-1599
-1833
-2026
-2145
-2225
-2304
-2373
-2384
-2353
-2273
-2144
-1974
-1728
-1445
-1196
-948
-587
-152
203
496
826
1157
1442
1669
1814
1883
1890
1835
1681
1436
1180
892
515
72
-346
-726
-1117
-1490
-1856
-2208
-2472
-2643
-2803
-2984
-3065
-3034
-3005
-2962
-2853
-2663
-2429
-2201
-1979
-1736
-1331
-817
-420
-81
357
942
1507
1920
2337
2813
3241
3530
3752
4014
4261
4384
4248
4008
3870
3705
3385
2919
2495
2133
1699
1227
793
448
109
-293
-671
-974
-1158
-1306
-1497
-1708
-1890
-1984
-2030
-2065
-2105
-2159
-2144
-2064
-1982
-1883
-1696
-1426
-1211
-1059
-827
-415
54
383
614
891
1228
1530
1688
1737
1771
1750
1599
1332
1052
818
501
35
-474
-879
-1179
-1491
-1844
-2188
-2448
-2603
-2707
-2802
-2875
-2849
-2761
-2710
-2633
-2458
-2195
-1946
-1768
-1599
-1359
-946
-447
-93
188
593
1137
1653
2045
2462
2951
3372
3616
3803
4093
4372
4471
4273
3971
3836
3686
3323
2821
2378
1997
1534
1019
566
240
-79
-522
-961
-1247
-1354
-1445
-1630
-1833
-1959
-1993
-2002
-2019
-2034
-2068
-2069
-2030
-1977
-1870
-1671
-1438
-1286
-1159
-907
-486
-17
308
520
797
1133
1421
1587
1650
1671
1626
1440
1177
940
708
366
-138
-676
-1071
-1353
-1660
-2001
-2320
-2542
-2658
-2720
-2724
-2679
-2605
-2529
-2471
-2346
-2107
-1847
-1655
-1517
-1354
-1123
-827
-439
-24
285
577
988
1499
2001
2451
2877
3261
3564
3801
4045
4290
4436
4380
4099
3808
3635
3379
2922
2390
1934
1483
986
529
153
-159
-512
-924
-1244
-1390
-1423
-1505
-1678
-1801
-1825
-1829
-1851
-1846
-1849
-1892
-1912
-1882
-1813
-1684
-1496
-1325
-1202
-1011
-696
-292
106
398
620
887
1188
1423
1542
1560
1519
1403
1174
910
658
362
-23
-497
-964
-1303
-1547
-1811
-2102
-2342
-2483
-2528
-2511
-2472
-2416
-2343
-2244
-2130
-1971
-1730
-1485
-1308
-1172
-1014
-781
-503
-173
173
442
712
1109
1606
2084
2497
2888
3251
3544
3783
3999
4194
4282
4193
3918
3610
3386
3094
2616
2062
1594
1159
667
201
-164
-449
-751
-1120
-1397
-1495
-1490
-1549
-1705
-1806
-1795
-1771
-1795
-1807
-1794
-1822
-1859
-1850
-1780
-1651
-1496
-1349
-1228
-1036
-723
-352
15
319
562
826
1109
1341
1461
1481
1438
1306
1078
821
571
273
-113
-544
-929
-1207
-1432
-1679
-1923
-2104
-2215
-2283
-2298
-2250
-2188
-2144
-2080
-1956
-1755
-1519
-1324
-1175
-1017
-837
-630
-412
-180
118
411
669
1017
1465
1937
2374
2745
3096
3443
3739
3939
4073
4136
4098
3924
3628
3335
3033
2599
2079
1572
1125
692
253
-164
-522
-812
-1087
-1332
-1483
-1546
-1581
-1658
-1729
-1716
-1679
-1669
-1681
-1703
-1730
-1745
-1722
-1671
-1603
-1514
-1399
-1238
-1049
-819
-541
-229
84
340
578
846
1093
1253
1295
1266
1211
1102
910
639
345
43
-277
-615
-929
-1172
-1388
-1613
-1803
-1940
-2011
-2023
-2029
-2049
-2033
-1957
-1841
-1712
-1556
-1369
-1170
-984
-801
-591
-368
-153
26
220
506
828
1148
1488
1866
2291
2678
3014
3345
3634
3815
3886
3905
3858
3722
3466
3095
2704
2280
1803
1334
891
478
61
-354
-698
-942
-1152
-1383
-1567
-1671
-1724
-1743
-1751
-1732
-1696
-1680
-1670
-1654
-1632
-1613
-1592
-1563
-1520
-1442
-1323
-1159
-970
-790
-589
-333
-53
210
439
666
867
1007
1082
1107
1085
1008
863
665
436
205
-41
-308
-583
-843
-1072
-1278
-1460
-1605
-1721
-1790
-1810
-1808
-1796
-1735
-1619
-1494
-1370
-1221
-1026
-821
-649
-487
-308
-126
50
212
397
674
969
1243
1552
1922
2319
2656
2924
3166
3369
3472
3482
3457
3377
3214
2948
2592
2229
1868
1462
1034
630
269
-94
-448
-747
-968
-1151
-1358
-1521
-1599
-1634
-1643
-1654
-1635
-1584
-1544
-1527
-1523
-1478
-1438
-1418
-1393
-1338
-1235
-1125
-999
-844
-684
-498
-299
-92
110
288
467
620
733
821
884
893
839
765
646
484
304
78
-158
-398
-631
-854
-1096
-1296
-1425
-1534
-1631
-1667
-1640
-1604
-1552
-1465
-1339
-1186
-1032
-872
-706
-516
-315
-150
18
222
430
598
756
1016
1318
1531
1739
2006
2284
2510
2656
2787
2892
2928
2883
2777
2674
2544
2320
1980
1635
1356
1021
627
257
-43
-336
-673
-941
-1129
-1272
-1406
-1555
-1621
-1617
-1578
-1552
-1542
-1471
-1401
-1379
-1362
-1301
-1228
-1212
-1190
-1120
-1029
-931
-827
-690
-556
-424
-265
-90
91
253
385
509
618
718
777
780
742
665
547
397
239
61
-156
-373
-579
-760
-898
-1016
-1095
-1161
-1219
-1219
-1179
-1119
-1043
-969
-872
-758
-641
-521
-371
-185
2
155
303
509
729
897
1032
1159
1350
1547
1637
1735
1874
2022
2128
2155
2172
2192
2152
2040
1898
1764
1616
1417
1125
833
611
357
68
-212
-440
-639
-858
-1048
-1176
-1260
-1336
-1424
-1462
-1452
-1402
-1354
-1328
-1271
-1186
-1108
-1047
-970
-892
-843
-799
-735
-649
-565
-489
-398
-314
-230
-114
15
122
202
269
331
381
420
445
431
378
310
237
156
74
-25
-160
-288
-377
-448
-526
-593
-633
-668
-710
-718
-674
-624
-587
-548
-491
-394
-257
-123
-4
132
298
452
570
694
833
925
952
950
951
1001
1056
1047
1019
1030
1086
1128
1106
1083
1083
1039
952
880
841
796
699
535
365
254
143
-24
-209
-362
-489
-643
-797
-878
-906
-959
-1046
-1067
-1010
-917
-832
-776
-706
-624
-558
-504
-444
-377
-351
-359
-348
-301
-250
-233
-218
-202
-198
-185
-142
-97
-75
-62
-45
-21
29
92
129
135
141
164
184
204
213
184
140
104
79
58
26
1
-38
-98
-115
-76
-36
-18
-9
12
48
107
172
239
283
300
320
349
393
422
390
319
243
173
96
62
71
29
-41
-56
17
106
150
184
238
280
314
364
439
507
512
433
338
319
308
210
70
-40
-123
-237
-340
-364
-368
-409
-496
-530
-471
-386
-334
-336
-321
-267
-234
-234
-227
-206
-247
-343
-400
-404
-401
-427
-461
-484
-490
-453
-379
-309
-251
-200
-135
-55
63
202
289
332
372
427
491
558
612
622
602
592
599
607
597
573
516
416
348
313
264
191
82
-32
-124
-183
-227
-291
-357
-416
-472
-521
-516
-473
-482
-537
-583
-589
-584
-605
-599
-563
-566
-566
-508
-386
-238
-126
-37
81
228
372
499
618
739
825
833
824
875
900
826
705
622
573
481
358
267
198
110
-16
-110
-142
-150
-196
-287
-328
-301
-295
-333
-351
-329
-339
-386
-390
-351
-318
-322
-324
-300
-261
-210
-163
-121
-74
-32
18
90
190
290
363
427
515
619
700
763
813
816
790
761
723
664
569
446
297
131
-17
-147
-292
-459
-621
-754
-847
-908
-953
-986
-1000
-988
-968
-937
-862
-761
-711
-703
-682
-630
-588
-596
-623
-626
-597
-574
-543
-453
-313
-169
-46
95
300
523
710
856
997
1143
1266
1334
1350
1347
1307
1202
1062
923
791
633
428
228
64
-60
-164
-258
-326
-365
-370
-348
-307
-234
-163
-115
-82
-42
6
50
77
77
45
18
22
33
19
0
-9
-15
-11
8
53
98
131
160
186
223
287
334
332
303
277
248
201
149
84
-7
-119
-228
-320
-413
-499
-585
-690
-775
-819
-832
-841
-846
-837
-824
-797
-742
-672
-618
-577
-534
-493
-444
-388
-345
-331
-330
-326
-324
-324
-285
-237
-229
-213
-141
-26
94
207
337
472
606
744
885
1026
1149
1216
1214
1208
1228
1204
1103
975
866
749
600
466
370
284
189
97
57
79
130
162
179
238
327
396
435
478
507
476
411
342
268
168
37
-113
-271
-407
-507
-598
-690
-764
-807
-832
-830
-790
-742
-702
-653
-600
-545
-480
-404
-355
-349
-337
-301
-274
-267
-261
-250
-251
-256
-247
-225
-198
-181
-182
-191
-172
-135
-123
-138
-144
-136
-138
-144
-137
-131
-143
-174
-208
-241
-280
-326
-398
-495
-584
-650
-678
-687
-694
-664
-582
-455
-295
-107
110
346
578
804
1043
1291
1514
1665
1746
1802
1846
1836
1761
1654
1535
1396
1226
1070
949
841
729
613
531
497
490
472
423
375
328
256
152
32
-117
-312
-532
-748
-953
-1145
-1320
-1482
-1624
-1726
-1761
-1745
-1708
-1643
-1547
-1433
-1296
-1128
-951
-790
-649
-517
-391
-265
-138
-23
60
142
231
317
408
506
598
661
693
730
772
791
771
710
621
524
420
286
135
-19
-173
-331
-486
-597
-668
-735
-807
-856
-870
-857
-838
-823
-809
-785
-749
-709
-658
-564
-436
-318
-193
-13
219
466
705
949
1202
1447
1678
1885
2065
2216
2310
2325
2285
2228
2136
1968
1745
1509
1270
1010
744
495
256
33
-176
-368
-525
-646
-753
-876
-991
-1076
-1153
-1238
-1324
-1407
-1496
-1568
-1615
-1654
-1680
-1672
-1638
-1596
-1534
-1425
-1279
-1131
-980
-815
-635
-440
-245
-72
77
224
367
481
571
664
742
777
790
811
828
829
810
770
719
672
629
572
497
421
336
240
141
60
-20
-113
-204
-282
-347
-394
-422
-443
-466
-474
-460
-429
-391
-339
-274
-216
-157
-89
-16
53
113
154
185
225
285
335
361
392
446
498
540
595
661
722
763
802
856
926
984
992
961
930
896
816
692
558
421
249
42
-159
-334
-501
-678
-862
-1014
-1106
-1159
-1199
-1216
-1185
-1121
-1048
-955
-835
-709
-597
-505
-427
-356
-285
-232
-220
-235
-251
-265
-287
-311
-324
-332
-337
-322
-285
-229
-158
-79
-8
68
168
279
376
464
555
637
698
755
812
853
871
866
846
827
808
774
715
647
589
529
453
381
319
247
162
81
13
-45
-104
-167
-229
-292
-336
-374
-422
-472
-520
-572
-628
-681
-731
-779
-829
-874
-909
-925
-909
-863
-802
-719
-602
-457
-290
-106
90
287
474
647
807
951
1075
1168
1217
1224
1204
1154
1063
942
802
646
480
311
153
10
-117
-232
-327
-397
-440
-460
-473
-482
-482
-483
-492
-511
-535
-569
-613
-660
-702
-729
-745
-746
-731
-691
-621
-524
-407
-273
-126
26
178
329
469
597
698
772
823
855
870
862
833
792
743
694
644
594
544
496
447
397
354
314
265
204
132
55
-29
-124
-230
-344
-460
-575
-679
-768
-845
-903
-945
-968
-967
-938
-890
-831
-762
-682
-593
-496
-395
-297
-208
-124
-44
31
100
159
204
235
252
264
277
290
297
301
311
325
354
396
437
478
512
544
570
592
608
608
587
547
489
423
347
258
154
42
-64
-165
-254
-330
-388
-431
-457
-455
-422
-360
-276
-181
-78
37
158
274
375
459
516
543
543
523
479
406
314
207
94
-14
-116
-211
-293
-361
-415
-453
-468
-462
-449
-437
-421
-402
-380
-362
-351
-351
-358
-368
-379
-387
-391
-388
-377
-359
-327
-274
-208
-136
-59
27
112
198
276
343
397
434
457
465
459
444
418
384
344
309
277
250
229
208
192
181
173
162
143
116
78
26
-38
-112
-196
-290
-389
-488
-584
-665
-733
-784
-808
-807
-773
-709
-618
-497
-351
-189
-16
160
336
498
647
775
884
969
1026
1053
1051
1024
974
907
824
731
633
531
431
334
245
162
84
12
-54
-115
-173
-234
-296
-358
-424
-491
-558
-626
-691
-753
-800
-839
-861
-863
-847
-816
-771
-707
-630
-544
-451
-355
-262
-171
-87
-8
59
120
174
219
260
303
343
384
427
471
515
558
601
639
670
694
707
708
693
665
621
563
490
408
320
225
130
36
-55
-136
-206
-265
-311
-344
-366
-375
-375
-367
-349
-332
-312
-291
-274
-257
-244
-235
-227
-223
-221
-220
-219
-215
-208
-206
-201
-192
-187
-183
-183
-187
-197
-215
-236
-260
-289
-320
-350
-377
-396
-408
-409
-397
-373
-335
-282
-212
-130
-44
51
150
251
349
441
528
606
674
727
769
800
822
825
815
799
775
746
709
670
626
580
532
482
432
380
324
262
199
136
70
1
-67
-139
-211
-281
-346
-405
-460
-506
-543
-568
-583
-586
-577
-559
-532
-498
-455
-404
-352
-297
-243
-194
-149
-108
-74
-49
-31
-21
-17
-18
-19
-21
-26
-25
-23
-16
-1
19
38
58
74
89
99
100
91
71
37
-7
-58
-113
-172
-234
-297
-354
-401
-437
-459
-470
-463
-442
-407
-357
-296
-225
-153
-80
-9
61
125
177
220
250
269
279
281
277
268
257
244
234
230
231
238
249
267
286
313
347
386
428
473
521
569
616
663
701
731
752
760
757
745
722
681
627
560
482
394
299
198
93
-19
-130
-238
-345
-445
-541
-631
-713
-787
-849
-903
-946
-977
-1002
-1020
-1028
-1027
-1019
-1004
-980
-950
-911
-861
-802
-731
-652
-563
-466
-362
-250
-137
-20
94
207
314
413
501
578
642
689
721
738
740
730
709
677
635
584
529
469
405
342
281
217
156
97
42
-13
-61
-110
-153
-193
-229
-256
-276
-286
-288
-279
-258
-223
-178
-125
-60
13
90
169
249
327
402
468
526
577
616
648
669
680
682
678
665
641
611
572
526
472
411
341
265
182
93
-3
-101
-201
-305
-411
-517
-620
-719
-810
-894
-968
-1028
-1073
-1105
-1119
-1117
-1099
-1067
-1021
-964
-895
-821
-743
-660
-577
-492
-407
-321
-235
-149
-60
30
124
217
313
407
494
576
651
714
767
804
825
830
821
796
755
701
639
566
486
410
334
264
196
135
84
41
11
-12
-31
-44
-53
-61
-70
-80
-90
-102
-121
-137
-150
-161
-168
-171
-171
-163
-148
-125
-97
-64
-28
12
51
93
142
187
226
265
301
333
364
389
404
412
412
405
390
371
342
298
245
181
111
36
-51
-142
-235
-327
-416
-497
-566
-625
-676
-714
-737
-739
-728
-704
-668
-623
-573
-512
-446
-382
-320
-259
-205
-153
-104
-61
-23
9
36
59
84
109
131
152
170
187
206
224
239
251
257
260
260
258
254
248
239
230
224
219
221
226
234
245
259
279
300
324
341
352
358
358
349
330
300
258
207
153
91
30
-30
-91
-148
-197
-238
-269
-290
-303
-309
-307
-298
-285
-267
-250
-234
-220
-206
-192
-179
-165
-151
-139
-126
-108
-88
-64
-39
-13
12
39
65
88
105
116
118
113
101
83
60
28
-10
-52
-93
-133
-168
-200
-228
-248
-260
-262
-254
-240
-218
-191
-162
-130
-94
-60
-27
3
32
58
84
109
132
150
171
195
218
245
271
296
320
341
361
382
395
403
405
398
386
369
345
316
280
238
194
149
103
57
8
-39
-84
-127
-165
-200
-233
-265
-297
-323
-349
-369
-385
-400
-411
-415
-413
-401
-383
-361
-331
-298
-258
-213
-166
-119
-74
-30
9
46
80
111
135
154
168
179
187
191
192
190
185
180
175
167
158
145
128
110
91
70
47
23
-3
-28
-51
-69
-84
-94
-102
-102
-98
-88
-72
-53
-31
-8
17
41
67
89
108
122
133
141
146
149
149
146
142
137
133
130
128
125
122
120
119
117
111
101
90
74
54
30
3
-28
-64
-100
-135
-170
-204
-232
-259
-281
-298
-309
-315
-316
-310
-301
-289
-272
-254
-235
-218
-201
-183
-168
-153
-137
-124
-109
-96
-81
-65
-49
-30
-12
6
26
46
65
82
99
116
129
142
155
168
180
191
203
217
229
242
256
267
279
291
300
308
316
319
317
313
305
294
278
259
237
212
184
155
123
92
60
28
-3
-32
-60
-86
-113
-136
-159
-179
-196
-210
-224
-235
-244
-251
-257
-261
-261
-259
-257
-251
-243
-233
-221
-208
-193
-175
-156
-135
-114
-90
-67
-43
-19
3
24
41
55
67
74
80
80
75
68
57
42
26
9
-10
-29
-49
-66
-82
-96
-110
-118
-127
-134
-137
-138
-136
-135
-130
-123
-114
-103
-91
-75
-57
-36
-12
15
44
73
104
137
167
200
228
256
281
303
322
337
348
356
359
358
354
346
334
320
302
281
259
234
207
180
150
120
88
57
27
-2
-31
-59
-86
-111
-136
-159
-178
-197
-215
-229
-241
-251
-256
-262
-264
-264
-262
-257
-250
-241
-230
-219
-206
-192
-176
-163
-147
-130
-114
-101
-87
-74
-60
-48
-37
-26
-16
-7
2
9
17
24
31
35
40
44
49
50
51
49
48
45
41
36
30
23
13
4
-5
-12
-19
-28
-34
-39
-42
-42
-39
-34
-29
-20
-8
4
19
34
52
70
86
103
119
134
145
155
163
169
172
176
175
174
170
166
160
154
146
137
127
115
104
92
81
67
54
40
26
12
-2
-15
-30
-43
-54
-64
-75
-82
-87
-91
-93
-92
-91
-88
-83
-76
-67
-58
-49
-40
-33
-26
-21
-17
-12
-10
-10
-15
-20
-24
-32
-40
-50
-60
-71
-81
-91
-101
-109
-118
-127
-133
-137
-140
-141
-141
-138
-134
-128
-119
-110
-98
-87
-73
-57
-41
-25
-10
5
19
32
44
54
62
69
72
76
76
73
69
65
59
52
47
42
37
32
28
23
20
17
17
16
16
18
20
22
27
34
42
50
61
75
87
102
118
134
150
165
178
187
197
205
210
211
211
208
199
190
177
162
145
127
106
84
60
36
11
-15
-42
-70
-97
-123
-148
-170
-192
-212
-229
-244
-256
-263
-266
-266
-264
-258
-249
-235
-220
-203
-183
-160
-138
-113
-88
-61
-37
-12
11
32
51
68
83
94
102
106
106
102
96
89
76
61
45
26
9
-8
-25
-39
-53
-64
-73
-81
-83
-83
-80
-76
-70
-62
-54
-44
-33
-24
-13
-3
7
20
32
42
53
65
77
90
103
113
124
136
147
156
166
174
180
183
184
185
184
180
175
169
160
150
139
125
110
93
76
58
41
23
4
-13
-30
-45
-59
-72
-84
-95
-104
-110
-117
-122
-125
-128
-132
-134
-135
-135
-136
-138
-138
-139
-139
-140
-140
-139
-138
-138
-137
-135
-133
-130
-126
-121
-117
-112
-107
-101
-95
-90
-83
-76
-66
-57
-47
-34
-24
-12
2
17
31
45
59
74
91
105
121
134
146
157
166
174
180
182
181
179
176
171
164
155
145
133
121
109
98
86
75
63
53
43
37
30
25
22
19
18
16
17
18
18
19
19
21
23
26
27
27
26
26
25
27
24
23
19
14
10
4
-1
-6
-14
-23
-30
-40
-51
-64
-79
-92
-107
-124
-141
-157
-173
-189
-204
-217
-229
-238
-246
-252
-253
-252
-244
-235
-222
-207
-190
-169
-148
-124
-99
-73
-50
-28
-4
17
40
60
79
97
115
132
147
162
174
187
196
206
214
219
223
222
219
214
207
198
186
172
154
137
120
102
85
70
54
41
32
24
19
13
11
9
8
8
9
8
8
5
2
0
-4
-7
-12
-17
-21
-27
-31
-36
-38
-42
-44
-46
-47
-48
-48
-50
-52
-55
-60
-64
-70
-76
-83
-90
-99
-106
-113
-118
-123
-126
-126
-127
-125
-123
-119
-113
-107
-101
-95
-86
-78
-68
-59
-50
-39
-29
-18
-5
8
22
35
48
61
75
89
101
113
122
129
134
138
138
136
135
131
126
121
115
110
102
95
89
81
74
66
58
52
48
43
35
29
23
19
12
8
3
-2
-8
-11
-15
-19
-20
-21
-23
-25
-25
-24
-24
-25
-25
-27
-28
-29
-31
-33
-36
-41
-46
-51
-58
-62
-69
-76
-84
-91
-96
-102
-107
-111
-116
-119
-120
-120
-120
-117
-115
-110
-105
-99
-92
-83
-74
-64
-52
-40
-26
-12
1
16
32
45
61
75
88
99
112
123
133
141
147
152
154
156
157
154
153
149
144
138
131
123
114
106
95
84
73
62
51
39
28
16
3
-6
-16
-26
-35
-43
-50
-56
-63
-68
-72
-77
-81
-85
-86
-88
-90
-94
-95
-94
-95
-96
-95
-94
-91
-89
-85
-82
-76
-70
-65
-59
-54
-49
-44
-38
-33
-28
-23
-18
-13
-7
-2
3
9
14
19
25
30
35
41
46
50
54
59
62
64
67
69
71
73
72
70
67
64
60
56
52
48
41
38
31
27
24
20
17
14
13
13
13
15
16
17
18
19
21
25
25
28
29
29
30
30
32
32
31
29
27
26
24
21
16
12
7
0
-8
-15
-25
-35
-46
-56
-68
-79
-91
-102
-112
-121
-129
-135
-142
-145
-150
-151
-150
-148
-145
-139
-132
-124
-115
-106
-95
-83
-71
-58
-46
-32
-18
-6
7
20
31
44
57
68
80
90
100
108
118
124
129
133
138
141
144
147
148
147
145
142
138
134
129
122
116
110
102
95
89
82
75
68
61
55
50
42
36
28
21
15
7
-2
-10
-18
-26
-34
-41
-48
-55
-62
-70
-75
-80
-85
-88
-92
-96
-98
-101
-104
-105
-108
-109
-111
-113
-113
-113
-114
-113
-113
-111
-108
-107
-103
-98
-92
-86
-80
-74
-65
-56
-50
-42
-36
-28
-20
-15
-8
1
8
14
20
27
33
38
45
50
55
61
64
69
73
77
82
84
86
89
91
94
93
93
93
93
90
89
87
84
81
76
73
70
67
63
59
56
51
49
46
41
38
36
33
30
27
23
20
17
13
11
8
3
1
-3
-6
-8
-12
-15
-17
-20
-23
-24
-27
-29
-30
-33
-36
-38
-42
-45
-48
-51
-54
-58
-60
-64
-67
-71
-72
-74
-74
-74
-76
-75
-76
-75
-73
-70
-70
-69
-67
-65
-64
-61
-58
-56
-54
-50
-46
-42
-38
-33
-28
-23
-17
-11
-5
0
7
12
16
22
27
33
38
42
47
52
57
61
65
68
72
75
77
81
84
85
86
85
86
85
84
83
80
77
72
68
61
56
49
40
30
21
12
3
-5
-14
-21
-28
-34
-40
-44
-48
-50
-52
-52
-52
-50
-50
-49
-45
-43
-40
-37
-33
-28
-23
-18
-11
-5
1
7
13
19
26
30
34
37
40
42
42
43
41
38
35
32
26
22
17
11
8
3
-2
-7
-11
-15
-20
-25
-30
-34
-39
-44
-47
-50
-53
-56
-60
-62
-61
-60
-60
-56
-53
-50
-45
-42
-34
-29
-22
-16
-10
-3
3
8
15
19
22
26
29
31
33
33
34
34
34
33
32
29
27
23
20
18
15
12
9
8
4
2
-1
-3
-5
-8
-9
-10
-11
-11
-11
-9
-9
-7
-5
-4
-2
0
4
6
10
13
18
20
23
27
29
31
33
35
36
37
36
33
32
30
27
22
17
14
10
5
0
-5
-9
-13
-17
-22
-25
-28
-30
-32
-36
-36
-37
-39
-39
-39
-38
-38
-37
-34
-33
-30
-28
-25
-20
-17
-15
-11
-7
-3
-1
2
4
6
6
8
9
10
8
9
8
7
7
7
7
7
5
5
4
5
5
4
3
2
3
2
2
1
0
0
0
-1
-1
1
1
4
6
8
10
13
16
19
21
23
25
28
30
31
31
31
32
31
29
28
27
25
22
19
16
14
13
12
9
9
8
8
6
3
2
1
-1
-4
-5
-6
-9
-8
-10
-13
-15
-17
-18
-19
-22
-23
-25
-27
-28
-30
-30
-32
-35
-38
-40
-39
-41
-42
-43
-43
-44
-44
-44
-43
-41
-39
-37
-35
-31
-28
-25
-21
-18
-13
-10
-6
0
4
8
13
16
21
25
30
34
38
42
46
48
49
52
51
51
49
47
46
43
41
37
34
29
25
22
19
14
11
8
4
0
-3
-4
-8
-9
-10
-11
-12
-11
-12
-10
-8
-6
-2
-1
0
2
4
7
10
12
15
14
16
16
17
17
14
13
11
9
4
3
-1
-3
-6
-9
-12
-16
-18
-22
-24
-26
-28
-30
-33
-33
-35
-36
-39
-38
-37
-36
-34
-33
-32
-30
-27
-24
-20
-17
-15
-9
-7
-3
0
4
5
8
10
12
14
17
20
22
23
24
25
26
26
26
25
25
25
25
24
22
20
18
17
14
12
11
9
9
7
6
4
3
1
0
0
-1
-2
-2
-3
-4
-5
-6
-6
-7
-6
-6
-6
-5
-4
-6
-5
-3
-2
-2
0
1
2
2
1
2
2
2
0
-1
-3
-3
-4
-5
-6
-8
-9
-10
-11
-10
-12
-13
-13
-13
-12
-12
-12
-11
-10
-10
-8
-7
-6
-3
-1
0
3
7
9
13
15
17
18
19
20
21
22
20
21
18
17
15
14
12
11
9
7
5
2
-1
-4
-7
-6
-8
-9
-11
-13
-13
-13
-14
-14
-13
-12
-12
-11
-10
-9
-7
-6
-6
-5
-4
-3
-1
0
0
0
1
2
3
3
3
2
3
2
1
-1
-3
-4
-5
-6
-8
-8
-11
-12
-13
-14
-15
-15
-15
-15
-13
-13
-11
-9
-7
-5
-2
1
4
6
10
13
15
17
18
19
20
22
25
24
25
27
26
27
28
26
26
25
24
22
20
17
16
13
11
8
6
2
0
-4
-6
-7
-10
-13
-15
-18
-19
-19
-19
-18
-17
-16
-16
-15
-15
-14
-13
-12
-12
-11
-11
-8
-8
-6
-5
-5
-3
-3
-4
-4
-5
-5
-6
-5
-6
-6
-7
-7
-9
-10
-11
-13
-12
-13
-14
-15
-14
-14
-14
-12
-12
-11
-9
-9
-7
-5
-2
1
4
8
10
13
15
17
20
24
25
28
30
32
34
35
35
36
36
35
34
34
33
29
27
24
20
16
14
9
6
4
1
0
-4
-7
-10
-14
-17
-19
-21
-23
-25
-25
-26
-27
-28
-27
-28
-25
-24
-23
-22
-20
-19
-18
-16
-15
-13
-13
-12
-11
-10
-10
-10
-10
-12
-12
-12
-13
-13
-13
-13
-13
-13
-14
-13
-14
-14
-14
-12
-10
-10
-9
-7
-6
-4
-2
0
2
5
8
11
16
19
21
23
27
30
35
35
38
38
39
40
40
41
40
41
41
40
40
38
35
32
30
27
25
21
18
15
12
9
7
4
1
-2
-6
-8
-11
-13
-15
-18
