2
2
1
2
2
2
1
3
2
2
1
0
0
-2
0
-1
-2
-2
-2
-3
-3
-3
-3
-4
-4
-4
-2
-2
-3
-3
-2
-1
-2
-2
-1
-2
-2
-2
-2
-1
0
1
0
1
-1
0
1
0
0
0
1
1
1
1
2
2
2
2
2
2
3
2
2
1
1
2
2
2
2
2
1
1
2
2
1
1
1
2
2
2
1
2
2
3
4
2
3
3
2
3
3
2
2
0
1
1
0
1
2
1
1
0
1
0
-1
-1
-1
-1
-2
-3
-2
-4
-4
-4
-4
-3
-3
-1
-3
-3
-3
-2
-3
-3
-3
-3
-2
-3
-2
-2
-2
-3
-3
-2
-1
-2
0
-1
-2
-2
-2
-2
-3
-3
-2
-2
-1
-1
-1
-1
-1
-1
-1
-2
0
0
-1
-1
0
1
1
2
3
2
3
4
4
5
6
5
5
5
4
3
3
3
2
2
3
2
2
2
2
1
2
1
2
2
2
1
1
1
1
1
0
0
1
-1
0
-1
-2
1
-1
-1
-2
-1
-1
-1
-1
-1
-2
-2
-1
-1
-1
-2
-3
-3
-3
-3
-3
-3
-3
-2
-3
-3
-2
-2
-3
-3
-3
-5
-4
-3
-3
-2
-3
-2
-1
0
-1
0
0
1
2
2
2
3
4
3
4
3
2
2
2
3
2
3
4
4
5
5
5
4
4
3
3
3
2
2
3
3
2
1
2
1
2
2
2
1
2
2
2
2
1
0
-1
-1
-1
-3
-3
-2
-3
-2
-1
-3
-3
-3
-3
-4
-4
-4
-3
-3
-3
-4
-3
-4
-3
-4
-4
-4
-4
-4
-5
-5
-5
-4
-3
-2
-1
-2
-2
-2
-3
-1
-1
0
1
2
2
2
3
3
2
3
3
3
4
3
4
4
4
4
3
4
4
3
3
2
3
3
4
3
3
3
1
1
0
1
1
1
2
1
0
1
1
0
0
0
0
0
0
0
1
0
1
0
0
0
-1
-1
-1
-2
-2
-2
-2
-3
-4
-3
-3
-2
-2
-2
-3
-2
-1
-2
-1
-1
-2
-2
-2
-1
0
0
1
1
1
1
1
0
1
1
1
2
1
1
1
1
-1
0
1
0
1
-1
0
0
-1
0
1
0
0
0
1
1
1
0
0
0
-1
-1
0
-1
1
2
4
4
3
3
3
3
3
3
3
2
1
1
1
1
0
0
-2
-2
-1
-2
-3
-3
-2
-3
-3
-4
-3
-3
-4
-5
-5
-4
-6
-4
-3
-3
-3
-3
-4
-3
-3
-3
-2
-1
-1
0
-2
-2
-3
-3
-3
-3
-1
-1
1
1
2
3
3
2
4
3
4
5
5
4
4
5
5
5
5
6
7
7
7
8
7
6
8
6
5
5
4
3
4
3
2
3
1
1
1
0
-1
0
-1
-2
-1
-3
-2
-2
-3
-4
-4
-4
-3
-3
-3
-3
-3
-3
-2
-2
-2
-2
-3
-3
-4
-4
-4
-4
-4
-4
-3
-3
-4
-4
-3
-2
-2
-1
-1
-1
-2
-2
-3
-3
-2
-2
-3
-2
-3
-3
-2
-2
-1
-2
-1
-1
-1
-1
0
-1
1
1
0
1
2
2
2
4
5
6
6
7
7
8
6
5
5
4
5
4
5
5
4
4
3
3
2
1
2
1
0
1
1
0
0
-1
-1
0
-2
-1
-1
-2
-2
-3
-3
-4
-3
-4
-4
-4
-4
-4
-4
-2
-3
-3
-2
-3
-4
-2
-3
-3
-3
-2
-2
-2
-2
-2
-1
-1
1
1
2
2
0
0
-1
-1
-1
0
0
1
1
1
0
1
1
2
3
3
3
4
3
2
3
3
3
3
3
2
3
3
3
3
3
2
2
2
1
1
0
0
1
-1
0
0
0
0
0
-1
-1
0
0
0
1
0
1
0
1
1
-1
-1
-1
-1
-2
-1
0
-1
-1
0
0
-2
-1
0
-1
-1
-2
-1
-1
-1
-2
-2
-2
-3
-3
-2
-1
-1
-2
-1
-2
-1
-1
-1
-1
-1
0
0
0
0
-1
0
0
0
0
1
1
0
1
0
0
1
1
1
1
0
1
0
0
0
1
1
1
1
1
0
-1
-1
-2
-2
-2
-1
-1
0
0
-1
-1
-1
-1
-2
-2
-1
-1
0
0
0
1
0
0
-1
-1
-1
-1
0
0
0
1
0
0
0
0
0
0
1
1
1
2
2
2
2
1
2
3
4
4
4
3
3
3
3
2
2
2
1
1
0
0
1
0
2
1
0
0
2
1
2
1
2
1
0
0
0
-1
-1
-1
0
0
0
-1
-2
-1
-1
-2
-2
-1
-3
-3
-4
-3
-2
-1
-1
-2
-1
-1
-2
-2
-2
-2
-2
-1
-2
-2
-2
-2
-2
-1
-2
-2
-2
-1
0
0
2
2
-1
-1
-2
-3
-1
2
1
-1
-2
-2
-2
1
0
-2
0
-1
-3
0
0
-1
-1
1
1
0
1
1
1
1
1
3
2
2
4
4
2
5
6
5
5
7
4
5
6
3
3
2
3
5
5
3
3
4
0
-3
-2
-1
-3
-4
-5
-3
-4
-7
-7
-4
-6
-6
-5
-4
-3
-5
-4
-3
-3
-4
-6
-4
-6
-7
-6
-5
-1
3
2
-1
0
0
-4
-3
0
2
1
3
5
6
8
7
4
3
2
1
1
2
0
-1
4
4
0
1
6
5
-1
0
3
4
1
2
4
5
2
-3
-6
-3
-1
-1
1
3
2
-2
-3
-2
0
-3
-4
0
1
1
1
2
3
1
1
1
3
0
-4
-2
1
-3
1
5
2
2
3
-2
-1
0
-7
-4
3
3
0
5
4
3
5
3
0
4
3
-3
-2
-1
-3
2
2
-2
2
0
-6
-5
-6
-9
-4
1
-1
1
-1
-7
-3
-3
-6
-3
-3
-5
0
1
-7
-3
2
-7
-3
-2
-7
3
4
-10
2
35
7
-12
13
4
-9
0
0
-5
-1
1
-3
8
8
-9
-4
-8
-13
-6
-5
-2
7
1
-4
3
1
3
10
4
3
14
2
-1
7
3
2
3
2
1
3
-1
-3
7
-3
-8
9
2
-5
3
-1
-2
0
-1
2
6
2
-1
8
5
-9
1
2
-4
3
0
-2
3
1
-3
5
7
5
-1
4
-1
-2
7
-6
-5
7
-5
0
3
-6
-2
-6
-6
-3
-4
-4
-6
-5
-10
-13
5
-3
-10
9
-1
-10
6
-5
-1
11
-4
-2
6
1
-2
3
6
0
2
12
-3
1
6
-12
7
5
-8
10
-1
4
9
0
9
-4
-2
7
-7
6
4
-3
4
-2
0
12
-3
2
6
-6
9
-7
2
3
-9
8
-6
4
7
-12
7
2
-11
3
-3
-10
-4
-8
-2
-9
-10
0
-9
-4
-6
-6
-4
-6
-9
-1
1
-4
1
-3
-6
6
-1
0
9
6
-8
11
11
-11
11
12
-4
3
16
-10
8
20
-18
15
13
-18
24
3
-10
17
5
-9
9
11
-19
18
12
-21
21
6
-15
11
6
-8
-6
17
-19
-6
32
-37
7
33
-58
35
1
-41
29
-9
-6
-8
12
-11
-25
23
-27
-30
41
-51
-13
39
-54
-5
29
-30
-10
11
-9
-5
-2
9
-22
7
13
-17
16
4
0
10
-5
1
38
-25
5
51
-40
21
39
-26
7
37
-4
-16
40
20
-32
33
27
-42
37
26
-60
51
23
-59
53
7
-40
28
6
-39
31
-4
-47
40
-10
-44
42
-32
-37
25
-39
-13
-8
-9
-25
-1
-25
-37
13
-17
-71
57
-48
-32
29
-42
3
-8
-10
-9
26
-32
21
11
6
-1
34
13
11
42
22
26
34
32
30
42
16
49
39
12
48
34
12
56
16
8
74
-13
7
71
-23
16
53
-45
72
-33
-11
55
-90
44
-62
-8
-27
-89
21
-91
-70
-20
-125
-27
-77
-115
-28
-96
-85
-65
-94
-58
-44
-125
-7
-51
-89
-38
-8
-76
-12
-6
-37
7
8
-4
-4
38
12
21
47
52
28
118
20
88
109
45
121
109
84
155
112
83
159
96
106
103
123
97
84
111
64
76
69
53
16
85
23
-36
131
-71
43
9
-52
45
-116
37
-83
-54
-49
-108
-28
-155
-102
-95
-132
-191
-95
-120
-285
-6
-226
-222
-43
-198
-191
-101
-109
-178
-131
-31
-168
-103
8
-174
-17
-7
-132
41
-8
-98
104
-42
11
73
31
52
92
120
58
164
148
107
186
205
127
227
258
131
284
216
179
260
163
213
192
185
151
179
154
90
151
51
112
43
38
88
-35
55
-32
37
-123
44
-99
-95
-46
-120
-130
-171
-79
-249
-159
-200
-172
-292
-158
-279
-203
-300
-238
-220
-302
-202
-211
-271
-202
-120
-336
-62
-207
-148
-144
-57
-111
-106
19
-94
-14
34
-46
47
107
-7
151
119
78
186
157
144
237
188
248
253
265
274
300
301
294
289
317
274
291
289
261
275
223
211
236
148
159
169
59
187
-28
167
24
-22
44
16
-140
-11
5
-259
10
-159
-224
-112
-222
-276
-242
-220
-312
-401
-74
-478
-360
-135
-532
-305
-195
-535
-220
-220
-428
-247
-171
-363
-247
-134
-295
-137
-124
-149
-126
4
-131
-64
65
-92
9
164
-70
154
184
12
246
197
137
291
274
221
378
340
319
418
424
366
433
480
359
473
445
320
495
353
338
370
319
245
264
248
112
260
78
138
106
51
17
-12
-5
-134
-4
-213
-95
-144
-303
-106
-377
-296
-299
-369
-441
-272
-419
-518
-284
-498
-488
-437
-345
-571
-420
-266
-565
-328
-298
-485
-244
-383
-277
-251
-229
-187
-166
-119
-193
12
-149
-16
66
29
3
178
125
47
255
174
182
280
322
285
338
421
326
396
447
402
510
459
525
499
522
442
500
444
385
454
383
381
377
316
262
245
176
168
78
220
2
128
74
-42
-9
-23
-251
10
-236
-200
-84
-394
-130
-355
-431
-331
-445
-467
-476
-385
-445
-571
-331
-568
-579
-395
-478
-627
-262
-416
-510
-244
-394
-351
-381
-243
-289
-261
-171
-96
-213
-51
-96
-92
-58
-19
108
-67
220
102
144
175
246
140
301
266
323
373
336
508
342
497
425
505
466
528
572
536
546
567
527
467
546
435
420
464
356
373
352
205
319
135
122
185
45
81
64
17
-37
-71
-85
-69
-350
32
-287
-365
-33
-474
-286
-395
-435
-420
-495
-467
-474
-470
-543
-532
-427
-673
-443
-505
-612
-400
-394
-603
-358
-283
-668
-132
-489
-325
-180
-315
-305
-65
-98
-409
144
-117
-152
103
55
-24
183
190
10
249
332
41
402
312
232
460
273
425
439
425
417
581
436
523
598
477
576
555
549
475
633
437
462
540
330
461
322
298
318
194
238
127
204
46
58
52
-6
-58
-78
99
-332
57
-160
-227
-177
-192
-241
-325
-271
-237
-573
-113
-556
-447
-292
-611
-434
-455
-437
-710
-141
-781
-476
-238
-721
-384
-366
-481
-415
-334
-302
-536
-58
-377
-392
70
-411
-182
48
-278
-171
225
-306
51
230
-93
95
242
58
98
367
90
170
506
185
271
528
187
302
505
267
382
604
253
539
545
398
480
518
400
378
599
304
546
466
341
393
289
325
150
309
174
137
271
93
118
43
25
-3
-168
68
-10
-157
-9
-8
-283
44
-278
-285
73
-423
-228
31
-407
-284
-146
-514
-356
-276
-505
-424
-245
-451
-595
-161
-516
-756
48
-751
-444
20
-621
-411
15
-559
-404
21
-639
-102
-145
-332
-194
-49
-288
-362
141
-269
-278
340
-278
-125
480
-360
81
341
-236
201
353
1
346
324
54
383
258
244
285
511
323
389
699
280
566
563
244
609
630
321
731
577
402
563
346
495
257
346
430
250
332
371
181
121
213
43
-16
151
213
-179
137
274
-475
155
-41
-458
118
-327
-60
-137
-376
-46
-449
-448
-230
-573
-300
-499
-280
-488
-553
-266
-869
-388
-444
-805
-351
-299
-825
-368
-363
-750
-498
-325
-702
-403
-320
-399
-447
-273
-302
-534
-216
-167
-375
-51
32
-303
181
-41
-102
112
171
-8
315
298
275
310
365
304
385
476
347
675
597
530
778
784
518
793
684
565
836
742
706
844
701
564
712
468
398
632
380
363
607
340
199
429
129
-44
271
151
-149
272
160
-314
225
-211
-285
-77
-429
-148
-227
-368
-215
-386
-509
-485
-573
-591
-539
-695
-543
-538
-819
-555
-996
-622
-814
-1073
-272
-957
-693
-533
-791
-643
-638
-731
-465
-637
-357
-486
-489
-3
-735
-175
-9
-626
141
-50
-99
222
-5
227
124
194
212
289
434
357
492
729
274
590
645
327
740
751
436
952
798
630
919
780
755
670
889
713
783
842
787
698
694
558
491
526
367
496
339
433
294
185
221
57
0
-43
105
-181
-15
-104
-247
-178
-419
-314
-443
-507
-181
-714
-392
-241
-918
-596
-444
-772
-1006
-394
-654
-1023
-410
-619
-1297
-239
-908
-1308
-71
-868
-822
-540
-313
-834
-666
-99
-916
-288
-230
-612
59
-202
-484
147
-96
-403
220
191
-274
454
298
-58
470
469
50
346
871
81
479
946
321
521
758
405
621
705
507
845
693
656
798
759
618
662
766
532
700
810
464
774
639
261
590
445
188
312
450
201
125
267
84
1
-25
-151
-60
-105
-213
-203
-138
-263
-502
-322
-385
-543
-458
-472
-355
-580
-524
-510
-548
-728
-654
-466
-718
-612
-577
-576
-748
-577
-691
-636
-684
-517
-589
-501
-579
-294
-644
-478
-11
-949
-78
-90
-445
-271
255
-348
-182
178
-117
-25
286
125
-87
660
20
202
495
396
160
551
419
424
527
499
577
338
610
457
477
543
650
511
628
699
506
583
671
501
475
728
548
449
584
569
340
325
460
173
242
297
150
123
255
-40
27
-3
-86
-98
-229
38
-305
-110
-259
-334
-123
-533
-310
-170
-550
-284
-302
-377
-555
-310
-408
-692
-316
-385
-569
-599
-147
-626
-738
-387
-337
-934
-425
-221
-654
-699
6
-600
-759
57
-570
-486
-168
-93
-566
37
-246
-122
-328
124
-196
-88
236
-167
258
6
169
147
222
136
400
102
415
494
213
515
289
403
451
402
555
491
609
509
530
793
400
532
818
311
714
693
431
624
640
358
421
551
243
346
341
384
129
358
123
73
241
-200
174
174
-277
87
174
-496
-51
85
-697
131
-327
-384
-71
-334
-367
-489
-209
-500
-592
-336
-537
-280
-800
-608
42
-1109
-913
34
-646
-1508
601
-885
-1028
-174
-305
-1025
-656
315
-1157
-500
280
-688
-708
195
-329
-556
-251
351
-503
-187
162
93
-342
205
261
-181
257
425
174
201
691
312
117
426
658
323
365
846
610
494
777
719
633
541
963
457
772
813
753
640
670
694
517
486
426
588
410
496
534
133
406
401
-94
203
316
117
-74
280
-27
-161
-8
-149
-443
-46
-122
-571
-190
4
-679
-555
-126
-749
-712
-245
-662
-684
-393
-738
-795
-557
-856
-820
-247
-1149
-498
-278
-1175
-750
95
-1414
-584
14
-876
-702
36
-408
-986
37
-347
-697
-32
-105
-338
107
-208
143
-76
-185
381
218
-218
710
580
-16
581
613
235
419
732
575
563
911
679
624
908
749
630
690
834
864
606
840
1014
416
608
719
399
479
466
646
425
274
591
301
96
185
265
89
175
198
168
-124
48
28
-592
108
-83
-496
-172
-200
-151
-565
-663
-52
-869
-728
-289
-684
-372
-906
-518
-454
-1097
-878
-299
-1067
-518
-764
-533
-828
-722
-557
-993
-180
-811
-716
-284
-285
-897
-260
-427
-422
-360
-511
116
-88
-538
157
152
-357
73
221
177
86
580
510
336
506
385
523
565
614
741
812
620
907
831
679
1019
568
672
962
724
619
964
669
507
598
618
392
258
757
345
351
399
456
249
-106
352
346
-24
241
197
79
163
-337
137
-153
-264
113
-518
-14
-73
-457
-674
-135
-439
-1023
-118
-638
-797
-481
-487
-1032
-615
-556
-1121
-599
-469
-902
-490
-846
-936
-391
-821
-651
-535
-581
-653
-134
-885
-215
-518
-571
-475
-110
-131
-602
10
-72
-143
-99
15
165
174
65
583
365
244
513
473
406
818
604
722
767
795
850
789
894
732
831
698
861
771
754
828
493
515
591
656
250
482
644
224
320
420
253
98
224
121
283
180
-5
228
37
-83
133
-132
-71
-1
-226
-244
39
-301
-727
60
-527
-680
-210
-561
-690
-528
-561
-826
-767
-616
-682
-799
-907
-356
-563
-1226
-705
-286
-1032
-749
-322
-800
-582
-524
-705
-671
-230
-554
-789
35
-157
-475
-161
-156
-18
-157
15
459
319
103
519
527
228
508
722
637
648
1089
882
823
1180
628
766
1013
792
813
891
1071
750
529
619
677
365
285
663
574
252
277
438
158
12
141
117
210
207
8
91
313
-356
-177
20
7
-194
-391
276
-206
-537
-193
-374
-306
-433
-649
-294
-447
-778
-869
-737
-551
-1074
-681
-745
-877
-253
-1188
-979
-125
-1110
-1136
-229
-697
-757
-572
-562
-750
-418
-445
-655
-165
-253
-345
-279
-179
-114
-29
-218
575
616
-153
427
867
238
497
1107
810
832
1032
1085
1158
1026
865
922
1078
1033
995
1122
933
786
614
408
637
455
169
483
337
128
166
-9
-203
-206
103
-37
-94
123
-37
-244
-371
-30
-200
-220
-110
-72
-57
-4
-320
-511
-199
-323
-302
-543
-329
-267
-652
-926
-518
-603
-1008
-504
-643
-782
-588
-582
-1182
-714
-511
-825
-520
-702
-546
-283
-902
-944
-19
-459
-674
-153
146
-313
29
-177
-479
431
345
124
425
764
360
419
458
909
969
514
1029
1497
1159
927
1063
889
978
1027
956
1260
1255
614
535
789
408
157
459
458
346
179
-36
77
-284
-542
-118
-122
-310
-184
-102
-336
-559
-506
-427
-390
-360
-442
13
-98
-839
-374
-236
-716
-309
-456
-325
-212
-671
-677
-504
-589
-962
-703
-370
-464
-708
-684
-670
-546
-1066
-594
-206
-777
-584
-281
-755
-661
-103
-530
-554
64
176
-233
-212
75
462
191
123
795
799
344
681
991
895
905
1003
983
1378
1537
1034
1217
1240
996
1159
1084
1099
1194
830
630
673
560
327
363
353
141
205
-26
-311
-307
-441
-366
-210
-346
-486
-368
-484
-705
-658
-390
-574
-678
-548
-275
-445
-724
-753
-432
-642
-620
-289
-567
-391
-898
-546
-666
-765
-674
-564
-582
-621
-511
-561
-805
-801
-443
-444
-716
-482
-259
-721
-470
-473
-461
-312
-220
-308
-130
133
23
-63
360
601
311
479
793
1040
758
652
1431
1217
1106
1497
1492
1477
1331
1394
1298
1430
1427
1216
1274
1136
815
686
577
578
595
281
208
261
-97
-315
-327
-410
-462
-369
-544
-486
-398
-761
-830
-680
-618
-729
-646
-586
-384
-653
-839
-748
-620
-766
-738
-615
-742
-513
-767
-1142
-685
-710
-1121
-740
-597
-540
-1057
-824
-559
-890
-721
-728
-230
-536
-614
-361
-314
-604
-343
-278
-287
44
-62
212
436
360
48
305
674
832
801
962
1006
1188
1201
1216
1668
1617
1280
1379
1645
1647
1587
1297
1414
1509
1104
1044
1081
938
618
555
550
391
254
59
-215
-168
-92
-397
-361
-488
-478
-479
-762
-736
-566
-697
-865
-694
-570
-544
-801
-961
-633
-599
-941
-1029
-536
-552
-1138
-952
-571
-980
-1106
-1092
-759
-637
-1222
-936
-592
-941
-1205
-686
-552
-850
-912
-418
-443
-620
-705
-375
-16
-497
-151
579
474
-23
207
377
666
751
691
1210
1212
922
1210
1523
1432
1346
1377
1369
1439
1737
1516
1322
1445
1217
1198
1138
976
1151
991
569
632
626
289
154
63
86
150
-93
-353
-288
-317
-715
-662
-361
-570
-646
-713
-717
-595
-758
-885
-514
-739
-946
-573
-733
-1050
-853
-712
-964
-929
-912
-907
-922
-1012
-1122
-810
-850
-1206
-789
-811
-1036
-663
-848
-934
-478
-566
-597
-488
-394
-218
-9
169
103
120
87
262
705
656
714
1089
864
812
1259
1418
1378
1175
1140
1564
1595
1238
1388
1596
1257
1022
1088
1196
1076
824
749
852
756
364
260
300
172
115
109
-102
-177
-253
-414
-412
-517
-509
-431
-655
-645
-468
-571
-780
-801
-505
-539
-739
-762
-622
-594
-924
-861
-569
-785
-1112
-910
-651
-851
-1155
-905
-680
-1037
-1072
-687
-742
-961
-821
-647
-529
-562
-479
-174
-69
104
260
178
90
262
625
772
777
963
1042
981
908
1158
1513
1231
895
1185
1481
1271
1037
1079
1126
855
610
874
988
701
455
507
529
316
187
142
134
94
88
35
-154
-347
-298
-366
-494
-413
-376
-527
-713
-701
-535
-570
-844
-758
-504
-596
-838
-775
-642
-759
-868
-687
-565
-718
-846
-698
-628
-856
-820
-570
-780
-1034
-771
-502
-672
-904
-714
-431
-496
-571
-266
149
304
67
62
328
636
765
796
1127
1389
1326
1280
1373
1681
1771
1440
1316
1547
1754
1475
1167
1240
1243
859
568
627
743
548
186
86
89
-45
-302
-447
-358
-283
-380
-542
-636
-702
-725
-762
-788
-601
-526
-739
-834
-720
-638
-684
-859
-861
-614
-678
-932
-842
-693
-825
-947
-856
-780
-863
-1021
-942
-738
-802
-794
-738
-860
-911
-652
-416
-558
-634
-444
-253
-135
-75
330
764
482
216
557
1106
1207
1060
1240
1645
1755
1545
1638
2072
2034
1680
1640
1920
2070
1742
1429
1444
1516
1196
850
842
898
796
491
223
130
3
-235
-492
-487
-369
-516
-874
-1094
-1034
-987
-1241
-1331
-1098
-1089
-1406
-1499
-1245
-1099
-1312
-1426
-1188
-1093
-1227
-1280
-1063
-930
-1092
-1164
-970
-876
-1001
-1021
-870
-809
-884
-883
-809
-836
-817
-693
-563
-617
-641
-436
-173
-15
169
466
424
258
387
945
1330
1285
1308
1567
1852
1928
2001
2301
2324
2056
2064
2297
2402
2195
1986
1926
1844
1653
1528
1370
1169
1049
961
763
443
275
135
-139
-237
-187
-210
-515
-928
-982
-888
-1083
-1286
-1214
-1176
-1443
-1640
-1490
-1343
-1565
-1831
-1656
-1441
-1631
-1879
-1691
-1484
-1598
-1654
-1475
-1327
-1434
-1500
-1231
-1138
-1190
-1226
-1149
-988
-864
-710
-706
-809
-741
-438
-86
81
384
542
290
51
479
1263
1430
1206
1280
1711
1931
1856
2129
2471
2271
1926
2111
2654
2689
2263
2006
2032
1983
1820
1805
1841
1663
1319
1128
1037
852
632
384
238
218
221
80
-342
-719
-746
-759
-951
-1109
-1018
-1126
-1562
-1679
-1481
-1496
-1821
-1923
-1700
-1701
-2036
-2147
-1897
-1833
-1977
-1908
-1695
-1658
-1804
-1712
-1432
-1390
-1478
-1424
-1267
-1048
-905
-842
-902
-884
-627
-235
127
354
381
221
5
266
1026
1421
1232
1098
1404
1740
1791
1921
2222
2191
1769
1740
2344
2682
2325
1925
1893
1919
1794
1754
1895
1870
1480
1181
1174
1158
944
655
492
503
571
495
147
-287
-485
-488
-561
-674
-658
-755
-1209
-1534
-1386
-1228
-1436
-1732
-1696
-1624
-1855
-2110
-2012
-1915
-2073
-2174
-1965
-1769
-1911
-2064
-1961
-1787
-1734
-1673
-1464
-1326
-1292
-1215
-1140
-1032
-812
-360
96
401
439
288
180
412
1033
1524
1560
1425
1490
1774
1938
2115
2289
2186
1867
1789
2197
2487
2296
1881
1715
1673
1583
1641
1786
1759
1383
1067
1083
1128
970
696
565
588
644
639
437
71
-235
-370
-382
-339
-354
-544
-928
-1218
-1224
-1173
-1331
-1541
-1584
-1665
-1916
-2095
-2070
-2062
-2238
-2353
-2210
-2050
-2145
-2283
-2207
-2126
-2079
-1984
-1767
-1583
-1544
-1518
-1432
-1258
-1022
-583
-75
290
348
208
157
444
1051
1558
1688
1647
1662
1862
2105
2359
2544
2441
2133
2017
2335
2662
2602
2219
1846
1657
1596
1695
1885
1895
1525
1067
907
999
1019
804
556
502
613
648
502
178
-173
-387
-424
-289
-161
-301
-729
-1102
-1128
-1025
-1048
-1228
-1412
-1573
-1790
-1932
-1920
-1959
-2194
-2391
-2348
-2204
-2211
-2392
-2543
-2569
-2504
-2362
-2153
-2014
-2026
-2052
-1995
-1757
-1392
-923
-478
-139
15
-12
10
299
871
1405
1640
1690
1795
1995
2185
2433
2645
2638
2413
2289
2513
2800
2804
2513
2145
1890
1750
1847
2080
2142
1803
1292
1044
1082
1140
1013
807
692
677
692
627
402
63
-260
-341
-190
-38
-142
-537
-936
-1084
-1016
-940
-989
-1144
-1411
-1677
-1807
-1768
-1739
-1937
-2161
-2228
-2138
-2088
-2191
-2350
-2497
-2526
-2421
-2224
-2097
-2146
-2218
-2255
-2086
-1805
-1398
-955
-602
-434
-467
-435
-164
365
905
1219
1382
1496
1702
1936
2213
2469
2491
2324
2190
2390
2690
2796
2611
2243
1929
1723
1798
2068
2216
1967
1422
1073
1064
1187
1159
947
769
708
718
702
603
326
-16
-220
-168
28
59
-233
-662
-910
-903
-801
-757
-868
-1131
-1465
-1648
-1600
-1494
-1598
-1868
-2043
-2047
-1954
-1969
-2072
-2209
-2331
-2314
-2196
-2014
-2001
-2101
-2191
-2152
-1900
-1561
-1113
-791
-541
-576
-599
-446
10
564
917
1098
1219
1417
1676
1950
2237
2353
2253
2076
2094
2378
2619
2615
2320
1944
1638
1581
1761
1964
1916
1515
1094
909
958
1033
909
715
571
584
611
571
401
135
-94
-180
-67
27
-56
-378
-700
-805
-760
-660
-694
-870
-1182
-1489
-1555
-1440
-1346
-1487
-1742
-1912
-1941
-1870
-1873
-1946
-2062
-2157
-2116
-2014
-1862
-1865
-1911
-2017
-1954
-1687
-1292
-836
-535
-381
-466
-487
-283
249
836
1135
1224
1261
1485
1773
2068
2340
2393
2261
2043
2145
2443
2690
2605
2238
1862
1616
1618
1770
1891
1751
1360
969
797
865
883
749
524
409
422
428
364
128
-113
-336
-344
-235
-165
-310
-684
-951
-1020
-875
-770
-829
-1071
-1466
-1690
-1719
-1515
-1406
-1523
-1773
-2024
-2064
-2028
-1900
-1905
-1980
-2094
-2092
-2001
-1879
-1815
-1816
-1856
-1832
-1609
-1188
-685
-371
-258
-354
-344
-110
449
1029
1361
1399
1394
1569
1918
2313
2557
2548
2349
2188
2292
2603
2820
2724
2350
1975
1759
1809
1895
1940
1760
1463
1151
975
964
938
798
599
487
534
519
366
83
-188
-333
-360
-264
-300
-475
-860
-1103
-1155
-1057
-999
-1144
-1360
-1672
-1842
-1912
-1826
-1728
-1776
-1925
-2158
-2247
-2247
-2155
-2108
-2088
-2081
-2121
-2084
-2048
-1914
-1878
-1834
-1796
-1627
-1334
-1008
-642
-366
-188
-196
-156
116
655
1186
1409
1504
1616
1868
2137
2367
2571
2610
2526
2411
2541
2781
2889
2719
2409
2180
2015
1982
1990
2093
2039
1785
1426
1154
1154
1162
1156
1014
913
792
571
364
178
148
13
-161
-324
-442
-566
-833
-999
-1132
-1180
-1311
-1474
-1593
-1790
-1977
-2166
-2155
-2069
-2025
-2129
-2380
-2548
-2604
-2455
-2304
-2213
-2212
-2312
-2337
-2353
-2168
-1999
-1858
-1811
-1787
-1552
-1286
-823
-496
-194
-181
-204
-27
399
936
1240
1445
1598
1807
2023
2198
2453
2556
2555
2457
2483
2695
2813
2851
2590
2351
2032
1947
1982
2174
2259
2054
1682
1303
1250
1325
1380
1310
1120
958
696
547
466
431
284
-29
-197
-345
-382
-573
-777
-958
-1148
-1228
-1369
-1442
-1640
-1824
-1975
-2069
-2011
-2002
-2005
-2215
-2425
-2503
-2389
-2204
-2147
-2148
-2229
-2282
-2314
-2244
-2033
-1840
-1694
-1715
-1718
-1595
-1325
-845
-421
-63
-76
-176
-178
196
792
1244
1528
1607
1696
1742
1899
2194
2441
2506
2315
2207
2296
2505
2672
2558
2294
1874
1708
1792
2098
2254
2086
1711
1357
1261
1305
1371
1288
1063
800
577
513
531
489
229
-167
-454
-552
-508
-543
-696
-976
-1283
-1469
-1481
-1383
-1410
-1577
-1824
-1978
-1973
-1871
-1736
-1777
-1917
-2085
-2075
-1936
-1814
-1766
-1822
-1875
-1905
-1827
-1670
-1533
-1510
-1549
-1557
-1386
-1135
-793
-493
-220
-125
-158
-168
73
545
965
1206
1335
1454
1563
1655
1883
2187
2311
2144
1908
1984
2302
2578
2564
2300
1919
1593
1544
1833
2212
2308
1945
1395
1015
953
1057
1140
1030
768
420
143
45
54
-18
-325
-711
-955
-938
-873
-940
-1169
-1495
-1685
-1670
-1463
-1325
-1419
-1666
-1897
-1871
-1652
-1324
-1156
-1284
-1574
-1760
-1635
-1359
-1122
-1058
-1145
-1284
-1412
-1386
-1239
-1053
-1008
-1088
-1173
-1140
-956
-744
-467
-194
34
17
-54
32
404
840
1072
1246
1400
1591
1693
1812
2055
2220
2241
2142
2223
2453
2591
2552
2338
2164
1974
1893
1943
2062
2056
1749
1307
928
778
758
705
536
196
-184
-492
-606
-591
-664
-945
-1329
-1589
-1663
-1613
-1563
-1578
-1726
-1946
-2042
-1901
-1655
-1542
-1544
-1541
-1451
-1318
-1177
-1022
-943
-978
-1033
-953
-729
-544
-505
-619
-766
-808
-743
-619
-604
-686
-859
-989
-1019
-897
-672
-495
-348
-255
-68
45
116
177
392
737
1068
1380
1611
1786
1874
2004
2279
2586
2768
2720
2585
2540
2617
2807
2869
2713
2318
1915
1691
1660
1719
1621
1280
750
238
-71
-233
-368
-608
-888
-1169
-1389
-1543
-1679
-1836
-2041
-2211
-2273
-2191
-2071
-1999
-2044
-2135
-2125
-1946
-1643
-1376
-1198
-1108
-1047
-954
-830
-628
-460
-349
-322
-321
-269
-224
-192
-239
-280
-297
-323
-416
-617
-786
-855
-821
-803
-834
-837
-828
-767
-611
-289
122
321
328
327
609
1048
1437
1757
2058
2381
2581
2760
3011
3262
3300
3117
2971
3026
3159
3153
2919
2551
2090
1668
1394
1319
1266
986
430
-218
-705
-968
-1106
-1268
-1520
-1848
-2171
-2373
-2416
-2396
-2426
-2551
-2653
-2661
-2536
-2318
-2056
-1866
-1798
-1744
-1584
-1280
-952
-661
-424
-253
-163
-123
-40
107
239
289
249
197
160
117
20
-135
-292
-424
-523
-642
-785
-930
-1063
-1182
-1266
-1239
-1075
-868
-721
-551
-244
215
572
767
933
1262
1655
1957
2249
2627
3053
3315
3448
3584
3689
3581
3258
2991
2938
2957
2878
2616
2247
1707
1082
536
225
113
-68
-430
-954
-1480
-1910
-2234
-2426
-2560
-2658
-2763
-2850
-2867
-2833
-2774
-2757
-2702
-2583
-2326
-1967
-1589
-1303
-1149
-1006
-810
-528
-224
94
398
584
655
683
754
783
707
591
531
527
448
269
10
-271
-544
-754
-821
-809
-848
-1021
-1245
-1403
-1444
-1342
-1134
-846
-561
-315
-74
253
684
1052
1344
1579
1893
2195
2425
2615
2798
3038
3239
3443
3548
3459
3138
2725
2414
2219
2087
1961
1747
1343
687
12
-488
-724
-845
-1036
-1321
-1710
-2100
-2452
-2679
-2773
-2798
-2797
-2822
-2820
-2755
-2622
-2438
-2241
-2032
-1841
-1624
-1334
-965
-601
-334
-149
17
219
479
770
1037
1206
1247
1190
1069
962
904
878
787
557
289
72
-45
-159
-334
-538
-706
-799
-847
-861
-870
-926
-1007
-1054
-955
-699
-388
-158
-37
85
327
755
1215
1555
1647
1564
1504
1623
1939
2277
2527
2603
2577
2521
2422
2255
1985
1661
1342
1099
951
833
669
301
-263
-874
-1268
-1346
-1268
-1285
-1557
-1985
-2392
-2623
-2644
-2553
-2456
-2412
-2389
-2319
-2167
-1943
-1702
-1476
-1285
-1095
-811
-407
30
363
512
552
597
762
1034
1339
1547
1572
1464
1307
1200
1142
1106
1057
944
747
501
308
206
121
-27
-246
-435
-542
-579
-608
-674
-803
-959
-1057
-1021
-867
-713
-633
-630
-580
-410
-44
400
763
844
694
547
602
916
1316
1626
1731
1644
1532
1527
1624
1673
1527
1239
912
686
556
499
397
153
-232
-635
-865
-919
-919
-1042
-1337
-1684
-1946
-1995
-1877
-1692
-1598
-1649
-1751
-1765
-1583
-1287
-981
-753
-603
-464
-274
7
320
588
750
823
884
987
1179
1410
1599
1655
1571
1424
1275
1170
1101
1044
945
767
536
321
164
46
-42
-151
-268
-401
-497
-500
-467
-448
-532
-669
-822
-901
-890
-792
-680
-608
-565
-544
-474
-414
-354
-369
-434
-525
-569
-517
-365
-171
-2
111
194
296
386
440
404
305
164
77
85
212
381
516
555
478
313
123
-5
-52
-50
-52
-66
-90
-102
-97
-54
21
69
79
56
43
73
153
291
454
592
660
677
684
700
727
747
756
758
762
779
796
797
753
662
558
467
392
305
187
51
-93
-220
-311
-371
-443
-580
-780
-1002
-1182
-1284
-1323
-1331
-1355
-1415
-1502
-1560
-1552
-1496
-1407
-1321
-1256
-1218
-1183
-1124
-1032
-903
-764
-619
-473
-332
-196
-70
46
163
296
455
606
728
811
872
951
1051
1153
1230
1263
1247
1203
1149
1121
1133
1168
1175
1132
1040
926
827
768
774
792
797
765
712
661
598
527
454
391
342
305
277
244
211
172
152
150
157
149
87
-29
-163
-277
-348
-384
-391
-382
-394
-425
-474
-523
-576
-639
-704
-773
-845
-930
-1013
-1088
-1165
-1232
-1290
-1347
-1418
-1502
-1574
-1638
-1683
-1720
-1747
-1747
-1743
-1730
-1704
-1644
-1541
-1372
-1132
-845
-514
-190
100
352
579
825
1092
1370
1655
1944
2246
2540
2825
3063
3203
3199
3052
2819
2579
2394
2261
2148
2005
1793
1513
1190
861
545
238
-69
-374
-647
-866
-1025
-1136
-1214
-1271
-1304
-1301
-1268
-1212
-1145
-1079
-997
-891
-758
-588
-412
-239
-89
34
142
232
292
331
334
313
254
158
82
-26
-145
-276
-428
-629
-857
-1094
-1282
-1390
-1425
-1471
-1580
-1733
-1937
-2092
-2151
-2098
-1965
-1821
-1677
-1564
-1455
-1317
-1130
-897
-637
-338
-4
340
689
1052
1423
1794
2146
2437
2651
2798
2894
2990
3071
3133
3130
3071
2959
2829
2693
2532
2305
1983
1589
1166
755
379
35
-302
-657
-995
-1256
-1424
-1533
-1638
-1755
-1881
-1969
-1981
-1900
-1763
-1612
-1473
-1326
-1130
-868
-546
-220
47
215
300
351
406
489
579
644
651
599
515
414
300
153
-21
-225
-449
-678
-890
-1089
-1257
-1381
-1475
-1542
-1593
-1632
-1664
-1691
-1688
-1632
-1513
-1347
-1151
-945
-741
-520
-276
-1
283
561
809
1003
1158
1294
1410
1511
1593
1648
1675
1696
1738
1842
1977
2089
2092
1968
1722
1418
1124
879
688
534
414
353
362
389
363
213
-65
-407
-701
-883
-946
-951
-968
-1006
-1026
-976
-827
-610
-409
-290
-276
-326
-385
-397
-337
-234
-111
5
122
242
364
464
517
482
335
115
-115
-291
-390
-427
-453
-505
-591
-681
-740
-762
-778
-834
-945
-1078
-1175
-1183
-1099
-962
-811
-675
-546
-395
-217
-30
129
225
251
244
246
305
423
575
721
828
865
843
783
698
592
449
270
42
-179
-340
-370
-260
-46
191
371
445
428
364
312
279
253
238
260
369
592
887
1172
1344
1351
1235
1066
907
762
599
401
187
7
-84
-80
-26
15
2
-54
-131
-221
-329
-478
-671
-877
-1024
-1054
-948
-749
-529
-338
-214
-150
-122
-108
-100
-106
-135
-184
-244
-285
-269
-187
-59
72
145
135
45
-94
-227
-324
-399
-473
-559
-650
-717
-735
-700
-636
-586
-581
-610
-653
-688
-714
-730
-751
-768
-755
-707
-630
-550
-474
-400
-321
-245
-175
-111
-33
100
327
633
957
1242
1458
1608
1707
1758
1758
1701
1629
1617
1711
1883
2036
2072
1945
1691
1397
1144
931
693
365
-49
-461
-761
-885
-858
-790
-782
-859
-976
-1059
-1086
-1078
-1096
-1157
-1224
-1220
-1087
-852
-579
-335
-143
16
173
327
438
462
398
278
165
108
119
168
212
233
230
211
172
103
-9
-176
-390
-626
-852
-1042
-1184
-1271
-1312
-1323
-1315
-1298
-1267
-1220
-1169
-1129
-1110
-1104
-1078
-994
-838
-613
-349
-81
168
403
616
778
849
801
688
606
678
947
1345
1728
1985
2113
2197
2289
2353
2287
2035
1657
1318
1165
1218
1347
1368
1196
883
564
333
169
-25
-333
-750
-1191
-1526
-1676
-1659
-1559
-1455
-1356
-1241
-1083
-888
-704
-596
-597
-676
-755
-763
-667
-480
-248
-15
196
382
547
671
712
657
507
301
87
-96
-225
-296
-328
-342
-363
-396
-425
-434
-422
-422
-482
-631
-840
-1032
-1140
-1141
-1066
-979
-897
-799
-641
-409
-139
101
267
362
422
486
568
649
721
785
859
963
1081
1193
1262
1252
1137
917
642
387
245
258
378
501
539
502
467
483
537
545
449
259
66
-27
3
92
123
41
-128
-295
-374
-348
-285
-278
-394
-610
-818
-901
-838
-700
-598
-585
-617
-589
-424
-167
56
129
53
-57
-86
-2
131
210
188
104
46
58
114
142
97
-10
-129
-217
-272
-322
-389
-474
-549
-589
-576
-506
-381
-210
-26
137
253
330
398
476
553
595
569
487
414
417
537
719
879
956
955
925
903
879
798
611
333
37
-202
-353
-454
-558
-692
-843
-974
-1088
-1223
-1439
-1730
-2008
-2143
-2036
-1707
-1268
-844
-478
-144
188
513
778
939
995
1010
1067
1198
1361
1476
1484
1408
1309
1241
1204
1126
922
563
128
-261
-519
-665
-787
-925
-1048
-1074
-956
-735
-523
-418
-429
-477
-481
-414
-307
-198
-101
1
149
349
588
821
1003
1108
1137
1105
1031
929
801
635
441
244
94
2
-58
-126
-222
-337
-437
-501
-534
-564
-614
-691
-772
-829
-837
-787
-688
-555
-415
-281
-147
-4
149
290
385
421
411
388
375
372
344
256
98
-101
-299
-481
-645
-811
-989
-1175
-1358
-1519
-1654
-1756
-1795
-1719
-1489
-1126
-701
-278
114
476
822
1154
1452
1690
1861
1976
2063
2132
2170
2163
2094
1966
1812
1659
1520
1366
1151
854
497
153
-127
-346
-550
-771
-988
-1148
-1196
-1128
-1008
-917
-892
-911
-917
-865
-758
-636
-542
-486
-435
-336
-166
44
228
337
366
350
314
259
176
56
-84
-209
-298
-350
-382
-400
-410
-413
-421
-439
-462
-479
-486
-486
-472
-433
-352
-227
-72
83
217
332
440
540
615
649
650
633
614
597
578
548
497
423
321
185
28
-129
-258
-355
-436
-524
-609
-661
-660
-607
-536
-486
-470
-474
-488
-501
-524
-547
-539
-442
-227
78
406
697
937
1138
1304
1422
1458
1396
1250
1074
920
807
708
581
421
251
107
-9
-128
-288
-511
-758
-965
-1080
-1120
-1135
-1145
-1127
-1045
-881
-654
-419
-232
-120
-64
-28
25
102
181
241
267
281
312
369
429
441
385
287
193
133
92
37
-46
-133
-180
-162
-88
-1
72
121
168
234
321
422
512
563
559
515
462
416
372
318
245
157
66
-10
-61
-89
-98
-100
-110
-133
-161
-177
-166
-146
-143
-182
-260
-360
-459
-551
-634
-710
-782
-845
-898
-922
-910
-862
-791
-709
-621
-517
-381
-225
-75
36
110
167
230
302
360
382
358
303
236
166
90
20
-10
22
104
203
308
420
543
667
763
808
799
759
717
699
703
704
673
594
489
389
323
287
259
206
124
46
16
37
77
100
95
79
75
92
120
134
111
51
-32
-106
-153
-176
-200
-248
-328
-414
-473
-499
-513
-550
-615
-694
-768
-831
-878
-910
-921
-911
-881
-835
-770
-683
-573
-450
-330
-228
-150
-84
-17
49
99
126
120
89
55
52
83
137
188
232
282
357
459
570
665
733
780
832
898
967
1018
1042
1036
1003
953
884
798
685
543
376
198
26
-125
-250
-360
-454
-524
-563
-565
-542
-516
-504
-506
-512
-506
-496
-494
-514
-550
-585
-611
-627
-647
-668
-679
-635
-505
-309
-104
82
267
466
668
834
925
938
892
819
733
636
514
346
142
-72
-267
-435
-580
-711
-839
-959
-1048
-1081
-1061
-1025
-994
-943
-840
-685
-491
-280
-65
141
325
480
607
709
794
860
910
936
944
947
957
970
975
975
965
935
870
770
658
549
453
358
253
144
51
-9
-30
-32
-37
-53
-74
-99
-132
-178
-235
-298
-368
-439
-490
-512
-512
-505
-497
-484
-463
-434
-409
-398
-407
-431
-451
-461
-469
-478
-494
-517
-541
-565
-585
-598
-607
-615
-613
-602
-580
-545
-497
-430
-345
-242
-127
-10
97
192
271
332
374
398
405
406
411
425
444
459
468
475
481
499
523
543
549
546
544
555
576
597
603
595
580
575
577
572
542
481
402
310
219
129
43
-38
-108
-150
-155
-123
-71
-8
59
119
175
215
231
220
183
126
55
-27
-126
-240
-365
-494
-623
-744
-853
-947
-1024
-1084
-1116
-1114
-1080
-1017
-930
-817
-683
-537
-389
-249
-125
-20
69
142
201
241
256
255
244
234
225
218
206
183
148
110
77
57
42
28
20
20
25
44
75
118
168
221
270
317
363
408
460
516
576
637
696
741
768
777
770
745
699
628
539
443
349
260
174
97
31
-21
-60
-91
-122
-158
-200
-243
-285
-325
-361
-392
-428
-464
-493
-507
-509
-501
-497
-499
-501
-498
-491
-481
-479
-481
-484
-483
-474
-463
-452
-442
-425
-398
-363
-324
-291
-259
-221
-168
-96
-13
71
154
233
312
388
456
506
536
552
551
535
507
465
413
355
299
250
209
174
154
144
149
165
187
208
227
247
267
292
313
330
338
331
315
287
258
222
181
130
68
-3
-76
-145
-211
-269
-324
-368
-404
-434
-458
-477
-488
-494
-493
-488
-481
-469
-460
-453
-447
-434
-410
-378
-341
-305
-264
-221
-170
-117
-67
-21
20
61
99
132
160
185
211
234
254
267
279
290
305
327
354
390
430
476
523
573
626
679
724
754
762
748
715
661
580
476
354
224
89
-48
-184
-316
-444
-565
-671
-755
-816
-859
-886
-893
-876
-832
-763
-674
-570
-452
-323
-189
-55
67
184
287
380
457
517
557
579
584
570
538
484
410
316
204
81
-47
-174
-296
-411
-513
-598
-663
-707
-735
-750
-751
-737
-710
-672
-627
-573
-509
-431
-342
-242
-133
-17
104
224
343
456
563
655
736
806
860
906
941
961
966
956
933
891
831
752
655
543
422
298
173
56
-56
-154
-240
-313
-370
-415
-450
-480
-507
-526
-537
-537
-525
-502
-473
-437
-391
-336
-274
-211
-154
-107
-74
-51
-36
-25
-17
-12
-10
-9
-4
2
7
10
8
1
-12
-29
-48
-67
-87
-109
-136
-161
-187
-208
-223
-234
-242
-253
-264
-264
-252
-225
-186
-140
-86
-27
44
126
210
287
355
411
459
493
517
534
540
537
524
502
472
437
398
351
294
231
164
95
24
-46
-119
-185
-240
-288
-325
-352
-365
-367
-355
-334
-301
-257
-205
-145
-82
-15
47
107
161
207
244
267
277
276
264
243
211
171
121
66
7
-53
-112
-171
-227
-278
-320
-355
-380
-397
-399
-388
-366
-332
-292
-246
-189
-125
-56
15
86
155
223
281
327
360
380
389
388
373
348
310
262
205
142
74
5
-59
-119
-172
-214
-248
-271
-287
-294
-293
-286
-271
-250
-226
-203
-182
-161
-140
-115
-92
-73
-57
-44
-33
-25
-14
-5
3
7
11
15
17
18
18
19
23
31
41
52
64
79
101
127
155
180
204
224
243
257
268
277
283
285
287
287
283
275
265
250
228
201
166
128
87
47
5
-37
-73
-103
-125
-137
-144
-147
-146
-142
-133
-124
-108
-93
-83
-78
-77
-77
-77
-78
-85
-92
-101
-112
-122
-134
-148
-165
-182
-197
-212
-226
-238
-246
-253
-258
-261
-260
-253
-244
-231
-214
-193
-170
-143
-114
-83
-54
-24
8
40
68
97
126
154
180
206
228
243
253
259
260
257
250
236
220
204
189
175
162
150
140
132
129
129
128
123
121
117
113
109
105
104
104
103
103
99
97
93
92
89
85
77
68
58
48
38
27
12
-6
-29
-52
-76
-99
-122
-144
-165
-188
-209
-228
-242
-255
-263
-267
-269
-270
-270
-268
-268
-265
-262
-257
-249
-237
-224
-211
-195
-177
-155
-130
-104
-78
-52
-27
-1
27
58
86
109
129
146
161
174
184
190
192
192
192
190
191
192
192
192
193
194
193
195
197
198
198
199
199
198
195
192
185
175
165
152
138
118
97
75
54
34
15
-4
-27
-54
-83
-111
-138
-166
-194
-220
-245
-266
-283
-296
-301
-300
-294
-284
-273
-258
-241
-220
-198
-179
-158
-134
-112
-89
-67
-47
-28
-10
4
15
21
21
16
7
-1
-7
-13
-16
-20
-21
-17
-5
15
42
72
105
142
181
220
259
296
328
352
366
374
374
369
357
338
313
282
250
218
184
149
107
66
23
-19
-59
-96
-132
-164
-191
-210
-219
-218
-210
-193
-170
-143
-111
-74
-40
-10
13
28
39
41
38
29
13
-14
-50
-91
-135
-177
-218
-260
-302
-339
-370
-389
-398
-400
-391
-376
-354
-327
-296
-263
-227
-188
-151
-113
-74
-37
2
42
81
122
160
197
229
257
280
298
309
316
318
315
305
293
278
264
249
236
225
213
202
196
193
190
187
184
182
179
175
168
158
143
125
104
82
57
30
4
-19
-37
-54
-67
-78
-85
-88
-89
-90
-88
-85
-81
-77
-73
-70
-67
-64
-62
-64
-67
-76
-86
-99
-113
-130
-149
-168
-188
-208
-225
-241
-253
-261
-264
-261
-252
-239
-224
-204
-179
-152
-119
-84
-47
-10
25
60
94
128
156
178
194
203
203
197
182
161
133
102
69
33
-5
-43
-79
-111
-140
-159
-173
-181
-180
-170
-151
-124
-89
-46
2
51
102
153
202
248
289
324
352
373
384
388
384
373
353
329
298
261
220
177
131
86
38
-9
-55
-97
-136
-171
-202
-227
-247
-260
-267
-265
-256
-241
-221
-195
-164
-131
-94
-59
-23
11
40
65
83
94
95
89
75
53
30
6
-20
-48
-75
-102
-127
-150
-167
-183
-197
-211
-223
-234
-241
-246
-246
-242
-234
-220
-200
-175
-143
-109
-72
-32
8
51
93
132
167
197
223
245
263
271
276
276
268
255
238
215
191
165
139
115
91
68
49
35
22
10
1
-7
-12
-16
-17
-17
-16
-14
-10
-5
1
11
21
35
47
61
74
88
101
113
120
123
121
121
117
110
99
84
65
46
25
4
-15
-36
-58
-81
-103
-125
-146
-165
-183
-200
-216
-231
-243
-254
-261
-265
-265
-261
-253
-240
-223
-201
-177
-151
-119
-87
-55
-22
8
36
61
83
103
118
129
136
139
137
132
123
112
98
86
73
60
46
32
20
12
5
0
-4
-8
-10
-8
-4
4
10
18
25
31
40
48
55
59
64
67
70
70
70
68
67
64
62
62
60
59
60
58
58
56
53
50
47
45
40
36
33
30
27
25
22
20
20
18
17
15
12
7
-1
-11
-21
-35
-47
-60
-70
-77
-82
-85
-85
-82
-77
-70
-63
-57
-52
-46
-42
-40
-39
-40
-40
-45
-52
-61
-68
-75
-83
-92
-101
-110
-117
-122
-127
-130
-129
-127
-123
-116
-107
-97
-84
-68
-53
-35
-15
4
25
47
70
94
118
140
163
182
198
211
220
226
229
226
216
206
192
173
155
134
113
95
72
53
36
21
7
-6
-17
-27
-36
-42
-47
-50
-54
-58
-62
-65
-66
-66
-67
-68
-67
-65
-62
-57
-52
-48
-42
-35
-27
-19
-10
-4
2
7
8
10
12
13
12
12
10
9
9
9
7
4
-1
-9
-19
-31
-44
-59
-77
-95
-113
-127
-141
-150
-154
-156
-151
-142
-128
-110
-89
-65
-40
-16
8
31
51
67
79
84
88
86
82
73
63
51
37
23
9
-5
-16
-25
-33
-41
-46
-47
-48
-45
-40
-33
-22
-9
7
25
45
65
86
106
124
142
160
175
189
198
205
209
212
212
208
201
190
174
156
134
111
84
57
30
1
-23
-48
-70
-88
-105
-118
-127
-134
-138
-142
-141
-138
-136
-133
-129
-123
-118
-112
-107
-102
-97
-94
-92
-92
-94
-94
-97
-99
-104
-107
-107
-109
-107
-105
-99
-93
-87
-78
-69
-59
-44
-28
-12
7
24
44
63
82
102
121
138
153
165
174
178
178
175
170
159
145
130
111
91
70
49
30
12
-6
-20
-34
-44
-49
-54
-58
-57
-57
-55
-51
-47
-43
-38
-34
-30
-24
-20
-15
-11
-6
-5
-3
-2
-1
1
-1
-5
-11
-16
-21
-28
-34
-41
-47
-52
-55
-56
-53
-47
-37
-25
-10
10
30
50
70
88
103
116
126
132
132
127
121
110
96
82
65
48
29
11
-5
-21
-35
-46
-58
-68
-77
-84
-90
-93
-93
-93
-91
-88
-82
-76
-66
-56
-44
-31
-17
-2
13
29
39
49
56
61
61
58
50
41
32
19
7
-6
-21
-34
-47
-58
-68
-76
-83
-89
-91
-94
-92
-87
-80
-71
-61
-51
-39
-29
-18
-10
-2
4
10
14
20
27
34
42
50
57
63
68
69
69
70
67
64
58
51
45
39
33
28
26
22
20
18
17
17
19
20
21
23
26
26
28
30
31
32
33
33
34
33
33
32
33
33
34
36
37
37
39
36
34
31
24
20
13
5
-2
-12
-21
-27
-34
-40
-46
-53
-58
-63
-66
-68
-69
-70
-69
-67
-63
-60
-56
-52
-48
-43
-41
-39
-37
-36
-34
-32
-31
-27
-26
-25
-23
-19
-18
-18
-19
-21
-23
-27
-31
-35
-40
-46
-50
-53
-55
-56
-57
-52
-49
-43
-34
-25
-13
1
15
30
46
60
75
87
97
106
115
119
123
123
124
123
119
116
111
105
97
89
79
69
60
52
42
29
19
5
-7
-18
-31
-44
-56
-68
-79
-86
-92
-97
-98
-98
-96
-91
-84
-75
-67
-58
-48
-37
-26
-16
-7
2
11
20
29
37
44
50
56
59
62
63
61
59
55
49
43
36
31
23
17
10
2
-3
-11
-18
-23
-27
-32
-34
-35
-35
-35
-33
-32
-29
-25
-21
-18
-15
-12
-10
-8
-4
-1
2
6
9
12
16
19
20
20
19
18
16
12
8
4
-2
-8
-15
-20
-26
-33
-37
-41
-46
-50
-54
-54
-54
-54
-53
-52
-51
-50
-48
-46
-45
-44
-44
-43
-43
-42
-40
-37
-32
-26
-18
-10
-2
9
18
29
39
50
60
70
79
86
93
99
104
109
111
111
112
110
107
101
97
91
85
79
71
64
56
49
42
36
29
23
19
12
7
3
0
-3
-7
-11
-13
-18
-21
-22
-27
-29
-33
-38
-44
-51
-57
-64
-70
-75
-81
-87
-93
-100
-104
-108
-113
-117
-120
-120
-119
-117
-113
-109
-104
-96
-90
-83
-74
-65
-57
-48
-40
-31
-21
-12
-3
7
16
26
36
47
57
66
75
82
88
93
97
100
101
102
101
99
97
96
92
89
87
82
80
78
75
71
69
67
64
62
59
57
55
52
51
49
46
44
43
40
39
38
37
36
35
33
32
28
24
19
14
6
-1
-9
-17
-27
-38
-51
-62
-75
-89
-101
-116
-128
-141
-152
-161
-170
-176
-179
-181
-182
-180
-177
-170
-163
-155
-146
-137
-124
-112
-98
-83
-69
-52
-35
-17
2
21
41
60
76
94
109
124
136
146
155
160
162
165
165
163
158
153
146
140
134
125
117
107
98
88
78
68
57
46
35
24
14
6
-3
-9
-15
-19
-23
-25
-25
-25
-26
-23
-21
-19
-16
-15
-12
-11
-10
-11
-14
-15
-19
-23
-27
-32
-38
-44
-49
-54
-60
-64
-69
-74
-78
-83
-86
-89
-95
-96
-98
-98
-97
-93
-89
-83
-75
-65
-54
-43
-30
-16
-2
12
26
40
51
63
72
79
85
89
90
90
89
86
81
74
67
59
51
40
31
21
14
5
-2
-10
-15
-18
-20
-20
-19
-17
-11
-6
2
11
19
27
36
43
49
54
59
59
60
59
54
46
38
29
17
5
-8
-22
-37
-52
-65
-77
-89
-99
-105
-110
-115
-118
-119
-116
-111
-101
-92
-78
-64
-47
-30
-11
10
28
47
65
81
94
103
110
116
119
121
118
114
108
100
92
82
70
58
43
28
12
-4
-19
-33
-46
-57
-65
-71
-75
-77
-76
-73
-68
-61
-55
-49
-42
-37
-30
-24
-19
-15
-10
-7
-3
-1
2
4
6
7
7
6
4
0
-3
-9
-13
-18
-23
-29
-33
-36
-38
-36
-35
-29
-25
-17
-10
0
9
19
29
38
48
54
60
65
69
73
73
72
70
68
65
59
54
49
43
38
31
26
20
14
9
4
-1
-5
-9
-13
-16
-18
-22
-23
-24
-25
-24
-25
-23
-20
-16
-11
-8
-4
-1
2
4
3
4
0
-4
-9
-16
-23
-31
-40
-49
-58
-66
-74
-81
-85
-89
-89
-89
-86
-81
-74
-65
-56
-45
-34
-22
-10
4
17
29
41
51
62
73
81
88
93
97
99
98
97
92
85
77
68
58
47
36
28
17
9
0
-8
-13
-19
-21
-23
-25
-25
-24
-22
-22
-20
-17
-16
-13
-11
-8
-6
-3
-2
-1
2
2
1
0
-1
-4
-8
-12
-17
-23
-30
-39
-47
-55
-59
-65
-69
-71
-70
-69
-66
-62
-55
-46
-36
-25
-15
-2
9
23
33
41
51
59
66
71
75
77
79
79
77
76
74
71
67
63
58
53
49
45
40
39
35
33
31
27
25
25
22
20
17
15
11
7
2
-4
-10
-17
-25
-33
-41
-48
-56
-63
-71
-77
-84
-91
-97
-102
-107
-111
-115
-116
-115
-113
-111
-106
-102
-95
-85
-75
-64
-52
-39
-26
-12
0
13
24
33
42
49
55
59
63
66
68
70
71
72
74
76
78
81
83
85
87
89
90
91
92
93
93
93
91
90
86
86
82
77
74
68
63
56
48
38
29
17
4
-7
-20
-33
-46
-58
-69
-80
-88
-95
-103
-108
-112
-114
-115
-117
-114
-113
-110
-107
-102
-96
-90
-86
-78
-71
-63
-54
-46
-38
-30
-24
-16
-10
-6
0
4
7
9
11
14
16
17
19
21
23
26
29
33
35
39
43
47
49
53
54
56
59
61
63
63
64
64
63
62
59
55
54
50
48
43
40
38
34
31
26
24
20
16
12
7
3
1
-3
-5
-9
-12
-16
-20
-23
-28
-31
-34
-36
-38
-40
-41
-43
-44
-44
-45
-45
-45
-44
-43
-42
-42
-41
-40
-38
-36
-36
-35
-31
-30
-27
-24
-20
-17
-13
-7
-3
0
4
7
11
14
18
20
20
23
24
27
27
28
30
29
30
31
31
31
31
31
30
29
30
30
29
28
28
25
26
25
23
23
21
18
16
13
12
10
6
2
-2
-6
-10
-15
-17
-21
-24
-27
-31
-34
-37
-37
-38
-38
-39
-39
-38
-37
-37
-37
-34
-35
-34
-33
-30
-29
-27
-27
-25
-22
-20
-18
-15
-11
-9
-7
-5
-2
2
4
6
9
11
14
17
17
19
20
22
24
24
27
28
30
32
35
36
37
39
40
40
43
43
45
45
45
45
45
44
43
43
42
40
37
35
32
27
25
21
18
15
11
6
1
-3
-8
-11
-16
-20
-24
-29
-32
-35
-38
-43
-45
-48
-51
-54
-56
-57
-59
-60
-61
-60
-59
-58
-57
-55
-52
-49
-47
-44
-39
-35
-32
-30
-25
-21
-16
-11
-7
-2
3
6
10
13
16
19
22
25
26
27
30
30
31
31
31
31
32
33
33
34
34
34
35
34
35
33
33
34
34
33
34
33
34
33
31
31
30
27
26
24
22
19
16
13
9
6
1
-2
-4
-8
-11
-13
-16
-19
-21
-24
-26
-27
-28
-30
-32
-32
-32
-33
-33
-32
-32
-31
-29
-27
-26
-24
-23
-22
-19
-18
-16
-15
-15
-13
-13
-12
-11
-10
-8
-7
-6
-6
-5
-7
-4
-4
-5
-4
-2
-2
-1
0
2
4
7
10
10
13
15
17
18
19
20
22
22
22
23
23
23
24
22
23
21
21
20
20
19
18
17
16
16
15
14
12
11
11
10
8
7
5
4
3
3
3
1
-1
0
-1
-3
-4
-5
-7
-9
-8
-8
-9
-11
-12
-14
-13
-13
-14
-15
-14
-14
-14
-12
-12
-12
-12
-13
-12
-13
-13
-14
-14
-15
-15
-14
-16
-17
-16
-18
-17
-18
-19
-18
-18
-17
-17
-17
-17
-15
-16
-14
-13
-11
-7
-6
-2
0
3
8
10
13
15
18
21
24
25
28
28
29
29
30
31
32
31
30
29
27
26
25
24
23
20
18
17
14
12
10
8
6
3
1
0
-3
-5
-5
-8
-9
-10
-11
-12
-12
-12
-13
-13
-15
-14
-15
-13
-12
-12
-11
-8
-9
-7
-6
-6
-5
-4
-2
-2
-1
0
2
2
2
3
2
2
1
0
-2
-2
-4
-5
-8
-9
-10
-12
-12
-14
-15
-14
-15
-16
-16
-16
-16
-13
-13
-10
-9
-8
-5
-3
-1
0
2
3
4
6
6
8
9
10
11
13
13
12
13
12
13
13
13
13
13
15
16
14
15
14
14
13
12
11
10
10
9
8
7
7
6
5
4
4
2
3
1
0
-1
-1
-4
-6
-8
-7
-8
-9
-10
-11
-10
-11
-10
-13
-13
-12
-12
-12
-12
-12
-11
-11
-11
-11
-11
-10
-10
-9
-7
-7
-6
-6
-5
-5
-5
-5
-5
-5
-5
-4
-5
-6
-7
-6
-6
-6
-5
-3
-3
-3
-1
0
0
1
2
4
5
6
7
8
8
9
10
10
11
12
14
13
13
15
15
16
16
17
18
18
17
17
18
17
16
15
16
14
13
12
11
9
8
7
6
3
2
0
-1
-3
-6
-8
-10
-11
-13
-15
-16
-18
-18
-20
-20
-20
-20
-20
-20
-19
-17
-17
-15
-13
-11
-11
-9
-7
-6
-5
-4
-2
-1
0
0
1
3
2
2
1
2
2
2
3
3
2
2
3
3
4
3
2
3
3
2
1
0
2
2
3
4
5
5
6
6
5
6
7
6
6
6
4
3
2
1
2
2
1
1
2
1
1
0
-1
0
-2
-2
-2
-2
-1
-2
-1
-2
-1
-1
-2
-1
-1
-1
-1
-1
-2
-1
-1
-2
-2
-3
-3
-3
-5
-5
-5
-5
-4
-5
-4
-4
-4
-4
-3
-3
-2
-2
-3
-1
0
-1
0
0
0
1
0
0
2
1
2
0
2
3
2
4
4
5
5
5
6
5
5
6
6
7
7
7
8
6
7
6
6
5
5
5
5
6
5
7
7
6
6
5
5
4
4
4
3
3
2
1
1
-1
0
0
-1
-3
-3
-4
-6
-6
-7
-8
-8
-10
-10
-9
-10
-10
-10
-11
-11
-11
-11
-11
-11
-11
-11
-11
-11
-12
-11
-11
-11
-10
-9
-8
-8
-6
-6
-6
-5
-5
-3
-2
0
1
1
3
4
4
5
7
7
9
11
13
15
15
16
15
16
17
17
17
16
17
17
16
15
15
15
14
12
12
11
9
8
6
4
1
1
-1
-2
-3
-5
-6
-8
-8
-8
-9
-9
-10
-10
-12
-11
-10
-10
-9
-8
-8
-6
-6
-6
-5
-4
-1
-2
-1
0
-1
-1
-1
-2
-2
-2
-3
-5
-6
-6
-7
-8
-8
-8
-9
-10
-9
-9
-9
-9
-9
-8
-8
-7
-6
-6
-5
-2
-3
-2
-1
1
2
3
6
5
6
7
7
9
10
11
12
13
12
13
12
13
13
12
11
12
12
11
12
11
11
11
11
9
9
10
8
9
8
8
8
8
7
7
5
4
2
2
-1
-2
-4
-5
-6
-6
-7
-9
-9
-9
-9
-9
-11
-12
-13
-13
-13
-14
-13
-13
-12
-13
-13
-13
-13
-11
-11
-12
-10
-10
-9
-8
-7
-7
-6
-5
-4
-4
-3
-1
-2
0
0
2
2
2
5
4
5
5
5
6
6
7
7
8
7
7
6
6
5
6
7
6
6
7
7
7
7
7
7
7
7
6
5
5
5
4
4
4
3
3
5
3
3
3
2
4
4
2
2
3
3
2
1
0
0
-2
-3
-3
-2
-4
-3
-4
-5
-5
-6
-6
-6
-7
-6
-7
-6
-7
-7
-7
-7
-6
-6
-4
-3
-3
-1
-1
-1
-1
0
0
1
1
1
1
0
1
1
1
0
0
0
0
-1
0
-1
0
0
-1
0
0
0
0
0
0
1
2
2
1
3
4
6
7
7
8
9
9
8
8
7
6
6
5
4
2
1
0
-1
-3
-4
-4
-5
-6
-7
-6
-6
-7
-8
-10
-9
-10
-10
-9
-8
-7
-7
-6
-6
-6
-4
-3
-3
-1
0
0
1
1
3
2
3
5
4
5
6
6
7
6
7
6
6
6
7
6
5
5
4
5
4
4
5
5
5
6
6
4
4
4
5
3
3
3
3
3
2
1
0
1
0
-2
-3
-4
-5
-4
-5
-5
-6
-7
-8
-8
-8
-8
-7
-6
-5
-5
-5
-5
-4
-4
-4
-3
-2
-2
-3
-2
-3
-2
-2
-3
-1
-2
-1
-1
0
-1
1
1
0
1
0
1
0
2
2
1
1
2
1
1
2
3
3
3
3
5
4
5
5
6
5
6
7
8
7
8
8
8
8
8
8
8
6
4
5
4
3
2
2
0
0
-1
-1
-2
-4
-5
-6
-5
-6
-7
-7
-6
-7
-8
-7
-8
-7
-5
-5
-5
-5
-4
-3
-4
-4
-3
-4
-3
-1
-2
-1
0
-1
0
1
1
2
0
0
-1
-1
-1
-1
0
0
1
0
0
0
0
-1
0
0
1
1
1
0
0
1
2
2
1
3
2
3
2
1
2
1
0
0
1
0
0
-1
-1
-2
-3
-2
-2
-2
-2
-1
-2
-2
-3
-1
-1
-1
-1
0
0
0
0
1
2
3
3
3
2
2
3
4
2
3
2
2
2
2
2
0
1
1
1
1
1
0
1
2
2
2
2
3
3
3
3
4
4
4
3
2
2
2
2
2
1
2
1
0
0
-1
-2
-3
-3
-4
-3
-4
-3
-3
-4
-4
-3
-3
-2
-3
-3
-3
-3
-4
-5
-5
-6
-6
-6
-6
-6
-5
-6
-5
-4
-5
-4
-3
-3
-2
-2
-3
0
