-10
-10
-9
-8
-6
-6
-5
-4
-3
-4
-6
-5
-6
-6
-6
-4
-6
-7
-9
-10
-9
-10
-9
-8
-6
-6
-7
-6
-5
-5
-6
-2
-1
2
2
1
2
2
3
4
6
6
8
8
6
6
5
5
5
6
6
6
8
7
6
3
2
2
0
1
2
2
3
3
6
9
9
6
7
9
10
10
9
10
9
5
3
3
2
4
2
2
2
2
1
-1
-2
0
0
1
1
-2
-4
-5
-5
-8
-5
-4
-5
-5
-5
-7
-6
-7
-5
-4
-5
-4
-3
0
2
1
1
-2
-3
-4
-6
-6
-4
-4
-4
-3
-1
-1
-1
-1
0
-1
-1
1
2
0
0
-1
-2
-2
-2
1
4
5
5
5
5
5
5
6
9
10
13
11
10
11
9
7
3
-1
-1
0
2
1
-1
-2
-2
-5
-4
-3
0
2
4
5
5
4
0
-4
-4
-2
1
3
5
5
3
1
-3
-7
-8
-10
-9
-11
-13
-14
-16
-17
-16
-18
-19
-17
-15
-14
-11
-10
-6
0
4
1
1
6
11
11
3
-5
-6
-4
-1
-3
-6
-5
-2
1
-1
0
5
5
-3
-12
-12
-2
11
17
12
8
8
12
17
21
23
23
23
22
18
18
25
31
29
23
19
20
22
18
13
8
2
-4
-8
-8
-8
-5
-3
-2
-2
-4
-5
-7
-10
-11
-6
4
9
5
-3
-11
-14
-11
-6
-3
-5
-12
-20
-29
-35
-35
-34
-32
-36
-38
-33
-24
-19
-20
-25
-28
-29
-28
-24
-14
-2
8
14
14
15
19
22
19
16
22
31
35
30
21
10
8
12
16
15
8
6
10
11
4
-7
-9
-4
6
14
18
19
19
20
21
15
7
2
7
11
9
-2
-7
2
14
20
16
8
5
4
-5
-21
-31
-26
-12
-8
-19
-31
-30
-25
-28
-39
-44
-35
-28
-28
-27
-15
-1
7
1
-12
-14
-1
15
21
18
12
15
18
9
-5
-15
-12
-5
-1
1
2
6
6
3
-2
-4
4
13
13
2
-7
-7
-1
7
8
6
9
20
33
36
29
28
32
34
33
26
18
11
5
2
0
1
2
-7
-27
-43
-32
-8
0
-13
-26
-13
9
9
-7
-19
-17
-11
-8
0
25
55
62
43
16
9
23
34
27
15
21
39
43
18
-16
-25
-18
-22
-43
-56
-48
-32
-33
-49
-54
-43
-23
-20
-35
-49
-38
-7
19
14
-2
-2
21
40
36
18
0
-10
-15
-19
-19
-18
-21
-21
-18
-20
-38
-68
-97
-105
-84
-47
-26
-51
-102
-126
-97
-52
-44
-63
-60
-10
53
70
44
20
31
62
80
87
110
154
180
166
144
149
168
152
101
71
90
114
94
43
8
10
21
14
-2
0
17
33
25
5
-9
-5
10
24
39
61
69
47
2
-17
8
45
43
-6
-59
-74
-62
-65
-118
-202
-257
-245
-213
-233
-298
-329
-286
-247
-280
-346
-352
-296
-243
-221
-205
-187
-186
-188
-175
-172
-182
-153
-91
-94
-106
184
890
1492
1296
446
-79
285
956
1123
877
837
1039
957
464
62
66
182
45
-271
-508
-603
-654
-725
-859
-1029
-1069
-876
-637
-579
-606
-443
-126
50
42
124
444
791
934
896
826
791
801
856
903
843
669
443
193
-86
-338
-474
-532
-650
-844
-982
-1000
-1011
-1116
-1224
-1157
-911
-637
-450
-346
-296
-244
-92
197
502
673
709
706
659
535
427
437
472
370
172
26
-102
-365
-706
-910
-930
-918
-959
-1020
-1073
-1107
-1053
-955
-903
-656
223
1446
1879
997
-40
207
1454
2202
1999
1830
2192
2309
1638
890
815
1074
934
385
-138
-478
-726
-914
-1149
-1551
-1896
-1788
-1397
-1316
-1573
-1552
-1044
-600
-551
-498
-62
523
895
1071
1194
1269
1347
1533
1745
1776
1610
1353
991
552
291
311
285
-109
-669
-1019
-1183
-1404
-1667
-1787
-1758
-1679
-1515
-1264
-1114
-1153
-1160
-912
-472
-30
311
503
569
635
773
888
856
773
797
864
786
539
239
-89
-430
-588
-454
-315
-583
-1173
-1572
-1519
-1349
-1300
-848
520
1875
1572
-240
-1198
25
1772
2043
1494
1860
2758
2506
1240
719
1332
1692
1143
534
309
-20
-498
-688
-894
-1585
-2086
-1610
-969
-1274
-1928
-1741
-1114
-1069
-1299
-852
44
504
516
570
651
658
967
1644
2001
1783
1612
1643
1188
281
-35
441
674
214
-206
-289
-614
-1352
-1940
-2079
-1917
-1513
-1011
-887
-1312
-1743
-1696
-1306
-826
-221
353
459
185
130
392
507
505
860
1308
1195
709
497
412
20
-294
-106
93
-188
-518
-548
-757
-1452
-1948
-1639
-1037
-924
-1022
-160
1579
2313
682
-1534
-1348
1281
3206
2688
1623
2056
2883
2160
826
968
2120
2206
1192
516
204
-474
-931
-655
-715
-1632
-1990
-1256
-1065
-2109
-2605
-1677
-884
-1215
-1367
-502
269
201
180
654
899
947
1696
2749
2688
1789
1450
1611
1173
557
836
1398
1041
136
-372
-771
-1570
-2237
-2237
-2022
-1980
-1852
-1642
-1873
-2461
-2604
-2069
-1358
-725
-71
274
72
-39
402
771
689
905
1697
2023
1498
1059
1016
653
115
342
902
491
-578
-923
-639
-1136
-2233
-2421
-1587
-1262
-1462
-371
1694
1635
-1390
-3438
-1416
2191
3229
2021
1554
2374
2450
1458
1230
2357
3165
2566
1539
978
437
-86
84
383
-451
-1696
-1639
-965
-1547
-2771
-2602
-1455
-1225
-1863
-1830
-1110
-737
-660
-181
319
408
751
1851
2578
2090
1463
1635
1763
1268
1181
1809
1769
791
280
396
-128
-1293
-1779
-1573
-1655
-1906
-1750
-1705
-2345
-2912
-2642
-2106
-1834
-1331
-531
-424
-1044
-963
110
658
332
568
1572
1770
1104
1101
1670
1377
654
1029
1759
1072
-288
-415
244
-175
-1524
-1993
-1416
-1119
-1541
-1069
767
1689
-399
-3391
-3184
436
3138
2402
684
994
2399
2216
1088
1462
3127
3518
2295
1383
1154
569
308
1027
1144
-444
-1593
-867
-398
-1743
-2761
-1925
-1029
-1616
-2314
-1826
-1179
-1188
-1047
-468
-303
-315
688
2149
2100
941
722
1428
1497
1207
1768
2269
1532
670
731
649
-301
-922
-653
-678
-1321
-1526
-1309
-1770
-2769
-2925
-2264
-1930
-1888
-1441
-1158
-1726
-1968
-889
-29
-536
-808
444
1487
1008
557
1174
1462
923
1110
2072
1805
366
31
924
874
-588
-1373
-853
-611
-1343
-1489
150
1858
1007
-2097
-3896
-1910
1662
2782
1137
-9
1122
2233
1502
827
2096
3581
3108
1742
1293
1136
817
1306
2020
989
-1001
-1189
-90
-621
-2395
-2449
-998
-795
-2182
-2741
-1978
-1485
-1553
-1158
-645
-734
-509
874
1735
868
110
909
1748
1426
1304
2057
2117
1208
828
1112
796
-26
-272
-292
-889
-1399
-1113
-953
-1793
-2677
-2548
-2268
-2487
-2317
-1475
-1385
-2143
-1887
-645
-543
-1434
-971
732
1297
776
1002
1620
1204
797
1794
2634
1596
384
942
1762
767
-894
-960
-208
-368
-1144
-672
974
1668
-80
-2888
-3681
-1092
2200
2599
477
-480
1057
2091
1184
772
2378
3605
2734
1417
1112
992
1032
1818
2080
355
-1364
-857
151
-959
-2534
-1968
-575
-1028
-2516
-2564
-1632
-1388
-1446
-858
-506
-739
-175
1347
1554
300
80
1412
1978
1317
1287
1903
1537
668
776
1316
824
-220
-561
-606
-1026
-1288
-1013
-1130
-2081
-2665
-2371
-2324
-2647
-2191
-1286
-1502
-2288
-1839
-907
-1197
-1701
-620
829
812
297
703
1091
667
852
2061
2321
957
249
1185
1650
356
-827
-463
113
-243
-530
587
1882
1249
-1399
-3430
-2305
1027
2932
1669
-375
-169
1368
1518
684
1289
2965
3102
1607
694
810
1035
1564
2229
1520
-474
-1169
-57
172
-1328
-1920
-694
-6
-1212
-2311
-1902
-1206
-1167
-968
-451
-428
-538
366
1357
784
-270
158
1362
1507
1045
1191
1223
555
338
1070
1317
319
-572
-548
-475
-860
-1041
-872
-1146
-1899
-2260
-2249
-2330
-2163
-1519
-1417
-2193
-2395
-1522
-1176
-1842
-1761
-343
559
226
40
566
718
557
1164
2025
1664
695
866
1634
1243
-27
-282
364
533
24
320
1615
2105
253
-2573
-3155
-434
2500
2408
117
-859
457
1421
800
534
1975
3077
2196
748
479
830
1340
2097
2228
727
-749
-391
423
-448
-1589
-924
308
-258
-1892
-2329
-1683
-1296
-1129
-609
-452
-836
-600
517
750
-171
-396
722
1461
1098
843
1020
811
503
946
1475
899
-79
-132
199
-195
-880
-893
-776
-1350
-2001
-2175
-2337
-2500
-2073
-1624
-2240
-3048
-2584
-1743
-2032
-2543
-1661
-302
-103
-494
-185
360
440
758
1725
2109
1330
879
1551
2004
1191
435
771
1220
777
593
1876
3020
1518
-1891
-3361
-946
2309
2614
396
-955
-97
783
422
252
1479
2593
2030
700
152
351
1048
2146
2506
1109
-519
-404
453
-24
-987
-518
552
181
-1300
-1963
-1583
-1066
-609
-86
-182
-829
-723
372
784
20
-304
508
1036
704
555
782
508
125
571
1171
652
-318
-413
-155
-489
-852
-562
-462
-1260
-1960
-1920
-1960
-2224
-1856
-1221
-1737
-2774
-2486
-1467
-1667
-2495
-1941
-517
-259
-823
-598
55
16
38
982
1642
903
228
847
1518
992
395
902
1311
564
42
1556
3628
3027
-539
-3163
-1572
2243
3646
1640
-424
-53
1093
832
135
945
2518
2606
1105
-197
-419
302
1669
2423
1237
-752
-1013
82
-23
-1273
-1204
162
402
-993
-1961
-1642
-923
-360
143
110
-506
-503
533
1090
407
-31
705
1269
752
377
784
800
182
151
743
546
-405
-655
-403
-801
-1283
-736
-204
-1056
-2182
-2073
-1705
-2021
-1942
-1069
-1095
-2349
-2673
-1567
-1191
-2001
-1988
-650
-2
-577
-746
-155
-38
-181
609
1569
1057
-15
337
1301
979
59
486
1438
993
-195
289
2516
3668
1664
-1781
-2702
266
3505
3232
606
-406
849
1488
594
393
1921
3059
2181
436
-416
-159
940
2207
2123
176
-1362
-796
65
-810
-1778
-884
304
-404
-1911
-2176
-1454
-745
-121
244
-227
-747
-41
1121
1060
313
522
1375
1294
554
567
1013
715
214
557
949
169
-843
-775
-480
-893
-1032
-447
-626
-1920
-2476
-1876
-1738
-2045
-1488
-859
-1740
-2874
-2265
-1108
-1340
-2000
-1336
-202
-226
-760
-554
-106
-94
244
1194
1285
134
-212
990
1477
316
-295
757
1310
301
-392
702
2480
2936
1058
-1931
-2617
561
3881
3142
60
-629
1231
1871
685
643
2513
3483
2106
241
-276
229
1260
2370
2106
-13
-1528
-795
-56
-1232
-2015
-586
531
-842
-2550
-2335
-1267
-667
-151
244
-268
-790
39
1244
1068
262
615
1669
1571
575
418
998
882
321
580
1002
116
-1044
-791
-163
-675
-1236
-773
-680
-1742
-2351
-1951
-1802
-1835
-1166
-864
-2026
-2948
-2065
-1001
-1396
-1944
-1153
-125
-336
-1061
-1005
-466
-167
286
1046
911
-258
-556
615
1144
236
-24
1099
1424
207
-535
619
2589
3295
1509
-1526
-2101
1174
4147
2946
33
-39
1956
2129
590
648
2689
3633
2118
147
-383
205
1222
2125
1693
-346
-1784
-1210
-598
-1506
-1878
-424
321
-1308
-2830
-2251
-985
-386
34
319
-192
-613
289
1391
1117
375
820
1819
1567
437
215
799
769
347
639
920
-93
-1182
-762
-164
-890
-1492
-807
-457
-1461
-2257
-2018
-1754
-1530
-853
-788
-1997
-2729
-1843
-1003
-1458
-1850
-1027
-232
-663
-1367
-1204
-645
-363
97
805
570
-633
-917
260
948
311
64
952
1304
315
-339
1045
3335
3659
853
-2135
-1165
2854
4654
2308
-67
749
2330
1751
593
1406
3140
3163
1371
-248
-583
183
1568
2292
1038
-1315
-2248
-1431
-1074
-1654
-1295
-30
-203
-2007
-2912
-2095
-914
-67
614
565
-379
-632
526
1423
1049
711
1432
1978
1183
203
260
714
676
671
955
484
-738
-1062
-342
-438
-1403
-1308
-358
-574
-1832
-2287
-1890
-1612
-1169
-592
-1141
-2454
-2439
-1208
-931
-1774
-1723
-569
-312
-1250
-1624
-921
-384
-398
1
550
30
-927
-549
755
933
63
38
931
1086
325
511
2419
3860
2396
-1032
-2227
854
4424
4108
1094
-93
1246
1902
989
916
2519
3528
2399
311
-853
-568
841
2351
2286
205
-1935
-2179
-1344
-1170
-1217
-390
270
-868
-2685
-2948
-1699
-341
437
636
90
-682
-419
687
1204
934
940
1476
1379
471
28
524
988
820
580
404
-150
-641
-384
-119
-801
-1425
-902
-381
-1013
-1849
-1836
-1541
-1397
-1075
-1043
-1871
-2382
-1639
-1029
-1671
-2242
-1472
-599
-1012
-1656
-1289
-607
-598
-656
-69
277
-276
-615
147
908
575
147
699
1339
997
509
1661
3708
3731
739
-2111
-869
3160
4863
2597
84
307
1450
1150
632
1743
3330
3154
1192
-740
-1249
-87
1943
2977
1656
-956
-2377
-1915
-1150
-955
-554
246
7
-1787
-3215
-2753
-1070
341
814
442
-501
-1081
-468
648
1185
1143
1190
1224
646
-36
147
964
1303
938
520
179
-190
-258
-1
-149
-774
-832
-338
-461
-1274
-1713
-1528
-1308
-1137
-1060
-1595
-2356
-2171
-1419
-1512
-2207
-2080
-1261
-1195
-1852
-1880
-1195
-826
-905
-672
-195
-255
-604
-297
526
806
483
555
1088
1184
772
1217
3086
4219
2421
-936
-1730
1395
4481
3917
1238
122
852
1109
681
1265
2832
3386
2055
-16
-1214
-721
1184
2903
2604
351
-1746
-2114
-1387
-816
-423
214
440
-778
-2639
-3185
-1924
-153
772
643
-153
-1069
-1242
-383
716
1232
1163
931
484
-129
-220
527
1271
1158
596
305
171
-66
-177
-84
-189
-437
-407
-357
-726
-1260
-1504
-1418
-1139
-894
-1190
-1999
-2347
-1885
-1616
-2012
-2185
-1719
-1479
-1897
-2113
-1651
-1198
-1134
-957
-471
-286
-595
-628
25
691
732
603
897
1250
1190
1341
2674
4098
3283
359
-1304
622
3722
4255
2280
733
754
937
712
1173
2499
3159
2196
395
-861
-773
622
2249
2509
974
-1025
-1925
-1623
-933
-317
183
299
-551
-2141
-3064
-2308
-553
588
480
-254
-931
-1184
-725
284
1124
1248
849
343
-92
-129
502
1271
1296
697
324
289
101
-206
-144
159
159
-164
-530
-841
-1074
-1207
-1219
-1113
-975
-1151
-1801
-2321
-2165
-1764
-1767
-1987
-2021
-2055
-2287
-2276
-1746
-1268
-1269
-1325
-1008
-676
-751
-782
-197
590
753
413
445
983
1369
1646
2717
4075
3536
766
-1109
542
3696
4520
2769
1183
896
762
506
1256
2850
3448
2210
272
-915
-790
518
2106
2496
1130
-829
-1880
-1820
-1210
-363
395
477
-516
-2105
-3073
-2521
-802
635
727
-172
-1050
-1334
-924
45
1091
1544
1167
351
-289
-271
500
1412
1585
980
355
111
-7
-110
51
419
504
86
-575
-1107
-1294
-1185
-984
-861
-943
-1335
-1966
-2398
-2310
-1936
-1676
-1670
-1907
-2361
-2726
-2527
-1790
-1164
-1101
-1296
-1277
-1096
-1046
-920
-282
552
758
306
140
734
1447
1920
2777
3847
3450
1097
-636
714
3587
4506
3020
1557
1213
959
589
1270
2860
3444
2137
229
-737
-461
629
1800
2013
842
-772
-1593
-1544
-1178
-582
140
299
-636
-2068
-2785
-2220
-833
327
472
-284
-1140
-1350
-785
179
1004
1288
948
279
-186
22
890
1703
1688
937
225
13
100
210
348
496
468
69
-664
-1346
-1480
-1042
-623
-737
-1295
-1891
-2261
-2320
-2118
-1881
-1780
-1849
-2104
-2521
-2801
-2504
-1688
-1017
-1021
-1430
-1614
-1429
-1136
-717
-7
558
399
-57
133
946
1667
2394
3467
3796
2211
136
346
2804
4463
3720
2265
1790
1614
942
824
2133
3493
2998
967
-662
-763
303
1545
1971
1067
-539
-1535
-1436
-940
-579
-202
38
-494
-1741
-2604
-2246
-1087
-108
113
-380
-1125
-1513
-1142
-175
771
1170
919
283
-244
-117
745
1666
1853
1270
504
-22
-185
98
639
905
656
215
-236
-869
-1445
-1330
-584
-167
-691
-1755
-2550
-2643
-2162
-1612
-1504
-1852
-2305
-2668
-2910
-2791
-2049
-1079
-753
-1311
-1989
-2024
-1546
-961
-253
451
502
-207
-594
161
1462
2545
3386
3630
2477
659
551
2756
4736
4374
2806
2108
2135
1726
1347
2162
3467
3324
1430
-410
-672
363
1479
1747
934
-483
-1585
-1765
-1218
-490
-60
-245
-1084
-2122
-2572
-2088
-1069
-297
-261
-764
-1280
-1454
-1174
-440
533
1178
1030
258
-389
-170
892
1888
1914
1163
531
316
176
135
508
988
893
231
-396
-722
-896
-946
-827
-737
-961
-1540
-2253
-2719
-2557
-1890
-1453
-1813
-2609
-3012
-2773
-2307
-1916
-1533
-1247
-1365
-1725
-1734
-1236
-721
-459
-132
350
500
164
77
1074
2750
3551
2622
1140
1097
2670
4001
3832
3036
2827
2880
2375
1777
2133
3123
3301
2112
580
-85
278
1031
1416
1008
-50
-1062
-1468
-1396
-1132
-702
-321
-637
-1795
-2771
-2561
-1500
-716
-727
-1130
-1409
-1438
-1266
-846
-161
519
754
390
-143
-129
693
1682
1902
1256
621
591
805
792
713
846
918
568
-48
-476
-524
-381
-424
-810
-1307
-1624
-1825
-2131
-2397
-2308
-1991
-1930
-2289
-2713
-2806
-2540
-2144
-1824
-1647
-1595
-1565
-1409
-1097
-774
-546
-294
108
481
658
866
1443
2111
2191
1690
1548
2393
3487
3684
3040
2674
3004
3246
2877
2538
2858
3210
2624
1375
684
1008
1514
1365
627
-163
-715
-952
-817
-523
-531
-1019
-1637
-2020
-2116
-1960
-1548
-1137
-1176
-1719
-2188
-2026
-1321
-606
-218
-112
-157
-330
-473
-216
618
1555
1813
1271
668
637
958
1120
1110
1195
1274
1014
440
-78
-278
-218
-116
-183
-521
-1041
-1579
-2001
-2228
-2224
-2085
-2039
-2198
-2453
-2639
-2727
-2734
-2559
-2150
-1707
-1536
-1635
-1640
-1283
-739
-304
-32
225
564
996
1444
1657
1517
1399
1849
2731
3266
3075
2663
2627
2894
3106
3250
3412
3338
2727
1812
1247
1374
1839
1993
1496
545
-391
-946
-982
-651
-301
-304
-823
-1678
-2434
-2621
-2092
-1255
-798
-1094
-1843
-2416
-2394
-1782
-897
-191
-11
-351
-827
-952
-488
378
1125
1331
1055
718
637
806
1091
1375
1517
1378
1007
648
494
504
485
294
-35
-359
-634
-927
-1247
-1472
-1536
-1617
-1891
-2275
-2525
-2526
-2389
-2276
-2281
-2350
-2325
-2114
-1801
-1524
-1261
-907
-503
-182
90
485
987
1274
1232
1222
1658
2354
2735
2619
2404
2437
2640
2813
2962
3106
3079
2754
2260
1866
1723
1770
1807
1583
1010
297
-212
-349
-280
-281
-514
-966
-1482
-1834
-1827
-1510
-1185
-1181
-1534
-1951
-2086
-1844
-1392
-978
-774
-806
-972
-1073
-911
-428
160
473
364
104
63
294
591
845
1054
1132
995
763
647
683
722
676
571
432
224
-83
-461
-784
-914
-875
-884
-1100
-1430
-1692
-1872
-2052
-2196
-2183
-2011
-1806
-1693
-1722
-1842
-1844
-1474
-795
-191
71
149
261
377
495
898
1709
2449
2529
2020
1605
1727
2225
2732
3030
2996
2545
1863
1404
1478
1943
2331
2235
1580
685
17
-118
202
586
628
136
-710
-1473
-1760
-1497
-964
-597
-711
-1278
-1888
-2060
-1701
-1147
-764
-667
-799
-1073
-1279
-1128
-574
24
226
-26
-371
-432
-150
262
556
620
506
346
281
344
476
598
650
574
352
69
-117
-146
-115
-172
-379
-672
-916
-1018
-1014
-1016
-1097
-1232
-1380
-1519
-1577
-1462
-1229
-1066
-1047
-1022
-843
-529
-172
172
396
396
301
454
988
1619
1973
1964
1767
1576
1571
1850
2273
2469
2200
1650
1208
1098
1246
1451
1495
1204
647
134
-40
111
311
325
73
-369
-828
-1085
-1017
-737
-520
-595
-946
-1309
-1409
-1195
-842
-578
-525
-684
-934
-1050
-857
-416
-26
40
-196
-454
-481
-267
17
184
161
10
-132
-174
-107
17
123
125
-11
-190
-264
-202
-129
-171
-331
-500
-593
-592
-548
-531
-569
-642
-722
-806
-861
-808
-624
-424
-346
-388
-415
-316
-76
247
546
669
553
383
455
843
1300
1521
1472
1352
1312
1356
1448
1603
1730
1630
1254
842
686
807
966
938
661
236
-155
-317
-206
1
57
-123
-434
-730
-895
-830
-564
-319
-340
-616
-892
-953
-787
-530
-319
-259
-381
-592
-700
-558
-213
92
133
-90
-342
-385
-191
57
175
107
-84
-289
-405
-382
-259
-154
-175
-353
-586
-728
-703
-577
-478
-490
-598
-738
-828
-794
-640
-477
-418
-457
-504
-488
-400
-256
-75
101
233
337
454
615
813
1008
1116
1073
954
946
1150
1429
1554
1446
1250
1127
1127
1214
1319
1341
1150
764
401
288
413
538
455
148
-236
-524
-604
-491
-351
-356
-547
-820
-1026
-1040
-833
-527
-356
-463
-724
-864
-746
-469
-208
-74
-116
-302
-489
-480
-230
106
295
225
-22
-236
-238
-33
206
283
148
-92
-298
-389
-344
-219
-154
-273
-552
-801
-862
-763
-656
-646
-720
-824
-917
-939
-834
-642
-497
-482
-535
-539
-442
-266
-53
134
237
275
353
535
773
1003
1212
1366
1391
1276
1176
1269
1518
1699
1643
1410
1194
1126
1191
1262
1226
1050
775
480
257
197
272
301
120
-237
-567
-716
-684
-575
-509
-584
-830
-1115
-1232
-1094
-817
-595
-543
-646
-794
-832
-672
-369
-98
-5
-83
-220
-282
-211
-23
198
331
298
122
-67
-102
51
243
293
164
-34
-192
-281
-299
-269
-274
-383
-563
-695
-738
-763
-819
-860
-861
-867
-903
-915
-849
-749
-683
-640
-562
-430
-287
-156
-44
61
177
327
524
748
950
1084
1159
1229
1333
1440
1513
1553
1587
1608
1571
1460
1341
1294
1299
1261
1114
907
710
542
400
297
233
131
-77
-346
-561
-654
-652
-619
-622
-718
-917
-1119
-1180
-1066
-901
-822
-851
-914
-945
-914
-790
-575
-354
-248
-282
-343
-312
-171
-1
140
241
274
209
86
31
121
266
316
232
94
-15
-75
-107
-135
-182
-267
-391
-527
-633
-676
-663
-642
-678
-784
-885
-887
-792
-676
-604
-564
-515
-434
-319
-164
13
171
282
359
457
606
801
979
1102
1171
1200
1212
1222
1234
1253
1281
1286
1238
1145
1066
1033
995
910
777
640
519
410
314
221
128
18
-131
-303
-443
-498
-496
-513
-584
-672
-733
-774
-809
-820
-781
-725
-711
-746
-765
-722
-635
-533
-432
-326
-237
-182
-169
-159
-93
46
197
284
292
246
187
139
130
175
229
226
147
35
-69
-142
-185
-210
-248
-323
-420
-514
-577
-602
-582
-531
-504
-540
-606
-627
-570
-463
-347
-241
-162
-121
-98
-34
114
309
459
508
492
490
557
680
803
879
883
807
683
582
579
679
792
815
714
556
440
423
475
527
507
401
253
130
77
84
92
29
-120
-303
-427
-432
-365
-324
-376
-504
-638
-706
-685
-602
-514
-480
-514
-581
-593
-495
-322
-165
-86
-58
-31
18
90
182
290
381
414
398
367
342
324
303
284
266
237
192
125
38
-63
-150
-214
-266
-322
-380
-427
-468
-508
-530
-524
-509
-513
-528
-517
-457
-366
-290
-244
-213
-174
-117
-44
34
109
165
194
205
219
260
317
358
360
335
322
327
334
324
307
307
325
346
358
370
379
369
338
312
319
343
341
296
223
156
113
94
66
4
-78
-149
-200
-231
-250
-279
-334
-405
-448
-428
-358
-287
-251
-253
-254
-219
-131
3
138
232
257
236
227
280
390
491
522
478
406
348
320
319
329
311
238
112
-17
-99
-132
-158
-224
-330
-443
-518
-551
-557
-565
-582
-605
-632
-649
-640
-583
-501
-437
-416
-410
-379
-315
-237
-168
-114
-81
-60
-38
2
62
127
178
206
210
204
204
218
254
298
330
334
304
263
255
296
356
386
363
315
274
257
275
310
332
305
222
122
49
25
34
42
18
-46
-122
-180
-193
-169
-128
-98
-87
-88
-83
-53
8
83
152
199
228
248
266
288
319
357
389
397
373
331
292
264
239
210
174
120
50
-30
-109
-171
-215
-256
-309
-385
-464
-522
-550
-559
-557
-556
-564
-587
-608
-603
-564
-508
-462
-432
-410
-376
-324
-260
-190
-128
-79
-42
-1
57
129
199
244
263
259
252
262
289
318
323
295
252
211
190
186
193
190
163
119
76
47
36
43
61
72
61
28
-8
-12
7
33
41
29
12
3
8
29
59
90
110
110
102
108
148
199
241
260
262
261
265
276
298
325
345
345
321
285
258
245
232
206
168
122
72
20
-32
-76
-114
-160
-220
-281
-327
-356
-375
-402
-443
-482
-497
-491
-486
-490
-491
-478
-467
-460
-441
-395
-335
-287
-251
-220
-185
-143
-87
-22
43
94
128
141
145
149
166
200
224
219
194
172
158
143
125
102
72
29
-24
-79
-117
-134
-139
-140
-153
-177
-192
-182
-150
-108
-67
-28
11
44
77
126
191
249
289
315
337
353
366
386
413
434
441
437
429
419
406
388
376
363
351
336
307
268
229
197
171
148
122
96
65
17
-38
-88
-123
-151
-185
-225
-263
-292
-317
-347
-375
-392
-398
-404
-420
-436
-439
-423
-407
-391
-363
-323
-286
-257
-230
-196
-156
-115
-82
-62
-48
-31
-15
-5
5
15
25
30
27
27
29
24
13
0
-21
-40
-55
-66
-76
-93
-110
-118
-121
-124
-122
-114
-104
-91
-71
-45
-19
10
43
79
124
170
207
237
265
298
329
352
373
401
424
428
412
395
383
369
345
315
288
262
228
192
155
123
99
75
43
10
-16
-34
-51
-73
-92
-99
-101
-107
-115
-124
-128
-132
-138
-148
-156
-154
-151
-154
-167
-173
-166
-157
-159
-167
-165
-153
-140
-133
-134
-131
-130
-129
-128
-128
-122
-112
-109
-119
-132
-137
-133
-128
-131
-136
-137
-136
-131
-120
-105
-91
-82
-77
-74
-66
-50
-29
-9
6
15
23
36
57
76
90
106
115
117
126
146
166
176
176
180
190
201
206
211
222
230
228
216
204
199
196
188
168
146
129
115
102
83
62
44
26
3
-21
-38
-42
-45
-54
-60
-61
-58
-58
-54
-42
-27
-12
-3
2
10
20
32
36
33
30
28
22
7
-10
-21
-33
-47
-66
-85
-108
-133
-154
-173
-191
-207
-218
-229
-243
-257
-267
-270
-266
-256
-238
-223
-210
-198
-181
-160
-134
-106
-80
-59
-43
-26
-7
18
41
67
91
106
113
123
139
156
167
172
175
177
177
171
169
174
179
173
158
143
134
131
128
121
113
100
84
70
64
59
52
46
38
28
21
20
21
19
17
21
24
25
33
44
50
53
58
68
80
87
92
97
102
100
99
99
99
98
86
67
47
25
2
-14
-28
-52
-82
-120
-153
-182
-205
-226
-244
-264
-283
-303
-320
-327
-318
-304
-288
-276
-262
-242
-216
-186
-153
-119
-86
-61
-41
-20
8
41
68
85
93
103
115
129
138
144
148
144
134
125
125
129
128
118
102
88
76
66
60
58
56
47
33
19
18
19
17
12
3
-4
-8
-7
-6
-3
3
8
12
17
28
41
56
72
88
99
110
126
145
160
171
178
182
185
187
188
185
176
158
140
125
109
87
63
38
12
-21
-53
-83
-114
-142
-172
-201
-221
-237
-250
-264
-279
-289
-286
-275
-263
-250
-231
-212
-188
-166
-141
-108
-73
-47
-29
-12
9
27
41
53
65
70
69
65
59
56
53
44
30
19
8
-2
-9
-14
-16
-19
-26
-37
-41
-37
-28
-21
-19
-17
-12
-4
2
10
19
28
35
42
49
57
68
81
91
97
105
115
126
142
160
172
180
184
190
199
209
215
216
216
211
201
194
188
181
164
138
109
82
55
29
4
-23
-55
-88
-120
-148
-173
-192
-209
-224
-243
-260
-271
-276
-274
-268
-258
-247
-234
-217
-199
-181
-163
-142
-118
-97
-85
-73
-58
-41
-26
-16
-11
-9
-8
-5
-6
-10
-15
-17
-19
-26
-33
-36
-31
-28
-26
-28
-27
-25
-22
-10
4
16
23
29
38
50
64
79
87
93
103
116
129
137
146
153
157
161
168
172
180
190
199
202
196
192
192
192
191
187
182
176
167
151
135
126
117
103
86
64
40
13
-9
-27
-40
-56
-79
-105
-132
-156
-173
-182
-187
-192
-204
-217
-226
-228
-221
-210
-198
-194
-189
-180
-168
-156
-139
-118
-103
-97
-95
-90
-78
-67
-58
-53
-54
-61
-61
-55
-47
-40
-35
-38
-48
-54
-52
-40
-26
-21
-20
-19
-18
-13
-2
14
27
36
45
56
67
78
94
108
118
122
130
136
146
156
167
173
174
178
183
188
191
193
196
195
188
181
178
180
179
172
158
141
126
113
104
93
78
63
47
28
5
-16
-33
-49
-67
-83
-96
-113
-133
-149
-160
-167
-175
-185
-190
-192
-192
-195
-197
-194
-188
-181
-174
-164
-159
-155
-147
-137
-127
-122
-117
-112
-109
-106
-98
-91
-86
-83
-82
-80
-77
-73
-69
-62
-57
-49
-42
-33
-24
-11
2
10
15
26
43
61
75
87
102
119
130
140
148
156
164
173
179
185
190
197
200
198
198
197
198
197
193
187
181
175
171
166
160
156
148
133
119
106
96
90
79
67
55
40
20
0
-17
-28
-39
-53
-65
-80
-96
-115
-131
-141
-147
-153
-160
-170
-184
-192
-193
-196
-197
-196
-194
-190
-187
-189
-187
-177
-163
-154
-149
-147
-146
-141
-137
-129
-119
-111
-104
-101
-101
-96
-85
-75
-64
-58
-52
-44
-32
-18
-3
8
19
30
41
51
64
79
96
110
121
132
141
148
155
164
174
181
185
187
188
188
188
189
185
180
174
170
161
151
147
145
141
134
123
115
106
100
95
91
83
72
65
58
48
35
24
15
9
-4
-22
-36
-46
-55
-66
-82
-96
-107
-117
-128
-139
-148
-155
-160
-166
-173
-176
-177
-176
-176
-178
-178
-173
-168
-162
-157
-153
-148
-142
-134
-129
-124
-116
-105
-95
-87
-78
-70
-64
-54
-41
-27
-19
-9
1
12
21
29
38
49
60
70
79
90
98
108
117
128
135
138
142
148
153
155
162
166
165
161
160
156
152
147
143
134
125
120
115
109
102
95
87
79
70
64
58
51
44
36
27
20
10
2
-5
-15
-26
-35
-44
-54
-66
-74
-82
-88
-95
-104
-110
-115
-120
-126
-137
-142
-146
-148
-147
-144
-143
-149
-154
-154
-149
-141
-135
-131
-129
-126
-120
-115
-109
-101
-89
-77
-68
-61
-56
-48
-36
-26
-18
-11
-3
7
14
23
32
41
49
56
62
69
78
86
93
97
100
104
111
119
125
128
128
129
129
130
130
132
131
129
127
127
123
118
115
109
107
101
93
85
77
71
66
63
55
43
36
33
31
25
17
13
7
0
-8
-15
-26
-33
-38
-44
-54
-60
-67
-72
-78
-85
-89
-92
-96
-102
-110
-112
-113
-114
-117
-121
-124
-125
-121
-117
-115
-116
-115
-115
-110
-104
-95
-83
-76
-72
-69
-62
-52
-42
-32
-24
-15
-9
-2
4
13
22
28
34
40
44
50
56
60
65
69
72
74
78
79
83
83
82
82
83
85
84
81
81
81
79
76
73
73
70
66
61
56
55
54
52
48
44
39
36
33
30
26
24
20
13
8
5
-1
-6
-10
-16
-21
-27
-32
-36
-40
-48
-52
-56
-60
-64
-68
-73
-76
-79
-79
-82
-86
-86
-86
-84
-85
-84
-82
-75
-72
-70
-69
-67
-61
-54
-48
-42
-38
-30
-23
-18
-15
-8
3
14
21
28
34
37
41
44
47
55
61
64
61
59
58
61
63
62
62
59
54
49
44
45
47
47
42
36
32
32
31
29
27
25
24
22
18
17
17
18
19
17
17
18
20
21
24
25
27
26
24
22
20
18
15
11
8
6
3
-2
-9
-18
-25
-29
-32
-38
-47
-52
-57
-60
-62
-64
-64
-65
-67
-69
-70
-74
-72
-66
-59
-55
-54
-55
-58
-54
-46
-37
-28
-24
-20
-14
-6
0
5
13
20
26
27
26
27
31
40
44
44
43
45
44
41
40
40
43
40
36
32
29
25
21
19
19
18
14
7
1
0
2
2
-1
-5
-9
-10
-10
-10
-7
-4
1
2
2
5
8
14
19
23
25
27
30
31
30
30
29
27
24
17
9
5
2
-2
-8
-14
-16
-21
-26
-34
-38
-39
-42
-46
-49
-51
-51
-53
-55
-55
-55
-52
-47
-44
-41
-40
-38
-36
-30
-21
-12
-4
2
5
10
14
20
24
29
37
40
40
37
35
39
46
48
45
41
36
34
34
33
33
35
33
27
19
15
12
10
7
2
-3
-9
-11
-15
-15
-12
-14
-19
-22
-18
-12
-8
-3
2
3
5
8
13
19
24
29
29
28
28
29
31
32
32
30
27
24
20
15
9
5
2
-4
-11
-19
-22
-26
-32
-41
-47
-50
-54
-57
-56
-56
-59
-64
-67
-67
-64
-59
-53
-50
-49
-47
-43
-35
-28
-20
-13
-9
-7
-4
1
7
11
18
22
28
30
32
32
34
38
40
40
36
33
35
35
34
30
26
24
21
19
18
15
13
11
9
10
7
3
2
3
3
3
5
8
11
12
15
20
24
27
29
33
39
40
40
42
43
45
45
46
45
41
35
29
25
21
16
7
-2
-8
-14
-22
-26
-30
-36
-43
-51
-58
-61
-62
-66
-68
-67
-65
-69
-73
-72
-68
-63
-57
-52
-50
-48
-47
-41
-35
-31
-27
-19
-12
-10
-6
-3
0
2
5
12
19
19
18
21
22
26
28
30
33
32
32
29
30
31
34
35
34
30
26
26
26
27
28
27
26
25
23
23
24
25
27
27
28
29
30
31
31
33
36
37
38
38
37
36
33
32
30
28
27
23
16
10
7
5
1
-6
-14
-22
-27
-32
-38
-43
-49
-54
-59
-66
-72
-73
-75
-74
-74
-75
-76
-74
-69
-68
-66
-61
-58
-55
-52
-48
-40
-33
-27
-22
-16
-12
-11
-7
-1
5
9
11
13
17
19
23
26
27
28
30
31
33
33
34
35
35
34
35
36
35
37
39
37
32
31
34
36
36
32
31
30
32
33
35
38
41
41
40
40
41
42
42
43
44
42
36
34
34
35
33
31
25
18
15
11
6
4
2
-4
-11
-22
-29
-33
-37
-41
-45
-49
-56
-62
-65
-68
-69
-70
-71
-72
-74
-74
-73
-72
-67
-65
-62
-61
-59
-56
-49
-42
-36
-32
-28
-25
-20
-15
-12
-10
-5
-1
2
5
9
14
18
20
20
21
25
29
31
32
29
27
28
29
30
33
35
37
33
32
32
32
32
34
35
33
32
36
38
36
37
39
40
37
34
35
37
36
36
36
36
33
30
32
31
28
25
24
18
13
8
6
5
4
1
-5
-13
-20
-25
-27
-28
-31
-35
-39
-43
-47
-51
-52
-51
-51
-53
-53
-53
-53
-52
-50
-47
-48
-47
-44
-41
-37
-32
-28
-28
-25
-23
-21
-16
-13
-11
-11
-8
-6
-3
0
5
8
8
7
10
11
16
17
18
16
15
17
20
21
22
22
23
21
19
22
24
25
28
30
27
25
25
28
33
38
39
37
34
32
34
34
36
37
35
33
30
30
31
32
31
29
26
22
18
16
15
11
9
5
0
-3
-7
-10
-13
-16
-19
-25
-31
-35
-37
-38
-42
-42
-43
-41
-43
-47
-46
-44
-43
-44
-43
-41
-41
-39
-37
-36
-34
-32
-28
-26
-25
-25
-23
-19
-16
-14
-13
-9
-6
-6
-6
-2
0
-1
0
2
4
6
7
9
11
13
15
14
15
15
16
17
20
22
23
23
24
23
24
24
25
25
28
31
32
31
29
30
31
32
33
32
32
31
28
29
31
28
27
25
22
21
19
17
13
9
7
6
4
-1
-7
-8
-9
-8
-10
-15
-17
-20
-23
-28
-29
-27
-28
-29
-34
-37
-37
-34
-30
-29
-30
-32
-32
-31
-30
-27
-25
-23
-21
-20
-17
-14
-14
-12
-11
-9
-5
-4
-4
-7
-6
-4
-3
-1
1
4
4
3
1
2
7
11
11
10
10
13
14
15
16
18
17
17
14
12
11
15
19
19
20
21
19
19
20
21
24
24
23
24
22
19
18
19
19
19
20
17
14
12
10
12
14
12
11
5
1
-3
-5
-5
-6
-8
-12
-16
-20
-21
-20
-21
-23
-24
-25
-28
-30
-30
-29
-29
-29
-28
-28
-25
-24
-24
-22
-20
-18
-15
-14
-14
-13
-12
-12
-10
-8
-8
-6
-5
-5
-5
0
2
3
2
2
5
7
6
7
9
10
8
9
9
10
14
14
14
15
15
14
13
14
13
14
13
14
17
18
18
16
15
14
17
19
19
17
15
13
13
11
12
14
14
11
10
13
11
9
8
6
6
4
3
1
-2
-3
-2
-2
-6
-10
-11
-12
-14
-18
-17
-16
-18
-21
-22
-22
-22
-21
-20
-18
-18
-18
-20
-20
-21
-18
-15
-13
-10
-11
-10
-8
-5
-4
-4
0
1
1
1
1
3
5
6
5
6
7
7
7
4
3
5
5
5
4
3
5
5
3
2
4
4
2
3
3
1
1
-1
-2
0
-1
-1
0
1
3
6
4
3
4
7
10
12
13
12
11
13
13
12
11
12
15
16
17
16
15
12
10
7
4
4
5
2
0
0
-1
-5
-9
-10
-10
-9
-11
-16
-21
-20
-19
-17
-16
-19
-19
-20
-21
-21
-20
-16
-14
-12
-14
-12
-9
-8
-6
-5
-4
-3
-1
-1
0
3
6
10
9
9
9
10
11
14
14
14
15
13
14
14
13
11
10
10
10
10
7
4
1
-1
2
3
4
4
2
1
0
1
1
2
3
4
5
5
3
4
9
11
13
13
13
13
11
12
15
14
12
11
11
9
9
8
8
6
4
0
-6
-9
-11
-10
-11
-12
-13
-15
-20
-24
-25
-24
-23
-23
-24
-25
-28
-28
-26
-24
-23
-22
-21
-20
-20
-20
-18
-15
-13
-12
-14
-15
-15
-11
-7
-4
-2
-3
-2
0
2
3
6
8
7
9
11
11
11
11
11
12
10
10
10
10
10
8
9
10
9
9
7
5
7
8
10
10
11
13
14
17
17
16
15
18
21
23
23
22
22
21
21
21
21
21
20
16
13
10
8
6
4
4
2
0
-7
-12
-13
-12
-11
-11
-16
-20
-24
-25
-24
-24
-22
-22
-22
-23
-24
-23
-21
-20
-20
-18
-15
-14
-14
-11
-9
-6
-3
-3
-2
-1
1
4
5
6
8
6
5
5
6
8
10
9
10
9
9
9
5
4
3
4
2
4
6
4
1
-1
1
1
2
3
3
2
1
2
5
8
9
10
12
13
12
12
13
18
20
18
17
17
17
17
18
19
17
13
11
8
5
4
5
3
-1
-6
-10
-14
-15
-16
-17
-17
-18
-21
-24
-26
-28
-27
-26
-24
-24
-26
-28
-26
-23
-23
-22
-22
-21
-21
-21
-18
-16
-13
-11
-9
-7
-7
-5
-2
0
0
-1
1
3
3
3
3
3
4
4
3
4
5
5
5
7
6
6
7
6
4
5
6
6
6
8
9
11
13
15
18
20
21
22
25
29
29
28
27
29
30
31
34
35
35
