0
1
1
3
4
5
4
3
3
3
1
1
0
0
0
-1
0
0
2
3
3
3
2
2
2
1
1
0
1
0
-2
-2
0
-1
-1
-2
-2
-3
-3
-4
-3
-3
-3
-3
-2
-2
-2
-3
-3
-4
-4
-6
-4
-4
-5
-3
-4
-3
-2
-4
-4
-4
-5
-4
-3
-3
-3
-3
-2
-2
-2
-2
-2
-1
-2
-2
-1
-1
0
2
3
4
4
3
4
3
3
2
2
2
3
5
6
4
5
5
4
2
2
0
1
2
0
2
3
5
4
4
3
3
3
2
0
-1
0
-1
-1
-1
0
1
1
2
2
0
0
0
-2
-2
-3
-1
0
0
0
-1
0
-2
-3
-4
-3
-2
-2
-1
-2
-2
-1
-1
-1
-1
-1
-2
-1
-2
-1
0
1
1
1
1
-1
1
-1
-2
-2
-1
-1
-2
0
0
0
0
0
0
0
0
0
-2
-1
0
1
2
2
2
1
0
0
0
0
1
0
2
1
3
5
4
3
3
2
3
1
2
2
2
2
2
1
1
0
1
0
0
0
-1
-2
-1
-1
-4
-2
-2
-2
-1
-1
-1
-1
-2
-4
-2
0
1
2
1
3
2
0
-2
-4
-4
-3
-4
-3
-1
0
0
-1
-3
-2
-3
-3
-3
-2
1
1
0
0
0
1
1
-1
-1
-1
-1
0
0
-1
-1
0
0
1
2
3
2
3
3
2
2
1
0
2
2
3
5
5
4
2
0
0
-1
-1
-2
-1
1
2
4
4
2
1
0
0
0
0
-2
0
1
1
4
3
5
3
4
2
2
1
1
1
2
3
3
3
1
0
0
-1
-3
-5
-5
-3
-4
-5
-4
-2
-2
-2
-1
-2
-1
-2
0
0
0
1
1
2
3
2
2
2
2
2
-1
0
-1
0
0
0
1
0
0
0
-2
-3
-6
-8
-9
-10
-9
-8
-6
-6
-6
-7
-7
-7
-6
-7
-5
-3
0
2
4
5
6
7
8
8
6
7
7
8
9
10
12
12
14
12
12
10
9
5
2
0
-2
-3
-3
-4
-5
-6
-4
-4
-6
-8
-10
-8
-5
-3
-3
-4
-3
0
2
1
-1
-2
-2
0
0
0
0
2
3
5
6
7
5
3
3
0
0
0
1
-1
-3
-5
-4
-6
-4
-5
-6
-6
-7
-7
-4
-4
-4
-3
-3
0
1
2
0
1
1
2
4
3
2
1
2
3
4
3
0
-1
0
2
3
3
4
4
3
5
5
7
3
2
1
-2
-2
-1
-2
-3
-4
-3
-3
-3
-2
-1
1
5
8
10
11
11
12
11
10
8
4
0
-3
-3
-3
-3
-5
-7
-7
-4
-4
-3
-5
-8
-8
-8
-7
-8
-8
-8
-8
-9
-8
-8
-8
-8
-7
-6
-4
-1
2
5
5
5
4
4
5
7
9
9
10
9
9
9
6
6
7
7
5
3
4
4
2
0
-4
-7
-10
-9
-7
-7
-6
-4
-2
-6
-5
-6
-7
-8
-7
-6
-3
0
2
4
3
2
0
2
-1
0
0
2
2
3
4
2
-2
-3
-4
-4
-3
-4
-4
-4
-5
-3
-2
-4
-5
-5
-3
-3
-1
0
-1
-1
-2
0
-1
-2
-2
2
5
8
8
10
9
9
8
9
12
11
11
8
9
8
8
6
3
1
4
6
6
3
-2
-5
-8
-7
-7
-6
-5
-3
2
-1
-1
-1
0
-2
-7
-5
-2
0
-1
-1
-4
-2
0
2
1
-3
-3
-1
5
4
1
-5
-6
-4
1
4
2
1
3
3
1
-3
-3
-4
-8
-10
-9
-5
0
1
0
-5
-7
-4
1
2
1
0
0
5
7
5
-1
-4
-3
-2
-1
-2
-1
-1
1
0
-2
-4
-3
-4
-4
-4
-5
-4
-3
-1
-5
-3
0
3
4
3
1
3
3
5
5
1
-4
-4
3
5
6
2
-1
-2
0
0
2
2
0
-2
0
2
4
5
3
-3
-5
-2
7
9
7
1
-4
-5
-6
-3
-6
-10
-11
-8
-3
1
5
4
4
3
4
4
8
13
12
10
5
2
2
6
2
-6
-8
-6
2
3
1
-5
-8
-4
-5
-4
-6
-8
-6
-2
2
4
3
1
-3
-7
-9
-6
1
3
-5
-11
-9
-3
1
-2
-5
-4
2
6
13
17
9
4
6
8
4
4
-1
-2
3
9
8
5
6
4
-1
2
5
8
6
4
-5
-7
0
6
5
4
2
-4
-7
-2
-2
-14
-19
-14
-8
0
5
3
1
-2
-1
-3
-1
-5
-9
-4
-3
-4
0
9
7
-1
-10
-12
-9
-6
-9
-10
-9
-9
-5
-3
-9
-11
-4
1
-1
4
12
17
8
7
11
11
4
-2
5
9
7
6
5
-1
-7
-6
-10
-8
-3
-1
-2
-4
-1
-2
-8
-14
-15
-4
5
-8
-11
1
9
9
7
12
11
-3
-6
-2
2
-7
-20
-21
-14
-5
6
7
-8
-5
-6
-2
3
12
3
-2
0
2
11
30
43
29
22
17
6
10
13
3
-12
-8
8
6
-6
-15
-18
-14
-3
12
28
22
20
27
32
22
11
3
-9
-13
-11
-5
5
14
12
-6
-12
-11
-13
-14
-32
-41
-36
-22
-2
12
15
7
-4
-4
-3
6
4
-13
-11
4
8
0
4
5
-7
-16
-18
-12
-7
5
5
-10
-8
7
14
11
-3
-12
-17
-6
24
37
40
43
30
11
1
-7
-17
-25
-5
-3
-11
-6
2
0
-10
-20
-38
-39
-29
-22
-23
-13
3
21
17
5
-2
1
10
7
6
-3
-5
-4
-18
-17
-5
8
13
-2
-15
-21
-7
14
14
12
2
6
10
8
4
6
13
0
3
13
16
14
17
12
8
7
1
-9
-13
-1
-7
4
24
34
21
0
6
12
16
-1
-21
-31
-30
-22
-1
14
21
11
-10
-19
-17
-16
-25
-13
6
13
31
47
40
20
0
-15
-33
-24
-3
-16
-7
8
20
12
-12
-31
-47
-38
-14
3
17
8
-2
-8
-3
10
-5
-18
-31
-29
-14
25
43
26
-2
-9
-15
-25
-2
11
18
15
1
5
19
25
6
-12
-14
-4
3
35
33
25
36
19
-7
-27
9
27
3
-16
-5
7
10
15
5
26
38
32
7
-7
9
20
24
2
-24
-15
5
-1
-13
-19
2
-12
-28
-23
4
8
2
4
-21
-54
-67
-48
-40
-14
-2
16
18
26
30
15
-13
-57
-58
-48
-48
-28
6
42
41
-9
-52
-37
-5
20
20
13
17
17
31
6
-29
-28
-11
6
11
21
53
60
30
0
-14
-22
-30
-54
-48
-36
-12
32
55
67
39
23
4
-16
-10
-4
-25
-36
-8
40
75
76
60
28
13
-26
-56
-53
-37
-20
-12
3
5
-1
0
4
8
-5
8
30
9
-13
-8
2
4
15
5
-6
-8
32
41
43
9
-49
-74
-77
-34
-7
12
3
3
15
49
67
49
28
-7
-34
-68
-57
-16
24
26
-5
-16
2
16
21
12
-12
-16
-5
-23
-54
-52
-54
-43
-34
19
57
97
126
116
89
6
-82
-136
-134
-76
-4
41
65
77
95
80
37
-19
-89
-93
-58
-56
-23
23
64
43
13
13
48
104
107
76
19
-30
-46
-30
-38
-48
-45
-58
-26
24
61
50
19
-38
-84
-65
-68
-57
-35
-21
-22
0
38
82
100
57
-20
-52
-69
-73
-46
-27
0
16
40
33
7
-27
-34
-15
-25
-21
7
31
52
52
34
-3
-50
-61
-96
-72
-6
11
39
49
44
31
5
5
-13
-23
7
15
30
48
84
67
-1
-32
-22
22
40
29
-3
-17
-10
9
20
-9
-72
-85
-53
-4
30
36
35
14
-4
-31
-27
-11
13
-1
6
-22
-23
19
11
-13
-50
-36
20
92
111
56
45
-14
-81
-96
-64
-16
-14
13
50
71
63
38
11
-13
-88
-116
-78
-11
52
74
95
57
7
3
31
30
-31
-32
-9
19
34
16
55
17
-15
-55
-53
-4
7
32
30
32
-8
-40
-54
-28
-71
-96
-63
-27
25
34
94
62
39
10
-11
-75
-79
-39
-1
10
-40
-54
-64
-8
26
24
-24
8
19
48
59
14
-2
-35
-41
-62
-38
20
108
154
156
123
86
56
-23
-53
-142
-162
-144
-90
36
125
164
110
61
-40
-95
-130
-113
-111
-90
-10
30
57
95
122
99
32
-57
-31
42
71
32
-48
-63
-91
-120
-74
-31
15
36
75
114
118
59
5
-76
-153
-151
-104
-38
12
98
110
112
87
47
2
-44
-127
-176
-83
8
59
34
17
57
60
77
63
9
-24
-52
-48
-44
-44
-6
8
-4
-5
10
82
76
23
-1
-32
-40
-69
-89
-76
-81
-65
-26
60
106
70
55
31
-29
-53
-58
-86
-72
-25
58
166
158
106
82
58
27
-15
-35
-31
-17
-29
-38
-28
-18
-54
-73
-61
-66
-11
34
65
71
31
15
6
11
46
46
33
44
76
159
134
27
-79
-134
-138
-125
-92
-23
43
28
0
-19
-18
-38
-60
-102
-112
-66
12
91
105
80
-6
-49
-50
-8
61
71
66
81
102
78
-4
-35
-74
-84
-56
-2
83
121
107
64
7
-63
-107
-144
-158
-129
-83
-23
54
54
79
66
5
-10
24
59
39
41
59
55
49
20
-40
-37
-61
-70
-86
-79
-66
-38
21
60
63
18
-25
-47
-77
-106
-75
-42
-10
49
97
103
127
112
58
-11
-74
-74
-23
31
46
61
84
53
55
62
19
-39
-97
-105
-106
-113
-147
-144
-95
-21
16
54
104
91
65
41
-7
-56
-55
-46
-19
39
147
228
213
160
87
-9
-113
-185
-195
-184
-155
-129
-83
16
66
56
-2
-13
-2
37
80
96
97
40
-8
-36
-1
28
60
101
83
72
76
79
32
-7
-54
-104
-111
-80
-55
-31
-30
-29
-2
-1
15
12
27
23
-7
-17
-9
10
22
38
68
70
72
112
115
69
29
-51
-96
-92
-84
-70
-44
-24
-23
-27
-41
-45
-58
-52
-77
-86
-60
-28
15
38
65
74
69
71
93
123
86
44
-15
-72
-94
-107
-124
-122
-96
-89
-34
33
75
83
55
24
-28
-49
-30
8
40
71
89
115
120
91
94
32
-27
-47
-37
-36
-20
1
10
24
18
5
15
28
12
-15
-66
-107
-143
-160
-142
-94
-36
36
110
155
154
131
77
-14
-87
-123
-129
-88
-29
45
98
123
120
97
79
11
-63
-106
-116
-110
-82
-49
-3
20
41
73
99
111
86
52
8
-44
-86
-109
-110
-92
-67
-21
22
54
81
69
20
-35
-67
-82
-74
-41
-16
17
36
37
40
42
35
20
29
43
48
46
37
31
36
37
36
31
32
17
3
-3
-9
-12
-46
-83
-108
-113
-110
-84
-61
-38
-13
-3
8
22
30
22
18
25
45
72
83
92
85
58
31
20
11
4
-16
-49
-66
-68
-55
-49
-40
-23
-2
23
55
84
89
63
24
-21
-51
-50
-43
-33
-25
-8
2
7
22
16
11
7
-12
-20
-16
-13
-24
-40
-75
-110
-134
-156
-164
-169
-156
-126
-100
-66
-29
7
51
81
100
115
123
138
167
183
195
215
218
214
201
191
174
146
123
105
101
87
64
31
12
7
7
9
8
-2
-17
-21
-10
24
51
62
43
-2
-38
-59
-76
-102
-143
-189
-224
-241
-246
-243
-248
-274
-308
-336
-333
-302
-264
-235
-229
-235
-238
-242
-274
-324
-361
-380
-371
-346
-302
-257
-217
-194
-197
-198
-203
-190
-130
-8
186
470
785
1079
1342
1560
1710
1749
1669
1504
1295
1048
773
514
288
108
-45
-173
-269
-335
-387
-458
-560
-680
-781
-851
-890
-889
-825
-676
-472
-228
31
282
501
638
671
616
498
328
128
-80
-272
-411
-508
-568
-608
-642
-673
-717
-785
-876
-968
-1052
-1116
-1168
-1193
-1163
-1090
-974
-829
-667
-511
-383
-291
-224
-164
-112
-82
-37
76
326
732
1227
1666
1971
2188
2370
2487
2481
2330
2047
1673
1271
920
692
533
336
33
-323
-616
-768
-807
-851
-981
-1169
-1321
-1356
-1228
-961
-626
-313
-41
259
663
1139
1546
1750
1725
1538
1301
1076
843
549
187
-212
-593
-882
-1035
-1089
-1165
-1318
-1521
-1673
-1718
-1692
-1669
-1689
-1721
-1710
-1619
-1434
-1163
-832
-500
-221
14
261
527
745
825
750
584
399
231
71
-105
-290
-464
-604
-684
-686
-598
-453
-261
-6
357
799
1238
1595
1870
2086
2222
2254
2175
2028
1838
1621
1391
1171
962
732
455
150
-127
-330
-478
-626
-812
-1000
-1134
-1173
-1127
-1016
-858
-657
-413
-115
234
601
908
1105
1159
1116
1029
922
781
581
335
83
-126
-296
-429
-548
-681
-850
-1040
-1211
-1343
-1453
-1564
-1690
-1801
-1847
-1791
-1631
-1385
-1086
-759
-424
-97
214
489
684
753
692
539
374
227
81
-106
-334
-556
-726
-821
-860
-894
-970
-1090
-1210
-1269
-1226
-1097
-925
-728
-462
-34
618
1431
2214
2835
3298
3661
3923
4027
3947
3691
3253
2660
2036
1530
1155
771
251
-378
-970
-1407
-1698
-1949
-2232
-2516
-2728
-2805
-2700
-2388
-1917
-1404
-937
-491
29
634
1223
1666
1911
1987
1962
1893
1782
1604
1343
1007
626
247
-50
-245
-406
-610
-847
-1058
-1210
-1328
-1447
-1577
-1722
-1872
-1994
-2036
-1963
-1786
-1542
-1278
-1000
-665
-258
161
500
720
845
910
915
866
770
640
468
257
55
-77
-128
-145
-198
-314
-474
-620
-710
-770
-870
-1029
-1173
-1189
-1052
-788
-361
258
957
1574
2099
2637
3186
3574
3659
3452
3075
2603
2075
1529
994
471
-58
-588
-1061
-1390
-1538
-1601
-1712
-1891
-2024
-2017
-1888
-1699
-1481
-1247
-993
-674
-259
245
780
1263
1621
1818
1916
1999
2048
1947
1651
1251
869
531
229
-12
-208
-413
-648
-860
-989
-1060
-1151
-1342
-1619
-1890
-2061
-2105
-2078
-2022
-1922
-1731
-1455
-1107
-699
-278
75
307
449
557
665
756
775
697
563
447
394
373
323
226
102
-48
-246
-476
-688
-865
-1043
-1224
-1342
-1302
-1070
-646
-45
657
1295
1785
2211
2641
2973
3051
2875
2558
2163
1716
1308
1029
815
504
51
-412
-733
-885
-982
-1158
-1455
-1762
-1930
-1912
-1758
-1522
-1247
-977
-695
-301
264
904
1431
1751
1914
2019
2126
2211
2192
1998
1657
1272
918
599
289
-52
-472
-930
-1296
-1475
-1539
-1626
-1771
-1912
-1991
-1999
-1941
-1839
-1729
-1617
-1468
-1226
-870
-443
-29
288
476
587
708
841
888
764
486
164
-98
-278
-416
-541
-645
-732
-785
-746
-599
-444
-428
-573
-771
-910
-956
-946
-939
-956
-894
-540
180
1014
1649
2087
2544
3037
3376
3477
3430
3258
2864
2258
1677
1298
999
527
-187
-935
-1431
-1590
-1609
-1744
-2011
-2209
-2201
-2024
-1732
-1320
-858
-480
-187
200
806
1512
2076
2355
2417
2446
2564
2697
2656
2353
1877
1361
828
279
-244
-768
-1401
-2144
-2784
-3111
-3160
-3135
-3152
-3145
-2987
-2658
-2239
-1817
-1437
-1110
-833
-576
-276
122
558
886
1025
1056
1141
1330
1488
1428
1134
767
478
255
15
-250
-475
-648
-790
-862
-813
-697
-664
-781
-979
-1138
-1196
-1162
-1120
-1145
-1142
-830
-78
824
1474
1866
2305
2866
3299
3444
3416
3301
2993
2475
1980
1715
1555
1218
598
-106
-582
-694
-659
-837
-1286
-1705
-1846
-1790
-1690
-1527
-1286
-1082
-957
-739
-270
343
847
1112
1200
1287
1532
1877
2053
1877
1501
1160
861
483
38
-421
-971
-1664
-2311
-2670
-2753
-2760
-2814
-2857
-2758
-2444
-1969
-1491
-1148
-929
-716
-455
-164
148
475
741
868
913
1019
1252
1506
1596
1424
1101
829
687
548
281
-74
-380
-597
-766
-858
-814
-723
-785
-1028
-1252
-1287
-1197
-1151
-1219
-1312
-1236
-796
36
973
1667
2127
2660
3335
3875
4085
4078
3935
3516
2819
2184
1859
1595
1006
101
-745
-1241
-1427
-1562
-1887
-2412
-2896
-3127
-3124
-3009
-2794
-2487
-2200
-1955
-1518
-711
264
1034
1464
1727
2034
2442
2834
3006
2851
2468
2050
1654
1241
801
314
-323
-1130
-1873
-2296
-2433
-2521
-2676
-2803
-2775
-2550
-2178
-1775
-1436
-1182
-978
-784
-555
-237
167
553
819
997
1211
1516
1839
2038
2010
1788
1513
1266
980
603
218
-108
-427
-775
-1021
-1059
-1012
-1093
-1320
-1529
-1635
-1690
-1738
-1778
-1826
-1832
-1608
-982
-99
684
1251
1818
2521
3175
3583
3786
3861
3712
3280
2769
2430
2192
1775
1086
286
-397
-838
-1090
-1389
-1918
-2549
-2997
-3151
-3128
-2995
-2725
-2364
-1993
-1524
-812
93
961
1617
2060
2382
2711
3097
3389
3358
3008
2570
2155
1674
1093
489
-172
-981
-1815
-2415
-2743
-2986
-3217
-3326
-3246
-3023
-2674
-2205
-1713
-1295
-941
-607
-298
-12
309
659
937
1107
1281
1533
1768
1872
1851
1757
1586
1316
979
637
311
-37
-448
-889
-1253
-1461
-1552
-1642
-1785
-1909
-1939
-1894
-1861
-1865
-1850
-1796
-1727
-1581
-1143
-330
572
1214
1666
2291
3136
3849
4176
4219
4129
3906
3545
3153
2778
2299
1607
719
-228
-1014
-1474
-1752
-2222
-2941
-3506
-3587
-3336
-3066
-2800
-2421
-1933
-1384
-697
169
1076
1845
2410
2790
3070
3389
3716
3790
3425
2827
2312
1878
1319
588
-191
-972
-1749
-2415
-2871
-3181
-3457
-3682
-3760
-3639
-3313
-2838
-2338
-1917
-1514
-1014
-439
86
523
941
1341
1669
1935
2192
2406
2477
2369
2128
1810
1432
1015
575
88
-474
-1046
-1501
-1811
-2053
-2286
-2446
-2466
-2385
-2272
-2147
-2015
-1918
-1863
-1790
-1664
-1481
-1170
-561
329
1227
1966
2741
3725
4680
5265
5495
5574
5481
5056
4375
3672
2978
2111
1015
-168
-1263
-2154
-2781
-3246
-3740
-4252
-4538
-4456
-4151
-3758
-3251
-2622
-1956
-1236
-322
776
1849
2717
3386
3919
4337
4648
4803
4668
4172
3452
2684
1882
993
57
-883
-1853
-2799
-3548
-4029
-4373
-4710
-4979
-5044
-4843
-4402
-3830
-3242
-2646
-1940
-1092
-225
544
1238
1914
2517
2968
3294
3574
3744
3670
3328
2829
2291
1741
1142
458
-266
-941
-1529
-2038
-2450
-2746
-2952
-3097
-3158
-3084
-2886
-2649
-2452
-2305
-2149
-1913
-1603
-1273
-896
-282
702
1867
2875
3704
4619
5627
6366
6580
6411
6050
5450
4548
3485
2444
1406
257
-981
-2154
-3087
-3671
-3966
-4220
-4558
-4781
-4637
-4187
-3674
-3157
-2538
-1806
-1000
-65
1034
2145
3082
3817
4403
4830
5094
5180
4984
4398
3525
2626
1772
834
-224
-1282
-2293
-3255
-4056
-4573
-4892
-5190
-5449
-5499
-5256
-4748
-4024
-3182
-2354
-1530
-577
529
1612
2482
3129
3611
3940
4106
4140
4056
3785
3278
2587
1825
1113
512
-52
-705
-1439
-2098
-2554
-2836
-3054
-3273
-3464
-3554
-3497
-3300
-3010
-2677
-2346
-2052
-1773
-1419
-929
-355
248
972
1945
3075
4092
4904
5647
6323
6674
6515
5979
5251
4335
3186
1918
720
-358
-1386
-2387
-3269
-3904
-4201
-4229
-4199
-4221
-4154
-3840
-3327
-2764
-2165
-1469
-708
76
944
1922
2877
3663
4256
4666
4857
4827
4628
4233
3566
2670
1714
777
-168
-1110
-2009
-2889
-3729
-4376
-4762
-5011
-5236
-5331
-5151
-4733
-4154
-3403
-2500
-1567
-654
307
1315
2226
2917
3397
3705
3844
3834
3714
3474
3074
2528
1889
1200
542
4
-471
-1036
-1689
-2236
-2563
-2774
-2986
-3181
-3272
-3242
-3105
-2856
-2504
-2088
-1649
-1242
-901
-569
-135
384
872
1352
2045
2998
3905
4497
4906
5334
5621
5458
4865
4098
3252
2260
1175
193
-604
-1297
-1961
-2574
-3035
-3221
-3108
-2893
-2809
-2804
-2637
-2246
-1820
-1437
-992
-442
121
690
1359
2105
2778
3258
3517
3564
3448
3251
2941
2401
1637
831
104
-581
-1261
-1897
-2488
-3057
-3531
-3817
-3965
-4069
-4095
-3965
-3706
-3357
-2862
-2182
-1416
-677
41
779
1513
2171
2690
3013
3140
3156
3112
2977
2712
2352
1916
1359
734
186
-249
-707
-1277
-1855
-2305
-2607
-2807
-2924
-2965
-2923
-2778
-2514
-2155
-1722
-1248
-825
-541
-338
-61
311
668
1006
1507
2252
3029
3612
4078
4579
4987
5015
4627
4042
3389
2613
1699
788
11
-666
-1325
-1967
-2494
-2776
-2796
-2711
-2716
-2787
-2734
-2482
-2171
-1878
-1501
-984
-427
116
744
1497
2227
2766
3077
3216
3233
3150
2936
2528
1936
1273
625
-28
-701
-1353
-1984
-2630
-3216
-3620
-3852
-4028
-4162
-4154
-3974
-3672
-3255
-2686
-2004
-1273
-499
330
1182
1989
2691
3234
3600
3825
3943
3933
3745
3382
2870
2238
1541
859
203
-492
-1232
-1918
-2461
-2840
-3070
-3192
-3263
-3279
-3163
-2889
-2536
-2168
-1774
-1377
-1053
-775
-415
51
497
887
1398
2188
3112
3874
4410
4887
5323
5481
5211
4628
3891
2992
1913
802
-147
-921
-1643
-2370
-3006
-3390
-3451
-3299
-3162
-3125
-3033
-2752
-2374
-2012
-1577
-989
-377
147
718
1481
2315
2980
3398
3623
3694
3628
3424
3010
2343
1522
695
-139
-1006
-1813
-2498
-3150
-3801
-4263
-4420
-4431
-4459
-4406
-4149
-3749
-3291
-2722
-1987
-1143
-240
735
1749
2723
3612
4367
4869
5076
5076
4909
4489
3805
2983
2079
1044
-48
-984
-1728
-2451
-3177
-3700
-3924
-3995
-4010
-3898
-3645
-3352
-3044
-2623
-2089
-1547
-1021
-465
77
546
1036
1622
2166
2533
2946
3668
4466
4870
4908
4995
5133
4874
4076
3105
2175
1126
-72
-1114
-1806
-2301
-2757
-3132
-3348
-3347
-3061
-2601
-2285
-2217
-2097
-1709
-1255
-927
-566
-42
467
866
1373
2096
2762
3122
3223
3169
2945
2583
2144
1522
626
-348
-1136
-1773
-2416
-2998
-3387
-3678
-3957
-4052
-3840
-3512
-3261
-2975
-2508
-1939
-1387
-785
-67
687
1422
2198
3018
3742
4264
4597
4735
4613
4231
3661
2912
1962
913
-84
-987
-1821
-2531
-3045
-3406
-3671
-3761
-3570
-3208
-2876
-2597
-2247
-1803
-1368
-944
-465
24
416
768
1195
1640
1959
2155
2286
2294
2197
2258
2608
2884
2698
2267
2075
2056
1751
1093
426
-145
-767
-1340
-1573
-1488
-1402
-1450
-1514
-1486
-1309
-936
-530
-432
-663
-812
-606
-267
-61
73
260
445
626
947
1389
1696
1708
1504
1205
885
637
421
4
-686
-1323
-1594
-1629
-1717
-1887
-2002
-2051
-2055
-1920
-1603
-1270
-1096
-1024
-892
-639
-296
66
365
578
830
1261
1834
2351
2661
2781
2781
2664
2405
2021
1519
842
3
-805
-1382
-1736
-2034
-2352
-2591
-2643
-2508
-2212
-1806
-1431
-1210
-1084
-892
-575
-202
151
411
546
647
893
1282
1570
1584
1392
1123
837
652
753
1051
1170
949
741
903
1276
1462
1339
1049
706
403
298
420
554
467
171
-159
-358
-338
-162
-123
-475
-1038
-1357
-1279
-1096
-1065
-1148
-1199
-1162
-956
-518
6
344
395
311
292
434
683
831
680
319
91
167
354
396
240
-38
-362
-606
-668
-648
-782
-1149
-1562
-1779
-1717
-1480
-1263
-1177
-1120
-870
-336
350
979
1417
1640
1707
1736
1799
1837
1669
1205
585
79
-170
-269
-416
-682
-947
-1090
-1101
-1016
-888
-826
-932
-1148
-1275
-1172
-896
-642
-545
-547
-436
-76
403
731
796
722
625
511
450
605
978
1273
1274
1212
1496
2086
2522
2509
2203
1884
1651
1475
1337
1187
925
520
48
-380
-646
-730
-839
-1253
-1913
-2387
-2431
-2290
-2286
-2388
-2391
-2233
-1922
-1411
-750
-145
281
588
881
1219
1614
1960
2020
1739
1406
1294
1269
1050
602
78
-446
-949
-1362
-1660
-1937
-2253
-2535
-2660
-2562
-2263
-1877
-1568
-1362
-1076
-550
145
796
1293
1693
2082
2475
2817
3031
3050
2850
2474
2020
1580
1170
711
141
-467
-983
-1341
-1577
-1751
-1899
-2012
-2021
-1876
-1610
-1304
-1021
-781
-574
-345
-31
329
607
727
765
822
894
917
896
917
1079
1354
1594
1722
1851
2056
2158
1972
1585
1214
896
537
155
-135
-329
-539
-832
-1195
-1551
-1814
-1974
-2166
-2484
-2796
-2925
-2872
-2749
-2558
-2244
-1837
-1370
-780
-37
744
1421
1947
2324
2579
2769
2901
2854
2547
2097
1667
1253
794
306
-191
-748
-1344
-1825
-2111
-2285
-2434
-2534
-2553
-2487
-2299
-1975
-1594
-1240
-866
-390
185
839
1578
2337
2985
3463
3809
4016
4017
3791
3373
2762
1969
1099
293
-413
-1051
-1616
-2091
-2456
-2660
-2651
-2489
-2307
-2168
-2026
-1847
-1658
-1458
-1222
-950
-675
-389
-37
384
817
1179
1411
1483
1432
1364
1414
1592
1710
1608
1406
1341
1411
1386
1154
825
497
166
-122
-280
-354
-503
-815
-1225
-1625
-1913
-2036
-2095
-2269
-2544
-2702
-2602
-2328
-1988
-1596
-1157
-692
-120
639
1491
2216
2700
2992
3167
3273
3317
3204
2816
2194
1536
980
489
-7
-534
-1110
-1706
-2185
-2422
-2486
-2542
-2643
-2705
-2645
-2436
-2101
-1702
-1302
-884
-371
280
1054
1879
2656
3297
3780
4130
4318
4268
3936
3353
2577
1678
740
-158
-977
-1692
-2284
-2725
-2991
-3059
-2968
-2817
-2664
-2479
-2235
-1976
-1740
-1511
-1250
-930
-510
1
513
940
1294
1604
1820
1869
1746
1477
1105
786
699
766
722
539
473
615
736
679
557
442
251
-29
-246
-330
-404
-601
-939
-1333
-1636
-1714
-1632
-1632
-1791
-1908
-1796
-1503
-1138
-698
-207
255
702
1254
1902
2466
2801
2893
2786
2569
2347
2122
1769
1236
648
132
-304
-668
-965
-1277
-1695
-2118
-2332
-2311
-2229
-2204
-2178
-2059
-1811
-1437
-984
-517
-57
424
926
1427
1941
2478
2951
3231
3302
3242
3095
2828
2394
1770
990
155
-619
-1291
-1882
-2385
-2745
-2931
-2961
-2854
-2631
-2334
-2018
-1726
-1460
-1176
-837
-465
-126
176
503
870
1206
1440
1564
1581
1465
1200
798
306
-166
-436
-444
-354
-347
-328
-75
353
673
772
794
805
718
523
355
276
163
-107
-480
-792
-898
-813
-705
-738
-850
-843
-669
-468
-316
-151
45
214
384
671
1063
1396
1557
1558
1484
1420
1401
1330
1059
612
187
-99
-331
-574
-788
-963
-1145
-1290
-1272
-1106
-963
-949
-1003
-1006
-915
-762
-616
-514
-412
-226
63
406
760
1127
1496
1815
2043
2173
2221
2161
1916
1438
805
165
-411
-948
-1450
-1836
-2050
-2123
-2081
-1930
-1715
-1501
-1312
-1131
-962
-813
-677
-545
-427
-306
-135
84
302
498
676
791
783
665
495
269
-31
-321
-426
-283
-32
162
323
605
992
1285
1371
1336
1272
1150
936
693
495
311
68
-243
-543
-719
-718
-652
-695
-851
-931
-842
-694
-589
-488
-332
-145
67
347
677
955
1110
1137
1085
1055
1099
1108
937
657
482
452
411
304
206
113
-79
-354
-584
-755
-974
-1298
-1665
-1959
-2077
-2013
-1881
-1768
-1586
-1201
-657
-110
404
949
1499
1929
2196
2380
2529
2562
2359
1915
1377
899
473
-5
-544
-1011
-1301
-1480
-1644
-1791
-1857
-1854
-1857
-1899
-1905
-1788
-1575
-1384
-1248
-1043
-654
-140
325
666
940
1176
1325
1342
1240
1068
829
546
309
278
491
746
854
897
1064
1307
1426
1356
1165
875
504
164
-31
-124
-236
-410
-604
-726
-672
-459
-310
-407
-658
-848
-920
-950
-964
-954
-953
-920
-721
-311
191
663
1052
1321
1491
1694
1973
2152
2046
1729
1414
1154
865
508
67
-471
-1060
-1582
-1966
-2266
-2547
-2806
-2995
-3039
-2866
-2502
-2064
-1628
-1157
-585
85
806
1510
2118
2578
2922
3225
3494
3624
3494
3087
2505
1869
1215
501
-270
-1027
-1696
-2236
-2609
-2787
-2818
-2806
-2801
-2750
-2567
-2236
-1842
-1515
-1273
-994
-551
21
591
1087
1508
1840
2056
2174
2217
2141
1872
1385
775
243
-18
-21
-18
-192
-359
-243
86
327
378
352
292
150
-3
-7
122
175
22
-261
-464
-449
-294
-252
-464
-772
-940
-946
-915
-860
-726
-551
-388
-155
263
814
1305
1604
1724
1779
1879
2002
1988
1729
1311
893
493
62
-382
-818
-1288
-1799
-2232
-2463
-2521
-2522
-2520
-2460
-2259
-1869
-1350
-821
-341
150
708
1290
1825
2306
2728
3033
3182
3217
3209
3127
2841
2267
1482
679
-40
-752
-1547
-2326
-2906
-3247
-3437
-3503
-3390
-3129
-2843
-2568
-2205
-1669
-1022
-430
14
380
802
1319
1812
2150
2315
2357
2298
2151
1936
1622
1156
550
-99
-684
-1117
-1299
-1219
-1070
-1026
-950
-577
11
456
603
605
595
550
478
464
491
434
248
50
-24
81
288
403
293
69
-52
-32
-25
-131
-288
-428
-511
-458
-228
58
258
355
415
480
576
687
689
464
105
-165
-290
-403
-578
-770
-955
-1131
-1214
-1140
-1000
-946
-985
-992
-864
-589
-245
69
313
561
915
1359
1781
2081
2214
2179
2043
1887
1712
1426
957
328
-365
-984
-1438
-1770
-2101
-2444
-2639
-2557
-2250
-1865
-1475
-1093
-731
-393
-34
382
796
1083
1175
1160
1195
1321
1411
1331
1106
854
631
428
237
31
-265
-669
-1074
-1356
-1504
-1568
-1511
-1293
-992
-698
-338
184
721
1034
1103
1135
1229
1306
1308
1300
1324
1318
1238
1127
1045
973
822
511
52
-446
-895
-1315
-1754
-2156
-2419
-2512
-2439
-2167
-1688
-1098
-502
83
656
1176
1588
1868
1981
1912
1719
1512
1313
1070
759
429
131
-122
-322
-474
-600
-733
-875
-969
-956
-834
-689
-586
-479
-279
4
279
486
619
673
678
694
721
683
534
329
143
-4
-115
-183
-241
-327
-400
-378
-248
-99
-18
-33
-111
-184
-216
-247
-337
-487
-645
-760
-796
-735
-620
-531
-491
-443
-335
-178
-30
53
37
-70
-208
-325
-424
-552
-703
-797
-700
-367
65
429
729
1073
1419
1630
1693
1693
1611
1376
1058
829
702
518
192
-215
-613
-944
-1176
-1380
-1662
-2006
-2259
-2306
-2149
-1838
-1423
-966
-484
98
838
1636
2313
2754
2938
2923
2806
2650
2392
1946
1356
775
305
-33
-238
-365
-517
-746
-953
-1018
-961
-924
-1002
-1155
-1274
-1279
-1171
-1008
-839
-679
-518
-345
-112
192
513
747
846
872
918
1014
1101
1093
952
731
516
331
145
-69
-312
-572
-834
-1070
-1245
-1345
-1419
-1513
-1610
-1640
-1556
-1381
-1165
-928
-663
-371
-75
216
499
755
951
1056
1069
1023
948
829
636
385
130
-101
-299
-432
-413
-236
-32
90
186
343
508
567
497
354
184
21
-100
-135
-99
-38
-18
-62
-116
-88
25
98
35
-89
-155
-137
-62
54
195
326
438
582
782
1009
1197
1279
1222
1072
921
805
666
441
168
-60
-208
-289
-312
-301
-313
-390
-495
-571
-611
-660
-757
-900
-1039
-1115
-1104
-1032
-937
-816
-646
-426
-181
85
365
614
766
818
834
860
862
785
626
433
252
95
-53
-198
-335
-461
-597
-748
-892
-994
-1062
-1133
-1219
-1278
-1260
-1151
-958
-708
-438
-174
92
367
633
873
1062
1169
1169
1077
944
805
635
393
80
-264
-580
-817
-950
-954
-849
-714
-607
-463
-212
92
324
443
501
542
587
665
799
942
1011
991
931
892
889
872
758
510
204
-58
-240
-365
-456
-512
-520
-444
-251
42
371
668
889
1014
1079
1131
1162
1106
928
679
439
247
92
-58
-245
-471
-695
-879
-1021
-1141
-1266
-1413
-1564
-1654
-1635
-1522
-1358
-1168
-950
-700
-398
-42
314
595
772
872
927
946
928
861
736
560
370
202
67
-49
-169
-319
-507
-691
-845
-980
-1109
-1232
-1343
-1421
-1413
-1285
-1070
-811
-508
-160
216
587
935
1235
1445
1551
1574
1529
1421
1264
1063
814
525
218
-99
-442
-798
-1128
-1405
-1599
-1633
-1470
-1192
-880
-497
-18
462
859
1186
1456
1632
1706
1736
1766
1765
1697
1561
1365
1135
903
669
390
64
-253
-537
-787
-955
-1001
-969
-922
-834
-648
-394
-149
55
216
322
357
329
257
151
25
-103
-221
-312
-345
-324
-295
-296
-322
-361
-428
-543
-697
-861
-999
-1088
-1130
-1128
-1063
-938
-786
-611
-400
-165
45
205
334
446
526
563
574
562
525
482
450
410
350
278
192
66
-99
-267
-421
-567
-685
-740
-721
-626
-446
-188
103
396
686
953
1155
1269
1304
1251
1093
858
597
324
39
-233
-464
-663
-834
-976
-1096
-1217
-1335
-1421
-1449
-1405
-1249
-933
-470
51
576
1110
1628
2045
2302
2413
2400
2271
2055
1815
1591
1377
1144
872
569
261
-29
-315
-638
-1000
-1360
-1682
-1952
-2130
-2175
-2095
-1922
-1658
-1268
-765
-217
296
733
1076
1318
1453
1497
1463
1362
1208
1023
825
621
416
190
-86
-415
-763
-1100
-1422
-1729
-2003
-2205
-2306
-2300
-2193
-1994
-1698
-1314
-880
-435
4
424
790
1067
1261
1404
1506
1564
1577
1565
1538
1488
1404
1277
1105
883
606
284
-54
-384
-689
-957
-1170
-1299
-1332
-1273
-1147
-971
-760
-525
-283
-53
152
319
441
506
529
530
522
502
468
417
349
264
160
25
-144
-331
-505
-643
-714
-675
-495
-196
147
480
819
1140
1367
1450
1418
1309
1134
912
690
519
396
292
175
48
-70
-170
-283
-453
-671
-893
-1102
-1290
-1413
-1424
-1325
-1143
-879
-523
-100
328
702
980
1148
1207
1173
1061
885
674
455
241
44
-123
-266
-407
-571
-766
-978
-1192
-1393
-1576
-1719
-1799
-1799
-1710
-1528
-1242
-862
-425
33
482
899
1253
1525
1708
1805
1820
1766
1664
1529
1371
1194
1000
781
540
281
7
-281
-569
-828
-1046
-1224
-1350
-1406
-1383
-1284
-1112
-889
-640
-393
-155
63
254
408
529
611
645
651
658
668
662
631
577
497
389
259
111
-52
-225
-395
-550
-678
-764
-799
-784
-717
-579
-345
-25
312
608
863
1086
1229
1259
1208
1115
986
826
676
566
486
398
280
119
-70
-264
-460
-676
-902
-1083
-1196
-1244
-1215
-1078
-855
-600
-337
-48
248
490
643
702
670
556
397
218
33
-133
-251
-313
-341
-342
-317
-295
-331
-433
-562
-692
-822
-946
-1031
-1049
-985
-827
-588
-297
17
338
638
877
1041
1142
1174
1120
1001
871
758
652
546
444
351
256
146
26
-114
-274
-447
-619
-768
-866
-894
-854
-768
-639
-458
-225
26
248
429
562
634
639
603
546
478
403
335
294
283
300
329
344
324
270
192
79
-75
-244
-399
-540
-664
-747
-757
-695
-582
-429
-221
42
312
517
657
774
854
855
777
670
577
496
416
348
310
288
223
85
-96
-275
-457
-682
-931
-1119
-1210
-1245
-1221
-1087
-834
-528
-231
55
342
595
755
798
748
652
528
361
168
10
-82
-142
-205
-250
-247
-228
-263
-363
-473
-560
-648
-754
-834
-838
-757
-620
-442
-224
31
287
503
663
783
866
887
835
746
661
588
504
416
343
281
210
116
4
-109
-221
-339
-461
-557
-598
-586
-539
-452
-322
-160
9
171
322
459
566
625
642
645
649
640
602
552
520
486
408
290
164
35
-130
-334
-522
-658
-754
-834
-883
-873
-802
-714
-641
-577
-486
-376
-285
-213
-92
111
321
468
594
750
884
921
866
784
693
577
428
291
210
170
115
21
-65
-117
-181
-320
-512
-683
-823
-963
-1087
-1127
-1055
-910
-738
-532
-270
15
253
398
473
507
493
404
279
185
142
117
84
73
107
148
135
59
-30
-107
-201
-330
-432
-449
-397
-329
-249
-120
55
219
328
394
440
460
431
365
301
271
268
270
288
361
473
574
633
662
671
633
524
364
189
20
-143
-297
-408
-454
-440
-398
-343
-280
-212
-167
-166
-208
-269
-329
-395
-460
-490
-456
-371
-267
-165
-54
57
124
114
44
-56
-166
-286
-388
-423
-335
-145
63
252
465
680
798
776
665
520
319
55
-197
-345
-395
-406
-398
-339
-214
-89
-30
-32
-51
-81
-160
-278
-363
-367
-323
-270
-201
-81
73
191
232
229
218
178
76
-43
-114
-133
-137
-126
-79
4
85
135
147
136
114
68
-4
-74
-100
-77
-23
56
166
301
423
516
578
620
631
602
547
496
467
448
434
430
436
428
391
317
200
56
-100
-269
-442
-586
-674
-712
-712
-667
-583
-488
-415
-370
-347
-350
-380
-426
-472
-493
-470
-410
-331
-243
-141
-41
25
50
62
72
76
79
114
210
333
430
493
533
524
450
313
135
-61
-236
-374
-464
-486
-436
-346
-259
-184
-108
-43
-15
-28
-51
-78
-94
-82
-25
74
209
370
522
654
749
796
764
651
485
294
92
-109
-271
-368
-405
-406
-390
-363
-343
-353
-402
-474
-551
-611
-639
-616
-522
-352
-113
157
435
708
954
1133
1225
1239
1178
1039
848
644
460
300
166
62
-12
-77
-135
-208
-303
-415
-531
-646
-746
-800
-798
-745
-655
-531
-377
-219
-75
46
137
183
192
165
117
60
6
-45
-91
-122
-131
-125
-115
-113
-126
-150
-192
-257
-338
-414
-463
-480
-460
-388
-254
-85
80
223
348
450
508
515
486
444
408
376
350
323
297
252
173
62
-51
-160
-268
-368
-432
-429
-364
-249
-86
112
308
476
604
689
717
679
589
472
351
245
166
111
74
48
18
-38
-124
-234
-367
-526
-683
-799
-849
-838
-767
-634
-448
-237
-22
176
336
440
483
481
451
413
382
370
378
405
448
493
508
471
366
197
-21
-270
-518
-738
-904
-997
-1015
-956
-838
-684
-524
-378
-266
-187
-138
-108
-84
-53
-1
74
168
277
399
520
619
681
723
737
702
601
462
306
151
-4
-150
-258
-321
-334
-308
-256
-198
-151
-139
-169
-222
-290
-359
-416
-436
-413
-347
-236
-74
119
305
460
579
663
701
691
645
573
502
453
424
411
412
426
432
401
312
176
-5
-226
-465
-693
-879
-992
-1022
-973
-854
-680
-463
-241
-54
79
158
185
174
140
108
96
116
169
246
331
403
438
428
360
232
57
-133
-304
-441
-531
-558
-519
-431
-316
-193
-93
-33
-19
-42
-91
-149
-189
-189
-143
-49
89
257
423
570
675
721
698
620
504
366
225
102
12
-43
-64
-66
-67
-82
-122
-191
-297
-433
-576
-707
-809
-869
-875
-824
-721
-572
-396
-210
-24
156
323
465
583
688
776
835
862
861
835
774
672
539
386
222
58
-95
-231
-337
-409
-453
-470
-464
-436
-401
-366
-333
-290
-237
-175
-101
-7
103
221
342
449
528
569
564
511
417
295
158
24
-88
-166
-210
-221
-212
-198
-198
-221
-278
-372
-487
-606
-711
-777
-789
-737
-620
-452
-246
-25
180
344
450
489
464
386
286
186
110
76
92
159
277
431
578
672
687
626
503
338
148
-35
-177
-242
-227
-132
13
163
273
312
276
164
-15
-236
-455
-633
-738
-748
-659
-484
-264
-44
141
258
295
249
130
-37
-207
-337
-392
-357
-239
-62
139
327
468
532
497
364
158
-83
-308
-475
-551
-533
-425
-249
-34
177
342
429
421
324
167
-15
-183
-306
-361
-333
-228
-72
100
251
352
380
327
202
31
-145
-294
-389
-411
-357
-237
-81
82
214
291
296
234
116
-25
-154
-246
-278
-240
-127
47
249
444
606
708
738
691
576
417
243
83
-47
-131
-162
-144
-95
-38
6
21
0
-60
-150
-256
-360
-442
-488
-489
-446
-362
-256
-149
-61
-1
24
9
-39
-104
-165
-210
-223
-202
-146
-61
38
131
199
228
214
163
85
-5
-94
-163
-199
-200
-170
-114
-47
17
61
82
78
55
26
-1
-13
-5
26
81
156
235
306
358
376
358
315
252
179
109
52
18
9
30
73
116
144
148
122
66
-18
-114
-209
-287
-335
-337
-293
-214
-115
-9
85
148
177
165
122
63
5
-41
-67
-66
-33
22
80
135
171
183
169
130
73
2
-70
-130
-168
-184
-182
-163
-133
-103
-82
-76
-87
-110
-140
-167
-188
-191
-171
-134
-87
-36
11
45
57
47
16
-32
-87
-143
-188
-215
-221
-205
-170
-126
-78
-34
-2
12
17
16
14
14
21
48
92
150
217
285
341
380
394
382
345
292
230
164
103
61
38
32
34
37
41
37
17
-16
-58
-104
-146
-175
-183
-169
-130
-70
-3
59
112
150
164
153
122
81
32
-17
-55
-76
-81
-74
-56
-34
-15
-3
-2
-17
-46
-81
-116
-147
-170
-179
-172
-152
-122
-92
-66
-48
-40
-39
-45
-54
-50
-34
-1
44
95
146
184
207
209
187
145
95
45
9
-10
-13
-5
5
8
-3
-26
-65
-115
-173
-228
-267
-284
-282
-262
-229
-193
-159
-128
-104
-87
-74
-63
-49
-25
11
58
110
160
209
252
281
293
288
268
238
207
176
150
130
116
105
94
78
59
31
-9
-54
-90
-113
-118
-110
-86
-52
-13
24
53
69
66
54
32
14
7
16
41
74
115
156
185
191
170
125
63
-5
-70
-117
-142
-141
-113
-71
-26
10
27
15
-25
-91
-170
-249
-314
-354
-360
-331
-274
-208
-142
-87
-51
-41
-56
-87
-121
-141
-137
-106
-44
43
141
231
298
332
327
284
211
120
33
-28
-55
-50
-22
23
69
96
91
50
-26
-124
-231
-324
-384
-397
-363
-285
-178
-58
55
149
206
225
215
189
160
141
149
186
249
322
395
450
474
456
392
287
156
17
-111
-212
-279
-305
-297
-264
-222
-184
-159
-152
-164
-181
-192
-186
-150
-80
21
143
270
384
473
523
529
491
419
327
232
148
83
37
9
-14
-37
-73
-128
-206
-304
-412
-518
-600
-649
-660
-628
-557
-457
-342
-225
-119
-36
21
55
72
81
93
115
143
179
217
251
268
259
218
149
56
-49
-152
-241
-310
-355
-368
-354
-318
-270
-219
-172
-129
-91
-53
-7
44
102
171
247
321
384
431
459
462
438
393
331
263
188
114
48
-10
-57
-97
-129
-155
-170
-172
-160
-133
-90
-27
45
126
208
284
349
392
416
420
404
372
326
275
215
156
99
39
-21
-78
-134
-188
-241
-285
-322
-347
-356
-349
-327
-293
-248
-199
-147
-101
-58
-21
9
34
55
75
88
95
92
80
54
15
-35
-95
-159
-221
-275
-318
-348
-363
-359
-345
-323
-297
-269
-239
-210
-182
-154
-123
-83
-38
13
68
123
174
216
243
256
251
228
190
140
87
36
-11
-49
-75
-87
-87
-77
-61
-39
-12
20
60
105
157
218
287
361
433
499
551
583
592
576
537
477
401
316
226
145
70
7
-46
-92
-131
-167
-204
-241
-279
-315
-345
-365
-369
-355
-320
-270
-210
-145
-80
-25
12
32
35
25
5
-19
-42
-61
-74
-80
-86
-93
-102
-118
-143
-180
-217
-252
-282
-301
-305
-287
-252
-203
-147
-90
-33
15
52
76
91
100
106
112
120
132
152
169
182
188
185
167
136
93
44
-5
-49
-83
-103
-105
-90
-63
-31
3
35
60
78
90
96
98
103
109
119
139
160
182
201
216
224
222
211
191
165
135
103
73
46
24
6
-7
-17
-25
-30
-33
-38
-44
-50
-51
-50
-50
-49
-44
-42
-45
-46
-52
-61
-74
-92
-110
-127
-144
-161
-174
-187
-195
-200
-205
-210
-212
-209
-204
-194
-182
-167
-148
-127
-104
-80
-50
-22
5
33
60
86
109
127
139
148
154
158
161
163
169
177
184
192
197
202
202
199
192
183
171
157
142
127
112
99
85
72
58
44
29
6
-20
-49
-83
-118
-153
-184
-211
-233
-251
-263
-269
-272
-271
-267
-263
-253
-241
-219
-189
-151
-107
-57
-1
57
114
167
208
239
259
267
265
250
231
203
171
138
102
65
26
-12
-49
-86
-116
-143
-162
-174
-181
-176
-165
-147
-124
-96
-66
-36
-6
23
55
90
123
157
186
213
238
252
257
250
234
206
168
126
80
32
-13
-54
-93
-125
-153
-175
-194
-209
-218
-220
-217
-204
-183
-154
-121
-83
-40
5
49
93
132
166
193
216
234
245
248
243
233
211
184
151
107
56
1
-57
-112
-163
-208
-245
-274
-293
-303
-304
-300
-290
-274
-252
-227
-197
-162
-124
-82
-40
1
39
72
101
121
137
146
153
156
156
156
155
149
143
131
117
101
80
57
35
14
-4
-18
-27
-30
-28
-23
-12
-3
5
14
23
29
34
38
44
49
54
62
67
69
67
63
56
46
32
15
-2
-20
-36
-50
-62
-72
-81
-87
-91
-93
-91
-86
-81
-71
-62
-51
-43
-34
-28
-25
-23
-25
-24
-23
-23
-21
-20
-15
-10
-4
-1
1
5
6
9
9
10
13
18
25
34
42
53
62
68
70
69
64
56
47
38
29
21
16
15
14
13
11
7
-3
-14
-28
-42
-55
-65
-71
-72
-67
-59
-46
-33
-20
-9
1
9
16
25
32
40
51
61
71
79
84
84
77
63
45
22
0
-22
-42
-58
-67
-71
-68
-65
-59
-53
-48
-44
-42
-41
-40
-38
-35
-25
-12
5
23
37
53
64
70
72
72
68
61
53
47
42
39
36
34
30
24
18
9
0
-12
-22
-31
-39
-45
-45
-43
-39
-37
-35
-33
-34
-37
-41
-46
-50
-52
-53
-51
-44
-36
-28
-21
-14
-10
-8
-6
-8
-10
-11
-9
-6
-1
2
7
8
8
6
0
-9
-20
-30
-36
-41
-42
-42
-38
-31
-25
-16
-11
-10
-9
-8
-9
-9
-4
1
11
24
39
54
69
80
89
93
96
94
90
84
78
74
72
70
70
70
70
68
64
56
47
38
30
21
15
12
11
11
14
18
22
24
23
20
16
8
1
-7
-14
-19
-23
-25
-28
-26
-26
-25
-26
-29
-36
-43
-52
-63
-73
-82
-88
-92
-95
-94
-94
-92
-89
-89
-90
-90
-88
-88
-86
-83
-78
-71
-63
-52
-42
-34
-26
-20
-17
-13
-9
-5
-2
2
9
16
24
32
40
46
52
55
58
59
62
63
66
68
69
73
77
80
80
78
74
69
65
59
54
48
46
46
47
49
51
52
51
48
43
38
33
25
16
9
2
-1
-2
-4
-5
-5
-7
-9
-14
-16
-19
-21
-23
-22
-19
-16
-12
-11
-9
-10
-11
-13
-18
-22
-25
-28
-32
-34
-35
-34
-36
-39
-43
-48
-52
-58
-64
-70
-74
-74
-72
-67
-61
-53
-46
-42
-39
-36
-35
-36
-36
-33
-29
-23
-14
-2
8
18
27
34
35
33
30
23
17
12
10
10
12
16
22
27
33
35
38
39
38
36
35
34
35
37
39
43
47
50
52
51
48
42
34
25
14
6
-2
-7
-9
-8
-2
4
12
20
27
31
34
39
40
42
43
45
47
49
50
51
49
46
39
32
22
13
5
-2
-9
-17
-23
-28
-35
-39
-44
-47
-48
-48
-47
-46
-43
-41
-42
-42
-44
-45
-45
-45
-45
-47
-48
-48
-50
-52
-56
-62
-70
-79
-88
-96
-104
-110
-113
-113
-110
-104
-94
-83
-71
-59
-49
-38
-28
-20
-11
-2
8
20
32
42
51
59
64
68
71
68
67
65
65
66
69
73
81
89
96
103
111
117
118
119
117
117
115
113
112
111
111
111
111
109
105
97
86
73
58
43
26
13
-1
-11
-20
-28
-34
-39
-46
-53
-60
-64
-68
-68
-68
-66
-63
-59
-58
-55
-55
-57
-62
-68
-76
-85
-92
-98
-102
-106
-107
-107
-105
-101
-97
-93
-90
-85
-81
-77
-71
-64
-57
-48
-40
-33
-25
-15
-7
0
6
11
16
19
23
23
24
23
25
26
26
29
32
34
36
36
40
43
46
50
56
59
61
64
67
67
67
67
67
67
68
69
70
72
74
74
75
74
70
66
61
54
48
41
34
29
23
19
16
14
13
11
7
5
-1
-7
-14
-21
-29
-36
-40
-43
-47
-49
-51
-52
-55
-60
-65
-71
-77
-82
-86
-90
-91
-90
-86
-81
-75
-68
-61
-54
-49
-43
-37
-31
-24
-16
-8
-1
7
15
21
27
29
30
27
22
16
10
4
1
0
1
3
7
12
17
22
27
29
30
30
31
31
29
28
29
31
33
37
38
41
40
38
36
33
29
26
23
20
20
21
23
23
24
24
22
18
12
7
2
-4
-11
-15
-18
-19
-20
-21
-21
-22
-24
-25
-27
-28
-29
-27
-25
-24
-22
-18
-15
-12
-10
-9
-7
-6
-4
-1
2
5
8
10
11
12
12
10
7
5
0
-2
-7
-10
-13
-16
-18
-18
-19
-18
-17
-15
-13
-10
-5
-2
1
6
11
16
20
22
27
30
30
30
28
26
21
17
10
6
1
-2
-8
-12
-17
-20
-24
-27
-29
-31
-31
-30
-28
-25
-22
-19
-15
-13
-9
-7
-5
-3
1
4
6
10
14
16
18
19
20
19
19
18
16
15
12
10
8
8
6
4
4
5
5
6
3
2
0
-1
-5
-8
-9
-10
-12
-11
-11
-9
-8
-8
-6
-7
-7
-8
-8
-9
-8
-6
-4
-1
0
1
6
9
11
13
15
15
14
14
13
12
9
6
2
-2
-2
-6
-8
-10
-14
-16
-16
-15
-13
-10
-6
-3
2
8
14
20
24
27
30
33
34
33
33
31
30
27
22
17
13
8
3
-2
-6
-10
-14
-18
-20
-23
-25
-25
-27
-26
-24
-22
-20
-18
-16
-13
-12
-10
-9
-6
-5
-5
-6
-6
-6
-7
-9
-12
-16
-18
-19
-21
-23
-23
-24
-24
-23
-22
-21
-18
-16
-14
-13
-9
-7
-3
-1
1
4
7
9
11
13
14
16
17
17
17
17
20
21
23
24
25
27
26
26
26
26
26
26
23
22
21
20
19
18
17
17
14
13
9
8
5
2
-1
-2
-5
-5
-5
-5
-5
-5
-3
-3
-3
-4
-4
-4
-5
-5
-5
-5
-5
-5
-7
-9
-11
-13
-15
-16
-20
-22
-24
-25
-25
-25
-24
-23
-23
-22
-21
-22
-19
-17
-15
-14
-12
-8
-7
-5
-3
-1
0
2
4
3
4
5
4
4
3
4
6
6
7
6
7
8
9
10
11
11
13
15
19
21
24
28
31
33
35
36
36
36
35
32
29
26
24
19
15
12
8
5
3
2
-1
-3
-7
-9
-10
-11
-13
-14
-17
-18
-19
-17
-17
-16
-15
-16
-17
-16
-17
-19
-19
-21
-23
-24
-26
-28
-29
-30
-31
-32
-32
-32
-34
-34
-32
-30
-27
-24
-21
-17
-15
-11
-6
-2
2
5
10
13
17
20
22
24
25
25
24
23
21
19
19
17
15
13
12
10
9
9
11
12
14
15
17
18
19
22
23
24
27
28
29
29
30
28
27
25
22
22
20
16
14
10
8
7
4
1
-3
-7
-10
-13
-17
-19
-19
-20
-22
-21
-22
-21
-20
-20
-22
-21
-20
-20
-21
-20
-19
-17
-15
-14
-13
-11
-11
-11
-11
-11
-13
-13
-13
-13
-12
-13
-12
-12
-12
-10
-8
-8
-9
-7
-7
-5
-4
-3
-1
1
3
4
7
9
12
14
15
16
18
18
19
21
23
23
22
23
23
22
22
19
19
18
15
13
10
7
5
3
2
0
-3
-3
-6
-6
-6
-6
-7
-6
-6
-5
-4
-3
-2
0
1
2
1
0
2
0
-1
-1
-3
-4
-6
-8
-10
-11
-13
-14
-13
-12
-13
-13
-14
-14
-13
-13
-13
-12
-12
-12
-11
-10
-8
-6
-5
-4
-1
2
4
4
6
6
6
8
9
9
10
11
11
11
11
10
9
8
5
4
2
1
0
0
-1
-1
-1
-2
-1
-1
-1
0
-1
1
0
0
1
2
3
4
3
3
2
1
2
1
0
0
0
-1
0
-2
-1
-3
-3
-2
-3
-3
-4
-5
-5
-5
-3
-2
0
-1
1
2
3
6
8
10
10
10
10
11
11
11
9
8
7
7
7
7
6
7
6
6
6
7
5
4
4
4
3
3
3
1
0
-1
-2
-3
-2
-3
-4
-6
-8
-8
-9
-10
-10
-11
-10
-11
-11
-12
-12
-11
-11
-11
-8
-9
-9
-10
-10
-9
-9
-10
-12
-13
-14
-13
-13
-13
-13
-14
-12
-13
-13
-13
-13
-11
-9
-8
-6
-3
-1
2
4
7
10
12
13
13
14
16
15
16
16
15
15
13
14
13
11
10
9
7
7
7
6
6
5
6
8
9
10
11
11
10
10
9
8
9
8
7
8
7
10
10
10
9
8
4
4
1
0
-2
-4
-3
-4
-5
-5
-4
-4
-3
-5
-6
-6
-8
-8
-8
-9
-9
-7
-8
-6
-5
-5
-4
-4
-3
-4
-4
-3
-4
-4
-4
-4
-4
-3
-4
-3
-5
-7
-9
-9
-10
-12
-12
-12
-11
-10
-11
-9
-7
-7
-5
-4
-5
-6
-3
-2
0
2
4
6
7
9
10
9
10
9
8
7
7
5
5
6
5
5
4
2
1
0
-2
-2
-3
-2
-1
0
2
4
5
5
6
8
8
9
9
8
7
5
6
4
5
4
2
1
0
-2
-2
-4
-5
-7
-9
-10
-10
-9
-8
-8
-6
-6
-5
-4
-5
-5
-4
-3
-3
-1
1
