1
3
3
0
1
2
-1
0
-2
-1
-1
-2
-1
-2
-1
2
4
1
1
1
1
2
1
1
-1
-1
-2
-3
-3
-3
-3
-2
-1
-1
0
-1
-1
-1
-2
-3
-1
-1
-1
-2
-2
-2
-5
-4
-5
-6
-4
-2
-1
-2
-1
-1
0
1
-1
0
1
1
2
1
1
2
2
3
3
0
-2
-2
-1
1
-2
-1
-1
2
5
7
5
5
3
4
5
4
5
5
7
7
7
4
3
3
5
5
3
2
1
2
-2
0
-1
0
2
0
1
1
2
2
1
1
1
1
0
2
-1
-1
-3
-4
-3
-4
-2
-3
-4
-5
-4
-3
-3
-3
-3
-3
-2
-2
-1
0
2
2
1
1
1
1
1
2
1
0
0
-1
-2
-2
-3
-4
-5
-4
-2
-1
-3
-2
-2
-2
-3
-4
-4
-4
-5
-3
-2
-2
-1
1
0
3
3
1
0
0
2
3
3
-1
1
1
-1
1
3
4
6
4
4
4
4
5
4
3
2
1
2
2
2
-1
-3
-4
-3
-3
-5
-5
-3
-3
-3
-4
-4
-3
-1
2
-1
-1
0
-1
-2
-1
0
-1
-2
-2
-2
-2
-4
-2
-1
-1
1
-1
3
1
1
1
-2
-3
-3
-1
0
2
2
0
1
1
0
0
1
0
1
1
1
3
4
4
2
2
2
4
4
4
6
5
6
4
2
2
1
1
-1
-2
-1
0
-1
-3
-2
-2
-1
-1
1
1
3
2
0
-1
1
1
3
4
3
3
3
5
7
4
1
-2
-1
-1
-1
0
-3
-4
-4
-4
-3
-4
-4
-5
-4
-3
-5
-4
-2
-1
-1
-1
-1
-2
-2
-1
0
0
-1
-3
-3
-1
-3
-4
-3
-2
-3
0
1
1
2
1
1
0
-2
-1
-1
-1
-1
0
1
2
1
1
1
-1
-3
-1
0
-1
-1
0
3
3
3
3
3
2
0
-1
0
1
0
0
1
2
-1
-1
-1
-1
-2
-4
-5
-4
-5
-7
-6
-5
-4
-3
-2
-1
1
0
-1
-1
0
0
0
0
2
2
1
0
-1
-1
-3
-2
-2
-1
-1
-1
0
1
0
0
0
0
1
3
3
5
6
6
6
6
8
8
7
5
5
7
6
5
4
3
4
4
5
7
6
3
2
1
1
2
1
1
1
0
0
0
0
0
-1
-4
-3
0
0
-1
-1
-3
-5
-5
-3
-3
0
0
-1
0
1
-1
-1
-2
-3
-4
-4
-4
-3
-1
-2
-1
-3
-2
-3
-3
-2
-1
-4
-2
-3
-4
-3
-3
-1
-1
-3
-2
-1
1
2
3
3
0
1
3
1
2
3
2
1
-2
-1
0
0
-2
-2
-2
-2
-1
-2
-2
-2
-2
-4
-6
-5
-4
-3
-3
-2
0
-1
0
-1
-1
2
4
3
4
4
5
6
2
3
1
1
-1
-2
-2
-1
-2
-2
-2
-3
-4
-1
2
3
0
-1
0
0
-1
0
0
-2
-2
-3
-3
0
0
1
2
1
0
-1
1
1
1
3
5
8
7
8
9
8
9
9
11
11
10
9
9
9
7
6
6
5
6
5
3
3
1
1
1
2
2
1
3
1
1
-1
0
-1
-3
-2
-2
-2
-4
-7
-5
-6
-8
-10
-9
-11
-12
-10
-11
-12
-13
-13
-10
-9
-10
-10
-8
-7
-7
-7
-9
-8
-8
-7
-7
-7
-9
-10
-8
-7
-7
-6
-4
-3
-3
-2
0
1
2
4
7
7
10
11
13
12
10
11
11
11
11
11
8
8
7
3
2
3
4
4
3
2
4
6
5
5
8
11
14
14
16
15
15
14
11
10
10
10
7
3
1
-1
-1
0
-4
-6
-7
-8
-6
-8
-10
-10
-9
-9
-8
-8
-7
-8
-8
-8
-9
-8
-11
-10
-11
-11
-9
-9
-10
-10
-8
-7
-8
-9
-8
-7
-6
-6
-4
-3
-2
-1
-1
1
1
0
-2
0
-1
-2
-1
1
2
1
3
4
7
6
6
8
9
10
12
12
13
13
11
12
13
14
13
11
9
10
9
10
9
9
8
8
8
9
9
10
9
7
7
6
4
5
6
4
1
0
0
-1
-4
-6
-9
-12
-13
-15
-15
-15
-18
-18
-19
-19
-18
-18
-18
-18
-16
-15
-13
-12
-10
-9
-10
-9
-9
-8
-9
-8
-8
-6
-5
-3
-3
-5
-4
-4
-4
-4
-3
-3
-2
0
0
0
-1
-1
2
4
6
5
8
12
11
12
12
13
12
11
13
15
14
14
13
13
14
13
13
11
10
10
10
9
7
4
2
2
3
3
3
2
5
6
5
8
10
10
8
8
7
7
6
4
3
1
1
-1
-2
-5
-6
-6
-6
-6
-8
-10
-9
-9
-9
-8
-8
-10
-9
-8
-8
-9
-8
-9
-9
-8
-9
-10
-9
-10
-11
-10
-9
-9
-7
-5
-3
-4
-3
-5
-3
-1
3
4
7
7
8
8
6
6
8
9
6
5
4
4
4
3
4
3
2
4
5
4
5
8
9
8
8
8
10
9
8
7
5
2
3
3
2
0
-1
-1
-4
-5
-5
-7
-9
-9
-10
-9
-9
-11
-11
-9
-8
-6
-7
-7
-7
-6
-6
-6
-7
-9
-9
-10
-10
-9
-11
-11
-9
-10
-8
-7
-7
-7
-6
-5
-4
-2
-2
0
1
2
3
2
5
6
4
4
4
2
0
0
0
2
4
6
7
8
8
11
14
14
10
10
13
14
12
13
12
10
6
7
5
5
6
5
6
5
5
8
11
12
12
12
13
13
13
11
13
15
13
11
10
8
7
1
-1
-4
-7
-9
-11
-9
-9
-12
-15
-11
-10
-15
-16
-13
-11
-10
-9
-6
-6
-6
-7
-7
-4
-5
-7
-5
-2
-6
-9
-10
-11
-13
-14
-14
-14
-14
-14
-13
-10
-7
-8
-8
-5
-4
-4
-1
1
4
3
4
5
4
5
6
6
5
4
4
9
12
13
14
14
11
14
12
9
11
14
14
13
16
16
11
7
3
-2
-3
-7
-10
-8
-5
-8
-13
-11
-9
-12
-13
-11
-9
-7
-6
-7
-7
-9
-13
-15
-10
-8
-9
-8
-1
1
-2
-5
-5
-5
-9
-11
-6
0
-4
-7
-2
1
-3
-7
-3
3
3
2
6
10
8
2
1
6
5
-2
0
7
11
9
12
16
16
11
6
8
9
3
1
10
17
16
15
20
21
18
16
14
13
11
7
8
16
14
7
5
10
4
-2
6
10
5
6
5
1
0
-1
-9
-7
-1
-3
-6
0
0
-9
-11
-7
-6
-9
-5
-1
0
0
-1
-7
-10
-11
-8
-7
-5
0
1
-6
-11
-10
-18
-32
-33
-28
-27
-20
-13
-8
0
3
-7
-14
-1
1
-13
-6
17
14
3
15
15
2
-1
-3
-6
0
-6
-9
1
10
4
-2
7
12
4
-1
12
19
4
1
13
18
8
3
9
12
4
-3
-3
-3
-13
-17
-14
-7
1
-9
-13
6
10
-10
-12
9
3
-12
-7
-1
-1
-4
-7
-1
12
4
-19
-12
13
-2
-28
-22
-11
-15
-31
-15
6
4
-16
-5
27
16
-8
-3
3
-3
-15
-14
13
21
-1
-12
15
23
-8
-25
2
10
-9
4
21
16
1
-2
23
43
19
8
38
28
-2
13
10
-1
5
-7
-7
26
25
-4
7
9
-27
-24
4
20
13
16
41
38
41
27
8
4
-21
-14
9
13
7
10
27
19
19
10
-44
-31
-15
-53
-30
17
2
-36
1
16
-12
0
9
-8
-7
13
8
-11
-17
1
-31
-36
7
-5
-9
27
14
-14
0
-43
-60
-32
-35
-38
-8
-4
-23
15
10
-15
9
-7
-20
22
10
-11
21
46
-7
-26
21
-6
-41
7
30
11
-3
-11
-3
1
7
-16
-6
-7
-22
-14
0
17
9
2
11
5
-21
20
30
-16
-6
13
0
-13
-1
3
2
-15
-32
-2
12
-27
-9
35
-14
-24
-6
4
-3
-43
-38
-14
2
-13
20
41
12
0
-17
26
39
-34
-32
20
15
-14
19
30
-8
15
16
-5
39
55
-20
-14
45
7
-49
3
10
9
-2
-14
41
34
6
13
39
2
-34
-7
-4
26
43
0
78
78
-56
1
77
9
-33
12
42
14
-5
-17
50
53
-94
-79
60
-49
-44
81
30
4
-9
-42
7
35
-19
-51
17
38
-47
31
74
0
-39
-27
45
-38
-82
98
19
-108
10
43
-80
-68
12
-20
-47
-3
-46
-13
35
-65
-6
5
-81
-57
10
3
5
51
3
-13
41
-2
-39
50
-26
-115
22
57
-2
-27
3
-17
-89
-60
33
-9
-26
14
2
5
-2
38
29
-46
-1
28
-6
62
85
35
23
13
-42
-23
79
11
-90
17
48
-21
-35
14
15
-71
-43
55
-23
-58
76
-8
-34
8
-49
-39
-23
-36
71
118
1
-83
104
92
-81
165
20
-129
59
-32
-41
106
31
-92
-22
90
-61
-70
144
-16
-94
47
45
-4
-42
19
-10
11
113
-15
9
204
-48
-153
164
110
-164
-105
146
-19
-126
-17
18
41
-32
-94
-13
33
-7
-64
33
130
-99
-63
118
42
5
7
61
58
-62
-55
56
26
-49
51
88
-37
-42
-1
-38
-90
9
25
-164
-9
81
-57
-11
-35
-61
-85
-10
71
-76
58
115
-188
5
112
-50
-6
14
114
7
-20
65
70
70
-88
-62
127
-44
-90
3
-4
51
-189
-132
80
-53
-192
-124
170
-63
-261
43
97
8
-121
1
151
-24
-70
168
197
3
-77
153
143
-17
67
-20
87
13
-41
69
7
-60
-156
-71
11
-18
-45
-89
55
93
-226
63
112
-90
117
-92
83
163
65
123
52
108
-40
13
126
-51
86
77
-188
21
36
-75
-108
8
-39
-251
84
-87
-163
81
-32
-123
-23
157
-89
-89
226
-43
-77
227
22
-6
30
-9
28
-35
89
51
-82
71
137
-66
-42
141
-71
-158
116
60
-182
109
77
-254
104
73
-217
26
31
-122
13
36
-65
-88
-42
-46
-24
24
45
118
-45
3
190
-41
1
286
-17
-158
241
61
-135
176
97
-237
-33
107
-239
17
144
-251
-199
-3
-160
-163
49
48
-225
10
113
-151
166
64
-3
239
67
-113
230
177
-126
136
188
-166
31
1
-125
210
-71
-190
239
-94
-328
179
52
-258
-8
-26
-202
18
-17
-89
165
-55
-225
91
-55
-45
198
-80
-114
423
-132
-378
586
-20
-498
440
149
-230
144
252
-69
-275
249
-21
-212
190
97
-200
85
155
-14
-304
132
85
-375
169
158
-292
-97
334
-96
-167
95
195
-154
19
235
-40
59
164
-11
49
30
53
17
-78
229
-99
-223
314
31
-340
21
90
-86
-270
98
72
-277
-33
43
-78
5
32
-20
-192
174
100
-110
239
98
-120
134
85
-60
-66
147
-8
-223
139
-70
-4
-23
-32
44
-104
4
66
-181
180
18
-313
139
112
-278
104
187
-247
141
251
-113
29
163
-23
29
-5
-76
93
43
-296
91
68
-139
7
-179
126
124
-322
-48
217
-21
-224
19
305
-160
-167
184
84
121
-37
-89
322
-23
-209
44
-3
88
-102
-329
199
211
-380
-25
251
-2
-291
-129
270
-94
-116
114
-77
95
147
-434
125
369
-263
-132
212
49
-83
169
-212
35
144
-376
-62
310
-148
-101
224
-240
-1
401
-168
-241
300
-47
-213
194
-31
67
70
-107
1
279
45
-308
258
68
-173
185
-70
-56
131
-202
-49
288
94
-246
59
292
-308
184
250
-168
289
-201
-251
279
30
-264
88
295
-254
-138
359
-65
-105
69
-280
191
43
-575
374
172
-500
149
55
-71
61
-205
12
378
-107
-461
434
308
-656
137
504
-364
-93
4
-126
132
7
-474
277
296
-740
144
573
-72
-261
115
89
8
3
159
279
146
-524
25
457
-397
1
311
-240
-198
79
-67
174
79
-522
68
533
-749
-53
1125
-492
-492
741
39
-297
364
-271
-5
649
-676
-92
908
-444
-638
376
272
-478
-293
276
-164
190
-128
-272
715
-576
-476
663
-177
-103
150
-293
346
-89
-132
293
199
-391
-426
695
-41
-793
808
37
-887
637
-114
-115
493
-486
-356
571
-22
-556
222
585
-705
-398
757
-186
-128
332
-343
401
-101
-330
393
6
-28
-35
-174
367
-297
-99
209
105
44
-436
680
-104
-509
636
20
-288
105
127
-18
-56
438
-259
18
498
-759
214
881
-821
123
467
-459
-171
276
-143
-21
190
-404
-22
590
-419
-249
455
-104
-380
352
219
-381
440
-148
-323
508
-274
-103
426
-409
226
-23
14
1
-16
-159
-274
327
-449
-346
735
-565
-239
468
-491
214
-130
-135
354
-103
21
-176
324
94
-424
473
396
-494
120
110
-102
185
-181
3
272
-100
-443
234
182
-296
-140
86
-113
131
62
-80
475
-177
-500
464
-154
-129
226
-87
111
4
-93
282
-188
-87
40
-72
199
-250
77
155
-182
221
-409
380
48
-757
346
281
-245
34
319
-283
-127
-8
123
-200
599
-635
59
569
-615
113
230
261
-705
-56
409
-131
-171
133
126
152
-318
-202
480
-84
-431
296
185
-176
157
73
-381
609
-204
-519
774
-97
-864
240
463
-579
120
32
-99
-114
10
-31
215
262
-546
234
728
-450
11
364
97
-82
-100
47
269
-257
-101
143
316
-49
-726
650
-136
-181
-136
570
11
-503
368
57
-138
-46
-257
10
425
-576
171
395
71
-513
74
571
-606
0
190
-108
237
-239
203
312
-318
-35
-70
312
98
-419
94
335
-321
-793
715
186
-1026
132
499
-541
47
636
-352
-98
544
-748
51
1251
-1063
231
739
-496
311
150
-80
103
-260
-186
282
148
-784
-101
345
-627
139
22
-498
603
-487
-31
805
-517
110
-63
-113
287
-207
586
-72
-114
280
-362
432
284
-512
381
6
-360
22
26
84
-629
511
-271
-635
989
-417
-660
914
-327
-821
683
145
-645
702
18
-458
765
-199
-532
844
-373
-140
695
-207
69
-20
-85
-53
66
-408
69
400
-704
115
637
-563
-25
281
-386
-217
301
15
-247
535
20
-759
688
350
-658
18
659
-428
-181
518
-257
42
510
-585
154
558
-531
56
389
-17
-513
451
-164
-351
343
-117
-292
469
-263
-41
377
-536
104
71
-41
-29
206
-262
-3
157
-452
430
254
-427
36
476
-300
293
-35
-558
517
-112
-643
583
416
-674
291
424
-169
122
-395
24
-12
-340
7
301
4
-271
-8
128
432
-440
328
-108
126
-376
31
448
-389
-23
-262
544
-304
-314
761
-30
-570
874
-594
-489
1029
-878
-54
633
-365
-379
639
13
-687
740
-310
-320
463
-423
72
350
-460
13
558
-473
-259
289
348
-522
307
58
-102
87
-549
665
-135
-402
248
152
89
-268
473
411
-688
370
-377
-370
816
-708
73
731
-344
-429
-95
1062
-878
-261
1028
-1017
-67
584
-680
690
38
-834
459
29
57
-248
302
188
-324
177
294
-65
-220
-120
146
-9
-371
513
-140
-401
270
-72
379
-186
-451
81
-52
-278
128
269
72
-273
10
397
-110
45
21
105
-87
-85
327
-256
492
-208
-272
323
306
-510
-255
554
-409
-230
680
-216
-478
658
-632
166
499
-254
-362
62
496
-581
492
627
-488
20
-32
291
-16
135
265
-218
212
205
-612
435
-341
-209
27
-484
392
-558
377
-233
-253
389
-387
187
-46
-199
342
-216
393
225
-496
833
-652
-69
737
-304
281
-641
633
-428
-630
835
-663
6
393
-1054
238
600
-825
27
156
431
-720
29
776
-279
349
5
318
-106
-23
-160
282
207
-407
267
62
-84
-6
-403
61
532
-1227
144
544
-447
-63
157
113
-215
47
-104
126
555
-504
211
1161
-917
-325
641
-346
379
-644
287
357
-799
471
-86
135
77
-1012
902
-152
-555
733
-775
695
-472
-537
1080
-556
71
384
-153
712
-788
172
825
-1238
704
-29
-413
599
-462
10
264
-22
-651
530
181
-711
199
510
-627
125
-39
-468
726
-357
-122
399
356
-512
26
803
-633
-334
158
53
-95
92
-60
340
-108
-330
150
220
133
-306
157
280
40
-347
389
298
-506
-270
313
60
-339
517
97
-497
418
81
-669
463
-150
-794
376
473
-322
-398
716
-177
-394
624
-69
-394
-105
73
697
-375
537
480
-738
166
251
-239
17
-34
-74
-539
146
242
-834
423
-158
-697
-165
671
-58
-539
907
-27
-555
728
-122
-63
395
-536
517
104
-196
198
-261
3
-98
100
-89
136
-11
-920
582
113
-852
958
-374
-493
737
-391
363
167
-210
-232
-490
763
-399
-105
1166
-909
-322
565
-98
129
43
59
-419
132
284
-329
665
-282
-577
664
-63
-113
455
-164
-1
154
263
-180
-4
128
-666
340
-13
-302
501
-417
-519
513
-224
-191
548
-334
-389
342
-254
328
518
-217
-62
91
-8
201
196
299
-235
-258
379
-334
369
-77
-688
247
-373
-106
666
-650
-250
71
-771
425
38
-383
-30
57
279
263
426
11
-201
117
-102
566
150
-128
557
-308
-129
313
8
-147
-516
306
2
-725
494
-100
-356
-195
-221
620
-557
227
642
-826
482
350
-689
1032
-113
-906
560
447
-67
-357
623
7
-787
125
616
-43
-97
-165
-280
380
-180
-725
117
317
-653
-387
912
285
-870
-29
807
-752
79
427
-475
325
-259
-136
559
324
-396
-415
595
-112
-874
714
796
-839
-250
247
256
-576
-52
685
-308
-52
0
163
169
-156
-498
59
258
-75
-732
435
373
-935
46
875
-85
-591
448
716
-306
156
683
-51
-385
-203
-133
362
273
-526
182
310
-472
-225
406
582
-404
-692
862
515
-946
192
643
-614
-343
410
224
-96
192
-581
135
584
-765
-175
783
-364
-550
171
382
-9
-804
374
806
-597
-69
708
-149
-367
319
-210
138
632
-774
-226
1004
-662
-686
1031
-198
-719
104
110
-191
-271
40
-71
-211
17
-256
306
250
-754
488
164
-257
434
-222
191
358
-338
298
541
-410
-742
589
279
-772
437
220
-662
513
-315
-350
750
-173
-561
359
477
-654
-12
340
-204
23
56
-340
427
15
-210
286
149
-68
-241
92
124
129
163
-291
340
310
-442
-41
272
-200
-178
231
-57
-22
-179
-271
82
63
-218
113
50
61
-46
90
137
-260
6
-252
-122
238
-236
-21
386
-79
-255
123
75
-242
-96
389
132
-21
79
104
-220
-396
82
-132
-90
147
-258
82
440
-169
-50
320
-214
-522
261
458
-60
302
334
3
83
-229
-45
122
-117
-260
175
523
-91
-325
350
-15
-441
212
225
161
214
11
26
333
-112
-495
189
225
-203
134
391
-107
-266
-259
-369
-38
-134
-289
46
285
-132
-70
66
-42
-271
-242
271
291
-43
200
302
17
-75
254
178
-100
205
-79
-370
77
-227
-606
-120
-169
-447
-158
134
-177
-159
210
10
-155
185
-29
-99
211
255
65
154
320
-55
-15
154
-119
-185
28
16
-139
64
260
-89
-216
179
-132
-179
293
51
-134
412
233
-290
178
284
-284
19
292
-45
215
266
-139
-3
92
-198
-184
103
49
-249
-99
238
37
-146
14
140
-27
80
212
61
52
-28
-396
-75
148
-438
-332
138
-274
-609
-183
-287
-554
-352
-238
-409
-112
-159
-446
55
183
-306
-115
393
121
-151
219
371
-18
6
243
15
-22
149
27
176
389
118
95
315
416
270
540
788
381
332
633
496
423
661
616
451
501
709
521
347
359
62
20
172
25
-49
-33
-257
-563
-458
-307
-623
-701
-530
-567
-536
-411
-237
-373
-532
-437
-455
-299
-170
-329
-387
-96
-104
-285
-103
-111
-599
-639
-356
-440
-464
-408
-611
-805
-526
-683
-953
-713
-880
-1047
-723
-360
-273
-465
-424
-277
-333
-63
434
967
1525
1866
1994
2094
2171
1796
1385
1715
1995
1905
2177
2534
2299
1707
1275
786
161
-220
-415
-340
-216
-540
-829
-1005
-1407
-1849
-1845
-1520
-1566
-1350
-859
-660
-502
-425
-410
-322
-328
-191
162
469
581
453
505
392
-53
-239
-228
-364
-658
-681
-724
-1156
-1439
-1595
-1731
-1810
-1950
-1902
-1717
-1681
-1674
-1500
-1352
-1386
-1331
-1044
-732
-535
-222
678
1641
1993
2405
2787
2832
2607
2481
2804
2987
2879
2838
3066
3330
2975
2528
2167
1251
242
-296
-208
-255
-649
-824
-1077
-1407
-1642
-1850
-1752
-1706
-1675
-1178
-508
-44
72
167
244
154
342
723
1017
1113
1221
1472
1395
1128
689
143
-281
-677
-724
-756
-1191
-1601
-1979
-2259
-2438
-2681
-2822
-2955
-3022
-2833
-2476
-2272
-2300
-2252
-2121
-1769
-1199
-745
-340
-99
-37
168
486
617
491
784
1679
2504
3462
4013
3770
3168
2490
2175
2050
2093
2234
2174
2569
2839
2600
2099
826
-602
-1540
-1807
-1488
-1199
-780
-906
-1333
-1368
-1535
-1576
-1546
-1319
-589
223
1231
1908
1942
1787
1455
1672
2093
2308
2521
2467
2328
1940
1372
819
-281
-1333
-1785
-1903
-1965
-2328
-2823
-3480
-4075
-4152
-3949
-3694
-3629
-3613
-3351
-2849
-2145
-1683
-1372
-1002
-644
100
819
1194
1221
1020
862
770
784
750
477
150
-106
-272
-405
-602
-259
378
1110
1744
1964
1845
1443
1111
1097
1359
1832
2265
2803
3450
3866
3918
3109
1814
593
-193
-171
248
700
650
5
-528
-962
-1288
-1605
-1927
-1894
-1385
-251
914
1510
1379
599
-49
-74
494
1312
1776
2009
1963
1757
1538
722
-448
-1589
-2423
-2524
-2143
-1774
-1933
-2450
-3022
-3458
-3475
-3498
-3527
-3236
-2759
-2067
-1265
-834
-831
-1014
-902
-444
154
666
851
815
648
469
246
-168
-739
-1219
-1364
-1177
-944
-943
-938
-423
575
1706
2515
2669
2337
2111
2258
2601
3110
3504
3714
4191
4812
5252
4956
3578
1685
-10
-814
-776
-412
-203
-702
-1546
-2235
-2771
-3153
-3594
-3832
-3481
-2401
-662
840
1550
1334
572
280
602
1255
2040
2777
3365
3652
3628
3063
1684
29
-1328
-1948
-1863
-1761
-1945
-2366
-2912
-3434
-3746
-4031
-4483
-4721
-4426
-3498
-2239
-1355
-1039
-1110
-1140
-671
36
743
1119
1097
1140
1280
1442
1273
540
-370
-1063
-1313
-1324
-1312
-1305
-1465
-1219
-157
1258
2550
2800
2256
1897
1964
2384
2788
3278
3776
4129
4764
5330
5351
4331
2328
656
-317
-574
-322
-257
-361
-1007
-1952
-2715
-3461
-4009
-4420
-4145
-2857
-1245
274
1089
1072
657
121
120
597
1462
2433
3206
4193
4712
4247
2892
923
-709
-1766
-2128
-1903
-1734
-1866
-2531
-3170
-3561
-4215
-4860
-5283
-5097
-4183
-2896
-1496
-696
-561
-784
-928
-347
485
1199
1772
2000
2133
2140
1903
1373
467
-457
-1147
-1314
-1149
-1324
-1793
-2370
-2687
-2309
-1192
485
1890
2360
2261
2074
2345
2744
2955
3488
4170
4916
5777
6402
6425
5188
2998
956
-355
-800
-836
-780
-916
-1692
-2784
-3906
-4803
-5280
-5406
-4821
-3532
-1767
-216
484
588
203
-306
-333
286
1668
3200
4408
5227
5426
4732
2990
1144
-156
-941
-1114
-892
-549
-681
-1565
-2651
-3700
-4608
-5353
-5588
-4927
-3810
-2489
-1303
-698
-736
-1181
-1252
-718
164
1120
1800
2307
2388
2067
1599
819
17
-819
-1404
-1385
-1210
-1242
-1795
-2594
-2943
-2840
-1794
61
2128
3559
3690
3395
3267
3267
3167
3095
3739
4651
5565
6420
6579
5735
3432
625
-1352
-2343
-2438
-2301
-2074
-2156
-3063
-4108
-5114
-5740
-5882
-5674
-4502
-2613
-538
1011
1517
1543
1085
781
1212
2317
4015
5253
5956
6280
5846
4688
2695
884
-316
-1248
-1528
-1610
-1823
-2540
-3786
-4738
-5360
-5721
-5804
-5430
-4359
-3253
-2143
-1151
-675
-390
-210
357
1358
2279
2956
3177
3228
3074
2485
1800
964
184
-469
-1150
-1592
-2097
-2975
-4094
-4914
-4847
-4277
-3017
-918
1192
2759
3149
2844
2589
2308
2282
2809
4103
5674
6859
7699
7649
6469
4233
1327
-1053
-2491
-2860
-2530
-2206
-2180
-3076
-4489
-5801
-6643
-6631
-6240
-5191
-3281
-1088
960
2057
2315
2058
1506
1845
3193
5031
6569
7105
7052
6371
5151
3591
1747
102
-1287
-2001
-2016
-2069
-2577
-3823
-5140
-5911
-6041
-5487
-4778
-3913
-2905
-1873
-707
143
618
753
816
1491
2511
3486
3957
3644
2932
1921
898
22
-960
-1877
-2838
-3541
-3841
-4273
-4922
-5723
-6279
-6085
-4996
-3004
-584
1639
3224
3768
3765
3629
3562
3842
4483
5747
7281
8493
9022
8381
6724
4046
876
-1657
-3239
-3594
-3258
-2964
-2955
-3838
-5235
-6583
-7484
-7428
-6620
-4915
-2531
-67
2157
3456
3822
3620
3270
3453
4255
5562
6742
7328
7193
6140
4554
2632
675
-879
-2056
-2704
-2985
-3164
-3508
-4214
-4808
-5156
-5185
-4762
-4029
-2981
-1867
-836
52
596
905
1107
1433
1961
2430
2621
2407
1863
1030
-29
-1227
-2437
-3386
-3994
-4294
-4504
-4771
-5124
-5608
-5964
-5967
-5539
-4562
-3063
-766
2041
4578
6288
6644
6207
5652
5586
6337
7313
8301
8921
9062
8852
7668
5443
2163
-1615
-4546
-6036
-5910
-5148
-4756
-5009
-6129
-7211
-7873
-8020
-7352
-6186
-4091
-1117
2088
4883
6231
6260
5550
4935
5203
6053
7177
7933
8033
7651
6549
4839
2483
-158
-2334
-3778
-4190
-4127
-4172
-4441
-5150
-5699
-5860
-5846
-5557
-5035
-4021
-2518
-907
413
1019
1011
739
748
1186
1681
1985
1843
1411
746
-219
-1347
-2674
-3777
-4386
-4468
-4086
-3857
-3985
-4432
-5021
-5240
-4992
-4082
-2541
-279
2735
5504
7509
8199
7707
6828
6090
6180
6815
7634
8382
8550
8246
6852
4196
796
-3017
-5926
-7339
-7212
-6057
-5290
-5126
-5727
-6660
-7208
-7338
-6489
-4872
-2417
903
4158
6859
8118
7812
6806
5748
5563
6057
6822
7550
7606
7029
5520
3155
337
-2637
-4822
-5936
-5934
-5255
-4826
-4667
-4977
-5493
-5795
-5907
-5487
-4682
-3359
-1484
289
1621
2026
1634
1068
644
752
1141
1467
1428
783
-80
-1216
-2554
-3858
-4998
-5471
-5354
-4844
-4253
-4026
-4079
-4386
-4554
-4166
-3292
-1649
544
3334
6483
8742
9865
9686
8673
7624
6910
7075
7622
8044
8042
7290
6135
4035
1003
-2328
-5565
-7593
-8311
-7768
-6559
-5873
-5692
-6257
-6809
-6721
-6246
-4799
-2669
191
3556
6416
8585
9303
8704
7582
6438
6289
6566
6920
7171
6590
5457
3400
760
-1862
-4472
-6200
-6876
-6520
-5674
-5236
-5118
-5532
-6080
-6371
-6410
-5665
-4487
-2937
-1093
449
1577
1724
1161
525
48
200
557
847
953
456
-366
-1400
-2429
-3246
-3909
-4062
-3661
-2999
-2337
-2124
-2198
-2395
-2525
-2181
-1376
-10
1819
3684
5806
7653
8726
8935
8123
7066
6037
5461
5396
5183
4905
4154
3022
1736
-139
-2127
-4261
-6157
-7031
-7109
-6270
-5319
-4719
-4291
-4334
-4061
-3436
-2376
-666
1250
3704
6108
7940
8984
8659
7588
6100
4926
4549
4369
4425
4030
2986
1502
-726
-2960
-5119
-6823
-7493
-7399
-6461
-5460
-4893
-4764
-5138
-5352
-5187
-4521
-3267
-1749
-37
1498
2539
2901
2417
1473
529
72
150
436
629
381
-270
-1204
-2114
-2912
-3566
-3849
-3710
-3091
-2291
-1596
-1200
-1200
-1386
-1441
-1032
-61
1189
2618
4031
5577
6982
7694
7823
7116
6039
4850
3870
3586
3360
3112
2705
2028
1406
242
-1298
-2989
-4772
-5935
-6465
-6061
-4997
-4001
-3137
-2780
-2322
-1706
-1047
93
1471
3286
5111
6561
7618
7633
6824
5501
4087
3273
2648
2266
1928
1210
232
-1233
-2823
-4349
-5754
-6567
-6764
-6223
-5378
-4781
-4346
-4139
-3907
-3448
-2833
-1908
-907
36
945
1684
2059
1818
1186
551
265
316
440
507
245
-340
-1081
-1623
-1923
-2213
-2450
-2580
-2272
-1697
-1275
-1105
-1307
-1586
-1800
-1530
-652
320
1275
2065
2935
4366
5582
6375
6425
5755
4965
4151
3899
3856
3667
3397
2858
2566
2164
1057
-608
-2817
-4709
-5853
-6035
-5167
-4205
-3356
-2931
-2749
-2263
-1967
-1414
-632
517
2364
4241
5974
6856
6503
5470
4042
3072
2570
2331
2387
2257
2055
1417
165
-1415
-3394
-5039
-5886
-5785
-4917
-4145
-3662
-3591
-3666
-3634
-3622
-3433
-3202
-2765
-1851
-651
593
1195
1064
599
163
230
569
911
1035
759
456
256
173
-74
-725
-1437
-1989
-2011
-1748
-1542
-1495
-1737
-1894
-1865
-1475
-798
-441
38
772
1917
3760
5300
6441
6684
6132
5419
4597
4210
3723
3205
3030
2918
3101
2714
1433
-435
-2921
-4946
-6243
-6490
-5705
-4885
-3864
-3099
-2528
-2037
-2020
-1597
-871
512
2630
4679
6670
7576
7363
6555
5222
4294
3474
2994
2984
2760
2444
1346
-393
-2408
-4699
-6358
-7338
-7288
-6577
-5947
-5240
-4899
-4694
-4604
-4649
-4268
-3624
-2445
-851
730
2119
2639
2596
2312
2018
2133
2254
2397
2412
2085
1617
873
90
-884
-2045
-2939
-3475
-3419
-3140
-2904
-2774
-2954
-3102
-3097
-2760
-1980
-1165
-197
917
2185
3896
5589
6939
7536
7342
6772
5965
5425
4920
4369
3973
3415
2908
2221
1067
-486
-2633
-4804
-6414
-7044
-6534
-5517
-4273
-3308
-2817
-2483
-2205
-1483
-429
920
2698
4621
6535
7835
8146
7564
6249
4820
3602
2777
2401
1915
1121
-115
-1666
-3299
-5105
-6692
-7718
-7959
-7484
-6692
-5766
-5026
-4543
-4201
-3826
-3187
-2353
-1361
-198
1097
2453
3485
3978
3944
3566
3139
2742
2389
2003
1411
612
-243
-1020
-1662
-2300
-3042
-3752
-4175
-4145
-3755
-3434
-3231
-3025
-2694
-2036
-1138
-23
1024
1881
2653
3610
5282
7066
8212
8444
7875
7000
5874
4669
3554
2588
1813
1057
597
392
-204
-1487
-3493
-5465
-6659
-6998
-6409
-5248
-3800
-2526
-1767
-1091
-387
394
1155
1913
3144
4677
6093
7013
7110
6490
5233
3698
2329
1240
449
-378
-1198
-1955
-2720
-3510
-4510
-5550
-6338
-6689
-6472
-5893
-5076
-4172
-3370
-2604
-1907
-1220
-552
20
642
1411
2378
3307
3827
3837
3418
2822
2106
1302
515
-226
-900
-1486
-1926
-2166
-2457
-3063
-3843
-4417
-4427
-3996
-3375
-2718
-1977
-1092
-323
425
1125
1601
1934
2257
3060
4678
6578
7963
8244
7534
6208
4552
2979
1605
765
434
355
622
888
677
-490
-2595
-4750
-6149
-6303
-5387
-3850
-2034
-587
212
473
410
429
476
783
1742
3309
5090
6242
6417
5645
4144
2390
698
-424
-871
-964
-871
-874
-1038
-1613
-2738
-4066
-5225
-5744
-5596
-4948
-3884
-2791
-1916
-1415
-1320
-1387
-1532
-1522
-1132
-270
954
2013
2595
2555
1968
1215
396
-343
-843
-1116
-1055
-823
-637
-649
-1093
-1901
-2794
-3298
-3105
-2450
-1609
-884
-278
328
749
969
934
774
803
1175
2082
3659
5436
6668
6821
6031
4770
3320
2047
1032
545
676
1073
1657
2124
2022
1048
-803
-2862
-4306
-4718
-4160
-3056
-1700
-583
-93
-125
-489
-767
-881
-798
-162
1060
2605
3885
4431
4194
3207
1822
464
-429
-553
-240
188
505
542
253
-543
-1745
-3000
-3946
-4385
-4375
-3849
-3016
-2333
-1976
-2082
-2458
-2781
-2976
-2827
-2203
-1188
-70
841
1329
1332
1061
607
142
-30
125
531
1036
1374
1393
1072
337
-623
-1349
-1592
-1359
-910
-520
-182
97
152
-123
-526
-832
-930
-714
-270
694
2304
3890
4892
4983
4428
3573
2629
1800
1288
1384
1895
2444
3011
3408
3306
2474
792
-1045
-2429
-3111
-3080
-2567
-1706
-1049
-855
-1048
-1484
-1790
-2057
-2162
-1777
-792
646
1976
2809
2936
2345
1334
255
-356
-289
155
825
1478
1846
1789
1079
-214
-1751
-3112
-3957
-4155
-3708
-3012
-2398
-2102
-2287
-2737
-3264
-3650
-3627
-3093
-2108
-884
309
1168
1559
1513
1192
914
877
1122
1566
2046
2335
2290
1978
1395
613
-141
-721
-978
-913
-673
-432
-315
-467
-859
-1303
-1625
-1675
-1397
-889
-257
770
2085
3312
4089
4118
3598
2836
2259
2025
2135
2540
2992
3414
3659
3570
3104
2072
444
-1320
-2685
-3197
-2934
-2324
-1806
-1696
-1905
-2384
-2846
-3111
-3189
-2954
-2470
-1616
-403
800
1567
1589
1090
516
202
314
750
1440
2120
2464
2412
1974
1269
350
-734
-1665
-2184
-2199
-1958
-1818
-1775
-1938
-2257
-2652
-3040
-3111
-2867
-2377
-1678
-851
-10
561
825
878
906
1075
1261
1448
1655
1815
1896
1872
1771
1597
1238
701
121
-244
-292
-178
-87
-228
-593
-1054
-1420
-1499
-1345
-1147
-1031
-972
-689
15
917
1661
1954
1805
1463
1262
1367
1596
1812
1922
1972
2089
2270
2380
2185
1453
266
-904
-1602
-1637
-1299
-982
-952
-1202
-1505
-1765
-1849
-1842
-1838
-1792
-1624
-1141
-407
273
634
595
359
203
308
734
1282
1745
1969
1966
1881
1748
1564
1214
674
91
-406
-686
-797
-877
-967
-1118
-1264
-1380
-1513
-1648
-1772
-1832
-1791
-1600
-1213
-726
-307
-83
-20
-4
0
34
146
320
498
675
850
986
969
703
312
1
-108
-86
-102
-249
-462
-640
-765
-829
-830
-876
-1093
-1430
-1645
-1442
-891
-246
345
741
913
864
793
784
753
701
663
863
1426
2159
2756
2918
2521
1716
765
59
-172
29
363
503
487
323
39
-351
-878
-1454
-1948
-2104
-1780
-1037
-169
449
662
526
275
190
343
604
912
1243
1626
2067
2403
2473
2169
1543
750
57
-332
-436
-333
-253
-337
-587
-976
-1515
-2205
-2841
-3239
-3265
-2952
-2468
-1932
-1525
-1343
-1352
-1363
-1271
-1098
-850
-525
-44
546
1049
1313
1324
1130
854
652
581
630
657
560
332
53
-260
-568
-837
-1155
-1508
-1837
-2009
-1938
-1590
-1152
-631
-58
389
543
485
501
565
670
822
1169
1843
2646
3315
3693
3801
3646
3161
2435
1760
1425
1368
1239
945
640
320
-34
-509
-964
-1253
-1411
-1477
-1455
-1210
-802
-452
-289
-313
-300
-144
98
396
716
1109
1472
1674
1700
1610
1400
952
271
-429
-895
-1067
-1060
-1039
-1077
-1209
-1513
-2069
-2758
-3300
-3550
-3559
-3416
-3026
-2381
-1683
-1157
-935
-939
-1060
-1135
-1041
-664
-1
751
1382
1728
1857
1858
1740
1475
1011
541
248
161
290
420
399
109
-464
-1090
-1641
-2010
-2165
-2120
-1845
-1455
-752
183
919
1117
924
825
978
1340
1816
2386
3057
3689
4140
4421
4522
4371
3731
2686
1713
1203
1121
1060
851
595
266
-124
-592
-1085
-1572
-2102
-2567
-2790
-2561
-1916
-1177
-667
-491
-509
-496
-412
-252
39
446
928
1278
1449
1494
1399
1078
476
-168
-573
-636
-546
-615
-932
-1459
-2105
-2878
-3598
-3988
-4022
-3825
-3578
-3209
-2671
-2145
-1796
-1607
-1442
-1145
-681
-21
799
1629
2362
2793
2894
2779
2553
2263
1870
1383
879
484
255
17
-296
-675
-1113
-1564
-2053
-2538
-2913
-3026
-2682
-2109
-1251
-94
1057
1817
1923
1926
2068
2315
2623
2984
3684
4619
5403
5873
5929
5586
4804
3471
2063
1013
488
249
-175
-581
-1024
-1604
-2333
-3181
-3815
-4264
-4491
-4433
-4007
-3088
-1942
-970
-396
-131
110
423
768
1237
1873
2595
3138
3275
3148
2818
2298
1445
360
-563
-1210
-1562
-1928
-2400
-2919
-3541
-4273
-5022
-5438
-5339
-4886
-4357
-3754
-2965
-2046
-1187
-533
81
742
1431
2051
2558
3024
3400
3590
3531
3208
2786
2344
1748
1090
414
-252
-914
-1596
-2135
-2463
-2506
-2436
-2500
-2634
-2709
-2588
-2046
-1238
-105
1232
2401
3203
3523
3839
4151
4256
4185
4075
4331
4842
5247
5327
4925
4036
2657
914
-650
-1685
-2174
-2429
-2813
-3081
-3257
-3449
-3687
-3986
-4026
-3834
-3427
-2733
-1755
-465
772
1685
2217
2445
2604
2741
2841
3012
3198
3323
3171
2591
1809
881
-150
-1294
-2423
-3224
-3701
-3919
-4081
-4216
-4293
-4470
-4725
-4946
-4826
-4215
-3314
-2301
-1265
-171
823
1516
1962
2233
2380
2405
2353
2343
2446
2525
2434
2095
1542
865
111
-596
-1211
-1668
-2020
-2307
-2439
-2352
-2028
-1648
-1348
-1141
-978
-766
-382
366
1426
2679
3743
4317
4356
4068
3852
3590
3238
2897
2664
2684
2742
2731
2587
2032
1028
-360
-1678
-2397
-2565
-2359
-2196
-2176
-2085
-2013
-1847
-1590
-1229
-815
-526
-183
388
1164
1914
2297
2243
1957
1625
1402
1235
1056
879
602
298
-59
-482
-961
-1658
-2485
-3273
-3767
-3793
-3509
-3063
-2622
-2260
-1979
-1908
-1962
-1978
-1820
-1427
-922
-329
355
974
1378
1451
1265
960
599
279
32
-79
-18
68
143
145
3
-271
-623
-881
-992
-930
-746
-534
-261
93
506
884
1115
1118
967
823
860
1292
1923
2646
3191
3327
3036
2433
1953
1546
1104
697
445
595
1001
1366
1520
1170
376
-684
-1673
-2049
-1840
-1215
-656
-408
-227
-199
-197
-273
-402
-436
-410
-96
465
1082
1576
1589
1185
573
-37
-363
-484
-397
-239
-233
-303
-540
-829
-1256
-1847
-2375
-2754
-2735
-2389
-1842
-1240
-853
-697
-783
-978
-1139
-1221
-1062
-772
-404
17
366
627
700
607
394
37
-281
-513
-554
-423
-293
-155
-39
59
58
-128
-272
-247
-78
51
97
185
380
619
808
919
1006
1049
860
548
283
497
1092
1805
2372
2549
2350
1738
1211
769
375
108
-56
157
589
1064
1364
1154
461
-545
-1474
-1838
-1652
-1044
-403
-53
186
161
105
63
28
104
101
368
926
1595
2091
2008
1510
779
86
-329
-504
-476
-412
-466
-558
-741
-1010
-1419
-2026
-2558
-2890
-2756
-2228
-1516
-754
-241
28
13
-222
-509
-725
-609
-266
184
602
790
763
454
-2
-464
-854
-1098
-1263
-1280
-1172
-1041
-924
-870
-817
-715
-572
-309
133
642
968
1009
946
903
935
1035
1141
1215
1262
1165
893
395
-168
-396
-275
241
860
1232
1255
824
415
56
-260
-338
-294
-6
517
1093
1622
1765
1391
638
-292
-767
-770
-323
337
660
856
747
555
495
352
332
208
206
469
821
1262
1351
968
346
-387
-831
-921
-785
-519
-442
-432
-546
-724
-891
-1211
-1469
-1534
-1306
-757
-221
261
516
466
173
-326
-678
-859
-831
-638
-527
-471
-599
-886
-1263
-1701
-1941
-2085
-2026
-1782
-1471
-1052
-785
-527
-285
-93
189
558
1129
1605
1841
1836
1597
1315
978
666
414
184
-33
-260
-525
-822
-1294
-1862
-2459
-2577
-1885
-859
394
1213
1598
1383
1039
1077
1075
1324
1623
2072
2884
3610
4212
4306
3539
2239
546
-594
-895
-677
-16
225
330
266
-194
-518
-1042
-1344
-1566
-1587
-823
296
1504
2141
1896
1369
644
185
239
500
1033
1301
1283
1076
534
-37
-955
-1833
-2305
-2373
-1881
-1440
-1088
-988
-1376
-1996
-2736
-3148
-3159
-2888
-2251
-1627
-1038
-638
-635
-816
-1163
-1376
-1414
-1277
-734
-31
711
1153
1200
1083
815
668
685
856
1075
1090
915
606
250
-148
-614
-1007
-1316
-1587
-1697
-1748
-1679
-1550
-1640
-1809
-1994
-1609
-530
744
2286
3386
3955
3773
3381
3478
3496
3503
3393
3436
3865
4136
4128
3679
2475
854
-1053
-2363
-2583
-2223
-1508
-1258
-1213
-1197
-1607
-1815
-1970
-1687
-1096
-378
979
2395
3505
3852
3213
2351
1445
850
760
737
909
783
338
-218
-1071
-1856
-2859
-3856
-4348
-4351
-3675
-2926
-2370
-2034
-2144
-2262
-2410
-2418
-2137
-1716
-980
-340
131
531
577
363
-77
-416
-413
-262
202
741
1174
1326
1013
635
295
129
94
14
28
142
195
100
-136
-350
-597
-938
-1082
-1069
-988
-1045
-1238
-1371
-1407
-1336
-1229
-958
-329
840
2048
3455
4511
4933
4613
3838
3678
3673
3717
3681
3485
3505
3217
2510
1767
529
-875
-2542
-3753
-3587
-2907
-1875
-1373
-1385
-1342
-1777
-1783
-1410
-646
425
1161
2139
3179
3867
4045
3248
2157
1237
495
388
365
437
176
-813
-1814
-2907
-3656
-4233
-4822
-4856
-4668
-4016
-3215
-2621
-2054
-1970
-1919
-1814
-1546
-870
-202
554
1099
1369
1563
1506
1423
1249
1043
981
908
1051
1115
1008
632
-122
-806
-1278
-1356
-1263
-1206
-1118
-1010
-998
-1069
-1196
-1277
-1215
-1185
-937
-618
-350
-174
-138
54
267
539
740
957
1175
1990
2917
4077
5102
5281
4793
3570
2949
2593
2153
1888
1432
1241
1100
691
521
-113
-1189
-2442
-3575
-3311
-2441
-1208
-98
81
264
-123
-297
126
681
1480
1851
2393
3195
3453
3221
2255
994
-17
-1032
-1361
-1323
-1283
-1419
-2233
-3018
-3835
-4534
-4837
-5004
-4563
-3998
-3298
-2385
-1564
-639
-215
1
292
516
870
1090
1473
1889
1884
1712
1236
891
574
119
-153
-556
-805
-1119
-1478
-1614
-1831
-1849
-1833
-1688
-1268
-1030
-781
-514
-187
253
432
625
916
1224
1606
1601
1398
1016
515
335
283
504
810
661
498
122
298
1095
1758
2905
3312
3330
2795
2192
2408
2172
1978
1751
1523
1922
1982
1879
1591
472
-626
-1882
-2312
-1656
-1208
-520
-655
-959
-1140
-1769
-1634
-1347
-742
-38
426
1349
1942
1981
1646
757
142
-410
-782
-623
-591
-513
-971
-1844
-2578
-3442
-3841
-4039
-3864
-3195
-2656
-2065
-1568
-1134
-713
-716
-685
-496
-196
378
875
1497
1804
1614
1220
563
142
-108
-135
32
79
158
65
-215
-493
-768
-781
-628
-447
-137
151
498
774
879
950
936
922
768
632
678
719
593
381
151
36
-84
-181
-177
-236
-337
-484
-385
269
1486
2462
3444
3753
3677
3155
2423
2395
2148
1993
1779
1490
1625
1317
782
93
-1149
-2239
-3347
-3646
-2848
-2076
-1192
-988
-1060
-1049
-1532
-1455
-1099
-391
489
1058
1921
2553
2488
2009
868
-72
-877
-1534
-1534
-1500
-1308
-1636
-2487
-3214
-4135
-4641
-4896
-4673
-3667
-2730
-1610
-786
60
822
1140
1524
1831
2209
2557
2834
3240
3335
2980
2347
1479
828
167
-269
-457
-717
-830
-1219
-1424
-1494
-1568
-1486
-1559
-1279
-809
-259
392
857
1209
1349
1391
1736
2077
2220
2172
1871
1645
1116
615
177
-356
-741
-1228
-1405
-1284
-1300
-1293
-1464
-1264
-228
683
2039
2857
3326
3321
2484
2359
2184
2085
2019
1604
1673
1513
999
537
-659
-1789
-3032
-3987
-3692
-3299
-2431
-1987
-2116
-2082
-2654
-2674
-2357
-1615
-341
577
1735
2593
2800
2582
1607
730
-11
-581
-535
-482
-320
-617
-1484
-2226
-3017
-3298
-3259
-2986
-2160
-1338
-344
569
1283
1907
1950
1815
1796
1896
2344
2631
2869
2822
2197
1538
650
14
-494
-1013
-1189
-1438
-1460
-1504
-1616
-1628
-1765
-1747
-1491
-918
-86
655
1229
1776
2156
2361
2352
2246
2230
1891
1413
927
535
220
-414
-962
-1437
-1800
-2114
-2532
-2652
-2497
-2361
-2116
-1720
-699
901
1794
2600
2832
2987
2714
1850
1957
2034
2119
2025
1595
1703
1171
20
-1066
-2394
-2986
-3637
-3772
-2880
-2406
-1993
-2464
-2909
-2784
-2821
-2065
-938
618
2024
2652
3173
3372
2981
2333
1425
1093
1121
1095
1335
1262
996
70
-1346
-2244
-2813
-2677
-2262
-1607
-602
-55
276
198
149
156
-136
-125
258
1031
1806
2141
2258
1817
943
61
-645
-687
-649
-470
-186
-34
162
-58
-305
-591
-898
-889
-619
169
1077
1590
1714
1411
959
466
30
-67
-81
-140
-271
-516
-654
-950
-1448
-2043
-2599
-2777
-2579
-2105
-1558
-1197
-994
-1002
-876
-409
786
2228
3153
3774
3728
3552
2791
1832
1394
879
685
447
285
505
-109
-1114
-2393
-3763
-4265
-4598
-3856
-2517
-1527
-631
-676
-536
-302
-158
689
1695
3086
4296
4881
5309
4941
3920
2633
1167
399
-122
-268
-176
-458
-929
-2022
-3105
-3841
-4309
-4143
-3705
-2821
-1735
-837
-47
314
560
694
783
1309
2047
2858
3396
3447
3217
2533
1685
940
326
-58
-396
-559
-604
-781
-1106
-1631
-2087
-2385
-2463
-2135
-1518
-720
-88
219
377
350
266
188
255
601
889
1092
1115
812
368
-278
-845
-1179
-1456
-1513
-1503
-1390
-1348
-1651
-1853
-2048
-2103
-1886
-1239
308
1706
2490
2679
2316
1909
1051
669
975
1305
1678
1532
1463
1427
781
-19
-1032
-1690
-1903
-1959
-1174
-258
294
263
-359
-568
-665
-468
253
1129
2152
2624
2737
2700
2198
1522
591
-194
-453
-480
-173
84
118
-153
-961
-1701
-2136
-2208
-1872
-1495
-863
-237
177
498
620
775
764
738
967
1216
1504
1623
1594
1367
819
288
-114
-341
-421
-472
-429
-461
-708
-1041
-1379
-1578
-1628
-1628
-1417
-1061
-680
-366
-233
-29
41
-29
-39
53
288
434
440
408
54
-493
-1102
-1509
-1599
-1713
-1823
-1931
-2039
-2132
-2287
-2283
-1930
-1540
-1093
-591
588
2186
3203
3522
3276
3057
2632
2109
2141
2389
2435
2007
1462
1280
925
183
-691
-1504
-2062
-2495
-2403
-1658
-948
-690
-949
-1201
-1123
-907
-209
917
2118
2972
3261
3501
3449
3064
2484
1800
1422
1102
1092
1260
1220
832
-219
-1421
-2448
-3126
-3142
-2850
-2322
-1781
-1503
-1271
-1269
-1130
-826
-529
-27
517
1219
1927
2325
2438
2070
1410
787
312
286
420
540
454
-119
-830
-1712
-2468
-2902
-3089
-2840
-2423
-1861
-1234
-863
-717
-863
-1071
-1086
-922
-436
147
704
1026
904
469
-140
-666
-1041
-1228
-1224
-1099
-955
-902
-844
-928
-967
-1106
-1143
-896
-277
1382
3051
4208
4349
3648
2940
2054
1606
1645
1588
1629
1322
1145
1096
478
-88
-1113
-2108
-2730
-2923
-1887
-777
87
349
-30
-265
-535
-180
900
2140
3385
4102
4497
4518
3822
2975
1774
611
-295
-772
-541
-379
-494
-1164
-2313
-3425
-4264
-4385
-3939
-3204
-2328
-1517
-866
-397
-123
188
501
792
1268
1834
2473
2913
2998
2751
2008
959
-70
-836
-1215
-1437
-1594
-1873
-2439
-3097
-3636
-3838
-3755
-3444
-2858
-2110
-1271
-437
289
783
868
740
712
914
1361
1849
2206
2218
1780
980
89
-713
-1254
-1532
-1627
-1669
-1707
-1632
-1424
-1287
-1288
-1265
-1176
-819
-231
1218
3040
4303
4628
4069
3569
3044
2498
2326
2046
1886
1575
1182
1083
627
190
-538
-1627
-2327
-2626
-1854
-747
8
486
262
-34
-399
-424
326
1225
2169
2759
3024
3133
2670
1995
998
-77
-941
-1417
-1219
-885
-665
-842
-1560
-2439
-3242
-3468
-3166
-2650
-1929
-1313
-759
-481
-288
72
315
576
704
959
1328
1551
1719
1472
854
-12
-954
-1508
-1733
-1599
-1325
-1359
-1597
-2028
-2247
-2172
-2000
-1586
-1205
-676
-118
376
837
984
916
756
625
691
910
1155
1365
1229
773
122
-560
-984
-1220
-1179
-1005
-845
-697
-576
-344
-174
-124
-93
-56
172
530
1022
2237
3343
3967
3611
2588
2052
1387
985
1030
1063
1351
1044
635
703
492
460
-202
-1090
-1425
-1668
-879
-248
123
268
-481
-881
-1355
-1222
-458
122
890
1153
1242
1313
934
729
231
-280
-569
-699
-303
8
241
234
-404
-1177
-1950
-2172
-1980
-1854
-1506
-1293
-1104
-1005
-907
-490
-236
-122
37
218
639
892
1035
1057
634
37
-601
-807
-603
-328
-189
-335
-622
-903
-1020
-987
-775
-511
-269
-25
145
357
439
365
309
296
417
538
677
853
879
679
255
-200
-519
-631
-541
-326
-157
-167
-301
-328
-262
-182
-200
-237
-252
-200
-129
561
1628
2360
2335
1491
1062
812
469
600
671
925
862
393
695
831
903
520
-537
-988
-1403
-1114
-525
-406
-198
-787
-1243
-1502
-1588
-884
-326
418
955
1159
1504
1322
1218
980
506
270
37
362
737
928
1085
613
-67
-932
-1471
-1453
-1521
-1299
-1049
-852
-754
-902
-719
-545
-522
-477
-364
7
301
543
727
672
349
-183
-386
-216
190
627
765
745
481
138
-116
-342
-383
-388
-356
-279
-246
-233
-381
-686
-959
-1150
-1185
-1068
-815
-445
-206
-176
-305
-553
-692
-629
-405
-88
165
316
423
497
487
402
171
-24
-149
-181
-129
388
1158
1723
1623
954
647
355
33
48
54
300
166
-75
440
821
1119
765
-11
-303
-666
-422
2
245
539
170
-35
-252
-399
44
369
827
984
903
1124
1014
1166
1154
844
530
-17
20
266
591
915
638
307
-199
-448
-340
-457
-410
-525
-613
-607
-733
-564
-519
-640
-759
-1032
-1042
-1012
-913
-559
-480
-540
-711
-726
-380
-83
168
243
123
-44
-168
-139
-54
-111
-246
-424
-603
-717
-849
-990
-1148
-1297
-1325
-1242
-1100
-852
-580
-412
-380
-463
-481
-361
-135
210
485
570
533
547
633
670
551
362
216
32
-37
323
986
1478
1342
858
597
325
114
103
229
430
230
120
524
1000
1346
1109
677
379
134
323
622
922
1049
736
472
192
86
323
622
980
1043
985
1034
1015
1147
1096
814
453
96
178
357
592
780
610
233
-359
-755
-913
-1079
-1167
-1248
-1284
-1393
-1532
-1481
-1305
-1146
-1149
-1171
-1138
-1058
-896
-675
-430
-392
-539
-608
-492
-201
87
225
232
50
-195
-396
-555
-619
-668
-679
-694
-726
-753
-851
-960
-1041
-1092
-1099
-1035
-797
-376
25
218
161
-20
-149
-130
36
329
577
693
770
833
892
837
626
419
218
71
204
650
1231
1491
1224
789
365
62
95
241
373
327
152
339
694
1052
1160
874
603
429
555
928
1253
1460
1333
1011
646
298
294
548
843
879
595
312
117
144
264
248
24
-322
-421
-276
-34
144
104
-67
-366
-524
-425
-278
-178
-289
-476
-706
-952
-995
-837
-578
-505
-638
-827
-1001
-1066
-1092
-1097
-1201
-1439
-1551
-1376
-932
-573
-491
-632
-904
-1071
-1102
-904
-576
-327
-106
20
133
146
-18
-202
-374
-423
-367
-182
104
299
348
188
-144
-489
-730
-710
-487
-188
144
383
536
591
573
503
399
407
601
861
1073
1237
1421
1567
1455
1075
659
400
336
421
598
632
425
159
120
336
552
591
528
489
537
679
884
1093
1147
1053
895
747
675
764
993
1165
1114
841
556
445
489
606
542
240
-131
-353
-325
-285
-342
-500
-750
-920
-988
-859
-698
-753
-903
-1139
-1314
-1440
-1435
-1265
-1109
-1014
-1038
-1112
-1148
-1175
-1117
-1070
-1137
-1220
-1254
-1085
-835
-691
-662
-764
-933
-1076
-1075
-862
-584
-344
-178
-75
-34
-137
-293
-379
-386
-261
-105
86
282
417
553
540
415
251
163
256
475
761
1008
1150
1164
1135
1069
939
746
559
455
412
442
595
810
937
816
520
268
144
209
435
654
722
652
677
890
1158
1267
1173
999
884
886
1001
1198
1337
1273
1075
814
564
443
458
612
622
400
81
-148
-168
-116
-158
-372
-707
-950
-1003
-882
-757
-750
-838
-979
-1020
-936
-814
-720
-749
-845
-973
-1078
-1055
-938
-719
-591
-626
-775
-976
-1073
-1111
-1113
-1168
-1318
-1464
-1492
-1363
-1160
-1026
-985
-1017
-1057
-1053
-919
-640
-304
2
217
353
412
399
389
395
416
454
551
744
952
1109
1110
947
677
392
217
225
359
534
674
716
688
606
492
351
181
104
117
247
441
668
891
1018
1002
848
673
606
649
756
880
890
812
756
749
779
743
664
590
492
451
467
536
563
537
456
348
190
41
-7
25
53
-37
-191
-274
-227
-123
-54
-113
-300
-519
-626
-596
-531
-476
-453
-449
-447
-457
-469
-576
-733
-877
-1031
-1138
-1196
-1113
-917
-835
-894
-1130
-1432
-1656
-1719
-1607
-1472
-1345
-1291
-1164
-919
-676
-485
-449
-472
-495
-426
-145
246
644
887
973
933
787
657
564
530
508
488
502
526
549
518
399
215
-15
-149
-123
94
408
646
804
828
773
711
641
633
634
658
725
761
786
778
777
784
748
665
504
367
325
338
404
409
337
241
156
213
323
430
495
469
453
428
445
489
545
633
622
527
366
219
133
41
-57
-206
-341
-396
-388
-321
-336
-451
-654
-841
-903
-925
-883
-853
-818
-744
-731
-710
-750
-802
-830
-928
-993
-1066
-1046
-900
-735
-615
-664
-815
-962
-1010
-896
-761
-655
-596
-567
-416
-256
-98
-65
-200
-308
-362
-214
90
420
660
703
606
412
217
106
69
122
211
317
429
533
648
700
670
551
425
392
495
703
864
905
787
594
436
364
345
303
253
184
122
68
35
57
86
111
105
49
-18
-4
93
239
323
321
280
306
470
649
765
730
626
564
577
629
638
597
541
440
326
184
14
-143
-265
-294
-278
-274
-248
-198
-143
-129
-210
-328
-438
-470
-418
-327
-261
-246
-250
-252
-275
-346
-453
-548
-603
-637
-648
-652
-663
-671
-678
-725
-823
-952
-1018
-967
-830
-661
-557
-512
-478
-437
-350
-305
-290
-268
-232
-75
101
261
355
362
330
244
160
98
76
160
311
448
501
461
417
375
332
237
118
53
88
241
351
331
168
-36
-121
-108
-44
-15
-2
50
113
174
176
120
72
125
297
498
582
530
447
434
451
462
424
380
390
459
572
637
632
592
552
516
486
479
515
590
668
656
526
330
175
154
231
289
271
199
148
118
75
-25
-210
-415
-543
-556
-503
-463
-451
-474
-529
-617
-716
-790
-803
-762
-693
-657
-676
-711
-716
-686
-671
-734
-841
-899
-839
-689
-551
-466
-487
-580
-629
-619
-555
-489
-429
-323
-224
-144
-99
-85
-54
-40
-27
-14
5
66
142
245
292
273
232
220
251
275
250
203
161
162
189
199
171
129
153
231
324
354
315
278
261
294
338
347
342
338
416
526
598
631
624
623
615
644
712
781
863
897
892
862
819
810
818
869
887
830
753
676
655
637
568
427
232
88
-33
-93
-103
-93
-88
-150
-226
-327
-427
-484
-506
-513
-537
-578
-608
-627
-612
-610
-663
-750
-848
-896
-894
-863
-822
-831
-882
-954
-1024
-1071
-1108
-1107
-1083
-1021
-931
-867
-819
-812
-819
-847
-879
-834
-733
-563
-373
-197
-86
-50
-60
-79
-66
-29
46
144
234
313
370
413
439
430
395
371
389
461
558
656
724
722
670
625
616
645
712
767
801
797
769
754
738
728
688
636
604
584
625
669
695
681
635
612
616
651
690
698
686
637
589
562
548
565
577
569
513
415
322
225
134
24
-111
-244
-343
-365
-343
-327
-358
-448
-556
-638
-673
-668
-660
-669
-699
-724
-748
-766
-768
-781
-799
-829
-844
-808
-749
-678
-658
-703
-815
-955
-1020
-1014
-955
-898
-901
-935
-948
-899
-831
-800
-811
-838
-822
-734
-557
-326
-113
33
86
79
80
119
233
370
518
629
670
697
724
759
781
769
746
720
727
781
826
852
827
779
710
654
644
666
709
749
761
727
673
627
614
625
632
640
629
597
553
508
492
443
393
319
249
222
201
198
173
111
25
-71
-118
-113
-66
9
47
42
-14
-82
-125
-149
-140
-132
-115
-99
-74
-45
-68
-144
-252
-374
-439
-465
-461
-444
-475
-536
-630
-706
-775
-830
-846
-854
-838
-812
-775
-738
-728
-740
-792
-829
-828
-801
-731
-665
-610
-560
-533
-504
-472
-441
-394
-366
-329
-282
-209
-108
-6
85
139
173
191
217
264
320
364
402
430
457
485
522
558
598
621
624
622
633
655
700
751
772
752
713
692
684
674
666
643
601
566
521
494
465
432
399
346
282
216
180
166
153
134
99
72
52
41
49
54
39
10
-7
15
50
84
100
104
90
54
9
-51
-104
-140
-169
-180
-190
-197
-199
-224
-264
-328
-390
-430
-448
-443
-438
-431
-449
-475
-489
-503
-519
-530
-524
-523
-517
-497
-473
-457
-485
-543
-598
-649
-665
-643
-590
-524
-483
-449
-423
-414
-408
-389
-350
-308
-254
-174
-73
39
129
191
200
182
174
198
260
340
400
426
426
427
432
434
440
447
454
472
504
548
594
634
644
623
593
576
578
590
597
594
582
555
525
494
458
419
378
332
290
250
228
211
189
178
168
151
105
47
-8
-54
-89
-117
-128
-125
-120
-112
-107
-111
-142
-190
-218
-237
-246
-235
-189
-133
-106
-93
-112
-151
-197
-244
-259
-266
-263
-251
-232
-226
-256
-306
-368
-428
-471
-497
-491
-478
-477
-470
-473
-496
-544
-590
-606
-601
-571
-526
-471
-412
-364
-328
-327
-337
-331
-311
-255
-206
-157
-108
-61
-8
29
55
64
65
87
131
193
256
294
321
336
351
359
374
388
400
423
457
494
519
542
561
566
551
518
501
495
499
508
502
484
448
420
414
403
384
352
319
302
297
311
313
299
270
233
190
147
112
84
53
4
-36
-62
-76
-71
-66
-60
-61
-91
-116
-130
-134
-132
-132
-130
-138
-151
-157
-167
-187
-211
-239
-264
-285
-299
-306
-315
-332
-358
-392
-426
-454
-483
-501
-503
-496
-490
-490
-497
-511
-528
-540
-541
-534
-517
-489
-452
-412
-375
-340
-308
-268
-237
-212
-183
-148
-100
-45
19
69
107
133
145
159
184
217
240
250
265
284
305
327
342
349
346
345
357
379
407
431
453
473
474
468
465
467
478
493
493
489
486
479
475
466
446
419
392
375
354
331
305
272
244
212
185
158
123
92
65
34
7
-20
-38
-49
-58
-68
-85
-105
-125
-143
-164
-186
-209
-233
-240
-246
-258
-280
-312
-345
-370
-384
-393
-408
-417
-415
-412
-410
-414
-421
-436
-454
-465
-470
-462
-446
-430
-421
-434
-456
-471
-475
-465
-444
-422
-401
-387
-364
-335
-300
-268
-242
-208
-171
-127
-74
-12
53
109
150
179
204
235
283
332
369
396
407
412
420
431
433
425
409
396
397
408
423
427
424
417
403
393
389
386
388
388
385
376
369
372
377
386
388
381
374
375
380
375
366
354
338
314
288
258
225
193
158
118
80
44
4
-33
-74
-115
-153
-186
-210
-236
-260
-289
-321
-347
-356
-354
-352
-352
-353
-359
-361
-359
-358
-358
-361
-363
-362
-354
-353
-363
-380
-403
-430
-461
-489
-503
-504
-500
-496
-497
-495
-498
-499
-488
-467
-439
-409
-369
-315
-258
-208
-163
-116
-71
-35
-5
36
76
121
166
204
235
254
266
270
279
292
306
318
326
336
348
352
352
347
346
355
378
405
427
443
450
451
452
455
458
456
458
463
468
469
464
454
438
423
412
400
396
386
359
323
279
244
204
158
122
90
61
33
6
-16
-51
-88
-124
-150
-165
-182
-196
-214
-229
-252
-282
-299
-311
-320
-331
-343
-351
-360
-365
-373
-382
-399
-421
-438
-443
-448
-453
-464
-472
-476
-487
-501
-504
-500
-496
-483
-465
-443
-418
-399
-382
-368
-356
-331
-296
-261
-214
-168
-127
-91
-59
-30
3
33
61
94
130
166
201
237
259
280
303
323
346
371
399
425
443
458
472
487
499
509
521
531
539
545
545
538
527
513
498
473
447
428
410
393
370
344
322
306
284
267
253
239
224
199
171
139
108
77
46
23
-2
-27
-51
-79
-108
-132
-161
-194
-230
-263
-288
-314
-336
-358
-379
-400
-419
-435
-445
-458
-468
-470
-471
-468
-466
-461
-456
-451
-443
-434
-427
-419
-408
-402
-393
-382
-375
-366
-358
-347
-333
-314
-290
-262
-238
-216
-206
-193
-170
-142
-107
-75
-43
-17
18
56
102
143
171
195
219
252
283
314
339
361
376
385
393
403
420
437
456
461
461
453
446
444
446
442
431
418
410
408
396
376
352
332
315
293
281
263
245
227
212
194
176
160
135
117
104
87
67
46
21
-6
-31
-62
-89
-109
-125
-140
-148
-163
-188
-213
-237
-253
-269
-283
-295
-306
-318
-325
-330
-340
-337
-334
-337
-339
-336
-324
-316
-310
-306
-305
-302
-294
-285
-270
-257
-253
-252
-251
-249
-242
-230
-219
-211
-203
-186
-167
-147
-127
-112
-97
-83
-68
-50
-29
-6
16
39
58
80
100
119
141
154
166
178
193
211
226
240
251
260
268
276
285
291
296
306
313
314
313
312
313
315
316
307
299
300
301
296
284
271
251
228
213
206
198
178
153
132
113
100
83
70
55
35
18
3
-13
-26
-36
-57
-74
-89
-102
-112
-126
-141
-155
-165
-180
-194
-202
-210
-220
-228
-234
-241
-249
-253
-257
-260
-266
-270
-267
-265
-268
-274
-276
-271
-270
-269
-262
-253
-243
-234
-227
-222
-213
-200
-189
-180
-166
-150
-132
-115
-99
-87
-75
-61
-47
-30
-11
9
30
49
65
80
92
102
121
141
155
165
174
184
194
205
217
225
236
243
249
259
268
275
282
288
289
288
284
281
282
280
272
256
245
240
236
227
215
196
174
152
137
129
112
95
78
61
52
37
21
13
1
-10
-27
-44
-61
-76
-87
-99
-110
-120
-130
-137
-146
-153
-159
-169
-181
-191
-199
-204
-204
-200
-198
-200
-205
-210
-213
-211
-209
-212
-207
-201
-196
-195
-193
-184
-184
-181
-176
-164
-153
-145
-130
-118
-114
-109
-104
-98
-87
-73
-54
-36
-26
-20
-17
-13
-15
-10
3
18
28
38
50
55
68
77
82
86
94
106
119
132
141
147
156
158
157
159
164
173
183
188
192
190
188
187
182
174
171
170
164
160
161
155
144
133
124
117
112
109
109
107
102
95
88
80
71
59
56
54
46
37
26
16
6
-3
-10
-22
-25
-32
-44
-49
-56
-66
-78
-92
-102
-106
-111
-119
-124
-130
-140
-146
-152
-154
-152
-155
-155
-156
-156
-159
-164
-168
-169
-170
-167
-161
-159
-158
-153
-153
-155
-156
-156
-150
-143
-137
-133
-130
-128
-126
-119
-112
-107
-103
-91
-77
-65
-51
-37
-27
-14
-1
13
29
49
65
80
93
108
121
131
141
147
148
152
162
171
179
178
178
178
179
182
185
189
195
199
199
197
193
195
194
193
190
188
185
184
185
184
174
162
150
142
137
124
111
99
86
76
63
49
29
13
0
-15
-27
-35
-43
-51
-60
-69
-79
-93
-109
-118
-122
-129
-140
-151
-162
-170
-179
-184
-190
-196
-196
-198
-199
-200
-203
-204
-208
-207
-204
-203
-196
-190
-180
-174
-170
-166
-161
-157
-150
-145
-140
-133
-125
-112
-103
-96
-91
-82
-70
-59
-45
-31
-17
-5
9
20
32
43
49
58
73
89
105
114
124
130
137
142
147
154
162
168
172
179
185
194
200
201
201
201
202
205
204
202
201
196
191
185
179
176
171
169
164
163
157
147
135
124
116
104
95
84
73
64
54
42
27
12
-5
-20
-33
-42
-52
-62
-73
-88
-103
-121
-136
-149
-159
-172
-181
-185
-192
-199
-203
-203
-204
-200
-197
-193
-190
-189
-188
-189
-188
-188
-188
-190
-187
-182
-179
-174
-171
-170
-167
-166
-166
-160
-149
-137
-125
-112
-98
-89
-80
-69
-56
-43
-28
-13
2
21
35
47
59
69
79
94
108
120
131
140
149
159
172
178
187
192
201
211
221
230
238
245
248
248
247
248
249
251
251
248
238
230
223
214
206
196
188
180
171
163
153
141
129
114
100
89
76
63
51
38
22
5
-14
-32
-49
-68
-88
-108
-126
-144
-157
-169
-181
-195
-209
-221
-230
-235
-240
-250
-263
-269
-270
-268
-267
-265
-265
-265
-261
-260
-259
-258
-255
-248
-237
-226
-217
-208
-199
-189
-180
-171
-161
-148
-135
-124
-109
-94
-78
-64
-49
-32
-13
3
18
38
56
72
86
97
109
126
141
152
166
179
192
206
211
218
226
233
239
244
252
263
268
272
274
273
270
270
269
263
256
248
242
236
229
221
208
198
186
177
165
150
137
124
110
91
75
61
48
33
15
1
-13
-31
-48
-64
-81
-95
-106
-118
-130
-142
-155
-170
-182
-196
-208
-215
-219
-226
-235
-241
-244
-247
-251
-256
-258
-256
-253
-248
-244
-240
-235
-231
-226
-217
-211
-202
-196
-184
-169
-156
-145
-135
-125
-111
-97
-84
-68
-50
-33
-17
-4
10
25
38
53
66
78
91
101
113
125
131
137
144
153
160
165
170
174
180
187
192
198
204
214
221
223
224
226
228
231
233
233
232
226
222
217
207
196
184
173
162
152
140
128
112
98
85
72
59
47
33
21
7
-4
-17
-29
-44
-60
-74
-87
-101
-115
-127
-136
-145
-154
-165
-176
-189
-198
-204
-209
-214
-220
-225
-228
-232
-234
-236
-238
-238
-237
-232
-229
-223
-216
-213
-210
-204
-195
-187
-175
-164
-154
-143
-133
-121
-106
-91
-78
-64
-48
-31
-15
4
16
32
48
62
76
90
107
122
131
142
151
157
163
170
180
189
195
204
212
216
218
221
225
225
227
230
231
232
232
229
223
216
209
201
194
191
186
178
166
151
135
122
109
98
86
72
58
45
29
16
3
-12
-24
-37
-48
-59
-70
-79
-89
-102
-115
-125
-134
-143
-152
-159
-163
-168
-176
-184
-189
-192
-198
-202
-203
-205
-206
-206
-205
-202
-195
-189
-187
-183
-181
-175
-166
-159
-153
-146
-138
-130
-120
-108
-97
-85
-73
-62
-50
-40
-32
-19
-9
3
15
30
44
53
63
72
81
88
99
107
116
126
134
136
137
143
146
149
152
154
157
159
158
160
162
161
155
151
149
147
146
141
139
136
131
125
120
114
104
95
88
81
73
62
57
50
39
28
19
11
4
-2
-9
-19
-26
-32
-41
-48
-51
-54
-62
-70
-76
-78
-80
-83
-87
-93
-101
-108
-110
-109
-109
-109
-115
-118
-120
-120
-121
-122
-124
-124
-122
-118
-113
-109
-104
-99
-93
-89
-88
-84
-77
-69
-62
-57
-53
-49
-44
-40
-32
-26
-19
-13
-6
1
4
9
14
17
19
24
33
41
47
53
57
61
65
70
76
80
84
85
86
90
92
92
91
94
98
102
102
102
101
100
99
96
92
93
91
89
86
84
82
80
76
71
67
59
54
51
50
45
40
33
27
21
13
8
3
-2
-9
-15
-18
-21
-25
-28
-31
-35
-42
-48
-52
-55
-57
-60
-64
-66
-69
-73
-76
-79
-79
-82
-85
-86
-86
-89
-92
-92
-92
-93
-97
-94
-90
-89
-87
-86
-83
-80
-77
-76
-74
-72
-67
-62
-57
-52
-44
-38
-34
-28
-24
-18
-16
-12
-6
-1
5
9
15
19
22
25
28
31
34
38
45
53
58
59
62
64
68
68
68
70
72
74
73
73
74
73
74
73
74
75
78
80
80
83
84
82
78
77
75
75
74
72
72
68
62
58
54
49
44
39
34
28
21
16
11
5
-1
-8
-15
-19
-21
-23
-27
-30
-29
-31
-33
-36
-40
-46
-47
-48
-49
-51
-53
-55
-58
-62
-66
-70
-74
-79
-81
-82
-85
-83
-85
-86
-85
-86
-83
-80
-80
-79
-77
-74
-71
-69
-67
-63
-61
-58
-54
-48
-42
-37
-34
-29
-27
-22
-19
-15
-9
-6
-2
2
7
14
17
21
26
32
39
43
47
54
60
62
63
66
71
75
76
78
81
82
82
81
79
79
79
82
84
88
88
86
86
83
84
84
84
83
82
79
73
66
61
58
54
47
43
39
36
32
28
23
15
4
-5
-12
-20
-28
-29
-30
-33
-38
-43
-48
-53
-60
-68
-75
-79
-83
-84
-86
-89
-93
-98
-100
-104
-106
-106
-107
-107
-109
-109
-107
-105
-102
-100
-99
-95
-91
-88
-85
-81
-77
-72
-67
-64
-56
-47
-38
-30
-24
-20
-17
-12
-5
1
11
19
28
34
45
54
62
69
73
77
80
86
91
94
96
98
102
105
108
108
110
111
110
109
107
103
102
100
101
100
101
101
99
95
90
87
82
75
68
64
60
57
52
46
40
35
30
27
24
16
7
-3
-10
-19
-29
-35
-41
-48
-52
-59
-65
-70
-77
-82
-91
-96
-100
-103
-105
-107
-108
-107
-107
-106
-105
-103
-105
-108
-108
-105
-105
-104
-102
-99
-98
-100
-101
-98
-95
-90
-84
-77
-71
-66
-62
-59
-53
-44
-36
-29
-21
-13
-5
-1
4
10
19
27
33
40
48
57
66
72
78
84
86
89
95
97
97
99
102
104
100
98
98
99
100
102
103
104
102
99
97
93
93
95
93
91
90
91
88
81
74
66
58
52
49
49
46
41
34
28
20
12
2
-4
-10
-18
-24
-27
-28
-32
-39
-46
-52
-57
-61
-65
-69
-73
-79
-86
-93
-93
-94
-95
-97
-99
-97
-95
-96
-95
-94
-92
-91
-93
-91
-87
-83
-81
-79
-78
-75
-74
-72
-68
-64
-62
-59
-55
-50
-44
-37
-32
-30
-27
-21
-14
-7
-1
2
5
11
16
22
30
37
44
49
51
54
61
68
72
74
74
78
81
85
88
92
93
90
86
83
84
83
84
85
86
86
85
83
82
79
74
67
62
59
55
48
42
38
35
32
30
27
26
22
14
8
4
-2
-8
-12
-13
-16
-20
-23
-29
-33
-38
-44
-48
-50
-53
-56
-61
-68
-73
-76
-78
-78
-78
-81
-82
-82
-82
-77
-75
-74
-70
-67
-63
-58
-57
-55
-53
-50
-48
-47
-45
-45
-43
-41
-36
-31
-28
-24
-21
-19
-20
-17
-14
-9
-4
0
4
8
14
16
17
22
28
33
36
42
47
50
54
56
60
65
68
71
70
70
69
68
69
69
69
68
66
65
66
68
66
68
64
58
52
48
46
42
37
32
31
28
23
17
15
13
10
6
5
3
0
-5
-8
-9
-12
-15
-18
-22
-24
-28
-31
-34
-37
-42
-45
-49
-52
-54
-57
-58
-60
-60
-62
-64
-65
-66
-65
-64
-62
-59
-57
-58
-58
-55
-52
-50
-47
-41
-38
-36
-34
-33
-29
-26
-23
-22
-19
-17
-15
-13
-8
-4
-2
0
3
7
10
13
16
18
20
21
24
25
28
30
31
33
38
42
45
45
48
53
54
55
56
58
56
55
52
52
51
50
50
48
47
42
40
39
37
35
33
32
30
28
25
24
23
21
19
15
11
7
6
4
-1
-3
-4
-4
-5
-5
-4
-5
-7
-11
-15
-19
-23
-26
-28
-31
-31
-32
-34
-35
-37
-39
-42
-47
-50
-51
-52
-51
-49
-51
-51
-53
-50
-46
-42
-42
-40
-38
-38
-37
-36
-32
-28
-25
-24
-20
-16
-15
-14
-10
-9
-10
-8
-6
-2
2
6
6
9
10
12
14
15
18
19
20
22
24
25
27
29
28
31
31
34
37
38
37
36
35
34
36
37
38
38
38
38
37
34
32
30
30
27
26
24
22
20
17
17
16
18
17
15
15
13
11
8
7
6
2
-1
-4
-6
-6
-7
-7
-9
-11
-12
-15
-15
-17
-18
-18
-18
-19
-20
-22
-23
-24
-25
-29
-32
-32
-33
-33
-38
-38
-39
-39
-38
-35
-33
-31
-32
-32
-31
-31
-28
-26
-25
-21
-18
-15
-16
-14
-11
-9
-8
-4
-1
-1
0
2
2
3
5
6
7
8
9
7
8
12
13
12
14
17
19
20
20
23
25
25
26
26
27
28
26
27
25
27
28
27
27
25
24
24
26
25
24
23
22
24
22
20
19
19
20
19
19
19
20
18
14
11
9
7
7
5
3
4
3
1
1
0
-2
-6
-11
-14
-14
-15
-19
-21
-21
-20
-23
-24
-25
-25
-31
-34
-33
-33
-33
-34
-35
-36
-36
-37
-36
-34
-34
-32
-32
-31
-30
-30
-27
-25
-22
-19
-18
-17
-17
-16
-16
-15
-13
-11
-7
-6
-6
-6
-3
-3
-3
0
3
4
4
6
10
12
15
18
20
22
23
25
26
27
27
27
27
27
29
27
26
26
24
23
22
22
23
23
23
23
27
30
31
32
32
33
33
32
31
31
30
28
26
24
23
21
18
14
10
6
4
1
1
0
-3
-4
-2
-1
-2
-4
-8
-8
-9
-11
-10
-9
-10
-13
-16
-19
-20
-22
-25
-28
-30
-32
-34
-36
-36
-37
-38
-42
-43
-44
-42
-42
-43
-43
-42
-41
-41
-40
-36
-32
-28
-26
-22
-20
-20
-17
-17
-14
-11
-8
-5
-3
-1
-1
1
3
3
5
6
9
11
12
14
14
16
20
23
25
27
30
30
31
32
33
33
34
35
37
37
36
37
37
37
38
38
38
37
38
36
33
33
33
32
29
26
25
22
20
17
14
11
7
5
3
4
1
-1
-1
-1
-5
-7
-7
-8
-10
-11
-12
-13
-14
-15
-17
-18
-21
-23
-26
-29
-28
-30
-34
-37
-38
-39
-42
-44
-42
-41
-42
-43
-43
-42
-40
-39
-39
-37
-37
-36
-36
-35
-33
-30
-28
-27
-23
-17
-14
-10
-7
-4
0
2
5
9
13
17
21
22
25
26
27
28
29
27
28
27
28
29
31
32
34
37
39
41
42
43
43
41
41
43
42
40
38
39
39
39
38
36
34
32
28
26
26
25
23
20
16
12
11
7
2
0
-2
-4
-7
-9
-10
-12
-15
-18
-19
-21
-22
-24
-23
-22
-25
-29
-32
-34
-36
-39
-40
-43
-46
-46
-47
-45
-44
-44
-46
-48
-49
-48
-48
-47
-48
-47
-47
-45
-45
-42
-38
-35
-30
-24
-21
-17
-15
-12
-8
-3
0
1
5
7
10
11
13
16
17
19
20
22
24
26
29
32
35
36
38
41
40
40
41
44
42
42
43
46
48
47
48
48
49
47
46
45
44
43
39
36
33
34
31
28
24
21
19
14
12
10
10
7
2
1
-2
-2
-2
-4
-6
-9
-10
-12
-14
-14
-15
-17
-19
-23
-25
-28
-30
-30
-30
-32
-33
-34
-36
-38
-38
-39
-36
-36
-37
-38
-36
-35
-33
-35
-38
-37
-36
-37
-35
-35
-32
-31
-30
-27
-26
-26
-26
-26
-24
-20
-15
-14
-12
-9
-7
-5
-1
3
6
7
10
14
17
20
22
22
23
26
27
31
32
34
32
32
30
27
28
27
27
27
26
25
26
28
28
26
26
26
27
26
23
23
24
23
21
20
21
20
18
15
14
15
15
14
11
10
9
6
4
1
-1
-3
-6
-10
-11
-12
-13
-18
-19
-17
-17
-17
-19
-18
-17
-17
-16
-16
-14
-15
-17
-18
-17
-20
-19
-19
-20
-20
-23
-23
-23
-23
-25
-27
-25
-26
-26
-28
-28
-26
-21
-18
-17
-13
-10
-9
-10
-10
-8
-6
-4
-3
2
5
7
7
9
12
12
13
15
18
18
19
20
19
20
20
19
21
23
24
23
24
23
23
23
22
23
24
22
20
21
21
22
21
21
20
19
19
18
20
18
16
13
11
9
10
9
7
7
4
6
4
1
-1
-3
-7
-10
-6
-4
-6
-9
-12
-15
-17
-18
-19
-20
-21
-22
-22
-22
-21
-21
-22
-21
-19
-20
-22
-24
-24
-23
-22
-23
-23
-22
-21
-22
-22
-22
-21
-22
-22
-22
-22
-23
-21
-19
-18
-19
-17
-15
-14
-14
-15
-14
-10
-6
-5
-2
0
2
5
6
9
13
15
17
18
21
23
23
25
29
30
31
33
33
34
34
33
34
33
33
31
32
32
31
30
28
27
26
26
24
22
20
19
18
16
14
12
11
9
7
5
4
2
1
-1
0
0
-4
-6
-5
-5
-7
-9
-12
-12
-14
-15
-15
-17
-18
-20
-20
-21
-20
-21
-21
-21
-20
-21
-22
-21
-20
-21
-22
-22
-22
-20
-18
-18
-17
-16
-17
-17
-15
-14
-16
-17
-16
-15
-12
-11
-10
-9
-8
-8
-7
-4
-4
-1
0
1
0
-1
2
4
5
6
6
6
7
8
7
6
9
10
12
13
13
12
13
14
13
12
14
17
17
17
17
18
18
16
16
18
17
16
14
14
15
15
13
12
11
10
9
7
7
7
7
4
3
3
1
-1
0
-1
-2
-2
-4
-2
-4
-4
-6
-7
-7
-6
-7
-7
-6
-7
-5
-7
-8
-6
-6
-8
-9
-9
-9
-10
-11
-11
-10
-10
-10
-10
-10
-10
-10
-11
-10
-8
-6
-7
-8
-7
-5
-6
-8
-8
-6
-6
-6
-5
-4
-5
-5
-4
-4
-3
-5
-3
-3
-3
-3
-4
-2
-2
-1
1
1
2
3
2
5
6
7
6
6
5
6
7
7
8
11
11
10
10
11
11
10
10
11
11
10
10
9
12
13
11
9
9
9
8
6
6
8
7
7
5
5
7
7
4
3
3
4
2
-1
-1
0
-2
0
1
2
-1
-2
-3
-5
-6
-8
-8
-8
-9
-9
-8
-7
-5
-4
-5
-6
-7
-7
-6
-7
-6
-7
-9
-9
-7
-6
-5
-5
-6
-7
-7
-7
-7
-7
-6
-6
-10
-10
-7
-6
-7
-7
-9
-11
-12
-11
-9
-6
-7
-7
-7
-7
-7
-7
-5
-5
-4
-3
-3
0
3
4
1
1
2
5
5
8
11
14
12
11
13
13
14
13
13
15
14
13
13
16
17
18
16
16
16
14
15
15
17
17
14
12
11
11
11
10
10
10
9
9
6
5
4
4
3
2
2
1
2
0
0
0
-3
-5
-7
-8
-9
-10
-10
-11
-12
-14
-14
-14
-16
-15
-15
-16
-17
-15
-16
-15
-15
-16
-17
-17
-17
-17
-18
-17
-17
-16
-17
-18
-17
-15
-13
-13
-13
-12
-11
-10
-11
-12
-10
-10
-8
-9
-7
-7
-8
-5
-2
1
2
3
5
5
6
7
11
13
16
16
16
17
18
20
21
21
20
21
21
20
21
23
24
25
22
24
23
23
21
20
21
19
18
18
19
17
14
12
12
12
10
9
9
8
5
4
1
1
0
-1
-2
-2
-2
-6
-8
-8
-9
-12
-14
-14
-13
-14
-15
-16
-15
-16
-18
-22
-20
-18
-20
-21
-20
-20
-19
-22
-24
-25
-23
-22
-22
-22
-22
-19
-19
-18
