3
4
4
5
5
6
5
6
6
5
4
3
3
3
3
2
3
2
2
2
1
2
2
2
2
1
1
2
2
1
1
0
0
1
0
0
0
0
0
0
1
1
0
0
-2
-2
-2
-2
-2
-1
-1
-1
-1
-1
-2
-3
-2
-1
-1
-2
0
-1
1
1
1
1
1
1
1
0
1
1
1
1
0
0
0
-1
-1
-2
-2
-2
-1
-2
-2
-2
-2
-3
-3
-2
-3
-3
-2
-1
-1
-1
-1
-1
0
-1
0
0
-1
0
-1
-2
-3
-3
-3
-4
-4
-5
-6
-5
-5
-4
-4
-5
-5
-5
-6
-7
-6
-5
-5
-3
-2
-1
0
1
1
1
1
1
1
1
0
0
1
0
-1
-2
-2
-1
-2
-1
-2
-1
0
0
1
2
2
4
3
3
4
3
4
5
4
5
4
5
6
5
5
7
6
7
7
7
6
5
4
4
5
3
3
3
2
1
1
0
0
1
1
1
1
3
2
1
1
1
2
2
3
3
1
1
1
0
0
-1
0
-1
0
1
-1
0
-2
-2
-2
-2
-2
-2
-3
-3
-4
-3
-4
-4
-4
-4
-2
-1
-3
-2
-3
-2
-2
-3
-3
-2
-1
-1
-1
-1
0
0
0
-1
0
0
-1
-1
-2
-1
0
0
-1
0
0
1
0
1
1
1
1
-1
0
0
1
0
0
-2
-1
0
-2
-2
-3
-2
0
-1
0
2
0
-1
-1
-1
0
-1
0
0
1
2
1
0
1
1
-1
0
0
0
1
0
0
0
-2
-4
-3
-3
-4
-2
-4
-3
-3
-2
-1
-2
-4
-2
-3
-2
-1
-1
0
0
0
1
0
1
1
1
1
-1
0
1
0
1
2
2
2
0
1
2
2
2
1
2
1
1
2
2
2
2
3
4
3
4
4
4
4
5
7
7
7
7
5
6
5
5
4
4
3
3
1
1
-1
-1
-3
-2
-2
-2
-3
-3
-2
-1
1
0
1
-1
-1
-1
-2
-3
-4
-3
-3
-3
-4
-4
-4
-3
-2
-1
-1
-2
-2
-2
-2
-3
-3
-2
-1
-2
-1
-1
-1
-1
0
1
1
2
1
1
1
-1
-1
-1
0
1
0
1
1
-1
0
0
-1
0
1
1
0
1
-1
-1
0
-1
2
3
3
4
3
3
2
0
1
1
0
0
1
1
0
0
0
-1
-1
-1
-2
-1
-1
-2
-1
-2
-2
-2
-3
-4
-4
-4
-4
-4
-3
-3
-2
-2
-3
-3
-3
-2
-1
0
1
0
1
1
0
0
2
2
2
3
2
1
1
1
1
1
0
1
0
0
0
-1
0
-1
-2
-2
0
0
1
2
2
3
3
1
2
3
5
4
3
4
4
3
4
4
4
3
2
3
1
1
0
1
1
-1
-1
-2
-2
-2
-3
-2
-2
-3
-3
-2
-3
-3
-3
-2
-1
-1
-1
0
-1
1
0
1
1
0
1
3
3
2
1
2
2
2
2
1
1
1
1
2
1
0
0
-1
-1
0
0
0
0
-1
-2
-2
-3
-3
-3
-2
-2
-1
-1
0
1
1
2
2
3
3
4
4
4
3
1
1
1
0
-1
-2
-1
-2
-2
-2
-3
-3
-2
-2
-2
-2
-2
-2
-1
0
1
2
2
1
1
1
2
2
2
1
1
1
2
1
0
0
0
1
1
-2
-2
-3
-3
-3
-2
-2
-3
-2
-3
-2
-4
-3
-2
-2
-2
-2
-2
-2
-2
-2
-2
-2
-2
-1
-1
0
0
1
1
1
1
1
2
2
3
3
4
3
2
2
2
2
1
1
0
-1
0
2
1
0
1
1
0
0
-1
-2
-1
-1
0
0
0
1
0
1
1
0
1
0
1
-1
-1
0
1
1
1
2
2
2
2
2
3
3
3
3
1
1
2
0
0
0
0
1
0
-1
-1
-2
-1
-2
-2
-3
-2
-1
-1
-1
-1
-2
-1
0
0
0
0
-1
1
2
1
2
2
0
0
0
1
1
0
1
1
1
1
1
-1
-1
-1
0
0
-1
0
-2
-2
-1
-1
-1
-1
-1
-2
-1
-1
-1
-1
-1
0
-1
-1
-1
-1
-1
0
0
0
1
2
2
1
1
2
2
1
-1
0
0
0
0
-1
-1
-1
-2
0
0
0
0
1
1
0
0
2
1
0
-1
1
0
0
-1
-1
-1
-1
-2
-2
-2
-1
-1
-1
-2
-1
-1
-1
-1
-1
0
0
-1
0
-1
-1
0
-2
-1
0
0
1
3
2
2
2
2
1
2
1
0
0
0
0
1
3
3
3
3
2
2
1
2
3
4
4
4
4
2
0
1
1
-1
0
-2
-3
-3
-4
-4
-4
-3
-5
-5
-7
-6
-7
-8
-8
-7
-7
-8
-7
-7
-6
-6
-5
-4
-3
-4
-4
-3
-2
-2
-3
0
2
3
4
3
5
7
8
9
10
11
13
14
16
15
13
15
14
14
13
13
13
13
10
7
6
3
2
1
0
0
-2
-3
-3
-4
-6
-5
-6
-6
-5
-3
-2
0
0
0
1
0
0
0
0
0
-1
-3
-4
-5
-7
-9
-9
-10
-11
-10
-10
-11
-10
-9
-9
-10
-7
-5
-5
-3
-2
-1
-2
-3
-5
-6
-7
-8
-10
-9
-10
-11
-11
-13
-11
-11
-9
-6
-4
-2
0
3
3
6
6
10
10
9
9
9
8
7
5
3
1
0
0
-1
0
0
0
0
1
0
1
1
1
2
1
1
1
0
1
1
0
-1
0
-1
-1
-2
-1
0
0
1
1
2
3
5
7
8
9
13
16
19
21
22
23
25
27
27
28
31
31
31
31
28
26
23
20
15
10
5
-1
-8
-12
-18
-24
-28
-34
-38
-42
-45
-46
-48
-48
-49
-49
-50
-49
-46
-45
-42
-38
-36
-32
-29
-24
-19
-14
-10
-5
-1
3
9
11
17
21
27
33
37
42
46
50
54
57
58
61
61
60
60
59
58
56
54
51
49
46
44
40
35
31
28
25
21
17
13
8
4
-1
-7
-12
-18
-25
-32
-39
-46
-53
-60
-67
-74
-80
-86
-91
-96
-98
-100
-100
-102
-103
-105
-104
-105
-105
-103
-99
-96
-91
-87
-82
-76
-68
-58
-45
-29
-11
9
30
52
75
98
121
141
160
174
186
195
204
206
207
202
194
184
170
158
142
126
109
90
72
55
39
23
9
-6
-20
-33
-46
-58
-70
-80
-91
-98
-105
-109
-113
-115
-116
-114
-113
-108
-100
-93
-86
-76
-69
-61
-55
-50
-47
-45
-40
-38
-38
-37
-39
-43
-48
-55
-61
-68
-73
-80
-86
-93
-99
-102
-104
-105
-104
-101
-93
-84
-69
-49
-24
1
27
56
90
123
155
184
211
235
253
270
278
282
281
273
261
245
227
207
185
161
135
112
90
68
48
28
8
-9
-27
-43
-57
-70
-84
-97
-110
-120
-127
-131
-135
-138
-138
-137
-134
-126
-116
-107
-98
-88
-79
-73
-65
-59
-56
-55
-57
-57
-60
-66
-72
-78
-85
-92
-101
-107
-116
-123
-131
-139
-146
-150
-152
-153
-152
-149
-144
-133
-121
-105
-81
-51
-20
15
54
94
134
173
211
245
275
302
324
341
352
357
353
344
329
309
286
261
234
206
177
149
122
96
71
47
23
-1
-26
-51
-77
-100
-126
-148
-170
-191
-210
-226
-238
-247
-251
-249
-244
-233
-222
-206
-190
-169
-147
-127
-104
-85
-66
-46
-27
-9
8
23
36
49
61
71
82
89
96
100
104
105
103
96
84
66
44
22
0
-22
-44
-67
-89
-107
-120
-128
-131
-130
-126
-116
-100
-80
-57
-35
-13
9
28
44
60
73
85
93
100
105
109
112
112
114
115
115
115
114
113
112
110
105
98
89
80
71
60
48
37
25
12
-1
-11
-22
-33
-41
-48
-53
-56
-58
-56
-50
-43
-35
-25
-15
-2
12
26
43
59
69
77
81
85
86
82
76
65
48
29
6
-18
-45
-76
-107
-139
-168
-194
-217
-236
-253
-264
-268
-265
-259
-246
-232
-218
-202
-186
-165
-145
-125
-107
-90
-75
-61
-42
-19
10
43
75
107
144
183
224
263
295
321
344
364
380
391
394
386
366
337
305
270
232
193
147
98
53
14
-22
-55
-86
-117
-144
-166
-185
-200
-212
-225
-238
-250
-261
-265
-265
-258
-249
-237
-219
-195
-165
-135
-102
-71
-40
-7
25
55
82
106
123
134
143
150
153
152
151
147
146
145
142
137
129
123
115
106
95
81
63
44
24
3
-20
-45
-71
-98
-127
-151
-168
-183
-197
-209
-219
-223
-222
-214
-204
-194
-183
-172
-157
-140
-119
-98
-77
-57
-39
-20
2
24
46
67
83
102
120
137
152
162
167
169
169
170
172
174
173
170
165
157
149
144
139
131
120
111
103
96
90
83
77
70
65
60
57
58
60
62
63
61
56
49
38
26
10
-7
-26
-47
-68
-93
-118
-143
-167
-190
-213
-236
-256
-273
-286
-294
-301
-305
-307
-304
-297
-284
-267
-246
-226
-204
-181
-157
-127
-98
-67
-38
-7
25
60
99
141
181
220
257
296
331
366
396
419
433
437
438
433
423
406
380
344
300
254
206
155
104
46
-12
-69
-119
-165
-205
-241
-276
-304
-324
-335
-338
-336
-330
-321
-308
-289
-266
-236
-202
-165
-129
-88
-44
5
51
97
141
182
219
253
284
306
320
324
318
305
285
258
224
184
138
90
39
-15
-69
-124
-180
-233
-285
-330
-370
-404
-433
-457
-474
-484
-484
-477
-461
-436
-403
-363
-315
-262
-204
-145
-85
-22
39
96
151
200
243
279
310
335
351
358
359
354
345
330
315
295
274
255
234
215
200
184
170
157
146
139
134
130
123
117
111
104
99
96
94
92
88
84
80
75
70
65
58
48
37
27
17
7
-3
-15
-29
-44
-61
-78
-94
-112
-132
-152
-172
-193
-214
-236
-256
-277
-293
-308
-319
-328
-332
-334
-334
-330
-322
-309
-294
-275
-255
-230
-200
-169
-132
-95
-58
-23
12
46
81
113
142
168
191
213
232
248
260
266
268
265
261
253
245
235
224
211
197
183
171
162
154
146
139
137
135
134
135
132
131
130
128
123
112
101
89
76
63
48
35
19
2
-16
-33
-49
-62
-75
-90
-104
-117
-125
-130
-135
-140
-145
-149
-154
-156
-154
-153
-154
-156
-160
-165
-167
-168
-168
-172
-176
-180
-182
-182
-182
-182
-180
-179
-176
-170
-166
-161
-153
-143
-132
-121
-110
-96
-81
-65
-50
-33
-15
5
24
42
59
77
97
113
128
140
151
162
170
178
185
191
195
199
203
204
208
212
218
223
227
230
240
254
264
270
277
282
288
293
292
284
274
259
236
207
176
144
111
72
30
-15
-56
-95
-133
-174
-215
-252
-281
-305
-327
-347
-361
-367
-366
-362
-356
-342
-323
-304
-285
-265
-239
-209
-179
-155
-133
-108
-80
-54
-32
-16
-3
12
25
35
40
43
46
47
44
40
37
35
33
28
17
10
8
9
9
8
7
9
11
16
19
25
33
43
51
57
65
73
83
94
102
112
124
136
152
166
175
185
204
224
234
240
247
255
260
261
258
246
232
212
185
157
130
101
70
33
-7
-46
-79
-104
-130
-162
-192
-213
-228
-237
-247
-254
-258
-260
-259
-255
-247
-234
-221
-210
-198
-184
-167
-143
-120
-107
-96
-84
-69
-57
-53
-53
-54
-56
-60
-69
-79
-91
-106
-121
-137
-152
-159
-162
-165
-168
-168
-157
-136
-114
-93
-73
-49
-20
14
48
81
113
143
174
202
231
260
289
316
335
351
369
393
419
433
433
437
448
459
459
449
431
408
381
353
317
272
222
166
104
40
-19
-73
-128
-189
-252
-305
-338
-360
-383
-407
-429
-441
-437
-421
-407
-392
-376
-354
-326
-293
-253
-205
-162
-126
-95
-61
-17
31
69
89
98
109
124
135
135
121
100
76
52
27
-1
-31
-62
-95
-126
-156
-174
-189
-205
-228
-247
-253
-243
-227
-214
-207
-196
-174
-139
-99
-63
-33
-4
28
61
95
130
161
180
191
200
218
249
286
320
343
359
396
452
504
541
564
577
583
589
588
572
535
478
400
310
218
130
39
-62
-171
-272
-350
-402
-438
-470
-497
-512
-502
-467
-422
-380
-342
-305
-266
-223
-178
-134
-101
-79
-68
-56
-35
-3
26
38
33
29
36
47
48
30
-5
-45
-87
-126
-164
-210
-265
-324
-379
-422
-448
-460
-466
-476
-483
-473
-440
-390
-337
-291
-246
-197
-130
-56
19
86
140
187
235
286
341
394
438
470
492
520
566
623
672
702
722
749
784
816
829
818
777
724
665
601
523
428
309
171
24
-114
-234
-341
-449
-559
-654
-717
-744
-743
-729
-711
-683
-635
-561
-472
-383
-298
-224
-154
-87
-16
57
125
178
213
241
279
329
380
413
424
422
420
416
404
367
300
209
106
1
-105
-215
-329
-448
-569
-678
-763
-820
-857
-888
-907
-912
-884
-830
-755
-676
-596
-512
-417
-307
-194
-82
21
116
202
283
363
438
502
546
571
588
606
629
650
660
660
658
666
681
696
702
694
677
657
631
601
560
501
420
322
214
104
-7
-121
-242
-362
-472
-560
-620
-657
-675
-674
-651
-599
-519
-421
-312
-204
-99
-2
88
173
243
294
319
319
307
285
260
228
187
137
84
35
-8
-50
-94
-138
-181
-222
-258
-290
-318
-344
-368
-391
-409
-414
-410
-396
-381
-363
-341
-312
-275
-238
-204
-173
-143
-112
-80
-49
-18
10
37
62
85
111
136
158
169
173
172
173
173
167
149
122
89
57
25
-3
-25
-39
-40
-29
4
57
129
213
303
391
480
566
641
700
734
738
716
668
599
509
400
276
141
6
-121
-235
-332
-406
-464
-496
-504
-487
-445
-385
-316
-240
-162
-77
5
80
144
194
231
254
261
256
237
204
157
101
38
-28
-98
-171
-245
-318
-381
-432
-467
-490
-504
-505
-491
-461
-420
-367
-308
-245
-181
-116
-53
8
61
103
135
152
160
161
157
147
127
102
76
51
26
-1
-35
-73
-116
-162
-209
-260
-309
-360
-410
-458
-497
-525
-536
-532
-509
-460
-381
-271
-133
32
215
410
611
811
995
1157
1291
1386
1439
1447
1411
1332
1210
1047
855
638
405
165
-73
-302
-512
-689
-833
-937
-998
-1015
-988
-921
-819
-692
-542
-375
-200
-27
133
275
396
491
557
592
597
573
524
448
352
242
122
-2
-134
-271
-399
-507
-591
-651
-691
-707
-699
-658
-588
-498
-395
-288
-177
-66
45
147
238
314
367
391
392
378
351
310
244
152
51
-47
-136
-226
-326
-432
-529
-608
-665
-702
-729
-742
-737
-713
-668
-599
-514
-420
-325
-230
-124
8
165
330
487
637
801
985
1176
1334
1442
1501
1523
1510
1458
1353
1188
975
727
464
192
-71
-320
-559
-786
-983
-1125
-1193
-1196
-1159
-1100
-1006
-856
-646
-399
-149
84
302
516
718
886
1004
1063
1063
1012
914
780
620
432
211
-45
-305
-540
-734
-900
-1053
-1186
-1272
-1277
-1192
-1039
-863
-676
-456
-198
82
346
565
726
831
892
907
878
805
676
493
270
37
-175
-358
-536
-723
-905
-1044
-1111
-1109
-1079
-1045
-998
-910
-775
-611
-446
-299
-177
-68
34
123
196
249
281
287
283
300
359
452
548
633
724
847
999
1140
1232
1262
1243
1200
1138
1040
894
708
502
293
94
-84
-239
-378
-510
-632
-714
-739
-712
-659
-601
-537
-446
-309
-137
37
191
322
445
561
656
715
726
685
596
466
309
134
-66
-290
-535
-771
-971
-1122
-1234
-1310
-1340
-1303
-1179
-975
-726
-456
-172
123
413
670
870
998
1054
1043
970
846
681
488
271
32
-204
-410
-574
-709
-836
-947
-1009
-1005
-945
-864
-777
-678
-554
-405
-254
-119
-13
65
112
130
129
116
87
43
-16
-76
-103
-69
25
144
269
422
645
927
1204
1420
1562
1638
1658
1621
1511
1319
1056
751
433
123
-158
-388
-577
-752
-912
-1024
-1055
-1011
-935
-868
-810
-715
-545
-312
-68
148
340
538
750
946
1084
1129
1073
932
713
427
95
-263
-642
-1037
-1414
-1707
-1871
-1911
-1860
-1753
-1587
-1324
-946
-472
12
426
760
1064
1357
1591
1710
1690
1560
1364
1128
861
567
257
-73
-418
-760
-1057
-1271
-1408
-1504
-1591
-1635
-1559
-1329
-988
-632
-321
-29
278
598
859
1003
1020
943
811
642
445
245
59
-112
-269
-395
-433
-345
-153
59
242
435
701
1030
1320
1471
1471
1386
1264
1111
899
613
285
-28
-287
-490
-640
-737
-796
-860
-947
-1025
-1037
-966
-851
-738
-623
-437
-121
305
753
1140
1435
1649
1779
1795
1648
1320
836
256
-357
-953
-1483
-1900
-2185
-2345
-2383
-2281
-2036
-1679
-1277
-891
-549
-230
108
481
860
1183
1416
1602
1777
1910
1936
1813
1539
1151
699
208
-304
-803
-1248
-1607
-1857
-1973
-1932
-1730
-1399
-1013
-631
-255
139
534
864
1052
1085
1032
956
867
732
545
336
144
-12
-158
-313
-464
-593
-712
-829
-908
-893
-738
-456
-107
262
663
1106
1536
1848
1959
1877
1657
1348
966
527
81
-317
-613
-788
-873
-894
-857
-780
-722
-723
-749
-747
-690
-584
-440
-239
52
446
906
1344
1675
1849
1856
1682
1307
748
64
-667
-1364
-1958
-2391
-2610
-2574
-2305
-1884
-1382
-850
-326
153
542
796
921
961
981
1062
1232
1407
1509
1546
1512
1364
1086
672
117
-529
-1167
-1732
-2144
-2330
-2293
-2075
-1728
-1305
-816
-248
319
746
965
1009
954
895
867
796
655
508
409
358
334
290
175
-10
-254
-551
-832
-1013
-1088
-1093
-1039
-867
-507
59
712
1297
1711
1951
2056
2040
1850
1465
958
445
22
-261
-387
-391
-325
-252
-228
-271
-361
-504
-724
-1027
-1355
-1574
-1552
-1258
-771
-187
424
1028
1581
1990
2137
1966
1501
805
-3
-778
-1411
-1845
-2051
-2025
-1790
-1363
-804
-230
225
481
532
435
276
100
-45
-120
-97
79
475
1004
1428
1609
1560
1287
822
227
-462
-1168
-1734
-2033
-2020
-1693
-1131
-486
131
616
894
984
931
713
329
-135
-550
-760
-680
-402
-86
201
445
615
692
624
348
-94
-573
-984
-1246
-1289
-1131
-836
-455
-55
353
791
1174
1361
1333
1153
901
689
583
508
390
301
332
476
650
753
711
519
207
-157
-495
-784
-1040
-1234
-1313
-1239
-971
-506
34
490
818
1030
1141
1163
1062
782
362
-95
-493
-766
-890
-913
-885
-813
-706
-555
-368
-220
-185
-244
-334
-410
-419
-330
-206
-79
82
295
569
923
1239
1309
1104
762
378
2
-330
-659
-976
-1149
-1085
-815
-418
-27
216
274
189
35
-107
-220
-351
-512
-632
-605
-350
94
531
784
838
766
641
483
259
-73
-472
-812
-972
-906
-681
-421
-215
-103
-31
101
303
486
580
567
500
521
728
1003
1159
1153
1051
944
886
834
685
370
-73
-510
-822
-996
-1083
-1128
-1176
-1225
-1160
-881
-450
-26
282
466
601
761
930
1010
916
668
352
91
-67
-161
-233
-303
-385
-441
-409
-326
-299
-374
-532
-714
-825
-803
-697
-572
-426
-228
80
571
1131
1474
1462
1186
776
354
-20
-411
-834
-1148
-1226
-1031
-598
-93
247
323
173
-85
-301
-412
-511
-667
-803
-759
-399
235
885
1307
1430
1306
1045
757
420
-42
-584
-1077
-1376
-1359
-1036
-594
-228
-45
-30
-22
122
333
451
425
334
354
660
1192
1660
1828
1700
1437
1191
981
697
241
-372
-1011
-1468
-1606
-1480
-1275
-1147
-1125
-1108
-940
-568
-137
153
254
310
496
826
1170
1370
1343
1127
832
551
274
-28
-355
-688
-985
-1156
-1158
-1061
-952
-888
-890
-886
-778
-576
-373
-214
-60
156
554
1116
1565
1675
1494
1163
781
402
-12
-510
-969
-1203
-1165
-878
-447
-92
42
-14
-161
-297
-341
-343
-400
-477
-428
-121
441
1057
1454
1519
1331
1007
622
181
-346
-910
-1379
-1623
-1597
-1348
-971
-572
-282
-162
-124
-9
208
439
638
824
1056
1420
1892
2258
2306
2029
1570
1062
539
-9
-563
-1062
-1436
-1635
-1635
-1482
-1272
-1112
-1034
-993
-900
-682
-354
-12
301
660
1127
1621
1985
2116
1978
1610
1097
491
-186
-852
-1387
-1715
-1808
-1699
-1493
-1278
-1052
-841
-728
-704
-699
-695
-685
-593
-354
75
705
1375
1822
1959
1863
1624
1287
837
226
-463
-980
-1144
-971
-588
-189
54
99
21
-108
-247
-409
-634
-881
-1009
-862
-382
297
904
1253
1349
1273
1077
756
274
-339
-928
-1338
-1501
-1413
-1131
-759
-371
-41
144
196
254
368
483
559
627
776
1117
1583
1914
1924
1662
1252
782
299
-200
-710
-1149
-1425
-1519
-1443
-1253
-1043
-908
-872
-869
-786
-545
-201
143
462
832
1290
1742
2008
1982
1673
1188
621
6
-636
-1215
-1597
-1716
-1601
-1340
-1027
-730
-488
-349
-351
-454
-574
-655
-660
-542
-262
228
949
1714
2219
2333
2155
1791
1297
683
-48
-777
-1263
-1374
-1154
-724
-264
34
101
-31
-302
-622
-905
-1143
-1327
-1354
-1074
-448
369
1109
1565
1696
1581
1282
807
169
-517
-1094
-1460
-1551
-1366
-997
-535
-79
220
282
188
61
-15
-6
37
104
360
889
1473
1833
1887
1666
1253
750
224
-301
-784
-1143
-1296
-1227
-1024
-780
-560
-428
-405
-406
-334
-166
62
289
528
870
1310
1667
1773
1588
1176
666
154
-388
-963
-1429
-1644
-1578
-1289
-890
-523
-268
-131
-126
-246
-428
-601
-721
-739
-615
-311
234
995
1718
2101
2074
1761
1283
728
124
-520
-1079
-1372
-1322
-966
-423
64
281
178
-171
-626
-1022
-1272
-1401
-1402
-1183
-648
171
1065
1743
2027
1921
1549
1020
379
-311
-906
-1276
-1370
-1197
-841
-441
-105
89
61
-178
-508
-771
-856
-745
-485
-20
723
1582
2239
2502
2375
1931
1305
620
-32
-599
-1005
-1154
-988
-600
-198
84
191
108
-129
-375
-508
-490
-367
-172
144
627
1187
1621
1747
1517
1025
426
-190
-788
-1270
-1540
-1551
-1305
-866
-376
14
229
233
19
-349
-731
-992
-1088
-1017
-768
-320
330
1101
1754
2036
1895
1467
898
290
-298
-817
-1171
-1259
-1072
-664
-153
237
311
55
-424
-976
-1410
-1596
-1540
-1287
-837
-176
630
1404
1909
2004
1708
1133
427
-268
-846
-1222
-1350
-1228
-920
-562
-282
-111
-61
-182
-448
-735
-887
-795
-447
111
892
1835
2658
3055
2968
2499
1772
944
159
-504
-1003
-1261
-1196
-811
-310
36
108
-59
-393
-779
-1058
-1110
-911
-525
-25
564
1226
1842
2212
2190
1761
1045
225
-546
-1154
-1516
-1606
-1441
-1072
-609
-209
21
50
-133
-500
-950
-1316
-1478
-1390
-1068
-547
125
880
1592
2050
2100
1778
1253
666
89
-427
-801
-949
-854
-576
-197
146
275
103
-315
-857
-1389
-1746
-1805
-1561
-1086
-452
291
1036
1624
1898
1798
1374
756
93
-485
-877
-1031
-958
-710
-391
-142
-60
-136
-316
-556
-805
-988
-975
-707
-219
453
1358
2372
3116
3292
2940
2251
1396
534
-211
-773
-1133
-1249
-1044
-551
-21
259
189
-159
-634
-1062
-1284
-1218
-865
-306
353
1040
1691
2176
2353
2126
1519
660
-260
-1064
-1606
-1822
-1743
-1439
-998
-557
-259
-160
-252
-501
-860
-1228
-1450
-1418
-1121
-617
24
716
1357
1843
2047
1876
1417
852
302
-203
-633
-905
-949
-801
-566
-327
-166
-202
-457
-828
-1218
-1556
-1734
-1637
-1237
-611
106
784
1342
1712
1818
1640
1232
698
151
-305
-586
-658
-557
-361
-172
-74
-123
-315
-580
-842
-1058
-1194
-1110
-713
-85
651
1552
2563
3330
3513
3119
2353
1399
431
-370
-877
-1094
-1075
-808
-300
226
459
281
-201
-808
-1358
-1665
-1630
-1243
-590
222
1072
1818
2317
2471
2226
1595
697
-262
-1093
-1649
-1860
-1759
-1425
-960
-502
-221
-176
-317
-575
-921
-1287
-1509
-1444
-1095
-550
107
765
1302
1662
1814
1686
1293
795
327
-80
-425
-666
-756
-702
-577
-430
-295
-261
-393
-631
-866
-1056
-1179
-1161
-939
-502
66
630
1087
1394
1518
1433
1175
805
390
-11
-328
-496
-515
-461
-431
-477
-620
-832
-1047
-1180
-1203
-1122
-911
-477
171
876
1563
2297
2978
3264
2986
2321
1515
683
-56
-545
-718
-695
-582
-366
-77
87
-81
-558
-1169
-1701
-1969
-1845
-1345
-579
294
1136
1838
2285
2381
2106
1519
716
-147
-891
-1361
-1497
-1341
-1017
-633
-299
-148
-256
-550
-893
-1218
-1501
-1672
-1586
-1176
-544
146
781
1264
1498
1485
1321
1064
732
411
159
-41
-207
-303
-318
-305
-326
-399
-495
-607
-747
-881
-947
-948
-913
-788
-500
-56
450
894
1195
1339
1340
1222
1016
738
397
27
-287
-481
-572
-648
-776
-932
-1061
-1141
-1149
-1074
-931
-714
-382
67
558
1003
1412
1919
2500
2869
2788
2359
1783
1112
416
-140
-463
-635
-742
-745
-592
-415
-430
-692
-1067
-1400
-1564
-1446
-1030
-414
281
962
1533
1886
1948
1750
1373
864
275
-292
-708
-907
-905
-786
-642
-553
-585
-763
-1019
-1264
-1444
-1548
-1538
-1344
-934
-373
210
720
1084
1232
1162
996
837
680
525
385
255
86
-105
-296
-480
-664
-844
-963
-972
-909
-832
-736
-624
-522
-411
-217
81
444
794
1062
1222
1270
1190
992
692
307
-112
-486
-760
-932
-1043
-1144
-1221
-1226
-1140
-974
-741
-494
-240
53
373
658
929
1235
1648
2176
2662
2865
2701
2280
1658
885
104
-518
-922
-1126
-1157
-1010
-744
-533
-531
-718
-975
-1191
-1229
-1009
-545
76
744
1323
1710
1855
1769
1509
1109
565
-49
-573
-879
-955
-892
-789
-741
-760
-859
-1031
-1243
-1443
-1560
-1539
-1354
-1004
-500
84
628
1039
1260
1249
1069
854
691
563
454
340
197
16
-196
-429
-660
-853
-967
-948
-819
-644
-461
-280
-142
-54
35
173
348
535
729
915
1059
1080
927
630
268
-97
-419
-694
-928
-1103
-1188
-1197
-1130
-986
-808
-636
-462
-251
0
256
468
700
1003
1356
1754
2233
2652
2725
2386
1783
1049
254
-493
-1038
-1277
-1264
-1107
-860
-557
-341
-338
-537
-845
-1109
-1158
-916
-426
214
863
1391
1723
1828
1703
1403
965
424
-118
-530
-754
-805
-763
-755
-817
-926
-1097
-1339
-1585
-1742
-1730
-1531
-1187
-727
-175
374
809
1095
1195
1103
931
794
701
623
569
494
339
75
-266
-607
-881
-1050
-1070
-891
-599
-301
-29
190
304
321
281
233
257
390
583
777
926
932
760
467
126
-228
-588
-943
-1214
-1311
-1256
-1126
-939
-714
-482
-262
-67
116
304
465
595
762
1015
1333
1772
2281
2575
2434
1950
1293
519
-293
-979
-1357
-1416
-1260
-961
-554
-177
-42
-199
-539
-923
-1191
-1188
-865
-279
424
1078
1550
1767
1694
1401
995
526
6
-442
-696
-736
-634
-520
-508
-634
-873
-1208
-1561
-1820
-1888
-1730
-1354
-822
-201
427
942
1264
1379
1277
986
670
467
398
429
506
528
418
158
-223
-634
-956
-1108
-1058
-825
-491
-127
226
474
525
419
250
102
69
208
458
716
887
876
686
376
-1
-420
-835
-1180
-1362
-1323
-1143
-936
-723
-508
-326
-199
-130
-87
-13
118
269
482
797
1199
1704
2193
2426
2232
1725
1028
202
-572
-1096
-1255
-1099
-769
-374
20
264
188
-177
-680
-1165
-1449
-1395
-987
-274
576
1307
1745
1861
1679
1295
855
409
-17
-324
-446
-412
-306
-258
-373
-651
-1027
-1458
-1841
-2049
-2001
-1657
-1081
-408
254
817
1187
1323
1284
1078
761
510
430
528
712
859
844
611
177
-404
-946
-1280
-1370
-1215
-842
-351
125
472
589
473
243
-8
-164
-118
123
439
729
900
852
603
204
-269
-720
-1087
-1321
-1356
-1196
-993
-838
-707
-603
-533
-490
-439
-321
-123
102
342
686
1083
1449
1833
2178
2321
2084
1557
910
236
-349
-747
-803
-593
-313
-40
163
194
-78
-586
-1137
-1562
-1691
-1466
-883
-48
800
1444
1774
1788
1523
1098
673
316
60
-63
-67
-1
40
-68
-373
-819
-1321
-1798
-2134
-2222
-2006
-1509
-853
-159
472
924
1130
1123
980
751
517
425
488
688
905
996
901
538
10
-593
-1107
-1375
-1380
-1086
-612
-83
355
555
521
264
-47
-272
-345
-168
163
546
861
996
897
566
115
-375
-774
-1017
-1112
-1049
-890
-750
-705
-743
-804
-863
-841
-703
-427
-58
250
488
689
896
1119
1421
1790
2084
2125
1895
1492
977
410
-113
-428
-534
-502
-379
-229
-157
-325
-707
-1148
-1524
-1687
-1550
-1067
-311
489
1152
1549
1681
1585
1336
1064
803
590
425
299
202
71
-150
-506
-948
-1409
-1839
-2104
-2152
-1940
-1490
-900
-267
265
639
809
825
747
598
518
536
642
800
927
968
767
383
-99
-604
-968
-1147
-1078
-798
-417
-36
223
299
159
-88
-281
-372
-276
12
389
745
967
987
820
520
145
-216
-502
-683
-788
-793
-771
-811
-894
-1042
-1160
-1213
-1153
-962
-660
-281
-9
192
356
588
889
1225
1696
2189
2518
2458
2093
1613
980
283
-262
-522
-557
-534
-434
-329
-354
-618
-1062
-1459
-1757
-1805
-1491
-849
-57
681
1272
1631
1743
1662
1448
1210
964
711
501
339
211
24
-268
-662
-1112
-1540
-1897
-2073
-1993
-1670
-1177
-617
-110
252
427
451
401
321
329
451
681
937
1121
1197
1061
784
368
-71
-408
-626
-657
-544
-340
-152
-118
-231
-459
-676
-779
-751
-506
-108
331
694
897
933
819
595
314
33
-164
-299
-398
-464
-564
-702
-903
-1134
-1354
-1480
-1479
-1339
-1053
-698
-388
-147
104
423
826
1299
1875
2486
2904
2908
2604
2131
1473
706
63
-308
-483
-555
-510
-401
-422
-712
-1188
-1648
-2033
-2202
-1968
-1357
-554
268
991
1514
1772
1802
1691
1510
1275
1010
804
647
506
331
83
-281
-746
-1242
-1711
-2035
-2120
-1962
-1632
-1219
-816
-512
-324
-216
-140
-9
192
477
827
1151
1412
1520
1493
1303
977
624
278
14
-154
-240
-286
-390
-575
-833
-1088
-1227
-1230
-1035
-687
-285
100
374
516
556
545
515
469
431
406
352
274
110
-136
-422
-772
-1135
-1459
-1643
-1629
-1474
-1214
-911
-611
-374
-184
108
505
967
1526
2149
2707
2928
2813
2507
1985
1296
607
173
-48
-203
-228
-149
-122
-358
-841
-1365
-1883
-2266
-2318
-1955
-1297
-556
190
805
1166
1310
1338
1317
1250
1144
1086
1068
1039
986
851
564
104
-446
-996
-1493
-1822
-1926
-1871
-1742
-1607
-1461
-1338
-1242
-1073
-778
-378
64
537
1031
1405
1636
1758
1765
1666
1485
1296
1098
875
648
380
36
-420
-927
-1339
-1612
-1699
-1563
-1268
-941
-678
-488
-382
-311
-183
4
227
448
623
754
783
672
457
177
-160
-521
-798
-943
-979
-922
-836
-764
-733
-739
-709
-581
-300
97
598
1165
1646
1930
1990
1861
1586
1230
935
775
735
768
852
968
947
664
160
-430
-1021
-1511
-1762
-1717
-1455
-1109
-760
-474
-294
-227
-162
-54
78
226
429
708
975
1167
1243
1175
970
674
339
30
-238
-442
-595
-751
-947
-1162
-1356
-1496
-1537
-1435
-1217
-938
-608
-275
12
235
430
627
811
977
1126
1281
1397
1426
1354
1150
808
395
21
-256
-413
-453
-425
-412
-475
-623
-797
-937
-1026
-1020
-913
-736
-527
-319
-157
-85
-95
-145
-212
-253
-228
-124
38
202
333
378
304
125
-75
-185
-183
-82
96
297
432
437
342
201
48
-60
-70
48
279
584
936
1266
1461
1441
1224
902
558
272
115
70
68
50
-27
-165
-371
-602
-802
-938
-997
-976
-847
-627
-376
-136
39
143
191
226
265
306
355
392
388
305
136
-78
-278
-425
-495
-485
-452
-443
-465
-503
-541
-564
-524
-402
-217
0
241
494
700
812
809
707
526
333
215
206
277
368
430
415
280
35
-270
-569
-807
-946
-965
-899
-793
-691
-627
-622
-654
-688
-701
-667
-556
-360
-109
151
370
499
505
403
279
202
189
243
350
422
363
199
11
-147
-240
-230
-109
91
346
660
1011
1306
1444
1416
1276
1069
868
746
715
724
701
586
349
22
-325
-629
-874
-1075
-1212
-1242
-1150
-965
-720
-476
-289
-161
-68
4
65
144
260
379
429
372
233
66
-82
-176
-208
-219
-251
-324
-429
-543
-652
-705
-675
-561
-393
-191
39
268
458
567
571
472
309
167
122
190
317
433
485
435
281
52
-197
-424
-603
-718
-753
-723
-658
-581
-516
-484
-487
-502
-491
-443
-330
-153
62
270
429
514
489
377
234
127
88
131
252
338
276
72
-161
-332
-404
-357
-229
-47
195
527
929
1285
1464
1451
1325
1144
969
879
881
917
897
731
395
-34
-423
-699
-883
-1058
-1254
-1387
-1402
-1296
-1094
-862
-650
-466
-278
-88
102
304
513
699
779
710
539
355
209
117
73
5
-116
-280
-464
-651
-806
-893
-902
-828
-691
-509
-273
-24
199
364
443
433
386
362
387
467
572
653
688
642
502
289
53
-175
-364
-495
-581
-627
-640
-636
-631
-641
-665
-678
-657
-597
-493
-329
-120
87
258
371
408
375
313
241
164
107
122
227
317
267
73
-169
-364
-433
-343
-166
26
242
519
854
1159
1325
1332
1233
1076
924
871
914
976
954
759
377
-80
-452
-671
-794
-928
-1102
-1236
-1272
-1205
-1052
-862
-679
-494
-283
-67
136
341
540
674
681
571
414
285
216
205
195
111
-66
-284
-501
-695
-828
-860
-799
-681
-531
-353
-165
-5
110
170
176
158
175
256
385
516
621
679
671
588
435
245
63
-83
-186
-260
-328
-411
-508
-610
-696
-753
-784
-792
-771
-714
-619
-487
-326
-169
-34
76
170
244
285
285
236
155
108
181
355
468
406
216
-2
-144
-124
29
189
295
408
614
913
1183
1318
1288
1106
834
629
574
610
645
585
368
25
-305
-499
-572
-642
-784
-933
-1018
-1018
-906
-705
-507
-353
-202
-44
80
156
224
283
271
172
59
7
-1
27
82
99
16
-138
-296
-424
-501
-475
-332
-143
-4
68
115
137
126
91
42
-15
-43
0
100
205
285
328
317
238
111
-3
-71
-99
-110
-112
-131
-190
-277
-370
-456
-518
-545
-540
-521
-509
-484
-423
-321
-203
-103
-30
31
96
150
150
97
6
-86
-116
9
243
402
387
251
72
-71
-80
46
211
349
506
757
1078
1327
1400
1297
1034
674
381
268
296
381
425
328
78
-201
-384
-465
-546
-692
-835
-899
-867
-730
-529
-361
-254
-154
-57
-11
-22
-35
-29
-43
-88
-114
-96
-52
8
85
132
105
37
-13
-46
-69
-42
46
135
162
125
60
-14
-91
-148
-177
-193
-187
-124
-15
85
138
144
108
44
-20
-45
-21
19
41
42
19
-45
-141
-256
-378
-482
-550
-581
-587
-582
-558
-504
-415
-310
-209
-119
-34
53
113
103
30
-62
-132
-128
21
280
471
489
364
173
6
-25
90
257
396
527
705
930
1117
1169
1054
789
460
234
219
368
552
650
573
320
17
-196
-301
-373
-452
-504
-509
-474
-403
-317
-266
-259
-252
-242
-264
-302
-305
-254
-186
-141
-108
-60
-5
59
142
225
273
278
244
163
54
-20
-27
-4
-13
-76
-169
-272
-347
-377
-368
-347
-305
-219
-110
-20
46
90
112
106
91
94
123
152
161
142
79
-31
-179
-349
-515
-640
-702
-697
-650
-591
-532
-468
-395
-308
-210
-116
-33
31
53
14
-39
-63
-48
22
187
394
515
500
390
234
101
83
181
318
445
571
728
901
1010
995
860
637
394
242
237
323
422
467
397
210
8
-115
-152
-164
-193
-239
-292
-333
-336
-313
-307
-318
-311
-294
-295
-312
-301
-256
-210
-176
-139
-97
-55
7
91
171
210
203
154
64
-45
-118
-121
-100
-121
-186
-273
-357
-398
-361
-267
-170
-86
-5
66
119
156
183
190
165
127
109
110
105
80
23
-80
-218
-358
-483
-581
-634
-622
-558
-475
-394
-321
-261
-197
-117
-27
63
137
179
165
100
13
-50
-67
-40
22
102
170
201
201
169
124
104
141
218
312
424
559
699
810
861
831
733
610
501
428
393
377
359
324
256
167
87
11
-73
-165
-269
-376
-447
-473
-469
-445
-409
-358
-305
-261
-241
-223
-191
-134
-56
28
100
153
196
232
252
243
199
125
30
-72
-159
-215
-252
-286
-322
-361
-383
-361
-293
-202
-123
-59
-1
63
133
200
252
278
270
237
184
122
48
-35
-129
-230
-327
-409
-470
-510
-522
-511
-486
-451
-414
-377
-341
-303
-262
-218
-162
-110
-75
-63
-75
-98
-114
-116
-98
-59
-1
70
158
235
282
307
328
352
396
464
529
593
666
741
799
821
787
704
596
490
407
366
345
329
299
235
133
20
-82
-171
-248
-313
-364
-394
-397
-377
-344
-309
-281
-255
-228
-194
-141
-61
27
98
139
155
154
150
147
136
105
51
-18
-95
-172
-239
-289
-319
-328
-318
-290
-252
-203
-154
-114
-79
-40
10
72
134
175
181
154
100
29
-47
-120
-181
-225
-251
-270
-282
-295
-311
-324
-338
-353
-356
-347
-330
-310
-285
-259
-229
-204
-192
-194
-207
-222
-226
-212
-188
-159
-116
-53
35
140
250
343
406
441
467
500
539
591
648
701
752
794
816
803
751
660
559
468
403
369
349
317
257
178
86
-12
-102
-174
-231
-281
-325
-353
-363
-357
-338
-308
-278
-244
-194
-129
-64
-9
28
43
43
37
29
25
21
3
-28
-70
-128
-193
-244
-277
-291
-277
-245
-212
-184
-155
-122
-90
-63
-32
7
41
60
67
57
22
-24
-68
-110
-145
-166
-174
-174
-168
-169
-182
-205
-234
-267
-295
-318
-330
-337
-338
-338
-340
-344
-350
-356
-360
-363
-359
-336
-301
-252
-189
-114
-22
85
191
292
380
448
499
539
570
601
640
683
729
768
788
787
765
717
652
578
507
444
397
356
314
268
212
148
72
-11
-98
-178
-238
-274
-285
-275
-257
-235
-208
-178
-150
-120
-93
-73
-60
-54
-53
-52
-48
-49
-55
-78
-120
-158
-189
-214
-231
-242
-250
-250
-236
-211
-181
-146
-115
-87
-61
-37
-16
12
34
48
46
29
3
-24
-45
-66
-86
-104
-121
-138
-154
-174
-205
-241
-282
-327
-364
-395
-415
-423
-425
-418
-411
-401
-389
-370
-345
-308
-257
-197
-129
-58
15
91
171
248
317
383
438
482
521
549
571
592
604
607
608
607
602
596
578
543
506
470
432
398
364
326
288
245
194
138
69
-7
-74
-127
-169
-190
-193
-190
-190
-190
-194
-195
-188
-180
-170
-161
-155
-150
-141
-138
-141
-146
-156
-173
-192
-210
-219
-218
-212
-208
-207
-199
-182
-152
-116
-83
-54
-30
-10
7
28
52
79
102
112
111
101
85
69
48
23
-12
-50
-88
-130
-173
-223
-272
-320
-367
-411
-445
-468
-477
-476
-467
-456
-438
-412
-377
-334
-284
-228
-161
-90
-20
52
121
185
242
289
326
359
389
416
445
467
483
497
508
517
531
546
553
549
536
512
487
469
451
425
391
346
296
242
183
121
62
10
-30
-60
-79
-87
-88
-92
-104
-120
-138
-148
-148
-141
-136
-137
-141
-147
-155
-163
-172
-186
-200
-215
-224
-227
-220
-210
-198
-188
-183
-167
-144
-119
-91
-65
-38
-14
17
50
78
104
121
126
117
97
69
39
2
-41
-87
-137
-189
-244
-300
-355
-404
-445
-477
-500
-514
-518
-508
-489
-461
-430
-395
-355
-310
-260
-204
-142
-76
-9
54
109
157
197
236
270
298
319
335
350
366
387
408
427
444
459
475
488
498
501
493
481
461
440
418
391
358
314
263
208
157
115
83
55
32
10
-9
-26
-42
-58
-77
-99
-118
-128
-130
-126
-117
-108
-107
-110
-120
-134
-145
-153
-160
-164
-164
-162
-156
-147
-137
-127
-114
-101
-85
-64
-39
-10
21
51
74
93
104
111
108
95
74
50
22
-12
-50
-90
-132
-176
-223
-271
-322
-366
-401
-428
-445
-453
-451
-437
-414
-390
-366
-346
-326
-303
-272
-233
-190
-139
-86
-33
13
49
75
98
118
140
168
201
239
279
313
337
357
374
388
400
410
420
430
436
434
424
400
367
329
288
248
212
181
154
130
110
92
74
56
38
26
18
12
8
6
4
5
8
12
13
13
7
-2
-14
-30
-46
-61
-75
-81
-84
-86
-86
-85
-84
-81
-77
-68
-55
-35
-14
5
26
43
54
57
52
41
28
12
-4
-25
-52
-85
-128
-176
-226
-273
-318
-356
-388
-416
-435
-445
-448
-446
-443
-436
-424
-403
-380
-355
-327
-298
-267
-233
-197
-160
-121
-83
-48
-17
8
32
55
77
99
123
152
182
216
246
267
286
299
308
317
325
329
332
336
332
325
312
294
275
258
242
233
226
221
218
214
207
198
185
170
158
152
150
152
155
157
155
150
139
124
111
97
82
69
58
48
42
36
27
20
14
9
8
10
12
16
19
23
25
25
27
26
24
15
1
-17
-36
-54
-76
-101
-130
-161
-197
-236
-278
-320
-360
-396
-424
-449
-468
-480
-486
-485
-482
-478
-472
-465
-447
-425
-396
-362
-328
-291
-254
-219
-187
-158
-127
-97
-66
-34
0
34
63
89
109
127
148
169
190
207
220
230
240
247
252
253
256
256
256
257
257
258
261
265
269
274
278
283
286
285
282
276
267
260
253
249
245
243
237
227
213
195
174
153
131
110
93
78
69
63
58
54
49
45
38
33
31
32
36
42
49
53
57
58
54
46
35
23
10
-8
-31
-54
-78
-107
-140
-178
-221
-265
-308
-347
-386
-419
-448
-471
-489
-506
-519
-522
-520
-513
-502
-491
-474
-449
-418
-382
-345
-309
-274
-240
-209
-178
-147
-115
-79
-42
-6
25
50
72
91
111
129
141
154
168
183
198
212
223
232
242
248
254
262
269
280
292
300
306
315
321
330
337
339
338
335
330
323
313
302
289
277
265
250
234
212
187
163
136
112
91
76
67
65
65
67
69
69
64
61
61
63
72
78
87
96
103
109
110
107
100
90
75
54
28
-4
-38
-75
-115
-157
-199
-242
-286
-331
-377
-422
-460
-493
-519
-540
-553
-559
-559
-554
-549
-544
-535
-521
-497
-464
-427
-392
-354
-322
-293
-268
-244
-216
-183
-145
-106
-71
-40
-16
4
20
34
49
70
91
112
134
155
177
197
217
234
250
268
285
302
318
333
348
363
380
395
411
424
433
432
423
409
392
376
361
345
331
314
295
270
238
203
164
132
109
93
88
89
93
96
94
89
84
82
85
92
104
114
126
136
144
148
147
142
133
121
105
79
45
6
-37
-84
-128
-170
-210
-248
-291
-337
-383
-427
-463
-488
-504
-515
-522
-526
-532
-533
-533
-531
-522
-509
-488
-458
-422
-386
-353
-328
-309
-292
-275
-256
-231
-201
-170
-137
-111
-90
-71
-52
-34
-13
12
39
67
98
129
156
183
205
226
247
269
291
312
329
344
357
369
381
393
406
414
414
404
388
366
343
326
313
304
295
283
270
249
223
196
169
147
134
128
129
136
141
145
144
136
127
118
113
114
118
123
126
127
127
123
115
100
79
57
31
5
-25
-54
-86
-115
-144
-173
-201
-229
-258
-286
-317
-346
-368
-385
-395
-399
-405
-415
-428
-440
-451
-455
-452
-443
-430
-413
-392
-371
-352
-339
-326
-311
-296
-277
-254
-230
-201
-170
-138
-107
-80
-54
-30
-5
23
50
77
104
129
155
178
196
211
224
236
243
250
258
269
283
296
307
315
317
317
316
313
306
302
297
295
292
290
287
282
274
260
244
228
216
207
201
194
189
183
178
171
162
151
138
126
117
113
113
114
115
114
109
99
86
69
52
29
6
-18
-39
-58
-77
-94
-115
-137
-165
-193
-223
-250
-272
-291
-308
-324
-337
-348
-358
-365
-373
-385
-396
-401
-398
-389
-377
-365
-356
-346
-336
-325
-313
-297
-280
-261
-244
-224
-199
-170
-140
-111
-86
-64
-44
-25
-3
17
37
56
74
91
106
121
137
153
164
172
177
183
192
204
217
231
240
246
250
251
253
258
266
275
285
291
296
299
297
288
274
260
247
240
236
232
225
215
202
190
178
167
157
150
144
138
135
134
131
126
116
102
87
72
59
45
29
10
-8
-25
-42
-59
-78
-99
-120
-144
-169
-195
-218
-235
-248
-262
-274
-284
-293
-301
-309
-315
-323
-329
-331
-330
-327
-320
-311
-303
-295
-288
-284
-274
-261
-246
-229
-210
-191
-172
-152
-133
-116
-98
-86
-71
-54
-36
-19
-1
15
28
37
47
57
70
83
93
103
114
123
132
140
149
155
162
169
177
188
199
212
223
235
241
247
250
253
253
250
245
237
228
221
215
210
206
199
190
181
172
163
155
148
141
137
136
134
131
125
117
109
98
86
73
59
47
35
23
9
-8
-26
-42
-61
-79
-98
-115
-130
-144
-157
-170
-181
-191
-199
-208
-214
-221
-225
-228
-232
-235
-239
-240
-239
-237
-232
-227
-223
-218
-213
-207
-202
-195
-187
-175
-164
-155
-146
-138
-131
-123
-114
-102
-89
-76
-62
-52
-40
-31
-23
-14
-5
3
14
25
36
49
58
66
73
82
92
103
117
131
147
161
173
180
183
186
186
190
192
194
195
193
191
187
183
180
175
169
163
159
156
155
153
151
148
144
141
140
140
138
136
131
124
116
106
97
88
79
69
58
43
29
13
-3
-21
-38
-53
-68
-82
-97
-112
-124
-138
-147
-157
-166
-172
-175
-179
-181
-185
-190
-194
-198
-198
-199
-198
-195
-192
-188
-183
-177
-173
-169
-164
-159
-154
-150
-144
-138
-130
-122
-110
-99
-89
-80
-71
-62
-52
-41
-29
-18
-8
1
11
20
30
40
51
59
69
79
91
104
116
127
136
143
147
149
151
152
155
156
155
152
147
144
143
142
141
137
133
130
126
123
122
121
122
122
123
122
119
118
115
111
108
101
94
86
78
69
61
50
39
28
19
10
2
-8
-17
-26
-37
-47
-59
-68
-78
-85
-92
-99
-103
-108
-115
-123
-128
-134
-140
-146
-149
-153
-155
-154
-154
-154
-153
-152
-149
-145
-143
-139
-137
-133
-128
-123
-114
-109
-102
-94
-85
-79
-72
-64
-56
-49
-41
-35
-29
-23
-15
-6
-1
4
11
17
24
31
39
46
53
60
68
75
80
88
93
96
98
101
105
109
112
114
113
113
114
115
116
116
115
114
112
112
113
114
114
115
113
112
110
109
107
106
104
98
92
86
78
72
64
58
51
41
31
23
12
3
-7
-14
-23
-32
-40
-48
-56
-63
-69
-79
-84
-90
-95
-97
-100
-103
-106
-109
-111
-111
-111
-112
-111
-113
-113
-113
-112
-111
-111
-111
-108
-107
-102
-97
-93
-88
-83
-78
-74
-69
-64
-58
-52
-45
-41
-37
-33
-29
-23
-17
-14
-10
-7
-3
3
7
12
15
20
23
27
33
38
43
47
51
54
56
59
63
68
70
73
75
75
78
79
80
84
87
90
93
97
101
106
108
109
108
108
107
107
106
104
100
95
90
86
81
74
69
60
51
41
30
19
8
-1
-9
-15
-24
-33
-43
-53
-60
-66
-73
-79
-83
-86
-88
-90
-92
-94
-94
-97
-96
-95
-94
-92
-89
-89
-90
-90
-89
-88
-87
-85
-82
-80
-75
-71
-69
-65
-62
-58
-53
-50
-46
-42
-38
-34
-33
-29
-27
-27
-23
-19
-14
-9
-2
2
7
9
11
14
20
27
32
37
42
46
49
50
51
53
56
60
62
65
68
70
73
75
78
81
84
87
91
95
97
99
100
98
98
97
95
94
90
86
84
79
76
71
65
59
52
45
39
31
24
17
8
-1
-9
-14
-21
-27
-32
-37
-45
-49
-55
-59
-62
-66
-68
-69
-69
-72
-74
-77
-81
-82
-82
-83
-82
-83
-81
-82
-81
-80
-78
-76
-72
-69
-65
-61
-57
-51
-48
-44
-43
-41
-40
-39
-37
-36
-35
-35
-35
-34
-33
-33
-31
-29
-26
-23
-21
-18
-16
-14
-10
-5
-3
1
5
9
13
15
18
23
25
29
33
39
45
49
51
54
57
61
65
71
76
80
82
85
87
89
89
90
90
89
88
87
86
83
81
79
74
71
65
60
57
51
46
41
36
31
27
23
19
15
10
5
1
-4
-8
-11
-14
-19
-24
-29
-34
-38
-42
-46
-50
-55
-59
-62
-64
-65
-66
-66
-66
-68
-66
-66
-63
-62
-59
-57
-56
-54
-53
-52
-53
-54
-55
-54
-53
-56
-56
-55
-57
-57
-55
-54
-54
-50
-49
-48
-45
-41
-36
-32
-31
-25
-21
-17
-13
-8
-1
2
6
13
17
23
28
34
39
43
47
52
57
60
65
69
74
77
80
81
82
82
82
82
83
85
85
85
85
85
84
81
77
74
72
69
66
63
60
55
50
44
38
32
26
19
16
10
4
-4
-11
-15
-22
-27
-33
-37
-42
-47
-51
-56
-60
-62
-65
-67
-70
-70
-69
-70
-69
-69
-68
-67
-65
-63
-61
-60
-59
-60
-62
-65
-67
-68
-70
-73
-75
-75
-75
-75
-74
-75
-75
-73
-69
-65
-61
-54
-49
-45
-38
-32
-26
-20
-12
-4
3
10
16
22
25
30
35
41
46
52
57
61
66
71
75
78
83
86
89
94
97
100
103
106
109
109
111
111
112
112
112
110
107
104
101
98
93
89
85
79
74
65
59
50
43
37
29
23
16
10
4
-4
-13
-22
-30
-38
-45
-52
-57
-64
-69
-74
-79
-83
-86
-90
-91
-92
-93
-93
-92
-92
-90
-89
-88
-86
-83
-82
-82
-82
-84
-84
-85
-86
-85
-86
-85
-84
-84
-82
-79
-75
-72
-67
-64
-59
-52
-45
-39
-31
-26
-20
-12
-6
1
8
15
22
29
34
36
38
42
46
49
56
60
64
69
71
72
73
75
77
82
84
86
89
90
92
92
92
91
91
89
87
85
84
83
81
78
76
73
69
66
61
58
55
50
44
38
34
31
25
20
16
11
6
0
-9
-16
-22
-28
-33
-38
-44
-49
-51
-55
-59
-65
-68
-72
-72
-73
-74
-75
-74
-73
-71
-70
-71
-71
-70
-71
-71
-70
-71
-68
-66
-65
-63
-62
-60
-59
-58
-56
-53
-51
-47
-43
-39
-36
-34
-31
-29
-26
-25
-21
-16
-12
-7
-4
1
4
8
11
15
20
25
31
34
41
46
50
53
57
59
61
63
65
68
70
72
74
77
76
75
72
70
69
67
67
66
65
64
64
64
61
59
55
52
50
47
45
44
41
39
36
33
29
25
21
15
9
4
-1
-5
-8
-11
-14
-19
-24
-28
-32
-35
-39
-44
-46
-49
-50
-51
-51
-53
-53
-55
-58
-61
-64
-65
-67
-68
-68
-68
-70
-72
-73
-72
-73
-73
-73
-72
-71
-68
-66
-64
-62
-57
-54
-51
-47
-44
-40
-36
-32
-29
-25
-21
-16
-13
-8
-4
-1
6
10
15
21
25
30
34
39
42
45
46
50
52
55
57
61
64
67
69
70
73
73
74
75
77
77
80
81
82
84
84
84
83
81
78
77
76
74
70
67
62
57
52
45
40
34
27
20
15
9
5
-1
-8
-15
-20
-24
-30
-34
-39
-43
-47
-49
-51
-53
-53
-55
-57
-60
-63
-64
-66
-68
-71
-74
-75
-76
-77
-77
-80
-82
-84
-86
-88
-85
-85
-84
-81
-77
-77
-73
-72
-69
-65
-62
-57
-51
-45
-40
-33
-28
-23
-18
-13
-8
-3
3
9
16
21
26
29
35
38
41
45
47
51
53
56
60
63
64
66
68
70
73
74
79
82
83
84
86
89
89
90
90
91
92
89
89
88
86
86
83
78
72
68
61
56
50
44
38
31
26
20
12
6
-1
-8
-15
-22
-28
-32
-36
-41
-46
-52
-54
-56
-57
-60
-63
-67
-70
-71
-73
-74
-75
-78
-80
-80
-80
-84
-86
-87
-88
-87
-87
-85
-86
-85
-85
-84
-82
-79
-77
-74
-72
-70
-66
-62
-58
-54
-50
-46
-42
-36
-32
-27
-22
-16
-10
-4
1
7
12
18
24
31
37
44
47
52
57
60
64
69
73
76
79
83
87
88
89
91
93
94
94
95
96
96
95
97
95
95
94
91
88
86
84
82
80
77
73
69
63
59
54
48
41
34
27
20
13
6
0
-8
-15
-22
-28
-35
-41
-48
-55
-61
-65
-69
-73
-76
-79
-82
-85
-87
-88
-89
-90
-89
-88
-87
-88
-89
-89
-87
-86
-84
-82
-80
-78
-77
-74
-72
-71
-68
-66
-60
-57
-53
-49
-44
-40
-36
-31
-27
-23
-17
-10
-4
1
6
10
16
21
23
28
32
36
40
43
46
48
52
57
59
62
65
67
69
72
73
74
76
78
79
81
81
82
84
84
84
83
81
80
79
76
74
71
66
62
57
53
49
44
40
33
27
23
16
10
4
-2
-7
-12
-18
-22
-27
-31
-34
-38
-43
-45
-48
-50
-55
-57
-59
-61
-64
-64
-66
-66
-67
-69
-69
-70
-71
-71
-72
-71
-71
-71
-70
-67
-66
-65
-64
-62
-61
-59
-56
-52
-48
-44
-40
-35
-32
-28
-24
-20
-16
-10
-7
-4
-1
3
8
12
15
18
21
24
26
27
31
33
35
36
35
36
38
41
42
41
43
45
47
49
50
51
54
56
58
60
63
64
65
65
66
66
64
64
63
61
59
57
54
50
47
42
38
34
30
27
23
20
16
13
9
6
5
2
-1
-3
-6
-9
-12
-14
-16
-17
-19
-20
-24
-27
-29
-31
-34
-36
-38
-40
-42
-45
-47
-49
-52
-54
-55
-56
-57
-57
-57
-58
-57
-58
-58
-59
-58
-56
-55
-53
-51
-49
-48
-47
-45
-43
-41
-37
-34
-31
-28
-26
-22
-20
-17
-14
-11
-9
-5
-1
0
4
6
9
12
14
16
21
24
25
29
30
35
37
40
43
45
47
49
51
55
57
59
59
60
62
63
63
64
63
62
60
59
58
56
54
52
50
48
46
42
39
35
32
27
22
20
19
17
14
11
7
3
-1
-5
-7
-10
-15
-18
-22
-25
-27
-32
-36
-39
-43
-47
-49
-51
-54
-54
-57
-58
-58
-59
-59
-59
-59
-60
-58
-60
-57
-57
-56
-57
-55
-54
-51
-50
-47
-46
-45
-42
-38
-35
-32
-29
-27
-24
-21
-18
-15
-12
-9
-6
-1
4
8
13
16
20
22
27
31
35
40
44
48
51
55
58
61
63
63
64
65
65
66
66
65
63
62
60
59
57
56
56
54
53
51
50
49
47
44
41
39
36
34
30
27
23
21
18
14
11
8
5
0
-6
-11
-15
-19
-24
-29
-33
-36
-37
-39
-42
-44
-48
-51
-53
-55
-55
-55
-55
-53
-54
-56
-56
-56
-56
-56
-55
-54
-54
-53
-51
-51
-50
-50
-48
-48
-48
-46
-44
-41
-40
-40
-40
-41
-39
-37
-35
-35
-32
-27
-24
-20
-16
-11
-5
0
4
8
14
17
20
22
25
28
29
33
35
38
40
43
45
48
49
51
53
55
56
58
60
61
61
60
61
60
60
61
61
60
60
60
59
57
54
53
49
47
43
41
38
35
33
30
28
24
20
15
12
9
7
5
2
-1
-3
-6
-9
-14
-18
-22
-25
-29
-33
-36
-38
-39
-41
-44
-46
-48
-50
-53
-56
-57
-59
-59
-58
-59
-58
-60
-60
-60
-61
-60
-58
-55
-52
-52
-49
-48
-45
-43
-39
-37
-34
-30
-28
-24
-23
-20
-16
-13
-10
-6
-2
0
4
7
9
11
13
16
19
24
27
32
35
39
43
45
47
49
50
52
54
58
60
61
60
61
60
59
59
59
60
59
57
54
52
48
44
41
38
35
30
28
24
22
20
16
13
10
7
5
3
-1
-2
-4
-8
-10
-14
-18
-20
-22
-24
-27
-29
-31
-36
-39
-41
-44
-46
-48
-52
-52
-53
-54
-55
-55
-57
-57
-57
-56
-56
-54
-53
-52
-50
-49
-49
-47
-45
-42
-37
-36
-33
-30
-27
-24
-21
-17
-14
-11
-9
-4
-1
4
5
7
10
13
16
19
22
24
27
30
32
35
37
38
39
40
42
45
45
46
48
47
47
48
48
48
49
51
52
50
49
48
49
48
46
44
43
41
40
38
36
33
31
30
26
26
23
20
16
13
9
6
3
-1
-2
-6
-8
-11
-14
-16
-18
-20
-21
-22
-25
-28
-29
-30
-30
-32
-33
-33
-34
-36
-35
-38
-38
-38
-38
-39
-41
-41
-41
-43
-44
-43
-43
-42
-41
-42
-42
-42
-42
-40
-38
-38
-37
-35
-33
-32
-30
-27
-26
-21
-16
-13
-10
-7
-6
-3
0
4
6
10
13
15
16
18
21
24
25
27
27
29
31
31
33
33
34
35
34
35
35
35
35
36
36
37
35
35
34
33
32
34
34
34
33
32
31
29
26
24
24
23
22
20
17
14
13
11
8
7
5
4
2
-1
-3
-6
-10
-11
-13
-15
-16
-19
-20
-20
-24
-24
-24
-26
-25
-26
-28
-29
-30
-31
-30
-29
-28
-29
-29
-29
-29
-28
-27
-26
-26
-27
-25
-26
-26
-25
-23
-23
-22
-21
-20
-18
-15
-14
-11
-11
-8
-6
-4
-3
-1
2
4
6
8
11
13
15
17
18
19
20
21
23
23
24
25
25
25
25
26
27
27
27
27
27
27
26
27
26
26
26
24
24
23
21
21
19
18
16
13
11
11
11
9
9
7
7
6
3
3
1
1
0
0
-1
-3
-5
-6
-9
-10
-11
-11
-13
-13
-14
-15
-16
-19
-21
-21
-23
-24
-24
-26
-25
-27
-26
-26
-27
-27
-28
-28
-28
-27
-26
-25
-22
-22
-22
-21
-20
-21
-21
-19
-17
-15
-13
-12
-12
-10
-9
-8
-7
-5
-4
-4
-3
-1
0
2
3
4
5
8
8
11
10
12
13
15
17
18
19
19
20
21
21
23
25
27
28
29
29
29
28
30
30
29
27
26
25
22
21
19
18
18
17
16
14
14
14
13
10
11
9
7
7
4
3
2
1
0
0
-2
-2
-1
-3
-3
-5
-4
-5
-5
-7
-8
-8
-8
-9
-10
-10
-12
-12
-13
-16
-17
-18
-17
-18
-19
-21
-22
-22
-22
-22
-23
-23
-21
-20
-20
-22
-21
-21
-20
-19
-17
-16
-16
-15
-15
-14
-12
-9
-8
-7
-6
-5
-2
-2
0
2
2
4
5
6
5
4
4
6
6
9
10
10
13
14
14
16
16
17
18
18
17
18
18
19
18
18
18
19
19
18
18
16
15
14
13
12
12
11
10
7
7
4
5
4
4
3
0
-1
-2
-4
-5
-5
-5
-5
-6
-6
-6
-7
-7
-7
-7
-8
-8
-9
-9
-9
-9
-8
-8
-10
-11
-14
-13
-13
-13
-12
-13
-13
-14
-15
-16
-14
-16
-14
-13
-12
-11
-8
-7
-7
-8
-6
-6
-6
-5
-4
-2
-2
-1
-1
1
1
2
2
2
4
5
4
5
3
5
5
5
7
7
7
8
8
9
9
10
9
10
10
10
10
11
12
14
14
13
14
13
14
14
14
14
13
13
11
11
10
11
11
13
11
9
9
8
8
7
5
5
6
4
3
3
1
-1
-2
-2
-2
-2
-4
-6
-6
-6
-7
-7
-9
-9
-10
-11
-11
-13
-12
-12
-11
-11
-12
-13
-15
-13
-14
-16
-14
-14
-13
-13
-13
-13
-13
-14
-13
-13
-13
-12
-11
-10
-11
-10
-9
-10
-9
-8
-8
-8
-6
-6
-5
-5
-5
-4
-3
-3
-1
-1
0
0
2
5
7
7
7
7
6
9
11
11
11
13
12
11
10
11
12
12
13
13
13
14
16
15
15
16
16
17
18
17
16
17
17
17
16
12
12
12
11
9
7
6
6
5
3
2
0
-2
-3
-4
-5
-5
-4
-5
-7
-8
-8
-7
-8
-9
-9
-11
-11
-12
-12
-13
-14
-14
-12
-13
-14
-13
-15
-14
-14
-14
-14
-12
-13
-13
-13
-12
-12
-11
-10
-9
-9
-9
-6
-5
-5
-4
-3
-2
0
0
0
0
0
0
2
3
4
4
3
4
3
5
5
6
6
6
7
7
9
9
10
11
11
11
11
12
12
12
12
13
14
13
13
13
12
12
12
12
13
12
10
11
12
12
10
11
9
7
6
5
3
3
3
2
1
1
1
-1
-2
-4
-4
-4
-3
-4
-5
-6
-7
-8
-9
-10
-11
-11
-10
-9
-11
-13
-14
-16
-16
-15
-14
-13
-14
-15
-15
-16
-14
-14
-13
-13
-12
-11
-10
-8
-8
-7
-7
-8
-7
-8
-5
-4
-4
-3
-3
-3
-3
-4
-4
-3
-3
-2
-1
1
0
0
0
1
1
2
3
4
5
5
6
6
7
7
10
11
12
12
13
13
12
13
13
12
13
13
14
14
14
15
14
15
15
14
13
13
12
11
10
10
9
9
7
6
6
8
8
7
7
5
4
3
3
2
2
1
0
-2
-4
-5
-5
-5
-7
-7
-8
-8
-7
-8
-9
-10
-13
-12
-13
-14
-14
-13
-13
-13
-13
-14
-15
-13
