-2
-1
1
2
2
2
0
1
3
3
0
1
2
2
3
3
3
1
1
0
-2
-1
0
1
1
-1
0
-1
-2
-2
-2
-3
-2
0
-1
0
-1
-2
-1
-1
-1
-1
-1
-2
-2
-1
0
-1
-1
-2
-2
-1
-2
-1
-3
0
2
2
1
0
-1
-1
-1
-1
1
1
-1
0
-1
-1
-1
-1
0
0
0
-1
2
2
2
3
3
4
1
3
1
2
2
2
3
2
2
2
1
1
2
1
-1
1
0
0
1
3
4
3
0
-2
-2
-3
-2
-2
-2
-1
-1
1
1
0
-3
-3
-3
-2
-2
-1
-2
1
1
0
-1
-1
-1
-1
0
0
1
1
1
0
-1
-2
-2
-1
2
3
2
1
0
1
0
0
-1
-1
-2
0
-1
-2
-2
1
1
0
0
-1
1
2
2
1
0
-1
0
0
1
1
1
0
0
1
1
1
1
-1
-2
-1
0
2
2
3
2
2
0
-2
-2
1
2
1
1
0
1
1
0
-2
-2
-3
-1
-1
0
1
0
0
0
0
-2
-1
-1
-3
-3
-2
-3
-3
-4
-3
0
-1
-2
-4
-4
-4
0
-1
-2
-1
-1
-2
-1
0
1
1
2
1
1
2
2
1
3
3
3
4
3
2
4
4
2
3
2
2
3
0
1
2
1
2
-2
-1
3
0
-1
1
-1
0
3
0
3
1
-3
1
4
2
0
2
0
0
1
-4
-2
1
-4
-3
-2
-4
-4
-2
-6
-3
-2
-4
3
3
-2
-2
-1
-1
-1
0
-1
4
1
0
2
-1
5
2
-2
3
0
0
4
1
0
1
-6
-2
1
-6
-1
0
-5
0
-3
-2
1
-1
-2
-3
-2
-2
0
1
5
4
2
3
1
3
0
-2
3
1
1
2
2
0
4
-3
-2
3
-4
0
1
-5
3
-2
-5
6
-1
-4
9
-1
-2
8
-7
-3
4
-7
-2
6
-3
-1
3
-4
5
1
-10
5
-1
-6
2
-6
-4
0
-4
-2
5
-7
-4
4
-5
6
0
-5
8
0
-2
3
5
3
2
4
1
4
-2
-4
5
-2
3
2
2
5
-1
2
-4
4
4
-4
8
1
5
-1
-1
3
-5
3
-5
8
4
-5
11
-5
2
1
-4
3
4
8
-6
5
3
-6
4
-4
2
0
-3
-1
-3
6
-7
2
-2
-10
4
-8
2
4
-7
-6
3
4
-7
13
1
-7
10
-13
3
9
-7
6
4
-5
5
7
-10
4
4
-19
10
-1
-8
8
-14
-3
1
-9
-5
1
-8
-13
0
-11
1
1
-15
1
-6
-13
-2
1
-2
-1
-1
-6
10
2
-6
10
0
0
8
9
4
12
10
-7
16
5
-6
16
1
2
13
-2
3
13
-6
-9
10
-15
-7
2
-10
8
6
2
-3
0
-6
-10
6
10
1
6
5
0
15
7
-4
4
-9
-15
11
8
4
11
-7
-11
7
4
-5
10
-3
-13
-2
-2
8
4
-13
-16
-8
-13
-11
8
-5
-6
-1
-12
-2
-10
-8
-11
-4
3
-1
11
6
8
-11
-5
-5
-12
10
-12
4
26
1
16
21
-8
11
2
-14
28
16
-14
36
12
-2
37
-17
-10
1
-30
2
9
8
5
-10
-2
-5
-11
-3
-8
-16
6
2
-5
43
-6
-16
13
-33
-5
17
-12
17
40
-13
30
35
-15
10
3
-29
16
2
-17
27
-4
-10
-8
-22
-33
-31
-25
-25
-11
5
-11
-8
2
-9
-15
-6
-15
-20
4
-2
12
14
4
-14
-1
-12
-6
23
-3
1
29
3
23
34
-2
12
9
-18
1
16
-26
22
15
-22
22
-1
-7
-12
-3
-22
-16
30
-37
35
21
-25
16
-10
-34
-10
15
-49
25
0
-33
54
-23
-14
24
-13
-17
49
-9
13
73
-30
48
35
-27
30
-1
-10
19
17
-28
39
9
-47
37
-42
-10
-16
-38
4
-28
-3
-7
-6
-22
-25
-24
-22
7
-16
8
15
-11
30
9
20
30
6
29
20
26
28
28
17
15
20
-10
21
-15
-24
16
-28
-11
-15
-20
-27
0
-33
-32
-9
-57
-7
-9
-6
12
-2
8
-6
-1
21
11
26
29
39
23
70
16
31
50
-36
26
5
15
-7
25
-21
-33
-2
-66
-50
-38
-46
-79
-3
-9
-68
11
-47
-51
14
-54
3
66
-25
8
74
-9
39
66
-53
69
10
-15
77
12
36
30
-14
-22
41
-57
27
8
-77
50
-65
-14
21
-73
0
-38
-39
-11
18
-11
6
-4
-49
87
-49
37
69
-55
90
12
1
65
16
11
36
24
-17
46
-19
-36
63
-68
41
-1
-49
71
-119
9
4
-91
28
-67
-1
2
0
-12
18
11
-101
104
-103
71
72
-117
169
-78
30
67
-52
45
-20
5
-58
104
-69
-3
103
-191
89
-64
-39
77
-61
13
-9
3
-61
39
-16
-54
79
-98
47
28
-53
90
-51
-21
51
-27
20
62
2
42
32
-38
57
37
-17
51
27
-19
33
-4
-14
39
-59
6
-29
-42
18
-49
27
-38
-28
5
-43
-12
12
28
-16
45
19
-15
114
-27
19
109
-70
58
-2
23
29
-38
6
-40
18
-64
24
-47
-62
-11
-88
-7
-65
-46
15
-50
-9
15
-10
-17
-20
-8
20
36
-36
65
13
-16
57
-31
36
20
-45
36
15
-14
15
-5
-49
10
-6
-57
96
-56
9
26
-100
67
-73
-5
21
-52
47
-53
62
30
-14
18
-11
69
-72
116
4
20
114
-100
88
49
-10
58
17
9
14
17
-18
36
18
-57
38
-52
15
20
-78
41
-18
-65
38
-38
-29
62
-119
48
37
-103
60
-2
-33
25
-40
-2
39
-26
-15
48
-69
7
41
-133
94
-16
-60
52
-49
-13
1
-34
-54
43
-34
-52
75
-42
-2
0
-30
-1
-6
-42
37
-4
-7
3
-44
51
-67
28
21
-20
50
-28
27
7
17
36
-6
80
-24
81
18
9
49
15
-2
15
50
-40
30
-6
-11
7
29
-19
27
-14
13
45
-54
87
-32
5
71
-41
80
10
-5
33
-37
28
-48
32
2
-31
5
-39
19
-77
15
-46
-58
18
-43
-36
64
-32
-34
5
-50
20
-17
-11
-48
54
-86
-24
88
-96
50
-77
-61
45
-99
31
-49
38
-22
-5
61
-84
144
-123
92
2
-39
153
-166
145
-62
14
3
-34
72
-74
78
-93
59
6
-62
105
-55
77
-2
-25
102
-96
85
-26
10
89
-35
55
-14
19
-34
47
-26
-19
68
-82
44
48
-88
70
-73
-1
83
-164
142
-75
-32
62
-88
98
-16
25
-29
64
-71
-18
59
-87
40
-28
21
-9
-25
42
-106
28
-53
-118
107
-150
71
-6
-68
48
-53
23
-40
-4
-39
81
-54
79
60
-60
131
-103
69
1
-39
89
-71
68
3
11
-29
35
-35
-6
26
-45
93
-69
27
24
-36
72
-35
25
35
-3
-67
72
22
-44
130
-52
87
-50
70
-36
-5
50
-140
153
-96
70
8
-39
69
-140
122
-152
45
24
-109
132
-173
141
-94
-54
100
-160
123
-112
52
-36
-41
62
-156
170
-139
48
71
-128
149
-126
21
-12
-78
82
-63
74
-76
75
-40
-103
99
-122
102
-55
67
26
-42
87
-89
19
35
-19
2
129
-97
135
-31
-29
103
-134
111
-74
60
-22
23
40
-62
84
-95
77
-72
-1
60
-58
101
-39
58
3
-54
84
-115
105
-44
9
79
-51
83
-63
42
-41
25
-22
2
36
-59
25
-11
-16
12
-45
27
-79
-35
46
-159
76
-61
-73
76
-115
88
-111
57
-37
-24
26
-125
142
-150
119
-27
-5
73
-99
108
-141
104
-44
-80
181
-126
76
24
-80
6
-28
-13
-55
65
-54
26
25
-57
-10
-14
-61
24
-38
80
31
-35
199
-110
161
-73
38
49
-67
122
-50
130
-12
97
0
-4
70
-92
36
37
-45
79
-4
48
-4
22
-6
-31
-3
24
-52
26
81
-73
108
-36
7
-21
35
-86
38
17
-144
158
-141
41
76
-142
126
-101
7
26
-141
135
-147
37
24
-76
98
-71
47
-168
183
-223
8
198
-363
342
-255
27
109
-275
200
-256
141
-151
36
61
-123
220
-297
307
-229
105
58
-181
321
-308
283
-88
16
167
-143
156
-106
89
-70
38
-5
-45
130
-107
150
-98
46
7
-91
123
-133
112
-79
99
-12
-38
73
-90
34
-56
42
-55
149
-93
60
71
-157
153
-169
59
-43
-13
0
-20
30
-100
55
-97
39
-97
21
-3
-84
116
-77
-27
91
-112
73
-22
-40
83
-51
17
12
12
-21
22
31
-38
61
-24
-36
151
-177
186
-99
11
64
-131
184
-209
167
-126
51
9
-51
105
-101
141
-88
42
86
-93
116
-28
-53
148
-123
127
33
-36
83
-66
69
-77
78
-128
113
-10
-75
164
-122
76
23
-173
194
-110
7
85
-127
156
-123
138
-106
107
-12
-34
84
-78
79
-87
71
-72
-1
43
-156
112
-64
-100
100
-138
73
-37
-3
-48
4
-1
-85
123
-164
94
-101
49
-40
30
0
-71
80
-155
125
-97
2
68
-89
71
-14
53
0
16
-12
-9
35
-64
110
-100
84
-41
-46
206
-175
126
-55
-18
7
-33
-7
28
83
-169
235
-198
119
-46
-139
146
-178
129
12
-37
109
-101
-13
15
-43
-9
64
-29
-26
174
-144
143
18
-167
147
-156
52
52
-126
235
-198
132
-2
-137
128
-211
39
-112
96
-49
-62
232
-361
308
-280
-4
125
-278
311
-244
208
-48
24
23
-5
36
-74
179
-80
88
109
-141
205
-66
-77
245
-199
124
0
-85
121
-12
-68
88
-40
-10
75
-69
64
-36
4
-6
42
-5
68
-1
-5
104
-73
78
50
-83
138
-71
23
114
-45
32
1
-22
-54
57
-125
63
-69
-98
96
-132
-8
15
-153
34
5
-121
90
-51
-62
104
-162
64
41
-180
182
-147
33
100
-99
-10
58
-107
-19
80
-92
43
44
-117
78
-23
-63
63
-147
144
-148
89
16
-69
113
-70
58
-45
124
-78
36
152
-96
149
-6
21
41
-24
-13
62
-1
5
70
2
56
-63
50
-62
-48
47
-130
128
-65
-10
86
-86
37
-21
18
-74
80
-48
-72
168
-64
3
157
-122
81
-4
-22
-84
101
-124
-41
32
2
-112
-8
66
-262
199
-135
-68
79
-38
-115
56
-2
-212
144
-72
-129
251
-263
206
-48
-93
224
-325
330
-237
61
116
-205
269
-156
94
1
93
-92
13
84
-230
286
-227
19
264
-335
309
-78
-13
201
-163
214
-104
142
-101
112
-34
-33
79
-86
190
-87
130
-16
-20
19
46
-133
111
71
-210
385
-217
63
184
-326
204
-75
-20
4
104
-52
-71
200
-250
203
-160
27
50
-243
395
-422
275
-78
-224
308
-363
203
-143
-5
77
-191
177
-225
134
-142
-62
23
-175
192
-274
173
-107
-66
30
-91
56
-193
152
-99
-46
186
-211
219
-44
35
101
4
70
22
26
95
35
-72
194
-76
31
85
-113
43
44
-167
126
-50
-27
90
-120
141
-112
78
-55
-27
63
-46
45
-87
275
-197
115
25
-85
187
-241
193
-64
55
98
-112
247
-230
162
-201
79
3
-219
379
-448
428
-328
63
8
-276
213
-424
331
-331
259
-171
-34
137
-337
288
-383
226
-93
-167
222
-186
203
-169
116
13
-62
75
-142
201
-200
134
-63
54
176
-215
291
-164
158
-40
2
59
-12
39
-83
193
-162
183
-168
179
-112
64
17
44
-1
35
100
-86
251
-150
161
-16
-29
16
58
-54
182
-114
89
25
-148
178
-228
11
-3
-194
190
-115
1
80
-51
-2
-66
131
-280
256
-135
-138
287
-307
308
-242
166
-119
-125
203
-284
210
-136
-19
69
-159
152
-236
112
-53
-143
145
-186
142
-123
19
37
-160
56
107
-302
332
-266
112
54
-65
121
-103
274
-335
331
-148
-42
190
-178
288
-244
286
-69
-87
388
-499
493
-259
55
167
-251
341
-348
326
-289
253
-49
-137
263
-298
323
-224
64
33
-45
52
-107
195
-183
84
-1
-187
298
-273
154
37
-56
111
-195
279
-284
153
-123
-96
178
-291
257
-257
164
-107
-209
295
-472
325
-165
-112
281
-336
365
-273
99
-38
-157
157
-282
390
-322
247
-54
-146
265
-358
207
-165
78
-25
19
196
-90
101
33
-82
32
-50
31
-3
139
-61
126
65
28
7
-109
155
-248
217
-52
30
167
-77
106
-12
109
-139
69
57
-149
217
-193
207
-42
-136
312
-363
345
-226
13
122
-267
107
-67
45
-76
16
-114
-28
-10
-231
58
-34
-123
60
-47
92
-65
55
-132
151
-124
56
-24
17
105
-55
94
-44
200
-267
130
-77
-175
120
-227
106
61
-163
294
-309
194
-149
-128
202
-178
145
50
58
-34
276
-267
303
-122
-55
154
-39
79
86
75
-135
303
-310
181
32
-212
227
-196
141
88
-82
182
-191
107
-125
154
-131
53
64
-187
323
-291
246
-172
-24
72
-252
254
-239
124
-111
96
-178
93
117
-209
132
-216
218
-147
130
-120
120
-41
-70
127
-112
95
-155
5
-50
9
-70
-91
162
-332
294
-171
-29
203
-382
243
-305
288
-235
105
54
-204
292
-285
268
-131
127
-131
75
186
-250
382
-346
200
-25
-53
207
-139
115
-133
164
-106
124
69
-164
201
-142
113
-96
85
-2
-138
359
-260
321
63
-203
183
-121
-83
-23
173
-270
274
73
-210
401
-351
38
-40
-159
18
-65
100
-131
207
-245
191
-194
-2
89
-441
515
-479
267
-35
-162
176
-205
229
-289
275
-169
-46
191
-196
273
-268
279
-160
-126
239
-394
261
-190
119
-68
235
-40
-79
228
-343
154
-109
-68
181
-155
12
181
-128
125
120
-125
172
1
-64
93
-30
-72
136
-156
184
57
73
31
6
37
-23
54
-183
347
-168
101
-2
-158
109
-279
165
-67
17
318
-174
183
5
-155
-59
-99
65
-78
94
-73
298
-203
119
81
-456
407
-627
194
-2
-124
119
-163
71
-143
107
-238
61
78
-113
312
-257
400
-216
-63
-76
-242
211
-304
306
-199
258
-33
-102
63
-167
-89
-225
-15
-58
153
124
117
50
33
-31
-285
258
-101
22
247
39
109
186
-172
-80
274
-526
274
-35
114
307
-189
214
-288
163
-324
234
-47
273
-92
-121
304
-338
398
-282
212
-45
-98
103
-200
362
-485
290
-363
-147
302
-404
529
-362
282
-336
117
3
-147
258
-393
405
-274
245
63
-134
353
-593
481
-392
239
250
-331
250
-338
82
-334
282
-217
31
124
-437
311
-192
60
-13
-250
245
-121
199
-84
199
21
-91
160
-241
349
-127
68
49
-186
234
-255
206
97
-229
349
-306
123
184
-182
259
-142
162
-312
234
-81
37
482
-701
710
-385
-162
275
-443
494
-440
410
-266
295
58
-243
329
-553
529
-566
406
-89
-182
501
-592
266
-127
-63
-7
-142
-6
-63
174
-360
617
-267
-135
449
-845
520
-322
-207
350
-64
-55
293
197
-256
524
-683
118
-409
-176
210
-207
512
-95
278
-401
226
-284
-247
4
-219
342
-195
115
226
-175
123
-208
73
-207
303
64
-37
716
-534
502
-522
309
-94
-365
354
-563
655
-372
758
32
28
201
-620
293
-315
100
64
-132
282
-331
561
13
-124
673
-1035
405
-340
-304
21
-20
-306
140
219
-233
840
-285
-113
-28
-313
-45
-77
-15
245
-134
428
-199
246
307
-521
-51
3
-449
148
253
86
261
7
-778
199
-503
-189
474
-505
629
-87
-117
505
425
-274
102
-299
-476
198
-282
126
478
-75
169
11
126
-172
-146
-460
-334
438
-422
1106
-40
593
-84
-322
166
-589
840
-506
352
234
39
-30
312
142
-812
120
-813
-94
368
-159
650
-54
477
-482
264
-315
-403
-47
-483
387
-315
539
-68
255
176
-410
406
-606
292
-128
29
384
-293
430
-729
918
-431
-147
398
-655
46
3
229
-461
473
-573
-594
526
-124
-76
301
-304
-76
188
-132
293
580
-54
-221
498
-359
98
250
-662
110
-67
-429
134
273
-303
25
-105
-436
286
236
-183
272
376
-351
-35
504
1
-294
468
-386
-163
134
346
-288
392
-6
-416
282
-210
-32
-69
168
-506
483
-63
-139
680
-536
479
-93
-410
157
-536
-212
362
-237
-158
755
-75
-158
417
-118
-146
59
144
32
83
395
-457
108
-324
-76
-422
302
-473
-186
464
-442
1091
-139
284
529
-869
97
38
-61
-109
560
-356
-108
885
-934
616
97
-393
-111
-196
5
-105
141
-438
87
-458
-426
722
-484
534
83
-357
322
-26
310
-37
137
-323
50
549
-298
262
220
-211
-73
323
99
201
144
-160
134
-470
-425
335
-469
-244
1153
-624
591
45
-58
-122
22
-447
-377
-177
-879
758
-671
712
186
-785
1041
-663
-7
728
136
-395
866
585
-682
1314
-420
-475
216
-585
-423
341
-213
-911
207
-1000
-431
185
-580
192
59
-398
337
565
-420
1352
-23
-118
432
82
192
-97
752
-796
776
163
-624
1016
-550
-102
-632
-355
76
-542
100
-65
288
-340
454
-233
286
785
-436
468
-422
360
91
-353
999
-439
-312
461
-748
-165
785
-1037
-134
616
-1070
437
400
-946
782
-206
-665
971
52
-235
800
97
-463
487
-322
-469
67
-191
-287
-495
416
-34
-453
938
146
-42
427
-208
-72
831
-600
-48
902
-1066
719
-489
-425
540
-1274
-256
-69
-148
-398
972
-218
-152
1395
-842
963
-35
423
430
-48
771
-615
742
-366
-372
-500
-529
-673
-553
-345
-214
-118
-278
480
34
-587
1377
18
-747
1715
-356
-233
1254
-293
97
504
-356
-255
-338
-216
-909
300
-841
18
318
-587
1120
-269
203
482
292
-194
648
858
-650
1289
345
-406
701
-18
-780
-244
164
-979
-148
45
-940
-17
-413
-615
116
-533
-516
114
-179
521
797
-290
858
668
-354
264
373
-143
348
4
-458
788
-119
-459
-499
-370
-485
-576
-73
-409
683
-555
-215
181
-175
72
147
-170
351
888
-670
218
1157
-483
-151
421
-256
-50
533
-601
-579
1161
-1121
-499
794
-204
-143
776
-356
155
816
-543
118
678
249
-305
1023
253
155
1053
-572
-77
761
-663
-235
667
-659
-239
-46
-1346
-40
-313
-1823
427
-801
-872
341
-702
-43
-151
-134
-701
698
-94
-601
632
-571
449
-127
-393
310
37
15
-520
794
-574
161
134
-573
1065
118
441
535
1206
156
996
1216
441
2147
1008
1324
1796
1291
736
729
897
-21
305
-236
70
12
-971
-667
-1119
-1324
-1312
-1598
-1434
-887
-1421
-1558
-618
-1141
-748
-383
-1273
315
11
-522
184
238
-393
-755
-512
-898
-289
-369
-1021
-573
-574
-1683
-833
-895
-1367
-10
-563
-463
1632
1337
380
1746
1049
122
1676
1297
1983
3059
2316
2109
2699
2365
1111
1699
802
623
1382
808
1550
1424
789
-163
-541
-822
-1222
-1027
-780
-337
-974
-657
-1023
-1623
-1063
-2413
-1935
-1293
-1175
-568
-756
293
-459
-891
-532
-1040
-372
-265
-791
-398
45
-1296
-831
-866
-2198
-589
-2048
-2367
-1290
-1508
-1597
-1447
-546
-944
-174
147
547
1221
935
907
1029
1765
1823
2660
3037
2809
3416
2675
2473
2812
2252
1491
1693
1626
1319
1919
1555
804
1146
31
-551
230
-329
-468
-442
-1039
-1165
-962
-1526
-1065
-1277
-1610
-1469
-1435
-1018
-764
-310
-521
-794
-525
-997
-775
-145
-862
-534
-294
-951
-653
-143
-1102
-1069
-1441
-2475
-1996
-1979
-2126
-1800
-1679
-1451
-1787
-1415
-404
-134
427
214
226
303
918
1050
1579
2771
2648
2765
2843
3464
3377
2933
2605
2011
2061
1870
1918
2391
2250
1181
217
-169
-430
-363
-403
-566
-304
-484
-1152
-745
-649
-838
-1326
-1838
-1095
-690
-470
102
488
-122
-301
-608
-506
164
-237
-224
-568
-411
-161
-740
-743
-598
-1632
-2407
-2099
-2220
-2082
-2200
-2747
-2865
-3060
-2643
-2494
-2129
-1694
-1550
-714
89
796
1243
1545
1235
1429
2222
3067
4063
4350
4229
4006
3817
3402
3048
2899
2232
1617
1348
1452
1495
804
70
-749
-1401
-1505
-1355
-877
-614
-650
-1451
-1805
-1280
-1251
-1542
-1075
-583
-583
119
525
1051
1291
252
-244
34
-6
397
778
465
540
-179
-1083
-1163
-1192
-1694
-2432
-2345
-2390
-2761
-2882
-2882
-3092
-3437
-3433
-3061
-2371
-1866
-1102
144
217
300
628
875
1478
2335
3251
3956
4844
4686
4212
4247
3919
3188
2430
2389
2432
2120
1782
1652
1033
-562
-1651
-1813
-1626
-1733
-1386
-893
-963
-1283
-2035
-2050
-1451
-1487
-1518
-438
545
945
1192
1129
1324
838
14
225
1301
1739
1410
1618
1262
336
-694
-1686
-1761
-1582
-2263
-2709
-1967
-2294
-3343
-3978
-4441
-4894
-5296
-4688
-3327
-1845
-1158
-514
269
186
-214
95
871
1834
3323
4438
5525
6309
5832
4755
3917
3447
2845
2513
3137
3698
3316
2297
1239
-11
-1796
-2909
-2517
-2061
-1979
-1307
-1094
-1258
-1913
-3014
-3245
-2811
-2304
-1407
484
1883
2132
1800
1465
1304
782
640
1411
2450
2597
2254
2186
1562
179
-1359
-2316
-2468
-2671
-2868
-2746
-2528
-3168
-4665
-5416
-5714
-5939
-5894
-4887
-2925
-1450
-1118
-474
610
214
-397
577
1951
3198
4732
5859
6669
7178
5919
4319
4140
3759
3151
3606
4146
4238
3631
1648
11
-702
-2297
-3448
-2435
-1551
-1716
-1547
-1425
-1982
-2928
-3936
-3872
-2727
-1869
-878
767
1527
1230
801
394
644
1086
1063
1871
2994
2836
2159
1666
835
-94
-1096
-1820
-1578
-1482
-2204
-2700
-2992
-4064
-5134
-5580
-5589
-5206
-4909
-4434
-3160
-1963
-1811
-1165
134
112
-95
1180
2527
3658
4975
5744
6216
6506
5657
4997
5205
4722
4039
4070
3945
3484
3152
1700
-139
-961
-2235
-3342
-2454
-1578
-2030
-2254
-2403
-2942
-3420
-3659
-3157
-2266
-1878
-1249
327
1285
1337
1369
1188
976
1294
1725
2443
3373
3171
2180
1451
920
214
-454
-1001
-1476
-1980
-2688
-3106
-3227
-3851
-4974
-5708
-6086
-6018
-5406
-4569
-3578
-2662
-2576
-2197
-566
261
192
1100
2326
2983
4181
5632
6611
7077
6295
5107
4997
5063
4641
4647
4605
3677
2866
1990
473
-450
-1331
-2741
-2762
-1868
-1861
-2003
-2006
-2847
-3956
-4436
-3938
-2759
-1765
-1047
-5
846
806
799
1226
1410
1440
1835
2591
3424
3582
2960
2133
1255
338
-260
-475
-696
-1154
-1985
-2903
-3492
-4120
-5098
-5669
-5984
-6353
-6097
-5374
-4480
-3421
-2945
-2963
-1893
-500
-259
348
1853
2701
3443
4709
5716
6628
6873
5767
5205
5572
5263
4859
4974
4488
3480
2691
1575
368
-435
-1496
-2274
-1887
-1505
-1754
-1998
-2459
-3318
-3940
-3861
-2938
-1862
-1340
-765
199
703
674
839
1112
1314
1688
2316
3084
3492
3001
2073
1269
601
250
-16
-383
-973
-1939
-3024
-3709
-4176
-4919
-5538
-6012
-6496
-6448
-5915
-5322
-4433
-3579
-3687
-3342
-1626
-417
64
1057
2091
2874
4028
5087
6304
7638
7162
5691
5716
6266
5973
5887
5889
4886
3607
2571
1444
706
-92
-1510
-2206
-1892
-1877
-2196
-2345
-2970
-4122
-4791
-4207
-2752
-1610
-1094
-639
-166
-25
106
703
1459
1901
2080
2625
3369
3404
2805
2213
1456
626
319
336
18
-867
-2086
-3316
-4157
-4795
-5304
-5502
-5860
-6396
-6550
-6413
-6230
-5620
-4805
-4220
-3484
-2042
-403
394
730
1440
2443
3628
4948
6390
7661
7813
6863
6269
6517
6581
6092
5731
5424
4542
3492
2616
1608
256
-1123
-1983
-1957
-1540
-1663
-2318
-3058
-3991
-4861
-4501
-2954
-1834
-1553
-1245
-703
-411
-288
282
1095
1572
1850
2509
3324
3448
2864
2159
1467
809
577
787
583
-531
-1858
-2989
-4017
-4689
-4939
-5114
-5483
-6061
-6543
-6581
-6375
-6124
-5515
-4507
-3615
-2840
-1376
44
374
601
1569
2863
4303
5745
6901
7655
7377
6249
5849
6475
6641
6137
5826
5310
4163
3004
1991
1082
45
-1195
-1755
-1446
-1423
-2065
-2746
-3517
-4398
-4465
-3427
-2095
-1363
-1307
-1255
-1013
-785
-223
878
1809
2242
2408
2727
3114
2898
2284
1901
1652
1231
972
910
269
-1146
-2580
-3575
-4251
-4607
-4708
-4937
-5502
-6329
-7061
-7300
-6902
-6201
-5296
-4046
-3121
-2803
-1935
-473
242
719
2113
3783
5047
5982
6770
7442
7458
6527
6136
7029
7462
6889
6279
5387
3800
2422
1601
1025
527
-417
-1535
-2103
-2506
-3199
-3681
-3873
-4125
-4155
-3552
-2501
-1775
-1745
-1861
-1563
-1061
-299
996
2154
2506
2295
2207
2453
2649
2557
2439
2333
1729
877
453
127
-793
-2038
-2915
-3493
-4069
-4525
-4794
-5237
-6004
-6633
-6783
-6432
-5752
-5165
-4566
-3622
-2778
-2412
-1522
305
1678
2137
2819
4007
5031
5611
6077
6949
7537
6901
6170
6425
6568
5849
5072
4368
3244
2083
1332
893
300
-915
-2251
-2772
-2812
-3035
-3065
-2832
-2946
-3471
-3612
-2829
-1724
-1210
-1046
-577
-37
324
1063
2124
2542
2178
1894
2178
2490
2385
2179
1927
1146
23
-597
-655
-1002
-1949
-2932
-3607
-4165
-4614
-4790
-4863
-5265
-5863
-6081
-5819
-5248
-4503
-3866
-3211
-2368
-1622
-1008
136
1674
2532
2855
3506
4350
5056
5596
5983
6492
6699
5969
5261
5450
5459
4588
3600
2856
1931
992
457
219
-228
-1383
-2603
-2863
-2507
-2332
-2127
-1862
-2146
-2775
-2706
-1650
-639
-303
-120
289
583
845
1565
2255
2092
1342
1021
1400
1706
1447
1041
557
-497
-1545
-1671
-1338
-1646
-2609
-3409
-3847
-4242
-4485
-4310
-4089
-4350
-4768
-4642
-4054
-3657
-3362
-2701
-1855
-1129
-339
398
850
1622
2491
2789
3176
4109
4790
5034
5120
5125
5333
5180
4204
3692
4091
3828
2787
2070
1328
360
-137
-423
-630
-717
-1293
-1974
-1843
-1499
-1469
-1298
-1234
-1538
-1483
-806
-66
376
534
625
747
757
1021
1578
1516
738
271
401
469
234
-37
-330
-1096
-2109
-2322
-1760
-1688
-2377
-2914
-3107
-3377
-3556
-3353
-2970
-2909
-3123
-2957
-2309
-1790
-1613
-1550
-1529
-1311
-647
361
1217
1442
1610
1982
1879
1685
2340
3159
3305
3189
3201
3374
3295
2516
1915
2202
2176
1468
1402
1605
1016
387
177
44
-23
-96
-70
360
523
162
141
321
88
55
620
962
821
656
572
416
129
17
197
45
-643
-1045
-917
-980
-1440
-1633
-1449
-1592
-2050
-2091
-1703
-1715
-2198
-2385
-2016
-1664
-1659
-1602
-1276
-1217
-1510
-1420
-1073
-1039
-1108
-1075
-1160
-1184
-958
-573
-203
-314
-643
-229
271
11
8
663
978
1035
1313
1682
2139
2135
1663
1887
2616
2627
2538
2900
2688
2108
2043
2141
2159
2124
1892
1886
2003
1612
1291
1336
935
253
67
180
156
-78
-483
-808
-1134
-1635
-1697
-1306
-1410
-1812
-1780
-1618
-1661
-1624
-1403
-1166
-1161
-1314
-1052
-447
-210
-361
-341
-199
-308
-488
-446
-316
-425
-760
-968
-1055
-1271
-1561
-1817
-2103
-2424
-2679
-2758
-2618
-2268
-1907
-1827
-1754
-1486
-1316
-1148
-499
459
1274
1825
2151
2482
2799
2827
2949
3647
4191
4089
4064
4123
3755
3407
3230
2880
2540
2321
1963
1637
1306
703
140
-258
-748
-1042
-882
-863
-1323
-1801
-1959
-1894
-1851
-1667
-1145
-796
-987
-1185
-882
-346
16
272
584
701
422
165
392
661
473
243
214
-66
-630
-983
-1072
-1369
-1926
-2309
-2463
-2731
-3065
-3229
-3395
-3745
-3974
-3797
-3408
-3182
-2942
-2205
-1507
-1499
-1176
-85
587
668
1075
1793
2471
2945
3218
3778
4375
4110
3645
3963
4150
3799
3714
3568
2926
2490
2170
1637
1340
1096
637
370
89
-449
-615
-497
-707
-851
-614
-477
-507
-466
-342
-78
149
212
477
831
730
510
701
868
648
463
480
270
-266
-762
-1018
-1191
-1534
-1938
-2184
-2401
-2784
-3151
-3299
-3381
-3418
-3282
-3169
-3207
-3195
-3038
-2786
-2478
-2090
-1519
-1017
-926
-894
-579
-220
238
874
1228
1429
1750
1513
979
1173
1621
1687
1950
2291
2123
1808
1494
1239
1445
1620
1504
1817
1978
1421
1305
1709
1578
1454
1863
2108
2140
2242
2139
2053
2092
1938
1959
2277
2242
1865
1550
1108
668
494
416
269
-67
-690
-1312
-1692
-2034
-2284
-2299
-2352
-2657
-3032
-3166
-3032
-2954
-2975
-2763
-2488
-2405
-2173
-1757
-1483
-1331
-1156
-959
-781
-699
-571
-273
-197
-412
-450
-375
-631
-969
-1099
-1131
-1192
-1318
-1441
-1430
-1439
-1528
-1396
-1106
-936
-822
-636
-399
6
587
1172
1703
2096
2335
2573
2916
3301
3675
4006
4228
4278
4185
4092
3985
3730
3401
3217
3088
2847
2541
2139
1551
908
372
25
-128
-269
-583
-990
-1380
-1739
-1968
-1930
-1750
-1661
-1656
-1658
-1648
-1594
-1427
-1175
-924
-770
-783
-803
-768
-761
-750
-705
-760
-970
-1198
-1428
-1704
-1945
-2104
-2249
-2426
-2596
-2718
-2789
-2859
-2985
-3027
-2854
-2570
-2274
-1920
-1524
-1214
-1027
-764
-278
274
753
1193
1571
1787
1960
2287
2639
2800
2793
2783
2758
2699
2721
2815
2792
2574
2282
2035
1879
1802
1762
1692
1542
1346
1196
1103
1008
975
1039
1078
1077
1109
1159
1159
1142
1107
1086
1123
1157
1077
934
773
507
185
-46
-234
-529
-920
-1336
-1762
-2188
-2583
-2889
-3085
-3305
-3618
-3883
-4009
-4103
-4105
-3928
-3676
-3432
-3180
-2926
-2658
-2300
-1840
-1327
-804
-326
95
476
812
1120
1411
1665
1845
1961
2024
2018
1955
1844
1695
1507
1300
1099
893
668
435
201
-9
-117
-146
-209
-248
-194
-102
19
219
455
686
918
1148
1394
1686
1984
2234
2431
2572
2674
2730
2738
2696
2577
2363
2084
1747
1356
987
582
83
-434
-893
-1352
-1823
-2231
-2550
-2840
-3102
-3253
-3296
-3273
-3196
-3061
-2861
-2581
-2238
-1869
-1470
-1045
-633
-243
123
467
779
1023
1179
1299
1410
1448
1396
1299
1156
935
669
414
160
-100
-356
-588
-798
-987
-1124
-1223
-1292
-1330
-1276
-1137
-973
-771
-523
-269
-33
231
545
883
1200
1469
1706
1885
2008
2107
2196
2237
2187
2040
1851
1636
1349
1021
706
394
23
-394
-781
-1116
-1430
-1725
-1945
-2092
-2217
-2319
-2320
-2212
-2073
-1913
-1671
-1369
-1069
-731
-333
65
418
743
1051
1339
1577
1754
1913
2016
2008
1934
1849
1729
1532
1288
1025
742
417
94
-172
-413
-687
-949
-1135
-1284
-1400
-1440
-1414
-1344
-1252
-1137
-954
-696
-450
-219
43
312
562
808
1039
1238
1377
1422
1436
1460
1452
1373
1237
1039
789
514
224
-59
-328
-636
-970
-1272
-1533
-1758
-1918
-2036
-2139
-2197
-2204
-2149
-2015
-1851
-1669
-1438
-1165
-881
-569
-238
73
354
604
847
1092
1315
1474
1572
1633
1627
1566
1489
1404
1282
1116
931
736
527
308
100
-91
-267
-431
-560
-659
-725
-757
-756
-710
-635
-536
-411
-266
-108
75
271
475
673
855
1016
1167
1308
1412
1487
1521
1498
1440
1375
1285
1158
1002
812
593
348
112
-103
-309
-502
-695
-867
-1021
-1152
-1256
-1326
-1362
-1378
-1367
-1325
-1250
-1180
-1108
-1010
-907
-814
-722
-626
-539
-476
-425
-367
-326
-310
-294
-274
-266
-275
-295
-322
-346
-370
-379
-354
-325
-316
-298
-250
-190
-118
-16
92
191
269
331
428
547
649
729
804
865
907
932
950
986
1007
992
957
927
883
820
754
695
641
573
507
465
422
377
354
349
345
338
325
312
311
310
315
342
369
369
337
292
249
188
127
68
-6
-114
-256
-393
-539
-684
-830
-950
-1075
-1213
-1336
-1445
-1529
-1588
-1614
-1616
-1598
-1575
-1531
-1455
-1350
-1208
-1043
-868
-692
-533
-383
-235
-94
56
229
381
487
572
635
668
695
728
760
778
759
720
673
618
571
539
522
513
511
510
512
531
556
587
634
680
725
774
819
855
891
931
966
991
1003
991
955
898
823
749
681
589
465
320
161
-4
-164
-315
-453
-584
-716
-852
-968
-1057
-1143
-1218
-1272
-1306
-1326
-1323
-1297
-1253
-1208
-1160
-1097
-1020
-927
-830
-736
-650
-570
-495
-420
-328
-251
-189
-129
-83
-41
4
51
94
123
143
159
172
196
231
276
321
369
429
486
539
583
632
681
730
786
847
904
937
957
968
980
985
977
964
945
910
853
794
725
647
561
474
380
284
195
103
5
-95
-180
-262
-339
-409
-471
-523
-581
-635
-671
-695
-713
-726
-741
-771
-792
-812
-816
-807
-803
-808
-818
-827
-837
-833
-819
-802
-780
-760
-740
-709
-667
-628
-579
-520
-453
-375
-293
-202
-104
-8
83
175
282
386
486
582
676
767
849
924
992
1048
1077
1096
1112
1122
1124
1108
1070
1017
948
876
809
746
675
588
487
380
277
186
116
58
-6
-72
-137
-204
-253
-284
-295
-295
-295
-303
-315
-326
-337
-343
-337
-325
-323
-330
-351
-383
-416
-447
-473
-493
-517
-554
-605
-664
-715
-753
-774
-776
-764
-764
-777
-771
-751
-719
-669
-599
-518
-439
-368
-290
-199
-109
-9
110
228
331
427
509
586
668
750
825
891
940
964
978
981
977
962
943
915
863
799
739
677
613
544
472
400
318
239
167
106
50
-2
-53
-104
-158
-206
-242
-267
-282
-289
-301
-311
-328
-351
-364
-366
-360
-359
-358
-357
-368
-382
-387
-390
-394
-391
-399
-419
-437
-451
-459
-460
-457
-457
-464
-479
-495
-508
-502
-482
-455
-420
-388
-362
-332
-296
-246
-179
-99
-15
61
136
211
285
365
447
524
592
654
711
756
788
817
831
831
817
796
766
723
676
614
544
467
386
304
220
143
65
-8
-81
-142
-201
-252
-286
-309
-319
-322
-313
-301
-289
-273
-240
-196
-145
-96
-47
-8
22
50
73
92
112
119
110
84
48
5
-45
-106
-165
-218
-276
-339
-406
-477
-544
-599
-643
-671
-679
-677
-666
-649
-619
-572
-512
-440
-353
-257
-165
-68
33
130
221
307
385
463
539
600
649
673
677
673
658
630
599
566
522
460
387
317
241
162
92
32
-26
-77
-126
-170
-209
-239
-248
-234
-208
-176
-139
-104
-68
-22
28
86
157
223
270
301
319
328
329
330
331
318
289
241
176
103
27
-50
-125
-191
-254
-328
-406
-476
-536
-581
-613
-625
-627
-621
-610
-586
-546
-496
-436
-367
-285
-207
-128
-49
24
90
150
205
252
293
320
337
343
333
310
287
259
217
178
144
104
58
12
-35
-72
-104
-126
-133
-130
-125
-115
-98
-77
-47
-5
51
110
170
224
270
312
348
382
415
440
457
456
438
405
363
311
257
202
137
73
1
-76
-152
-228
-290
-340
-383
-421
-448
-467
-480
-484
-473
-443
-401
-352
-296
-241
-185
-129
-72
-9
62
129
182
224
256
281
296
311
324
327
317
293
261
221
182
151
121
91
61
29
-3
-31
-57
-70
-75
-84
-82
-72
-66
-59
-49
-37
-23
-9
-1
8
13
12
6
-2
-15
-35
-59
-88
-118
-152
-182
-212
-244
-277
-306
-337
-364
-381
-389
-394
-389
-380
-372
-351
-330
-301
-262
-221
-176
-133
-87
-38
7
53
109
162
209
254
298
335
361
382
400
412
423
432
438
440
435
428
424
416
412
417
416
421
417
414
413
409
409
410
408
396
377
352
320
280
239
197
146
85
22
-47
-121
-193
-264
-331
-398
-464
-525
-579
-630
-679
-718
-746
-771
-783
-785
-777
-762
-744
-720
-683
-644
-602
-551
-492
-438
-390
-332
-271
-218
-167
-110
-55
-12
31
71
108
138
159
183
212
239
256
284
307
321
345
369
399
436
465
492
527
557
579
617
654
690
730
751
769
779
765
753
743
717
684
642
578
514
435
338
251
153
46
-61
-162
-271
-376
-473
-579
-669
-742
-796
-844
-875
-898
-919
-905
-890
-867
-815
-766
-715
-651
-591
-523
-432
-341
-272
-175
-95
-48
4
47
86
123
168
179
212
241
224
240
242
226
224
228
219
229
259
235
246
255
239
256
264
280
308
336
343
365
391
385
399
392
379
363
327
323
302
287
249
201
151
91
25
-53
-104
-197
-291
-349
-426
-491
-514
-572
-609
-609
-613
-642
-626
-608
-620
-567
-531
-509
-430
-341
-328
-235
-139
-105
-19
69
88
181
263
239
275
308
284
306
369
357
388
432
395
406
430
395
375
374
358
356
388
383
362
386
360
344
378
382
365
372
362
316
293
259
198
168
146
125
89
63
24
-63
-113
-186
-270
-329
-401
-487
-556
-574
-667
-712
-712
-792
-823
-806
-815
-835
-776
-783
-780
-656
-641
-588
-453
-419
-366
-234
-151
-85
80
158
211
317
366
387
446
465
499
561
585
606
617
656
595
588
554
540
492
466
506
408
468
411
334
329
288
231
224
281
185
238
255
141
208
155
81
56
76
28
24
113
-31
23
-45
-134
-144
-203
-244
-315
-323
-450
-477
-547
-614
-645
-712
-745
-777
-828
-827
-817
-863
-815
-792
-774
-701
-640
-618
-496
-390
-344
-158
-21
31
191
311
360
475
615
628
735
868
839
912
960
923
880
922
834
779
823
674
611
568
457
359
344
230
158
131
22
1
-34
-98
-147
-179
-220
-222
-201
-243
-183
-211
-218
-139
-186
-135
-98
-107
-102
-96
-99
-136
-146
-167
-192
-199
-245
-306
-392
-412
-545
-574
-550
-708
-641
-668
-763
-720
-704
-742
-726
-542
-639
-443
-260
-363
-104
-29
-41
173
375
388
529
703
644
777
860
831
971
912
927
895
884
816
686
707
513
533
391
320
306
65
65
-36
-136
-116
-153
-191
-311
-193
-344
-261
-153
-346
-76
-150
-57
-21
66
54
3
145
48
230
149
153
150
-73
161
-98
-75
-85
-270
-221
-480
-311
-579
-617
-641
-857
-692
-834
-697
-814
-846
-670
-877
-562
-560
-443
-397
-242
-100
-210
334
59
232
544
356
591
698
734
563
722
723
395
803
621
358
574
324
245
179
296
-6
8
116
-239
53
-110
-216
-193
-123
-185
-140
247
-171
123
247
-140
425
236
334
433
509
414
496
722
117
601
331
249
474
356
199
74
84
-319
-189
-237
-501
-404
-468
-578
-585
-605
-669
-780
-807
-663
-624
-538
-430
-446
-408
-394
-276
-262
-78
22
-48
114
207
145
179
249
159
34
293
97
115
203
33
-86
102
-23
-172
18
-57
-272
-131
5
-276
-61
27
-166
-104
180
-174
152
360
-17
397
554
199
478
602
220
478
738
284
773
720
253
595
416
120
322
413
-63
282
305
-196
173
-110
-426
-96
-341
-258
-62
-86
-345
-197
-140
-561
-265
-105
-484
-25
-56
-441
52
-211
-562
-179
-224
-591
-107
-193
-602
-193
-385
-683
-257
-515
-604
-260
-334
-572
-289
-392
-521
-310
-301
-223
-94
65
-90
132
68
202
84
399
424
255
843
465
524
950
424
672
660
565
548
828
584
335
955
85
418
496
61
319
244
92
211
320
193
113
320
-78
60
321
-159
343
223
133
369
123
108
123
-30
-255
42
-49
-363
187
-561
-318
-406
-887
-523
-828
-629
-968
-577
-804
-1133
-617
-1208
-1030
-693
-972
-633
-440
-544
-655
-221
-619
-436
27
-261
143
216
227
246
415
251
213
491
304
529
656
639
524
481
264
206
395
206
406
474
290
398
259
276
190
235
277
257
580
387
635
529
393
548
519
513
659
700
609
684
541
413
486
353
216
309
241
-5
7
-100
-456
-367
-392
-707
-471
-589
-923
-766
-830
-1138
-714
-868
-1062
-431
-1033
-567
-615
-775
-455
-565
-436
-271
21
-184
-73
33
-375
33
-40
-131
218
33
85
-33
20
-250
-65
-166
-384
125
-191
-90
112
-224
-44
112
-42
125
532
218
221
882
149
592
1024
379
1004
920
756
820
1042
525
652
1016
179
1049
554
454
585
3
253
-179
137
-235
104
-191
-383
61
-695
-217
-512
-682
-245
-644
-156
-361
-255
-222
-541
-111
-416
-78
-137
-105
103
-219
104
-142
-153
-67
-298
-110
-203
-154
-184
-359
-315
-561
-296
-623
-389
-311
-779
-114
-705
-307
-373
-369
-298
-347
86
-387
361
20
9
569
16
544
394
315
577
372
667
350
953
255
606
667
-52
716
221
153
234
202
-49
130
192
-363
130
-261
-467
20
-307
-251
-130
-171
-272
4
-158
-59
35
-11
34
231
226
290
470
258
407
328
339
346
178
499
33
277
276
-53
216
-80
-193
-163
-249
-551
-248
-589
-463
-426
-442
-507
-337
-515
-666
-141
-643
-194
31
-270
122
214
102
42
384
149
-5
547
112
416
428
344
204
149
187
-259
179
-198
-171
-14
-219
-123
-258
-92
-410
-346
-261
-546
-146
-460
-81
-198
-161
-41
-205
140
-299
125
47
-27
328
177
465
168
576
190
324
472
-3
558
138
435
220
445
239
-23
439
-321
24
71
-238
126
-119
95
-213
18
-101
-352
45
-266
-202
128
-205
44
113
-70
11
11
101
-134
332
-77
118
349
-62
311
164
76
90
75
-48
-57
102
-188
38
-35
-157
-37
-235
-260
-263
-204
-364
-114
-248
-106
-113
-305
73
-499
-50
-138
-396
94
-72
-82
-6
-3
-106
-15
-91
-103
52
64
-13
210
98
36
192
39
-13
161
72
4
174
139
48
109
45
-125
131
-149
-13
-41
148
-140
-9
278
-338
205
-33
-133
151
58
-19
270
69
50
283
9
159
186
40
195
244
57
300
185
94
241
121
-7
235
-7
49
163
-21
64
-71
73
-192
-79
-159
-218
-66
-154
-146
-109
-64
-218
-280
-3
-378
-222
-14
-417
43
-33
-131
-121
83
-394
-109
154
-483
241
106
-187
176
132
-83
-9
110
-174
4
234
-211
203
72
-125
35
-73
-95
-70
8
-153
24
148
-78
146
11
-61
82
-76
125
-84
230
-72
96
471
-217
460
29
-50
200
69
191
97
513
-165
357
310
-215
423
-42
-88
156
68
-40
72
173
-443
210
-279
-257
91
-400
-43
-258
96
-300
144
-54
-385
140
-295
-72
35
-19
-79
-8
109
-178
111
-12
-258
77
-196
27
-13
35
-83
-36
-50
-290
77
-149
-171
13
-149
-23
13
-75
-171
-23
-248
-96
-8
-91
122
-53
85
24
280
-29
191
201
32
292
236
237
249
328
38
299
245
5
412
-133
163
147
-20
245
23
119
-45
101
-174
24
110
-163
129
-23
-8
31
64
-112
9
39
-221
116
-3
-31
-75
152
-230
-37
142
-384
92
-109
-170
-190
103
-407
-130
0
-678
149
-335
-360
-68
-235
-338
-120
-8
-480
73
-211
-359
105
-266
57
-151
79
-37
-125
290
-188
187
91
3
135
80
278
-85
432
12
69
500
-167
444
170
156
333
148
348
0
450
42
168
366
-14
456
15
364
174
194
280
-6
269
-46
207
67
79
127
-10
67
-127
73
-113
-58
-116
-133
-151
-204
-160
-276
-229
-313
-295
-366
-257
-375
-249
-361
-302
-240
-399
-274
-317
-199
-424
-128
-313
-286
-51
-286
-49
-69
-148
-70
-143
77
-133
203
-52
65
158
-29
271
0
355
-55
304
141
155
444
116
461
152
353
248
306
426
280
475
225
520
274
391
408
153
339
207
136
297
182
144
153
188
-170
250
-142
-200
141
-398
7
-246
-91
-336
-179
-218
-496
-76
-408
-375
-202
-437
-208
-329
-243
-332
-444
-297
-535
-141
-436
-168
-264
-358
-152
-345
-117
-331
-123
-338
-148
-70
-208
148
-95
10
41
-26
68
20
207
4
301
185
292
450
160
556
150
479
335
402
635
285
744
277
648
387
365
561
144
706
186
437
442
110
447
52
190
47
77
-120
-115
75
-351
149
-323
-218
-174
-511
-291
-346
-423
-396
-328
-513
-388
-310
-520
-365
-365
-609
-296
-422
-406
-246
-355
-398
-366
-276
-407
-304
-172
-466
-51
-322
-140
-42
-181
55
-200
130
-136
209
158
2
466
-22
387
316
204
581
199
575
324
591
447
373
697
222
747
423
505
636
336
542
288
553
211
406
386
22
500
-9
220
178
-67
136
-149
106
-221
27
-207
-277
-43
-517
11
-423
-337
-267
-524
-322
-444
-295
-476
-290
-453
-544
-207
-633
-296
-472
-514
-309
-622
-175
-605
-193
-384
-441
-209
-488
-162
-375
-102
-234
-110
-35
-150
137
-105
148
144
76
356
223
318
395
416
340
518
436
354
582
339
506
496
418
552
486
454
449
443
343
372
297
392
253
344
291
203
309
64
186
75
44
123
-91
81
-187
-43
-151
-301
42
-434
-86
-332
-311
-149
-415
-151
-443
-226
-425
-421
-284
-575
-218
-582
-368
-368
-480
-210
-549
-149
-555
-310
-253
-519
-41
-401
-131
-195
-102
-16
-155
206
-160
232
36
55
319
38
460
63
471
271
275
547
192
528
353
405
377
381
402
253
472
145
351
292
50
403
111
227
228
101
87
120
-3
2
92
-107
16
-23
-142
37
-85
-81
-10
-172
-94
-110
-180
-115
-152
-156
-144
-155
-174
-115
-258
-230
-169
-440
-103
-344
-285
-96
-449
-137
-367
-241
-199
-267
-129
-221
-28
-271
61
-128
-70
137
-168
104
22
62
140
184
224
159
372
95
305
258
108
397
97
356
233
250
292
175
271
67
181
52
57
147
-12
115
70
-18
14
-26
-77
-10
-81
-82
-102
-32
-143
-6
7
-166
78
-175
-70
-52
-123
-14
-71
-20
-129
-16
-89
-198
-46
-294
-121
-258
-164
-100
-220
-19
-311
-86
-217
-234
-5
-183
-38
-4
-96
-33
46
87
-84
239
61
-47
407
-91
234
328
-27
369
204
249
223
324
160
119
378
-60
373
164
120
206
6
143
-83
150
-127
-4
59
-200
116
-131
46
-131
-12
-24
-259
204
-342
55
-38
-126
120
-159
139
-236
61
-94
-119
143
-245
96
-212
-46
-91
-195
25
-339
-33
-264
-162
-84
-192
-21
-245
-24
-204
-43
-31
-168
95
-131
73
58
53
112
41
103
-14
185
67
117
178
30
155
69
129
46
144
96
-12
221
-38
95
122
-33
80
19
44
-44
19
19
-129
139
-47
-72
84
-94
-36
63
57
-35
121
71
-60
149
71
-41
134
-19
-41
29
59
-75
83
29
-159
49
-130
-130
-52
-160
-161
-107
-144
-169
-27
-157
-146
-61
-209
-63
7
-80
33
68
-64
69
83
-21
176
60
51
149
56
74
77
133
-32
93
-33
-20
23
-83
61
-71
1
-2
-88
36
-41
-8
11
-21
-6
-26
73
-68
108
43
-34
175
-50
61
69
-32
43
52
-7
17
99
-43
105
13
-76
51
-115
12
45
16
24
50
-62
-83
70
-143
-8
-28
-136
27
-62
24
-13
7
-71
-75
4
-95
120
-18
59
129
-52
145
-1
50
127
-43
70
40
41
37
120
2
29
69
-135
67
-62
-39
-8
-55
-19
-100
-1
-151
-34
-57
-191
19
-157
-14
-22
-54
32
-115
59
-113
2
31
-33
76
11
66
29
41
99
-48
123
-62
4
74
-68
115
-68
100
-69
-63
136
-215
142
42
-108
184
-116
99
-90
113
-20
-77
263
-257
234
42
-80
195
-120
75
-50
73
38
-5
195
-196
147
-24
-140
140
-163
43
-64
-37
-39
-82
41
-171
2
-35
-174
88
-133
-3
5
-75
36
-149
115
-119
3
86
-152
134
-64
-10
20
-6
-7
-69
44
-125
-1
-13
-106
69
-88
-73
-33
-48
-31
-36
34
-95
73
2
-14
162
-19
113
58
71
133
98
165
49
176
38
46
140
-14
157
53
54
79
30
83
10
150
-38
81
41
-39
107
-20
82
10
63
25
-20
77
-26
-9
-27
-69
-35
-33
-50
-18
-21
-91
-37
-117
-96
-51
-124
-53
-80
-61
-76
-55
-46
-103
-55
-137
-90
-92
-124
-29
-126
-33
-67
-168
-21
-113
-94
3
-73
-28
-31
21
-41
55
75
-74
117
-44
92
28
66
148
-25
193
36
50
196
12
135
68
88
47
77
150
-16
190
14
23
155
-15
68
108
36
77
93
72
62
107
55
25
71
18
-5
34
23
-6
-12
-19
-93
-83
-54
-156
-133
-49
-244
-77
-73
-195
-31
-138
-159
-128
-113
-165
-106
-49
-134
-63
-68
-127
-7
-134
-1
-25
-89
111
-112
53
60
-89
37
22
-20
11
95
-34
63
87
-59
111
33
20
110
23
98
81
80
107
98
151
136
159
112
183
118
80
219
15
130
155
-44
201
37
18
140
2
33
15
9
-69
41
-88
-64
19
-165
0
-96
-161
-32
-140
-109
-86
-96
-136
-46
-78
-162
44
-186
-75
-25
-148
17
-44
-57
2
-53
-42
-20
-59
-13
-54
-30
-6
-43
-25
1
-50
-11
25
-30
17
40
-22
10
45
34
51
123
91
35
197
22
133
170
70
205
63
226
76
124
166
-25
160
3
60
74
-10
42
-68
38
-88
-53
0
-120
-25
-75
-58
-65
-23
-82
-126
18
-180
-52
-39
-184
-8
-144
-95
-82
-121
-58
-135
-91
-79
-102
-66
-85
-68
-86
-51
-103
-36
-22
-84
21
-32
-19
54
16
-13
82
20
7
144
2
94
164
-23
169
71
75
171
45
134
138
77
105
164
41
131
124
-5
169
44
35
140
-20
82
37
18
55
8
20
-15
23
-49
51
-29
-56
62
-89
-11
11
-143
-8
-92
-138
-22
-111
-74
-44
-115
-123
-38
-140
-101
-60
-150
-46
-97
-106
-30
-67
-65
-62
-28
-45
11
3
-22
58
-39
23
31
-16
67
8
18
63
27
58
49
17
74
31
19
79
29
23
89
15
36
113
16
36
112
-1
75
76
18
58
60
24
32
63
-20
49
-22
2
51
-62
52
-38
-58
74
-84
-2
40
-54
-4
4
-28
-25
62
-84
-13
40
-120
49
-18
-32
12
-37
-38
-52
-9
-70
-29
-36
-77
-6
-66
-34
-40
-72
-24
-77
-33
-17
-40
-17
-2
-20
20
-6
33
7
14
24
12
55
2
56
22
22
32
-15
29
-12
-15
26
-16
-22
13
-33
-28
19
-59
-10
14
-54
-1
12
-31
5
6
-28
-9
18
-24
15
14
15
11
23
28
-7
64
4
19
44
24
24
25
66
-5
59
47
-33
103
-23
16
69
-30
34
3
12
-16
45
-14
-12
50
-36
18
32
-10
14
36
-24
50
23
-14
48
8
3
44
-17
-5
55
-58
-1
31
-80
18
-13
-73
3
-37
-75
-26
-23
-100
8
-54
-76
31
-87
-11
-3
-58
-10
-20
-46
-5
6
-43
32
-16
-26
13
-30
-11
-18
-27
2
-18
-15
-1
-2
-15
13
-23
8
21
-39
62
3
8
58
13
1
53
-10
10
71
-16
37
66
-5
46
73
-18
63
56
-16
68
43
-6
87
10
-2
47
3
-6
23
16
-18
14
-35
1
-33
-7
-34
-65
19
-63
-35
21
-49
-24
-8
-38
-34
30
-33
-51
69
-98
17
32
-60
56
-37
-17
-1
-11
-23
-6
0
-72
19
-55
-23
10
-98
25
-71
-28
-2
-36
9
-43
34
-54
30
34
-54
83
-25
5
52
2
33
-10
49
-21
28
49
-39
71
8
-10
71
-7
18
37
4
24
28
28
19
28
18
18
30
29
-5
23
11
-6
9
38
7
7
42
-34
52
6
-15
75
-22
27
32
14
46
19
9
1
43
-18
26
58
-64
84
-48
-43
73
-108
10
-28
-84
-16
-36
-77
-27
-25
-96
-30
-29
-104
21
-75
-51
14
-80
12
-29
5
-18
-3
-7
-14
-4
-22
2
-33
1
-8
-54
15
-26
-55
26
-42
-10
15
-38
6
19
-24
18
11
-10
27
15
20
48
32
22
59
18
51
57
19
81
36
43
75
29
67
49
36
47
39
49
33
45
23
15
12
-9
32
-22
26
-22
-23
34
-60
13
-12
-33
-28
-6
-48
-18
6
-73
11
-26
-65
11
-66
-35
-8
-69
-27
-18
-38
-27
-20
-37
-16
-44
-35
-21
-43
-12
-34
-64
0
-43
-51
-1
-46
-30
-8
-30
-30
36
-41
-11
49
-54
41
3
-5
48
17
17
33
59
4
67
36
26
71
10
69
42
63
69
28
82
31
48
42
37
42
42
32
18
61
-12
30
17
-27
50
-20
-2
35
-2
-1
29
-4
-14
35
-47
3
35
-62
22
0
-48
20
-22
-42
23
-33
-55
9
-37
-44
3
-54
-39
-34
-60
-47
-63
-16
-90
-37
-36
-91
-11
-72
-54
-41
-30
-71
-9
-8
-63
50
-52
2
36
-37
19
7
5
-1
33
-5
20
39
-31
51
8
17
34
21
47
37
48
39
48
46
49
18
66
42
13
79
20
31
70
14
29
67
8
37
68
4
48
47
-9
35
31
-15
37
17
-2
14
6
-7
-2
9
-33
4
-10
-42
-1
-39
-27
-24
-50
-37
-59
-38
-81
-52
-51
-84
-44
-70
-64
-66
-55
-83
-49
-51
-83
-24
-54
-53
-18
-44
-33
-9
-18
-35
16
-13
-37
42
-31
-4
42
-23
8
39
3
21
61
12
56
65
16
79
45
40
63
32
75
51
61
72
57
59
78
58
58
83
34
63
66
27
61
44
23
54
19
19
39
-6
13
10
-31
6
-30
-31
-22
-36
-48
-28
-40
-66
-13
-69
-46
-34
-81
-25
-64
-63
-40
-69
-51
-54
-65
-53
-54
-57
-49
-48
-59
-33
-47
-46
-18
-51
-15
-13
-25
4
6
-12
20
17
-2
47
35
24
64
51
41
79
50
54
79
54
44
88
46
47
78
25
46
55
17
37
38
12
29
27
10
14
27
-10
17
4
-11
10
-20
-1
-17
-16
-6
-40
-16
-20
-54
-24
-30
-68
-23
-45
-79
-19
-54
-74
-18
-69
-56
-43
-63
-46
-47
-44
-49
-25
-38
-22
-13
-25
-6
-17
-5
13
-3
17
31
22
32
48
35
40
51
35
54
52
52
65
53
71
50
52
59
33
53
43
32
43
39
28
20
33
2
7
18
-16
6
0
-11
-8
-5
-28
-26
-7
-51
-18
-21
-56
-17
-51
-42
-38
-58
-32
-63
-40
-51
-54
-37
-53
-41
-50
-40
-57
-39
-32
-61
-15
-37
-44
-8
-31
-25
-6
-17
-9
15
-1
7
36
1
36
43
16
75
36
59
76
48
74
62
65
60
62
62
57
69
50
59
63
46
53
39
46
32
34
27
24
20
13
14
1
10
-8
0
-3
-14
-10
-12
-23
-24
-22
-36
-39
-31
-46
-42
-40
-53
-45
-47
-51
-56
-51
-59
-58
-55
-53
-59
-54
-51
-59
-50
-45
-53
-37
-28
-42
-24
-20
-31
-11
-7
-17
2
9
-5
21
9
6
36
12
27
36
29
37
44
45
43
48
40
53
53
47
64
43
54
58
34
56
40
34
43
36
34
39
36
22
28
17
7
20
4
10
8
-11
5
-15
-13
-12
-37
-20
-40
-41
-29
-36
-35
-32
-27
-45
-20
-37
-47
-18
-50
-32
-27
-49
-26
-34
-41
-32
-25
-38
-25
-6
-39
-2
-20
-27
4
-26
-5
-9
-6
1
3
16
1
26
7
8
31
1
32
18
18
35
23
33
19
43
19
17
38
5
36
18
17
29
17
30
8
33
15
6
32
3
29
18
14
18
7
10
-11
13
-9
-12
9
-16
-4
-5
-10
-10
-13
-5
-24
0
-12
-18
5
-15
-1
-9
-9
-7
-12
-5
-16
-6
-12
-12
-5
-18
-1
-13
-12
-3
-12
-3
-9
-1
-9
-3
-4
-14
2
-9
-7
-6
-13
-12
-9
-1
-9
-6
1
-13
2
-3
-7
2
-7
-2
2
4
2
12
9
4
11
6
6
17
8
10
9
2
-2
1
6
-5
12
-2
-1
6
-2
-3
-3
-2
-13
0
-3
-5
7
-3
-4
2
5
3
5
10
-1
7
4
-3
6
0
2
0
-3
-1
-5
-1
3
-2
-1
-2
2
0
3
7
-5
10
1
2
9
3
4
5
6
-3
10
2
-4
7
-7
-4
1
-2
-4
-3
-1
-8
2
-3
0
5
0
9
2
5
5
2
2
-1
8
4
4
3
0
3
-10
-3
0
-7
3
-4
1
0
-3
4
-2
2
-2
3
5
-1
9
0
2
6
0
5
0
4
8
0
-2
11
5
-3
11
1
-1
5
-7
-1
4
-5
-5
3
-4
-6
6
-7
-7
3
-8
0
3
-7
-7
-6
-14
-14
-11
-16
-9
-12
-18
-15
-17
-17
-13
-15
-16
-10
-12
-13
-4
-8
0
0
-5
4
-1
-2
1
5
0
6
5
-3
10
3
0
15
6
8
18
12
12
21
18
11
19
11
12
19
12
13
17
12
13
15
6
10
4
2
3
-2
1
2
0
-4
-1
-9
-6
0
-10
-5
0
-10
-5
2
-7
-5
2
-11
-5
5
-4
0
5
-5
-5
2
-11
-7
-4
-10
-8
-11
-11
-9
-9
-8
-11
-6
-5
-7
-1
-1
2
-1
4
9
9
16
13
19
17
16
22
20
20
17
20
14
13
17
11
10
5
3
-1
0
-5
-8
-6
-18
-16
-16
-20
-17
-16
-17
-18
-16
-15
-11
-9
-9
-4
-9
-4
-3
-5
0
-3
-5
-2
1
-4
1
-2
-7
-6
-12
-13
-10
-11
-15
-11
-11
-11
-6
-4
-2
-2
3
5
3
5
8
8
14
19
14
19
20
20
23
18
18
19
20
14
15
15
5
6
6
3
3
1
-1
-2
-2
-3
-5
1
-3
-6
-2
-5
-8
-4
-6
-8
-3
-9
-7
-5
-10
-12
-10
-14
-15
-15
-20
-17
-14
-12
-9
-10
-8
-6
-6
-2
-3
-3
-1
-1
-3
2
0
0
1
-1
1
1
2
6
5
6
7
6
8
11
7
8
10
10
12
12
11
12
14
15
18
16
15
20
13
15
19
16
16
18
18
15
17
13
11
11
6
2
2
-4
-7
-7
-11
-14
-14
-16
-16
-15
-16
-18
-16
-15
-15
-17
-14
-11
-13
-13
-11
-11
-9
-8
-9
-10
-11
-9
-5
-5
-4
-5
-5
-4
-3
-4
-4
-5
-7
-5
-4
-4
-1
-4
-5
-3
-2
0
1
4
7
5
5
7
7
7
9
6
7
7
6
8
7
5
5
6
9
9
7
9
8
6
6
5
6
5
0
-2
-1
-3
-6
-5
-8
-8
-8
-11
-9
-11
-11
-11
-13
-12
-11
-11
-11
-7
-8
-6
-1
-4
0
0
1
4
6
6
8
7
8
9
7
9
11
12
13
10
8
9
8
7
9
7
6
5
5
3
0
0
1
2
0
2
1
0
1
0
3
4
3
4
5
4
6
6
5
4
3
2
2
2
1
2
-1
-2
-7
-8
-6
-8
-8
-10
-14
-13
-16
-14
-12
-13
-10
-10
-10
-9
-8
-6
-6
-2
-1
0
0
2
5
4
5
6
6
8
8
8
7
7
6
7
6
4
5
5
4
4
4
5
4
2
2
-1
1
1
0
0
-1
0
1
-1
-1
-2
-3
0
0
-2
2
2
2
3
2
2
0
1
2
2
0
-1
-2
-1
-1
-1
-2
-4
-3
-6
-5
-7
-8
-9
-11
-10
-13
-12
-12
-12
-11
-11
-11
-9
-6
-7
-6
-4
-3
-2
0
0
4
4
6
7
7
5
5
4
5
7
5
6
4
2
1
0
-2
-1
-2
-3
-3
-3
-2
-2
-2
-1
-1
0
1
1
3
4
5
5
7
9
9
9
8
11
11
12
11
10
8
7
7
7
8
6
5
5
4
3
3
3
3
2
0
0
1
2
1
0
2
3
4
5
4
3
3
2
1
-1
1
1
0
-1
-4
-3
-2
-2
-4
-5
-5
-5
-8
-11
-10
-9
-8
-7
-7
-8
-8
-8
-8
-7
-8
-8
-6
-7
-6
-5
-5
-4
-5
-6
-6
-5
-5
-5
-5
-4
-4
-5
-5
-3
-1
0
-1
1
2
2
1
4
7
6
7
7
8
8
8
9
9
8
7
7
5
6
4
4
3
4
3
4
3
2
1
1
0
1
-1
-2
-1
-2
-1
0
-1
-1
1
0
0
0
1
-1
0
-2
-3
-2
-4
-3
-3
-4
-4
-4
-5
-3
-3
-5
-3
-5
-4
-1
-2
-2
1
1
2
1
-2
-1
1
0
1
1
1
1
-1
-2
0
0
1
2
1
2
0
-1
0
-1
0
0
1
2
4
5
7
4
4
6
5
3
3
2
3
4
0
2
1
3
2
2
3
3
2
-1
-1
-2
-3
-4
-4
-2
-1
-1
-1
0
0
0
2
2
1
0
0
2
3
4
3
3
2
2
1
3
2
3
2
0
1
3
2
1
0
-1
2
1
0
0
0
-1
-1
-2
-3
-4
-5
-3
-4
-6
-5
-4
-4
-4
-4
-4
-6
-6
-6
-4
-4
-7
-6
-9
-9
-8
-7
-6
-5
-5
-5
-4
-3
-1
-1
0
1
1
2
3
2
3
3
1
1
1
1
0
0
0
2
0
2
3
1
2
3
2
3
1
1
2
4
4
3
4
3
6
3
2
4
3
4
3
5
6
5
3
1
3
2
1
3
3
3
2
0
0
-2
-1
-1
-2
-2
-2
-1
-2
-2
-2
-2
-1
-2
-1
-1
0
0
-1
-2
-1
0
0
0
1
1
0
1
2
2
2
2
2
1
1
1
2
2
2
2
0
1
0
3
1
0
2
0
1
1
1
1
