-1
-1
-2
-2
-3
-1
-2
-2
-2
-2
-3
-3
-4
-5
-3
-3
-1
-2
-3
-2
-2
-1
-1
-2
-1
0
0
1
1
2
1
0
0
0
0
0
0
0
1
1
0
0
0
-1
0
2
1
1
1
1
1
2
1
0
0
0
0
1
2
1
1
0
1
0
0
1
2
2
3
5
4
4
5
5
4
4
4
4
3
2
4
4
6
3
3
2
2
1
1
1
0
1
1
1
0
-2
-2
-3
-4
-4
-4
-3
-3
-3
-4
-2
-4
-3
-4
-3
-5
-4
-4
-4
-3
-3
-3
-4
-2
-3
-3
-4
-4
-4
-3
-3
-3
-3
-3
-4
-5
-4
-4
-3
-3
-4
-4
-4
-3
-4
-3
-1
0
-1
0
1
2
3
4
6
5
6
7
6
6
8
8
8
7
5
4
4
6
4
3
3
3
3
3
4
4
4
4
3
2
1
3
3
4
4
1
2
3
2
2
0
-2
-1
-1
-1
-3
-4
-2
-4
-5
-5
-5
-5
-4
-6
-7
-5
-5
-5
-7
-7
-6
-7
-7
-6
-7
-6
-5
-5
-4
-4
-4
-3
-3
-2
-2
-3
-3
-3
0
1
1
2
2
2
2
2
4
5
6
6
6
7
7
6
7
7
6
8
7
7
7
5
8
7
8
7
6
6
5
4
4
2
1
2
1
2
0
-2
-1
-1
0
-1
0
-2
-2
-2
-1
-1
0
-1
-2
-1
-3
-4
-4
-4
-5
-5
-5
-5
-5
-5
-4
-2
-3
-5
-6
-6
-5
-5
-5
-4
-3
-2
0
-2
-3
-3
-2
-3
-3
-4
-2
-1
0
1
1
1
0
2
4
4
3
3
3
4
3
3
3
3
2
2
3
3
3
2
2
3
4
4
2
2
2
2
2
2
2
2
1
0
-1
-1
-1
-2
-1
-2
0
1
3
3
0
0
0
-1
0
-1
-3
-4
-3
-4
-3
-4
-6
-6
-4
-3
-3
-4
-3
-3
-2
-1
-2
-2
-3
-2
-2
-3
-4
-3
-4
-4
-4
-2
-2
-1
-1
-2
-2
-2
0
2
3
1
-1
1
2
0
0
1
4
3
3
3
5
6
6
7
7
7
6
8
7
7
7
8
8
5
5
6
8
8
6
4
4
5
5
6
6
5
2
1
-2
-3
-2
-2
-4
-6
-6
-5
-4
-6
-6
-3
-2
-4
-5
-6
-5
-2
1
-1
-3
-6
-5
-2
1
1
-3
-8
-9
-8
-8
-8
-6
-4
-1
-1
-6
-10
-11
-10
-9
-9
-5
-3
-2
-3
-3
-2
-2
-1
1
5
8
12
9
3
-3
-4
-1
3
4
4
6
5
2
-3
-6
-2
3
7
6
3
2
-2
-2
-2
-1
2
7
11
14
13
7
2
-2
1
4
11
20
22
21
14
3
-4
-12
-9
-2
9
15
8
-2
-13
-16
-14
-12
-11
-8
-1
7
10
-1
-15
-25
-26
-17
-6
1
1
-2
-5
-6
-3
-2
-5
-10
-9
1
11
12
3
-11
-17
-8
5
14
11
-2
-11
-18
-12
-1
3
1
-1
2
10
18
11
3
-7
-8
-3
10
24
22
11
-1
-1
7
14
16
7
8
12
10
19
15
5
-3
-8
-5
7
14
8
5
-1
-15
-13
-9
-12
-6
-2
1
10
12
6
-2
-5
-4
-6
1
9
9
12
3
-12
-17
-24
-24
-10
9
5
-2
0
-5
-6
-14
-22
-28
-29
-10
12
18
9
-16
-31
-26
-20
-3
11
4
-13
-18
17
24
15
8
-25
-27
-16
1
37
22
-19
-30
-8
12
18
21
-12
-23
-3
19
55
34
-8
-30
-32
-2
33
30
-1
-22
-31
2
41
42
16
-14
-35
-10
51
61
30
5
-9
8
32
35
30
-1
-18
-26
-10
38
28
1
-20
-35
-9
-11
-17
-5
-28
-23
-4
2
17
2
-33
-45
-19
-2
20
58
14
0
18
-28
-13
11
-4
-22
-44
-28
-6
26
17
-9
-27
-67
-50
-16
-2
2
6
6
-9
-25
-7
14
14
15
-40
-35
51
37
35
52
4
-35
-42
21
23
35
49
-16
21
29
-7
-6
-2
-5
-39
25
55
-22
20
21
-37
9
45
-28
-34
22
-13
12
62
39
-20
-12
-5
-58
40
39
-6
-3
-36
15
-13
40
80
-24
-35
-44
-57
8
92
30
-79
2
-30
-77
35
6
-42
-2
-36
-88
50
71
-39
-17
-28
-52
0
10
9
33
7
-32
-20
25
6
-42
-21
7
-4
36
30
-22
12
-37
-43
47
5
-49
53
13
-67
76
64
-34
21
-10
-72
63
105
-1
32
64
-50
-4
76
-3
-22
41
16
-25
87
39
-33
25
-2
-72
7
32
-64
29
83
-74
-32
29
-29
-15
2
-11
-33
51
12
-31
70
37
-84
-44
-1
-35
8
31
17
-36
-19
-62
-49
13
-55
-84
3
-62
-34
67
-14
-46
-39
12
-69
-10
9
-44
87
-68
-2
87
-12
12
-7
10
17
17
4
29
81
-43
35
93
0
-20
-50
15
44
47
-41
36
-15
-105
16
35
36
-5
0
0
2
57
60
27
72
-38
-25
51
83
38
-8
75
-123
1
100
-82
69
6
-83
-42
51
53
-138
97
-71
-122
55
-7
-42
0
39
-114
-13
68
-29
-63
37
-15
-88
140
-12
-170
74
-48
-10
29
70
-9
-79
38
-86
34
80
-112
-53
60
-54
-14
48
10
-54
-87
60
-32
87
43
-37
-16
-20
-42
55
12
-4
69
-57
19
115
-26
-54
109
-52
30
82
74
0
14
83
12
21
121
-57
-46
74
-65
10
9
38
-62
-20
15
4
-34
-10
-50
-58
86
16
-46
36
60
-42
-47
162
-73
-61
162
-133
-9
76
-93
-71
59
32
-203
-9
138
-231
17
64
-254
137
-125
-90
8
1
81
-271
148
-46
-101
165
-125
-41
114
-132
9
138
28
61
25
48
-122
56
172
-120
46
19
-23
-1
32
-45
152
-73
8
-50
69
94
-130
132
-62
34
46
18
48
-43
85
-21
40
87
-37
38
19
6
4
-23
141
-99
-71
182
-140
49
60
-10
-42
23
-78
-63
100
1
-156
10
29
-183
132
2
-64
55
11
-195
11
67
-119
10
161
-125
-38
159
-139
-18
-18
-41
-97
73
33
-45
90
-23
-101
-17
80
-109
106
53
26
10
-45
19
-105
104
-145
10
220
-213
3
164
-162
-75
195
-180
112
6
41
-33
87
216
-224
166
67
-40
133
-28
-32
135
1
37
-2
121
-41
-145
108
-58
-87
76
-14
-32
45
-62
-36
-5
-74
-3
-82
142
-2
21
-31
-7
4
-226
224
-93
37
52
38
-68
-7
3
-119
-79
79
-83
-110
129
-132
-60
-7
-145
101
-26
-23
-83
129
31
-165
157
21
-158
139
84
-246
260
-84
-49
22
-42
70
-56
106
-156
80
42
-152
132
52
34
14
-9
15
34
52
-108
86
75
19
-22
14
33
-22
-24
12
37
29
90
-30
3
-43
-29
-20
39
62
2
106
-9
-64
48
-107
62
-110
76
-49
27
26
-74
64
-98
3
-48
-85
164
34
-111
226
-90
-57
30
-1
-168
56
61
-79
129
-138
32
-66
-16
-25
-111
124
-66
-92
178
4
-54
68
-16
-8
33
34
30
53
61
-80
3
88
-184
81
-87
-21
-82
64
46
-91
28
-7
-98
-21
126
-80
85
123
-123
178
161
-171
-15
174
-120
-63
227
-32
53
119
-146
-97
182
-165
-94
281
-148
6
100
-162
12
-18
-103
27
-51
157
-133
81
136
-167
56
-60
33
-71
-23
195
-43
-74
135
-140
-33
-62
-110
55
-51
-148
27
33
-117
-69
18
32
-66
-16
-11
-151
177
-86
56
-6
154
83
-142
247
-126
31
79
-69
-60
116
-2
-251
241
11
-356
248
-43
-6
203
-176
179
-112
-58
43
-40
162
-18
-56
208
99
-236
196
-19
40
-85
-10
115
-52
158
-132
-17
-30
22
-159
190
7
-56
-110
161
-18
-87
156
-70
-53
171
-59
-260
515
-327
-92
412
-404
145
153
-264
161
-138
-111
-32
50
87
-306
267
-35
-233
210
-104
-13
8
15
-58
22
20
-129
76
34
37
38
8
135
-106
124
-91
-69
194
-206
-12
88
-49
104
-16
69
109
-102
28
84
-58
5
-13
-220
220
-126
-35
112
-38
285
-80
-69
75
-69
-215
22
-103
38
101
-88
186
84
14
-151
53
26
-243
89
-40
17
194
-172
1
230
-320
166
9
52
56
-123
87
-143
43
-110
36
-119
-48
-22
-2
102
37
-172
123
-153
-266
209
-47
83
-20
249
-160
125
-38
-101
79
-1
-35
-85
444
-194
41
125
-130
-266
167
-65
-210
202
-21
-188
253
72
-408
292
2
-281
250
-41
-37
-57
78
63
-211
274
-24
-154
325
-153
-250
365
-100
-320
180
156
-200
21
245
-24
33
87
-85
-32
348
-304
-220
434
-294
-181
145
77
39
-100
91
25
118
-70
-240
138
220
-238
-62
218
-61
-85
-36
60
401
-318
44
237
-254
199
-141
-182
366
-89
-60
130
43
94
-284
18
112
-200
77
-11
-36
-81
-109
94
-154
271
-6
-288
477
-291
-136
419
-344
-19
140
50
116
86
4
-265
85
-114
-429
496
2
-408
431
35
-134
-78
55
-103
-197
27
-73
222
422
-554
139
394
-499
180
82
-168
242
-225
-46
312
-107
-66
-188
338
-218
-165
680
-456
295
-63
-403
633
-309
-168
141
-175
132
-306
292
370
-380
42
-175
302
-53
-271
-101
135
163
-491
79
403
-7
-464
-77
529
-316
-315
470
-389
185
-149
-276
701
-251
-126
-205
397
6
-587
787
-28
-549
439
-493
99
305
-549
318
-1
385
-295
-143
899
-500
-305
458
-374
267
170
-442
344
25
-156
-110
23
479
-561
92
327
-204
181
-240
-65
14
34
-118
221
209
113
-52
115
-48
48
-57
208
-652
231
208
-556
443
80
-400
197
201
-225
628
-181
-345
193
-150
-37
-169
118
13
-260
-37
67
-12
227
-220
125
-15
-3
104
-352
709
-586
-218
145
144
120
38
278
-1
-166
-52
-196
13
102
-194
-49
-134
761
-372
85
598
-630
122
81
-123
94
-105
-38
-154
-54
446
45
62
291
-363
133
-201
-134
5
-1
230
-291
163
318
-240
-329
327
-287
-57
129
-6
28
55
-432
-310
334
-184
-322
424
265
-715
572
-102
-265
478
-775
209
328
-562
421
190
-55
153
-257
-43
376
-261
-372
444
-133
-542
414
45
-463
175
14
-134
355
12
-163
403
190
-291
-221
613
187
-750
315
489
-83
-248
332
32
-375
175
-823
360
811
-760
179
882
-342
-406
38
132
-277
-285
154
193
35
225
-285
30
424
-906
382
717
-445
221
-224
307
-214
-621
1091
-430
-38
655
-999
659
78
-1112
770
-332
-388
293
-66
100
-329
455
-208
-212
849
-843
451
958
-1521
558
288
-579
206
-650
637
14
-430
748
-505
397
-177
-765
763
15
4
-373
-160
925
-1047
-71
807
-503
272
-474
409
400
-662
-143
-83
400
-152
-484
1257
-14
-792
300
95
-11
335
162
-200
448
216
-646
192
295
-732
-357
332
150
-147
540
6
-859
362
278
-828
779
383
-1016
1001
42
-1083
1228
-65
-1177
204
471
41
-46
279
-179
-462
115
-340
3
984
-760
-840
908
183
-604
340
251
-91
-305
-167
473
62
42
-663
-17
966
-900
176
1102
-1039
-38
-99
-457
1082
-372
-270
161
-479
308
-519
396
682
-1209
535
285
-238
482
-303
481
-636
-165
711
-281
996
-249
-688
933
-659
-388
524
-43
-470
-469
515
-160
57
680
-587
-100
288
-630
197
813
-121
-380
603
216
-321
553
-274
-478
45
-567
145
675
465
-309
-580
470
-695
-470
547
-255
81
195
287
51
-153
293
-704
-629
670
-94
152
515
-191
-507
-475
530
-212
-498
1102
-597
-917
1511
-267
-291
830
-716
-74
561
164
100
351
-130
-1140
65
669
-124
650
-116
-620
125
-323
-84
239
-161
-236
51
-87
469
302
-519
-166
-106
-132
351
610
242
-107
-207
125
-214
369
367
-931
241
683
-508
175
432
-745
-456
-191
-129
310
476
-438
-437
612
-311
-409
699
-237
-496
184
28
429
852
-93
-677
305
198
-757
164
849
-537
-597
422
272
-195
-126
-216
-212
-312
160
102
56
893
-718
-689
1062
96
-500
240
153
-89
67
417
195
97
-327
-887
-15
316
175
51
-101
-61
-361
-95
340
28
-64
-262
172
201
131
391
69
-345
-552
95
766
-65
106
258
-614
-2
-74
107
539
-153
-472
-339
278
407
-487
301
228
-674
158
417
49
-309
-251
-132
-536
425
388
-334
476
-274
-773
404
561
-104
-181
331
-167
-536
412
-82
-267
110
-140
192
168
278
115
-587
-301
10
155
492
495
43
-334
-219
-346
-415
375
305
-347
-65
177
78
-239
-266
-189
-83
39
213
887
662
-219
-283
-141
197
248
161
653
456
-64
-260
-118
-163
-423
-165
215
429
606
-39
-166
-265
-793
-363
-77
286
509
273
191
-119
-419
-226
-371
-188
-272
-135
664
163
-337
-143
-685
-971
-456
-69
260
333
-14
-417
-397
-366
-667
-473
11
-204
-191
225
198
-209
-526
-470
-409
-55
389
505
687
453
-41
374
676
541
709
861
1115
1156
1000
1141
1118
710
617
891
1135
1223
954
476
198
38
-175
-187
89
-191
-659
-590
-686
-891
-869
-1076
-1431
-1340
-1000
-893
-947
-861
-1022
-1293
-1220
-786
-363
-356
-541
-545
-499
-625
-490
-509
-450
-360
-696
-551
-75
-187
-598
-908
-1034
-1029
-1109
-696
16
443
785
1170
1542
1452
946
668
857
1609
2372
2761
3432
3752
3151
2535
2205
1908
1412
1161
1629
2049
2180
1646
390
-701
-1724
-2486
-2053
-1194
-806
-1010
-1580
-1950
-2353
-2749
-2849
-2537
-2057
-1517
-911
-243
-95
-532
-1225
-1567
-996
-431
88
743
583
-251
-879
-1310
-1303
-1174
-1263
-1189
-944
-973
-1395
-1661
-1659
-1708
-1363
-159
1121
1748
1602
1057
787
787
1163
2158
3192
3792
3956
3972
4025
3600
2477
1482
1333
1555
1823
2514
2625
1513
-35
-1320
-1612
-1159
-923
-769
-700
-1087
-1583
-1877
-1819
-1889
-2382
-2316
-1421
-404
168
163
-55
-488
-1224
-1187
-211
344
262
-41
-274
-251
-581
-1153
-1283
-1338
-1708
-1905
-1468
-1184
-1988
-2850
-2983
-2755
-2235
-1804
-1195
-173
449
400
672
1287
1109
843
1544
2625
3597
4180
4136
4136
3956
3176
2758
2981
2980
2239
1691
1965
1935
1019
35
-669
-1309
-1697
-1814
-1487
-934
-1387
-2450
-2557
-2184
-2040
-1732
-1219
-770
-666
-684
-285
532
753
264
437
1021
1221
1221
1174
1094
560
-292
-531
-405
-603
-1227
-1891
-1914
-2149
-2890
-3066
-3067
-3589
-4067
-3744
-2873
-2414
-2443
-1795
-362
786
842
908
1398
1423
1505
2736
4548
5493
5244
4868
4869
4649
3834
3166
3241
3019
1901
1397
2053
1564
-637
-2368
-2623
-2565
-2850
-2672
-1915
-1890
-3133
-3988
-3162
-1996
-2022
-1946
-476
718
576
319
1192
1943
1302
971
2386
3720
2958
1562
1235
1287
507
-312
-29
313
-1082
-3035
-3040
-2426
-3519
-5120
-5227
-4725
-4807
-4759
-3483
-2209
-2833
-4001
-2862
301
1886
1360
1743
2723
2543
2812
4729
6835
7035
5386
4731
5840
5963
4379
3418
3364
2348
780
834
1747
440
-2998
-4852
-4038
-3262
-3492
-3398
-2718
-3128
-4831
-4993
-2834
-1546
-2195
-1779
487
1993
1795
1773
2818
3173
2054
2124
4467
5726
3984
1933
1854
1963
646
-295
204
-61
-2384
-4333
-3712
-2814
-4398
-6449
-6226
-5225
-5574
-5842
-4532
-3481
-4320
-5168
-2934
1175
2574
1288
1278
2388
2514
2996
5275
7642
7603
5640
5064
6602
6819
4657
3169
3230
2600
1317
1372
2075
557
-3256
-5492
-4242
-2772
-3075
-3475
-3005
-3092
-4560
-5024
-2945
-1318
-2067
-2080
248
2267
2236
1765
2394
3104
2580
2346
4336
5863
4112
1703
1562
2158
1295
-182
-497
-654
-2669
-4796
-4408
-3408
-4933
-7133
-7094
-6027
-5921
-6126
-5166
-3928
-4174
-4635
-2207
1791
2820
1360
1449
2976
3749
4458
6383
8326
8053
6082
5686
7087
6834
4482
3145
3405
2966
1669
1285
1321
-677
-4283
-5462
-3672
-2733
-3503
-3880
-3538
-3940
-5090
-4987
-3021
-1713
-2151
-1528
1071
2489
1797
1579
2502
2901
2613
3288
5120
5595
3508
1502
1655
1976
688
-383
-269
-943
-3128
-4502
-3873
-3608
-5424
-7034
-6605
-5767
-5789
-5635
-4682
-4089
-4661
-4575
-1628
2165
2825
1382
1487
2608
3215
4647
7017
8370
7625
5809
5515
6962
6942
4764
3409
3216
2345
1665
2139
1944
-576
-4169
-5699
-4313
-2939
-3186
-3407
-3283
-4251
-5607
-5077
-3079
-2131
-2494
-1978
153
1705
1526
1508
2418
2624
2226
3043
4904
5487
3827
2057
1965
2211
1442
699
688
-193
-2452
-3778
-3366
-3270
-4615
-6044
-6128
-5623
-5780
-6051
-5622
-5117
-5192
-4803
-2761
-51
1330
1047
677
1267
2367
3742
5498
6896
7256
6801
6304
6436
6632
5993
4830
4155
3963
3481
2667
1788
527
-1518
-3560
-4088
-3145
-2635
-3274
-3935
-4153
-4402
-4962
-4876
-3407
-2239
-2402
-1860
20
1109
1060
1335
2239
2930
3077
3473
4617
5058
3671
2462
3014
3329
2098
982
780
115
-1628
-2903
-2780
-3045
-4748
-6019
-5814
-5589
-6438
-7225
-6794
-5978
-5656
-4906
-3124
-2111
-2790
-2440
211
2319
2641
2988
3978
4823
5220
5929
7454
8210
6797
5518
6357
7139
5958
4411
3686
2667
1166
361
605
159
-2149
-4080
-3855
-3205
-3670
-4257
-4152
-4091
-4600
-4394
-2801
-1699
-1956
-1647
-21
1118
1303
1716
2553
3092
3240
3682
4594
4709
3282
2286
2687
2644
1607
986
540
-835
-2554
-3375
-3481
-4296
-5818
-6496
-6125
-6234
-7009
-7018
-6573
-6749
-6640
-5196
-3379
-2644
-2501
-1058
1242
2022
1974
3253
4895
5375
5876
7455
8796
8273
6689
6396
7344
7117
5707
5213
4735
2738
933
890
1109
-503
-3022
-3783
-3130
-3498
-4438
-4211
-3806
-4684
-5381
-4029
-1908
-1422
-2218
-1844
-254
537
1004
2617
3951
3377
2481
3232
4552
4341
3028
2563
2872
2172
683
231
123
-1570
-3746
-4253
-3754
-4282
-5827
-6599
-6495
-7005
-7813
-7440
-6380
-6110
-6185
-4991
-2896
-1960
-2231
-1323
1487
3434
3398
3883
5462
6139
6102
6941
8634
9279
7835
6409
6802
7196
5794
4316
4038
3106
984
-109
365
33
-2543
-4925
-4616
-3532
-4007
-4532
-3709
-3217
-4265
-4696
-2825
-859
-1029
-1533
-212
1400
1595
1802
3249
4196
3304
2529
3631
4592
3328
1589
1581
1993
875
-555
-743
-1110
-3009
-4688
-4557
-4148
-5227
-6658
-6675
-6060
-6423
-7011
-6355
-5460
-5613
-5383
-3530
-1459
-830
-1101
-420
1783
3852
4514
4775
5367
5489
5466
6530
7968
8178
6996
5582
5262
5698
5445
4282
2949
1514
-52
-725
-75
204
-1481
-3888
-4673
-3701
-2871
-2872
-2874
-2872
-3314
-3347
-1838
96
241
-815
-680
785
1958
2528
3184
3408
2313
1303
2162
3548
3062
1086
-101
-32
-260
-1005
-1172
-1500
-3236
-4983
-4726
-3683
-4077
-5460
-6085
-5726
-5246
-4923
-4207
-3402
-3731
-4261
-2981
-579
637
448
385
1253
2819
4285
4926
4875
4403
3913
4620
6264
7038
6260
4630
3275
3151
3847
3911
2822
1151
-456
-1225
-595
414
46
-1978
-3903
-3819
-2210
-984
-917
-1571
-2466
-2888
-1805
406
1601
659
-729
-622
667
1775
2436
2511
1370
-198
-230
1397
2301
1095
-817
-1606
-1368
-949
-466
-389
-1783
-3923
-4455
-2995
-1780
-2213
-3314
-3988
-4136
-3626
-2420
-1461
-1879
-3130
-3149
-1480
139
622
387
-140
-431
728
3064
4151
2987
1477
1377
2545
3863
4764
4911
3541
1395
994
2887
4242
3168
1416
710
456
456
1364
2138
771
-1874
-2515
-559
1050
620
-437
-966
-1550
-1897
-587
1234
889
-1140
-1870
-650
488
666
553
231
-766
-1509
-554
1052
898
-740
-1547
-1069
-505
-217
-59
-616
-1991
-2784
-1905
-539
-515
-1606
-2486
-2777
-2615
-1844
-1041
-1373
-2698
-3419
-2620
-1232
-504
-607
-1108
-1627
-1328
392
2128
2018
692
141
922
2256
3450
4152
3704
2085
1127
2343
4338
4679
3345
2012
1288
1095
1812
2979
2944
1002
-919
-803
533
1137
755
67
-875
-1849
-1698
-214
593
-444
-1843
-2032
-1374
-777
-295
-100
-809
-1913
-1826
-316
791
301
-674
-905
-693
-324
431
941
277
-999
-1324
-405
361
-59
-1037
-1666
-1994
-2027
-1359
-683
-1323
-2965
-3794
-3124
-1976
-1374
-1423
-1888
-2519
-2716
-1844
-96
980
482
-398
-263
671
1701
2592
3179
3088
2452
2193
2997
4131
4212
3322
2708
2693
2714
2747
2995
3005
2100
745
156
505
836
614
190
-240
-973
-1667
-1535
-799
-583
-1066
-1502
-1646
-1716
-1551
-1012
-528
-529
-790
-727
-289
103
326
561
588
334
333
686
798
414
-15
-155
-295
-622
-857
-1006
-1490
-2248
-2620
-2459
-2490
-3020
-3483
-3628
-3747
-3757
-3228
-2450
-2250
-2574
-2487
-1634
-462
407
794
882
877
1158
2050
3237
4001
4033
3657
3333
3410
3985
4467
4189
3324
2549
2257
2372
2563
2464
1697
378
-539
-403
236
384
-98
-641
-1160
-1625
-1491
-641
-31
-353
-906
-834
-384
-52
269
613
688
401
357
817
1012
565
157
218
221
-150
-480
-634
-1087
-1755
-2005
-1848
-2003
-2665
-3189
-3300
-3304
-3275
-3045
-2817
-3008
-3332
-3041
-2247
-1732
-1603
-1362
-993
-745
-389
284
841
1022
1165
1469
1680
1642
1638
1884
2037
1978
2135
2435
2177
1418
1125
1556
1927
1793
1547
1337
914
574
1032
1971
2130
1300
620
740
1179
1588
2092
2296
1616
592
473
1352
2042
1840
1181
454
-245
-453
94
691
355
-777
-1666
-1896
-1806
-1624
-1412
-1543
-2255
-2912
-2802
-2237
-1960
-2035
-2118
-2161
-2253
-2077
-1534
-1114
-1177
-1346
-1178
-892
-841
-781
-510
-343
-479
-655
-636
-657
-855
-926
-676
-478
-685
-1091
-1248
-1049
-680
-345
-189
-270
-394
-208
375
1136
1702
1811
1601
1610
2177
3031
3599
3680
3475
3185
3013
3230
3742
3959
3397
2464
1923
1930
2042
1968
1652
994
88
-553
-475
-147
-291
-907
-1462
-1767
-1893
-1691
-1189
-926
-1237
-1729
-1765
-1347
-931
-674
-458
-375
-534
-708
-653
-474
-454
-516
-528
-627
-919
-1265
-1464
-1576
-1738
-1928
-2132
-2391
-2681
-2806
-2630
-2368
-2306
-2439
-2579
-2504
-2095
-1466
-890
-600
-551
-462
-54
687
1463
1972
2123
2039
2003
2226
2663
3087
3262
3101
2724
2425
2347
2351
2238
1982
1629
1254
912
635
448
289
109
-36
-84
-124
-221
-258
-134
56
242
443
663
833
926
1097
1397
1647
1714
1658
1649
1689
1702
1636
1436
1000
394
-128
-434
-667
-1046
-1577
-2178
-2781
-3286
-3574
-3693
-3793
-3997
-4229
-4299
-4154
-3887
-3539
-3139
-2738
-2317
-1817
-1216
-612
-91
373
866
1359
1793
2085
2217
2261
2252
2231
2221
2152
1915
1484
974
532
189
-79
-352
-668
-1016
-1355
-1558
-1582
-1484
-1362
-1235
-1034
-741
-371
89
604
1096
1536
1967
2458
2937
3327
3617
3831
3968
4031
4027
3954
3760
3428
3030
2574
2067
1479
880
293
-332
-961
-1523
-2017
-2483
-2906
-3241
-3482
-3683
-3793
-3762
-3614
-3424
-3205
-2888
-2492
-2097
-1696
-1241
-772
-366
9
407
765
997
1128
1231
1309
1312
1256
1169
1003
713
378
93
-184
-493
-806
-1084
-1341
-1600
-1787
-1862
-1893
-1911
-1860
-1686
-1431
-1156
-832
-462
-123
197
591
1053
1481
1814
2119
2402
2599
2722
2815
2900
2884
2744
2549
2321
2041
1705
1347
989
601
167
-243
-610
-956
-1273
-1525
-1703
-1853
-1990
-2069
-2062
-1986
-1850
-1639
-1356
-1053
-757
-481
-194
148
528
905
1210
1407
1518
1598
1700
1817
1873
1800
1590
1310
1033
792
594
380
91
-284
-698
-1053
-1299
-1457
-1563
-1674
-1793
-1861
-1846
-1737
-1573
-1399
-1226
-1041
-815
-548
-239
58
291
470
642
820
986
1131
1214
1205
1124
1034
947
844
691
492
288
48
-213
-450
-642
-822
-1014
-1168
-1274
-1362
-1445
-1489
-1483
-1419
-1332
-1196
-1006
-831
-650
-444
-205
53
298
516
749
961
1128
1284
1422
1530
1602
1652
1665
1645
1585
1482
1375
1269
1149
1004
841
655
468
297
160
57
-33
-120
-207
-273
-294
-296
-286
-258
-233
-195
-144
-69
13
81
126
158
197
233
260
275
254
197
128
53
-29
-125
-249
-356
-454
-580
-704
-827
-939
-1050
-1143
-1190
-1214
-1244
-1281
-1304
-1283
-1227
-1147
-1040
-939
-870
-798
-692
-537
-389
-280
-196
-124
-46
33
130
220
279
300
309
343
384
410
411
394
373
362
361
378
398
401
405
403
409
430
458
495
529
554
582
604
617
635
655
681
697
711
729
732
723
697
673
669
659
623
572
517
455
401
355
333
300
243
176
124
96
75
53
10
-50
-111
-149
-140
-114
-120
-179
-254
-319
-362
-377
-373
-406
-505
-624
-720
-741
-750
-782
-832
-926
-1038
-1105
-1099
-1054
-1049
-1087
-1109
-1109
-1077
-1012
-921
-844
-808
-757
-634
-474
-345
-261
-177
-85
9
140
306
432
473
488
553
646
716
755
788
803
781
773
799
806
761
708
699
720
728
735
727
681
620
610
659
705
701
679
663
644
628
645
676
668
617
563
534
491
416
351
298
225
119
11
-90
-200
-320
-417
-491
-581
-695
-813
-891
-959
-1013
-1047
-1080
-1118
-1151
-1139
-1089
-1032
-999
-968
-928
-867
-785
-688
-596
-540
-498
-439
-351
-258
-176
-126
-96
-81
-60
-7
49
84
94
103
116
132
166
208
243
273
310
371
445
502
541
589
642
692
759
828
876
899
913
940
970
981
963
935
910
862
799
729
653
567
484
406
334
237
112
-9
-112
-197
-267
-317
-381
-470
-556
-616
-640
-647
-656
-660
-670
-688
-693
-670
-639
-627
-621
-607
-586
-569
-551
-526
-511
-508
-498
-467
-429
-407
-396
-390
-374
-358
-328
-277
-226
-197
-168
-118
-54
14
72
139
201
254
308
378
460
516
555
600
649
695
719
741
757
761
746
728
718
686
626
572
531
476
401
340
290
234
167
108
66
11
-57
-108
-124
-138
-168
-193
-206
-227
-259
-264
-243
-235
-250
-257
-245
-243
-261
-273
-275
-288
-316
-340
-343
-353
-387
-419
-441
-469
-502
-524
-523
-519
-524
-526
-516
-503
-490
-460
-414
-368
-321
-273
-218
-164
-108
-44
40
120
187
238
287
344
400
462
517
555
573
586
605
628
639
639
625
601
572
542
524
506
473
433
386
343
299
258
230
204
162
113
70
40
10
-26
-55
-84
-118
-145
-155
-154
-164
-193
-211
-216
-222
-230
-230
-224
-225
-236
-248
-246
-238
-235
-236
-240
-246
-259
-272
-286
-298
-309
-323
-337
-351
-367
-383
-394
-400
-393
-378
-355
-337
-316
-298
-273
-233
-176
-106
-37
31
98
158
213
270
344
420
480
533
568
583
584
587
601
606
594
566
527
473
401
343
291
230
166
106
55
-8
-79
-132
-164
-197
-221
-226
-217
-221
-220
-200
-173
-144
-115
-74
-24
18
49
82
112
132
141
156
167
154
121
83
43
-7
-66
-125
-187
-260
-335
-397
-450
-509
-564
-607
-643
-665
-672
-658
-631
-604
-564
-511
-442
-360
-267
-170
-79
9
102
204
304
387
459
528
579
624
660
681
691
682
660
635
594
539
480
414
339
261
197
130
55
-16
-72
-114
-156
-198
-218
-226
-231
-224
-193
-157
-125
-91
-39
12
59
111
170
218
243
261
281
288
272
255
240
210
164
116
66
0
-84
-164
-224
-283
-347
-402
-453
-510
-558
-579
-581
-575
-564
-540
-500
-462
-412
-343
-271
-203
-131
-43
44
110
173
234
286
314
345
380
403
405
389
364
337
298
257
219
175
128
77
29
-19
-75
-118
-147
-164
-179
-196
-201
-208
-200
-185
-168
-137
-100
-63
-24
19
59
92
123
159
198
232
252
268
275
265
246
239
235
224
194
158
121
74
37
5
-19
-50
-86
-108
-123
-149
-167
-174
-171
-168
-161
-139
-119
-109
-98
-74
-43
-25
-8
26
56
72
82
98
112
110
107
114
117
109
91
72
46
15
-6
-19
-35
-59
-94
-119
-146
-169
-179
-191
-204
-216
-216
-205
-202
-200
-199
-196
-189
-168
-140
-117
-105
-101
-90
-77
-64
-44
-22
-13
-15
-15
-2
13
23
31
34
32
33
40
57
67
66
67
71
81
94
108
128
138
137
143
156
172
194
215
230
237
243
252
268
281
290
294
299
304
307
304
293
285
275
264
259
253
241
220
194
169
148
128
102
79
50
9
-31
-64
-102
-144
-182
-208
-237
-284
-338
-375
-409
-443
-473
-492
-506
-531
-558
-570
-569
-573
-573
-555
-534
-522
-501
-472
-440
-413
-384
-341
-289
-246
-203
-152
-109
-79
-45
4
46
81
116
153
183
204
229
261
286
301
322
350
372
382
396
415
427
438
458
479
491
493
497
513
522
521
527
536
535
528
523
506
488
462
438
414
380
338
290
236
175
114
58
-2
-67
-136
-210
-281
-346
-402
-452
-508
-563
-600
-629
-650
-671
-685
-691
-695
-686
-660
-629
-601
-573
-543
-509
-471
-424
-371
-318
-283
-249
-209
-174
-142
-105
-65
-33
-10
12
36
58
77
101
132
157
176
204
231
253
277
305
338
369
398
426
457
481
498
517
536
544
550
555
555
543
523
501
471
439
401
359
314
258
199
147
87
27
-34
-93
-149
-203
-253
-301
-349
-389
-421
-442
-456
-469
-473
-477
-477
-472
-460
-439
-417
-390
-361
-332
-301
-268
-237
-202
-167
-136
-106
-76
-47
-16
15
39
62
84
107
131
156
178
197
213
228
241
260
280
295
307
315
321
325
326
329
328
323
317
305
284
261
234
208
182
151
112
68
21
-27
-73
-123
-173
-227
-280
-322
-359
-399
-444
-485
-515
-540
-553
-555
-550
-550
-554
-546
-524
-493
-456
-417
-373
-324
-275
-220
-161
-101
-41
21
83
137
188
239
292
337
375
415
448
473
494
513
531
537
536
535
531
526
522
513
499
473
447
429
413
392
366
342
314
286
261
236
209
176
135
100
69
35
0
-40
-83
-129
-174
-216
-259
-305
-356
-408
-451
-490
-524
-558
-597
-631
-656
-672
-678
-681
-680
-676
-668
-645
-608
-562
-514
-469
-417
-360
-295
-218
-142
-69
2
73
146
217
281
342
398
452
498
537
568
588
600
607
615
614
606
588
563
533
503
471
437
401
356
314
274
236
202
166
130
93
55
20
-2
-25
-48
-73
-97
-121
-145
-165
-185
-204
-226
-248
-267
-287
-314
-344
-366
-387
-406
-425
-445
-465
-487
-503
-513
-511
-505
-501
-491
-472
-446
-416
-383
-343
-298
-243
-183
-117
-49
14
70
132
199
270
335
393
444
483
513
540
567
590
599
601
597
585
563
531
503
473
435
399
359
316
268
221
179
136
102
72
42
15
-15
-39
-59
-78
-92
-102
-108
-115
-122
-128
-134
-144
-153
-160
-169
-183
-202
-221
-242
-261
-281
-302
-322
-343
-363
-383
-399
-414
-423
-430
-436
-433
-418
-402
-385
-360
-332
-300
-264
-221
-173
-122
-78
-28
21
64
108
151
193
230
263
291
314
332
337
342
348
351
347
341
328
309
285
267
250
236
221
204
193
178
159
145
137
136
134
136
138
138
138
139
143
148
151
154
158
160
156
144
131
120
100
82
66
45
16
-18
-56
-89
-128
-163
-191
-217
-246
-280
-309
-333
-353
-372
-376
-377
-378
-380
-380
-374
-365
-354
-332
-309
-289
-268
-248
-221
-197
-179
-158
-136
-116
-98
-78
-59
-47
-40
-29
-17
-3
10
22
36
46
53
69
91
109
123
143
165
190
218
241
265
285
303
325
351
374
391
403
417
423
423
425
425
422
410
390
376
353
317
290
258
225
193
150
113
76
33
-4
-39
-68
-99
-130
-161
-189
-213
-241
-259
-279
-299
-314
-333
-345
-360
-380
-390
-401
-408
-411
-419
-423
-434
-443
-444
-441
-432
-417
-410
-394
-375
-362
-337
-304
-269
-234
-194
-154
-105
-60
-22
21
79
120
169
226
259
307
339
365
404
427
441
466
481
492
497
494
487
474
458
441
429
404
381
369
356
344
329
311
299
275
247
239
226
212
200
183
168
150
115
100
72
31
-4
-55
-91
-134
-190
-232
-285
-344
-395
-451
-495
-540
-582
-626
-654
-675
-700
-695
-694
-698
-680
-654
-631
-589
-546
-502
-433
-374
-317
-229
-170
-109
-37
2
67
116
150
213
244
278
317
323
343
353
347
351
348
338
332
321
312
316
315
328
341
357
380
383
402
413
421
454
462
488
526
535
556
556
540
517
474
448
397
343
300
226
161
88
7
-64
-139
-222
-295
-362
-432
-488
-545
-593
-630
-671
-672
-671
-669
-639
-636
-600
-567
-551
-503
-472
-421
-371
-333
-272
-235
-197
-166
-142
-112
-96
-79
-75
-60
-59
-71
-49
-64
-93
-77
-94
-88
-58
-50
-19
22
50
86
140
190
241
282
335
390
422
482
522
558
619
644
669
698
684
660
592
592
512
431
452
332
318
295
177
171
91
11
2
-100
-108
-124
-215
-202
-286
-402
-372
-406
-402
-247
-201
-94
35
-24
-73
-193
-363
-513
-571
-500
-381
-139
83
169
308
164
-59
-249
-591
-729
-770
-739
-465
-286
-120
18
-88
-190
-354
-573
-647
-636
-579
-368
-145
32
173
210
219
177
157
215
253
370
479
505
586
559
497
490
436
412
398
395
425
399
399
296
217
164
32
21
0
-40
13
-8
-5
53
12
72
53
36
59
2
18
100
74
164
259
214
333
343
309
299
206
152
64
21
44
-32
37
24
-37
-22
-121
-116
-216
-373
-358
-600
-527
-480
-552
-389
-444
-515
-467
-549
-593
-545
-548
-478
-397
-207
-124
-69
48
-34
-110
-46
-109
32
217
238
355
343
302
227
130
116
-9
-26
44
-96
17
126
-98
39
-48
-195
-83
-263
-90
-75
-127
101
-82
70
145
31
171
283
371
267
484
409
169
536
312
371
631
325
392
525
281
442
305
197
313
-33
89
137
98
14
164
-159
-181
-80
-306
-254
-23
-155
-237
-116
-217
-178
-310
-230
-192
-135
-64
-145
111
-37
-117
-26
-177
-155
-71
56
-23
132
123
-152
-123
-121
-248
-407
-65
-312
-239
36
-393
-238
-236
-530
-216
-552
-339
-88
-765
102
-343
-388
45
-349
70
-162
-48
232
-152
306
126
24
407
-8
446
356
195
664
196
371
548
30
440
199
228
354
205
435
168
406
263
-99
60
-91
-85
11
197
415
18
431
230
-461
166
-166
-415
297
217
154
365
277
0
-73
-170
-116
-337
146
127
59
303
5
-23
-153
-384
-147
-174
-272
172
-222
-13
-146
-406
-408
-321
-397
-644
38
-125
-649
370
-209
-648
58
-616
-593
1
-220
-103
339
132
-13
146
-188
-352
114
-437
219
511
343
478
189
14
-281
-189
40
-33
261
505
123
307
137
-182
-476
-81
-188
-73
430
259
187
240
-132
-345
-25
-205
67
541
166
430
437
4
17
-54
-3
90
487
330
425
639
82
141
112
19
-140
53
108
62
117
334
176
-128
144
-257
-554
-128
-122
-446
199
45
-116
-301
261
-623
-808
255
-800
-68
216
68
56
-111
213
-765
-301
434
-835
301
820
-223
282
51
-456
-630
170
-392
-380
661
-243
-463
271
-248
-738
70
-504
-319
186
252
-54
386
37
-641
-151
236
-156
237
933
82
511
302
-24
74
140
35
540
335
780
559
144
274
-352
153
14
100
424
354
194
100
-172
56
-485
-399
356
-65
400
464
186
-137
-322
-232
-639
180
24
-217
596
-5
-555
277
-484
-552
30
-285
-398
203
-320
-546
-257
-511
-238
-226
-188
-119
-50
-273
-278
-136
-179
-34
-241
-197
-3
-179
-321
-53
228
-101
118
444
33
165
-41
-228
-282
-132
522
-323
754
783
-420
322
107
-452
65
709
184
571
1006
-120
-105
553
-314
-90
787
16
409
654
367
111
367
214
-490
75
-153
-128
412
337
250
175
69
-66
-182
172
-219
-63
35
-223
79
101
81
-381
61
-618
-909
-60
-397
-68
289
-30
-423
-555
-390
-988
-293
-112
78
158
-181
342
-740
-391
-223
-410
-240
-124
96
-124
260
130
-537
-453
-307
-811
209
478
558
535
254
-520
-265
-121
-146
218
648
788
29
741
411
302
309
38
256
-203
518
620
554
958
518
57
-28
22
-60
421
676
293
535
226
-86
24
-197
282
-554
-239
117
-433
341
14
-328
-253
-717
-637
-491
-96
171
-505
-6
-552
-824
-56
-431
54
4
-94
-293
-954
188
-619
-479
330
-475
-262
-219
-315
-673
-23
-17
-812
389
84
-166
353
-216
304
-318
12
284
190
865
355
229
360
-41
135
287
378
697
572
199
515
389
214
375
448
646
277
611
293
79
692
-391
64
472
-64
396
204
-3
-378
-219
-448
-510
-9
-38
-163
-56
-655
-383
-691
-441
-138
-252
249
-138
-226
63
-549
-509
-317
-346
-7
-73
514
-60
-184
-419
-864
-707
43
-382
47
341
-70
-582
-345
-180
-840
295
-202
257
261
300
264
271
584
-93
-160
635
391
151
1023
774
553
184
715
-33
405
546
141
177
377
166
-53
745
479
49
-24
2
-343
-236
201
151
217
129
-20
-439
68
-488
-713
417
-504
-117
504
-369
26
69
-946
-386
-745
-118
-501
145
379
-879
-102
-722
-960
-428
-289
-66
-181
-76
-121
-1023
-73
-464
-532
-56
-146
131
-253
971
-244
-100
598
-689
135
23
488
701
42
1061
-102
-45
827
-442
994
391
253
484
477
393
212
926
29
450
122
-201
524
53
567
424
288
338
-237
232
-143
-374
370
-412
119
193
-11
134
-92
-36
-757
-427
11
-528
111
339
-261
11
-319
-460
-567
-267
-10
-723
125
-83
-691
31
-403
-118
-749
-250
-224
-990
325
-348
-169
67
-285
-382
-268
291
-538
388
-114
-321
471
-237
562
398
382
284
16
230
-34
566
77
623
557
-92
913
46
457
347
-14
379
-354
411
85
297
411
226
136
-495
430
-550
15
594
-432
388
-1
78
19
-174
196
-686
-117
30
-418
336
201
17
-310
35
-544
-525
310
-659
50
-186
-214
-148
-276
164
-450
-88
34
-729
174
-303
-198
53
-202
22
-453
135
-206
-91
74
-169
83
-95
90
160
39
360
-96
96
81
186
270
197
612
59
267
172
268
154
179
491
-85
378
12
-18
189
-143
204
-153
14
121
-233
100
2
-247
-158
-260
-119
-231
216
-11
-51
221
-303
-62
-157
-26
146
-137
44
134
-92
98
71
-214
54
-288
-179
-247
-4
-83
-100
146
-286
-95
-103
-228
116
-326
-78
98
-163
353
-32
374
9
149
92
-400
245
103
116
296
443
211
85
410
-58
106
189
-334
445
102
286
347
65
416
-578
58
-279
-222
306
-230
335
-285
253
-370
-487
176
-629
-26
-105
-152
193
-58
161
-37
-157
-58
-462
-150
-71
-35
-258
262
-104
-234
352
-535
142
-154
-421
179
-349
67
94
-278
62
-299
-176
-52
-224
245
-139
126
263
-218
363
-131
-250
151
-194
6
210
285
202
267
389
88
57
315
114
145
26
597
18
-46
637
-209
4
413
-68
52
211
17
-1
-8
190
-182
14
31
-206
38
-163
238
2
-96
432
-167
14
260
-372
59
-131
-149
45
-246
162
-177
-61
-286
-320
-83
-510
62
-196
-316
7
-386
-173
-239
-210
-245
-237
195
-311
374
218
-201
529
-341
57
93
-342
449
-76
-31
396
-76
4
134
129
17
28
274
-284
130
113
-225
385
-132
223
130
-56
356
-18
227
59
65
235
-159
399
-72
129
200
-316
151
-150
28
134
-103
282
-90
19
48
-202
24
-195
-12
-47
15
63
33
27
51
-242
-140
-130
-309
-62
-97
-31
112
63
-34
-31
-100
-159
-54
-81
-91
35
-80
57
-45
-71
88
-185
-20
1
-68
260
64
175
79
-150
59
-286
-1
184
-140
274
165
19
268
-2
34
-17
-20
-94
-51
-15
-41
44
-206
98
-66
-183
108
-46
-114
3
21
-121
27
-163
-182
61
-51
-13
98
30
34
21
59
-81
91
51
-109
222
-219
112
-100
-163
79
-303
149
-13
-33
217
-139
114
-144
34
-54
-238
447
-163
293
546
-62
365
117
-129
165
87
30
121
69
0
-27
104
-69
8
30
-128
142
-128
117
97
-252
153
-242
-84
80
-141
93
-132
-41
75
-98
380
-44
85
-3
-482
-3
-398
-239
-11
-219
25
-22
5
57
-140
21
-146
-88
2
-107
-45
57
-61
-111
96
-22
136
73
113
156
-78
87
-5
-1
83
-39
-39
23
59
-33
248
235
111
350
-21
259
99
-76
259
-239
203
-143
-51
352
-63
409
-19
6
183
-260
151
-128
-137
-4
-203
44
12
67
-16
158
-96
-117
32
-392
17
-232
-258
21
-205
150
-207
-130
-40
-642
-73
-157
-260
201
-207
-49
-202
-231
-145
-346
-12
-172
-148
170
-73
116
163
-6
97
-131
6
2
-11
208
19
179
162
93
288
125
158
102
29
159
100
252
188
128
186
40
43
157
211
100
286
143
87
299
107
199
197
-34
-74
-100
39
94
96
281
82
123
70
-49
-30
-121
-13
-170
-131
-8
-134
-105
12
-254
-273
-110
-279
-159
-92
-291
-223
-227
-223
-47
-71
-29
-236
-88
-176
-185
9
-92
28
-125
-71
-122
-245
72
-264
-158
34
-305
96
-56
-16
64
-177
89
-1
115
232
-23
239
41
12
247
149
232
249
192
185
152
177
143
51
204
78
130
297
184
249
155
141
64
108
326
141
402
238
21
206
-125
-38
-45
-109
44
-110
135
-114
-161
-21
-389
-236
-341
-307
-248
-244
-29
-313
-26
-116
-193
75
-246
-36
-259
-175
11
-252
173
-94
-114
59
-383
-174
-233
-249
-112
-185
-23
-161
-54
-100
-251
-110
-211
-71
93
182
287
202
204
223
186
239
278
215
286
186
166
283
159
207
151
109
114
10
111
50
36
116
6
58
160
44
68
165
44
67
125
3
59
-43
-48
17
-73
83
-67
-50
35
-190
-143
-191
-214
-231
-121
-60
-108
-18
-77
-136
-101
-120
-96
-76
27
-12
-60
55
-43
-75
-49
-107
-146
-55
-67
27
58
-46
75
-76
-38
-22
-179
59
-55
33
237
56
259
112
48
135
-28
135
36
18
188
-16
77
96
15
41
-10
-24
-29
-25
-24
-18
-17
17
1
48
131
123
90
139
15
26
-45
-36
-2
-64
19
-90
-38
-50
-201
-83
-122
-200
-40
-95
-42
68
-76
42
-44
-63
-11
-49
115
-11
99
59
-56
130
-38
39
98
-109
47
-169
-45
7
-118
132
-52
-4
-58
-133
-52
-135
5
-13
23
185
95
211
109
117
109
-34
191
-9
87
95
-127
64
-101
-85
33
-85
-49
-105
-159
-137
-142
-63
-33
33
27
91
4
88
63
-28
127
5
120
118
119
173
23
60
-45
-143
-35
-149
-103
-10
-86
-23
-22
-6
-17
-80
-70
-97
-88
-3
31
68
142
87
39
10
-39
-105
-77
13
-3
82
162
143
113
118
-54
-49
-59
-62
39
31
101
7
-50
-22
-147
-43
-42
-71
53
-65
29
-85
-34
-59
-165
-89
-147
-80
14
-12
57
59
19
95
60
105
84
90
71
59
83
88
39
37
51
-16
16
35
-30
21
8
-141
-54
-164
-140
-79
-86
105
46
145
146
-22
75
-37
-35
66
120
172
161
254
162
64
89
-99
-77
-116
-47
-64
-43
49
-154
-61
-97
-196
-67
-133
-15
6
28
89
-29
16
-33
-167
-84
-33
-47
43
102
-5
42
-27
-132
-115
-197
-118
-156
-34
44
-35
57
-44
-117
-81
-60
28
22
163
135
16
175
-66
11
65
-73
91
55
35
71
-59
-54
-77
-155
-37
-64
54
79
72
104
126
110
110
142
109
208
150
132
193
69
113
81
56
95
-27
90
-71
-73
-7
-194
-50
-158
-100
-134
-150
-27
-163
-34
-32
-125
17
-55
26
21
35
78
-54
23
-59
-39
-14
-24
18
-45
30
-62
-57
52
-85
-77
-97
-157
-53
-52
14
-21
-31
-16
-131
-73
-8
-59
-17
20
-15
56
40
13
37
-7
-49
49
33
158
175
108
161
84
114
75
47
79
-49
7
33
14
113
48
5
28
-88
-25
1
-44
108
-46
36
66
-64
94
-46
-10
-1
-43
140
44
164
113
-70
41
-154
-77
-87
-52
4
-1
132
20
98
6
-38
-66
-148
16
-76
84
83
-90
123
-132
-44
-35
-173
39
-152
-29
31
-98
-16
-92
-145
-123
-78
-107
-25
-3
-64
-18
-63
-62
-42
-114
21
-21
25
122
22
112
49
23
49
42
54
73
78
122
55
50
-9
-45
-28
-116
-18
-62
-81
-50
-35
-37
-21
38
-73
69
-29
-35
69
-13
98
74
128
215
131
250
172
136
188
-4
173
31
44
102
-29
102
-29
-51
-40
-127
-94
-133
-54
-62
-54
-34
-99
-112
-133
-186
-133
-71
-23
49
126
123
110
44
-46
-10
-84
1
30
125
165
88
135
0
-126
-95
-280
-190
-166
-178
-46
-63
-46
-80
-169
-212
-209
-231
-111
-82
4
110
90
171
137
60
91
0
16
63
73
129
194
158
190
126
50
21
-31
-51
26
3
65
137
26
54
10
-42
-87
-40
-39
-18
65
45
45
63
8
-9
36
78
58
165
165
102
151
71
7
47
-42
-56
38
-34
44
19
-3
28
-49
-28
-15
-66
-46
-84
-123
-95
-152
-145
-109
-114
-130
-42
-85
-81
-94
-167
-142
-204
-147
-158
-87
12
10
108
116
86
43
-27
-34
-108
-72
-34
-50
91
36
80
78
-37
16
-111
-104
-33
-65
48
53
47
83
23
26
54
46
95
155
164
208
279
185
246
155
77
120
43
110
120
112
140
106
117
100
51
40
-78
-107
-141
-178
-35
-86
-6
22
-32
-2
-39
-33
-115
-63
-57
-121
23
20
-39
16
-123
-96
-187
-163
-141
-178
-105
-184
-114
-140
-166
-103
-238
-201
-207
-225
-98
-60
-5
16
55
21
-23
-32
-82
-91
-80
-50
31
114
244
130
230
186
-28
134
38
34
174
144
198
223
229
250
136
163
87
23
74
115
102
137
191
139
112
158
116
78
144
124
68
206
166
57
176
76
-16
21
-41
-64
-135
-86
-90
-246
-66
-199
-250
-79
-244
-241
-163
-222
-227
-164
-112
-140
-103
-121
-185
-162
-188
-173
-173
-91
-115
-65
35
-61
22
-74
-132
-127
-218
-101
-221
-128
-46
-199
-3
25
-53
85
-3
16
14
48
163
106
231
287
199
307
358
215
300
312
149
267
282
215
280
188
167
77
78
96
-25
118
65
-50
129
19
-6
23
-49
-78
-107
-44
-61
-51
19
-51
-56
2
-27
-63
1
-63
-92
-77
-56
-20
-72
-27
-72
-135
-86
-140
-234
-139
-246
-308
-266
-249
-255
-212
-145
-172
-178
-85
-179
-154
-12
-134
4
103
94
174
209
163
182
113
85
95
72
138
93
109
158
8
37
95
-11
52
48
34
96
125
154
184
223
134
82
127
104
73
98
114
38
70
63
11
35
-10
-101
-75
-31
-51
-47
23
-10
-80
-29
-54
-22
-30
-94
-79
-175
-124
-123
-188
-54
-146
-220
-59
-169
-152
-76
-184
-110
-106
-107
-7
2
25
-33
-38
29
-28
27
45
83
67
99
169
143
188
114
90
94
93
82
86
178
110
119
157
117
163
9
48
22
-93
36
-34
63
66
-22
53
-25
-14
-19
-82
-13
-43
-97
-15
-33
-80
-18
-115
-40
-37
-114
5
-79
-40
-28
-98
-25
-71
-107
-104
-107
-67
-169
-109
-55
-158
-70
-51
-92
-44
-76
-115
-22
-80
-37
-11
19
92
58
98
163
86
84
105
37
122
64
78
195
134
131
156
109
130
33
83
77
41
156
45
118
152
38
94
50
25
18
-38
13
-21
-37
14
-65
-55
-30
-161
-90
-26
-157
-57
-50
-80
-17
-90
-6
-62
-120
-42
-160
-50
-20
-158
-4
-67
-103
-17
-132
-58
-97
-110
-50
-88
-6
-49
-49
22
-23
-15
29
25
17
23
34
12
39
29
36
48
45
76
26
167
71
70
142
14
117
71
50
138
22
93
86
49
130
20
85
53
9
64
21
51
35
6
-14
37
-78
8
-43
-72
42
-143
4
-15
-120
15
-103
-48
-23
-75
17
-23
39
22
11
62
-2
-12
-64
-21
-93
-91
-41
-108
-24
-80
-47
-54
-77
-16
-101
-50
7
-50
37
50
50
59
1
50
-38
-19
9
-94
56
13
-6
68
-34
31
13
-30
60
18
20
73
54
71
74
46
55
14
28
2
1
18
-58
-14
-67
-59
-24
-99
17
-56
-28
34
-36
98
-13
63
60
-9
107
-18
106
32
30
66
-74
77
-79
-73
-24
-131
-63
-129
-33
-80
-88
-31
-101
-16
-59
-6
20
-6
71
16
52
69
73
44
52
96
6
44
79
30
24
-10
39
-49
15
-7
-55
42
-8
-24
47
37
4
43
1
-8
24
-2
15
36
-25
30
-12
-5
24
-45
59
-19
17
28
-44
68
-43
-16
35
-42
10
14
-25
-59
10
-78
-91
21
-79
-32
32
-61
21
-16
-33
1
-41
-22
-22
5
-20
39
5
-13
60
-47
41
-14
-9
54
-45
74
16
-14
78
-46
-2
10
-46
-39
-10
-15
-31
51
-83
51
2
-84
96
-87
16
32
-66
51
-49
31
-5
-15
51
-42
23
-6
-8
-14
-26
35
-22
65
57
29
101
9
46
8
-15
24
-36
-13
-14
-19
-46
-35
-28
-91
-20
-26
-71
60
-14
-9
66
11
40
30
54
33
24
65
40
87
71
53
56
8
31
-35
-22
0
-30
9
10
35
36
11
12
-14
-33
-36
-48
-37
-29
-43
-53
-11
-54
-37
-21
-39
-54
-39
-32
-67
37
-52
-31
40
-51
43
-11
-31
40
-49
-3
12
8
31
16
38
-13
16
-24
-42
-4
-64
-17
-28
-18
6
-17
45
-4
2
19
-11
48
29
44
62
61
88
36
74
30
18
25
-9
58
8
46
62
22
59
-22
15
5
-50
3
-30
1
7
9
17
8
11
-75
-24
-32
-56
-2
-41
14
-3
-26
20
-31
-10
-60
-76
-41
-81
-42
-30
-35
-23
-23
-20
-16
31
-13
3
45
9
30
25
50
18
2
-15
-49
-20
-53
-45
-41
-25
-52
-61
-2
-58
-27
-12
-23
49
20
93
92
78
124
45
94
85
55
56
65
60
14
77
41
47
48
-10
16
-20
-42
-52
-46
-27
-67
-39
-23
-25
-16
-38
-9
-44
-1
-15
-5
51
-7
25
11
20
10
-22
26
-28
-19
-27
-46
-14
-57
-27
-66
-50
-36
-86
-4
-29
-19
9
-11
46
-1
17
38
-11
51
-13
20
60
10
30
1
45
-6
-1
28
-11
6
-20
-12
12
-12
10
1
8
32
-2
39
31
22
30
24
42
42
25
45
22
10
-3
-12
-5
-20
-5
-29
-19
-31
-62
-36
-60
-84
-58
-70
-53
-27
-24
1
6
17
-1
12
22
-1
8
12
13
17
16
33
28
18
7
-4
-1
-21
-6
-15
-19
-25
-50
-8
-27
-27
3
-14
14
14
11
51
50
36
53
38
48
47
30
56
31
16
24
13
-5
-11
-24
-33
-17
-30
-13
14
15
12
7
15
2
-1
2
-18
-1
-17
-34
0
-19
-19
-23
-7
-14
-35
-1
-18
-8
1
-10
8
20
6
5
12
-1
-10
-8
-4
4
-10
-10
6
-17
-3
-7
-10
-2
-15
-3
-7
13
10
-6
22
5
-11
-2
4
2
-7
5
2
13
10
6
39
16
16
22
7
26
3
-3
-4
-16
-28
-36
-16
-30
-26
-17
-7
7
-9
10
10
9
13
-18
26
16
-1
19
-4
3
-8
-17
-10
-5
-30
-39
-16
-33
-30
-6
-22
3
3
-5
22
19
21
12
17
25
17
24
37
36
27
21
29
22
19
14
7
4
-13
-3
3
-12
-6
-23
-22
-9
-21
-16
-2
-10
-25
-9
-3
10
17
9
30
36
26
29
30
20
13
-1
-5
7
-9
-24
-14
-27
-26
-33
-27
-18
-37
-37
-37
-33
-31
-46
-33
-33
-31
-27
-24
7
-7
8
12
13
15
3
21
13
14
15
-2
14
7
10
12
11
1
-5
16
-4
1
15
6
11
9
12
25
29
20
11
17
12
1
14
16
8
12
15
17
22
30
15
32
23
13
27
24
27
9
2
2
-3
-2
-4
-6
-4
-9
-7
-2
4
-3
-22
-7
-8
-19
-2
2
-2
-11
-14
-10
-14
-12
-21
-24
-15
-33
-37
-16
-22
-32
-29
-27
-31
-26
-24
-18
-10
-22
-22
-5
-9
0
2
9
22
10
24
23
21
23
6
15
7
0
-7
-8
-11
-22
-22
-31
-19
-27
-33
-12
-19
-12
1
6
21
29
22
32
43
32
36
39
36
27
21
26
17
8
6
-5
-3
-7
-19
-7
-11
-17
-27
-23
-17
-25
-16
-16
-10
-4
1
18
26
37
39
38
48
45
41
43
38
23
10
3
-4
-11
-20
-27
-32
-34
-43
-41
-34
-31
-33
-28
-17
-15
-10
-2
-4
2
5
11
18
17
21
9
25
18
12
22
13
13
5
5
1
-2
-9
-12
-16
-25
-29
-31
-24
-28
-30
-27
-17
-15
-10
2
-1
7
8
10
15
17
20
16
21
16
10
11
6
3
-3
-4
-3
-6
-1
-6
0
1
0
7
4
8
3
6
7
1
6
4
3
4
3
3
7
12
11
11
10
14
10
4
8
0
-2
-5
-10
-8
-13
-10
-11
-10
-11
-12
-8
-5
0
4
7
6
9
10
8
12
12
4
4
3
1
-4
3
-7
-9
-6
-9
-5
-7
-3
-10
-11
-8
-7
-11
-12
-13
-21
-17
-19
-18
-11
-16
-11
-9
-6
-7
-11
-10
-9
-8
-3
0
-2
0
-4
-6
0
-2
-5
-3
-5
-3
-1
7
6
10
12
12
14
14
14
12
18
14
14
15
9
7
7
5
8
10
8
12
13
15
12
11
10
3
5
-1
6
1
5
3
0
5
-2
8
4
10
12
12
12
13
11
6
13
3
4
3
-3
-3
-8
-6
-4
-4
-8
-9
-12
-13
-11
-12
-7
-6
-5
-2
-6
-2
-2
-6
-3
-7
-6
-5
-7
-2
-5
-3
-3
-5
-4
-9
-8
-11
-9
-10
-9
-8
-8
-9
-11
-11
-8
-6
-5
-6
-4
0
-5
4
0
1
3
1
3
3
6
3
4
1
2
4
8
6
4
7
4
6
7
8
11
8
10
5
3
2
1
1
0
0
-4
0
-2
-1
0
2
4
1
4
0
1
3
-1
1
-2
-1
-1
-3
-3
-5
-1
-2
-1
0
-1
1
-2
1
0
3
3
3
4
0
1
1
3
5
4
4
7
0
5
1
2
4
0
2
4
3
1
2
0
1
-3
-1
-1
-5
-5
-7
-8
-5
-6
-7
-7
-6
-7
-5
-5
-4
-4
-4
-2
-3
0
-1
1
1
-1
-1
1
3
-3
0
0
0
0
-4
2
-3
-3
-2
-3
2
-1
0
1
4
4
9
11
10
13
11
14
16
12
13
8
7
6
3
6
2
-1
-1
-1
0
-2
0
-3
-2
-2
-4
-1
-2
-1
-3
-2
0
-4
-3
-1
-4
-2
-5
-2
-6
-5
-7
-12
-7
-15
-12
-12
-11
-11
-13
-13
-13
-10
-9
-8
-10
-9
-7
-7
-2
0
-1
2
-1
2
4
5
6
8
9
9
7
9
8
8
8
9
10
11
15
15
14
17
16
14
13
13
9
9
10
9
12
6
6
5
3
2
-2
-1
1
0
0
-4
-6
-5
-6
-5
-7
-7
-6
-7
-8
-9
-9
-7
-8
-11
-11
-11
-12
-9
-12
-12
-11
-11
-10
-11
-12
-13
-12
-11
-8
-8
-7
-4
-3
-1
-1
-1
2
1
2
0
3
3
5
9
6
8
7
7
7
8
11
12
13
14
15
14
13
15
8
12
10
10
12
11
13
9
9
9
9
5
4
2
2
3
2
4
1
0
-2
-6
-4
-5
-8
-9
-10
-11
-9
-13
-12
-14
-16
-13
-12
-13
-14
-14
-14
-12
-13
-11
-11
-10
-9
-13
-10
-12
-12
-8
-7
-5
-4
-1
-1
-3
-4
-2
2
2
4
6
6
7
5
8
10
8
11
8
11
9
15
13
15
13
9
13
10
12
9
10
9
10
6
6
7
6
7
7
6
6
6
8
5
6
3
4
