1
2
1
1
0
1
1
1
1
1
1
0
0
-1
0
0
-1
-1
-1
0
0
0
1
2
2
2
2
2
2
2
0
0
0
0
0
1
0
1
0
-1
-1
-2
-1
-1
-1
0
1
1
0
0
0
0
-1
0
0
0
0
1
-1
1
0
-1
-1
1
1
1
1
0
1
1
-1
0
-1
0
-1
0
-1
0
-1
-1
-2
-1
0
-2
0
0
1
0
1
0
0
2
1
3
3
2
3
2
3
1
0
1
1
2
1
1
1
0
0
-2
-2
-2
-2
-3
-3
-2
-1
-1
-2
-1
1
1
0
1
0
0
-1
-1
-1
-1
0
-1
-1
-1
-1
-2
-2
-2
-1
-2
-2
-2
-2
-1
-1
-1
0
-1
-1
0
-1
0
0
0
1
1
2
3
2
1
1
2
1
1
1
2
1
0
1
0
-1
0
0
0
-1
0
0
0
-1
-1
0
1
0
0
-1
1
0
1
1
1
2
2
2
1
1
-1
1
0
-1
-1
0
0
0
1
1
0
1
0
0
0
0
0
1
-1
1
0
0
0
0
0
1
0
1
0
0
-1
-1
-1
-1
-2
0
1
0
-1
-1
0
-1
-1
-2
-1
-1
-2
-2
-2
-1
-1
0
-1
0
2
2
1
1
0
0
0
0
1
1
2
2
2
2
2
1
2
2
3
2
2
2
0
1
0
0
-1
-2
-2
-3
-2
-2
-2
-1
-2
-2
-1
-2
-1
-2
-1
-1
-1
-1
-1
-1
-1
-1
-1
-1
-2
-2
-1
-1
-1
-2
-3
-2
0
0
-1
-2
0
0
0
1
1
1
1
2
1
1
0
1
1
0
0
1
0
0
1
1
1
0
0
0
1
1
2
2
1
1
0
2
2
3
3
2
3
2
2
2
1
1
2
1
1
0
0
0
0
0
-1
-1
-2
-2
-1
-1
-1
-1
-2
-3
-2
-2
-1
-1
-1
-1
-1
-2
-1
-1
0
-2
-2
-2
-1
-1
0
0
0
0
0
0
0
1
1
0
0
0
1
-1
-1
-1
-1
-1
-1
-2
-1
-2
-1
0
-1
0
0
-1
-2
-1
-2
-2
-1
-1
-1
1
-1
0
1
1
1
1
2
1
0
0
-1
0
0
1
0
1
1
1
1
0
0
-1
1
0
1
1
0
1
0
1
1
2
2
2
1
2
1
0
0
1
0
0
0
1
2
2
2
1
2
0
0
1
1
0
-1
0
0
-1
-1
-2
-1
-1
0
0
0
-1
-2
-1
-2
-2
-3
-1
-1
-1
-1
-1
-2
-1
-2
-2
0
-1
-1
-1
-1
-1
-1
-1
0
0
-2
-1
-1
0
0
0
0
1
0
0
1
2
2
2
3
3
3
3
2
3
2
2
2
2
2
2
0
0
-1
0
0
-2
0
0
-1
0
0
0
-1
0
1
0
0
-1
-1
1
-1
-1
-1
-1
-1
-2
-1
0
-1
-1
0
0
-2
-1
-2
-1
-1
-2
-3
-3
-3
-3
-3
-2
-3
-2
-1
-1
-1
-2
-1
-1
0
-2
-2
-2
-2
-2
-1
0
-1
-1
1
0
0
0
0
0
0
-1
0
0
1
2
1
1
1
2
2
1
0
1
1
2
3
3
2
3
2
3
3
4
3
3
2
2
2
2
2
1
1
0
0
-1
1
0
0
0
-2
-1
-1
-1
1
0
0
0
0
0
0
1
1
1
2
1
1
1
0
1
1
0
1
2
2
3
2
3
1
0
1
-1
-1
-1
0
1
0
-1
-1
-2
-2
-2
-3
-2
-2
-2
-3
-4
-4
-3
-2
-3
-3
-1
-1
-1
-1
-1
-1
-1
-2
-2
-2
-2
-1
0
0
-1
0
0
0
0
1
1
2
2
2
2
2
2
2
0
2
1
0
1
2
1
2
0
0
0
0
0
1
1
0
-1
-1
-2
-3
-2
-3
-2
-1
-1
-1
-1
-1
-2
-1
-2
-1
0
-1
0
-2
-3
-2
-2
-3
-3
-2
-3
-1
-2
0
-1
-2
-2
-1
-1
-2
-1
-1
-1
0
-1
1
0
0
0
1
0
-2
0
0
1
1
1
1
0
2
2
1
3
2
3
3
4
4
4
4
4
4
3
4
4
4
4
5
4
4
4
4
5
5
5
4
4
4
4
3
1
1
2
1
1
-2
-1
-1
-1
-1
-1
-1
0
-1
-2
-2
-3
-3
-3
-3
-3
-4
-3
-4
-4
-3
-3
-3
-2
-2
-3
-2
-1
-2
-3
-2
-1
-2
-2
-1
-2
-2
-1
0
0
1
1
2
2
2
2
2
1
1
0
-1
-1
-1
0
-1
-1
-1
-2
-2
-3
-3
-2
-1
-1
-2
-3
-5
-5
-5
-3
-4
-4
-3
-3
-3
-4
-2
-1
-1
-1
0
1
2
3
4
6
6
6
6
7
8
7
8
7
7
6
6
7
8
7
5
4
2
3
0
-1
-1
-2
-1
1
2
3
3
3
2
2
0
-1
-3
-4
-4
-4
-3
-2
-3
-4
-4
-3
-2
-2
-3
-5
-5
-7
-7
-8
-9
-11
-13
-13
-11
-7
-2
0
-1
-2
-3
-3
-2
-2
-4
-5
-5
-3
-2
-1
0
0
-1
-1
1
3
6
7
6
6
7
9
12
12
12
11
12
15
18
20
21
22
22
24
28
32
35
35
37
36
37
36
33
28
23
17
12
7
2
-4
-10
-16
-22
-28
-35
-42
-48
-49
-51
-50
-47
-44
-37
-32
-27
-22
-18
-17
-19
-21
-23
-25
-29
-32
-36
-39
-40
-42
-43
-47
-49
-50
-52
-55
-58
-63
-66
-68
-67
-66
-62
-59
-50
-36
-16
8
35
64
90
115
139
161
177
189
196
200
203
207
210
209
203
192
179
166
153
140
125
107
84
60
35
12
-15
-47
-81
-113
-144
-168
-185
-204
-220
-232
-239
-237
-228
-215
-201
-184
-168
-149
-128
-111
-98
-90
-85
-78
-72
-66
-66
-73
-83
-95
-105
-116
-127
-140
-153
-155
-143
-116
-78
-39
2
50
106
163
215
256
286
306
325
344
360
367
359
340
315
291
273
258
236
204
167
134
108
88
63
31
-8
-45
-72
-94
-112
-131
-151
-169
-180
-181
-173
-160
-147
-139
-133
-122
-104
-87
-75
-70
-69
-69
-65
-60
-55
-53
-57
-56
-51
-41
-32
-23
-17
-14
-13
-8
-1
0
-12
-29
-43
-57
-71
-87
-104
-123
-140
-149
-146
-134
-122
-109
-96
-80
-62
-41
-18
-2
4
2
2
5
1
-12
-31
-52
-77
-103
-126
-140
-138
-125
-97
-57
-9
51
125
203
268
315
353
390
423
447
466
481
483
467
439
413
397
383
362
330
294
252
214
178
136
79
9
-63
-127
-189
-244
-291
-333
-374
-408
-425
-416
-395
-376
-362
-339
-308
-267
-227
-191
-170
-159
-150
-136
-115
-97
-81
-74
-66
-51
-25
5
28
36
35
29
22
11
-5
-32
-74
-125
-172
-203
-227
-249
-272
-281
-273
-241
-189
-130
-83
-61
-40
-4
38
61
62
58
51
39
35
72
141
192
197
201
259
356
434
465
469
469
468
477
501
525
513
455
381
325
297
282
261
226
166
99
65
79
98
67
-11
-83
-119
-144
-176
-217
-266
-331
-401
-447
-453
-433
-416
-413
-411
-386
-324
-245
-178
-148
-145
-137
-101
-51
-14
-3
-3
-1
12
43
87
124
135
126
120
132
151
154
127
75
11
-53
-106
-153
-214
-299
-388
-447
-467
-459
-439
-414
-386
-352
-303
-224
-124
-37
9
29
58
100
130
134
116
78
19
-35
-23
65
154
177
178
244
382
512
582
610
626
631
620
621
649
656
593
475
368
311
286
268
240
182
87
12
13
56
42
-60
-174
-235
-258
-291
-331
-371
-423
-493
-539
-523
-464
-408
-378
-359
-320
-243
-134
-27
30
18
-15
-14
25
54
42
11
-14
-25
-12
36
101
133
118
89
89
107
108
75
11
-77
-177
-255
-301
-342
-408
-490
-548
-554
-516
-459
-396
-333
-271
-206
-126
-26
69
131
157
173
193
210
209
188
145
76
-16
-92
-87
7
98
108
78
132
291
445
495
469
449
450
446
440
464
500
489
405
310
278
311
367
388
345
253
181
193
246
231
102
-50
-138
-172
-203
-242
-272
-309
-370
-419
-402
-327
-257
-230
-230
-226
-179
-83
20
60
13
-66
-89
-56
-31
-58
-102
-126
-133
-123
-74
3
45
16
-39
-60
-49
-56
-106
-190
-295
-405
-490
-530
-553
-596
-655
-688
-666
-591
-473
-339
-221
-138
-58
59
204
315
361
365
371
389
397
374
319
238
143
32
-88
-169
-143
-30
53
36
23
162
415
594
609
561
569
623
641
630
637
654
616
504
397
359
389
426
411
316
185
118
158
205
130
-57
-211
-256
-262
-300
-351
-378
-408
-459
-487
-451
-378
-327
-315
-327
-325
-274
-166
-66
-56
-135
-199
-166
-81
-45
-80
-111
-98
-61
-21
40
100
105
41
-33
-68
-83
-126
-203
-305
-422
-523
-565
-557
-560
-609
-662
-661
-603
-514
-401
-280
-190
-147
-92
28
182
285
308
310
349
414
451
439
377
277
162
34
-110
-235
-248
-135
-38
-58
-70
125
480
730
753
715
787
917
970
958
978
1007
932
745
576
499
469
426
333
168
-39
-161
-119
-40
-127
-360
-517
-493
-429
-449
-498
-503
-514
-575
-610
-558
-474
-431
-420
-411
-380
-298
-135
41
91
-1
-59
47
212
261
183
119
132
160
170
201
229
177
41
-76
-118
-140
-199
-298
-421
-563
-660
-641
-553
-528
-594
-634
-571
-463
-368
-249
-105
-30
-44
-23
135
322
378
322
294
335
372
356
297
180
-6
-216
-395
-561
-708
-719
-556
-399
-385
-327
32
573
904
933
954
1152
1366
1399
1358
1379
1371
1192
915
721
618
512
385
251
51
-205
-331
-230
-127
-281
-570
-678
-559
-464
-508
-549
-511
-501
-553
-542
-418
-301
-267
-249
-194
-126
-22
169
345
328
147
57
180
312
243
39
-86
-99
-116
-158
-163
-170
-276
-452
-560
-565
-566
-630
-723
-821
-911
-925
-808
-652
-592
-606
-547
-372
-189
-37
146
344
435
422
478
668
825
794
651
561
533
470
331
127
-146
-456
-725
-936
-1133
-1259
-1155
-850
-609
-519
-290
298
957
1266
1283
1388
1668
1852
1813
1734
1716
1612
1325
992
764
599
443
303
132
-149
-431
-471
-303
-271
-535
-808
-788
-600
-530
-579
-563
-483
-470
-485
-385
-199
-72
-29
20
86
148
265
449
533
374
116
48
171
196
-17
-275
-387
-416
-483
-540
-529
-553
-706
-884
-936
-889
-869
-909
-954
-986
-985
-863
-611
-382
-295
-232
-39
231
432
582
771
925
915
817
836
955
946
710
423
241
103
-100
-374
-689
-1045
-1374
-1590
-1722
-1825
-1748
-1340
-810
-483
-249
315
1200
1875
2051
2074
2301
2584
2601
2419
2287
2153
1815
1318
904
617
345
79
-151
-448
-854
-1119
-1035
-858
-989
-1344
-1454
-1189
-918
-848
-774
-541
-317
-219
-76
219
510
656
714
753
749
742
812
854
639
181
-187
-250
-226
-426
-798
-1037
-1070
-1086
-1151
-1148
-1080
-1118
-1288
-1397
-1320
-1172
-1076
-1034
-987
-895
-676
-286
137
400
539
743
1043
1288
1412
1511
1591
1522
1290
1072
984
887
599
151
-254
-537
-773
-1045
-1380
-1747
-2054
-2215
-2253
-2240
-2032
-1427
-619
-30
338
976
2029
2943
3245
3199
3286
3486
3436
3104
2743
2397
1878
1164
476
-63
-503
-872
-1189
-1568
-2052
-2364
-2228
-1879
-1798
-2021
-2038
-1582
-996
-619
-314
139
612
908
1155
1518
1877
2028
1972
1817
1587
1325
1119
890
404
-366
-1073
-1414
-1533
-1779
-2188
-2474
-2492
-2384
-2251
-2028
-1723
-1490
-1382
-1242
-938
-550
-205
59
261
426
656
1040
1462
1669
1614
1535
1545
1501
1309
1079
874
575
137
-254
-448
-538
-728
-1049
-1346
-1505
-1538
-1535
-1598
-1761
-1898
-1838
-1626
-1448
-1199
-491
596
1443
1800
2263
3285
4313
4555
4150
3792
3652
3311
2593
1820
1150
403
-492
-1314
-1933
-2401
-2671
-2709
-2744
-2988
-3149
-2724
-1840
-1186
-1031
-855
-160
774
1440
1854
2322
2790
2976
2947
2951
2943
2674
2135
1461
672
-162
-846
-1352
-1957
-2827
-3651
-3994
-3868
-3656
-3542
-3330
-2846
-2197
-1501
-685
175
801
1121
1377
1714
1987
2097
2115
2029
1755
1404
1198
1126
904
400
-158
-563
-915
-1320
-1613
-1658
-1653
-1778
-1818
-1503
-953
-505
-245
-10
279
536
699
747
602
258
-82
-233
-344
-640
-852
-373
688
1426
1456
1597
2509
3487
3501
2774
2244
2064
1625
760
57
-222
-472
-1014
-1580
-1847
-1844
-1621
-1240
-1028
-1260
-1543
-1182
-299
262
169
23
437
1145
1627
1895
2237
2530
2423
2046
1755
1522
1058
312
-585
-1569
-2447
-2904
-2966
-3083
-3497
-3823
-3565
-2812
-2023
-1422
-829
-154
454
976
1566
2163
2368
2056
1589
1315
1106
805
438
44
-465
-960
-1160
-1105
-1125
-1397
-1656
-1695
-1610
-1483
-1130
-494
88
334
577
1195
1973
2346
2190
1853
1528
1125
552
-136
-930
-1808
-2601
-3068
-3266
-3371
-3221
-2281
-660
728
1381
2080
3571
5136
5502
4791
4186
4032
3633
2647
1770
1328
851
-42
-945
-1485
-1821
-2098
-2243
-2465
-3069
-3684
-3537
-2659
-1981
-1845
-1604
-595
832
2036
2945
3790
4442
4574
4291
3889
3328
2385
1126
-228
-1571
-2742
-3428
-3634
-3825
-4251
-4522
-4195
-3451
-2780
-2336
-1949
-1412
-759
-67
650
1384
1932
2147
2206
2372
2537
2471
2122
1533
825
126
-398
-867
-1411
-1971
-2276
-2218
-1975
-1696
-1211
-412
338
681
826
1203
1645
1658
1134
544
223
-7
-448
-1037
-1512
-1845
-2123
-2297
-2319
-2309
-2237
-1732
-400
1349
2594
3085
3724
5021
6045
5819
4858
4092
3419
2272
956
225
-137
-933
-2237
-3202
-3536
-3607
-3575
-3374
-3365
-3723
-3749
-2729
-1163
-44
544
1289
2533
3868
4948
5679
5941
5496
4487
3364
2276
1020
-455
-1987
-3463
-4696
-5307
-5157
-4722
-4558
-4640
-4417
-3644
-2615
-1765
-1165
-665
15
975
2126
3209
4039
4382
4159
3656
3247
2768
1778
287
-1272
-2421
-3108
-3379
-3457
-3375
-3087
-2439
-1507
-522
407
1309
2000
2111
1772
1588
1815
1869
1303
458
41
114
128
-303
-1013
-1723
-2399
-3139
-3808
-4185
-4200
-3907
-3147
-1334
1462
4068
5499
6514
8023
9204
8667
6822
4934
3257
1130
-1113
-2454
-2920
-3578
-4662
-5136
-4769
-4178
-3672
-2983
-2592
-2866
-3075
-2172
-509
789
1537
2501
4083
5778
7150
8004
8062
7042
5301
3316
1218
-1065
-3343
-5424
-7174
-8270
-8356
-7451
-6170
-5074
-4191
-3142
-1816
-487
487
976
1246
1707
2477
3320
4024
4552
4722
4276
3461
2770
1998
559
-1362
-2969
-3982
-4584
-4782
-4522
-3898
-2979
-1752
-343
1029
2176
3029
3409
3094
2335
1792
1558
1015
-35
-928
-1134
-988
-1058
-1454
-1921
-2360
-2864
-3419
-3804
-3779
-3331
-2582
-1414
930
4407
7298
8230
8390
9221
9735
8037
4642
1532
-635
-2849
-5104
-6024
-5499
-5062
-5292
-5005
-3820
-2584
-1696
-899
-588
-1051
-1324
-175
1847
3259
3894
4863
6523
7971
8523
8125
6718
4279
1250
-1770
-4497
-6861
-8679
-9785
-10006
-9185
-7332
-4838
-2457
-727
405
1321
2161
2702
2760
2420
2017
2043
2754
3685
4199
4248
3884
2936
1649
392
-1148
-3241
-5245
-6453
-6781
-6324
-5169
-3511
-1601
317
2092
3704
4873
5199
4740
3756
2324
777
-235
-732
-1333
-2099
-2342
-1778
-1055
-921
-1369
-1984
-2678
-3472
-4050
-4153
-3832
-3060
-1600
919
4531
8122
9993
10078
9892
9815
8404
4915
730
-2466
-4577
-6277
-7140
-6406
-4839
-3890
-3453
-2550
-1236
-285
137
76
-583
-1291
-821
1136
3279
4510
5288
6543
7979
8512
7638
5588
2649
-851
-4308
-7112
-8981
-9921
-10045
-9355
-7668
-5060
-2099
457
2085
2667
2609
2478
2329
1927
1352
973
1057
1826
3075
4001
4134
3558
2269
386
-1494
-3204
-5021
-6638
-7286
-6762
-5268
-3114
-727
1533
3422
4746
5460
5533
4754
3319
1825
417
-1062
-2097
-2138
-1648
-1471
-1576
-1327
-739
-593
-1380
-2586
-3538
-4192
-4590
-4338
-3259
-1719
41
2497
6119
9852
11530
10638
9170
8302
6650
2989
-1313
-4365
-6040
-7165
-7379
-5996
-3828
-2583
-2373
-2015
-1275
-776
-549
-336
-527
-925
-206
2289
5176
6892
7527
8026
8461
8075
6419
3627
82
-3654
-6832
-8980
-10042
-10059
-9132
-7583
-5606
-3134
-490
1558
2462
2396
1852
1387
1226
1257
1386
1656
2152
3012
4204
4927
4467
3002
923
-1607
-3962
-5570
-6664
-7413
-7209
-5717
-3353
-731
1646
3436
4525
4931
4702
3982
2764
1298
219
-291
-726
-1131
-886
-106
240
-258
-967
-1322
-1648
-2566
-3891
-4788
-4811
-4231
-3257
-1849
-99
1786
3703
5954
8572
10391
9867
7557
5633
4566
2696
-520
-3528
-5069
-5569
-5684
-5011
-3343
-1896
-1899
-2497
-2321
-1544
-977
-429
305
794
1349
2996
5573
7426
7577
6749
5940
5031
3391
937
-1912
-4732
-6988
-8181
-8369
-7879
-6808
-5240
-3583
-1994
-317
1223
2016
1900
1399
1134
1326
1717
2088
2526
2986
3218
3356
3393
2686
956
-1218
-3381
-5263
-6315
-6381
-5909
-4973
-3317
-1058
1322
3270
4372
4677
4521
3993
3078
1891
732
48
-34
-92
-536
-838
-594
-471
-1169
-2325
-3121
-3368
-3555
-3992
-4279
-3818
-2648
-1387
-308
823
2210
3636
4763
5970
7760
9161
8413
6069
4457
3837
2196
-978
-3943
-5372
-5875
-6153
-5702
-4107
-2580
-2316
-2337
-1503
-275
550
1288
1957
2053
2036
2999
4759
5820
5464
4623
4199
3734
2431
418
-1718
-3790
-5622
-6866
-7346
-7118
-6237
-4870
-3382
-1844
-163
1376
2243
2328
1984
1676
1577
1460
1269
1252
1387
1371
1338
1402
1072
65
-1327
-2667
-3593
-3873
-3692
-3240
-2313
-907
658
2131
3294
3874
3875
3516
2849
1833
608
-437
-955
-1174
-1683
-2355
-2487
-2071
-1907
-2249
-2517
-2317
-1867
-1550
-1452
-1345
-923
-172
622
1193
1697
2495
3620
4551
5379
6763
8030
7363
4810
2651
1598
-47
-3181
-6210
-7371
-7034
-6460
-5460
-3272
-774
378
500
923
1744
2267
2342
2187
1794
1600
2298
3785
4952
4970
4415
4045
3462
1821
-649
-3061
-5100
-6867
-8132
-8430
-7569
-5856
-3859
-1910
-45
1645
2742
3019
2602
1788
965
433
159
59
350
1089
1853
2263
2382
2166
1372
-65
-1715
-2978
-3621
-3755
-3462
-2474
-981
529
1774
2765
3343
3236
2541
1488
237
-1027
-1915
-2159
-2051
-2130
-2241
-1794
-794
-22
81
-125
-168
-5
42
-238
-619
-713
-464
-150
135
706
1705
2692
3138
3660
5140
6530
5735
2985
794
-27
-1344
-3928
-6105
-6234
-5112
-4146
-2825
-354
2312
3230
2632
2022
1921
1821
1398
860
320
225
1017
2527
3792
4107
3777
3282
2268
290
-2181
-4310
-5883
-7146
-7856
-7503
-5885
-3572
-1347
509
2029
3047
3231
2667
1721
654
-349
-925
-912
-419
505
1791
2892
3242
3044
2590
1626
-138
-2205
-3697
-4254
-4070
-3421
-2154
-468
1013
1978
2584
2825
2286
1056
-353
-1529
-2350
-2610
-2187
-1386
-731
-251
525
1590
2272
2018
1202
507
177
-115
-632
-1181
-1484
-1397
-1049
-580
-106
412
985
1412
1849
2905
4156
4167
2487
733
28
-521
-1963
-3515
-3754
-2661
-1493
-389
1418
3567
4397
3395
1964
1066
536
-240
-1080
-1561
-1338
-417
910
2196
2982
3165
2762
1613
-312
-2404
-4088
-5284
-6135
-6370
-5578
-3852
-1676
329
1944
2986
3258
2719
1642
455
-579
-1324
-1598
-1209
-250
1065
2432
3306
3334
2781
2019
733
-1200
-3189
-4359
-4539
-3949
-2884
-1445
187
1445
2065
2171
1981
1223
-31
-1275
-1978
-2068
-1588
-650
453
1364
1879
2222
2510
2480
1730
492
-548
-1046
-1247
-1595
-2004
-2220
-2124
-1873
-1594
-1224
-825
-370
41
731
2300
4280
5073
4017
2694
2258
1897
413
-1380
-2117
-1516
-738
-27
1323
3111
3818
2577
647
-824
-1628
-2422
-3170
-3477
-2860
-1433
335
2030
3320
4012
3869
2783
863
-1109
-2668
-3744
-4457
-4555
-3744
-2230
-460
1016
2070
2467
2010
807
-562
-1649
-2305
-2534
-2218
-1283
55
1526
2783
3445
3181
2373
1432
283
-1231
-2651
-3367
-3221
-2381
-1260
-158
798
1412
1431
1056
530
-115
-937
-1637
-1835
-1369
-368
698
1525
2014
2172
2001
1712
1265
514
-436
-1176
-1476
-1511
-1576
-1812
-2062
-2277
-2354
-2197
-1712
-1130
-552
148
1016
2415
4382
5974
5857
4371
3034
2151
916
-905
-2200
-2325
-1624
-907
58
1529
2702
2319
453
-1595
-2942
-3519
-3699
-3410
-2465
-697
1376
3222
4523
5223
5130
3919
1781
-578
-2308
-3380
-3869
-3814
-3135
-2066
-927
22
529
567
-45
-1137
-2292
-2908
-2851
-2212
-1181
92
1464
2631
3411
3611
3203
2231
1112
160
-621
-1306
-1754
-1722
-1226
-599
-299
-293
-389
-643
-1133
-1466
-1442
-1226
-1009
-627
121
1075
1891
2244
2206
1892
1409
914
542
171
-335
-772
-948
-957
-1084
-1413
-1921
-2438
-2783
-2745
-2221
-1427
-537
338
1298
2254
3590
5292
6375
5752
3829
2170
983
-239
-1704
-2489
-2294
-1529
-710
415
1816
2433
1457
-602
-2479
-3640
-3960
-3550
-2360
-687
1200
2890
4268
5165
5252
4328
2495
318
-1668
-2998
-3652
-3601
-3070
-2360
-1707
-1155
-746
-626
-778
-1326
-2049
-2501
-2277
-1439
-312
774
1684
2448
2909
2930
2563
1994
1196
426
-77
-374
-696
-1047
-1220
-1278
-1400
-1693
-1878
-1820
-1615
-1348
-819
-132
439
783
1092
1427
1659
1679
1408
1105
856
825
833
748
432
-30
-466
-959
-1466
-1940
-2328
-2747
-3015
-2781
-2006
-929
-56
647
1157
1528
1759
2070
3126
4265
4635
3448
2023
1204
728
-80
-1054
-1407
-1254
-756
-88
895
1500
1117
-342
-1934
-3160
-3620
-3202
-1891
-294
1032
2237
3302
4212
4229
3399
1894
300
-1208
-2396
-2934
-2831
-2124
-1409
-888
-732
-592
-535
-699
-1172
-1801
-2143
-1932
-1136
-175
683
1401
2004
2332
2220
1826
1371
777
46
-499
-649
-603
-647
-733
-808
-767
-727
-776
-860
-838
-651
-431
-179
-59
49
241
508
670
761
972
1163
1229
1120
968
787
362
-398
-1218
-1723
-1942
-2075
-2071
-1870
-1462
-976
-500
-51
290
408
261
36
-334
-471
-163
1261
3146
4550
4555
3585
2863
2071
1009
-553
-1491
-1761
-1467
-891
27
1067
1432
663
-840
-2238
-3132
-3222
-2614
-1332
97
1569
2503
3011
3171
2839
1999
667
-543
-1566
-1943
-1757
-1060
-301
129
92
-326
-820
-1435
-1862
-2206
-2331
-2161
-1502
-455
492
1191
1525
1705
1588
1068
392
-166
-364
-162
378
944
1174
1219
1124
765
69
-968
-1800
-2292
-2383
-2254
-1734
-827
36
763
1224
1516
1545
1348
1016
642
275
-119
-457
-615
-713
-739
-683
-602
-555
-482
-355
-372
-563
-969
-1436
-1716
-1642
-1396
-1151
-887
-420
466
1692
3522
5116
5740
4764
3281
2033
812
-436
-1433
-1525
-1158
-519
215
1170
1682
1236
-275
-2104
-3761
-4605
-4144
-2630
-670
947
2257
2978
3287
3101
2436
1396
127
-873
-1292
-908
-107
748
1184
1032
269
-717
-1665
-2391
-2805
-3030
-2857
-2327
-1457
-615
100
699
981
939
627
385
467
850
1460
2134
2618
2657
1982
978
-283
-1497
-2513
-3193
-3252
-2835
-1840
-582
702
1472
1547
1142
432
-334
-867
-1018
-792
-375
106
648
1148
1449
1284
763
129
-493
-944
-1256
-1473
-1639
-1873
-1982
-1974
-1632
-1027
-448
11
175
516
1142
1925
3130
4145
4618
3828
2555
1633
804
87
-645
-712
-363
72
606
1119
1337
650
-1039
-2814
-4215
-4606
-3994
-2555
-622
1118
2579
3169
3116
2572
1735
812
-40
-456
-306
318
1055
1611
1645
1127
-18
-1371
-2638
-3465
-3655
-3554
-3115
-2365
-1304
-336
203
534
715
835
841
840
1219
1779
2365
2707
2675
2223
1125
-118
-1336
-2195
-2586
-2571
-1908
-928
94
774
1027
748
-119
-1186
-1960
-2228
-1898
-1118
37
1361
2344
2749
2496
1886
1005
45
-735
-1265
-1493
-1531
-1442
-1314
-1329
-1493
-1659
-1655
-1394
-963
-467
-29
286
568
900
1542
2730
3722
4070
3402
2758
2363
1809
1125
613
689
601
279
-15
-75
-302
-1228
-2698
-3971
-4712
-4453
-3285
-1479
351
1739
2566
2441
1918
1290
874
574
478
822
1492
2201
2525
2405
1753
581
-1009
-2520
-3648
-4090
-3896
-3384
-2673
-1861
-980
-373
-112
-21
115
364
628
947
1457
2000
2416
2577
2368
1769
930
208
-338
-620
-787
-746
-477
-352
-591
-1154
-1803
-2486
-2984
-2994
-2373
-1209
161
1456
2509
3047
2900
2259
1382
476
-316
-842
-1033
-939
-648
-460
-519
-863
-1386
-1828
-1983
-1793
-1406
-1040
-787
-555
-175
236
875
2177
3605
4556
4326
3932
3697
3127
2007
817
382
63
-369
-718
-727
-731
-1271
-2271
-3235
-4053
-4271
-3632
-2184
-618
575
1404
1602
1453
1177
1174
1372
1689
2148
2710
3232
3385
3083
2202
781
-1004
-2555
-3669
-4154
-4028
-3606
-3004
-2403
-1796
-1429
-1303
-1192
-1078
-751
-313
407
1477
2508
3359
3832
4007
3623
2764
1854
815
-88
-839
-1261
-1360
-1506
-1763
-2118
-2347
-2599
-2844
-2710
-2204
-1355
-334
691
1563
2066
2050
1521
912
498
372
478
708
953
1136
1096
639
-173
-1238
-2245
-2963
-3098
-2688
-1956
-1242
-794
-443
-143
185
926
2102
3373
3941
3725
3614
3392
2831
1813
1096
756
221
-198
-263
81
3
-889
-2061
-3207
-4076
-4330
-3686
-2473
-1353
-280
522
924
985
1041
1368
1748
2185
2625
3132
3369
3203
2783
1937
572
-905
-1997
-2677
-3009
-3090
-3008
-2872
-2757
-2639
-2577
-2510
-2307
-1818
-1029
-255
776
2001
3084
3726
3905
3817
3222
2437
1680
967
314
-268
-487
-546
-751
-1091
-1429
-1783
-2416
-2952
-2996
-2634
-2059
-1351
-441
367
869
1071
1107
1151
1214
1406
1638
1786
1830
1708
1306
468
-474
-1238
-1790
-2093
-2066
-1684
-1275
-1006
-956
-1040
-1179
-1210
-653
444
1680
2419
2770
3083
3022
2525
1877
1455
1112
732
654
976
1366
1270
530
-500
-1778
-2997
-3579
-3287
-2564
-1911
-1247
-692
-340
-253
-150
95
371
689
1154
1862
2419
2715
2773
2422
1624
681
-44
-638
-1210
-1655
-1833
-1785
-1753
-1796
-1840
-1874
-1845
-1663
-1312
-984
-609
-75
505
964
1269
1554
1637
1492
1267
1122
1101
1063
1035
943
700
370
65
-222
-695
-1190
-1389
-1278
-1065
-807
-464
-219
-282
-560
-739
-683
-528
-372
-166
93
344
556
649
477
122
-144
-214
-125
54
314
565
612
356
-71
-472
-772
-919
-823
-430
136
579
705
581
319
45
-146
-174
-17
327
787
1267
1698
1925
1742
1142
349
-316
-573
-402
0
348
495
386
69
-352
-764
-1037
-1169
-1202
-1113
-820
-387
19
196
95
-126
-276
-270
-196
-82
68
299
591
807
889
848
713
494
276
110
-40
-216
-452
-765
-1081
-1271
-1279
-1183
-1069
-916
-637
-268
6
196
390
572
686
761
898
1085
1292
1448
1496
1428
1219
869
386
-206
-769
-1104
-1184
-1172
-1222
-1267
-1282
-1290
-1319
-1330
-1202
-967
-641
-229
287
780
1067
1073
814
412
-28
-352
-503
-518
-416
-133
301
557
418
58
-280
-588
-797
-729
-369
78
484
934
1439
1806
1884
1694
1369
936
591
550
726
844
733
451
23
-437
-719
-741
-660
-703
-826
-830
-697
-534
-397
-307
-326
-390
-305
-38
285
542
736
868
892
790
626
447
205
-70
-319
-559
-829
-1122
-1385
-1566
-1632
-1527
-1241
-866
-517
-230
10
230
484
757
973
1100
1191
1321
1473
1535
1396
1064
636
153
-328
-721
-989
-1141
-1190
-1131
-992
-852
-774
-763
-765
-765
-685
-419
-29
302
483
581
634
587
387
95
-214
-501
-700
-724
-564
-325
-33
177
133
-111
-323
-386
-301
-104
143
445
815
1203
1560
1799
1795
1524
1117
709
408
308
358
429
446
376
201
-51
-308
-496
-600
-688
-802
-861
-787
-606
-345
-87
63
114
168
310
500
648
718
723
649
469
229
24
-155
-346
-594
-892
-1208
-1503
-1720
-1828
-1803
-1628
-1290
-847
-375
49
372
621
827
970
1057
1150
1266
1382
1438
1371
1164
872
533
163
-186
-475
-671
-761
-787
-805
-819
-825
-842
-852
-807
-701
-507
-224
67
293
384
367
281
145
-23
-165
-212
-209
-191
-158
-98
-62
-97
-158
-182
-171
-217
-305
-333
-325
-285
-148
71
271
424
596
811
1012
1107
1070
965
862
772
751
809
885
925
866
649
300
-56
-321
-502
-632
-727
-751
-660
-518
-368
-245
-184
-153
-100
17
157
280
366
392
353
237
88
-58
-230
-439
-655
-854
-1043
-1168
-1142
-965
-717
-458
-191
34
166
222
247
278
316
371
476
638
785
879
935
919
766
497
226
27
-84
-114
-95
-72
-125
-259
-419
-561
-677
-739
-689
-586
-515
-487
-478
-476
-518
-595
-632
-560
-388
-152
123
371
512
489
329
100
-135
-314
-365
-253
-124
-133
-249
-348
-401
-396
-301
-160
-26
130
378
735
1114
1385
1490
1449
1318
1213
1241
1330
1322
1130
784
347
-96
-436
-620
-689
-759
-874
-940
-890
-757
-605
-483
-419
-384
-300
-121
92
243
301
298
239
113
-21
-97
-143
-193
-228
-225
-203
-199
-208
-238
-290
-309
-278
-219
-159
-107
-43
68
201
311
402
464
481
482
482
463
426
401
388
379
368
347
285
157
-48
-290
-504
-682
-828
-922
-950
-919
-850
-779
-745
-713
-646
-532
-369
-185
-20
90
146
157
129
55
-77
-236
-374
-468
-473
-356
-209
-181
-262
-314
-268
-69
266
612
864
1045
1221
1433
1643
1740
1650
1412
1110
836
664
577
479
295
24
-278
-528
-670
-716
-707
-697
-716
-686
-529
-296
-82
41
41
-30
-81
-65
-19
21
40
46
39
-9
-88
-163
-248
-329
-385
-414
-428
-386
-263
-120
-2
92
157
161
108
40
29
107
223
351
483
597
685
785
867
828
655
411
177
-22
-202
-375
-527
-650
-751
-809
-840
-896
-985
-1041
-1032
-949
-771
-536
-307
-125
4
106
184
206
159
45
-119
-275
-359
-396
-451
-547
-665
-749
-732
-557
-290
-89
-13
40
151
333
607
912
1125
1231
1312
1445
1598
1654
1517
1218
858
540
364
355
414
434
365
208
-12
-232
-398
-498
-575
-667
-702
-602
-411
-227
-100
-73
-137
-225
-275
-295
-300
-290
-236
-131
-34
30
93
154
174
157
108
30
-71
-155
-191
-173
-123
-54
57
185
305
431
550
602
576
513
440
366
296
226
132
-6
-172
-303
-370
-428
-516
-617
-715
-813
-883
-908
-896
-845
-743
-589
-391
-200
-67
-9
-23
-106
-215
-290
-318
-323
-333
-349
-339
-308
-304
-348
-411
-461
-453
-350
-144
106
286
364
406
457
531
655
791
868
905
963
1059
1176
1238
1163
971
754
568
464
463
477
423
290
119
-50
-164
-211
-216
-234
-311
-396
-417
-383
-345
-322
-331
-378
-412
-374
-269
-149
-61
-29
-46
-103
-172
-196
-164
-110
-53
7
68
130
206
288
331
322
286
256
227
198
196
204
189
155
130
116
91
32
-59
-165
-289
-413
-487
-493
-470
-443
-398
-334
-277
-243
-242
-272
-329
-393
-423
-402
-356
-313
-284
-271
-276
-290
-313
-357
-423
-496
-545
-541
-492
-414
-327
-253
-197
-130
-25
128
292
388
401
400
435
528
696
877
992
1047
1060
1034
986
908
763
570
402
298
273
323
391
417
362
217
13
-179
-309
-369
-380
-366
-317
-221
-110
-27
-3
-61
-170
-267
-310
-301
-254
-184
-101
-24
30
62
77
71
43
11
-17
-35
-26
26
112
191
236
255
251
211
156
124
110
105
120
146
166
181
179
139
38
-124
-309
-466
-577
-650
-674
-644
-592
-539
-500
-493
-521
-570
-616
-623
-579
-484
-358
-234
-150
-112
-105
-124
-156
-201
-260
-323
-373
-405
-419
-420
-411
-380
-315
-217
-75
104
239
280
273
285
349
493
678
808
885
959
1056
1173
1280
1283
1133
891
642
456
390
421
444
382
239
40
-156
-268
-287
-292
-345
-417
-452
-424
-342
-234
-156
-132
-129
-97
-2
126
229
282
282
221
116
43
34
38
13
-19
-40
-55
-30
36
84
71
32
19
44
104
182
249
275
255
207
168
136
72
-20
-122
-238
-350
-409
-426
-459
-536
-621
-688
-718
-710
-685
-664
-656
-655
-633
-552
-428
-320
-276
-293
-352
-409
-416
-368
-326
-327
-353
-379
-379
-340
-281
-257
-275
-309
-309
-204
24
284
456
530
557
579
667
847
1009
1071
1075
1069
1078
1125
1167
1106
935
715
505
380
383
427
402
292
104
-127
-294
-330
-302
-294
-314
-342
-336
-255
-126
-35
-23
-71
-121
-113
-24
82
150
165
97
-41
-151
-158
-108
-60
-36
-47
-85
-89
-19
76
119
111
95
94
117
172
229
247
210
130
42
-14
-54
-99
-154
-239
-369
-487
-543
-573
-615
-654
-673
-668
-626
-550
-487
-470
-500
-545
-559
-521
-443
-351
-286
-281
-330
-389
-426
-447
-456
-449
-424
-389
-338
-274
-214
-182
-163
-131
-68
54
237
422
552
645
736
838
957
1068
1115
1101
1077
1064
1077
1119
1121
1038
907
767
640
555
500
412
263
73
-129
-301
-385
-375
-332
-303
-281
-255
-210
-141
-78
-72
-122
-180
-204
-176
-114
-68
-46
-29
-29
-39
-26
11
25
11
-15
-38
-35
10
89
160
209
230
242
250
242
202
133
40
-59
-134
-181
-216
-266
-331
-401
-474
-551
-607
-626
-631
-637
-624
-591
-551
-509
-476
-467
-483
-506
-507
-476
-427
-384
-355
-349
-359
-375
-386
-397
-415
-443
-464
-464
-433
-372
-279
-169
-71
20
123
249
378
509
624
689
732
801
898
1002
1108
1183
1204
1199
1169
1100
1010
889
714
522
370
247
162
123
85
16
-54
-110
-165
-193
-195
-204
-208
-186
-144
-93
-37
3
1
-30
-69
-98
-108
-100
-93
-105
-125
-146
-160
-159
-136
-107
-74
-23
45
122
202
266
296
295
278
245
204
161
115
63
11
-42
-98
-159
-233
-312
-390
-458
-516
-557
-577
-584
-586
-584
-577
-568
-554
-531
-510
-501
-506
-517
-526
-532
-540
-545
-541
-530
-518
-504
-476
-430
-369
-300
-228
-162
-107
-53
6
65
121
192
299
425
551
672
775
839
887
931
954
951
935
903
862
831
796
737
674
602
508
417
348
285
230
196
162
120
95
89
86
76
60
32
-3
-40
-82
-133
-190
-240
-276
-299
-318
-337
-350
-358
-355
-339
-304
-240
-149
-42
74
187
282
359
414
432
415
381
342
304
278
250
210
153
76
-26
-143
-259
-368
-461
-536
-589
-612
-608
-593
-579
-572
-584
-609
-634
-650
-652
-651
-649
-641
-627
-608
-583
-550
-521
-500
-483
-460
-437
-410
-376
-336
-294
-248
-201
-149
-84
-5
81
163
238
314
399
485
567
643
709
768
825
872
903
918
912
886
858
823
770
717
664
601
548
509
466
421
381
331
275
217
158
102
51
-16
-93
-160
-214
-255
-281
-302
-330
-347
-351
-340
-316
-276
-227
-153
-65
26
121
204
263
305
331
336
329
318
301
280
252
210
157
99
29
-47
-122
-196
-261
-303
-331
-349
-356
-362
-379
-409
-452
-505
-555
-599
-633
-654
-662
-663
-655
-642
-630
-627
-630
-638
-646
-648
-644
-629
-595
-542
-472
-396
-328
-276
-237
-204
-164
-112
-52
20
98
182
267
357
445
521
591
654
709
764
816
863
897
916
917
905
887
866
838
802
757
706
650
598
545
485
413
332
245
161
88
17
-50
-113
-169
-218
-257
-276
-290
-299
-299
-291
-278
-246
-205
-162
-116
-67
-19
27
68
95
105
100
84
65
49
30
12
-4
-18
-29
-38
-41
-40
-44
-51
-61
-75
-91
-111
-130
-159
-199
-242
-291
-348
-405
-461
-516
-569
-618
-666
-708
-737
-755
-759
-751
-733
-711
-677
-637
-591
-541
-490
-437
-376
-310
-249
-192
-140
-90
-33
36
108
172
235
302
370
442
520
593
650
692
725
748
765
774
775
769
760
746
733
722
702
672
626
566
496
426
363
304
247
194
151
114
80
42
-2
-50
-100
-147
-183
-204
-211
-207
-195
-173
-145
-111
-80
-63
-56
-61
-66
-69
-68
-61
-53
-41
-24
-5
12
27
38
47
54
62
69
77
85
91
91
86
67
35
-14
-75
-146
-225
-303
-381
-450
-513
-571
-621
-664
-697
-717
-722
-716
-696
-666
-628
-584
-536
-492
-450
-408
-370
-341
-311
-279
-240
-198
-153
-109
-69
-32
6
57
118
183
253
325
396
462
519
565
599
621
638
655
676
692
706
708
696
669
636
599
555
505
448
398
356
321
285
240
185
120
56
-1
-50
-92
-125
-151
-170
-181
-183
-178
-173
-171
-174
-180
-186
-189
-185
-174
-158
-139
-115
-88
-58
-30
-9
3
13
25
47
76
110
147
184
215
232
233
218
191
153
104
39
-32
-103
-167
-227
-285
-341
-400
-458
-509
-553
-585
-605
-611
-601
-581
-552
-516
-480
-450
-426
-404
-387
-370
-350
-325
-298
-273
-247
-217
-185
-149
-114
-76
-33
20
88
165
244
317
379
429
467
490
507
520
530
537
545
553
557
552
536
509
478
448
417
383
347
310
275
245
220
196
170
140
103
67
38
15
-9
-34
-58
-80
-95
-106
-114
-118
-121
-128
-140
-147
-147
-140
-127
-114
-102
-90
-75
-55
-26
9
50
93
132
167
200
222
230
226
207
181
149
116
80
44
9
-34
-84
-136
-187
-236
-281
-320
-352
-373
-382
-382
-375
-367
-359
-353
-355
-363
-374
-390
-402
-413
-417
-412
-401
-389
-373
-354
-338
-314
-284
-244
-189
-124
-51
22
93
154
205
244
268
281
297
316
335
355
372
381
386
382
372
355
331
306
282
265
254
248
243
231
211
185
156
125
99
77
59
48
41
38
39
41
38
28
13
-8
-29
-47
-64
-71
-74
-69
-57
-41
-22
-4
15
33
51
73
101
130
163
188
204
212
209
195
170
137
97
59
20
-15
-44
-65
-85
-100
-110
-122
-131
-134
-134
-132
-130
-127
-128
-133
-147
-166
-187
-213
-244
-274
-308
-335
-358
-375
-387
-392
-391
-382
-364
-336
-300
-255
-207
-156
-103
-54
-15
15
35
51
64
82
101
122
143
162
177
185
187
181
171
160
151
147
151
159
163
164
162
159
156
155
154
154
156
158
162
167
170
165
154
135
112
90
67
45
26
14
5
1
0
6
14
23
34
47
62
78
95
119
142
161
174
182
179
167
151
129
103
78
55
36
20
8
0
-5
-11
-19
-23
-25
-27
-29
-33
-42
-53
-64
-79
-100
-127
-161
-198
-236
-273
-307
-333
-356
-375
-385
-388
-383
-377
-363
-343
-318
-290
-256
-221
-187
-155
-130
-109
-90
-72
-61
-49
-44
-39
-31
-19
-10
0
9
15
21
32
43
56
73
90
109
128
147
167
186
203
214
222
228
230
230
225
214
199
183
164
148
129
112
101
95
93
92
97
104
112
122
130
136
143
153
164
175
182
188
192
188
177
163
144
124
105
87
70
59
51
44
38
31
23
18
13
8
4
-1
-4
-6
-8
-13
-21
-34
-53
-74
-97
-120
-141
-163
-187
-210
-233
-252
-267
-278
-286
-293
-296
-292
-280
-264
-249
-232
-218
-203
-191
-178
-170
-164
-158
-153
-144
-135
-123
-113
-104
-97
-93
-86
-77
-66
-52
-37
-21
-4
14
31
46
60
72
83
92
101
109
115
119
123
126
125
121
118
116
116
117
122
129
134
139
145
152
157
160
160
162
163
163
164
166
167
171
172
170
165
158
153
146
141
135
131
128
123
117
113
104
95
83
72
62
55
48
43
38
32
23
13
2
-9
-20
-31
-45
-60
-73
-89
-105
-120
-140
-158
-176
-194
-209
-223
-232
-238
-243
-249
-253
-255
-255
-253
-252
-251
-245
-238
-231
-224
-218
-210
-204
-196
-189
-181
-173
-163
-150
-135
-119
-103
-85
-67
-48
-31
-14
1
15
31
48
63
79
97
112
125
135
141
146
150
154
156
160
167
175
183
190
194
198
198
199
201
204
211
219
230
240
248
255
258
259
255
252
242
231
221
211
200
189
174
154
136
116
97
81
68
55
45
37
28
23
17
11
4
-5
-15
-26
-36
-46
-55
-66
-84
-101
-125
-152
-173
-198
-219
-240
-260
-278
-293
-305
-312
-317
-322
-326
-326
-324
-319
-310
-300
-292
-282
-273
-265
-257
-248
-238
-227
-214
-203
-193
-178
-162
-147
-131
-114
-98
-79
-59
-36
-11
11
33
56
77
96
113
129
142
153
163
170
178
185
192
201
208
213
218
225
229
235
242
247
255
264
272
280
285
290
294
296
296
291
283
273
266
255
244
231
213
192
173
154
134
117
100
82
68
55
48
41
35
27
16
7
-3
-14
-23
-32
-42
-55
-70
-87
-106
-127
-149
-173
-194
-215
-230
-245
-255
-263
-271
-278
-285
-291
-296
-299
-300
-300
-298
-296
-292
-286
-285
-282
-279
-276
-270
-266
-260
-252
-240
-226
-209
-190
-172
-152
-131
-111
-88
-67
-44
-23
-3
17
37
55
71
86
100
110
119
129
140
153
165
178
192
205
216
227
240
252
263
277
289
299
306
311
315
315
313
308
303
298
295
292
285
274
258
244
228
212
197
183
171
159
146
136
126
114
100
86
70
54
42
29
17
4
-15
-35
-54
-74
-94
-114
-134
-151
-167
-184
-199
-214
-224
-236
-246
-254
-261
-264
-268
-274
-279
-285
-287
-291
-290
-290
-288
-287
-287
-287
-285
-283
-279
-275
-266
-253
-239
-223
-208
-195
-184
-170
-154
-137
-119
-101
-79
-59
-41
-22
-5
10
25
38
52
64
78
96
113
131
149
168
186
206
222
235
245
253
260
266
271
274
279
283
287
289
289
290
288
285
280
274
268
263
258
253
245
234
223
214
204
194
181
170
156
142
126
106
88
68
51
35
21
9
-3
-19
-34
-52
-68
-86
-104
-119
-131
-143
-155
-166
-177
-189
-203
-216
-231
-244
-256
-266
-272
-278
-280
-284
-286
-287
-286
-288
-288
-285
-280
-273
-265
-253
-242
-230
-219
-208
-196
-185
-173
-160
-147
-134
-121
-105
-88
-74
-59
-48
-38
-28
-14
1
18
37
56
77
97
118
137
153
166
179
188
198
206
214
223
227
229
231
234
238
240
242
242
242
242
240
242
243
242
243
240
237
233
229
225
217
206
194
182
170
160
146
130
113
97
82
66
48
30
14
-1
-14
-26
-38
-51
-65
-77
-89
-101
-113
-124
-135
-147
-159
-170
-179
-187
-194
-201
-208
-213
-217
-221
-225
-228
-231
-234
-237
-239
-237
-234
-229
-224
-217
-208
-201
-189
-180
-171
-163
-156
-149
-141
-128
-118
-106
-95
-85
-76
-64
-54
-44
-32
-19
-6
10
27
45
61
74
85
91
100
108
116
125
133
141
150
160
166
173
179
182
182
184
186
190
194
196
198
201
200
198
196
194
189
185
179
174
171
164
157
149
142
131
120
108
95
82
70
60
50
40
33
25
16
7
-6
-18
-29
-40
-52
-62
-73
-84
-92
-101
-109
-116
-125
-132
-140
-148
-153
-158
-162
-162
-164
-164
-165
-164
-162
-160
-158
-157
-155
-152
-148
-143
-137
-130
-124
-118
-115
-113
-112
-112
-111
-108
-103
-96
-86
-74
-64
-52
-40
-30
-22
-14
-7
2
11
19
29
38
45
52
60
67
73
79
82
85
90
92
95
97
100
102
105
110
113
116
122
128
131
134
134
136
138
138
136
135
132
129
125
121
116
109
102
97
91
86
81
76
72
67
63
57
50
43
35
27
19
9
2
-7
-16
-25
-35
-43
-53
-61
-69
-76
-83
-89
-94
-100
-106
-112
-118
-124
-130
-132
-135
-135
-134
-129
-125
-120
-116
-113
-109
-107
-106
-106
-107
-105
-104
-100
-95
-88
-82
-74
-67
-61
-55
-50
-47
-44
-40
-36
-30
-23
-16
-8
-1
8
17
23
28
29
32
32
33
35
37
41
46
51
57
63
69
75
80
82
85
89
93
97
101
102
105
106
108
107
108
107
106
107
107
109
110
110
110
106
101
96
92
88
84
79
74
67
61
56
49
44
34
25
17
9
3
-6
-14
-21
-28
-35
-42
-49
-53
-59
-65
-70
-77
-83
-87
-89
-90
-90
-90
-90
-88
-89
-90
-91
-93
-95
-97
-97
-96
-93
-88
-83
-79
-77
-78
-78
-77
-77
-77
-76
-73
-69
-63
-55
-47
-41
-35
-31
-27
-23
-21
-18
-17
-14
-12
-10
-4
-2
2
6
10
13
16
20
26
31
36
41
46
50
54
57
60
61
64
68
72
76
78
80
83
84
84
84
82
81
80
79
78
78
77
77
76
74
72
71
70
67
65
60
56
50
44
39
34
28
23
19
13
9
0
-9
-16
-22
-30
-38
-43
-47
-51
-51
-55
-57
-56
-57
-58
-59
-61
-61
-61
-59
-59
-58
-56
-56
-58
-58
-59
-63
-65
-68
-70
-71
-71
-69
-64
-60
-56
-51
-47
-44
-43
-42
-41
-38
-33
-28
-23
-18
-14
-11
-8
-7
-7
-7
-7
-7
-5
-3
2
7
13
20
23
27
31
34
40
46
50
56
60
65
69
71
73
71
73
73
76
78
80
81
82
83
84
85
84
81
79
76
74
71
70
69
67
64
62
61
58
52
46
38
30
22
17
10
5
-2
-9
-16
-24
-30
-36
-42
-47
-50
-54
-53
-54
-54
-56
-58
-60
-63
-64
-67
-72
-77
-82
-87
-90
-92
-93
-93
-92
-91
-88
-87
-86
-85
-85
-85
-86
-85
-83
-82
-79
-76
-70
-63
-57
-53
-49
-48
-46
-43
-40
-36
-32
-28
-22
-15
-8
-1
6
12
15
20
25
30
38
43
48
53
57
62
66
70
73
77
81
85
88
91
94
97
100
103
104
105
105
103
104
105
106
105
105
104
102
100
97
93
87
80
73
68
64
58
53
48
40
33
27
18
10
1
-5
-10
-15
-18
-21
-24
-26
-31
-35
-40
-47
-52
-57
-65
-71
-75
-77
-79
-81
-82
-83
-85
-88
-92
-96
-97
-99
-100
-102
-100
-99
-98
-97
-95
-93
-91
-89
-86
-81
-76
-73
-70
-68
-66
-65
-61
-57
-51
-46
-41
-35
-30
-23
-17
-9
-5
0
7
13
20
25
31
38
44
51
55
60
66
73
79
83
88
90
92
94
94
97
97
99
99
99
102
106
108
109
107
104
100
96
93
89
88
83
78
74
70
66
61
54
46
39
30
22
17
13
8
4
-2
-9
-15
-21
-27
-32
-39
-45
-50
-53
-55
-58
-59
-63
-67
-73
-77
-84
-91
-97
-100
-103
-105
-107
-106
-106
-105
-102
-102
-101
-99
-97
-95
-93
-90
-86
-80
-77
-73
-70
-66
-63
-60
-57
-51
-48
-42
-37
-33
-27
-22
-17
-12
-8
-3
4
12
17
26
34
41
47
53
59
63
67
69
72
76
80
86
92
95
99
102
106
108
110
113
114
113
114
114
116
115
114
112
110
106
103
100
96
92
86
81
74
68
61
53
45
36
28
19
11
4
-3
-11
-17
-23
-29
-34
-39
-44
-48
-52
-55
-58
-63
-70
-75
-81
-86
-90
-96
-98
-101
-101
-103
-102
-100
-99
-97
-95
-93
-93
-91
-89
-87
-85
-83
-80
-79
-78
-75
-73
-72
-68
-66
-63
-60
-57
-53
-50
-47
-42
-37
-32
-26
-19
-13
-7
-2
2
7
12
16
22
28
32
33
38
40
43
48
55
58
63
67
72
76
78
80
82
86
88
90
91
94
96
98
100
99
99
96
95
94
92
89
87
84
80
76
72
65
58
51
45
37
32
28
23
20
16
10
4
-2
-8
-15
-23
-31
-35
-40
-45
-49
-51
-55
-57
-60
-63
-65
-65
-66
-67
-67
-68
-69
-68
-68
-68
-67
-66
-67
-67
-68
-67
-67
-65
-64
-63
-61
-61
-60
-59
-60
-59
-58
-56
-53
-47
-43
-38
-34
-32
-28
-25
-23
-20
-17
-13
-9
-5
-1
3
7
11
16
20
26
31
36
41
46
49
53
57
59
60
63
66
68
70
74
75
78
80
80
80
81
79
78
77
75
74
73
73
70
70
66
62
59
54
49
44
38
32
28
23
19
14
9
4
-1
-8
-14
-18
-22
-24
-27
-31
-33
-36
-39
-41
-44
-46
-50
-53
-54
-55
-55
-55
-57
-58
-60
-62
-64
-64
-64
-64
-63
-62
-63
-65
-65
-66
-67
-68
-67
-66
-61
-57
-54
-50
-49
-48
-46
-44
-43
-42
-41
-37
-34
-33
-27
-23
-18
-14
-9
-4
0
3
8
13
18
23
28
32
36
41
44
47
53
57
61
66
71
74
78
80
81
81
82
82
82
84
83
84
85
85
84
80
79
76
73
69
65
62
60
54
51
47
44
41
37
32
27
22
15
11
6
1
-3
-9
-13
-18
-24
-29
-33
-36
-39
-43
-46
-50
-52
-52
-54
-54
-56
-58
-60
-61
-62
-62
-64
-64
-65
-64
-65
-67
-66
-66
-67
-65
-65
-63
-62
-61
-60
-62
-62
-61
-58
-57
-54
-51
-48
-44
-42
-39
-35
-31
-26
-21
-17
-15
-10
-6
-2
2
6
9
14
18
22
27
31
36
38
41
45
49
50
54
56
58
62
64
68
71
73
77
78
79
80
79
78
77
74
71
70
70
69
68
64
61
60
57
53
50
45
40
37
31
27
21
17
14
9
5
-1
-5
-8
-13
-16
-20
-25
-30
-33
-38
-42
-46
-49
-53
-55
-56
-58
-59
-60
-60
-60
-60
-62
-61
-61
-63
-64
-65
-66
-67
-66
-66
-65
-64
-62
-60
-57
-54
-49
-45
-42
-39
-37
-33
-29
-27
-24
-21
-17
-11
-9
-4
0
5
7
13
16
20
23
25
27
29
30
31
34
36
39
40
43
45
47
51
54
55
56
57
54
55
55
55
55
56
58
57
57
56
53
50
46
44
41
40
38
38
37
34
32
29
26
21
19
16
13
11
6
3
-1
-4
-7
-10
-15
-21
-23
-26
-29
-32
-34
-35
-38
-38
-39
-42
-42
-44
-44
-45
-47
-49
-51
-52
-54
-55
-55
-54
-52
-51
-48
-47
-45
-41
-39
-37
-37
-36
-37
-38
-38
-36
-34
-31
-28
-24
-17
-11
-5
-3
2
3
5
6
8
8
12
14
18
22
24
26
27
27
28
29
32
34
38
41
43
44
44
44
43
42
42
41
41
42
42
43
42
41
38
37
37
36
35
35
34
35
33
30
29
26
24
21
18
15
14
12
11
7
3
0
-4
-7
-8
-10
-12
-12
-14
-16
-17
-18
-20
-22
-24
-27
-31
-34
-36
-38
-41
-42
-42
-43
-42
-41
-39
-39
-38
-37
-37
-37
-37
-39
-39
-42
-43
-43
-40
-38
-36
-33
-29
-26
-22
-19
-18
-17
-14
-14
-12
-11
-9
-7
-6
-3
-1
3
6
10
16
17
19
18
21
23
25
29
29
32
35
37
39
39
38
38
39
41
41
43
43
43
42
41
42
42
41
40
39
38
37
36
34
33
30
27
26
25
22
21
19
16
14
10
9
8
6
5
5
3
-1
-3
-7
-10
-15
-18
-20
-23
-26
-29
-30
-31
-32
-33
-33
-34
-32
-30
-31
-32
-34
-34
-37
-39
-40
-40
-41
-40
-40
-37
-36
-35
-34
-34
-32
-30
-30
-31
-30
-28
-26
-25
-24
-21
-19
-17
-14
-10
-10
-8
-7
-6
-4
-2
0
1
1
2
2
4
5
7
11
13
17
21
22
24
24
24
26
27
28
30
31
34
35
35
36
36
36
35
35
37
37
37
36
35
33
29
27
25
22
21
21
20
20
19
19
17
16
13
11
10
6
5
6
3
2
2
-1
-3
-4
-7
-8
-8
-8
-7
-5
-5
-7
-10
-14
-16
-16
-19
-20
-20
-20
-21
-21
-21
-22
-22
-24
-24
-25
-26
-26
-26
-26
-26
-26
-25
-23
-21
-18
-17
-18
-17
-17
-17
-16
-15
-14
-14
-11
-10
-9
-8
-7
-6
-5
-5
-2
-2
-1
-1
1
1
0
2
2
4
6
8
11
13
15
17
18
18
19
22
22
25
25
27
28
27
27
25
23
22
21
19
21
21
22
21
20
18
16
14
12
10
8
5
3
3
3
1
0
-2
-4
-6
-6
-6
-6
-7
-8
-9
-10
-12
-14
-16
-17
-17
-17
-18
-17
-18
-18
-19
-19
-21
-20
-23
-24
-24
-24
-24
-24
-23
-21
-19
-19
-19
-18
-18
-17
-17
-15
-15
-14
-12
-10
-8
-6
-4
-2
-1
0
2
1
2
2
3
3
3
3
4
5
7
7
9
9
13
15
17
21
22
23
25
26
27
27
27
27
27
27
26
27
27
28
26
26
27
27
27
26
26
26
25
23
22
21
18
16
16
14
12
11
10
8
7
6
7
5
4
2
0
-1
-3
-3
-5
-6
-9
-12
-12
-14
-16
-18
-21
-23
-24
-24
-26
-26
-27
-27
-27
-28
-28
-27
-25
-25
-26
-24
-23
-22
-22
-21
-20
-18
-17
-14
-13
-11
-12
-12
-11
-12
-13
-13
-14
-14
-15
-15
-14
-12
-12
-12
-13
-12
-14
-12
-11
-10
-9
-6
-5
-2
-1
1
1
3
3
3
3
4
7
9
11
13
14
16
17
18
18
20
21
21
20
20
20
20
20
19
18
16
17
17
18
17
17
16
17
17
16
16
16
16
15
15
14
14
14
13
12
12
11
11
10
7
7
6
6
3
2
1
-1
-2
-3
-5
-7
-8
-9
-9
-9
-9
-9
-9
-9
-10
-10
-9
-10
-10
-11
-9
-9
-10
-10
-10
-10
-10
-10
-11
-12
-12
-12
-12
-10
-10
-10
-8
-8
-5
-5
-4
-2
-2
-2
-4
-3
-4
-5
-4
-5
-5
-4
-1
0
0
1
1
1
1
1
3
4
5
7
8
8
8
9
10
11
11
11
10
9
9
10
9
11
12
12
11
11
10
10
10
10
9
8
7
8
8
7
5
4
4
1
0
-2
-3
-4
-7
-7
-8
-9
-11
-10
-12
-13
-14
-15
-15
-16
-16
-16
-16
-16
-15
-15
-16
-15
-15
-16
-16
-13
-12
-12
-11
-12
-13
-12
-12
-12
-11
-10
-11
-9
-9
-8
-7
-5
-6
-5
-6
-5
-5
-4
-4
-3
-3
-4
-3
-1
0
1
2
2
3
4
6
6
7
9
11
13
13
15
17
19
18
18
19
20
20
20
19
18
18
19
21
20
20
20
20
21
22
22
21
21
22
20
20
20
19
17
18
17
16
13
12
10
9
8
5
4
3
3
2
1
-1
-2
-3
-5
-7
-6
-7
-7
-9
-10
-9
-10
-11
-12
-12
-14
-15
-15
-18
-18
-19
-21
-21
-23
-24
-25
-25
-26
-25
-27
-27
-26
-25
-25
-23
-24
-23
-22
-20
-19
-18
-18
-17
-17
-16
-15
-15
-14
-13
-13
-11
-9
-8
-6
-4
-3
-1
1
2
3
5
6
7
9
10
10
11
11
10
12
14
16
16
17
19
19
18
20
21
21
22
22
23
22
23
22
22
21
22
21
21
21
18
18
17
16
14
14
13
12
10
8
7
6
4
3
1
0
0
-1
-3
-3
-3
-3
-3
-4
-6
-7
-6
-8
-7
-7
-7
-8
-9
-10
-11
-11
-13
-12
-13
-13
-14
-14
-15
-15
-16
-15
-13
-13
-14
-15
-14
-14
-13
-14
-13
-13
-12
-13
-13
-11
-11
-10
-10
-9
-7
-7
-4
-5
-4
-3
-1
1
4
5
7
7
8
8
9
10
11
12
13
13
14
15
14
15
14
14
13
14
14
14
16
15
16
15
13
12
11
12
11
11
11
8
8
7
5
4
3
1
1
1
1
2
0
0
1
0
0
-1
0
-1
-2
-4
-5
-6
-7
-7
-8
-9
-7
-9
-8
-9
-9
-11
-11
-12
-10
-11
-10
-10
-10
-10
-10
-10
-10
-12
-12
-11
-11
-12
-10
-11
-11
-10
-10
-9
-10
-10
-10
-9
-10
-10
-9
-8
-6
-5
-4
-2
-1
-1
0
1
1
1
2
4
4
5
6
5
7
8
7
8
9
10
11
12
13
13
14
14
13
14
15
14
15
14
16
15
15
15
14
14
14
14
15
14
14
13
13
11
10
9
8
7
8
8
7
5
5
4
2
2
0
-1
-1
-2
-2
-4
-4
-5
