1
1
1
1
1
-1
0
-1
-1
-1
-2
-2
-2
-3
-3
-1
-3
-3
-3
-3
-3
-4
-4
-4
-5
-5
-5
-5
-5
-5
-4
-5
-5
-5
-5
-6
-6
-6
-6
-5
-6
-5
-6
-6
-6
-6
-5
-4
-4
-3
-2
-1
-1
-2
-2
0
0
0
1
2
1
1
2
2
2
4
4
4
5
4
5
5
4
3
4
3
3
2
2
3
3
3
3
3
4
4
6
6
5
6
4
5
6
5
5
5
5
5
4
4
3
4
6
4
4
5
4
4
4
2
0
1
0
2
1
2
2
0
1
2
1
2
0
0
1
1
2
3
1
1
0
1
2
0
1
0
-1
-1
-2
-1
-1
-1
-2
-3
-2
-3
-3
-4
-4
-4
-3
-4
-5
-5
-5
-5
-5
-6
-4
-4
-3
-3
-2
-2
-3
-4
-3
-3
-3
-2
-3
-3
-3
-4
-5
-4
-3
-5
-6
-5
-5
-4
-3
-5
-4
-5
-5
-3
-3
-2
0
-1
-2
-1
-1
-1
1
1
1
1
0
-1
0
-1
-1
0
0
-1
0
-1
-1
-2
-3
-3
-2
-2
-1
0
1
0
-1
-2
-1
-2
1
2
3
4
4
5
3
3
3
3
4
5
5
6
6
5
5
4
5
4
7
8
7
8
7
7
7
7
7
9
9
9
9
8
8
7
8
8
8
7
8
7
7
5
4
3
2
3
4
3
3
1
1
0
-1
-1
-1
-2
-2
-2
-2
-3
-4
-6
-6
-6
-6
-6
-5
-4
-5
-5
-7
-6
-6
-6
-6
-5
-5
-6
-5
-6
-8
-6
-5
-6
-5
-6
-5
-7
-8
-7
-7
-8
-8
-7
-6
-7
-6
-5
-5
-4
-5
-2
-3
-2
-2
-1
-2
-2
-2
-1
-2
-1
-1
-1
-1
-1
0
0
0
2
1
2
3
2
3
3
2
2
3
4
6
4
4
5
4
3
3
4
3
4
5
5
5
4
4
3
4
5
5
4
4
5
4
2
3
2
3
4
4
5
3
3
2
1
1
0
1
0
0
1
1
1
1
1
-1
1
1
0
0
1
0
-1
-1
-2
-2
-3
-2
-1
-1
-2
-4
-3
-4
-5
-4
-5
-4
-4
-3
-3
-2
-3
-2
-2
-2
-1
-3
-1
-2
-2
-2
-2
-2
-2
-1
-1
-3
-2
-3
-3
-3
-4
-4
-3
-2
-1
-1
0
0
1
0
0
1
2
3
2
2
2
2
2
2
4
3
5
4
3
2
3
2
1
2
2
3
2
1
1
0
-1
0
0
0
0
1
1
1
2
1
0
1
1
1
1
0
-1
-1
-1
1
1
-1
-1
-1
-1
0
0
0
-1
-3
-3
-1
-1
-1
1
1
1
0
-1
-1
-2
-2
0
0
1
2
2
2
3
3
2
2
1
3
1
2
2
2
1
-1
-1
0
1
1
1
0
-2
-2
-3
-3
-2
-2
-1
-1
-1
-1
-2
-2
-1
-2
1
1
1
1
-1
0
0
0
0
-1
2
1
1
2
1
2
1
1
1
0
1
1
2
1
2
2
1
1
0
-1
0
0
1
1
1
0
0
-2
-3
-4
-4
-6
-5
-4
-4
-3
-5
-5
-6
-7
-7
-6
-5
-5
-4
-4
-6
-3
-6
-7
-6
-5
-4
-3
-2
-2
-3
-3
-3
-4
-4
-3
-2
0
1
2
1
1
0
0
2
3
5
5
6
6
7
4
4
5
6
7
8
8
8
8
7
7
7
6
7
9
8
8
7
6
6
6
5
5
5
5
4
5
3
1
2
-1
-1
-1
0
1
1
1
-1
0
0
0
1
0
2
1
1
1
0
-1
0
1
2
2
1
-1
-2
-3
-3
-5
-5
-5
-5
-6
-5
-8
-8
-9
-9
-9
-8
-7
-6
-5
-5
-6
-4
-5
-4
-6
-5
-3
-2
-1
-2
-1
-2
-3
-2
-2
0
-1
-1
0
-1
0
0
-1
-2
-1
0
0
2
2
-1
0
-1
-1
-1
-2
-2
-2
0
0
-1
-1
-1
-1
0
0
2
1
2
1
1
1
0
0
-1
0
1
1
2
2
0
0
1
1
2
2
3
2
2
2
3
1
1
1
3
4
4
5
4
3
3
4
4
4
3
4
4
5
4
6
5
4
6
6
5
7
5
6
6
6
7
8
8
7
7
6
6
4
4
3
3
3
3
3
2
-1
-3
-4
-4
-5
-4
-5
-5
-4
-4
-6
-6
-7
-6
-5
-3
-2
-1
0
0
0
-1
-2
-1
0
0
-1
0
-2
-4
-5
-6
-7
-9
-9
-8
-7
-7
-6
-8
-8
-9
-9
-8
-9
-8
-8
-9
-9
-9
-9
-9
-9
-8
-6
-5
-7
-7
-7
-8
-7
-6
-4
-2
-2
-2
-1
0
0
0
3
4
4
5
7
7
7
6
4
4
2
2
1
3
3
5
6
5
5
4
4
4
5
6
7
8
8
9
10
11
10
11
11
12
13
13
12
12
10
9
9
9
9
8
8
8
7
5
4
2
2
1
1
1
0
-1
-1
-3
-2
-3
-4
-3
-4
-4
-4
-5
-4
-4
-5
-4
-3
-2
0
0
0
-1
-1
-2
-4
-4
-3
-3
-3
-1
1
0
0
-2
-2
-3
-5
-4
-4
-4
-5
-6
-5
-6
-7
-7
-7
-6
-7
-6
-6
-9
-9
-9
-10
-6
-8
-7
-5
-5
-5
-7
-7
-8
-8
-7
-6
-5
-4
-5
-3
-1
0
0
-1
-1
-3
-4
-4
-6
-5
-7
-6
-3
-2
0
0
0
-2
-3
-3
-4
-3
-4
0
4
4
8
12
11
12
14
11
10
13
13
13
17
17
15
17
18
18
17
19
17
16
16
14
10
10
8
5
6
6
5
4
5
6
2
1
-1
-2
-2
-3
-3
0
-1
0
2
2
1
0
-1
-3
0
-1
-2
5
3
-1
-2
0
-5
-9
-6
-6
-7
-6
-6
-6
-6
-12
-13
-9
-13
-13
-11
-9
-11
-15
-13
-13
-15
-14
-13
-8
-7
-8
-6
-6
-3
-5
-4
-1
1
2
3
7
6
0
-1
2
-1
-5
-5
-1
-4
-4
-2
-2
-3
-3
-5
-1
1
-6
-4
0
-4
-6
2
2
1
5
6
6
5
3
-2
-3
-5
-9
-8
-4
-3
0
-2
1
0
-4
-5
-3
-6
-7
-2
4
4
5
10
8
13
12
12
12
13
13
10
11
11
6
3
7
6
5
7
7
3
0
1
-3
-6
-3
-4
-2
3
7
9
11
15
18
17
18
19
16
14
12
14
8
6
8
5
3
2
-1
-6
-11
-14
-18
-24
-18
-15
-18
-10
-5
-6
-6
1
2
-3
2
7
9
9
10
15
14
10
11
11
7
7
9
2
3
4
-7
-7
0
-11
-16
-9
-9
-20
-19
-15
-20
-22
-18
-18
-17
-16
-17
-11
-7
-9
-9
-3
-7
-7
-7
-10
-8
-5
-13
-6
1
-6
-6
-1
2
-4
-4
2
-3
-5
-3
-4
0
-4
-7
-1
-2
-4
-9
-6
-5
-12
-10
-1
-4
-2
-1
3
11
7
4
9
11
8
13
22
23
24
29
29
31
29
24
26
22
18
12
10
13
-2
-9
-4
-9
-13
-11
-10
-5
-12
-10
0
-9
-7
-2
-1
4
10
15
20
23
28
21
22
26
17
20
19
12
12
1
0
0
-16
-15
-9
-27
-29
-20
-26
-28
-22
-21
-19
-17
-13
-9
-6
-3
-3
5
8
8
16
14
20
23
10
12
16
2
2
4
-4
-3
-8
-9
-13
-29
-27
-28
-39
-30
-24
-30
-16
-15
-13
-4
-9
1
2
4
16
11
17
21
16
21
14
21
19
7
20
15
5
11
5
-4
-7
-15
-10
-16
-17
-13
-18
-11
-16
-17
-4
-2
-6
-2
-1
-3
-4
1
2
6
6
5
20
18
13
20
15
12
15
6
9
10
8
1
7
3
-13
-6
-12
-21
-10
-13
-16
-6
-14
-16
-8
-9
-12
-4
-4
-1
3
7
17
12
16
19
16
22
21
12
27
18
14
23
17
18
4
8
-1
-6
-3
-11
-9
-2
-16
-13
1
-9
-13
-9
-5
-14
0
-4
-6
4
-2
-5
7
4
-4
4
5
-4
-1
6
0
1
7
-9
-10
-5
-27
-15
-14
-31
-17
-22
-21
-17
-25
-16
-20
-25
-15
-18
-14
-15
-7
-2
0
10
4
8
15
-4
3
10
-3
19
12
5
24
5
2
20
7
5
15
20
8
17
13
1
10
-4
-12
5
-5
-8
4
-1
-5
0
4
-1
9
7
8
13
12
4
16
2
6
23
10
17
23
8
15
1
-8
10
-11
4
6
-12
4
-5
-20
-10
-21
-25
-27
-14
-12
-20
2
-12
-18
6
-7
-2
17
7
14
15
17
12
5
10
-4
2
17
17
13
30
10
18
17
-2
12
22
9
19
34
18
29
13
19
14
15
24
23
34
15
11
13
-6
2
6
-23
11
-5
-31
-4
-39
-38
-32
-58
-46
-38
-70
-43
-33
-55
-47
-59
-41
-59
-35
-28
-54
1
-21
-44
4
-20
-36
-13
-37
-12
-15
-13
-12
-19
-7
-51
-23
-9
-48
0
-7
-33
16
-17
-31
9
-7
-4
29
32
35
53
53
44
57
76
59
67
109
84
98
115
71
101
88
54
101
73
79
100
57
78
59
39
60
28
48
36
15
49
1
3
16
-19
4
-1
-29
-5
-23
-44
-37
-61
-66
-51
-77
-58
-68
-90
-83
-103
-99
-111
-115
-118
-148
-107
-105
-151
-84
-114
-112
-101
-122
-70
-65
-103
-59
-53
-77
-64
-53
-46
-60
-7
-29
-11
9
-3
-18
2
8
6
17
40
58
43
65
74
84
91
119
132
146
163
165
170
176
179
194
205
220
241
250
241
244
216
196
194
174
160
167
140
117
107
62
39
10
-20
-31
-47
-62
-71
-106
-139
-151
-190
-219
-193
-220
-205
-203
-208
-214
-209
-216
-262
-231
-225
-293
-179
-210
-251
-168
-252
-224
-201
-238
-185
-179
-167
-151
-144
-110
-134
-101
-105
-111
-35
-64
-23
76
2
33
74
19
85
86
83
167
165
186
224
234
238
245
258
265
296
317
331
359
393
377
386
404
360
377
348
315
354
308
321
322
244
233
161
115
85
37
39
12
-5
-22
-81
-117
-165
-239
-241
-266
-277
-225
-238
-248
-246
-286
-327
-307
-352
-345
-296
-294
-293
-251
-279
-384
-328
-358
-369
-312
-290
-294
-259
-227
-254
-236
-223
-248
-215
-156
-172
-59
-63
-59
0
-56
-29
-9
-1
56
73
103
128
131
167
124
140
166
159
211
252
289
314
330
314
293
300
298
348
373
424
472
444
473
443
393
395
354
360
381
372
381
315
284
220
123
109
56
25
36
5
0
-45
-104
-168
-226
-258
-301
-252
-267
-271
-230
-285
-307
-353
-359
-391
-388
-310
-361
-284
-273
-391
-302
-355
-412
-360
-353
-291
-297
-243
-228
-260
-228
-275
-258
-189
-216
-162
-57
-93
-42
-15
-91
-10
-60
-34
40
38
98
91
93
79
72
65
82
113
142
164
223
229
238
277
258
252
295
282
318
391
355
433
431
403
444
432
433
433
416
384
410
388
363
354
302
241
185
161
98
78
57
3
4
-50
-83
-106
-192
-194
-236
-259
-212
-254
-243
-222
-252
-253
-274
-280
-305
-289
-256
-272
-194
-220
-250
-203
-280
-267
-260
-269
-238
-238
-204
-225
-212
-219
-285
-237
-282
-242
-204
-210
-128
-179
-128
-189
-206
-158
-197
-150
-106
-100
-40
-37
-45
-11
-67
-25
-83
16
63
55
142
116
99
127
92
138
173
121
287
289
312
367
310
296
284
290
295
371
411
412
465
498
443
429
409
328
382
372
373
466
399
356
325
219
191
147
91
109
91
84
76
39
-41
-120
-184
-234
-217
-222
-192
-163
-195
-195
-242
-284
-295
-332
-288
-271
-234
-208
-201
-192
-268
-271
-288
-311
-276
-265
-247
-247
-241
-293
-301
-303
-415
-312
-348
-363
-243
-304
-283
-226
-365
-218
-303
-279
-99
-300
-19
-71
-87
74
-115
95
4
-91
258
-29
150
257
-23
284
83
84
218
21
207
142
114
323
154
252
308
141
311
249
233
372
289
389
418
386
509
442
436
464
372
435
455
391
508
437
367
448
250
277
271
92
229
118
124
183
2
45
-83
-160
-124
-260
-171
-204
-241
-142
-312
-244
-293
-447
-333
-420
-375
-296
-381
-293
-343
-406
-361
-444
-382
-414
-402
-297
-383
-279
-343
-377
-308
-419
-312
-302
-289
-157
-248
-125
-214
-172
-105
-217
-18
-80
13
36
44
82
23
124
61
-28
253
84
91
308
76
147
143
82
103
96
211
98
174
249
63
235
138
105
311
112
240
300
202
308
263
328
318
393
396
435
532
457
476
454
417
441
396
437
435
371
392
279
279
195
96
122
-23
25
-19
-109
-59
-250
-228
-295
-414
-297
-417
-339
-319
-417
-287
-398
-416
-396
-471
-388
-381
-361
-274
-301
-279
-289
-345
-286
-326
-321
-255
-212
-255
-119
-254
-187
-202
-301
-167
-232
-102
-145
-63
-93
-70
-75
-38
-129
38
-82
13
146
-65
196
49
37
90
31
92
94
55
144
36
146
66
20
142
-4
91
78
62
196
48
133
189
112
207
234
148
257
258
179
348
290
311
369
331
396
433
350
416
346
337
357
294
385
322
294
315
162
229
130
53
125
-26
59
19
-38
8
-128
-143
-149
-239
-153
-174
-177
-139
-199
-162
-214
-245
-242
-277
-231
-213
-178
-153
-165
-155
-259
-246
-202
-354
-157
-256
-252
-109
-318
-111
-307
-206
-262
-333
-38
-374
-103
-122
-290
-112
-246
-285
-73
-353
-52
-106
-206
86
-233
-34
-137
-144
-129
-53
-121
-6
-60
19
-100
-3
-29
-202
77
-94
-51
112
46
11
76
94
-33
224
144
113
362
133
329
318
269
394
380
367
517
472
598
535
552
578
473
570
519
564
578
494
489
440
345
303
216
213
149
117
138
86
-11
-45
-127
-189
-193
-200
-216
-204
-205
-249
-222
-313
-293
-378
-333
-278
-375
-160
-330
-226
-242
-371
-276
-340
-287
-349
-225
-200
-367
-110
-331
-354
-272
-277
-485
-166
-223
-515
12
-375
-358
-77
-466
-130
-233
-370
127
-415
6
-73
-288
71
-268
-38
-16
-155
86
-11
-72
203
-160
197
94
-141
387
-52
91
372
-36
326
264
135
439
293
335
373
358
361
399
406
456
505
451
583
533
579
619
410
630
434
454
612
365
570
353
279
372
100
208
81
22
96
-98
2
-62
-220
-193
-289
-349
-291
-362
-296
-289
-337
-303
-348
-412
-365
-415
-362
-365
-260
-261
-351
-160
-386
-410
-211
-400
-438
-93
-301
-401
51
-470
-263
-164
-560
-124
-426
-229
-118
-370
-50
-194
-233
-163
-195
-24
-230
64
38
-21
97
62
60
65
94
54
171
84
179
231
-12
304
110
-14
276
69
45
212
185
37
260
117
50
269
140
199
322
168
219
335
230
300
425
300
431
480
405
569
487
450
474
389
465
405
413
412
296
243
154
145
0
-5
-34
-130
-93
-138
-153
-259
-279
-324
-417
-331
-336
-373
-202
-341
-289
-171
-463
-134
-361
-357
-80
-327
-147
-67
-286
-107
-236
-352
-32
-374
-280
114
-568
14
-173
-488
27
-495
-266
-144
-474
69
-291
-243
179
-566
104
-115
-263
80
-78
-49
234
-210
315
125
-312
509
-252
197
267
-246
392
42
-140
326
-166
147
135
-141
218
93
50
135
3
219
46
45
397
6
245
298
-30
469
149
231
515
150
554
419
410
517
412
368
387
404
381
408
381
274
247
181
85
35
53
-66
-29
24
-155
20
-162
-267
-162
-346
-231
-255
-73
-223
-123
-85
-236
-188
-231
-126
-513
236
-489
15
51
-394
88
-408
-272
-31
-592
82
-340
-243
9
-616
201
-767
-177
-193
-646
81
-266
-331
45
-206
-270
-139
-37
-311
6
27
-27
-63
211
-34
-191
234
-172
-34
33
197
-210
201
17
-206
231
-226
-85
207
-197
210
-34
68
167
-162
331
-130
255
247
-37
456
150
250
333
230
470
236
494
437
483
543
389
486
401
374
411
432
350
330
282
162
139
120
-14
54
6
-55
70
-95
-56
-127
-229
-150
-242
-130
-63
-114
92
-198
-18
37
-500
212
-409
-56
52
-366
368
-442
-113
73
-661
-10
-406
-167
-189
-513
320
-772
-272
-69
-833
-184
-220
-454
-85
-140
-283
-51
-308
-167
-159
-151
-123
47
86
-167
92
181
-309
61
133
-375
278
-55
62
-52
113
-164
-133
15
-272
158
-183
54
-58
22
-22
-53
83
21
44
195
31
249
179
115
350
139
382
337
326
572
392
455
463
373
354
412
407
319
469
238
328
184
168
105
44
133
-44
96
42
-11
-118
-58
-170
-193
-43
-168
40
-77
86
-140
35
-53
-325
119
-202
-61
207
-379
350
-200
-414
254
-464
-245
-146
-16
-438
-100
61
-614
-357
104
-817
-371
391
-939
-45
264
-780
-111
144
-641
-232
224
-314
-241
245
-28
-347
121
-111
-151
10
-68
36
104
-102
-54
162
-276
80
-160
-14
80
-145
142
-35
-60
49
-51
-51
302
12
53
324
129
74
288
277
227
399
400
385
595
449
324
597
348
349
589
426
410
450
358
219
300
135
163
141
73
161
32
103
-113
-198
62
-314
-157
121
-299
149
-67
-277
0
-140
-325
-218
81
-305
-10
-168
0
-263
-348
81
-908
338
-619
-242
-83
-416
-298
-312
-551
-441
-211
-765
121
-679
-12
-268
-536
-26
-426
-465
218
-693
238
24
-505
559
-595
310
-195
-175
393
-337
350
101
-106
210
-11
-199
336
-129
-79
420
-281
239
2
-29
54
-72
241
48
197
341
-9
376
296
15
557
363
319
673
476
484
732
275
645
484
428
703
367
654
446
188
475
130
82
312
-69
244
35
10
50
-306
27
-370
-230
-16
-306
-11
-70
-293
-105
-77
-603
-34
-215
-373
21
-195
-193
-108
-453
-207
-440
-318
-332
-417
-91
-432
-431
-219
-605
-542
-144
-983
205
-640
-164
-235
-373
-112
-565
-77
-238
-326
79
-19
-197
379
-390
121
6
18
-95
281
114
-76
325
-15
68
-42
84
-18
108
116
-16
182
35
-2
18
90
128
164
209
239
370
193
315
360
399
437
435
639
600
564
552
465
588
411
458
589
438
512
327
302
283
60
127
38
21
72
-69
-42
-72
-222
-251
-312
-207
-236
-186
-86
-98
-159
-218
-215
-276
-239
-213
-213
-146
-28
-172
-343
-21
-449
-507
-80
-523
-369
-175
-542
-233
-472
-507
-410
-591
-225
-488
-244
-220
-386
-193
-323
-312
-67
-399
37
77
-177
178
106
-41
157
39
89
209
146
219
206
236
100
164
117
129
103
228
85
244
223
22
275
289
18
370
249
192
504
288
454
427
497
442
422
668
433
456
607
360
473
469
276
354
246
80
145
84
-8
-60
-87
-150
-280
-215
-361
-427
-323
-453
-435
-263
-324
-396
-227
-332
-344
-335
-314
-261
-253
-218
-193
-185
-113
-240
-335
-45
-392
-223
-138
-324
-176
-216
-347
-302
-388
-298
-349
-329
-103
-363
-125
-166
-271
-78
-181
-360
166
-36
-96
175
86
64
65
143
79
56
248
214
92
366
130
79
291
144
104
357
41
417
270
98
502
272
238
379
354
443
421
485
653
372
723
537
533
911
468
511
755
401
527
459
381
461
177
193
137
0
-33
-259
-155
-198
-414
-325
-409
-456
-594
-629
-517
-590
-548
-442
-458
-464
-329
-508
-527
-209
-443
-491
-131
-365
-241
-234
-353
-249
-449
-356
-361
-357
-279
-455
-329
-289
-524
-235
-675
-46
-432
-499
99
-281
-454
117
-128
-264
15
90
-45
-23
443
-268
197
368
-255
152
356
-71
392
120
116
245
143
95
157
390
233
252
762
426
376
645
334
593
754
708
867
1085
838
978
1016
872
816
833
787
852
948
752
654
584
268
119
218
100
-53
-14
-201
-231
-366
-609
-567
-803
-783
-723
-707
-529
-534
-810
-734
-573
-685
-811
-433
-353
-720
-290
-327
-520
-321
-439
-617
-356
-294
-567
-487
-365
-534
-676
-642
-669
-352
-722
-869
-188
-461
-833
-437
-257
-501
-465
-120
-168
-228
172
-177
-225
242
69
-184
242
577
22
-151
574
348
-119
368
515
237
431
659
738
730
714
578
576
941
1047
983
1156
1551
1351
998
1459
1619
1032
1076
1469
1377
1150
1312
1132
757
729
430
299
463
362
-41
-77
57
-308
-744
-706
-721
-987
-999
-836
-815
-963
-1125
-1091
-1046
-1032
-993
-870
-786
-715
-715
-852
-528
-764
-825
-574
-604
-462
-521
-543
-454
-753
-820
-775
-673
-906
-880
-647
-982
-1170
-580
-1117
-1362
-130
-1000
-1274
98
-258
-1332
-295
164
-971
-389
755
-289
-265
907
107
44
830
553
328
786
1014
1130
1247
1405
1365
928
1136
1625
1677
1461
1909
2143
1464
1697
2268
1655
1282
1741
1515
1355
1765
1568
1187
1012
798
429
438
701
380
110
202
-35
-308
-586
-726
-745
-1057
-1012
-811
-864
-1067
-1200
-1235
-1369
-1301
-956
-1050
-998
-631
-994
-1163
-699
-656
-1068
-816
-416
-665
-772
-452
-632
-829
-769
-1146
-925
-644
-1020
-1174
-1010
-1122
-1612
-1546
-1123
-1052
-1290
-1345
-1128
-809
-1157
-1324
-552
-680
-710
-346
-225
-107
171
60
-79
564
1009
639
849
1858
1777
1251
1305
1793
1911
1827
2175
2592
2387
2285
2328
2262
2479
2368
1938
1837
2191
2065
1469
1392
1550
886
211
575
667
240
-24
-68
-161
-512
-637
-798
-934
-884
-1062
-1069
-759
-926
-1162
-1088
-940
-902
-886
-640
-604
-587
-499
-613
-540
-349
-431
-513
-412
-314
-444
-584
-479
-501
-705
-860
-918
-1011
-1183
-1241
-1256
-1536
-1673
-1509
-1644
-1914
-1665
-1448
-2004
-1906
-1337
-1465
-1706
-1271
-972
-1044
-764
-549
-635
-260
178
65
271
872
1389
1518
1353
1396
1760
1848
1948
2352
2724
2620
2483
2562
2694
2917
2684
2241
2333
2505
2108
1902
2075
1743
1048
616
482
572
467
-34
-358
-334
-521
-925
-1018
-947
-1209
-1459
-1239
-977
-940
-1131
-1185
-1046
-866
-580
-409
-311
-165
-90
-89
-63
218
329
35
64
358
203
-10
32
22
-270
-544
-514
-658
-925
-1092
-1295
-1478
-1658
-1829
-1856
-1923
-1990
-2019
-2100
-2021
-2067
-2119
-1782
-1539
-1625
-1610
-1215
-920
-820
-453
-167
-268
88
895
1491
1627
1404
1307
1685
2172
2446
2718
3008
2944
2567
2639
3178
3275
2681
2188
2318
2403
2027
1916
1839
1188
455
162
277
365
-34
-714
-1092
-1023
-1173
-1558
-1570
-1569
-1848
-1910
-1659
-1266
-1256
-1657
-1533
-962
-574
-409
-158
63
-12
-32
211
550
953
955
730
869
953
694
591
692
540
197
9
-153
-341
-546
-1028
-1423
-1461
-1596
-1860
-1858
-1871
-2115
-2441
-2582
-2487
-2252
-2056
-2019
-1855
-1583
-1516
-1404
-1067
-690
-409
-232
197
1253
1908
1470
1044
1483
2078
2301
2637
3198
3414
3061
2651
2978
3579
3235
2476
2403
2729
2568
2004
1742
1581
941
76
-153
279
253
-668
-1394
-1404
-1469
-1922
-2273
-2181
-2145
-2429
-2530
-2165
-1865
-2093
-2401
-1963
-1180
-795
-704
-500
-172
-82
-86
339
1046
1333
1119
1066
1415
1508
1291
1275
1324
1059
682
554
585
286
-315
-790
-976
-1083
-1362
-1613
-1704
-1934
-2376
-2610
-2447
-2255
-2412
-2557
-2294
-1978
-1848
-1609
-1174
-878
-811
-494
293
1288
1777
1567
1345
1841
2536
2866
3156
3582
3712
3363
3216
3686
4059
3614
2898
2652
2781
2624
2197
1882
1509
857
77
-231
-29
-218
-1075
-1780
-1859
-1834
-2180
-2591
-2739
-2860
-3016
-2976
-2635
-2351
-2517
-2822
-2549
-1728
-1125
-1041
-1026
-789
-571
-320
196
810
1047
864
776
1125
1499
1517
1386
1260
1046
807
719
701
492
-20
-522
-790
-897
-1144
-1466
-1665
-1911
-2250
-2427
-2348
-2323
-2560
-2733
-2544
-2131
-1804
-1559
-1249
-1087
-1122
-770
395
1629
1864
1403
1411
2187
2928
3359
3829
4226
4114
3784
4024
4805
5057
4265
3405
3312
3517
3280
2818
2488
1937
903
83
96
330
-273
-1452
-2070
-2022
-2147
-2672
-3114
-3311
-3499
-3638
-3424
-2942
-2792
-3157
-3374
-2851
-2004
-1502
-1330
-1132
-855
-681
-376
287
922
1032
853
945
1321
1614
1677
1572
1338
1059
841
736
626
262
-276
-712
-932
-1079
-1300
-1647
-2098
-2484
-2682
-2702
-2606
-2632
-2912
-3074
-2856
-2385
-1918
-1600
-1489
-1452
-1041
-12
1192
1680
1385
1246
1883
2836
3508
3937
4198
4213
4112
4281
4934
5382
4885
3953
3639
3931
3990
3527
2891
2236
1431
707
536
695
241
-933
-1852
-1969
-1944
-2369
-3020
-3404
-3521
-3593
-3552
-3258
-3045
-3262
-3534
-3225
-2362
-1669
-1515
-1520
-1283
-903
-539
43
748
991
756
684
1119
1630
1817
1673
1448
1238
1040
895
779
542
67
-512
-882
-987
-1080
-1414
-1933
-2383
-2642
-2732
-2757
-2823
-3008
-3177
-3061
-2679
-2274
-2066
-2060
-1871
-1123
55
759
750
657
1101
1939
2763
3459
3952
4073
3924
4044
4726
5417
5400
4787
4267
4200
4285
4184
3828
3251
2399
1507
1091
1122
924
96
-913
-1480
-1710
-2034
-2550
-2976
-3240
-3510
-3693
-3598
-3377
-3376
-3594
-3603
-3099
-2390
-1991
-1872
-1612
-1255
-1002
-612
113
738
854
721
815
1242
1646
1745
1641
1488
1304
1064
881
793
594
133
-461
-824
-916
-1112
-1539
-1964
-2234
-2448
-2639
-2751
-2828
-2946
-2987
-2819
-2464
-2169
-2186
-2114
-1452
-296
423
417
310
683
1367
2113
2972
3694
3848
3520
3474
4180
5058
5239
4714
4198
4101
4184
4204
4087
3690
2827
1791
1340
1489
1429
676
-354
-1017
-1374
-1722
-2134
-2491
-2865
-3315
-3622
-3553
-3331
-3371
-3664
-3771
-3373
-2742
-2371
-2209
-1984
-1738
-1484
-983
-195
407
529
469
618
1051
1513
1775
1777
1611
1419
1258
1171
1097
925
517
-16
-413
-605
-834
-1253
-1667
-2010
-2285
-2488
-2649
-2819
-2979
-3005
-2875
-2646
-2437
-2457
-2403
-1866
-757
99
238
105
347
1011
1816
2705
3537
3890
3691
3524
4048
4964
5417
5099
4499
4266
4327
4391
4275
3942
3226
2212
1550
1571
1688
1151
66
-825
-1284
-1564
-1912
-2239
-2565
-3040
-3512
-3622
-3361
-3254
-3570
-3870
-3585
-2937
-2552
-2463
-2301
-2043
-1822
-1405
-642
54
211
-4
26
537
1156
1426
1386
1279
1171
1057
1007
1032
948
576
69
-231
-284
-465
-900
-1362
-1712
-1998
-2225
-2365
-2511
-2687
-2775
-2683
-2480
-2408
-2527
-2425
-1771
-794
-240
-190
-200
161
772
1475
2349
3144
3425
3202
3192
3896
4805
5163
4889
4500
4404
4469
4509
4495
4268
3578
2624
2064
2094
2125
1606
661
-210
-831
-1254
-1574
-1807
-2141
-2701
-3252
-3434
-3264
-3174
-3384
-3576
-3397
-3003
-2705
-2510
-2273
-2043
-1871
-1508
-820
-125
115
-32
-67
288
863
1225
1240
1105
976
856
755
764
744
423
-128
-522
-585
-628
-920
-1378
-1804
-2085
-2291
-2427
-2505
-2565
-2596
-2601
-2534
-2495
-2462
-2187
-1496
-745
-477
-543
-409
81
619
1175
1961
2712
2927
2728
2835
3541
4273
4462
4227
4075
4148
4204
4161
4105
3915
3314
2561
2210
2310
2291
1760
956
224
-339
-756
-1033
-1201
-1481
-2005
-2559
-2825
-2805
-2800
-2940
-2995
-2830
-2619
-2515
-2403
-2161
-1919
-1709
-1304
-677
-141
31
-19
77
448
919
1207
1243
1175
1090
976
881
865
823
543
58
-336
-518
-630
-885
-1323
-1759
-2080
-2280
-2438
-2579
-2642
-2650
-2679
-2769
-2801
-2551
-1964
-1269
-920
-943
-883
-412
193
688
1245
1914
2381
2434
2486
2959
3611
3895
3738
3584
3680
3816
3808
3690
3529
3169
2579
2106
2037
2099
1818
1191
538
12
-444
-809
-1009
-1163
-1454
-1907
-2263
-2394
-2453
-2579
-2663
-2522
-2285
-2170
-2147
-2050
-1891
-1749
-1467
-921
-345
-97
-174
-212
64
561
971
1117
1067
1003
989
979
1012
1062
966
628
229
27
-16
-142
-521
-1039
-1464
-1692
-1805
-1909
-2034
-2159
-2290
-2466
-2645
-2618
-2223
-1504
-960
-943
-1190
-1107
-539
74
580
1152
1699
1905
1848
2108
2827
3419
3403
3092
3082
3352
3512
3440
3310
3084
2572
1970
1723
1886
1891
1368
637
80
-312
-726
-1028
-1118
-1243
-1627
-2105
-2295
-2222
-2230
-2425
-2516
-2303
-2046
-1949
-1872
-1667
-1517
-1466
-1184
-557
30
137
-55
-41
344
855
1151
1178
1075
949
847
818
949
1050
858
414
56
-59
-104
-286
-625
-990
-1296
-1501
-1609
-1696
-1813
-1950
-2044
-2113
-2202
-2108
-1642
-949
-605
-793
-990
-679
-72
403
840
1432
1866
1816
1712
2192
3023
3380
3076
2792
2983
3264
3242
3076
3002
2727
2064
1488
1523
1862
1685
898
127
-302
-650
-1066
-1255
-1249
-1472
-2089
-2607
-2584
-2353
-2414
-2685
-2649
-2300
-2067
-2015
-1839
-1548
-1479
-1486
-1026
-122
477
342
-18
57
570
1067
1336
1454
1417
1130
770
720
999
1130
787
283
31
-58
-264
-594
-879
-1152
-1494
-1773
-1826
-1777
-1862
-2066
-2198
-2260
-2301
-2129
-1469
-647
-362
-679
-871
-440
204
680
1200
1870
2226
2019
1909
2532
3404
3598
3139
2893
3150
3400
3309
3155
3083
2672
1859
1331
1583
2004
1683
755
-21
-409
-788
-1196
-1314
-1255
-1534
-2262
-2751
-2617
-2351
-2496
-2815
-2742
-2379
-2181
-2127
-1895
-1592
-1576
-1620
-1149
-236
347
243
0
167
643
1034
1268
1485
1578
1342
942
842
1095
1211
899
458
210
25
-303
-654
-855
-1046
-1432
-1881
-2092
-2090
-2123
-2265
-2380
-2468
-2587
-2523
-1936
-1018
-510
-696
-989
-762
-131
548
1224
1898
2244
2103
2021
2572
3457
3890
3648
3317
3308
3454
3512
3495
3405
2913
2052
1442
1548
1935
1758
922
15
-585
-986
-1277
-1350
-1363
-1691
-2389
-2894
-2810
-2477
-2436
-2668
-2713
-2478
-2242
-2070
-1792
-1449
-1323
-1314
-959
-206
422
496
321
402
806
1223
1474
1648
1737
1565
1165
936
1094
1294
1118
655
259
-18
-364
-752
-975
-1067
-1332
-1864
-2328
-2464
-2425
-2479
-2638
-2752
-2842
-2863
-2570
-1784
-953
-719
-1025
-1168
-694
127
919
1577
2045
2202
2171
2429
3187
3970
4177
3823
3494
3513
3714
3836
3789
3464
2719
1869
1510
1770
1964
1464
451
-469
-1010
-1333
-1545
-1644
-1835
-2360
-3034
-3287
-2968
-2595
-2652
-2916
-2897
-2576
-2222
-1916
-1574
-1281
-1157
-969
-437
312
783
800
742
963
1414
1800
2025
2116
1990
1645
1332
1359
1580
1536
1066
491
106
-151
-447
-762
-1035
-1383
-1912
-2447
-2694
-2683
-2746
-3030
-3297
-3343
-3290
-3184
-2785
-1985
-1229
-1071
-1302
-1229
-556
311
966
1515
2068
2452
2575
2827
3563
4380
4629
4267
3930
3995
4184
4187
4001
3679
3058
2239
1718
1743
1828
1304
254
-698
-1213
-1505
-1809
-2089
-2378
-2846
-3444
-3732
-3434
-2954
-2855
-3120
-3224
-2909
-2405
-1934
-1510
-1158
-955
-759
-270
528
1201
1380
1228
1258
1727
2346
2681
2626
2339
1984
1694
1633
1786
1800
1308
461
-199
-391
-410
-675
-1250
-1916
-2483
-2882
-3063
-3055
-3107
-3442
-3884
-4027
-3739
-3337
-3030
-2686
-2086
-1456
-1143
-1016
-640
75
750
1255
1836
2572
3147
3374
3619
4209
4844
5019
4729
4459
4387
4331
4183
4021
3762
3121
2196
1511
1343
1282
762
-180
-1098
-1723
-2140
-2473
-2714
-2952
-3349
-3828
-3979
-3629
-3140
-2987
-3152
-3186
-2822
-2185
-1504
-916
-564
-458
-266
332
1220
1900
2089
1989
2004
2341
2784
3045
2978
2647
2213
1860
1716
1661
1413
801
30
-533
-819
-1042
-1436
-2034
-2688
-3258
-3630
-3803
-3849
-3955
-4208
-4437
-4411
-4084
-3677
-3338
-2978
-2441
-1685
-983
-489
-135
329
936
1590
2331
3147
3852
4226
4419
4792
5319
5626
5467
5068
4756
4576
4461
4300
3953
3218
2150
1196
732
630
353
-395
-1409
-2332
-2937
-3248
-3365
-3480
-3715
-4013
-4133
-3919
-3536
-3262
-3131
-2914
-2423
-1748
-1077
-494
-15
308
590
1109
1875
2553
2840
2849
2872
3068
3360
3530
3437
3060
2531
2067
1785
1600
1241
581
-229
-947
-1424
-1757
-2105
-2632
-3320
-3968
-4401
-4550
-4572
-4639
-4817
-5006
-4959
-4612
-4109
-3686
-3440
-3178
-2618
-1588
-319
620
962
950
1204
1991
3135
4253
4984
5249
5170
5140
5447
5978
6291
5991
5200
4379
3925
3822
3640
3030
1931
701
-218
-641
-767
-1074
-1846
-2932
-3862
-4250
-4149
-3888
-3812
-4015
-4311
-4350
-3909
-3145
-2432
-2045
-1839
-1507
-832
119
1069
1736
2025
2151
2423
2966
3622
4049
4105
3884
3637
3524
3486
3337
2916
2271
1593
1030
591
96
-598
-1458
-2283
-2858
-3196
-3463
-3858
-4427
-5023
-5413
-5439
-5190
-4914
-4808
-4853
-4829
-4550
-3994
-3338
-2745
-2238
-1627
-747
409
1447
2082
2310
2517
3076
3962
4881
5498
5733
5715
5662
5755
5941
5997
5675
4912
4003
3278
2894
2622
2111
1185
-42
-1175
-1889
-2116
-2198
-2547
-3259
-4084
-4619
-4722
-4494
-4164
-3917
-3789
-3673
-3378
-2830
-2128
-1499
-1040
-610
-10
834
1740
2469
2859
3005
3160
3484
3934
4256
4271
4022
3707
3496
3330
3051
2561
1913
1223
556
-70
-678
-1297
-1970
-2690
-3355
-3888
-4242
-4516
-4791
-5049
-5229
-5247
-5131
-4911
-4631
-4324
-3984
-3566
-3021
-2402
-1812
-1262
-675
48
861
1717
2504
3097
3436
3575
3754
4078
4499
4841
4960
4855
4640
4491
4449
4351
3987
3305
2493
1792
1297
925
527
19
-616
-1306
-1929
-2350
-2571
-2714
-2917
-3188
-3412
-3496
-3393
-3120
-2733
-2336
-2009
-1691
-1255
-667
-56
434
780
1081
1442
1904
2420
2870
3100
3059
2863
2671
2549
2426
2225
1917
1543
1150
763
366
-110
-690
-1319
-1843
-2161
-2324
-2477
-2706
-2984
-3221
-3359
-3361
-3236
-3036
-2836
-2681
-2524
-2306
-1998
-1609
-1156
-666
-213
137
414
688
1004
1307
1547
1730
1900
2086
2268
2422
2510
2498
2386
2199
1976
1748
1517
1299
1092
872
595
275
-19
-258
-478
-748
-1071
-1381
-1615
-1734
-1746
-1685
-1649
-1677
-1694
-1586
-1301
-918
-551
-259
-29
215
534
947
1400
1780
2038
2209
2380
2575
2749
2854
2878
2859
2809
2725
2579
2330
1969
1522
1076
695
372
56
-304
-710
-1148
-1588
-1989
-2330
-2623
-2897
-3147
-3331
-3444
-3497
-3518
-3497
-3400
-3224
-2981
-2690
-2369
-2046
-1728
-1398
-1024
-604
-174
208
532
825
1123
1433
1719
1914
1979
1952
1928
1960
2013
2007
1854
1561
1227
953
777
635
445
165
-161
-435
-599
-667
-719
-818
-970
-1119
-1186
-1141
-1015
-872
-736
-580
-356
-67
246
530
764
962
1147
1356
1603
1857
2063
2209
2323
2419
2488
2516
2497
2415
2249
2021
1781
1565
1346
1081
765
434
113
-209
-545
-890
-1236
-1567
-1874
-2127
-2314
-2466
-2617
-2766
-2871
-2912
-2894
-2832
-2731
-2591
-2409
-2190
-1943
-1679
-1415
-1169
-934
-695
-458
-236
-40
152
356
561
746
876
944
958
942
905
857
808
747
663
552
439
332
241
166
100
26
-68
-157
-229
-275
-295
-283
-242
-171
-58
99
285
470
621
731
827
944
1086
1232
1370
1497
1611
1713
1804
1889
1938
1937
1883
1815
1762
1709
1637
1534
1407
1261
1091
904
704
475
200
-92
-367
-603
-811
-1006
-1187
-1368
-1552
-1729
-1893
-2032
-2140
-2206
-2251
-2265
-2242
-2169
-2062
-1933
-1785
-1626
-1461
-1296
-1146
-994
-844
-686
-538
-403
-273
-164
-63
29
126
207
250
246
220
205
203
197
174
141
98
46
0
-13
-1
1
-15
-32
-22
-1
32
100
205
323
425
513
597
701
823
951
1083
1216
1344
1458
1565
1671
1764
1812
1810
1766
1700
1611
1510
1413
1319
1216
1107
1002
896
761
574
343
108
-94
-249
-345
-412
-473
-568
-687
-822
-960
-1109
-1261
-1399
-1500
-1539
-1505
-1428
-1348
-1308
-1315
-1346
-1355
-1299
-1196
-1062
-923
-779
-635
-489
-362
-259
-185
-119
-52
14
61
62
22
-41
-99
-156
-211
-277
-341
-417
-500
-555
-587
-621
-685
-757
-791
-773
-703
-605
-487
-370
-266
-161
-46
78
205
323
449
633
862
1110
1348
1573
1741
1845
1890
1916
1929
1929
1912
1900
1916
1957
2018
2069
2071
1965
1734
1403
1045
712
431
219
70
-62
-208
-374
-553
-747
-969
-1213
-1439
-1615
-1729
-1782
-1773
-1713
-1616
-1499
-1372
-1251
-1163
-1114
-1092
-1056
-982
-866
-717
-529
-320
-121
39
151
221
232
186
104
24
-38
-70
-56
8
86
116
68
-54
-224
-416
-591
-712
-767
-775
-757
-716
-642
-571
-524
-508
-491
-452
-396
-316
-207
-70
66
186
305
419
511
568
595
617
658
741
887
1098
1356
1599
1780
1858
1842
1750
1630
1507
1424
1383
1391
1445
1537
1615
1613
1462
1152
733
270
-166
-530
-800
-984
-1098
-1169
-1209
-1248
-1304
-1397
-1516
-1644
-1750
-1810
-1801
-1726
-1584
-1390
-1148
-875
-595
-345
-155
-39
21
37
40
42
61
100
163
258
377
502
592
621
575
459
290
95
-85
-234
-340
-387
-366
-296
-231
-215
-250
-322
-392
-445
-469
-470
-459
-416
-315
-144
64
258
402
492
537
541
518
483
434
384
347
343
358
349
280
151
-2
-132
-176
-90
113
370
576
699
755
784
773
717
624
536
520
651
918
1234
1417
1373
1119
758
397
66
-237
-547
-837
-1087
-1228
-1235
-1137
-1033
-990
-1034
-1119
-1228
-1329
-1416
-1466
-1469
-1394
-1201
-864
-427
10
357
554
612
575
517
479
445
382
328
370
563
857
1167
1369
1407
1283
1067
817
563
307
53
-151
-247
-213
-91
44
114
80
-65
-282
-532
-764
-958
-1080
-1108
-1024
-843
-596
-325
-81
76
106
18
-124
-252
-339
-378
-390
-377
-364
-359
-371
-381
-356
-221
26
326
550
658
669
679
705
723
669
581
558
715
1037
1389
1592
1540
1270
895
543
207
-132
-527
-930
-1276
-1462
-1472
-1323
-1126
-954
-867
-853
-906
-1000
-1104
-1185
-1227
-1217
-1092
-796
-332
205
704
1065
1260
1315
1325
1313
1248
1066
817
628
640
855
1164
1411
1526
1527
1471
1362
1149
801
356
-59
-342
-468
-510
-512
-490
-425
-346
-318
-402
-593
-845
-1073
-1222
-1276
-1243
-1131
-925
-647
-350
-108
36
69
8
-118
-272
-439
-608
-761
-884
-984
-1089
-1204
-1282
-1201
-910
-499
-152
14
46
81
190
309
331
235
143
241
611
1114
1529
1712
1691
1562
1398
1174
845
407
-79
-536
-891
-1063
-1008
-760
-444
-177
-16
43
22
-40
-128
-249
-407
-521
-462
-159
330
863
1311
1613
1785
1884
1928
1860
1598
1175
736
440
360
446
580
653
644
600
552
472
291
-28
-446
-848
-1141
-1303
-1360
-1336
-1242
-1098
-941
-802
-696
-638
-645
-721
-835
-948
-980
-866
-613
-322
-108
-5
45
98
139
109
-40
-301
-617
-915
-1172
-1417
-1708
-2031
-2299
-2403
-2251
-1876
-1397
-969
-632
-351
-87
150
324
421
485
599
862
1299
1853
2417
2865
3125
3168
3045
2795
2448
1988
1416
772
211
-88
-69
125
305
393
435
477
496
442
262
-46
-405
-676
-760
-650
-405
-77
275
597
848
1021
1106
1056
833
476
105
-167
-317
-410
-506
-607
-668
-647
-560
-487
-516
-662
-857
-1022
-1144
-1241
-1316
-1357
-1356
-1302
-1179
-969
-703
-433
-215
-51
67
175
278
349
344
242
86
-41
-96
-107
-119
-156
-204
-274
-385
-580
-875
-1277
-1753
-2233
-2640
-2909
-3004
-2899
-2569
-2029
-1357
-636
74
737
1295
1703
1956
2115
2254
2436
2695
3037
3428
3810
4117
4278
4248
4036
3672
3176
2553
1832
1096
438
-78
-471
-797
-1067
-1214
-1208
-1110
-1034
-1044
-1131
-1248
-1349
-1427
-1491
-1538
-1517
-1382
-1144
-845
-511
-150
204
481
620
627
536
373
129
-201
-567
-877
-1064
-1107
-1046
-941
-850
-789
-753
-748
-786
-872
-988
-1110
-1211
-1244
-1172
-995
-751
-485
-214
85
416
728
935
999
950
846
722
578
416
256
134
59
-1
-91
-234
-419
-628
-854
-1094
-1325
-1508
-1612
-1627
-1579
-1487
-1329
-1044
-586
19
656
1224
1707
2167
2620
3015
3290
3431
3476
3474
3454
3402
3307
3153
2928
2619
2236
1797
1333
845
327
-234
-818
-1371
-1835
-2201
-2505
-2744
-2872
-2874
-2794
-2682
-2537
-2344
-2110
-1865
-1627
-1381
-1106
-793
-478
-208
6
201
412
613
751
798
797
809
840
834
747
587
389
171
-77
-364
-675
-971
-1212
-1372
-1441
-1426
-1337
-1190
-1006
-810
-623
-453
-301
-177
-71
35
166
322
504
721
977
1242
1459
1596
1669
1696
1672
1569
1371
1098
803
540
331
182
90
52
60
88
114
119
89
3
-160
-387
-647
-884
-1071
-1205
-1280
-1268
-1125
-841
-479
-104
254
588
873
1076
1183
1211
1186
1119
1017
907
833
824
846
836
764
644
494
299
33
-312
-720
-1119
-1449
-1691
-1853
-1925
-1882
-1734
-1519
-1275
-1018
-773
-572
-436
-364
-316
-256
-178
-95
-5
104
235
378
514
619
673
687
667
607
510
390
274
166
66
-21
-70
-68
-26
31
94
170
265
359
423
454
458
437
402
366
337
322
316
316
313
315
336
379
431
477
509
531
545
538
502
430
333
207
53
-117
-285
-435
-576
-732
-903
-1065
-1189
-1270
-1321
-1343
-1334
-1282
-1177
-1027
-851
-662
-470
-279
-98
66
214
340
426
459
444
406
359
314
284
292
335
383
418
455
508
563
598
584
529
445
355
278
220
179
132
78
21
-26
-64
-107
-159
-223
-306
-402
-483
-516
-499
-433
-302
-109
116
330
521
700
869
1001
1062
1053
996
918
834
748
646
521
378
232
86
-71
-246
-425
-592
-743
-881
-1001
-1090
-1144
-1170
-1172
-1146
-1086
-993
-869
-725
-572
-424
-288
-164
-55
42
130
211
276
325
354
370
383
395
409
426
446
468
488
513
544
575
597
596
577
536
475
397
303
186
54
-82
-214
-325
-415
-486
-548
-602
-649
-673
-674
-661
-647
-640
-629
-597
-534
-452
-359
-265
-172
-78
10
76
103
86
30
-41
-95
-85
6
151
330
548
804
1071
1323
1524
1658
1716
1682
1568
1396
1197
961
677
362
60
-205
-439
-640
-823
-1006
-1189
-1353
-1485
-1595
-1685
-1735
-1734
-1686
-1587
-1414
-1150
-815
-464
-142
156
445
709
923
1069
1143
1142
1084
1000
922
846
768
687
612
537
453
368
280
171
28
-135
-282
-393
-476
-534
-568
-570
-546
-495
-415
-315
-214
-140
-98
-69
-42
-8
34
89
156
238
343
462
577
672
746
799
819
789
708
587
431
246
48
-145
-318
-475
-612
-722
-793
-824
-829
-819
-803
-781
-747
-695
-624
-549
-476
-398
-296
-170
-28
123
274
411
516
583
617
616
583
517
427
316
205
100
6
-75
-151
-223
-287
-335
-367
-384
-393
-401
-402
-386
-345
-274
-184
-83
22
132
242
343
424
481
517
525
504
460
404
348
297
256
221
191
170
159
153
138
101
36
-51
-153
-260
-365
-458
-533
-577
-575
-519
-417
-271
-91
117
336
552
755
940
1094
1202
1255
1250
1198
1112
1002
867
703
507
279
32
-229
-492
-759
-1015
-1247
-1442
-1599
-1709
-1761
-1759
-1709
-1609
-1463
-1278
-1070
-851
-638
-435
-252
-80
82
230
358
463
559
647
728
796
846
870
866
835
775
692
581
446
288
123
-40
-180
-291
-367
-412
-433
-429
-405
-357
-292
-217
-139
-58
34
130
232
337
446
560
679
802
920
1021
1102
1153
1170
1150
1092
999
878
740
592
438
284
133
-8
-138
-259
-377
-492
-598
-695
-786
-871
-943
-989
-1003
-986
-938
-870
-792
-710
-629
-557
-497
-453
-417
-394
-382
-370
-355
-333
-303
-262
-210
-151
-86
-16
59
127
185
226
259
287
308
319
317
302
275
235
185
125
55
-21
-96
-165
-230
-285
-332
-357
-360
-344
-311
-262
-194
-117
-40
28
91
148
205
262
314
360
399
436
471
505
532
555
574
589
598
604
606
607
605
601
593
581
565
539
500
447
386
318
248
177
106
35
-26
-72
-104
-121
-128
-130
-129
-134
-143
-156
-170
-182
-194
-206
-217
-227
-240
-254
-279
-316
-370
-439
-522
-615
-715
-814
-906
-982
-1042
-1075
-1077
-1053
-1003
-934
-843
-734
-613
-485
-359
-234
-111
13
140
268
392
513
625
721
800
858
893
899
872
809
714
601
486
379
284
204
138
90
55
32
12
-10
-31
-56
-88
-125
-160
-189
-205
-207
-193
-162
-111
-49
15
77
132
181
219
244
255
262
265
269
280
304
339
374
409
439
463
480
481
469
440
404
359
308
252
186
124
68
19
-34
-99
-174
-247
-319
-395
-473
-550
-619
-681
-732
-769
-791
-794
-782
-754
-714
-667
-616
-561
-499
-438
-376
-308
-231
-142
-51
44
135
222
303
374
430
467
478
460
423
368
299
221
136
46
-45
-134
-219
-296
-362
-413
-447
-463
-461
-439
-393
-324
-237
-136
-24
94
214
333
447
553
648
731
795
843
874
894
899
885
854
807
746
673
589
489
378
264
148
30
-87
-202
-307
-401
-479
-545
-592
-617
-620
-599
-563
-510
-445
-372
-292
-212
-130
-49
25
91
148
193
227
246
253
244
222
184
129
64
-4
-76
-149
-228
-306
-377
-437
-485
-525
-558
-582
-592
-586
-566
-534
-495
-448
-391
-326
-252
-176
-98
-20
55
124
184
239
286
327
357
372
372
363
350
328
298
262
224
190
159
133
109
89
72
60
52
49
51
58
67
81
99
118
138
163
189
217
244
269
287
300
306
304
295
282
260
237
211
179
142
103
64
24
-16
-53
-89
-119
-139
-153
-162
-168
-172
-172
-166
-154
-134
-113
-88
-63
-39
-15
9
29
39
39
28
10
-17
-51
-93
-147
-205
-268
-328
-388
-444
-497
-540
-573
-595
-606
-605
-590
-563
-529
-485
-435
-377
-314
-249
-180
-107
-33
44
119
189
255
316
372
420
462
494
517
529
531
526
518
506
487
464
435
407
379
354
326
298
268
240
212
185
163
145
133
123
113
106
106
108
109
104
94
80
60
40
16
-15
-48
-80
-109
-136
-159
-179
-200
-216
-228
-238
-248
-257
-266
-278
-292
-301
-306
-304
-303
-302
-297
-288
-273
-256
-236
-218
-202
-186
-169
-148
-129
-113
-101
-89
-75
-61
-49
-39
-31
-25
-19
-11
-3
7
18
29
41
57
76
96
117
140
159
177
195
210
223
233
242
248
256
266
275
284
292
296
298
298
295
289
281
268
255
239
218
194
166
140
113
83
51
19
-8
-34
-55
-71
-84
-90
-94
-95
-96
-95
-96
-95
-96
-103
-114
-125
-139
-156
-181
-208
-237
-262
-286
-312
-338
-364
-389
-410
-428
-440
-447
-454
-454
-449
-438
-418
-393
-364
-331
-296
-260
-221
-179
-132
-83
-33
13
59
107
155
203
245
282
314
343
367
387
402
408
408
405
399
391
384
372
360
347
335
328
325
322
318
313
310
312
317
321
324
323
322
316
307
295
278
254
227
194
159
122
85
47
7
-32
-71
-106
-142
-180
-216
-250
-281
-308
-330
-344
-354
-358
-356
-348
-335
-316
-296
-276
-258
-242
-226
-211
-203
-202
-205
-211
-221
-234
-247
-262
-280
-300
-319
-337
-351
-360
-365
-368
-367
-359
-345
-325
-301
-276
-246
-210
-169
-124
-79
-34
12
60
107
156
206
256
303
349
390
429
466
498
525
546
558
562
558
553
542
526
503
473
439
404
365
325
281
236
194
152
113
75
41
12
-13
-35
-52
-67
-80
-92
-100
-103
-101
-96
-91
-82
-75
-66
-58
-50
-42
-34
-28
-27
-33
-42
-52
-63
-77
-97
-123
-151
-181
-213
-248
-285
-322
-357
-389
-417
-441
-458
-467
-469
-462
-448
-426
-399
-366
-328
-283
-233
-181
-124
-66
-8
52
110
166
220
271
316
353
379
398
408
409
401
384
357
324
288
248
202
155
109
64
21
-17
-52
-80
-104
-122
-132
-134
-125
-110
-87
-60
-28
9
47
87
127
164
200
236
268
297
321
340
353
356
351
339
323
298
263
221
170
115
57
-4
-67
-128
-187
-241
-292
-338
-373
-401
-417
-425
-423
-413
-397
-371
-337
-298
-257
-217
-172
-128
-83
-40
-2
31
61
85
104
116
122
119
109
95
77
56
34
12
-12
-35
-58
-78
-95
-110
-123
-136
-145
-150
-148
-145
-138
-129
-119
-103
-85
-64
-40
-16
8
32
55
81
105
126
143
156
165
174
181
186
186
187
185
186
183
180
173
166
158
149
140
131
122
112
101
88
76
65
55
43
30
16
2
-9
-18
-29
-38
-46
-52
-57
-59
-57
-54
-50
-44
-35
-23
-15
-3
8
19
32
45
59
69
81
91
98
103
107
106
102
94
78
60
37
12
-18
-48
-81
-114
-146
-174
-198
-220
-238
-253
-266
-276
-282
-281
-273
-262
-248
-232
-209
-181
-150
-117
-84
-49
-19
10
36
58
75
86
94
97
97
96
91
83
71
58
43
30
17
0
-21
-41
-60
-75
-87
-94
-100
-102
-99
-90
-77
-61
-43
-24
-4
18
40
62
84
105
125
147
170
193
212
231
245
254
261
260
257
250
237
220
203
186
171
155
139
125
115
106
95
83
72
62
50
38
27
17
9
1
-5
-9
-11
-14
-17
-23
-33
-42
-52
-65
-83
-107
-132
-157
-182
-208
-231
-254
-271
-286
-295
-301
-302
-300
-295
-285
-272
-257
-236
-214
-190
-168
-142
-118
-96
-73
-57
-44
-35
-27
-23
-19
-16
-17
-17
-15
-14
-12
-10
-5
-2
4
13
28
46
68
94
122
153
187
220
254
286
317
342
365
384
396
404
409
405
397
382
361
332
297
257
211
163
110
57
7
-44
-91
-136
-175
-207
-232
-251
-265
-270
-269
-262
-246
-226
-198
-166
-129
-88
-48
-5
36
76
112
139
159
172
178
176
162
141
110
71
28
-21
-71
-126
-183
-241
-295
-348
-394
-436
-472
-498
-514
-521
-515
-500
-473
-436
-392
-339
-284
-224
-161
-101
-41
15
70
127
178
223
266
303
338
366
385
396
403
401
392
378
359
334
307
278
247
216
186
158
131
105
82
62
46
33
22
17
13
15
22
32
46
62
79
98
119
140
159
174
185
192
194
190
182
170
157
138
117
95
68
40
7
-29
-67
-108
-149
-192
-233
-275
-314
-348
-378
-404
-424
-442
-454
-461
-465
-462
-457
-449
-435
-415
-388
-358
-320
-280
-236
-192
-147
-103
-61
-18
25
64
101
135
168
199
227
253
273
292
306
317
323
323
318
309
297
283
267
248
226
206
188
173
159
143
130
120
111
105
98
94
89
87
86
86
87
86
89
92
94
94
91
90
84
76
64
52
39
23
7
-10
-27
-45
-64
-86
-109
-135
-158
-184
-209
-231
-250
-266
-277
-282
-283
-281
-274
-264
-250
-233
-215
-195
-171
-148
-125
-101
-79
-57
-37
-20
-5
8
14
19
22
25
26
26
22
17
13
10
7
6
4
3
3
5
11
19
30
44
56
71
89
107
126
142
158
173
186
201
215
225
232
237
241
242
239
233
226
215
201
184
165
146
123
101
77
55
34
13
-5
-22
-37
-50
-62
-72
-84
-97
-109
-124
-141
-157
-171
-186
-200
-215
-227
-234
-238
-241
-244
-245
-245
-243
-240
-236
-231
-226
-222
-215
-206
-197
-188
-178
-163
-148
-131
-111
-90
-67
-40
-13
16
46
75
106
133
158
182
206
229
250
268
284
295
302
305
305
301
292
283
270
254
236
217
196
173
151
125
101
78
55
31
12
-6
-19
-27
-34
-38
-40
-38
-35
-28
-18
-7
3
14
24
33
41
48
52
54
52
46
39
28
14
-4
-23
-46
-69
-93
-118
-143
-167
-196
-223
-248
-270
-289
-309
-327
-344
-352
-357
-356
-351
-342
-327
-307
-281
-251
-217
-180
-141
-100
-61
-22
17
54
89
119
148
174
197
215
229
240
246
249
248
242
231
218
204
189
170
151
132
113
94
74
58
41
27
14
6
0
-4
-5
-1
7
20
35
53
73
95
117
139
161
179
196
212
224
232
235
234
230
220
204
183
160
132
101
68
31
-7
-45
-82
-121
-157
-191
-224
-252
-278
-300
-319
-332
-341
-344
-344
-336
-325
-311
-295
-275
-252
-227
-200
-174
-148
-121
-94
-68
-45
-23
-5
12
26
36
45
54
61
65
68
67
69
68
68
67
64
61
58
58
57
56
55
55
55
59
62
68
75
83
93
103
117
132
145
157
168
179
188
195
201
204
205
202
197
191
183
171
158
140
122
102
81
59
34
8
-15
-39
-61
-83
-103
-123
-139
-155
-169
-179
-187
-194
-198
-199
-200
-195
-187
-177
-166
-153
-140
-125
-110
-95
-81
-68
-56
-43
-34
-27
-20
-13
-9
-6
-2
0
1
1
-2
-3
-7
-11
-15
-19
-24
-28
-31
-33
-34
-33
-33
-29
-25
-19
-11
-3
6
15
23
31
40
49
59
69
78
86
92
99
105
110
112
114
115
113
112
111
109
107
104
102
99
95
91
87
81
76
67
58
50
39
28
16
3
-9
-21
-34
-46
-57
-70
-81
-91
-102
-110
-118
-125
-129
-130
-131
-128
-123
-116
-109
-101
-90
-79
-66
-54
-39
-25
-11
6
23
40
56
70
84
96
106
113
117
117
115
111
106
96
86
73
60
46
31
15
-1
-16
-30
-46
-58
-71
-81
-88
-93
-97
-98
-95
-89
-82
-71
-61
-49
-35
-23
-11
0
12
21
30
38
45
50
53
55
54
51
45
37
27
17
6
-7
-21
-34
-48
-60
-71
-80
-87
-93
-96
-99
-97
-96
-91
-85
-79
-71
-61
-49
-35
-21
-6
9
23
39
54
66
78
89
100
109
116
120
123
123
124
124
120
116
110
102
95
85
77
69
59
48
39
31
23
17
9
4
0
-2
-5
-7
-9
-8
-8
-8
-7
-7
-6
-4
-3
-1
-1
-1
-2
-3
-3
-7
-11
-15
-21
-27
-35
-45
-55
-66
-77
-88
-99
-111
-122
-132
-142
-150
-156
-162
-166
-167
-167
-163
-157
-149
-138
-126
-113
-97
-79
-60
-38
-18
3
25
46
67
86
104
121
135
147
157
164
171
173
174
171
166
161
152
141
129
117
103
91
77
66
54
45
35
27
22
16
12
10
8
8
11
15
19
23
28
33
39
43
47
50
50
50
47
46
41
35
27
18
9
-3
-15
-28
-40
-53
-69
-85
-99
-114
-129
-143
-153
-162
-168
-173
-176
-177
-176
-173
-168
-161
-151
-142
-129
-117
-104
-89
-74
-58
-43
-29
-16
-3
8
20
30
38
44
50
55
59
61
60
58
56
54
51
49
48
45
44
44
47
51
57
64
72
81
91
100
110
116
123
129
133
137
140
142
143
141
139
136
131
124
116
108
97
85
72
58
43
26
11
-4
-19
-34
-48
-61
-73
-82
-92
-101
-107
-112
-116
-118
-119
-119
-118
-115
-111
-106
-100
-96
-91
-88
-83
-81
-79
-77
-74
-74
-75
-76
-77
-79
-82
-85
-89
-91
-94
-94
-96
-96
-92
-90
-86
-80
-72
-62
-51
-40
-28
-15
0
15
31
48
63
77
92
107
120
135
146
156
163
169
174
177
176
174
170
166
159
153
145
137
129
118
107
98
88
77
66
56
45
36
28
20
13
7
2
-4
-8
-12
-14
-17
-21
-24
-28
-32
-37
-43
-48
-57
-64
-72
-79
-88
-96
-104
-112
-118
-122
-128
-132
-134
-135
-135
-134
-133
-130
-126
-121
-115
-107
-101
-93
-86
-78
-70
-61
-53
-44
-37
-28
-21
-11
-4
5
11
16
21
27
33
38
43
47
53
58
62
68
73
78
84
89
94
98
102
106
108
109
110
111
112
110
111
109
106
103
99
95
91
84
79
71
66
58
51
43
36
27
20
14
8
2
-4
-9
-16
-21
-25
-30
-35
-39
-44
-49
-52
-57
-62
-68
-72
-77
-80
-85
-89
-93
-96
-98
-100
-100
-99
-99
-99
-99
-98
-95
-95
-91
-88
-84
-82
-76
-69
-64
-57
-50
-42
-35
-29
-22
-15
-8
-1
5
13
19
26
34
40
47
52
58
64
68
71
73
73
74
75
76
76
77
77
78
79
81
81
84
86
88
88
90
90
93
94
92
91
90
87
85
81
74
68
60
53
46
38
30
20
10
2
-7
-13
-21
-29
-37
-47
-55
-61
-68
-76
-83
-89
-95
-97
-99
-103
-106
-109
-111
-115
-116
-117
-121
-124
-125
-128
-128
-127
-126
-124
-122
-119
-114
-109
-104
-98
-90
-83
-73
-63
-53
-43
-32
-20
-7
6
20
33
46
59
72
85
97
107
114
122
129
134
139
142
144
143
142
142
141
139
136
132
127
123
119
115
111
106
101
98
94
90
85
80
77
74
70
66
60
56
51
47
40
34
29
23
13
4
-5
-14
-23
-34
-45
-56
-68
-79
-90
-100
-111
-119
-127
-134
-143
-148
-152
-156
-159
-163
-166
-166
-166
-165
-162
-159
-154
-147
-143
-136
-128
-120
-114
-105
-98
-90
-82
-75
-66
-59
-50
-42
-32
-23
-13
-4
5
15
24
33
42
53
62
71
80
92
102
110
119
126
137
146
153
159
165
170
174
178
181
183
182
181
178
175
171
165
157
150
142
132
123
112
100
89
78
66
54
41
30
19
6
-5
-17
-26
-37
-47
-56
-64
-73
-81
-88
-96
-102
-110
-116
-123
-129
-136
-142
-147
-152
-157
-160
-164
-169
-170
-171
-171
-172
-171
-169
-168
-162
-159
-155
-149
-143
-135
-127
-117
-107
-96
-85
-73
-62
-47
-34
-20
-5
8
22
35
49
63
76
89
102
114
122
133
143
153
162
170
177
185
191
195
197
200
201
202
201
199
196
191
186
179
171
161
153
142
129
117
105
92
79
64
50
36
21
7
-7
-21
-34
-49
-62
-75
-86
-96
-109
-117
-126
-134
-141
-147
-152
-156
-159
-159
-158
-157
-157
-153
-148
-143
-137
-130
-124
-118
-110
-105
-100
-94
-88
-82
-76
-73
-69
-66
-61
-59
-56
-52
-51
-48
-47
-45
-41
-39
-35
-32
-27
-24
-18
-11
-5
3
13
21
32
42
53
65
75
87
98
110
121
132
140
150
157
164
170
173
176
176
175
173
171
167
162
156
147
139
129
120
108
95
81
68
53
40
27
13
0
-13
-24
-35
-46
-56
-67
-76
-86
-94
-100
-107
-112
-117
-122
-125
-127
-127
-126
-122
-120
-117
-113
-109
-102
-96
-89
-84
-76
-69
-60
-53
-46
-40
-33
-28
-22
-18
-15
-12
-10
-9
-8
-7
-6
-7
-8
-7
-7
-6
-6
-5
-3
-1
0
2
5
5
9
12
17
22
27
34
39
46
51
57
62
66
70
72
77
79
82
84
85
85
84
82
79
76
72
68
63
56
51
44
36
30
23
15
7
2
-6
-12
-17
-21
-24
-29
-31
-34
-37
-37
-39
-38
-39
-39
-39
-39
-37
-36
-37
-37
-36
-36
-36
-36
-37
-38
-37
-37
-36
-35
-34
-34
-34
-35
-33
-32
-30
-30
-29
-27
-26
-23
-24
-21
-18
-16
-13
-10
-9
-5
-2
-1
1
3
5
7
9
11
12
14
14
15
15
16
19
20
21
23
25
27
27
27
27
28
28
29
31
31
32
33
33
32
34
35
34
32
31
29
27
24
22
20
17
14
10
8
5
1
-1
-4
-7
-8
-10
-11
-13
-15
-17
-17
-18
-19
-19
-19
-20
-20
-18
-18
-17
-17
-16
-15
-16
-15
-13
-13
-11
-9
-10
-9
-10
-11
-11
-11
-12
-13
-14
-14
-13
-14
-13
-13
-13
-12
-12
-12
-11
-8
-8
-7
-6
-4
-2
1
4
5
6
6
8
12
12
12
11
13
13
13
15
15
15
15
15
15
16
17
16
15
13
10
10
9
8
6
4
3
3
2
1
1
-1
0
1
2
2
2
2
1
2
2
2
2
3
3
2
1
2
1
2
3
2
3
4
3
3
0
0
0
-1
-2
-5
-6
-6
-7
-6
-7
-9
-8
-9
-10
-10
-11
-11
-12
-12
-13
-13
-13
-13
-16
-15
-15
-15
-14
-13
-13
-12
-12
-14
-12
-11
-10
-9
-8
-6
-5
-5
-4
-1
0
0
0
1
1
0
1
0
0
0
-2
-1
-2
-2
-1
-1
-1
-1
-2
-2
-3
-3
-2
-1
-1
1
2
3
3
6
10
13
16
19
21
23
24
27
28
30
33
34
34
35
36
36
35
34
31
29
27
24
22
18
15
13
8
5
2
-2
-4
-7
-11
-13
-15
-19
-20
-21
-23
-24
-24
-24
-24
-24
-24
-22
-20
-20
-19
-19
-17
-15
-15
-14
-13
-11
-10
-8
-7
-5
-4
-3
-5
-5
-4
-5
-5
-5
-4
-4
-6
-6
-7
-7
-7
-7
-7
-8
-6
-5
-6
-5
-4
-4
-3
-3
0
1
3
5
7
9
11
15
16
18
20
21
21
21
23
23
24
24
24
23
22
22
20
19
17
15
12
9
5
2
0
-5
-7
-12
-14
-16
-19
-22
-24
-27
-29
-30
-30
-31
-31
-31
-30
-30
-29
-27
-25
-24
-21
-19
-16
-15
-13
-10
-8
-5
-4
-3
-1
2
2
3
5
6
7
7
9
7
9
10
10
10
11
11
11
12
13
15
16
17
17
18
20
22
24
25
26
25
26
27
27
27
29
30
28
28
26
26
26
25
22
20
18
16
12
11
7
6
3
2
0
-1
-2
-5
-6
-6
-8
-9
-12
-14
-16
-17
-20
-23
-23
-24
-24
-26
-28
-28
-28
-29
-30
-30
-30
-31
-31
-32
-31
-32
-29
-28
-28
-28
-28
-25
-26
-24
-24
-23
-22
-19
-17
-17
-14
-13
-9
-8
-6
-4
-3
1
3
5
7
10
12
16
19
20
23
25
28
30
30
31
32
34
35
35
38
39
40
40
40
41
41
40
40
38
36
33
29
27
24
20
17
15
12
9
7
5
2
-3
-6
-9
-11
-14
-16
-19
-22
-24
-25
-26
-24
-26
-26
-27
-27
-27
-27
-26
-25
-23
-23
-22
-22
-21
-20
-19
-19
-18
-18
-18
-17
-18
-17
-16
-16
-16
-16
-17
-17
-17
-17
-16
-16
-17
-17
-15
-15
-15
-12
-11
-8
-6
-4
-3
0
4
7
9
13
17
22
25
27
30
33
36
36
38
39
39
41
42
44
42
40
40
39
36
34
33
31
28
25
23
21
18
14
10
9
6
4
2
0
-3
-5
-7
-9
-8
-9
-10
-12
-12
-11
-13
-12
-14
-13
-14
-12
-13
-15
-15
-17
-18
-20
-24
-24
-26
-27
-27
-29
-32
-33
-35
-36
-37
-39
-42
-42
-43
-43
-43
-42
-41
-40
-37
-32
-28
-24
-20
-16
-10
-5
1
4
10
15
20
25
29
32
34
35
37
39
40
40
41
39
39
39
39
39
37
35
33
31
28
27
24
22
21
17
15
13
12
11
10
9
7
6
6
7
7
9
10
10
11
11
9
9
10
9
8
7
6
4
4
3
1
-2
-5
-8
-10
-14
-16
-19
-20
-23
-24
-26
-28
-31
-32
-31
-31
-32
-32
-33
-32
-32
-31
-29
-29
-28
-28
-28
-27
-24
-23
-21
-18
-16
-14
-12
-8
-7
-6
-6
-5
-5
-4
-2
0
1
3
4
4
6
7
9
9
11
12
12
12
13
13
13
16
17
17
18
21
24
24
25
26
28
29
28
29
29
29
28
28
26
23
22
21
19
18
16
14
11
10
9
8
6
4
4
2
1
0
-2
-2
-3
-4
-5
-6
-8
-9
-13
-14
-15
-17
-17
-18
-18
-19
-18
-18
-18
-19
-18
-18
-18
-18
-19
-18
-17
-17
-15
-14
-12
-11
-9
-7
-6
-4
-2
-2
0
0
0
1
2
3
2
3
2
2
2
3
2
3
2
0
-2
-4
-4
-4
-6
-7
-7
-9
-10
-10
-11
-13
-13
-12
-9
-7
-2
-2
-1
2
4
8
11
13
15
19
21
25
27
28
27
27
25
24
22
22
22
21
19
17
16
16
15
13
8
5
4
2
0
-1
-4
-6
-7
-8
-9
-7
-7
-6
-7
-8
-8
-5
-5
-5
-7
-7
-7
-6
-3
-4
-4
-5
-5
-6
-6
-8
-9
-9
-10
-11
-13
-14
-15
-14
-14
-15
-14
-16
-16
-18
-18
-19
-20
-20
-19
-18
-14
-11
-8
-8
-7
-7
-5
-2
-1
1
2
4
5
7
9
9
10
10
11
12
14
15
16
17
17
17
17
18
18
17
15
14
13
12
10
9
10
8
9
10
10
10
11
11
11
10
11
12
11
12
13
12
11
11
9
8
7
6
5
5
5
3
2
-1
0
0
0
-1
-2
-6
-9
-12
-13
-16
-16
-18
-21
-21
-22
-22
-20
-19
-20
-20
-21
-19
-18
-16
-15
-14
-14
-12
-12
-11
-11
-7
-6
-7
-6
-6
-4
-4
-4
-4
-5
-7
-7
-7
-7
-8
-9
-10
-9
-9
-8
-6
-2
0
3
4
5
5
7
9
13
14
17
19
20
23
25
27
27
27
25
23
23
21
22
21
19
20
20
19
21
21
19
17
18
15
12
9
6
4
3
2
1
0
0
0
0
-2
-2
-3
-3
-3
-4
-6
-8
-10
-11
-12
-14
-14
-15
-18
-18
-21
-22
-27
-27
-29
-29
-30
-31
-31
-32
-31
-32
-31
-29
-27
-26
-25
-22
-19
-15
-12
-9
-7
-3
1
3
5
10
15
18
19
21
21
23
24
26
26
27
27
28
26
27
27
27
24
23
21
19
16
14
12
9
8
7
5
4
3
2
2
1
3
4
4
6
8
9
10
9
10
9
8
6
5
4
4
1
-1
-2
-3
-4
-6
-7
-8
-11
-14
-17
-19
-20
-23
-24
-27
-26
-28
-27
-26
-26
-24
-24
-24
-22
-22
-23
-22
-18
-15
-14
-11
-8
-7
-5
-2
0
0
1
1
3
5
7
7
8
7
7
6
8
9
9
9
8
9
7
7
7
8
7
9
10
10
12
15
16
17
18
18
18
20
23
25
26
25
25
23
24
24
23
22
19
17
15
12
10
5
4
3
2
0
-1
-2
-3
-6
-8
-12
-14
-15
-17
-18
-17
-18
-19
-21
-21
-22
-23
-22
-21
-20
-22
-21
-19
-20
-20
-19
-19
-19
-18
-18
-17
-18
-18
-17
-17
-16
-15
-13
-9
-6
-6
-5
-3
0
0
2
3
5
7
8
8
11
13
15
17
16
17
17
19
20
20
20
20
20
19
17
17
16
17
17
15
15
14
15
13
12
13
13
11
11
11
12
12
13
14
11
10
10
10
8
5
2
0
0
-1
-3
-3
-4
-5
-6
-8
-10
-12
-13
-16
-19
-22
-24
-25
-26
-27
-29
-27
-27
-28
-27
-25
-24
-24
-24
-23
-22
-20
-20
-18
-16
-14
-12
-11
-10
-9
-7
-7
-4
-2
-1
2
4
5
7
6
9
11
13
16
16
16
18
17
15
14
12
13
14
16
16
18
19
21
21
22
22
22
22
21
20
19
20
22
23
24
22
22
24
23
22
22
18
14
11
9
7
7
6
4
3
0
-3
-3
-5
-7
-10
-13
-17
-21
-23
-24
-24
-25
-25
-25
-26
-27
-27
-28
-27
-27
-27
-27
-28
-26
-25
-24
-21
-19
-18
-16
-14
-14
-12
-12
-10
-11
-11
-9
-10
-8
-8
-8
-6
-4
-3
-2
0
2
3
2
2
2
4
6
8
10
11
13
13
15
15
16
18
19
20
19
20
22
23
24
24
25
25
24
25
25
27
26
24
22
22
19
18
17
16
14
11
11
9
7
5
3
2
1
0
-2
-5
-7
-9
-12
-14
-17
-17
-18
-18
-19
-19
-20
-21
-19
-20
-21
-21
-23
-21
-21
-22
-21
-22
-22
-22
-21
-21
-18
-18
-16
-14
-13
-13
-11
-10
-9
-8
-8
-8
-7
-5
-3
-2
-1
0
2
4
6
8
9
12
14
14
15
16
17
18
19
22
23
24
24
24
25
26
24
24
24
23
21
22
22
21
21
20
17
16
14
12
11
10
8
5
4
3
1
1
-1
-3
-3
-5
-8
-9
-11
-13
-14
-14
-16
-15
-15
-15
-15
-16
-15
-16
-18
-19
-19
-18
-16
-16
-16
-19
-18
-16
-16
-15
-14
-15
-15
-13
-13
-13
-10
-11
-10
-10
-9
-8
-9
-7
-5
-5
-2
-1
0
0
0
1
2
1
1
2
4
5
5
7
8
8
10
10
9
9
10
10
11
12
12
13
14
15
14
14
14
14
15
15
14
13
12
14
13
14
13
13
13
11
10
9
8
7
6
3
3
1
0
-1
-1
-1
-2
-3
-5
-6
-7
-8
-9
-9
-10
-9
-8
-8
-8
-8
-8
-9
-9
-9
-10
-10
-9
-9
-8
-8
-8
-8
-7
-6
-5
-5
-5
-4
-4
-4
-4
-4
-2
0
2
3
2
3
1
2
3
4
3
3
3
5
5
5
7
6
5
4
3
2
3
3
3
5
4
2
3
3
2
3
4
5
5
4
2
3
4
3
4
3
1
1
1
0
-1
-1
-1
-2
-2
-1
-2
-2
-2
-3
-3
-4
-4
-5
-6
-5
-5
-6
-7
-7
-7
-6
-6
-6
-6
-6
-7
-8
-8
-8
-6
-6
-7
-8
-8
-7
-6
-5
-4
-5
-4
-2
-1
0
0
0
-1
-2
-1
-1
-2
-2
-2
0
2
3
4
6
5
7
8
10
11
11
12
12
13
12
13
12
12
10
10
9
8
8
8
8
7
6
5
5
5
4
3
4
5
4
3
1
1
0
-1
-2
-1
1
0
2
0
-1
-2
-2
-3
-4
-3
-5
-4
-3
-6
-5
-4
-5
-7
-7
-6
-6
-6
-5
-6
-6
-7
-7
-8
-7
-7
-6
-6
-6
-6
-5
-4
-3
-4
-3
-3
-2
-2
-1
-1
0
1
0
0
1
1
0
1
1
1
1
1
3
3
4
5
5
6
7
8
9
9
10
9
10
10
9
7
7
5
5
3
1
2
0
0
-2
-3
-3
-4
-5
-4
-4
-5
-7
-6
-7
-6
-6
-6
-7
-7
-7
-9
-8
-8
-8
-8
-9
-8
-7
-6
-4
-3
-1
0
0
1
0
1
0
0
-1
0
0
1
1
1
2
2
1
1
1
1
0
-1
0
-1
-2
-3
-3
-2
-1
0
0
0
1
2
5
5
6
5
6
9
9
9
8
8
9
9
10
10
9
9
9
10
11
9
9
10
8
8
6
6
5
4
4
3
3
1
1
0
-2
-2
-3
-4
-4
-5
-5
-7
-6
-5
-6
-7
-6
-7
-7
-7
-7
-7
-8
-9
-10
-10
-10
-10
-10
-9
-9
-8
-7
-7
-8
-7
-7
-6
-6
-4
-4
-4
-2
0
1
3
3
3
3
4
4
4
5
5
5
5
4
3
2
3
1
3
2
3
5
5
3
2
2
1
2
3
3
4
5
4
4
5
3
4
4
3
2
2
1
1
2
1
0
-2
-3
0
0
0
3
2
1
0
0
-1
-2
-2
-1
-1
-1
0
1
1
0
-1
-1
-1
-1
-1
-1
-1
0
-1
0
0
-1
-2
-2
-2
-4
-4
-5
-4
-3
-3
-4
-3
-3
-3
-2
-4
-4
-5
-5
-6
-6
-5
-4
-3
-3
-2
1
1
2
1
2
3
4
6
6
7
6
7
7
7
6
5
5
5
2
2
1
2
0
1
1
-1
-3
-3
-2
-3
-3
-3
-4
-3
-3
-3
-4
-4
-1
-1
0
1
0
2
2
4
3
3
2
2
1
2
0
2
2
4
5
6
6
6
4
2
2
1
0
-1
-2
-1
-1
0
0
0
3
3
3
4
4
3
1
1
1
-1
0
0
1
2
2
4
2
1
-1
-3
-2
-3
-3
-4
-6
-6
-7
-5
-5
-6
-6
-8
-6
-7
-6
-6
-6
-5
-5
-6
-5
-4
-6
-4
-4
-3
-3
-3
-3
-2
-3
-4
-4
-3
-3
-6
-6
-6
-5
-4
-3
-2
-1
-1
1
2
3
2
3
3
4
6
7
7
9
8
9
9
10
11
10
10
10
10
9
8
7
7
5
4
4
5
6
7
7
7
6
6
5
6
5
4
5
4
3
3
2
3
2
2
2
2
2
1
1
1
0
0
-2
-4
-6
-6
-6
-7
-7
-8
-8
-8
-10
-11
-13
-14
-14
-15
-15
-16
-17
-18
-18
-17
-17
-17
-16
-15
-15
-13
-11
-10
-9
-8
-8
-7
-5
-4
-3
-1
1
2
5
5
7
9
9
9
10
11
13
12
14
15
15
16
16
17
16
16
15
15
15
16
15
15
14
16
15
15
15
14
15
15
14
15
15
15
15
15
14
11
9
9
6
4
2
-1
-2
-3
-5
-7
-7
-9
-11
-12
-14
-16
-18
-20
-21
-22
-22
-23
-24
-24
-24
-25
-25
-24
-24
-24
-23
-22
-21
-20
-20
-19
-19
-18
-17
-17
-16
-15
-13
-10
-9
-6
-4
-3
-2
0
0
2
6
8
10
12
14
16
18
18
20
20
21
20
20
18
18
19
18
22
23
23
23
23
22
21
20
19
18
18
17
14
13
13
13
11
12
11
11
9
7
7
5
3
1
-1
