6
6
6
5
5
5
6
7
6
3
3
3
4
3
2
1
-1
0
0
0
0
0
-2
-1
-1
0
-1
-2
0
-3
-5
-6
-4
-4
-4
-6
-5
-5
-4
-3
-5
-5
-6
-5
-3
-2
-3
-3
-2
-3
-4
-3
-2
-2
-2
-2
-2
-3
-4
-4
-4
-3
-1
-1
2
3
2
0
0
0
2
2
3
4
4
2
2
2
3
2
2
2
2
2
1
1
2
3
3
3
3
3
1
-1
0
0
1
1
0
0
0
-1
-1
-1
0
1
-1
-3
-4
-4
-3
-3
-2
-2
-4
-6
-5
-4
-4
-3
-2
-1
-1
-1
-2
-1
0
-1
-1
-2
-3
-4
-4
-2
-3
-4
-4
-3
-2
0
1
1
1
1
0
1
3
5
3
4
3
3
4
5
3
2
4
3
1
2
2
1
2
2
2
2
4
3
2
1
2
3
5
3
3
3
2
2
3
4
3
4
4
5
4
3
2
2
0
0
1
1
-1
0
1
1
0
-1
1
1
-1
-2
-2
-1
-1
-1
-1
-1
0
-2
-2
-3
-3
-1
0
-1
-3
-2
-2
-3
-1
0
-1
-3
-3
-2
-3
-5
-4
-3
-4
-5
-4
-4
-3
-3
-4
-3
-3
-3
-2
-2
-1
-1
-1
0
0
2
3
2
1
1
1
2
1
-1
0
1
1
1
1
0
1
0
1
1
1
0
1
3
3
3
4
3
3
2
1
0
2
1
1
2
2
2
0
0
-2
-2
-2
-2
-2
0
0
0
-3
-4
-5
-3
-1
-2
-2
-2
-1
0
-1
-1
-1
-2
-2
-2
-2
-3
-1
0
1
-1
-1
0
-1
-2
-4
-3
-4
-3
-4
-1
0
1
1
-1
-1
1
1
2
3
3
4
3
3
4
4
4
4
6
8
8
8
5
4
3
4
4
3
3
4
3
3
3
5
5
6
5
4
3
1
1
1
1
0
2
3
2
1
0
1
2
1
0
-1
-3
-4
-2
-2
-3
-3
-4
-5
-6
-5
-7
-7
-5
-5
-5
-6
-8
-9
-7
-7
-6
-5
-6
-8
-11
-10
-7
-5
-3
-2
-3
-3
-2
-1
1
0
1
1
1
2
0
0
3
4
3
0
-1
-2
-1
2
3
3
3
2
2
2
5
5
4
4
5
3
3
4
6
4
2
1
0
0
3
5
7
7
5
4
2
0
0
-1
-2
-5
-8
-7
-3
1
4
2
0
-2
-2
-2
-3
1
0
-1
-5
-7
-7
-6
-4
-1
1
1
2
1
-2
-3
-2
0
-1
-3
-5
-4
-1
2
1
-2
-3
-4
-6
-4
-2
-2
0
1
2
5
7
8
7
6
2
0
-2
-2
-2
0
2
2
2
3
5
7
7
6
5
6
4
4
2
4
6
4
4
5
8
9
11
12
9
4
1
1
-1
-2
-1
-2
0
-1
-2
-3
-2
-1
-1
-2
-2
-3
-1
-1
-2
-3
-2
-2
-6
-8
-6
-6
-4
-4
-6
-8
-7
-8
-7
-7
-9
-11
-10
-12
-12
-10
-4
-5
-5
-5
-6
-4
-2
0
0
1
2
-2
-3
0
1
4
3
2
1
1
2
3
5
5
2
2
4
7
11
14
16
11
6
1
-3
-4
-2
0
1
1
1
-1
1
3
5
6
3
0
-2
-2
-2
-2
-1
-3
-5
-2
-2
-3
3
9
11
8
7
4
-3
-3
3
3
2
2
-2
-4
-3
-2
0
5
-1
-13
-18
-12
-5
3
9
10
4
-3
-7
-7
-3
1
2
6
9
7
8
12
10
4
-1
-7
-8
-1
11
15
15
10
-2
-12
-13
-15
-16
-9
2
5
8
7
1
-4
-2
0
-4
-4
2
2
3
8
10
10
13
9
3
4
8
5
3
4
-3
-15
-17
-10
-9
-7
-4
-7
-8
-10
-14
-15
-14
-10
-8
-3
-2
-3
-1
3
3
6
8
1
1
11
16
9
5
3
-9
-16
-14
-9
-4
2
2
-3
-3
-5
-18
-27
-23
-21
-17
1
13
15
16
7
-6
-4
4
3
8
17
16
15
25
26
17
10
7
-5
-9
1
8
9
8
0
-10
-11
-9
-12
-8
1
-2
-4
5
2
-12
-16
-4
2
7
16
19
17
13
7
7
11
7
2
6
7
-2
3
18
15
2
-1
-8
-14
-6
3
0
-3
-8
-24
-33
-21
-11
-7
6
16
11
-1
-11
-8
5
12
7
3
14
11
-2
7
18
6
-10
-3
3
-8
-8
11
12
-6
-20
-29
-31
-29
-25
-9
1
-3
-6
-3
-5
-21
-10
3
1
4
26
34
24
28
30
26
15
9
-2
-6
-6
-8
16
30
4
-18
-11
-21
-40
-23
9
7
-25
-25
4
1
-7
8
18
6
-7
-3
9
18
14
6
13
9
-28
-10
15
-10
-11
15
12
-26
-20
-3
-21
-24
-13
-23
-26
-23
-26
-16
-16
1
20
11
13
3
4
13
-16
-16
14
25
1
-4
29
31
-3
10
33
-4
-14
7
28
6
-8
24
35
15
-11
7
23
-10
-31
20
35
-12
-13
38
51
4
-6
30
17
-4
1
27
41
25
8
19
25
-11
-15
10
-1
-60
-5
76
6
-42
5
-12
-91
-63
12
-9
-44
-23
8
-4
-11
-26
0
20
-39
-54
-3
36
0
0
35
13
-32
-9
13
-4
-5
1
1
-10
-31
-52
-41
-18
-54
-58
-1
-27
-37
10
-8
-41
15
13
-30
20
49
-2
3
73
46
53
68
7
15
54
-6
-43
28
39
-75
-38
86
-7
-44
61
52
-44
-11
30
-19
-22
4
-7
-6
28
-35
-34
60
26
10
62
33
-8
2
16
-38
-35
-5
-11
7
10
-25
5
30
-62
-36
11
-6
-44
-12
40
-19
-57
15
28
-64
-51
-5
0
4
-6
-13
-4
3
-62
-26
52
-31
-28
99
50
-6
44
4
-43
18
3
-63
21
49
8
52
90
-25
-35
11
-45
-32
4
25
32
44
48
19
-34
-30
50
-1
-13
82
114
53
-6
29
8
23
-41
-50
67
57
-24
-4
59
20
-114
-104
43
-12
-85
-12
98
10
-97
23
15
-91
-18
-3
9
56
-31
-12
87
36
-69
0
143
-40
-142
31
23
-114
-103
-25
-19
-30
-85
-8
29
-7
-58
-42
73
-86
-165
-1
50
-75
-35
108
25
-35
25
93
-33
-19
58
38
-27
-29
43
35
-18
-54
53
82
33
-47
37
57
-29
-77
71
74
-121
-36
47
98
-5
-31
45
32
-52
-25
75
48
-5
27
27
-34
37
-29
-66
177
44
-100
142
114
-230
-76
205
-77
-155
169
105
-211
72
139
-161
-33
46
-138
-85
-5
-49
-53
108
15
-32
44
-70
-127
7
68
-14
55
-18
26
-17
-43
-18
51
54
-94
-4
120
10
-85
103
37
-75
-47
7
28
-111
6
75
-11
-5
28
-21
-15
71
-61
152
144
-58
38
87
-36
-57
154
-11
-85
54
102
-52
43
106
-122
100
63
-168
42
37
-133
0
29
-106
-20
-20
-12
17
35
105
-38
32
-57
-145
116
-105
-82
165
9
-158
53
52
-29
-111
-117
285
-59
-88
103
-110
-4
-143
-17
189
27
-171
81
74
-31
-100
-134
213
-318
-97
124
-44
79
-33
27
55
-93
-80
79
45
45
-88
62
195
-273
66
159
-101
111
3
-35
103
32
-239
111
116
-220
-203
319
-66
-379
422
69
-364
179
100
-147
62
-7
-35
79
163
-69
-51
198
-155
-173
406
-56
-64
220
-147
-74
22
-74
-13
46
-37
46
-155
81
-33
-167
182
-135
-101
64
152
-73
-37
231
46
-172
58
-57
-210
230
-132
24
334
-161
-236
281
58
-257
180
276
-271
-59
362
-300
-71
322
-135
-187
364
-21
-340
208
267
-215
-48
432
-349
-112
191
-246
28
122
-140
13
154
4
26
-17
144
-129
-5
105
-256
199
89
-342
334
80
-125
41
19
-150
-54
172
-64
-49
111
-2
-379
325
-137
-245
319
-147
-196
70
105
35
-163
178
162
-383
66
126
-147
-18
103
5
24
-100
138
-244
9
280
-424
73
131
-130
-24
164
-89
-19
-35
38
-112
-143
160
-226
127
66
-130
347
-111
-299
188
-60
-29
185
105
-30
-114
17
144
-40
0
-94
-116
128
-197
-8
184
40
-29
-13
28
124
-202
-56
163
-141
13
84
10
-96
-31
150
2
-157
316
-139
-137
366
-184
-84
202
47
-203
-168
331
-99
-232
500
-91
-235
411
-96
-321
221
-42
-66
71
123
-167
-99
259
-292
29
408
-314
-222
355
-230
30
271
-126
-93
81
170
-158
-12
333
-273
44
209
-183
233
-144
-127
275
-101
-187
38
87
49
-208
53
33
-282
147
-216
-110
272
-262
50
247
13
97
-46
110
105
-192
98
123
-87
71
-17
277
59
-116
332
-214
-158
119
-340
239
271
-530
47
203
-355
-269
288
90
-588
13
474
-492
212
355
-315
76
81
-203
38
234
-110
5
-2
557
-268
-7
296
-296
49
43
-72
102
-149
-229
201
-255
-17
-96
33
19
-509
47
282
-464
182
52
-87
134
-238
150
29
-190
36
311
-44
84
-217
346
80
-289
466
-130
-244
-7
183
167
-154
83
231
-361
66
181
-392
70
-55
-328
96
203
80
-491
172
414
-647
174
371
-194
18
-55
-22
458
-282
-80
570
-208
-196
43
633
3
-275
446
-172
-112
72
-131
-9
-3
-256
34
159
-194
-177
188
194
-463
-12
396
-129
-297
205
187
-188
0
52
-51
367
-36
-92
251
253
-111
-141
455
-20
-610
-132
341
-287
-263
15
49
170
-557
347
445
-432
-50
318
-19
-495
170
120
-99
-180
271
-156
237
90
-387
449
125
-303
-73
458
78
-636
414
256
-496
81
95
258
-156
205
-201
116
18
-325
-159
375
-254
-545
237
120
303
-518
475
76
-498
-107
138
240
-431
5
567
-230
30
269
207
-17
-226
223
135
-92
112
49
-32
-33
-561
99
92
-277
-249
149
162
160
-551
173
187
-759
-314
26
77
-2
-22
588
198
-402
581
-151
-50
237
-195
72
387
-204
140
-119
321
-33
-315
301
-160
-268
114
235
-298
-181
30
87
-509
311
78
-65
304
-328
-41
239
-78
-111
269
-92
200
17
280
121
-481
383
-125
12
108
-68
-4
-195
-320
304
-137
-111
240
-452
455
7
-137
535
-220
-303
-91
-94
190
-367
260
195
-29
237
-146
-210
331
-321
-233
607
-457
409
-248
22
223
-265
137
124
-227
81
499
-322
232
-281
104
-69
31
56
-434
452
139
-716
353
256
-994
171
134
-383
144
279
283
-103
99
144
-289
446
-80
-235
473
-66
28
210
-14
286
-147
26
149
-151
-1
236
-435
-221
80
-381
-101
-313
-127
-217
165
-41
-17
276
-187
-249
470
-130
-317
611
-274
23
416
82
-159
403
433
-831
426
212
-684
207
-103
-275
-16
-6
-123
-191
-196
230
-92
79
-70
-268
436
-407
53
344
-99
44
-18
113
187
312
-49
303
39
-201
176
-157
196
-55
-393
162
42
1
-129
106
364
-336
-250
457
-254
-125
258
-483
172
-53
-50
103
23
6
-98
281
18
-73
-73
281
-168
-92
117
-253
583
-410
-115
964
-218
-499
440
108
-386
33
81
-352
-288
307
-359
246
-121
-395
153
-85
-192
37
132
185
-45
65
-187
-16
269
-328
488
438
-184
46
367
-251
-325
210
-104
-319
-14
155
-122
-123
433
-379
-71
192
-300
-145
-42
398
218
-461
650
11
-962
565
42
-462
307
321
42
-26
200
107
-457
341
-107
-377
193
220
-293
230
26
-190
213
-54
-121
290
-18
-253
319
-3
-42
-409
565
-363
-677
726
168
-561
527
319
-303
-247
52
-113
-64
329
-118
-196
387
-205
-317
782
-56
-227
79
144
-204
-129
-267
-24
-408
-121
54
-142
310
-96
175
269
-380
155
-48
-216
163
-27
237
17
-158
354
-164
92
320
-318
501
-207
-284
149
52
-188
-334
102
162
-542
87
207
-181
363
-217
-83
569
-303
-14
215
-354
246
5
-82
217
-443
527
287
-386
460
-317
520
-154
-725
536
142
-526
308
-158
245
-268
-626
962
-269
-126
243
-420
197
-319
-170
261
-331
159
-496
241
1075
-902
-301
1108
-379
-105
250
192
90
-335
317
270
-112
188
-347
-43
679
-971
249
485
-837
-98
-193
-114
-9
-682
312
-81
-486
832
-551
326
592
-412
325
284
264
200
-128
577
-147
-49
572
-481
59
186
-464
396
-89
-763
383
-145
-564
-185
249
-714
-424
194
115
-377
442
345
-681
675
256
-257
252
490
17
-35
-12
511
-103
71
203
-17
-91
-46
-16
-347
132
-109
-577
-18
210
-405
118
158
-153
26
152
-279
-124
270
-255
-159
309
-415
105
-21
54
68
126
194
-193
329
75
117
209
-21
-156
169
-159
-38
35
270
-80
-192
272
-10
-339
-35
99
-622
-75
401
-145
-146
183
124
-329
-42
310
-364
99
357
-260
277
248
-151
5
-162
530
-202
10
422
-139
430
-232
-240
219
-627
-392
330
-280
126
163
149
112
-346
443
-19
-373
317
-268
60
306
-117
54
-95
-30
-66
-256
524
193
-530
503
-140
-453
180
-49
152
-98
-112
490
-271
246
108
-524
425
-74
-512
168
223
-199
-104
26
299
-456
-3
107
-324
245
-5
-248
134
-65
-129
253
-10
120
325
-45
-56
110
-47
-33
-157
216
143
-117
237
-79
-210
-35
-302
-102
-129
-221
47
-418
-77
193
-238
203
138
28
258
144
339
-129
-66
370
-481
-138
391
-134
170
317
125
156
-49
139
-351
-192
214
-428
-44
303
-297
-107
291
-91
-150
-88
85
-96
-61
156
-191
-55
73
-294
6
191
-4
-8
255
209
-75
13
17
-188
-191
132
-64
5
266
121
-167
254
42
-312
352
-14
-183
204
232
-40
-148
240
-113
-201
369
-161
-240
384
-275
-216
248
-194
-149
-143
205
-135
24
643
-313
-37
501
-418
-154
286
-158
5
126
185
-141
-123
234
-412
-93
242
-352
-88
54
-164
-274
-65
192
-336
-300
259
-156
-81
381
47
-15
85
-62
-28
159
274
25
55
440
-23
-249
320
-5
-437
16
79
-99
24
-114
-160
111
-25
-330
104
144
-265
-41
345
97
93
244
-192
-20
325
-77
-16
420
155
-205
-50
186
-234
-300
243
3
-217
300
127
-184
23
70
-308
-225
111
-222
-224
200
-9
-244
92
48
-290
-72
203
-57
-8
199
-85
-223
-78
-117
-113
-62
118
125
170
254
49
81
-15
-33
-16
-97
185
88
-132
165
104
24
89
-3
106
-39
-135
62
-89
-57
-52
-262
-37
10
-125
37
96
26
3
-10
71
79
83
71
100
226
132
76
261
135
96
220
189
188
99
117
38
-28
30
-121
-164
-68
-123
-206
-116
-201
-316
-191
-183
-278
-206
-173
-303
-186
-154
-134
-186
-192
-128
-216
-109
-83
-97
-35
-234
-290
-107
-108
-132
-162
-99
-112
-229
-80
1
-22
20
-34
101
266
184
194
276
349
387
443
655
711
577
644
762
794
759
690
695
606
516
543
489
414
242
35
32
-74
-156
-187
-230
-275
-427
-430
-392
-504
-511
-488
-465
-352
-392
-350
-274
-360
-363
-339
-271
-387
-460
-347
-334
-373
-300
-360
-492
-500
-623
-712
-726
-833
-929
-803
-692
-661
-750
-735
-753
-784
-552
-379
-360
-348
-319
-174
132
585
982
1126
1350
1431
1539
1818
1827
1772
1795
1830
1905
2069
2192
2045
1728
1404
1059
807
635
316
99
3
-258
-492
-615
-872
-1212
-1344
-1290
-1218
-1106
-910
-838
-793
-757
-817
-729
-591
-495
-264
65
220
201
173
127
-54
-229
-292
-406
-477
-517
-550
-550
-695
-1038
-1444
-1776
-1955
-1987
-1925
-1909
-1920
-1858
-1834
-1675
-1486
-1440
-1316
-1061
-462
601
1583
2100
2314
2459
2470
2466
2636
2895
3105
3161
3367
3786
3846
3443
2650
1732
864
95
-187
-294
-400
-630
-1098
-1501
-1846
-2285
-2533
-2380
-1926
-1359
-821
-243
108
268
332
372
559
791
1185
1772
2234
2405
2201
1657
1096
567
191
29
-190
-526
-810
-1234
-1749
-2246
-2802
-3380
-3755
-3582
-3222
-2885
-2580
-2571
-2715
-2773
-2645
-2200
-1686
-1224
-743
-330
41
283
411
500
378
393
816
1785
2879
3515
3738
3521
2957
2272
1940
1951
2041
2094
2271
2641
2723
2339
1673
747
-260
-1047
-1367
-1235
-1037
-875
-876
-1105
-1529
-2108
-2374
-2098
-1593
-849
58
948
1605
1908
2067
2139
2049
2015
2342
3049
3755
3984
3644
2870
1766
587
-260
-800
-1256
-1808
-2253
-2603
-3031
-3529
-4152
-4737
-5071
-5139
-4827
-4207
-3541
-2984
-2640
-2308
-1882
-1365
-705
-26
721
1389
1757
1962
2014
1826
1367
842
449
158
-83
-213
-347
-578
-813
-858
-520
177
830
941
647
494
636
863
1208
1797
2448
2930
3281
3730
4002
3599
2702
1820
1256
943
835
928
939
583
-137
-952
-1548
-1979
-2229
-2085
-1564
-883
-365
-51
133
65
-174
-215
155
819
1572
2281
2764
2741
2127
1174
235
-505
-983
-1125
-1054
-1070
-1294
-1648
-2170
-2833
-3440
-3855
-3978
-3745
-3146
-2384
-1890
-1781
-1838
-1903
-1743
-1282
-636
46
535
838
979
918
656
121
-512
-892
-987
-900
-669
-451
-253
-153
61
626
1477
2180
2278
2114
2163
2497
2868
3236
3691
4140
4274
4108
3954
3648
2785
1562
553
1
-405
-738
-971
-1275
-1883
-2784
-3511
-3767
-3710
-3419
-2614
-1425
-408
108
378
605
703
728
1059
1889
2820
3488
3944
4165
3917
3041
1824
776
-3
-617
-1011
-1196
-1520
-2201
-3012
-3685
-4223
-4728
-5040
-4848
-4196
-3492
-2834
-2244
-1839
-1692
-1597
-1171
-399
380
888
1299
1757
1981
1795
1406
990
429
-221
-613
-695
-816
-1153
-1466
-1537
-1461
-1287
-665
444
1605
2084
1914
1782
2021
2382
2737
3363
4175
4708
4822
4857
4732
4033
2722
1414
563
25
-390
-654
-939
-1585
-2652
-3686
-4278
-4489
-4358
-3706
-2609
-1405
-471
42
275
288
200
414
1164
2273
3333
4112
4469
4166
3304
2226
1315
616
60
-324
-585
-995
-1699
-2632
-3535
-4223
-4650
-4767
-4572
-4000
-3154
-2356
-1924
-1831
-1734
-1493
-1058
-299
646
1449
1828
1931
1947
1803
1386
841
417
88
-372
-859
-1150
-1528
-2251
-2963
-3001
-2353
-1601
-764
587
2202
2940
2567
2181
2544
3090
3336
3884
5056
6001
6019
5653
5313
4418
2562
616
-459
-860
-1360
-1917
-2192
-2617
-3798
-5204
-5870
-5734
-5433
-4920
-3651
-1930
-702
-225
143
609
878
1174
2136
3652
4835
5307
5406
5255
4517
3237
2081
1463
1047
490
-122
-766
-1668
-2940
-4160
-4901
-5062
-4878
-4469
-3788
-3047
-2508
-2303
-2299
-2177
-1768
-959
176
1306
2067
2285
2110
1716
1317
1014
787
647
557
387
-164
-1060
-2089
-3029
-3773
-4043
-3578
-2415
-1166
-100
943
2008
2650
2415
1956
2159
3128
4186
5077
5947
6617
6483
5592
4553
3566
2173
412
-952
-1534
-1945
-2700
-3615
-4429
-5355
-6358
-6814
-6335
-5401
-4549
-3470
-1868
-257
645
1056
1632
2514
3444
4498
5717
6625
6690
6068
5301
4466
3289
1929
893
320
-198
-957
-1948
-3158
-4523
-5647
-6017
-5633
-4892
-4186
-3547
-2826
-2124
-1574
-1196
-848
-337
527
1883
3257
4013
3887
3131
2229
1390
716
173
-236
-620
-1026
-1555
-2405
-3572
-4832
-5757
-6078
-5562
-4284
-2668
-1484
-599
551
2186
3431
3533
3224
3622
4946
6315
7242
7798
7855
6963
5547
4380
3429
1838
-407
-2243
-3086
-3590
-4382
-5336
-6118
-6949
-7706
-7633
-6500
-5081
-3997
-2726
-793
1235
2520
3229
3977
4871
5615
6360
7272
7844
7401
6288
5230
4314
3010
1319
-61
-859
-1539
-2359
-3213
-4066
-5013
-5781
-5775
-5061
-4201
-3690
-3254
-2531
-1658
-831
-145
386
823
1299
2041
2828
3122
2550
1421
373
-460
-1126
-1741
-2195
-2594
-3036
-3599
-4258
-4940
-5581
-5995
-5974
-5207
-3766
-2002
-609
579
2047
3903
5346
5669
5498
5847
6878
7827
8294
8428
8143
7099
5495
3909
2412
390
-2062
-4012
-4806
-5081
-5579
-6313
-6934
-7476
-7858
-7543
-6258
-4544
-3003
-1351
801
3018
4467
5104
5594
6244
6871
7468
8092
8372
7795
6527
5138
3755
2045
47
-1580
-2355
-2737
-3237
-3982
-4796
-5599
-6188
-6136
-5405
-4487
-3795
-3145
-2231
-1206
-418
6
205
357
628
1216
1915
2225
1705
607
-478
-1342
-2098
-2796
-3290
-3430
-3394
-3442
-3733
-4249
-4833
-5202
-4984
-3953
-2281
-407
1178
2530
4130
5917
7278
7445
6830
6510
7052
7934
8359
8143
7275
5701
3664
1705
0
-1899
-4046
-5760
-6484
-6551
-6735
-7181
-7598
-7824
-7699
-6786
-4981
-2730
-742
1112
3203
5303
6761
7412
7824
8266
8653
8872
8967
8634
7418
5442
3349
1411
-550
-2566
-4207
-5030
-5289
-5506
-5961
-6596
-7211
-7458
-6955
-5786
-4412
-3216
-2101
-838
407
1356
1861
2034
2051
2135
2498
2934
2938
2160
801
-600
-1827
-2862
-3741
-4421
-4835
-4960
-4812
-4678
-4911
-5431
-5683
-5175
-3930
-2207
-153
2024
3705
4884
6168
7766
8781
8410
7568
7623
8459
8663
7813
6634
5336
3354
834
-1180
-2460
-3973
-5955
-7247
-7189
-6863
-7285
-7830
-7495
-6547
-5572
-4217
-1892
683
2464
3853
5633
7518
8401
8432
8582
8913
8700
7845
6951
6002
4321
1963
-166
-1784
-3408
-5207
-6422
-6614
-6399
-6473
-6684
-6607
-6305
-5871
-5021
-3563
-2028
-950
-32
1126
2269
2815
2726
2516
2243
1837
1437
1163
720
-357
-1820
-3023
-3837
-4606
-5315
-5565
-5265
-4824
-4433
-3916
-3370
-3136
-2978
-2173
-524
1385
3039
4800
6527
7580
7952
8295
8893
8712
7519
6496
6398
6243
4904
2961
1430
-37
-2135
-4190
-5177
-5521
-6417
-7475
-7444
-6570
-6169
-6313
-5692
-3882
-2027
-640
1143
3574
5530
6462
7199
8328
9061
8743
8140
7834
7296
5874
4032
2452
782
-1436
-3617
-5118
-6136
-7192
-7963
-7800
-7146
-6729
-6558
-5984
-4938
-3931
-2868
-1376
379
1676
2344
2972
3639
3888
3474
2817
2258
1608
847
151
-493
-1508
-2990
-4255
-4951
-5280
-5509
-5427
-4763
-3967
-3358
-2761
-1959
-1243
-865
-243
1107
2754
3926
4730
5898
6827
6974
6601
6704
7045
6328
4824
3821
3650
2935
1216
-268
-854
-1558
-2923
-4023
-4024
-4019
-4940
-5747
-5281
-4232
-3855
-3622
-2249
-300
894
1430
2565
4218
5102
5308
5869
6840
7016
6095
5150
4523
3367
1440
-241
-1156
-2074
-3406
-4582
-5075
-5369
-5901
-6019
-5294
-4297
-3632
-3016
-1843
-554
257
787
1498
2295
2517
2363
2382
2488
2131
1072
-36
-889
-1678
-2506
-3235
-3683
-4146
-4684
-4932
-4756
-4314
-3918
-3327
-2344
-1229
-232
600
1371
1886
2097
2277
2688
3168
3449
3749
4485
4842
4524
4025
4159
4517
3770
2240
1229
1096
712
-233
-792
-687
-938
-1961
-2663
-2290
-2027
-2787
-3637
-3288
-2317
-1857
-1646
-679
624
1152
1184
1976
3369
4017
3921
4110
4817
4880
4008
3164
2620
1628
31
-1053
-1256
-1607
-2642
-3623
-3795
-3670
-3954
-4098
-3414
-2377
-1673
-1190
-354
499
677
481
696
1265
1302
787
483
536
296
-570
-1460
-2030
-2623
-3303
-3654
-3420
-3121
-3171
-3213
-2847
-2237
-1825
-1410
-656
148
683
1079
1710
2171
1971
1405
1246
1451
1463
1465
2021
2749
2705
2417
2818
3914
3911
2541
1357
1337
1497
919
474
765
1019
202
-709
-643
-449
-1467
-3101
-3580
-2899
-2462
-2489
-2037
-933
-445
-535
-14
1458
2548
2717
3072
4129
5026
4846
4278
3931
3382
2220
1198
855
611
-297
-1442
-2007
-2370
-3157
-4206
-4478
-3943
-3325
-2850
-2310
-1665
-1519
-1711
-1461
-745
-374
-674
-812
-284
321
330
-147
-564
-1028
-1560
-1690
-1209
-569
-590
-1006
-1097
-813
-725
-971
-1023
-668
-352
-155
275
793
646
-241
-988
-1014
-713
-615
-259
560
1503
1780
2153
3040
4172
4274
3450
2913
3071
3338
2836
2383
2239
2100
1308
358
-161
-650
-1798
-3250
-3928
-3798
-3605
-3483
-2923
-1800
-903
-453
-37
982
2044
2794
3447
4278
5142
5348
5124
4668
4118
3060
1650
564
-144
-703
-1478
-2329
-3111
-4016
-4892
-5466
-5176
-4440
-3716
-3123
-2451
-1693
-1139
-762
-518
-300
-311
-214
311
1110
1582
1348
799
309
44
-234
-448
-447
-619
-945
-1296
-1368
-1424
-1820
-2290
-2455
-2124
-1794
-1445
-1049
-693
-677
-971
-1125
-724
-74
572
1179
2036
2908
3580
4391
5266
6040
5751
4779
3842
3456
3048
2356
1703
1345
845
-133
-1103
-1706
-2282
-3395
-4491
-4808
-4350
-3678
-3020
-2056
-893
-122
265
887
2178
3294
3993
4423
5141
5743
5556
4922
4083
3094
1533
-73
-1115
-1637
-2189
-3080
-3874
-4539
-5150
-5792
-5758
-4965
-4013
-3292
-2698
-1680
-698
-29
279
597
846
846
1043
1555
2238
2283
1726
1143
699
266
-424
-954
-1370
-1849
-2366
-2592
-2443
-2461
-2773
-3081
-2894
-2416
-1948
-1312
-503
286
526
590
832
1375
1681
1779
2052
2463
3012
3345
4312
5284
5897
5344
4079
2846
1714
792
-14
-250
-298
-426
-827
-1183
-1478
-2165
-3205
-4125
-4288
-3744
-2721
-1421
-233
688
1017
1298
1664
2314
2830
3202
3731
4358
5018
5012
4404
3184
1609
-38
-1402
-2107
-2397
-2534
-2863
-3231
-3561
-3944
-4322
-4500
-4111
-3217
-2161
-1164
-162
651
1060
1126
1064
932
755
676
890
1324
1627
1413
772
-119
-1033
-1821
-2524
-2874
-3021
-3008
-2892
-2561
-2269
-2300
-2444
-2532
-2131
-1382
-355
729
1557
1956
1973
2005
2031
2020
1688
1401
1403
1808
2339
2952
3848
4240
4032
3053
1987
928
11
-590
-767
-366
32
338
360
238
-212
-1082
-1983
-2493
-2398
-1978
-1111
36
977
1447
1497
1489
1370
1304
1207
1508
2151
2879
3400
3345
2829
1582
23
-1455
-2230
-2411
-2290
-1981
-1673
-1454
-1698
-2264
-2987
-3430
-3362
-2809
-1879
-889
5
524
679
489
-3
-630
-1069
-990
-520
151
668
762
366
-398
-1148
-1711
-2051
-2162
-2004
-1465
-763
-214
-188
-553
-1043
-1337
-1161
-508
390
1219
1760
1940
1932
1735
1209
499
-97
-402
-261
262
1035
1700
2412
2875
3073
2802
2157
1271
429
133
223
621
1015
1481
1675
1539
1184
624
-177
-1140
-1796
-2046
-1726
-1015
-327
173
360
400
132
-134
-242
-141
254
972
2021
2770
2919
2302
1189
-23
-904
-1215
-1081
-668
-260
6
-19
-483
-1399
-2630
-3469
-3581
-3192
-2539
-1617
-772
-355
-337
-654
-1047
-1510
-1658
-1327
-448
718
1513
1704
1300
777
132
-566
-835
-748
-431
-113
255
322
-158
-892
-1632
-1868
-1720
-1243
-604
23
479
583
429
19
-506
-1047
-1300
-928
-62
1001
1812
2555
3349
3863
3891
3387
2842
2076
1611
1569
1819
2034
2026
1983
1637
1273
702
-69
-1222
-2325
-2954
-3210
-2894
-2288
-1634
-1312
-1106
-901
-990
-1037
-981
-546
99
1113
2247
3003
3137
2667
2005
1144
582
314
252
331
507
496
14
-837
-2000
-3226
-4071
-4157
-3673
-2998
-2210
-1424
-866
-639
-699
-886
-1102
-995
-405
657
1887
2777
3001
2596
1974
1245
617
157
-92
-200
-226
-181
-321
-695
-1323
-2106
-2564
-2557
-2126
-1437
-706
-113
175
292
129
-223
-570
-564
-151
478
1255
1972
2404
2936
3299
3472
3161
2689
2055
1404
1208
1114
1045
732
595
344
107
-54
-384
-1128
-2167
-2818
-3134
-3119
-2678
-2042
-1425
-1009
-586
-394
-331
-297
-193
90
785
1942
2879
3401
3474
3230
2546
1723
1147
762
582
627
798
639
91
-817
-1921
-2841
-3321
-3270
-3020
-2476
-1792
-1131
-619
-350
-357
-565
-644
-372
234
1062
1784
2178
2148
1828
1353
688
54
-503
-802
-871
-812
-829
-1104
-1481
-2017
-2441
-2544
-2372
-1988
-1486
-913
-512
-309
-365
-543
-770
-800
-553
-113
267
677
923
1283
2031
2668
2956
2745
2429
1796
1236
960
801
639
479
636
879
1125
1195
816
-98
-1192
-1972
-2596
-2725
-2247
-1519
-892
-352
41
-15
-300
-694
-834
-591
331
1649
2831
3716
4123
4032
3260
2437
1774
1372
1295
1463
1729
1631
1207
283
-811
-1821
-2607
-3020
-3149
-2809
-2194
-1491
-1024
-883
-1086
-1555
-1897
-1967
-1518
-815
-70
571
924
978
661
233
-231
-505
-556
-485
-396
-425
-479
-688
-954
-1153
-1284
-1410
-1541
-1386
-1102
-853
-744
-859
-1100
-1423
-1459
-1386
-1152
-871
-441
-101
389
1386
2300
2918
2940
2827
2384
1930
1663
1497
1456
1437
1747
1949
2177
2287
1952
1070
-124
-1034
-1853
-2142
-1924
-1404
-897
-650
-483
-712
-933
-1186
-1138
-840
-96
1177
2420
3567
4171
4313
3843
3190
2589
2156
2058
2039
2088
1888
1510
763
-298
-1521
-2692
-3500
-4039
-4152
-3950
-3504
-3082
-2940
-3000
-3192
-3247
-3180
-2782
-2078
-1217
-304
433
1043
1363
1525
1486
1315
1188
1015
800
472
209
4
-218
-466
-734
-983
-1286
-1522
-1663
-1820
-1956
-2156
-2265
-2288
-2041
-1680
-1324
-953
-684
-386
-176
481
1388
2373
3063
3444
3552
3262
3002
2662
2467
2309
2373
2637
2950
3336
3294
2777
1674
459
-659
-1528
-1830
-1831
-1518
-1305
-1053
-971
-1027
-1087
-1236
-1211
-1020
-306
633
1673
2523
3002
3161
2966
2739
2478
2334
2144
1894
1532
1092
628
13
-683
-1520
-2285
-3030
-3581
-3891
-3913
-3693
-3530
-3408
-3377
-3243
-3070
-2833
-2498
-2085
-1546
-999
-384
244
860
1355
1609
1692
1634
1480
1122
736
459
414
482
581
666
523
157
-461
-1082
-1677
-2088
-2356
-2493
-2442
-2224
-1858
-1588
-1372
-1335
-1354
-1391
-1050
-129
1041
2193
2936
3444
3577
3565
3415
3189
3097
3071
3315
3586
4077
4483
4467
3821
2668
1506
334
-564
-1205
-1538
-1703
-1838
-1890
-2014
-2047
-2190
-2402
-2680
-2746
-2357
-1655
-699
187
1014
1578
2006
2296
2463
2554
2406
2138
1745
1533
1474
1395
1108
508
-202
-1067
-1877
-2580
-3077
-3441
-3823
-4129
-4305
-4235
-4113
-3958
-3809
-3577
-3156
-2522
-1635
-647
344
1148
1708
2031
2172
2220
2190
2205
2278
2355
2325
2164
1818
1219
462
-386
-1180
-1838
-2305
-2594
-2783
-2867
-2825
-2675
-2511
-2332
-2125
-1905
-1590
-950
61
1305
2523
3489
4137
4447
4585
4605
4547
4466
4459
4519
4595
4715
4798
4580
3851
2662
1168
-402
-1802
-2881
-3595
-3957
-3985
-3817
-3630
-3492
-3473
-3555
-3598
-3367
-2705
-1681
-444
800
1950
2937
3695
4131
4231
4063
3689
3206
2726
2346
2005
1567
889
-44
-1120
-2203
-3194
-4009
-4585
-4974
-5254
-5428
-5414
-5153
-4685
-4075
-3422
-2726
-1954
-1102
-192
729
1633
2380
2916
3249
3392
3330
3047
2643
2123
1580
1100
681
267
-220
-756
-1334
-1881
-2325
-2662
-2879
-2963
-2842
-2530
-2019
-1399
-829
-453
-272
-152
71
670
1622
2795
3824
4537
4807
4667
4345
3890
3440
2995
2684
2482
2395
2467
2506
2293
1601
502
-862
-2191
-3181
-3726
-3794
-3498
-2911
-2287
-1720
-1264
-991
-859
-807
-597
-161
561
1460
2332
3019
3412
3554
3342
2844
2094
1199
298
-453
-900
-1122
-1197
-1361
-1674
-2152
-2717
-3267
-3747
-3982
-3987
-3738
-3313
-2734
-2089
-1499
-1002
-685
-468
-303
-81
209
604
1079
1479
1693
1622
1332
860
347
-96
-382
-449
-335
-130
-13
2
-118
-335
-598
-815
-883
-818
-605
-293
65
358
454
337
36
-240
-378
-129
493
1390
2272
2867
3139
3044
2819
2447
2062
1710
1538
1610
1861
2294
2661
2740
2291
1375
192
-1001
-1879
-2369
-2413
-2164
-1683
-1200
-858
-686
-775
-1018
-1348
-1479
-1336
-852
-139
604
1263
1696
1936
1864
1557
1061
490
-27
-390
-443
-325
-91
-11
-157
-533
-1046
-1564
-2053
-2361
-2569
-2653
-2663
-2549
-2335
-2093
-1854
-1738
-1670
-1580
-1341
-988
-553
-45
388
710
886
1000
1047
1078
1144
1229
1382
1546
1707
1731
1631
1423
1108
761
392
72
-244
-518
-734
-912
-1030
-1181
-1380
-1663
-1930
-2079
-1965
-1383
-461
660
1619
2300
2579
2569
2466
2274
2143
2076
2196
2427
2788
3209
3427
3224
2484
1360
13
-1190
-2024
-2454
-2506
-2285
-1876
-1590
-1438
-1485
-1718
-2025
-2213
-2021
-1504
-655
286
1147
1798
2224
2451
2402
2192
1831
1408
1001
770
737
752
728
495
83
-494
-1063
-1590
-2045
-2392
-2696
-2917
-3055
-2988
-2762
-2425
-2081
-1834
-1659
-1515
-1306
-1037
-650
-177
284
716
1084
1398
1571
1654
1660
1640
1654
1709
1787
1769
1639
1324
864
317
-264
-835
-1388
-1790
-2042
-2141
-2178
-2237
-2383
-2636
-2841
-2811
-2239
-1201
125
1405
2429
3093
3322
3338
3168
2982
2831
2835
3002
3289
3687
3911
3708
2900
1656
168
-1249
-2257
-2804
-2880
-2673
-2272
-1937
-1748
-1655
-1773
-1991
-2164
-1960
-1377
-472
606
1608
2377
2831
3078
3080
2917
2599
2160
1686
1299
1131
1005
865
536
3
-671
-1426
-2033
-2540
-2871
-3173
-3426
-3575
-3627
-3494
-3255
-2884
-2543
-2228
-1906
-1549
-1127
-635
-32
542
1081
1563
1945
2215
2390
2512
2463
2344
2174
1956
1638
1224
730
45
-663
-1304
-1858
-2388
-2821
-3098
-3299
-3337
-3264
-3178
-3099
-2930
-2612
-2139
-1128
313
1938
3261
4230
4756
4758
4660
4436
4267
4060
3998
3933
3848
3865
3683
3038
1770
219
-1472
-2894
-3699
-3956
-3767
-3397
-2857
-2480
-2249
-1998
-1890
-1776
-1537
-830
202
1501
2877
3956
4647
4902
4843
4416
3887
3249
2529
1819
1234
762
142
-555
-1489
-2521
-3510
-4221
-4680
-4950
-4896
-4777
-4581
-4358
-3997
-3663
-3266
-2720
-2157
-1509
-774
111
817
1424
1904
2177
2310
2353
2495
2493
2478
2356
2007
1518
965
461
-185
-788
-1380
-1998
-2548
-2880
-2955
-3022
-2961
-2882
-2787
-2672
-2412
-2005
-1680
-1339
-1034
-591
73
1360
2906
4418
5492
6052
6150
5696
5261
4561
3899
3280
2923
2821
2760
2829
2462
1471
-116
-1836
-3345
-4408
-4693
-4481
-3784
-2916
-1978
-1315
-936
-615
-587
-409
33
1066
2369
3706
4856
5385
5386
4810
3956
2826
1749
851
71
-547
-1082
-1577
-2311
-3157
-4180
-5219
-6065
-6474
-6326
-5688
-4542
-3368
-2407
-1807
-1377
-1058
-754
-348
70
589
1163
1848
2431
2883
3082
2814
2282
1658
1176
758
487
295
-40
-379
-715
-1006
-1365
-1706
-2029
-2334
-2391
-2181
-1771
-1338
-837
-565
-576
-692
-845
-962
-1069
-937
-767
-455
49
713
1325
2235
3265
4167
4691
4844
4697
4078
3762
3473
3258
3073
3008
2834
2300
1803
1094
67
-1151
-2294
-3219
-3774
-3582
-3120
-2572
-2005
-1495
-1248
-1207
-867
-575
-94
680
1841
3070
4148
4939
4918
4297
3281
2188
1088
260
-274
-789
-1259
-1706
-2317
-3329
-4519
-5766
-6771
-7248
-7043
-6322
-5214
-3797
-2422
-1157
-181
431
664
892
1327
1982
2967
3957
4706
4912
4682
4038
3042
2016
900
-185
-1069
-1530
-1713
-1833
-1888
-2265
-2958
-3685
-4103
-4133
-3750
-2875
-1882
-923
-105
478
740
782
798
694
579
721
1108
1579
2021
2383
2395
1954
1394
953
1250
1838
2706
3376
3694
3504
2713
2278
1658
1150
681
553
746
967
1392
1337
703
-345
-1613
-2759
-3275
-2890
-2284
-1613
-836
-140
195
411
726
690
697
996
1593
2335
3095
3561
3156
2172
1071
-63
-1016
-1581
-1984
-2485
-3120
-3647
-4252
-4916
-5429
-5855
-5896
-5503
-4483
-3183
-1736
-344
657
1414
1967
2519
2965
3416
3831
3989
4016
3762
3199
2295
1270
254
-781
-1516
-2076
-2542
-2945
-3277
-3494
-3707
-3676
-3482
-3151
-2521
-1674
-660
311
1250
1935
2278
2467
2518
2487
2434
2572
2681
2691
2497
1992
1238
266
-613
-1301
-1771
-1946
-1926
-1413
-199
1087
2348
2936
3000
2437
1778
1794
1965
2478
2964
3356
3442
3248
2776
1682
146
-1494
-2899
-3644
-3390
-2554
-1854
-1328
-1195
-1409
-1878
-2172
-2168
-2035
-1232
-48
1367
2666
3495
3365
2300
999
-142
-925
-1189
-1005
-837
-870
-1301
-2054
-3120
-4221
-5125
-5625
-5361
-4514
-3210
-1715
-268
810
1414
1696
1743
1829
2226
2910
3584
4066
4130
3655
2812
1830
794
-289
-1236
-1884
-2323
-2434
-2340
-2297
-2436
-2621
-2646
-2442
-1952
-1243
-576
57
867
1722
2547
3192
3574
3536
3167
2753
2431
2137
1791
1233
415
-423
-1161
-1785
-2458
-2986
-3401
-3540
-3336
-2224
-476
1201
2552
3218
3530
3174
2944
2903
2916
3163
3381
3642
3661
3481
2753
1300
-416
-2101
-3464
-4222
-4068
-3608
-3250
-3049
-3178
-3516
-3889
-3730
-3274
-2424
-1044
521
1977
3003
3499
3179
2305
1374
726
473
561
720
599
73
-816
-1910
-3050
-3857
-4270
-4137
-3407
-2198
-786
308
1091
1336
1268
1252
1622
2316
2988
3592
3784
3517
2710
1742
655
-340
-1012
-1520
-1762
-1873
-1856
-1939
-2186
-2393
-2537
-2366
-1725
-715
456
1561
2378
2728
2777
2679
2462
2067
1783
1579
1288
969
627
143
-721
-1867
-3061
-3958
-4380
-4410
-4242
-3738
-2920
-2064
-741
1538
3904
5156
5225
5123
4879
4364
4092
4080
4086
3749
3103
2295
1466
273
-1842
-4364
-6029
-6678
-6773
-6137
-4852
-3822
-3514
-3496
-3313
-2976
-2292
-1180
294
2286
4436
5960
6494
6178
5097
3475
2023
1324
1212
1347
1328
860
-120
-1620
-3380
-4947
-5785
-5767
-5060
-3690
-2064
-638
316
749
755
485
513
1088
2268
3754
4899
5276
4681
3350
1572
-11
-1034
-1511
-1625
-1349
-853
-649
-877
-1486
-2164
-2711
-2838
-2253
-1087
325
1420
1948
2081
1905
1532
1132
915
908
975
1102
1156
831
91
-983
-2169
-3151
-3709
-3796
-3633
-3303
-3052
-2865
-2551
-2015
-1031
1040
3878
5532
5402
4871
4797
4128
2802
2134
2113
1929
1422
1102
926
227
-1653
-4393
-6282
-6527
-6116
-5496
-3950
-2152
-1554
-1810
-1742
-1307
-908
-86
1445
3522
5873
7543
7830
7075
5764
3874
1868
866
813
840
643
202
-716
-2310
-4303
-6098
-7011
-6741
-5700
-4272
-2544
-941
-31
303
466
465
431
968
2357
4101
5582
6297
5892
4392
2590
1114
204
-231
-413
-441
-483
-541
-1041
-2085
-3245
-4007
-4148
-3468
-2008
-444
624
952
783
355
-110
-305
-231
275
1054
1655
1877
1578
644
-779
-2133
-2934
-3025
-2660
-2004
-1408
-1090
-1286
-1908
-2306
-2336
-2134
-599
2589
5129
5284
4277
3968
3054
1116
93
344
731
662
664
903
846
-302
-2760
-4836
-4953
-4238
-3625
-1853
619
1505
887
458
512
243
476
1696
3181
4859
6171
6223
5179
3786
1967
-224
-1516
-1389
-1032
-938
-896
-1262
-2401
-4024
-5443
-6020
-5405
-4011
-2468
-877
659
1542
1609
1562
1545
1396
1552
2565
4071
5084
5303
4675
3197
1468
148
-614
-1194
-1561
-1578
-1473
-1547
-2032
-2892
-3861
-4368
-4220
-3336
-1882
-361
684
1047
1061
851
560
446
586
1037
1651
2088
2062
1552
599
-712
-1956
-2644
-2730
-2552
-2229
-1978
-1941
-2214
-2764
-3196
-3225
-2853
-1308
1815
4613
5121
4049
3660
3139
1570
728
1253
1904
1763
1687
2048
2066
1037
-1203
-3387
-3986
-3629
-3293
-1895
298
1064
208
-465
-392
-675
-658
385
1760
3342
4753
5252
4709
3675
2273
534
-506
-364
39
249
414
177
-875
-2423
-3846
-4684
-4625
-3721
-2356
-952
289
986
1027
924
780
571
635
1600
3053
3943
4280
4035
2932
1277
29
-444
-883
-1287
-1374
-1298
-1312
-1795
-2823
-3944
-4447
-4397
-3870
-2630
-955
271
761
1107
1211
999
781
747
1062
1436
1716
1674
1289
757
-127
-1201
-2000
-2307
-2568
-2963
-3159
-3090
-3177
-3597
-3787
-3523
-2979
-2171
-1099
1227
4299
6019
5637
4699
4826
4273
2889
2585
3174
3237
2471
1913
1692
1057
-385
-2407
-3780
-3825
-3727
-3737
-2457
-901
-900
-1671
-1833
-1462
-1277
-256
1655
3350
4789
5597
5736
5610
5044
3662
1948
1129
1029
809
610
353
-533
-2195
-3933
-5059
-5269
-4866
-4312
-3462
-2375
-1488
-1066
-673
-113
90
177
844
2266
3656
4372
4466
4019
3125
2034
1285
801
204
-413
-832
-1265
-2038
-3052
-4028
-4814
-5198
-4855
-3896
-2659
-1557
-863
-388
-44
131
181
399
937
1414
1752
2094
2310
2013
1172
299
-423
-1064
-1502
-1659
-1767
-2018
-2335
-2368
-2218
-2110
-1990
-1693
-1005
-140
559
2230
4576
5627
4791
3638
3791
3332
2129
1945
2380
2107
939
116
-28
-398
-1387
-2677
-3283
-2927
-2712
-2486
-974
450
232
-457
-373
309
811
1928
3413
4229
4824
5039
4705
4076
3023
1473
-181
-952
-1088
-1361
-1571
-1909
-2771
-4023
-4937
-5294
-5058
-4293
-3332
-2118
-887
125
593
912
1516
1820
1943
2409
3351
3971
3837
3453
2707
1490
28
-1016
-1633
-2061
-2332
-2818
-3418
-4050
-4441
-4523
-4253
-3507
-2620
-1506
-252
754
1391
1651
1704
1568
1592
1957
2376
2736
2800
2362
1445
517
-254
-1124
-1895
-2273
-2240
-2102
-1962
-1793
-1786
-1935
-1973
-1656
-1004
-271
329
806
1264
1605
2598
3954
4349
3538
2609
2570
2151
1395
1466
1620
963
-40
-361
-62
-99
-565
-1148
-1558
-1666
-1897
-1769
-639
145
-132
-278
173
556
579
1180
1963
1961
1851
1916
1828
1544
1068
420
-285
-770
-1077
-1320
-1261
-1219
-1620
-2182
-2418
-2360
-2076
-1541
-1010
-651
-493
-305
116
782
1416
1558
1379
1411
1636
1633
1364
1026
410
-642
-1492
-1484
-1135
-1152
-1402
-1691
-1953
-2153
-2131
-1818
-1278
-588
0
389
876
1190
975
681
631
779
977
1286
1615
1539
1178
614
-201
-875
-1197
-1236
-1151
-955
-800
-933
-1103
-982
-856
-871
-866
-664
-171
326
730
889
675
342
-94
-115
1040
2536
3184
2691
2016
1586
697
89
351
565
187
-259
-124
271
192
-333
-1121
-1909
-2400
-2622
-2027
-610
226
177
44
56
-209
-509
88
954
1377
1865
2473
2766
2537
1947
1225
564
253
238
393
711
781
174
-786
-1624
-2201
-2356
-2085
-1590
-1103
-691
-370
-253
-237
-322
-677
-1124
-1144
-577
187
833
1115
876
260
-223
-197
119
383
583
675
604
466
316
30
-441
-883
-1081
-942
-575
-157
-78
-342
-648
-1005
-1179
-935
-377
115
320
462
518
420
242
10
-158
-197
-89
98
356
595
531
134
-371
-891
-1256
-1267
-1053
-811
-713
-744
-851
-1104
-1025
-116
1039
1656
1641
1668
1801
1405
1012
960
753
325
207
597
900
719
286
-408
-1297
-1869
-1802
-983
62
555
701
765
548
100
50
863
1687
2191
2869
3447
3419
2849
2124
1285
345
-201
-173
82
244
155
-326
-1212
-2256
-3012
-3132
-2840
-2365
-1726
-1052
-658
-753
-938
-977
-1051
-1004
-377
763
1683
2071
2071
1626
770
-40
-294
-155
36
219
216
-90
-671
-1434
-2241
-2875
-3143
-2979
-2410
-1639
-953
-615
-572
-652
-756
-525
118
1012
1959
2615
2786
2477
1995
1531
987
584
528
610
484
98
-344
-852
-1590
-2389
-2858
-2876
-2532
-2078
-1661
-1399
-1520
-1766
-1808
-1367
-89
1601
3088
3894
4016
3879
3356
2641
2169
1938
1936
2059
2164
2197
1868
1104
-70
-1446
-2354
-2555
-2086
-1037
-26
565
581
87
-445
-640
-97
947
1994
2996
3699
3869
3550
2822
1810
673
-197
-517
-467
-253
-93
-400
-1306
-2539
-3639
-4223
-4313
-3960
-3233
-2421
-1832
-1640
-1631
-1589
-1588
-1463
-929
27
995
1588
1826
1698
1174
477
-49
-270
-255
-58
181
195
-120
-636
-1224
-1790
-2161
-2179
-1797
-1238
-731
-365
-213
-237
-329
-238
187
806
1490
2144
2563
2601
2263
1750
1199
695
409
389
431
359
147
-201
-743
-1449
-2042
-2355
-2343
-2031
-1622
-1316
-1245
-1281
-1240
-1096
-514
803
2489
3863
4460
4551
4361
3680
2777
2211
2083
2023
1755
1587
1609
1309
519
-604
-1715
-2505
-2807
-2310
-1218
-251
187
12
-549
-1145
-1333
-807
109
1069
2006
2703
2882
2529
1836
960
0
-716
-826
-440
30
227
-103
-1014
-2388
-3672
-4274
-4210
-3715
-2931
-2055
-1470
-1412
-1636
-1884
-2114
-2119
-1533
-402
804
1726
2244
2253
1661
764
86
-168
-28
413
916
1159
959
432
-240
-1024
-1688
-1857
-1486
-853
-218
317
585
372
-105
-326
-110
433
1182
1992
2597
2685
2317
1759
1114
514
185
204
347
406
401
238
-318
-1162
-1886
-2258
-2280
-2015
-1519
-1030
-833
-886
-980
-924
-543
290
1496
2621
3231
3469
3470
3082
2456
1996
1845
1718
1527
1578
1763
1623
1006
22
-976
-1757
-2188
-2000
-1315
-629
-348
-533
-964
-1480
-1793
-1596
-1022
-286
526
1220
1564
1504
1168
668
62
-389
-415
-91
335
576
447
-127
-1113
-2155
-2858
-3089
-2938
-2568
-2104
-1761
-1737
-1949
-2195
-2383
-2416
-2098
-1381
-500
279
888
1214
1109
723
398
336
549
986
1553
2031
2217
2063
1637
1085
580
278
248
406
571
628
504
170
-294
-675
-807
-723
-471
-40
440
734
721
523
285
97
111
371
742
1076
1292
1311
1052
595
147
-158
-299
-296
-178
-9
81
-15
-231
-433
-556
-507
-190
381
976
1312
1290
1017
656
361
261
347
453
457
396
338
280
170
-32
-305
-484
-446
-232
71
319
296
-59
-526
-855
-981
-898
-601
-227
1
-9
-196
-437
-645
-811
-903
-884
-777
-643
-504
-410
-491
-812
-1235
-1526
-1577
-1381
-1030
-718
-591
-660
-826
-980
-1028
-877
-570
-224
91
362
582
682
637
500
351
265
305
520
849
1138
1225
1075
799
517
331
296
397
534
602
596
515
385
277
253
316
419
559
715
849
940
945
830
643
497
430
408
409
406
332
128
-144
-367
-481
-517
-559
-633
-704
-760
-805
-799
-726
-645
-596
-512
-327
-65
228
473
565
518
431
393
454
584
652
543
314
101
-25
-44
-2
6
-30
-71
-120
-162
-156
-168
-292
-468
-578
-623
-587
-434
-241
-125
-123
-187
-247
-226
-118
4
84
90
31
-20
-17
-24
-112
-262
-407
-512
-554
-552
-554
-598
-690
-805
-884
-858
-728
-551
-377
-229
-88
46
164
284
407
498
523
530
592
680
748
791
798
755
690
660
670
671
609
495
369
248
148
105
137
170
156
160
209
254
279
295
289
248
204
195
225
268
280
228
127
0
-124
-202
-239
-304
-428
-570
-690
-789
-848
-864
-875
-891
-872
-788
-640
-436
-211
-40
52
93
122
167
242
322
328
260
182
143
163
224
278
281
231
162
118
139
194
203
157
96
23
-48
-59
-3
48
66
88
150
235
331
409
414
323
174
36
-55
-116
-166
-217
-280
-368
-475
-568
-624
-666
-702
-698
-655
-581
-490
-383
-297
-247
-197
-124
-31
86
223
324
338
299
258
239
249
291
361
430
469
463
419
346
252
167
124
129
162
211
276
331
356
362
375
399
429
483
542
561
513
406
264
110
-29
-146
-262
-362
-437
-496
-550
-604
-678
-769
-843
-866
-834
-760
-663
-585
-527
-471
-402
-297
-135
49
216
344
405
390
341
299
250
200
164
156
181
226
271
271
222
140
66
67
127
214
313
390
395
333
272
249
258
307
384
458
512
537
514
449
341
189
32
-84
-163
-218
-259
-329
-464
-636
-800
-934
-1016
-1023
-975
-897
-819
-754
-690
-628
-550
-454
-336
-206
-69
73
193
269
297
294
267
237
228
246
284
310
298
263
212
151
97
82
121
176
246
315
354
380
405
443
491
555
631
700
744
745
692
594
477
361
259
176
100
14
-88
-208
-341
-479
-601
-696
-751
-761
-748
-735
-723
-704
-670
-619
-532
-408
-261
-106
41
158
221
235
223
206
204
219
251
290
320
315
277
219
154
103
86
96
113
133
154
151
115
68
29
3
18
85
180
266
307
295
236
152
58
-26
-84
-126
-171
-229
-316
-430
-552
-656
-724
-748
-720
-656
-582
-520
-475
-446
-419
-386
-322
-216
-92
35
143
210
230
229
244
274
317
382
459
525
556
558
534
481
423
378
371
396
431
461
466
436
384
344
329
339
371
422
471
477
440
367
269
161
64
6
-25
-56
-108
-194
-309
-437
-560
-655
-719
-744
-737
-719
-708
-711
-720
-720
-698
-647
-560
-452
-339
-232
-149
-107
-105
-125
-136
-129
-92
-30
38
78
73
44
10
-14
-8
38
106
180
246
294
309
303
294
293
311
348
399
450
484
485
452
399
330
261
223
219
221
205
167
102
9
-88
-166
-220
-247
-250
-231
-210
-203
-200
-185
-156
-129
-91
-23
59
135
190
219
221
201
182
184
202
225
238
239
214
168
113
63
22
-5
-15
-20
-31
-45
-62
-74
-78
-70
-42
12
87
159
208
218
192
146
91
44
6
-24
-49
-83
-136
-211
-312
-422
-525
-603
-656
-689
-705
-720
-742
-770
-797
-808
-797
-751
-673
-572
-467
-364
-273
-208
-157
-113
-54
22
122
241
357
447
491
505
502
493
493
505
533
558
569
557
532
503
471
445
440
455
482
515
545
557
545
517
473
431
406
399
396
389
363
303
224
138
59
3
-28
-34
-28
-25
-44
-83
-126
-170
-212
-247
-268
-277
-288
-308
-340
-386
-442
-495
-523
-517
-482
-430
-378
-342
-330
-333
-338
-324
-289
-234
-174
-117
-68
-35
-20
-20
-29
-30
-13
23
66
100
104
74
25
-34
-84
-120
-132
-125
-116
-122
-153
-206
-265
-318
-362
-396
-404
-390
-370
-349
-338
-338
-345
-334
-286
-201
-102
-10
70
139
195
236
278
327
382
446
522
602
656
673
660
633
595
564
556
570
598
620
621
598
560
524
504
509
525
534
530
508
471
420
358
287
218
160
119
91
55
-2
-76
-165
-260
-337
-388
-419
-432
-443
-467
-508
-550
-584
-614
-630
-634
-636
-635
-633
-629
-626
-621
-608
-583
-540
-482
-417
-355
-301
-262
-238
-219
-202
-174
-132
-81
-43
-25
-17
-26
-35
-37
-25
0
34
80
123
156
169
167
157
144
142
148
162
175
172
147
100
42
-16
-61
-82
-84
-72
-51
-32
-23
-23
-20
-12
5
40
95
163
231
291
329
353
370
394
427
475
531
584
621
641
647
638
611
578
547
526
514
510
497
466
416
348
279
223
184
157
135
108
61
2
-54
-108
-165
-220
-260
-289
-306
-320
-335
-361
-396
-436
-474
-501
-514
-521
-528
-541
-565
-595
-626
-653
-675
-681
-672
-661
-644
-622
-595
-567
-535
-496
-448
-390
-320
-245
-171
-113
-68
-34
-6
23
59
102
145
187
219
241
252
255
256
258
260
266
276
291
299
297
286
266
249
244
251
264
276
281
274
259
244
235
237
243
255
272
290
302
304
300
281
255
236
230
235
242
247
246
235
220
202
191
187
187
199
213
218
213
198
176
150
124
98
72
53
37
17
-14
-54
-99
-140
-176
-209
-234
-260
-292
-330
-370
-410
-453
-490
-513
-521
-522
-522
-519
-520
-525
-531
-534
-529
-513
-489
-452
-410
-368
-332
-301
-270
-238
-198
-152
-98
-38
21
70
106
131
148
163
178
193
209
224
235
240
242
234
222
209
203
204
205
211
219
224
226
226
224
223
228
244
263
280
294
300
303
301
301
295
283
272
263
254
238
212
180
145
114
87
67
52
38
24
6
-10
-32
-54
-66
-66
-62
-57
-48
-41
-38
-35
-31
-31
-31
-27
-25
-22
-19
-22
-36
-55
-78
-105
-131
-155
-177
-196
-219
-244
-267
-284
-296
-302
-302
-301
-301
-299
-291
-278
-263
-250
-232
-212
-183
-156
-125
-98
-79
-63
-47
-33
-19
-8
-1
4
10
13
14
13
13
11
13
19
31
47
65
77
86
95
105
119
135
154
169
178
184
189
188
185
179
168
156
147
136
117
92
69
52
38
27
20
17
15
15
17
22
28
35
48
62
78
90
101
111
119
123
124
125
125
124
118
109
98
82
63
42
17
-9
-32
-57
-80
-102
-119
-131
-135
-133
-129
-119
-105
-84
-63
-41
-19
-2
15
32
43
54
61
62
60
58
53
42
29
8
-17
-45
-71
-94
-115
-126
-134
-140
-144
-146
-150
-151
-145
-135
-122
-111
-100
-88
-75
-65
-61
-61
-62
-61
-58
-57
-54
-52
-46
-38
-31
-27
-27
-29
-35
-37
-38
-38
-36
-36
-40
-45
-46
-46
-44
-41
-36
-29
-15
1
16
30
38
44
53
67
86
101
111
119
123
125
126
126
125
122
119
115
111
103
102
102
102
103
103
110
116
124
130
132
132
127
123
119
117
111
103
92
76
63
52
41
29
20
13
10
10
11
20
31
43
55
66
75
78
80
81
76
67
56
43
28
4
-22
-51
-82
-115
-146
-172
-197
-215
-228
-239
-248
-254
-258
-264
-267
-261
-250
-239
-228
-215
-203
-191
-183
-173
-163
-154
-146
-137
-126
-119
-115
-114
-114
-117
-121
-124
-129
-131
-130
-125
-120
-114
-104
-87
-66
-39
-7
29
63
94
123
148
169
190
217
242
260
272
276
277
274
266
262
253
246
238
231
221
205
190
173
160
153
155
162
173
186
198
212
223
234
244
255
264
268
269
262
248
223
190
151
110
72
37
9
-18
-43
-65
-86
-103
-117
-128
-129
-125
-119
-114
-108
-105
-109
-116
-124
-133
-144
-158
-174
-191
-213
-244
-279
-316
-350
-376
-401
-419
-430
-433
-435
-432
-429
-421
-404
-380
-351
-318
-287
-254
-223
-195
-170
-144
-124
-107
-86
-67
-54
-46
-38
-31
-25
-15
-4
7
20
35
56
80
103
125
150
184
223
260
297
332
361
385
411
433
449
462
472
476
475
471
462
451
438
421
399
376
354
327
300
269
236
203
175
153
136
128
121
109
97
85
75
61
49
39
28
16
5
-12
-35
-63
-96
-130
-162
-187
-210
-232
-254
-277
-301
-326
-348
-364
-372
-374
-367
-359
-345
-331
-321
-309
-296
-285
-271
-259
-251
-247
-244
-243
-245
-250
-258
-260
-262
-255
-245
-234
-227
-217
-204
-192
-178
-159
-136
-110
-83
-58
-34
-14
3
20
42
64
85
106
125
142
154
163
165
169
176
188
207
224
244
263
280
295
309
329
353
379
407
426
440
446
447
443
433
417
402
384
365
343
320
292
260
227
192
159
126
101
78
55
30
2
-27
-53
-71
-85
-96
-105
-114
-125
-131
-140
-155
-169
-180
-189
-197
-204
-212
-225
-239
-256
-277
-294
-311
-322
-328
-331
-334
-340
-343
-340
-336
-325
-310
-291
-263
-231
-202
-175
-149
-129
-114
-96
-77
-59
-44
-29
-19
-16
-14
-16
-23
-31
-38
-41
-39
-40
-43
-45
-47
-46
-45
-41
-30
-15
6
24
45
64
84
99
114
136
158
179
196
206
214
218
221
226
235
241
246
251
256
258
260
264
268
269
269
270
273
275
274
272
265
256
248
240
231
220
213
205
195
180
160
138
113
85
60
37
11
-17
-49
-80
-112
-144
-170
-194
-213
-228
-241
-251
-259
-269
-279
-287
-292
-293
-290
-286
-288
-292
-297
-302
-304
-301
-300
-297
-289
-278
-270
-262
-253
-245
-234
-216
-192
-166
-137
-111
-89
-67
-47
-26
-6
10
24
37
47
53
57
63
66
61
55
55
59
63
68
72
75
80
83
87
97
108
119
132
148
163
175
184
188
192
197
202
207
215
222
222
220
215
210
209
208
207
209
208
206
205
200
195
187
178
171
167
161
150
136
120
103
86
71
55
38
19
4
-14
-36
-56
-76
-94
-114
-134
-152
-169
-182
-193
-205
-219
-235
-245
-249
-252
-254
-254
-255
-253
-249
-242
-235
-233
-230
-223
-214
-207
-199
-194
-192
-190
-183
-175
-163
-149
-136
-125
-114
-101
-86
-67
-49
-28
-6
18
37
58
78
93
103
111
120
131
142
155
159
157
150
142
134
129
128
130
128
123
122
119
118
115
114
113
115
120
124
128
130
128
124
121
120
120
120
119
117
110
102
92
85
79
74
66
62
57
50
41
29
22
14
6
-1
-5
-3
-5
-7
-11
-18
-25
-30
-31
-30
-29
-33
-38
-42
-49
-55
-62
-69
-78
-88
-97
-103
-113
-121
-128
-135
-145
-155
-160
-160
-156
-152
-151
-148
-142
-134
-124
-116
-107
-100
-91
-82
-74
-69
-64
-62
-59
-51
-45
-42
-39
-38
-35
-31
-24
-18
-12
-4
7
17
29
37
49
58
67
76
88
99
109
114
119
121
119
116
113
111
107
107
107
103
100
94
90
88
83
79
76
76
78
75
73
72
67
61
56
59
62
64
64
60
54
47
40
34
26
21
16
12
8
3
-4
-9
-16
-23
-25
-25
-26
-27
-26
-26
-29
-33
-35
-35
-35
-35
-36
-38
-42
-46
-53
-61
-73
-81
-88
-94
-100
-105
-108
-113
-118
-121
-122
-119
-113
-109
-102
-94
-83
-76
-71
-64
-56
-48
-44
-40
-37
-35
-35
-36
-35
-34
-33
-30
-26
-20
-12
-6
0
5
11
17
27
42
56
69
81
89
94
100
108
113
118
122
122
117
112
107
101
95
89
81
76
70
67
65
61
55
51
47
42
40
39
40
39
38
38
38
36
35
35
33
29
27
27
22
18
16
13
9
5
0
-6
-10
-15
-21
-26
-30
-33
-37
-38
-39
-38
-37
-34
-32
-29
-23
-18
-14
-13
-15
-18
-22
-25
-29
-33
-38
-43
-46
-55
-66
-75
-84
-94
-102
-106
-111
-114
-117
-117
-117
-114
-110
-105
-101
-94
-86
-77
-69
-60
-52
-46
-40
-35
-29
-24
-23
-22
-21
-20
-21
-23
-22
-20
-15
-11
-9
0
8
16
25
35
45
55
66
79
91
100
106
111
116
119
125
128
131
132
130
127
126
121
116
114
109
105
102
99
97
92
88
83
80
80
79
80
80
78
75
74
70
66
61
53
45
39
33
26
18
6
-7
-19
-27
-32
-40
-47
-53
-59
-66
-73
-80
-85
-88
-91
-94
-95
-94
-96
-100
-106
-110
-114
-117
-118
-121
-123
-126
-131
-136
-141
-147
-150
-149
-147
-146
-142
-136
-129
-122
-113
-102
-91
-79
-69
-58
-48
-38
-27
-17
-9
-2
5
12
19
24
26
30
33
37
43
50
55
64
73
84
96
106
117
126
135
143
150
157
163
168
172
171
168
164
160
157
149
143
137
131
122
112
105
94
85
78
73
68
63
58
51
46
43
38
33
28
20
13
5
-2
-8
-16
-24
-34
-46
-57
-65
-75
-87
-97
-108
-117
-126
-135
-142
-144
-146
-148
-149
-147
-145
-145
-144
-142
-135
-128
-121
-114
-108
-104
-100
-97
-93
-91
-89
-86
-84
-84
-83
-80
-78
-77
-75
-71
-65
-60
-52
-41
-33
-25
-20
-10
3
17
32
47
61
73
85
95
102
108
112
119
124
129
132
136
137
136
134
130
128
128
130
128
129
129
127
124
123
120
116
115
114
114
113
110
107
100
92
85
81
76
72
66
58
47
38
26
15
3
-10
-19
-29
-41
-51
-61
-70
-77
-86
-92
-96
-101
-103
-108
-109
-113
-116
-116
-118
-119
-119
-120
-122
-121
-123
-124
-125
-127
-127
-126
-124
-120
-117
-114
-111
-109
-105
-100
-94
-86
-80
-73
-64
-55
-47
-38
-30
-24
-20
-15
-9
-6
-4
2
6
9
12
15
20
25
31
38
47
54
66
75
82
90
99
106
116
124
133
138
140
141
143
143
141
139
137
133
128
123
119
112
106
99
94
90
87
82
78
72
68
64
60
56
52
47
42
36
28
21
15
7
1
-7
-15
-23
-33
-42
-52
-62
-72
-78
-85
-92
-98
-105
-108
-114
-119
-123
-125
-127
-126
-121
-118
-115
-115
-113
-111
-109
-106
-102
-99
-94
-90
-87
-83
-80
-77
-75
-72
-69
-63
-57
-52
-46
-38
-31
-25
-20
-11
-2
8
17
26
35
41
45
50
52
55
57
58
64
67
69
66
67
70
71
72
72
74
78
83
89
93
94
95
96
98
100
99
102
102
101
97
91
86
80
75
69
63
56
46
39
33
28
19
11
7
0
-7
-12
-15
-18
-20
-24
-26
-28
-30
-33
-37
-40
-42
-41
-43
-46
-51
-54
-60
-63
-65
-69
-73
-77
-81
-84
-86
-89
-91
-94
-96
-95
-95
-90
-87
-83
-75
-69
-65
-60
-52
-44
-38
-33
-27
-22
-20
-16
-13
-8
-4
-1
1
1
1
3
6
10
15
19
20
22
27
33
39
44
48
54
57
59
62
64
65
67
66
67
68
67
66
64
61
58
54
54
54
54
53
52
51
49
49
49
49
49
48
44
41
38
37
33
29
24
20
16
13
9
4
-3
-12
-17
-23
-28
-31
-36
-40
-43
-46
-47
-47
-48
-48
-47
-46
-46
-44
-44
-42
-41
-42
-43
-42
-42
-41
-43
-44
-44
-44
-44
-45
-43
-41
-39
-40
-40
-36
-31
-28
-25
-18
-16
-12
-8
-5
-1
3
6
8
7
8
10
12
12
9
8
7
7
6
8
8
7
9
10
12
13
16
20
23
26
30
32
34
35
35
37
40
41
41
40
38
35
32
30
27
25
23
18
16
13
10
6
4
0
-2
-1
-1
0
-1
1
4
7
9
9
9
6
6
5
3
1
-2
-4
-6
-9
-10
-13
-15
-17
-18
-18
-20
-22
-24
-25
-24
-24
-22
-18
-17
-17
-17
-18
-15
-13
-12
-11
-11
-8
-8
-9
-10
-9
-9
-9
-9
-8
-9
-10
-12
-12
-13
-13
-10
-10
-8
-7
-6
-5
-3
0
3
3
4
7
8
9
11
14
14
13
14
12
12
12
14
14
12
12
11
9
9
10
11
11
9
9
8
6
5
4
2
2
4
3
5
6
6
5
5
7
8
8
6
7
7
4
2
-1
-1
-2
-3
-2
0
-1
-3
-3
-3
-1
-1
0
1
2
1
3
4
5
6
5
3
3
4
4
2
2
3
2
0
-1
-1
-3
-4
-8
-9
-9
-9
-8
-9
-10
-10
-12
-14
-14
-13
-13
-15
-16
-19
-17
-15
-14
-12
-12
-13
-13
-13
-12
-12
-11
-10
-7
-4
-2
-2
-2
-3
-4
-5
-6
-4
-3
-3
-4
-3
-5
-5
-6
-5
-2
3
7
9
11
12
11
14
14
15
16
19
21
22
22
21
19
20
22
22
22
21
22
21
20
19
17
16
16
14
14
14
14
12
9
6
7
9
9
10
10
10
10
11
12
12
11
13
12
11
10
11
8
2
-3
-8
-11
-17
-19
-22
-24
-27
-31
-33
-34
-34
-35
-36
-35
-31
-30
-29
-28
-29
-28
-26
-28
-27
-25
-24
-24
-24
-24
-26
-25
-24
-23
-20
-17
-15
-13
-14
-15
-14
-12
-9
-7
-6
-2
0
1
4
7
10
12
12
13
15
18
18
22
22
21
21
22
24
28
32
34
33
33
32
31
30
29
28
28
29
29
28
27
25
25
23
25
25
27
27
27
25
20
19
17
17
14
11
9
9
8
5
3
1
-1
-3
-2
-2
-3
-6
-9
-12
-14
-16
-18
-21
-21
-23
-22
-25
-27
-27
-26
-27
-31
-30
-30
-29
-28
-28
-28
-28
-29
-28
-28
-28
-27
-25
-25
-27
-28
-28
-27
-27
-27
-27
-25
-25
-23
-19
-16
-13
-9
-7
-4
0
3
4
6
11
13
14
15
15
17
16
17
19
21
20
21
21
21
20
20
21
23
23
26
29
30
32
32
34
35
36
37
38
38
36
35
32
29
27
25
23
21
18
15
12
8
5
3
2
1
0
-3
-6
-7
-5
-5
-5
-4
-2
-2
-1
-2
-4
-6
-7
-6
-11
-14
-16
-17
-19
-22
-24
-26
-26
-28
-29
-32
-32
-34
-35
-34
-35
-35
-35
-34
-36
-35
-33
-33
-31
-31
-30
-29
-27
-28
-28
-27
-27
-27
-26
-24
-24
-21
-17
-16
-13
-12
-8
-6
-2
1
5
10
13
15
17
20
23
26
30
32
35
36
36
39
40
40
42
45
45
45
48
48
47
48
48
47
49
49
51
49
48
44
41
39
36
32
29
25
21
18
18
17
12
7
1
-4
-6
-6
-10
-12
-14
-16
-20
-21
-23
-24
-26
-26
-28
-28
-28
-32
-33
-35
-36
-38
-39
-38
-38
-38
-39
-40
-40
-41
-40
-37
-34
-31
-31
-30
-29
-26
-25
-24
-22
-20
-17
-14
-13
-12
-11
-10
-9
-8
-5
-3
-4
-5
-6
-7
-8
-6
-7
-7
-5
-2
1
4
6
7
7
8
11
15
19
24
27
28
31
32
32
36
36
37
36
35
35
36
38
36
35
33
30
30
31
29
29
27
26
25
23
22
20
17
14
13
12
10
7
2
0
-2
-3
-3
-4
-4
-7
-10
-13
-16
-16
-17
-19
-20
-20
-20
-19
-20
-22
-24
-25
-27
-27
-28
-27
-27
-26
-26
-25
-24
-23
-23
-22
-21
-18
-15
-15
-14
-12
-12
-12
-12
-12
-11
-10
-9
-7
-7
-7
-7
-8
-6
-1
0
1
1
1
2
3
5
4
5
6
6
6
6
6
7
7
7
8
9
10
10
9
13
12
13
16
17
16
15
15
17
18
20
21
21
20
21
23
24
24
23
21
20
21
22
22
21
21
20
16
13
12
13
13
9
7
5
3
0
-3
-3
-4
-5
-8
-9
-9
-8
-11
-11
-12
-13
-13
-16
-17
-19
-20
-21
-23
-22
-23
-25
-25
-22
-21
-24
-23
-23
-23
-23
-23
-20
-18
-17
-18
-18
-16
-15
-15
-13
-14
-11
-9
-9
-8
-6
-5
-3
-3
-4
-3
0
2
3
5
6
6
4
5
6
7
8
9
8
8
8
9
9
12
11
10
11
11
10
10
10
11
10
9
8
8
10
12
12
10
12
15
15
15
16
16
17
17
17
17
20
19
18
17
16
16
15
14
12
11
10
7
6
5
3
1
1
-1
-2
-4
-4
-4
-4
-4
-6
-8
-8
-10
-11
-11
-14
-15
