4
5
6
5
5
7
8
9
8
8
9
9
9
7
5
4
2
2
1
-1
-1
-3
-3
-4
-5
-5
-4
-4
-5
-5
-5
-5
-5
-5
-5
-6
-6
-5
-5
-5
-4
-6
-6
-6
-7
-7
-8
-8
-7
-9
-8
-8
-10
-10
-10
-9
-8
-6
-4
-1
1
3
5
8
9
9
8
9
10
9
9
8
7
7
5
5
6
6
7
7
9
8
6
6
5
5
5
4
3
2
2
0
-1
-2
-2
-3
-2
-2
-2
-1
-1
-2
-1
-2
-1
-1
0
-1
-2
-1
-1
-2
-1
-2
-1
-1
-3
-2
-4
-4
-2
-2
-1
-2
-3
-3
-2
-2
-3
-3
-3
-2
-1
-1
-1
-1
0
-1
0
1
1
1
1
1
1
3
3
3
4
4
4
4
5
5
5
5
5
3
2
1
1
0
-1
-1
0
-2
-2
-3
-3
-5
-4
-4
-2
-2
-2
-1
-3
-3
-3
-2
-2
-2
-2
-1
0
0
0
0
0
-1
1
1
-1
-1
-1
-2
-2
-1
0
1
1
1
1
2
1
0
-1
-2
-1
-1
-1
-1
-2
-4
-4
-5
-4
-3
-2
-3
-1
-1
0
0
0
2
2
4
4
4
4
4
4
4
3
3
1
0
1
0
-1
-1
-2
-1
-2
-2
-1
-1
-1
0
-1
-1
-1
1
0
0
1
2
4
3
2
3
3
2
2
2
2
2
2
3
3
4
2
2
1
1
2
3
2
1
0
0
-1
-2
-2
-2
-2
-1
0
1
1
2
2
3
2
1
1
0
0
-1
0
-1
0
-1
-1
-1
-2
-1
1
2
0
1
2
1
2
2
1
-1
-1
-1
-2
-5
-5
-5
-6
-7
-7
-7
-6
-6
-6
-5
-4
-4
-3
-3
-1
-1
-2
0
0
1
2
2
2
3
3
3
3
1
1
2
2
0
0
-1
-1
-2
-3
-3
-3
-3
-3
-2
-1
0
1
0
1
0
2
2
3
3
3
2
0
0
-1
0
-1
-2
0
-1
-2
-1
-2
-2
-4
-3
-4
-1
-1
-2
-2
-2
-1
-1
0
1
1
2
2
2
2
1
2
0
2
2
2
2
3
3
2
3
3
3
3
5
5
5
4
4
4
5
5
5
5
4
6
6
4
3
4
3
3
4
4
3
1
0
-1
-2
-3
-4
-3
-2
-2
-1
-2
-3
-2
-3
-3
-2
0
0
-1
-2
-1
-1
-3
-2
-1
1
0
2
4
4
3
4
5
1
0
1
0
0
-1
-4
-7
-11
-12
-15
-12
-8
-9
-11
-13
-12
-8
-6
-2
4
4
6
5
4
3
0
-5
-6
-8
-10
-7
-4
-3
0
0
-4
-6
-6
-3
0
3
4
2
1
-1
3
0
-5
-5
-5
-4
-2
0
2
2
1
-3
-3
1
4
6
9
10
14
17
19
19
21
22
17
15
20
23
17
8
2
-4
-4
-2
-1
-2
-2
-1
-5
-9
-9
-12
-16
-17
-12
-11
-8
0
0
-4
-8
-13
-14
-12
-11
-6
-6
-10
-14
-10
1
9
11
10
10
7
2
1
-2
-5
-4
0
0
0
7
11
10
7
7
9
16
20
17
12
10
12
10
6
3
6
8
10
14
11
3
-3
-3
-4
-7
-7
-2
4
6
12
16
14
15
21
21
12
4
-1
-5
-9
-17
-28
-31
-25
-16
-8
-7
-12
-11
-12
-12
-15
-20
-21
-14
-2
5
1
-3
1
7
4
5
11
7
-7
-13
-3
-1
-13
-17
-11
-3
-5
-6
-5
-11
-21
-26
-20
-7
1
10
11
10
11
8
4
-1
-6
-7
0
8
10
14
10
10
22
49
118
200
251
255
207
123
27
-41
-106
-195
-255
-227
-112
20
99
127
122
83
11
-67
-143
-213
-260
-259
-195
-108
-36
45
137
201
198
138
57
-36
-123
-206
-274
-280
-201
-89
5
67
102
101
61
-1
-85
-162
-194
-172
-100
-14
61
110
119
95
61
31
9
-2
-15
-26
0
47
96
107
67
15
1
18
17
14
40
76
89
96
108
110
67
9
-4
31
71
106
140
182
219
187
112
63
48
28
-11
-7
53
120
173
203
205
139
11
-73
-84
-81
-104
-95
-30
45
74
55
30
-8
-46
-83
-102
-118
-117
-105
-100
-117
-145
-158
-161
-142
-126
-128
-172
-242
-278
-275
-285
-319
-305
-198
-88
-69
-109
-135
-142
-198
-299
-334
-260
-139
-45
43
108
109
37
-39
-51
-29
17
124
287
434
493
502
495
459
391
334
347
413
477
513
551
586
596
563
500
406
294
175
89
46
24
17
23
62
95
67
6
-54
-119
-224
-362
-455
-482
-450
-392
-348
-342
-380
-407
-416
-452
-513
-564
-567
-557
-533
-471
-405
-403
-475
-535
-528
-519
-527
-501
-419
-340
-334
-314
-255
-216
-253
-316
-313
-268
-237
-169
-49
79
160
273
470
651
721
710
734
794
810
819
857
897
893
911
1028
1140
1158
1080
970
824
609
452
414
394
281
118
45
64
99
139
155
106
-19
-114
-118
-135
-224
-333
-371
-359
-347
-287
-154
-43
-75
-211
-329
-434
-540
-647
-719
-740
-773
-758
-667
-572
-559
-610
-640
-677
-772
-860
-869
-787
-729
-728
-670
-533
-408
-371
-362
-322
-287
-320
-391
-391
-328
-283
-231
-121
28
109
144
318
639
891
910
841
898
1021
1071
1075
1134
1219
1220
1227
1376
1573
1615
1467
1242
968
648
403
319
292
137
-80
-158
-92
-24
-34
-67
-163
-361
-527
-525
-398
-313
-312
-290
-240
-196
-103
61
150
19
-196
-297
-283
-304
-390
-446
-478
-558
-627
-591
-524
-586
-732
-835
-895
-986
-1075
-1041
-930
-909
-952
-915
-769
-647
-624
-622
-594
-563
-544
-496
-439
-433
-465
-463
-425
-405
-393
-315
-183
-52
64
197
347
464
609
836
1074
1242
1340
1476
1644
1769
1845
1918
1969
1933
1872
1884
1934
1901
1755
1569
1366
1099
812
564
346
60
-289
-558
-699
-748
-773
-781
-806
-889
-989
-1026
-997
-979
-1006
-1015
-967
-850
-651
-381
-115
55
125
146
167
178
141
43
-105
-249
-322
-337
-336
-368
-412
-458
-537
-654
-773
-864
-941
-1049
-1174
-1257
-1256
-1176
-1047
-897
-768
-659
-548
-448
-393
-414
-454
-469
-460
-456
-433
-347
-229
-129
-54
38
153
243
311
432
656
946
1200
1390
1543
1673
1777
1841
1876
1870
1841
1848
1922
2026
2058
1980
1827
1606
1319
989
684
417
127
-212
-549
-789
-909
-955
-981
-1033
-1111
-1177
-1182
-1138
-1112
-1130
-1170
-1190
-1156
-1041
-823
-535
-249
-2
210
409
573
672
689
608
463
320
237
202
153
75
-1
-71
-169
-309
-442
-548
-691
-905
-1140
-1322
-1433
-1498
-1516
-1470
-1376
-1253
-1102
-931
-787
-713
-678
-647
-611
-585
-553
-486
-389
-279
-165
-28
119
253
384
516
681
872
1073
1269
1421
1561
1700
1837
1932
1956
1952
1948
1944
1935
1934
1948
1907
1779
1568
1336
1098
826
520
184
-169
-516
-811
-1007
-1142
-1234
-1303
-1323
-1285
-1222
-1137
-1067
-1038
-1052
-1092
-1097
-1046
-924
-747
-536
-286
-6
304
595
818
952
986
934
826
698
576
449
320
187
82
0
-76
-163
-285
-445
-659
-911
-1169
-1405
-1609
-1795
-1934
-1990
-1943
-1808
-1634
-1441
-1257
-1094
-957
-849
-761
-691
-621
-562
-513
-434
-313
-129
77
285
506
725
949
1178
1425
1635
1738
1776
1817
1899
1962
1965
1958
1979
2007
2024
2049
2090
2074
1952
1720
1447
1157
853
551
236
-86
-419
-703
-889
-1010
-1089
-1152
-1178
-1179
-1176
-1145
-1094
-1045
-1037
-1057
-1052
-998
-870
-675
-437
-190
67
361
668
945
1124
1199
1174
1066
917
751
580
397
200
18
-149
-296
-425
-557
-723
-943
-1204
-1472
-1720
-1952
-2177
-2379
-2517
-2553
-2474
-2286
-2020
-1731
-1450
-1199
-969
-790
-679
-619
-603
-593
-545
-403
-152
162
480
784
1070
1353
1617
1869
2082
2197
2224
2218
2234
2265
2255
2205
2151
2116
2112
2150
2223
2248
2142
1881
1539
1171
803
442
80
-277
-616
-887
-1042
-1114
-1144
-1183
-1222
-1254
-1265
-1220
-1126
-1024
-959
-926
-865
-750
-580
-370
-132
100
317
550
809
1069
1239
1281
1203
1036
829
610
396
164
-103
-372
-617
-819
-996
-1170
-1346
-1537
-1747
-1956
-2130
-2275
-2407
-2541
-2650
-2675
-2592
-2385
-2094
-1767
-1440
-1130
-842
-600
-419
-288
-196
-127
-52
74
285
562
844
1102
1324
1524
1715
1901
2094
2249
2343
2405
2470
2528
2516
2442
2345
2256
2172
2097
2067
2042
1960
1774
1508
1220
916
613
301
-13
-322
-607
-815
-958
-1047
-1117
-1171
-1204
-1213
-1179
-1095
-984
-883
-803
-725
-641
-544
-447
-342
-244
-154
-32
130
319
476
573
587
513
383
223
47
-170
-436
-724
-1001
-1239
-1443
-1597
-1713
-1802
-1885
-1962
-2012
-2043
-2077
-2129
-2179
-2179
-2105
-1939
-1705
-1424
-1126
-825
-530
-262
-42
124
227
281
319
375
490
662
873
1097
1314
1524
1741
1977
2205
2371
2484
2563
2633
2659
2627
2558
2474
2395
2305
2241
2199
2136
2008
1791
1520
1197
847
498
146
-198
-548
-849
-1080
-1239
-1342
-1417
-1455
-1487
-1504
-1492
-1449
-1379
-1314
-1236
-1141
-1035
-916
-777
-612
-453
-296
-130
55
253
427
553
603
581
501
381
231
46
-161
-396
-642
-884
-1093
-1248
-1363
-1461
-1561
-1655
-1737
-1810
-1865
-1904
-1911
-1889
-1829
-1720
-1551
-1334
-1106
-875
-653
-444
-250
-77
80
206
308
403
516
663
849
1063
1291
1527
1780
2030
2252
2449
2617
2752
2810
2781
2704
2613
2506
2386
2281
2193
2082
1926
1718
1489
1221
908
571
224
-118
-465
-786
-1061
-1288
-1465
-1597
-1663
-1692
-1694
-1662
-1608
-1548
-1499
-1429
-1321
-1186
-1042
-895
-720
-543
-366
-183
8
208
395
560
679
746
762
730
645
500
313
99
-143
-412
-676
-901
-1081
-1229
-1362
-1478
-1574
-1662
-1742
-1818
-1879
-1915
-1913
-1862
-1761
-1610
-1428
-1218
-998
-781
-571
-364
-162
23
187
336
479
630
799
983
1181
1387
1624
1879
2119
2334
2533
2719
2842
2861
2801
2699
2578
2431
2281
2154
2022
1868
1665
1446
1204
921
611
281
-49
-391
-718
-1008
-1269
-1491
-1670
-1775
-1822
-1837
-1814
-1768
-1697
-1636
-1566
-1461
-1324
-1165
-999
-800
-586
-376
-173
30
243
446
631
784
896
972
1004
994
919
790
622
409
152
-133
-407
-654
-880
-1097
-1294
-1457
-1598
-1731
-1852
-1946
-2003
-2016
-1983
-1901
-1771
-1620
-1464
-1310
-1156
-993
-809
-613
-410
-198
32
275
518
750
972
1178
1375
1578
1800
2032
2255
2477
2680
2850
2927
2906
2822
2695
2546
2367
2196
2024
1827
1596
1335
1073
792
497
199
-88
-351
-617
-870
-1118
-1347
-1542
-1691
-1776
-1817
-1808
-1756
-1676
-1583
-1486
-1369
-1242
-1107
-969
-806
-607
-400
-187
28
255
482
684
847
956
1026
1057
1052
996
884
728
522
276
-4
-294
-569
-834
-1082
-1314
-1511
-1680
-1825
-1949
-2045
-2096
-2101
-2049
-1946
-1803
-1637
-1476
-1313
-1156
-997
-839
-680
-506
-310
-82
169
430
686
924
1134
1320
1505
1707
1916
2112
2308
2512
2704
2831
2857
2807
2701
2555
2378
2204
2038
1859
1648
1400
1149
891
626
367
119
-110
-339
-561
-783
-1010
-1237
-1449
-1618
-1737
-1800
-1808
-1763
-1685
-1587
-1462
-1324
-1182
-1042
-896
-735
-573
-411
-230
-18
215
442
647
815
937
1010
1027
989
892
746
552
308
38
-229
-479
-719
-951
-1165
-1351
-1513
-1667
-1814
-1938
-2021
-2050
-2023
-1941
-1804
-1636
-1456
-1289
-1142
-1011
-891
-767
-631
-467
-259
-7
280
578
870
1139
1371
1563
1740
1919
2091
2271
2462
2658
2812
2883
2882
2826
2726
2580
2423
2272
2098
1882
1613
1331
1038
726
411
107
-163
-418
-655
-874
-1082
-1274
-1459
-1608
-1729
-1822
-1876
-1897
-1885
-1849
-1772
-1646
-1493
-1329
-1152
-951
-738
-538
-348
-142
87
320
542
734
898
1019
1090
1111
1071
975
822
618
369
107
-148
-394
-642
-891
-1124
-1339
-1538
-1728
-1901
-2029
-2105
-2112
-2050
-1925
-1761
-1582
-1405
-1250
-1112
-992
-883
-768
-629
-436
-181
128
464
801
1123
1404
1646
1848
2035
2213
2381
2559
2740
2905
3004
3022
2967
2850
2688
2490
2294
2081
1840
1561
1253
945
620
298
-13
-302
-568
-822
-1039
-1228
-1390
-1541
-1674
-1769
-1834
-1859
-1856
-1825
-1775
-1703
-1595
-1465
-1312
-1143
-949
-746
-550
-351
-136
103
336
542
721
869
986
1054
1068
1030
949
821
643
423
179
-58
-292
-526
-758
-980
-1177
-1369
-1550
-1718
-1857
-1953
-1998
-1978
-1896
-1765
-1603
-1430
-1275
-1139
-1009
-885
-763
-640
-483
-270
0
308
632
964
1265
1531
1764
1982
2186
2357
2520
2680
2829
2929
2949
2898
2781
2617
2416
2211
2005
1771
1515
1223
925
620
312
21
-259
-516
-762
-971
-1141
-1291
-1420
-1534
-1611
-1666
-1705
-1719
-1712
-1685
-1648
-1583
-1489
-1366
-1211
-1038
-844
-657
-474
-278
-66
146
349
531
687
804
874
909
907
864
772
634
466
270
77
-117
-316
-519
-726
-918
-1105
-1277
-1437
-1574
-1677
-1748
-1754
-1711
-1615
-1493
-1382
-1275
-1178
-1079
-989
-898
-793
-667
-496
-283
-13
290
618
949
1261
1547
1805
2050
2261
2449
2626
2787
2924
2990
2980
2904
2783
2619
2419
2216
1974
1714
1411
1084
765
442
145
-149
-424
-684
-923
-1120
-1298
-1439
-1571
-1674
-1746
-1797
-1816
-1818
-1786
-1746
-1689
-1604
-1493
-1342
-1173
-988
-798
-609
-414
-205
23
245
462
649
801
921
993
1028
1013
951
833
678
502
302
113
-83
-281
-476
-677
-865
-1052
-1229
-1395
-1535
-1648
-1720
-1726
-1686
-1620
-1534
-1445
-1361
-1283
-1211
-1134
-1039
-928
-776
-577
-327
-33
285
615
928
1226
1494
1748
2010
2233
2447
2660
2859
3020
3092
3089
3017
2896
2722
2521
2334
2113
1860
1552
1220
883
534
204
-117
-409
-694
-955
-1172
-1367
-1527
-1661
-1757
-1827
-1878
-1896
-1877
-1829
-1792
-1740
-1655
-1544
-1404
-1250
-1072
-883
-704
-528
-324
-91
135
352
541
695
814
888
931
927
878
780
653
507
335
166
-5
-181
-371
-563
-739
-900
-1056
-1223
-1355
-1451
-1512
-1523
-1491
-1431
-1357
-1278
-1206
-1136
-1070
-1007
-924
-829
-700
-527
-299
-23
261
560
850
1128
1375
1588
1815
2035
2241
2446
2637
2810
2907
2915
2843
2714
2546
2340
2147
1943
1705
1443
1144
838
516
197
-110
-407
-695
-976
-1195
-1370
-1517
-1637
-1732
-1785
-1823
-1839
-1824
-1773
-1714
-1664
-1583
-1459
-1301
-1130
-960
-776
-599
-435
-251
-38
179
377
551
708
843
939
997
1011
973
880
752
621
479
322
144
-42
-234
-434
-624
-791
-935
-1079
-1210
-1311
-1382
-1413
-1433
-1430
-1392
-1338
-1275
-1221
-1154
-1077
-1000
-916
-805
-637
-420
-165
103
369
630
869
1092
1297
1498
1708
1903
2084
2267
2440
2578
2629
2594
2505
2375
2235
2077
1920
1743
1523
1264
978
701
420
144
-132
-412
-675
-916
-1093
-1231
-1345
-1444
-1531
-1582
-1614
-1610
-1578
-1528
-1479
-1437
-1356
-1236
-1079
-923
-769
-604
-449
-286
-112
86
276
434
565
677
786
867
914
918
868
776
648
518
383
226
50
-143
-333
-518
-679
-819
-949
-1073
-1196
-1296
-1371
-1414
-1441
-1451
-1433
-1390
-1319
-1233
-1129
-1026
-929
-841
-737
-586
-392
-157
92
330
557
761
950
1123
1292
1460
1622
1777
1938
2106
2248
2322
2312
2242
2148
2050
1939
1835
1719
1555
1345
1092
843
599
351
99
-161
-398
-611
-777
-906
-1024
-1131
-1241
-1323
-1374
-1386
-1360
-1322
-1282
-1253
-1201
-1107
-981
-843
-712
-568
-425
-281
-118
68
267
432
559
661
760
841
885
886
841
761
647
513
365
204
30
-168
-378
-589
-778
-937
-1086
-1228
-1361
-1469
-1548
-1605
-1636
-1648
-1622
-1563
-1478
-1372
-1252
-1118
-1002
-906
-810
-673
-486
-271
-44
193
434
660
859
1036
1207
1365
1520
1674
1832
2010
2170
2289
2336
2314
2254
2169
2077
1968
1857
1719
1548
1343
1108
866
614
361
104
-131
-329
-498
-632
-754
-865
-972
-1073
-1144
-1190
-1197
-1184
-1161
-1137
-1102
-1027
-935
-831
-729
-624
-499
-372
-237
-92
65
216
337
440
523
598
636
627
574
478
364
229
79
-79
-238
-399
-573
-751
-923
-1066
-1191
-1315
-1427
-1515
-1572
-1622
-1659
-1664
-1612
-1516
-1400
-1266
-1130
-997
-892
-806
-707
-562
-371
-157
87
349
614
844
1030
1178
1294
1388
1477
1597
1742
1896
2046
2161
2234
2240
2197
2135
2058
1964
1843
1719
1576
1412
1217
997
774
537
298
72
-125
-291
-441
-569
-686
-785
-877
-967
-1031
-1075
-1093
-1097
-1091
-1074
-1037
-968
-899
-828
-767
-678
-546
-408
-279
-153
-15
121
231
315
385
446
468
443
383
298
202
82
-59
-206
-344
-480
-625
-776
-927
-1059
-1187
-1316
-1429
-1509
-1555
-1590
-1610
-1595
-1523
-1398
-1258
-1126
-1004
-883
-759
-644
-523
-374
-184
39
284
530
767
980
1142
1248
1309
1354
1410
1508
1636
1763
1892
1999
2074
2091
2056
2004
1937
1853
1739
1626
1516
1380
1191
949
714
492
269
53
-130
-265
-390
-515
-640
-742
-824
-907
-985
-1055
-1095
-1103
-1091
-1070
-1043
-987
-911
-831
-759
-673
-546
-409
-292
-180
-45
114
250
346
408
453
468
438
366
279
188
77
-62
-211
-352
-490
-642
-810
-972
-1109
-1217
-1315
-1404
-1479
-1529
-1556
-1557
-1530
-1463
-1342
-1193
-1049
-929
-808
-671
-534
-410
-277
-106
102
335
566
789
994
1156
1253
1303
1348
1408
1488
1576
1664
1771
1878
1966
1997
1972
1925
1858
1761
1628
1508
1400
1275
1096
864
643
437
239
43
-121
-235
-337
-439
-545
-643
-732
-830
-929
-1016
-1064
-1061
-1029
-993
-954
-886
-794
-707
-636
-558
-441
-311
-196
-90
37
182
295
352
377
391
386
333
246
140
34
-85
-223
-369
-504
-631
-767
-912
-1047
-1147
-1217
-1284
-1354
-1420
-1468
-1500
-1522
-1515
-1460
-1349
-1197
-1027
-858
-694
-533
-391
-268
-155
-24
145
341
546
749
945
1111
1220
1267
1276
1283
1311
1372
1448
1536
1640
1742
1815
1827
1792
1741
1680
1582
1456
1344
1240
1118
940
728
542
372
201
34
-100
-200
-301
-402
-502
-580
-649
-730
-808
-870
-882
-840
-780
-724
-671
-601
-525
-463
-419
-364
-268
-174
-108
-53
28
126
191
201
179
153
109
35
-64
-159
-246
-347
-479
-623
-749
-859
-970
-1092
-1199
-1267
-1308
-1350
-1397
-1424
-1425
-1414
-1395
-1348
-1242
-1087
-903
-714
-534
-367
-220
-100
-14
58
156
287
444
622
811
990
1125
1197
1217
1219
1227
1243
1278
1332
1400
1474
1537
1574
1559
1507
1441
1368
1279
1183
1113
1047
956
819
666
535
411
275
139
31
-56
-147
-231
-300
-354
-411
-477
-531
-565
-566
-539
-502
-471
-440
-398
-352
-321
-310
-296
-262
-236
-227
-217
-178
-129
-111
-134
-170
-202
-247
-311
-390
-467
-532
-604
-695
-791
-869
-932
-993
-1060
-1119
-1153
-1171
-1184
-1195
-1194
-1175
-1153
-1125
-1070
-965
-812
-631
-447
-280
-139
-34
38
87
137
206
303
435
600
778
929
1028
1070
1064
1039
1011
999
1025
1078
1146
1224
1301
1362
1373
1342
1291
1238
1179
1121
1085
1049
988
881
753
635
518
389
259
153
62
-27
-102
-153
-189
-237
-294
-344
-378
-390
-384
-370
-360
-350
-336
-329
-343
-375
-406
-418
-427
-436
-434
-417
-405
-417
-449
-479
-496
-519
-555
-595
-624
-644
-668
-704
-752
-797
-837
-872
-899
-910
-906
-900
-905
-914
-909
-893
-877
-863
-832
-754
-636
-488
-323
-158
-25
69
135
183
229
274
326
404
519
657
793
900
960
963
923
865
825
837
895
966
1046
1134
1216
1258
1249
1214
1169
1117
1065
1030
1009
965
872
742
613
493
374
262
173
109
47
0
-22
-33
-61
-121
-196
-262
-306
-329
-346
-367
-405
-437
-462
-490
-524
-557
-574
-592
-616
-628
-623
-610
-615
-636
-652
-653
-649
-647
-641
-627
-614
-608
-613
-619
-628
-631
-623
-602
-562
-516
-484
-479
-493
-500
-498
-494
-494
-484
-454
-402
-332
-247
-147
-54
12
59
102
151
192
219
241
286
359
448
528
578
586
556
503
460
452
489
544
609
704
826
951
1035
1076
1088
1081
1062
1047
1054
1049
996
887
757
644
549
461
378
307
249
206
195
193
180
132
53
-33
-108
-165
-210
-268
-348
-427
-479
-513
-542
-584
-633
-684
-741
-778
-778
-749
-729
-733
-742
-722
-672
-611
-568
-546
-525
-494
-456
-416
-382
-349
-322
-292
-249
-185
-123
-105
-148
-221
-291
-341
-382
-422
-463
-494
-503
-470
-389
-277
-183
-130
-100
-74
-37
-12
-4
-6
2
40
111
204
285
325
313
265
220
221
279
361
454
567
707
855
975
1044
1074
1081
1084
1103
1152
1193
1183
1104
987
875
787
714
649
588
524
471
438
414
369
282
144
-6
-143
-251
-331
-413
-511
-614
-696
-750
-790
-835
-892
-953
-1010
-1037
-1013
-957
-901
-870
-836
-768
-661
-548
-459
-390
-330
-260
-177
-89
0
69
105
118
135
169
195
170
80
-45
-164
-260
-342
-427
-515
-599
-660
-672
-621
-529
-432
-353
-284
-214
-146
-106
-103
-123
-145
-138
-84
5
97
154
167
160
163
203
270
340
418
523
666
826
965
1063
1121
1151
1177
1228
1310
1371
1358
1270
1149
1042
955
876
795
707
616
540
493
460
402
285
118
-58
-212
-333
-438
-561
-702
-828
-908
-938
-948
-967
-1005
-1055
-1102
-1111
-1067
-990
-924
-881
-827
-730
-583
-429
-299
-193
-98
-1
109
230
340
410
418
389
367
365
351
274
122
-62
-233
-374
-496
-610
-719
-820
-899
-928
-878
-766
-648
-559
-486
-403
-308
-230
-198
-208
-234
-242
-212
-145
-54
28
67
75
99
177
284
372
441
536
683
848
995
1120
1217
1274
1301
1346
1432
1511
1516
1431
1306
1186
1081
980
878
756
616
485
394
332
256
133
-35
-217
-382
-511
-617
-733
-870
-997
-1077
-1097
-1084
-1066
-1060
-1073
-1093
-1077
-1000
-886
-782
-709
-636
-524
-363
-182
-16
114
215
306
404
506
592
637
628
577
509
451
395
307
158
-30
-219
-385
-533
-674
-807
-922
-1010
-1056
-1045
-975
-867
-757
-648
-523
-372
-231
-144
-126
-149
-173
-191
-183
-142
-70
-2
39
89
185
305
385
424
482
595
737
866
982
1091
1169
1207
1252
1345
1443
1471
1406
1302
1209
1118
1006
876
728
562
393
260
170
86
-34
-202
-387
-548
-655
-727
-810
-918
-1017
-1072
-1076
-1041
-982
-923
-892
-881
-845
-749
-619
-506
-426
-346
-232
-89
62
205
327
424
496
561
631
694
727
703
629
541
473
411
316
168
-9
-183
-351
-521
-690
-850
-996
-1119
-1197
-1222
-1205
-1165
-1108
-1025
-892
-708
-502
-319
-211
-156
-116
-83
-77
-93
-104
-99
-91
-79
-9
135
252
272
274
351
504
647
744
844
961
1042
1100
1213
1370
1481
1479
1401
1329
1282
1210
1092
927
711
483
303
182
85
-19
-143
-274
-388
-461
-468
-467
-532
-646
-728
-733
-693
-650
-610
-561
-524
-514
-473
-367
-255
-205
-214
-214
-151
-35
71
143
195
246
319
399
459
495
499
461
391
320
276
246
164
9
-161
-294
-409
-551
-723
-901
-1059
-1170
-1224
-1239
-1229
-1205
-1166
-1092
-953
-730
-467
-261
-157
-100
-23
48
55
-2
-63
-110
-173
-231
-188
-31
80
61
38
138
338
496
586
711
871
999
1113
1287
1495
1628
1623
1534
1461
1404
1306
1170
977
711
441
248
109
-31
-171
-288
-378
-457
-487
-416
-340
-351
-413
-437
-386
-320
-286
-274
-260
-253
-263
-250
-209
-169
-164
-211
-259
-257
-195
-107
-54
-54
-38
43
138
194
208
215
219
184
121
94
106
65
-57
-198
-307
-386
-493
-651
-811
-952
-1070
-1142
-1180
-1213
-1223
-1183
-1110
-1008
-854
-633
-392
-221
-113
32
207
283
225
128
66
7
-107
-214
-191
-54
11
-19
19
182
368
467
533
686
899
1066
1194
1362
1544
1650
1645
1573
1488
1389
1238
1043
806
541
308
127
-48
-215
-307
-334
-349
-355
-300
-158
-18
42
53
87
140
148
112
70
39
-1
-73
-159
-216
-247
-295
-377
-460
-491
-448
-385
-349
-310
-232
-135
-70
-46
-37
-3
17
-44
-136
-183
-191
-211
-269
-340
-390
-441
-523
-619
-703
-780
-852
-927
-1002
-1045
-1031
-985
-943
-902
-801
-634
-463
-322
-160
51
237
322
330
330
320
247
105
-40
-112
-101
-95
-121
-102
-5
126
218
288
428
646
850
1013
1194
1411
1595
1666
1621
1528
1433
1281
1052
787
531
303
89
-118
-272
-313
-285
-246
-187
-71
118
312
442
515
568
594
552
437
290
153
10
-180
-400
-577
-675
-743
-828
-894
-880
-788
-689
-618
-529
-397
-264
-199
-196
-188
-148
-130
-189
-279
-316
-310
-318
-347
-354
-321
-290
-305
-347
-366
-381
-434
-533
-637
-700
-722
-744
-776
-782
-740
-665
-570
-446
-270
-54
139
283
409
526
599
589
496
350
178
5
-136
-232
-313
-353
-320
-216
-65
123
358
625
858
1045
1248
1472
1638
1679
1623
1530
1412
1226
992
770
565
350
142
-10
-76
-71
-43
-21
39
170
352
525
641
713
742
695
563
387
199
-19
-292
-594
-846
-999
-1091
-1163
-1209
-1200
-1136
-1040
-920
-779
-634
-520
-448
-391
-329
-265
-214
-194
-209
-226
-224
-211
-216
-244
-269
-276
-283
-297
-303
-288
-289
-324
-379
-420
-437
-453
-489
-529
-541
-519
-466
-392
-307
-191
-45
104
242
371
479
530
500
402
264
91
-114
-321
-467
-543
-580
-566
-470
-297
-86
136
376
635
879
1084
1277
1459
1592
1648
1625
1545
1425
1269
1086
902
711
519
351
220
142
124
151
192
261
371
500
614
685
701
655
534
351
130
-118
-393
-677
-943
-1162
-1311
-1391
-1414
-1387
-1314
-1188
-1017
-820
-619
-433
-276
-146
-42
25
54
42
-20
-120
-233
-331
-408
-471
-529
-562
-551
-507
-435
-334
-223
-125
-57
-10
30
57
38
-31
-121
-208
-276
-327
-358
-356
-320
-257
-171
-59
66
173
238
252
223
168
88
-28
-169
-320
-426
-467
-468
-430
-332
-172
21
231
471
742
1003
1218
1397
1560
1693
1758
1739
1651
1518
1355
1168
973
782
599
440
316
237
221
253
299
341
386
435
473
466
386
232
22
-223
-497
-775
-1032
-1255
-1448
-1597
-1663
-1631
-1528
-1387
-1215
-1005
-770
-528
-311
-132
-12
41
34
-30
-139
-277
-430
-597
-759
-874
-916
-895
-832
-734
-581
-372
-129
116
345
536
673
747
759
711
611
462
268
49
-153
-309
-412
-481
-511
-484
-402
-281
-144
-12
103
185
226
223
195
140
44
-91
-233
-337
-383
-396
-379
-309
-171
22
259
526
811
1088
1324
1523
1703
1856
1955
1966
1891
1759
1604
1434
1241
1034
825
623
449
316
234
186
139
83
25
-29
-81
-155
-271
-439
-635
-832
-1013
-1170
-1303
-1406
-1478
-1512
-1482
-1388
-1246
-1088
-937
-795
-659
-526
-420
-364
-369
-422
-502
-598
-695
-777
-841
-885
-894
-842
-717
-539
-327
-99
139
379
611
814
970
1059
1073
1025
930
797
629
441
250
76
-68
-168
-218
-229
-214
-178
-120
-43
38
99
133
134
100
39
-44
-147
-272
-404
-525
-619
-669
-665
-607
-511
-374
-183
64
342
622
896
1152
1380
1572
1730
1854
1923
1924
1856
1746
1607
1438
1243
1030
808
586
375
187
25
-120
-256
-383
-497
-590
-666
-733
-805
-886
-969
-1041
-1105
-1165
-1217
-1256
-1286
-1304
-1301
-1276
-1235
-1189
-1146
-1102
-1047
-983
-915
-849
-782
-708
-622
-522
-407
-282
-150
-16
117
247
376
503
614
707
782
840
889
921
936
934
916
889
855
815
766
709
641
562
470
368
265
154
38
-80
-187
-277
-353
-414
-464
-493
-505
-501
-483
-453
-417
-379
-345
-315
-282
-252
-228
-205
-172
-117
-38
61
175
316
480
653
830
1002
1161
1303
1413
1490
1536
1547
1511
1419
1279
1101
903
680
440
191
-55
-285
-499
-686
-842
-968
-1070
-1155
-1211
-1236
-1238
-1229
-1223
-1219
-1215
-1215
-1218
-1226
-1238
-1253
-1262
-1254
-1217
-1151
-1058
-941
-802
-638
-445
-233
-17
189
377
544
682
791
865
903
903
872
826
777
736
700
669
650
646
658
687
724
755
770
763
740
696
627
530
406
261
109
-41
-176
-296
-396
-475
-526
-539
-518
-467
-391
-301
-202
-97
10
116
207
273
309
320
315
289
245
183
105
23
-54
-117
-164
-192
-197
-178
-135
-67
22
119
212
296
362
411
436
433
399
334
242
129
3
-134
-278
-415
-540
-647
-732
-793
-833
-853
-854
-838
-807
-765
-721
-677
-635
-593
-552
-511
-466
-422
-373
-320
-251
-166
-67
41
151
262
373
477
573
653
713
751
766
764
746
712
660
595
522
445
371
300
234
181
140
117
114
131
160
197
240
285
330
369
396
406
399
374
332
281
226
167
108
50
7
-21
-33
-34
-27
-14
3
18
26
24
7
-28
-81
-150
-228
-316
-410
-506
-598
-678
-740
-785
-816
-830
-821
-794
-747
-683
-610
-531
-449
-367
-290
-218
-155
-103
-66
-38
-15
6
25
39
50
57
67
81
95
110
119
123
126
126
124
118
112
106
103
110
125
150
180
215
253
295
342
386
427
460
484
501
511
507
492
459
414
353
286
215
147
80
18
-32
-67
-82
-81
-67
-37
3
51
103
157
206
243
268
283
286
276
256
227
191
153
117
87
61
36
15
-5
-19
-30
-43
-56
-78
-109
-146
-184
-222
-264
-311
-364
-418
-467
-510
-548
-580
-604
-623
-635
-637
-627
-611
-591
-569
-550
-528
-503
-480
-463
-450
-441
-432
-421
-408
-390
-367
-342
-309
-265
-210
-146
-75
-6
67
141
215
286
352
410
458
503
541
573
602
627
646
661
681
705
735
767
800
836
870
901
925
941
941
922
884
828
753
661
554
437
312
186
67
-42
-142
-225
-289
-331
-354
-358
-349
-328
-301
-272
-242
-215
-195
-186
-192
-204
-225
-252
-284
-322
-358
-391
-415
-429
-435
-428
-411
-388
-358
-328
-295
-265
-247
-241
-248
-267
-298
-341
-396
-456
-519
-577
-633
-677
-710
-729
-736
-729
-708
-672
-627
-576
-524
-470
-414
-355
-297
-243
-185
-128
-66
-2
71
162
263
366
480
607
741
875
1002
1116
1212
1288
1337
1358
1355
1326
1266
1178
1074
960
840
716
596
480
374
281
200
132
72
20
-29
-74
-117
-157
-197
-243
-295
-346
-394
-435
-473
-501
-517
-522
-514
-488
-445
-389
-323
-252
-179
-104
-33
31
80
109
121
117
98
63
15
-45
-110
-179
-248
-312
-367
-412
-454
-487
-511
-524
-532
-537
-541
-544
-545
-547
-546
-545
-543
-540
-532
-522
-499
-465
-423
-374
-319
-252
-173
-89
1
94
189
287
383
477
568
651
724
786
838
879
909
926
931
919
893
860
814
756
686
608
522
432
338
244
156
69
-15
-89
-152
-204
-246
-277
-302
-321
-331
-329
-323
-313
-297
-279
-257
-230
-198
-159
-120
-81
-43
-1
44
83
117
147
168
184
194
198
195
180
159
132
98
60
21
-22
-72
-125
-179
-235
-291
-350
-410
-470
-527
-582
-633
-677
-717
-749
-770
-781
-775
-756
-716
-655
-584
-495
-388
-270
-142
-13
113
235
345
447
533
606
663
697
711
711
698
673
636
591
544
491
444
399
362
332
309
290
275
263
251
238
218
193
159
119
75
24
-31
-85
-137
-182
-218
-243
-258
-266
-264
-254
-235
-209
-178
-148
-118
-88
-59
-33
-11
5
17
25
30
32
32
32
31
26
21
17
14
11
4
-4
-13
-22
-34
-47
-61
-75
-88
-102
-115
-126
-134
-141
-144
-142
-134
-123
-108
-94
-79
-67
-56
-48
-43
-39
-40
-44
-53
-65
-75
-85
-95
-104
-111
-114
-111
-104
-90
-73
-53
-32
-11
9
26
38
45
44
39
32
23
12
1
-9
-12
-8
3
22
47
79
115
153
191
230
266
296
316
333
343
348
346
339
329
317
305
291
279
268
258
246
230
212
192
166
131
86
32
-29
-96
-174
-254
-336
-416
-495
-566
-626
-671
-700
-716
-714
-697
-664
-618
-563
-503
-437
-369
-306
-246
-195
-149
-106
-67
-33
0
37
74
118
173
236
304
376
454
530
602
669
721
760
779
776
755
718
662
588
500
401
295
190
90
-2
-86
-158
-220
-269
-300
-320
-330
-336
-335
-329
-319
-306
-291
-277
-262
-244
-227
-204
-173
-139
-105
-66
-28
13
54
91
126
150
169
178
180
171
155
132
105
75
43
14
-11
-32
-49
-60
-65
-65
-60
-54
-47
-43
-43
-47
-57
-75
-100
-131
-165
-202
-239
-273
-301
-322
-334
-336
-324
-304
-272
-233
-189
-142
-97
-53
-15
19
43
60
73
79
81
82
84
86
92
105
122
143
170
201
235
269
300
330
353
369
375
373
364
346
318
287
250
212
174
140
107
80
57
41
29
21
17
15
15
11
5
-3
-17
-36
-57
-80
-105
-132
-158
-180
-198
-209
-214
-213
-208
-196
-183
-165
-146
-131
-116
-106
-101
-99
-104
-112
-123
-138
-151
-162
-169
-174
-172
-161
-146
-125
-98
-67
-36
-6
21
43
61
71
72
68
53
31
2
-32
-66
-103
-138
-172
-203
-229
-250
-263
-269
-266
-256
-239
-213
-177
-137
-91
-37
19
80
143
208
272
337
397
459
517
573
622
661
691
712
724
723
710
684
647
597
537
470
396
315
232
145
59
-23
-98
-166
-230
-285
-335
-376
-408
-433
-451
-463
-470
-471
-468
-460
-448
-432
-417
-396
-374
-347
-316
-283
-248
-211
-172
-132
-90
-50
-13
23
53
80
102
123
137
145
148
147
143
135
125
111
95
77
58
40
18
-4
-28
-52
-78
-106
-133
-161
-191
-219
-246
-270
-290
-308
-318
-321
-319
-309
-291
-268
-238
-202
-164
-122
-76
-29
19
65
110
155
196
235
269
299
326
350
369
384
398
406
411
414
414
410
404
392
377
359
336
311
282
250
215
177
139
102
66
30
-2
-32
-59
-84
-102
-118
-131
-140
-145
-148
-147
-143
-139
-134
-129
-126
-123
-121
-120
-121
-121
-123
-125
-127
-129
-130
-131
-131
-128
-125
-119
-112
-105
-98
-90
-82
-75
-68
-62
-56
-56
-57
-57
-59
-64
-68
-73
-77
-81
-85
-89
-92
-92
-92
-90
-89
-90
-91
-91
-92
-93
-96
-98
-100
-98
-97
-94
-88
-80
-68
-51
-32
-11
12
38
68
97
124
153
179
206
230
248
264
277
287
294
300
304
305
304
302
296
291
285
279
271
260
247
233
216
195
173
146
117
88
58
28
-3
-31
-60
-87
-110
-130
-146
-161
-173
-183
-192
-197
-201
-205
-206
-209
-211
-213
-214
-212
-210
-207
-203
-197
-190
-179
-167
-155
-140
-128
-112
-100
-90
-81
-74
-71
-71
-72
-75
-81
-85
-88
-95
-99
-100
-101
-100
-96
-90
-79
-70
-58
-44
-31
-17
-6
3
15
21
29
35
42
49
54
61
68
78
90
103
116
132
147
164
179
193
205
216
222
227
227
225
221
215
206
195
185
176
165
155
147
139
131
125
121
116
111
107
102
95
89
80
69
57
42
28
12
-7
-25
-45
-63
-80
-96
-114
-128
-140
-152
-162
-171
-179
-185
-190
-194
-195
-194
-193
-191
-190
-188
-183
-178
-171
-166
-161
-154
-147
-141
-136
-130
-123
-117
-109
-100
-92
-84
-78
-71
-61
-50
-38
-25
-12
2
18
33
47
62
77
90
101
112
121
129
134
136
137
137
136
135
133
130
124
121
116
110
107
102
97
90
83
77
70
62
53
46
36
29
21
15
8
3
-3
-7
-9
-8
-4
0
5
13
19
25
33
39
46
51
56
60
60
60
60
56
52
49
42
37
27
18
11
2
-7
-18
-30
-39
-49
-60
-69
-78
-89
-98
-111
-122
-134
-145
-155
-166
-176
-184
-190
-196
-199
-200
-200
-196
-190
-181
-169
-156
-141
-125
-104
-82
-57
-32
-5
20
43
69
91
111
130
145
157
166
173
178
182
185
183
180
176
172
168
162
155
148
138
130
119
108
95
82
68
53
39
26
11
-5
-20
-34
-43
-53
-57
-65
-69
-71
-71
-67
-59
-52
-45
-41
-37
-33
-29
-25
-21
-18
-15
-13
-10
-9
-6
-4
-1
3
8
11
13
14
14
13
12
9
6
1
-5
-11
-19
-26
-32
-39
-47
-53
-61
-67
-73
-78
-82
-85
-88
-92
-93
-94
-93
-93
-90
-89
-84
-77
-69
-59
-48
-37
-25
-9
6
21
39
53
67
80
93
102
110
117
121
124
125
125
123
120
118
117
114
110
106
99
92
84
75
65
56
45
32
19
6
-6
-18
-29
-38
-47
-53
-57
-60
-63
-63
-65
-64
-63
-62
-62
-61
-60
-61
-62
-63
-65
-64
-66
-65
-63
-59
-55
-52
-46
-41
-36
-30
-24
-20
-16
-14
-11
-9
-7
-7
-5
-4
-5
-6
-6
-4
-3
-3
-2
-4
-6
-7
-8
-9
-10
-12
-14
-16
-18
-17
-16
-14
-12
-8
-3
3
12
20
31
44
56
70
83
96
107
116
125
130
134
137
137
135
130
125
118
110
99
90
81
70
62
52
42
33
23
13
3
-7
-18
-29
-37
-47
-56
-64
-71
-77
-83
-88
-93
-94
-95
-94
-94
-94
-94
-95
-99
-103
-104
-108
-112
-117
-119
-121
-124
-125
-124
-122
-119
-112
-103
-95
-84
-71
-59
-46
-31
-18
-4
7
18
27
36
41
46
51
56
61
65
71
76
81
86
92
98
103
107
110
112
113
114
111
108
104
100
96
93
88
86
82
79
78
77
76
76
74
73
72
69
67
63
55
47
37
25
12
-3
-16
-29
-40
-50
-58
-64
-70
-73
-74
-75
-72
-69
-65
-62
-61
-58
-58
-59
-62
-65
-70
-76
-83
-89
-96
-101
-104
-109
-111
-112
-110
-106
-101
-96
-91
-83
-76
-68
-61
-57
-50
-46
-43
-40
-35
-30
-25
-20
-11
-2
8
19
29
38
49
61
71
81
89
95
99
102
103
102
102
99
97
94
91
90
88
88
88
90
92
96
99
101
105
106
109
109
109
107
103
100
95
88
81
74
67
59
50
43
36
28
22
16
9
2
-6
-14
-23
-34
-45
-54
-65
-76
-88
-99
-109
-120
-131
-141
-149
-157
-165
-172
-179
-186
-190
-194
-199
-201
-203
-203
-202
-198
-194
-186
-178
-169
-156
-142
-124
-105
-87
-69
-48
-28
-8
11
29
47
64
79
91
103
112
121
129
136
140
145
149
153
156
158
158
159
159
160
158
157
156
152
148
144
138
134
128
121
115
110
105
98
93
88
83
79
74
69
66
62
58
53
48
42
34
26
18
9
0
-8
-18
-28
-36
-44
-52
-58
-65
-69
-75
-79
-81
-86
-91
-96
-99
-104
-108
-113
-120
-126
-132
-139
-145
-151
-158
-162
-166
-169
-170
-171
-169
-166
-163
-158
-153
-145
-137
-128
-117
-107
-94
-82
-68
-55
-41
-25
-9
6
22
38
51
67
83
98
115
131
144
157
168
177
185
190
194
196
197
196
195
191
187
182
176
169
164
156
152
144
138
129
119
110
98
88
77
65
53
40
27
15
2
-10
-21
-31
-40
-49
-55
-62
-68
-72
-77
-81
-85
-88
-93
-96
-98
-101
-105
-106
-110
-111
-111
-112
-112
-113
-113
-114
-114
-115
-115
-117
-120
-122
-124
-127
-130
-131
-131
-131
-131
-129
-126
-124
-118
-112
-105
-98
-91
-84
-77
-71
-65
-57
-49
-41
-32
-22
-11
-3
9
20
35
50
66
83
100
116
132
148
161
173
185
194
201
208
212
214
215
214
213
210
209
206
201
197
191
186
180
171
162
150
139
126
111
95
76
58
39
22
4
-14
-29
-44
-56
-66
-75
-84
-90
-95
-99
-103
-106
-108
-110
-112
-114
-115
-117
-116
-114
-114
-112
-108
-105
-100
-95
-91
-86
-83
-80
-76
-75
-73
-72
-72
-71
-73
-74
-75
-74
-75
-76
-77
-77
-75
-75
-72
-70
-68
-67
-65
-63
-60
-56
-52
-49
-44
-38
-31
-22
-12
-3
6
15
28
40
50
61
72
80
88
98
106
113
119
122
125
127
130
131
132
131
131
131
130
128
128
126
124
121
115
107
100
91
81
71
58
46
35
22
9
-2
-11
-19
-28
-36
-42
-50
-55
-62
-68
-74
-80
-86
-92
-98
-102
-105
-107
-111
-112
-112
-111
-107
-105
-101
-95
-91
-85
-77
-72
-67
-61
-57
-53
-48
-44
-40
-38
-34
-31
-27
-23
-21
-16
-12
-7
-2
3
9
14
18
24
27
34
37
41
45
48
53
57
61
64
69
73
78
84
88
92
95
99
102
104
104
104
103
101
98
92
88
84
79
73
69
64
59
52
47
42
36
30
25
17
10
3
-6
-15
-24
-35
-44
-54
-64
-73
-83
-91
-98
-103
-108
-112
-114
-116
-118
-118
-117
-118
-116
-113
-112
-106
-101
-97
-94
-89
-82
-75
-69
-63
-56
-48
-39
-30
-22
-12
-2
7
17
24
33
39
42
46
49
51
52
53
53
53
54
54
53
54
55
57
58
60
61
61
62
62
61
60
58
56
54
52
49
47
47
44
43
43
42
42
43
42
42
42
41
42
39
36
34
31
28
25
21
17
14
11
7
4
2
-2
-6
-12
-16
-21
-26
-32
-38
-45
-53
-62
-72
-80
-87
-95
-100
-107
-111
-115
-118
-119
-119
-120
-118
-116
-111
-107
-101
-96
-91
-85
-78
-72
-64
-55
-48
-39
-32
-23
-13
-2
9
18
31
42
53
64
72
81
89
97
103
108
113
116
119
122
125
127
129
128
129
130
129
130
128
126
124
119
114
106
99
91
80
71
62
52
41
31
21
11
3
-6
-14
-23
-29
-39
-48
-57
-64
-71
-78
-87
-94
-101
-106
-111
-112
-113
-112
-111
-109
-107
-102
-98
-94
-90
-87
-83
-81
-78
-76
-71
-68
-65
-61
-56
-52
-47
-43
-37
-32
-27
-22
-18
-14
-10
-6
-3
-2
1
3
3
5
8
10
12
17
19
23
29
34
39
46
51
56
62
67
71
77
80
83
85
87
87
87
87
88
88
88
86
86
86
86
83
80
78
73
69
66
62
54
46
39
31
23
17
9
0
-6
-12
-16
-22
-25
-30
-33
-36
-36
-39
-42
-45
-49
-51
-56
-62
-65
-67
-70
-73
-76
-80
-81
-83
-83
-85
-84
-85
-83
-83
-82
-80
-78
-75
-73
-72
-69
-65
-62
-58
-55
-49
-44
-39
-34
-28
-21
-15
-8
-3
5
13
19
24
30
34
40
46
51
55
60
62
66
68
71
74
78
81
84
86
88
88
89
91
91
92
91
90
88
85
81
77
71
66
60
54
50
44
37
30
23
18
10
4
-3
-8
-14
-20
-27
-32
-36
-40
-44
-48
-51
-56
-58
-59
-60
-63
-64
-67
-67
-69
-67
-67
-67
-68
-66
-64
-62
-60
-57
-55
-53
-51
-50
-49
-48
-47
-45
-44
-42
-40
-38
-37
-35
-32
-28
-24
-20
-17
-14
-11
-6
-3
0
3
7
12
15
18
21
24
25
29
30
35
38
40
43
48
51
55
58
61
65
68
71
73
75
75
76
74
76
74
74
72
69
66
63
59
55
50
46
42
37
31
26
21
15
10
5
-2
-6
-11
-16
-22
-25
-27
-31
-34
-36
-39
-41
-41
-43
-43
-44
-46
-47
-50
-53
-56
-57
-58
-57
-58
-58
-60
-59
-58
-58
-57
-57
-56
-55
-53
-51
-51
-49
-48
-48
-45
-41
-39
-37
-34
-33
-28
-24
-21
-16
-13
-8
-2
3
8
12
18
24
28
33
36
38
41
45
47
50
53
53
55
57
58
60
62
62
63
63
64
64
64
64
61
60
57
53
51
46
42
38
33
29
23
19
13
7
4
0
-4
-8
-11
-15
-17
-19
-22
-25
-27
-29
-32
-32
-33
-35
-36
-36
-36
-36
-36
-35
-34
-33
-33
-32
-31
-28
-27
-26
-25
-26
-25
-23
-22
-21
-20
-19
-17
-16
-15
-16
-15
-15
-16
-15
-14
-13
-11
-12
-12
-11
-11
-10
-10
-9
-7
-6
-4
-2
-2
0
0
2
5
7
9
9
11
12
14
16
19
20
23
26
26
30
31
33
34
37
38
40
40
41
41
41
40
40
39
39
36
35
34
32
30
27
25
23
22
20
16
15
13
10
9
6
2
1
-3
-6
-10
-13
-16
-18
-21
-24
-26
-27
-28
-32
-33
-35
-37
-37
-40
-41
-42
-42
-43
-44
-44
-44
-45
-45
-43
-42
-40
-39
-37
-34
-32
-29
-26
-24
-22
-19
-18
-17
-16
-13
-13
-11
-8
-5
-4
-2
1
3
3
5
7
9
12
13
15
15
17
19
21
23
25
25
26
29
30
31
33
34
35
35
35
36
37
36
36
35
35
34
34
34
35
34
33
31
29
28
28
26
26
24
23
21
20
18
15
14
12
9
5
3
0
-1
-3
-5
-8
-9
-9
-11
-12
-15
-18
-19
-22
-25
-25
-27
-29
-31
-32
-33
-35
-36
-37
-38
-39
-37
-35
-35
-33
-31
-30
-30
-29
-28
-26
-25
-23
-22
-21
-20
-21
-19
-18
-15
-15
-14
-13
-11
-10
-8
-6
-3
-1
1
3
6
8
9
11
13
15
16
16
18
20
22
24
26
27
29
31
31
31
31
31
32
33
32
31
30
29
30
30
30
28
28
28
25
23
22
20
18
16
12
9
7
5
1
-3
-6
-9
-12
-15
-18
-21
-22
-24
-26
-28
-29
-30
-30
-32
-35
-35
-34
-34
-34
-32
-31
-30
-30
-29
-26
-25
-22
-20
-18
-16
-13
-10
-7
-4
-4
-1
1
3
4
4
3
4
4
5
5
5
3
3
4
4
6
8
9
10
12
12
15
16
18
20
22
25
25
26
25
25
26
25
24
25
24
23
23
21
19
19
18
17
17
18
17
16
16
14
13
9
7
5
2
1
0
-2
-4
-4
-7
-8
-10
-12
-14
-15
-16
-17
-19
-19
-20
-20
-21
-22
-23
-22
-23
-22
-23
-23
-22
-24
-23
-22
-22
-21
-20
-18
-16
-15
-13
-12
-10
-7
-5
-3
-2
0
0
2
3
5
7
8
10
10
11
13
14
14
13
14
14
15
14
15
14
13
13
12
11
10
9
8
6
5
3
3
3
3
3
3
3
3
4
5
4
4
7
7
7
6
7
7
7
7
6
6
7
6
6
5
4
3
2
0
-1
-2
-2
-4
-7
-8
-11
-12
-14
-15
-17
-19
-22
-22
-23
-23
-24
-24
-24
-23
-23
-24
-23
-23
-23
-23
-20
-20
-20
-18
-15
-14
-12
-10
-7
-4
-2
1
3
6
9
11
12
14
17
19
21
23
25
27
28
30
29
29
29
27
26
26
27
25
25
25
24
25
23
21
19
19
18
16
14
13
11
8
5
3
0
-1
-1
-2
-4
-4
-5
-5
-5
-5
-6
-6
-6
-7
-8
-9
-10
-12
-12
-13
-13
-14
-16
-16
-14
-13
-13
-12
