-3
-4
-5
-6
-4
-4
-2
-2
-3
-5
-4
-4
-2
-2
-3
-1
-3
-4
-3
-2
-4
-4
-4
-3
-4
-3
-2
0
-1
-1
-1
-1
-1
-1
1
3
3
2
1
-1
-1
1
0
1
3
2
5
7
7
4
5
3
2
2
2
2
3
2
1
2
3
3
1
2
3
5
4
1
1
2
3
-1
-4
-3
0
-1
-1
-3
-2
0
2
1
-1
0
1
2
1
1
2
1
1
0
0
-1
1
1
2
2
1
1
0
2
2
1
0
1
1
-1
-1
-2
0
0
2
1
0
0
2
1
1
3
1
0
0
2
3
4
3
3
5
4
3
4
4
3
3
2
2
2
2
2
2
0
0
1
1
0
-1
-2
-2
-3
-2
-1
-2
-5
-4
-4
-2
-4
-5
-3
-4
-3
-3
-4
-4
-3
-7
-7
-7
-3
-3
-5
-6
-7
-7
-5
-4
-6
-8
-5
-4
-4
-5
-3
-3
-3
-1
-2
-3
-1
-1
-1
-1
-1
1
1
1
0
3
1
2
0
1
2
3
4
3
3
5
5
2
3
5
6
4
4
3
2
3
3
5
4
3
3
3
1
2
1
3
5
3
1
0
0
0
1
0
1
0
-1
-2
0
1
3
2
2
1
1
-1
-1
0
3
0
-3
-2
-1
-1
-2
-2
-3
-1
-3
-1
-1
1
2
3
2
2
1
0
0
-1
1
2
1
2
2
2
2
1
1
2
1
2
2
2
4
5
5
5
6
4
2
2
1
2
0
2
1
-1
1
2
3
4
4
3
3
1
-1
-2
-2
-2
0
0
0
-1
-1
-1
-1
1
1
-1
-5
-8
-6
-4
-4
-3
-5
-4
-3
-3
-4
-6
-6
-6
-8
-8
-8
-7
-6
-6
-7
-8
-7
-8
-7
-6
-5
-7
-7
-6
-4
-4
-2
-2
-3
-2
-3
-1
-2
-3
-1
-1
-1
0
0
-1
-2
-2
-2
-1
1
1
2
2
4
3
2
4
6
5
5
5
5
8
8
8
9
8
7
6
7
7
6
3
3
3
4
3
4
5
5
3
3
4
3
2
1
3
5
5
6
2
0
-1
1
1
-1
-2
-1
2
3
2
2
2
1
0
-2
-1
-1
0
-1
0
0
1
0
-2
0
0
1
0
-1
-3
-4
-5
-2
-1
-1
0
0
1
0
1
0
0
0
-1
-2
0
-1
0
-1
0
-1
-3
-2
-2
-3
-3
-3
-1
1
2
1
2
4
4
2
2
1
2
3
4
2
2
0
1
0
-1
-1
-3
-1
-1
-1
0
-2
-3
-3
-1
0
-2
-4
-4
-4
-3
-3
-4
-4
-4
-5
-7
-7
-7
-7
-7
-6
-4
-4
-2
-3
-5
-5
-4
-2
-2
-4
-3
-5
-3
0
-1
-2
-2
0
-1
-2
-2
-1
-1
-1
-2
-3
-2
0
0
1
3
4
2
1
1
2
3
3
2
2
2
2
3
4
3
3
3
5
5
4
3
2
1
1
2
3
2
4
5
6
8
8
8
8
7
6
7
4
6
5
4
7
7
6
6
6
5
4
3
1
0
0
1
1
1
1
-1
-3
-4
-5
-4
-3
-3
-3
-2
-3
-5
-6
-6
-4
-4
-5
-6
-7
-10
-11
-10
-11
-11
-9
-3
0
1
-1
-1
-4
-6
-5
-3
1
2
4
4
5
3
2
1
1
5
9
13
15
16
15
12
8
6
6
8
11
11
7
7
8
7
6
6
5
7
10
10
6
5
5
1
1
3
2
4
6
5
2
0
-3
-6
-10
-13
-17
-25
-30
-33
-38
-38
-37
-34
-30
-29
-30
-31
-32
-32
-30
-28
-25
-21
-16
-10
-6
-5
-5
-4
-4
-5
-7
-8
-6
-3
-2
0
1
2
4
2
-2
-4
-7
-5
-1
3
11
17
26
29
31
32
33
34
36
37
38
36
29
22
15
12
11
11
16
21
25
28
31
31
29
31
39
47
56
64
72
80
85
84
79
75
72
65
56
46
33
21
6
-12
-30
-49
-65
-79
-94
-110
-122
-132
-137
-135
-129
-120
-104
-91
-79
-70
-63
-54
-40
-27
-12
6
22
31
32
25
14
3
-9
-13
-17
-18
-17
-12
-4
-3
-8
-19
-36
-43
-32
-10
15
32
41
48
52
54
63
82
104
116
113
100
90
80
68
57
49
42
32
23
18
13
7
0
-9
-17
-25
-27
-17
-2
10
13
9
6
9
8
5
3
0
-1
1
9
18
25
23
11
-11
-35
-49
-52
-54
-52
-52
-57
-72
-93
-117
-136
-144
-145
-137
-129
-131
-135
-147
-161
-165
-158
-137
-112
-85
-65
-57
-56
-54
-52
-43
-19
25
75
123
196
265
284
262
232
199
190
217
247
264
271
252
205
149
93
40
-2
-20
-28
-57
-94
-116
-133
-158
-169
-177
-183
-149
-87
-30
19
56
67
79
107
140
170
204
242
255
238
218
194
158
119
75
11
-46
-79
-120
-167
-196
-234
-294
-334
-336
-335
-335
-320
-300
-286
-244
-175
-107
-51
3
40
68
118
177
222
256
275
248
193
160
159
160
146
107
29
-60
-111
-124
-131
-142
-167
-200
-219
-220
-212
-185
-138
-98
-82
-70
-44
5
82
176
224
221
221
237
260
293
312
284
240
197
156
136
133
116
54
-32
-89
-132
-176
-191
-185
-202
-222
-218
-217
-205
-175
-155
-147
-127
-108
-80
-25
31
51
37
14
2
-4
9
33
34
1
-54
-126
-180
-184
-193
-230
-242
-229
-203
-97
62
125
68
16
6
35
134
278
380
425
445
415
335
295
314
301
253
214
131
-4
-65
-70
-128
-214
-266
-304
-314
-249
-163
-125
-102
-68
-60
-53
31
159
246
301
336
319
294
321
344
320
266
185
78
1
-35
-95
-171
-221
-272
-347
-393
-408
-441
-457
-413
-373
-359
-310
-236
-177
-95
13
65
81
161
272
324
340
342
281
209
240
315
309
254
194
88
-23
-66
-82
-112
-110
-107
-186
-300
-340
-320
-294
-241
-183
-191
-217
-186
-153
-143
-85
6
59
86
118
124
124
153
187
181
147
119
112
118
115
65
-5
-41
-58
-87
-89
-83
-130
-179
-188
-203
-214
-196
-181
-202
-210
-177
-151
-144
-105
-40
-10
-17
-16
21
131
295
408
429
382
314
307
412
552
623
622
572
463
334
260
261
303
307
199
-11
-201
-264
-269
-311
-383
-478
-578
-594
-515
-435
-372
-269
-188
-173
-127
-3
144
284
418
484
453
425
435
421
403
428
386
229
93
50
-18
-164
-315
-466
-623
-718
-730
-722
-732
-737
-738
-734
-700
-620
-493
-328
-193
-170
-188
-115
64
266
413
466
436
368
289
228
227
212
59
-171
-298
-326
-289
36
595
781
349
-163
-301
-150
202
716
1065
1033
821
602
398
413
722
900
686
394
182
-87
-204
-22
4
-405
-818
-903
-801
-578
-250
-118
-295
-441
-391
-301
-129
201
406
345
322
436
488
506
600
607
403
182
94
54
2
-77
-280
-617
-882
-883
-687
-553
-659
-927
-1108
-1086
-876
-511
-147
-38
-146
-214
-168
2
364
781
952
832
599
346
204
391
738
780
481
152
-169
-439
-376
-97
-119
-442
-629
-651
-685
-643
-495
-450
-490
-399
-271
-281
-236
-13
115
85
138
220
141
51
35
-101
-260
176
1267
1984
1539
505
-112
-66
365
967
1501
1649
1288
652
135
44
386
743
635
116
-425
-831
-959
-675
-410
-724
-1395
-1736
-1564
-1176
-717
-274
-128
-303
-385
-203
81
465
904
1119
1071
1030
1088
1120
1184
1309
1194
704
227
77
39
-110
-320
-657
-1143
-1487
-1470
-1264
-1180
-1322
-1538
-1641
-1530
-1159
-651
-250
-60
-38
-54
74
483
1140
1727
1852
1464
929
605
672
1075
1390
1198
563
-133
-646
-914
-923
-846
-939
-1231
-1569
-1908
-2195
-2139
-1688
-1295
-1218
-1221
-1112
-965
-673
114
1294
2086
2012
1548
1386
1692
2236
2763
3075
3025
2636
2077
1551
1299
1317
1205
597
-287
-991
-1414
-1583
-1530
-1585
-2101
-2773
-2950
-2532
-1950
-1466
-1107
-951
-903
-646
-152
403
990
1521
1740
1710
1848
2182
2346
2319
2281
2005
1315
706
559
568
361
-110
-813
-1607
-2005
-1816
-1574
-1700
-1991
-2241
-2472
-2467
-1971
-1265
-797
-620
-533
-389
-60
519
1173
1591
1629
1378
1046
949
1241
1563
1515
1112
588
60
-433
-734
-739
-720
-983
-1415
-1779
-2048
-2183
-2105
-1887
-1683
-1573
-1363
-784
248
1197
1327
789
629
1304
2156
2675
3105
3394
3109
2456
2070
2106
2251
2238
1860
997
-4
-585
-736
-803
-980
-1463
-2256
-2822
-2687
-2196
-1923
-1789
-1581
-1520
-1602
-1343
-656
-27
429
915
1262
1327
1475
1934
2367
2514
2401
1976
1376
1128
1355
1421
950
271
-403
-1014
-1268
-1159
-1242
-1724
-2206
-2511
-2754
-2679
-2072
-1483
-1488
-1792
-1825
-1486
-829
64
793
914
543
209
281
816
1583
2071
1835
1055
383
198
323
491
570
313
-395
-1234
-1749
-1795
-1502
-1026
-710
-943
-1446
-1526
-818
251
881
746
386
527
1165
1748
2178
2635
2797
2383
1893
1877
2106
2129
1899
1419
654
16
-184
-191
-394
-844
-1452
-2038
-2209
-1808
-1334
-1177
-1225
-1358
-1536
-1438
-848
-113
415
776
936
807
759
1148
1651
1834
1777
1554
1067
661
787
1002
705
153
-266
-699
-1114
-1166
-1054
-1314
-1823
-2058
-1991
-1871
-1640
-1383
-1478
-1738
-1602
-1084
-546
-92
177
39
-320
-327
168
707
982
1016
715
151
-117
170
523
550
313
-194
-877
-1173
-753
-148
37
-70
-214
-440
-234
803
1672
1349
631
624
986
1158
1631
2471
2617
1774
983
800
896
1155
1439
1060
-7
-772
-777
-507
-329
-367
-906
-1795
-2124
-1570
-895
-518
-200
-131
-630
-1074
-708
131
804
1280
1447
991
403
573
1286
1657
1585
1306
612
-136
-36
643
655
-109
-759
-1204
-1721
-1779
-1218
-941
-1372
-1840
-1994
-2072
-1863
-1161
-710
-1033
-1404
-1179
-691
-240
250
473
97
-362
-234
270
597
725
777
521
67
-49
154
238
210
157
-215
-768
-789
-209
162
38
-80
-139
-265
278
1525
1894
865
102
509
1110
1445
2078
2640
2155
1074
622
830
1193
1680
1828
934
-366
-880
-614
-215
90
12
-810
-1854
-2025
-1322
-744
-551
-285
-246
-809
-1248
-869
-115
470
936
1125
694
212
511
1141
1291
1175
1033
505
107
749
1433
720
-496
-866
-857
-1015
-775
-315
-698
-1687
-2125
-2035
-1941
-1429
-622
-782
-1861
-2335
-1896
-1296
-642
-34
-166
-990
-1441
-965
-199
239
506
636
317
-124
-180
35
326
691
762
317
-162
-73
371
636
763
936
568
91
959
2329
1873
325
99
989
1247
1191
1906
2357
1382
312
360
736
1064
1623
1483
109
-1002
-900
-299
290
736
373
-965
-1932
-1371
-345
-143
-141
182
-107
-1016
-1287
-649
48
537
954
828
-35
-474
229
927
895
886
807
48
-200
762
1033
-125
-753
-269
-285
-902
-789
-505
-1280
-2043
-1661
-1318
-1581
-1241
-767
-1651
-2783
-2422
-1362
-806
-525
-502
-1235
-2096
-1769
-422
451
528
548
366
-263
-459
186
931
1326
1399
924
25
-426
287
1404
1702
1462
1219
390
-18
1446
2852
1813
107
222
1069
953
1026
2034
2117
748
67
555
784
1035
1696
1200
-465
-1084
-348
348
729
903
88
-1531
-1980
-596
559
376
104
86
-651
-1509
-1159
-28
649
788
636
-139
-1143
-963
345
1039
728
380
-229
-1213
-897
760
1140
-189
-902
-692
-1007
-1275
-514
-119
-1004
-1608
-1271
-1304
-1577
-872
-438
-1642
-2615
-1896
-1000
-871
-727
-829
-1853
-2595
-1772
-334
224
41
-112
-492
-1056
-683
484
1149
1177
910
194
-360
206
1483
2097
1705
1226
956
618
1233
3088
3604
1635
69
588
1342
1454
2020
2607
1727
168
-67
753
1192
1377
1349
125
-1327
-1078
131
710
782
445
-878
-2266
-1842
32
1094
788
346
-168
-1259
-1681
-418
1134
1534
1084
213
-945
-1376
-185
1424
1614
680
-180
-1034
-1665
-738
1146
1345
-152
-1099
-1391
-1842
-1520
-280
-9
-1038
-1615
-1497
-1701
-1697
-783
-423
-1539
-2258
-1542
-952
-965
-645
-598
-1509
-2063
-1407
-519
-198
-177
-216
-553
-960
-653
275
837
839
532
-83
-472
61
1174
1748
1410
848
495
312
906
2655
3615
2148
256
216
1041
1422
2028
2906
2525
934
127
572
1165
1736
2093
1171
-445
-846
-111
398
661
766
-123
-1702
-2157
-1030
41
142
-32
-303
-1113
-1827
-1364
-130
637
538
-16
-649
-989
-444
824
1497
931
65
-400
-671
-323
1048
1913
955
-453
-933
-1038
-909
37
732
-187
-1552
-1863
-1673
-1522
-876
-269
-1101
-2621
-2887
-2137
-1572
-1013
-545
-1132
-2314
-2620
-1895
-934
-95
338
20
-744
-1097
-530
557
1328
1314
662
-9
-105
474
1319
1772
1433
732
307
435
1393
2821
3000
1365
-92
81
952
1675
2491
2847
1762
191
-62
927
1990
2587
2254
683
-798
-661
539
1467
1703
1087
-494
-2059
-2119
-667
733
956
258
-840
-1990
-2404
-1404
201
859
249
-702
-1330
-1451
-670
808
1513
728
-327
-662
-604
-94
1145
1850
963
-327
-804
-767
-363
508
787
-268
-1427
-1527
-1150
-955
-643
-486
-1350
-2554
-2588
-1764
-1246
-1026
-1000
-1690
-2697
-2837
-1925
-831
-171
-37
-446
-1190
-1428
-565
633
1155
1012
517
-137
-390
287
1407
1799
1237
555
181
115
929
2497
2973
1561
33
-95
645
1507
2373
2743
1956
704
376
1100
2046
2693
2466
1028
-333
-209
887
1657
1750
1132
-370
-1989
-2162
-671
826
991
85
-1230
-2454
-2652
-1352
281
783
35
-1121
-1987
-2029
-819
980
1682
727
-634
-1267
-1171
-273
1379
2340
1438
-213
-1015
-919
-188
1060
1656
661
-847
-1432
-1293
-972
-265
326
-403
-1980
-2574
-2053
-1577
-1089
-566
-1104
-2481
-3025
-2401
-1464
-525
93
-294
-1347
-1754
-1092
-165
511
1017
855
-205
-873
-172
949
1434
1418
1058
321
-222
352
2000
3148
2462
769
-111
216
1175
2298
3042
2821
1755
669
432
1315
2666
3201
2234
607
-203
117
795
1430
1589
574
-1187
-2158
-1677
-390
596
471
-663
-1862
-2338
-1936
-881
229
524
-320
-1488
-1863
-1130
243
1352
1240
-28
-1053
-1011
-384
518
1581
1718
395
-1017
-1263
-613
370
1169
901
-458
-1604
-1746
-1214
-381
372
220
-1164
-2461
-2374
-1463
-692
-200
-398
-1623
-2756
-2726
-1843
-601
436
300
-940
-1939
-1862
-920
272
1068
977
-22
-1169
-1291
-298
882
1546
1250
144
-726
-647
335
1904
3053
2428
549
-558
25
1558
2873
3440
3149
2046
748
628
2024
3531
3767
2625
996
-14
193
1201
1953
1593
226
-1319
-2336
-2133
-628
598
-5
-1590
-2504
-2657
-2347
-1109
418
488
-868
-1837
-1616
-784
463
1663
1459
-55
-936
-521
102
778
1798
1874
296
-1160
-1026
-126
555
1003
672
-717
-1879
-1780
-980
-331
85
-103
-1356
-2618
-2398
-1209
-489
-460
-787
-1572
-2485
-2512
-1466
-196
362
-128
-1130
-1747
-1440
-348
680
900
458
-216
-864
-1038
-255
963
1374
629
-416
-862
-734
-72
1260
2436
2119
543
-566
-223
1198
2704
3419
3077
2094
1176
1040
2028
3609
4446
3587
1662
293
361
1399
2338
2351
1223
-573
-2058
-2285
-1066
452
636
-707
-2237
-2910
-2631
-1512
-79
516
-304
-1657
-2292
-1781
-393
1096
1478
326
-1108
-1508
-892
67
1125
1619
720
-887
-1629
-1009
108
893
807
-223
-1410
-1790
-1211
-258
409
340
-658
-1955
-2254
-1321
-303
-79
-532
-1307
-2081
-2305
-1705
-676
-11
-286
-1173
-1746
-1470
-599
160
339
87
-319
-721
-800
-249
582
963
616
-76
-549
-485
-15
656
1386
1884
1737
729
-165
328
1864
2859
2833
2586
2236
1554
1280
2255
3654
4013
3202
1918
765
444
1300
2309
2272
1292
9
-1362
-2099
-1186
505
888
-339
-1628
-2228
-2377
-1725
-240
601
-263
-1763
-2409
-1995
-984
262
862
-57
-1675
-2335
-1728
-669
390
947
262
-1307
-2136
-1439
-148
734
918
250
-1003
-1735
-1113
250
1172
1163
212
-1196
-1889
-1219
6
589
219
-776
-1929
-2526
-2032
-853
-55
-219
-1041
-1804
-1888
-1200
-280
272
269
-136
-582
-577
14
685
905
702
330
-51
-137
280
810
937
924
1192
1298
764
287
726
1626
1989
1920
2038
2065
1574
1316
2063
3175
3471
2719
1629
868
850
1671
2612
2662
1635
93
-1217
-1413
-52
1687
1793
79
-1691
-2362
-2158
-1210
366
1097
-401
-2872
-3793
-2756
-1132
61
260
-1034
-3089
-3984
-2860
-840
620
816
-477
-2365
-2992
-1584
521
1676
1449
218
-1338
-1956
-755
1320
2394
1649
-144
-1634
-1896
-890
534
1124
264
-1447
-2767
-2787
-1601
-153
412
-340
-1699
-2445
-1959
-606
688
1140
597
-426
-968
-446
727
1604
1609
879
58
-310
-80
548
1118
1123
662
472
750
822
491
511
1086
1466
1372
1441
1765
1646
1228
1476
2420
3058
2883
2175
1422
1170
1734
2629
2952
2425
1357
184
-425
238
1663
2134
919
-790
-1661
-1666
-1156
-260
282
-615
-2581
-3769
-3190
-1788
-908
-976
-1914
-3257
-3943
-3176
-1481
-220
-184
-1204
-2374
-2593
-1458
205
1133
840
-215
-1244
-1463
-496
1018
1782
1086
-454
-1620
-1648
-689
408
781
87
-1270
-2322
-2188
-967
265
528
-169
-1072
-1453
-997
104
1141
1348
688
-122
-336
242
1200
1756
1373
400
-226
-111
293
532
563
318
-252
-557
86
1066
1041
74
-417
128
894
1362
1770
1964
1475
864
1302
2710
3771
3591
2528
1520
1391
2317
3537
3967
3187
1609
83
-333
782
2362
2538
818
-1338
-2444
-2302
-1352
-141
222
-1200
-3595
-4836
-3959
-2123
-934
-1053
-2277
-3871
-4560
-3472
-1280
327
270
-1162
-2699
-2974
-1665
265
1455
1172
-311
-1859
-2201
-979
764
1564
852
-802
-2196
-2243
-891
668
1163
357
-1036
-1974
-1598
-56
1382
1641
814
-266
-815
-357
929
2021
1952
940
-31
-324
159
1085
1628
1104
-100
-876
-758
-214
221
301
-83
-714
-892
-231
626
735
191
-122
191
806
1380
1843
1980
1669
1346
1693
2693
3533
3478
2635
1853
1796
2433
3156
3375
2773
1459
210
-34
793
1640
1496
291
-1176
-2044
-1955
-1182
-474
-597
-1757
-3227
-3832
-3076
-1752
-1057
-1422
-2441
-3380
-3517
-2516
-996
-188
-714
-1983
-2823
-2549
-1393
-179
245
-440
-1699
-2469
-2038
-699
463
566
-349
-1493
-1912
-1129
353
1392
1251
240
-661
-658
307
1550
2169
1754
687
-175
-138
778
1774
1924
1088
-5
-555
-310
455
1111
992
33
-1045
-1352
-754
102
470
137
-513
-873
-548
330
1145
1212
548
-42
204
1125
1951
2226
2031
1614
1323
1650
2623
3459
3300
2311
1473
1469
2169
2940
3132
2367
958
-147
-150
771
1602
1435
195
-1310
-2089
-1744
-766
-52
-298
-1528
-2949
-3448
-2646
-1354
-705
-1141
-2271
-3321
-3490
-2507
-1124
-529
-1161
-2368
-3154
-2959
-1944
-815
-394
-994
-2095
-2747
-2326
-1111
-23
209
-352
-1094
-1363
-799
373
1340
1406
729
83
44
588
1303
1741
1653
1115
538
342
613
1028
1169
933
580
312
146
109
167
160
-26
-201
-182
-95
-187
-412
-480
-204
309
757
866
536
46
-66
542
1553
2199
2024
1324
786
881
1658
2717
3336
2954
1805
852
906
1875
2885
3082
2216
766
-367
-408
613
1701
1741
524
-1065
-1921
-1593
-500
435
360
-842
-2363
-3071
-2469
-1170
-312
-597
-1778
-2984
-3378
-2694
-1439
-620
-957
-2180
-3251
-3311
-2390
-1219
-610
-940
-1893
-2643
-2460
-1383
-195
265
-158
-903
-1230
-773
241
1147
1342
787
77
-83
475
1296
1747
1529
859
274
220
696
1268
1409
956
267
-129
23
496
847
748
245
-271
-393
-69
376
571
397
71
-40
258
788
1103
930
503
322
652
1287
1761
1744
1332
920
908
1407
2125
2480
2085
1208
583
728
1462
2120
2131
1377
259
-501
-365
490
1246
1142
165
-991
-1557
-1266
-452
191
63
-869
-1974
-2451
-2031
-1175
-649
-912
-1802
-2683
-2946
-2445
-1601
-1088
-1306
-2052
-2678
-2655
-2018
-1242
-832
-1004
-1537
-1898
-1673
-937
-206
56
-180
-574
-711
-385
277
858
973
636
260
254
625
1075
1296
1189
869
601
603
858
1127
1160
918
599
452
524
658
677
525
282
97
95
260
413
372
161
-7
44
276
512
598
529
439
479
687
944
1081
1018
862
805
953
1229
1436
1418
1183
919
831
965
1153
1177
958
594
280
197
350
508
401
21
-377
-552
-481
-316
-234
-377
-730
-1087
-1214
-1070
-872
-882
-1146
-1471
-1634
-1567
-1358
-1149
-1090
-1237
-1467
-1536
-1324
-988
-802
-858
-1032
-1130
-1042
-785
-492
-355
-458
-676
-748
-532
-147
171
249
85
-143
-189
60
472
751
704
412
142
118
357
671
810
651
297
13
25
293
551
550
288
-33
-191
-80
217
481
503
284
53
54
324
669
852
777
552
401
483
771
1061
1133
931
642
521
672
941
1086
999
750
496
390
493
706
809
671
374
129
86
214
358
363
199
-42
-230
-293
-249
-200
-259
-456
-676
-781
-769
-736
-776
-887
-1021
-1114
-1104
-997
-891
-890
-987
-1071
-1038
-887
-708
-615
-650
-748
-789
-690
-478
-271
-196
-280
-412
-430
-271
-27
153
179
63
-81
-108
42
262
377
302
118
-25
-21
118
281
330
219
25
-108
-78
88
240
257
148
17
-21
85
288
460
492
400
311
343
514
726
846
817
705
629
658
796
958
1028
938
755
637
655
748
806
770
637
447
284
232
276
306
237
75
-112
-247
-298
-289
-283
-333
-444
-581
-691
-729
-696
-660
-687
-764
-844
-903
-917
-871
-792
-746
-754
-779
-784
-771
-733
-664
-577
-501
-447
-417
-393
-340
-243
-123
-8
85
140
157
179
250
370
493
566
566
506
437
429
490
562
578
505
365
221
157
195
266
270
170
12
-118
-145
-60
53
82
0
-122
-198
-174
-52
102
182
142
49
9
74
214
350
404
356
262
209
243
349
454
475
384
251
173
189
255
306
295
189
33
-80
-91
-37
-8
-56
-172
-309
-406
-420
-370
-326
-336
-411
-514
-587
-590
-539
-493
-487
-524
-580
-616
-604
-551
-496
-471
-468
-461
-437
-402
-358
-304
-235
-164
-99
-44
7
63
131
215
321
424
488
504
499
520
579
659
733
759
707
613
549
547
581
600
564
468
349
264
242
262
287
266
181
75
13
26
77
110
104
60
-4
-43
-25
38
88
84
34
-17
-33
-6
41
69
49
-6
-70
-111
-104
-68
-54
-95
-175
-239
-265
-253
-229
-220
-255
-335
-411
-436
-410
-374
-367
-403
-455
-494
-506
-486
-446
-413
-420
-452
-475
-465
-425
-378
-344
-331
-340
-351
-338
-302
-255
-213
-182
-167
-163
-146
-101
-36
27
78
112
137
163
204
263
333
398
435
445
451
471
512
566
606
620
602
566
542
542
556
558
525
463
403
362
346
344
337
302
242
190
165
158
165
166
146
104
70
63
83
115
128
112
75
48
47
70
92
96
73
31
-13
-36
-35
-29
-42
-85
-140
-191
-220
-225
-229
-253
-300
-354
-402
-433
-437
-429
-437
-469
-506
-528
-533
-522
-502
-489
-487
-492
-494
-489
-471
-439
-404
-380
-364
-350
-332
-312
-290
-262
-231
-196
-162
-137
-111
-83
-49
-13
32
75
104
126
156
197
244
288
326
348
359
380
418
466
505
518
509
489
479
487
505
512
494
451
404
377
373
382
378
346
295
251
226
221
230
236
218
175
138
121
126
138
146
133
98
61
45
48
50
50
33
-7
-50
-74
-84
-90
-94
-105
-133
-179
-221
-240
-241
-248
-266
-290
-319
-342
-356
-365
-373
-381
-389
-398
-404
-407
-409
-409
-401
-385
-366
-356
-343
-327
-313
-302
-285
-261
-240
-225
-209
-186
-163
-144
-127
-110
-96
-76
-51
-26
-3
13
29
49
76
112
152
184
204
217
232
261
303
349
379
388
383
373
372
390
416
425
410
382
356
342
348
358
358
330
293
262
248
248
251
248
225
188
157
148
150
150
136
105
68
36
22
23
24
4
-32
-73
-101
-112
-116
-121
-131
-154
-186
-218
-230
-227
-225
-238
-268
-300
-322
-328
-320
-310
-315
-327
-343
-349
-339
-320
-299
-277
-263
-256
-256
-246
-222
-197
-174
-152
-131
-122
-120
-116
-103
-84
-63
-48
-46
-54
-61
-58
-39
-18
-4
-2
-5
-6
8
37
71
97
107
109
120
142
174
209
233
241
237
232
241
266
291
298
285
265
253
254
267
278
275
254
226
208
209
214
217
209
186
157
136
130
136
135
118
94
73
61
56
53
44
28
5
-21
-42
-49
-51
-60
-81
-105
-125
-142
-152
-158
-169
-190
-210
-223
-228
-228
-229
-235
-248
-260
-254
-234
-215
-203
-195
-189
-182
-166
-142
-116
-98
-87
-81
-72
-60
-49
-36
-27
-24
-24
-28
-32
-34
-29
-25
-23
-22
-23
-29
-34
-33
-25
-17
-8
4
6
-1
-4
6
28
49
64
74
76
74
79
94
114
130
135
131
124
130
145
158
166
168
164
158
159
169
179
181
172
161
155
155
163
171
169
153
141
134
134
133
128
114
90
64
49
43
36
25
5
-25
-55
-73
-82
-89
-103
-124
-153
-181
-198
-199
-192
-192
-200
-211
-214
-206
-190
-170
-151
-142
-142
-139
-126
-102
-80
-67
-68
-72
-68
-58
-47
-38
-35
-35
-35
-35
-32
-29
-26
-30
-34
-34
-35
-38
-40
-43
-50
-55
-56
-55
-50
-49
-51
-48
-42
-34
-30
-24
-16
-7
1
15
29
38
48
57
67
76
89
100
106
114
120
126
132
140
148
153
155
156
158
160
163
165
163
160
156
151
146
140
130
117
102
86
69
54
38
25
10
-9
-25
-36
-45
-57
-66
-71
-76
-82
-87
-84
-75
-67
-60
-55
-46
-34
-19
-7
-3
3
9
16
25
37
45
47
42
36
35
35
34
28
18
6
-2
-13
-23
-32
-40
-47
-59
-73
-84
-91
-96
-107
-112
-117
-125
-131
-137
-143
-148
-146
-140
-134
-133
-123
-108
-96
-88
-77
-66
-57
-51
-44
-37
-32
-29
-23
-16
-11
-10
-9
-7
-5
2
11
18
21
23
24
28
35
39
39
39
40
43
42
36
36
40
34
25
22
25
27
22
17
15
16
15
19
25
29
31
36
46
58
69
77
83
85
93
108
124
135
140
142
143
148
158
167
173
175
174
169
161
157
150
143
134
123
110
94
77
62
45
24
1
-15
-30
-48
-62
-74
-91
-111
-125
-135
-141
-143
-148
-154
-158
-159
-160
-160
-159
-156
-156
-155
-153
-150
-148
-147
-151
-154
-156
-152
-147
-146
-146
-147
-140
-133
-125
-114
-108
-106
-104
-95
-87
-76
-62
-52
-47
-39
-28
-17
-6
4
12
14
16
23
36
44
53
56
59
64
72
88
100
109
117
125
132
138
150
165
170
172
179
189
198
202
207
212
213
213
220
226
227
223
217
209
201
194
187
173
158
140
121
102
84
66
44
24
7
-11
-31
-53
-68
-84
-100
-115
-126
-131
-137
-143
-149
-154
-157
-159
-159
-159
-157
-158
-160
-164
-164
-162
-161
-164
-167
-169
-174
-174
-173
-174
-178
-181
-180
-178
-177
-175
-170
-167
-166
-161
-150
-139
-129
-123
-119
-112
-100
-87
-75
-66
-62
-56
-49
-37
-19
0
11
17
25
39
56
77
95
107
117
129
145
160
177
191
204
216
227
237
251
264
271
277
283
287
293
298
295
289
282
276
268
258
245
231
215
195
176
159
142
126
105
84
67
49
29
11
1
-11
-28
-40
-53
-65
-74
-82
-88
-96
-104
-115
-126
-134
-139
-143
-149
-157
-166
-179
-191
-199
-207
-217
-228
-234
-239
-245
-256
-264
-267
-267
-266
-266
-267
-266
-263
-258
-253
-246
-238
-232
-228
-220
-211
-203
-192
-179
-167
-156
-143
-126
-110
-98
-82
-66
-49
-27
-3
21
41
63
90
123
155
183
206
225
245
267
294
320
342
354
361
368
380
391
403
408
405
394
382
375
371
367
359
345
323
298
275
259
241
223
205
185
162
140
121
104
91
76
56
32
10
-9
-26
-44
-58
-73
-93
-113
-131
-144
-159
-174
-191
-210
-229
-246
-259
-272
-284
-301
-315
-325
-335
-342
-348
-350
-354
-355
-353
-351
-350
-345
-339
-334
-328
-318
-314
-308
-299
-287
-272
-257
-244
-232
-217
-198
-182
-165
-146
-127
-109
-88
-62
-36
-8
17
41
66
94
126
156
189
219
242
263
286
310
331
350
367
377
385
394
407
418
421
419
413
407
398
389
380
370
356
338
320
305
288
271
252
230
209
190
169
147
128
112
94
70
44
25
7
-11
-29
-51
-71
-92
-110
-125
-137
-153
-170
-190
-204
-217
-225
-230
-237
-248
-261
-269
-274
-275
-276
-281
-287
-288
-288
-285
-282
-277
-269
-263
-261
-259
-255
-247
-238
-230
-221
-213
-205
-198
-188
-172
-157
-144
-132
-121
-109
-93
-76
-57
-38
-21
-2
19
41
62
84
105
122
136
154
172
190
204
218
232
240
245
252
263
271
274
276
271
265
263
265
263
260
253
245
235
225
216
211
204
192
176
159
144
131
121
109
94
76
53
34
17
5
-5
-19
-38
-60
-76
-88
-96
-98
-106
-120
-134
-146
-151
-153
-152
-154
-159
-168
-175
-175
-170
-168
-167
-166
-165
-166
-167
-161
-154
-151
-151
-152
-150
-146
-139
-133
-128
-125
-122
-118
-116
-107
-96
-86
-80
-76
-70
-61
-49
-39
-25
-18
-12
-6
2
12
27
40
47
52
59
67
80
93
106
112
115
116
122
134
142
148
154
155
153
155
161
167
169
169
167
165
161
161
160
158
154
147
135
124
115
108
99
89
75
60
45
31
21
9
-5
-22
-37
-47
-58
-65
-74
-82
-92
-102
-110
-115
-115
-116
-120
-118
-119
-119
-118
-114
-109
-104
-100
-98
-97
-96
-93
-86
-80
-77
-75
-73
-70
-64
-54
-48
-47
-45
-43
-38
-32
-24
-19
-17
-14
-13
-11
-9
-5
-3
-3
-3
-2
0
6
13
14
13
11
12
15
21
26
30
32
29
30
34
39
45
50
56
54
50
56
63
66
70
74
76
74
73
74
78
79
77
73
67
62
56
52
47
41
35
27
15
5
-3
-9
-14
-20
-28
-37
-47
-52
-53
-52
-52
-53
-57
-59
-60
-59
-56
-52
-48
-48
-48
-48
-45
-41
-34
-31
-26
-22
-21
-18
-12
-4
0
2
5
7
12
15
18
22
22
22
21
19
22
25
28
26
20
17
15
12
9
7
5
-2
-8
-12
-11
-10
-13
-17
-18
-18
-19
-19
-18
-18
-21
-21
-19
-17
-14
-9
-8
-6
-3
1
4
10
15
17
19
22
25
28
29
29
30
30
28
27
23
19
17
15
14
12
8
6
4
0
-3
-1
-1
-2
-7
-10
-10
-12
-10
-12
-15
-18
-19
-18
-16
-15
-10
-8
-6
-7
-5
-2
3
7
10
11
14
20
27
33
38
40
41
45
50
53
55
54
50
49
48
45
43
40
30
19
10
4
-1
-5
-12
-21
-31
-39
-44
-48
-52
-58
-67
-74
-78
-80
-80
-79
-76
-76
-76
-76
-75
-70
-63
-56
-56
-54
-49
-44
-38
-30
-25
-20
-17
-14
-9
-5
0
7
11
12
12
15
18
22
25
28
30
30
28
28
27
26
27
25
25
22
21
19
19
20
19
15
8
3
5
7
7
7
8
7
7
11
19
26
30
36
43
50
57
65
74
81
84
87
90
94
97
102
105
104
99
94
85
78
75
73
67
56
42
31
23
16
9
0
-12
-25
-35
-43
-47
-51
-55
-61
-70
-74
-79
-82
-83
-83
-85
-88
-92
-95
-92
-92
-93
-92
-93
-96
-99
-97
-95
-91
-88
-87
-88
-87
-84
-79
-72
-69
-67
-63
-59
-50
-41
-33
-30
-30
-27
-22
-14
-9
-7
-5
-6
-8
-7
-1
2
-1
-2
-3
-5
-4
2
8
14
18
23
28
37
49
63
74
85
94
104
112
122
134
145
150
153
158
162
163
165
168
165
158
151
148
145
137
129
120
109
98
89
82
72
60
52
47
39
29
20
13
6
-1
-11
-21
-31
-41
-50
-60
-69
-80
-90
-100
-110
-115
-122
-130
-139
-150
-158
-164
-165
-164
-163
-162
-165
-166
-165
-161
-155
-148
-142
-139
-134
-128
-121
-113
-105
-100
-97
-96
-91
-86
-78
-73
-72
-73
-74
-73
-68
-60
-53
-46
-41
-35
-27
-17
-4
8
21
33
46
59
71
88
104
119
133
144
155
164
173
183
192
196
199
203
207
207
206
205
205
200
196
195
191
186
181
177
173
165
158
151
144
140
132
125
113
101
90
77
64
51
35
18
1
-15
-29
-44
-58
-72
-91
-109
-127
-140
-151
-161
-171
-178
-185
-191
-194
-193
-190
-188
-190
-192
-192
-189
-183
-179
-175
-171
-167
-163
-160
-156
-149
-143
-139
-137
-132
-127
-122
-117
-112
-107
-100
-91
-82
-71
-61
-50
-37
-27
-15
-2
12
24
37
50
63
75
86
98
110
118
121
123
129
134
138
142
143
144
145
147
148
147
148
147
145
144
142
143
145
143
141
139
138
135
130
127
123
118
114
105
96
89
81
73
63
50
39
29
15
2
-9
-22
-35
-45
-58
-68
-75
-78
-86
-96
-103
-108
-110
-114
-118
-118
-119
-120
-120
-121
-120
-119
-116
-115
-115
-115
-113
-110
-109
-109
-109
-108
-108
-105
-100
-95
-87
-83
-78
-74
-68
-61
-51
-41
-33
-28
-19
-8
4
12
21
29
35
41
46
51
57
60
60
61
63
66
68
71
73
77
78
78
80
82
83
84
86
86
88
90
94
96
98
99
100
101
100
96
95
92
89
86
79
72
64
59
51
46
40
32
23
13
4
-5
-15
-22
-27
-34
-41
-47
-53
-56
-58
-61
-69
-75
-78
-79
-81
-83
-84
-87
-89
-90
-90
-91
-90
-91
-92
-95
-98
-93
-90
-88
-86
-84
-82
-79
-73
-68
-63
-57
-50
-45
-39
-33
-26
-16
-9
-3
6
14
22
27
32
36
37
39
42
44
48
49
46
43
40
42
45
48
47
46
50
50
50
51
54
57
60
62
62
64
64
63
66
66
67
69
71
71
69
68
67
64
60
53
46
41
37
32
26
19
15
9
5
-1
-5
-8
-13
-18
-22
-26
-29
-30
-35
-40
-43
-44
-49
-52
-54
-57
-60
-66
-72
-74
-73
-75
-77
-78
-79
-76
-72
-67
-63
-61
-58
-54
-50
-44
-38
-31
-26
-21
-14
-6
0
4
10
16
20
21
22
28
31
31
31
30
31
32
32
32
29
27
26
25
26
26
26
26
25
25
24
23
25
24
23
22
20
21
20
20
20
21
20
20
19
17
15
10
5
3
3
1
-2
-6
-10
-10
-7
-6
-5
-5
-7
-8
-10
-9
-10
-10
-11
-14
-16
-16
-15
-15
-18
-19
-23
-25
-24
-23
-24
-24
-22
-22
-22
-22
-22
-20
-19
-20
-20
-16
-11
-8
-3
0
2
6
9
13
17
21
21
23
27
30
33
36
38
38
38
42
43
43
40
38
36
33
29
28
26
21
18
13
9
5
4
3
-3
-6
-9
-9
-12
-13
-15
-16
-16
-16
-18
-19
-19
-19
-21
-24
-25
-25
-24
-27
-27
-27
-27
-28
-26
-25
-26
-27
-25
-24
-21
-20
-20
-20
-19
-15
-14
-13
-13
-12
-9
-8
-5
-6
-6
-3
-1
-1
-2
-1
3
2
0
-1
-2
0
4
6
7
10
9
9
12
15
16
19
23
23
22
21
25
31
32
32
33
35
34
37
39
40
38
36
36
36
34
31
28
23
18
17
14
13
10
7
3
2
-1
-6
-10
-11
-13
-18
-22
-24
-23
-28
-30
-29
-32
-36
-38
-35
-37
-38
-36
-36
-38
-37
-35
-33
-32
-29
-27
-30
-27
-24
-25
-27
-25
-20
-17
-18
-15
-14
-14
-11
-5
-1
3
3
3
5
8
12
11
12
12
13
14
15
17
19
19
19
20
20
22
24
27
26
23
21
22
22
23
25
24
27
31
34
31
27
31
35
34
36
38
40
37
37
36
34
32
31
31
28
26
23
17
12
9
6
3
-1
-2
-5
-10
-15
-17
-19
-25
-28
-30
-31
-37
-37
-36
-41
-46
-45
-46
-50
-52
-51
-52
-56
-55
-53
-54
-56
-54
-47
-47
-46
-43
-41
-39
-35
-31
-28
-26
-23
-18
-17
-14
-8
-3
-4
0
4
7
8
9
14
15
16
18
19
19
21
25
22
18
20
23
24
24
26
25
27
30
32
32
34
39
40
39
42
48
49
47
49
50
50
49
50
50
49
48
47
46
43
42
41
38
35
31
26
24
24
20
15
12
11
8
5
3
3
-4
-10
-10
-14
-22
-27
-26
-33
-39
-42
-47
-49
-57
-60
-59
-65
-67
-68
-76
-81
-84
-77
-76
-79
-72
-71
-81
-82
-64
-61
-64
-61
-51
-41
-48
-43
-27
-33
-24
-13
-17
-16
-6
-1
-10
-5
12
15
8
3
26
27
9
27
48
37
22
36
47
36
51
63
52
48
60
72
68
64
69
68
64
75
90
84
79
78
80
82
70
83
85
64
71
76
68
72
72
69
63
50
54
54
33
27
37
29
22
21
6
7
-3
-19
-8
-21
-41
-46
-64
-76
-64
-50
-60
-85
-89
-87
-103
-116
-97
-101
-144
-143
-123
-123
-135
-129
-109
-126
-138
-114
-99
-115
-106
-91
-101
-99
-74
-59
-62
-52
-22
-17
-29
-34
-29
-15
-12
12
29
8
-1
19
25
25
59
78
47
22
37
65
65
67
105
94
50
55
86
110
107
94
109
94
68
78
91
110
117
93
86
102
99
103
108
103
105
94
73
79
91
92
99
93
84
68
73
83
77
66
61
56
33
19
17
22
13
-1
-12
-20
-24
-29
-39
-45
-67
-104
-111
-95
-111
-125
-118
-114
-135
-173
-171
-176
-175
-143
-166
-181
-163
-154
-128
-140
-176
-139
-101
-135
-140
-95
-99
-119
-81
-66
-49
-32
-45
-38
-39
-32
17
14
-4
-5
-46
-14
39
62
53
15
33
64
73
79
73
83
64
27
45
110
126
60
85
122
74
103
108
66
84
100
112
125
111
105
126
108
116
150
104
78
135
167
176
145
92
88
137
115
58
97
69
1
6
89
115
3
-28
-8
-19
23
54
10
-129
-64
143
59
154
542
264
-628
-837
-43
434
320
-145
-749
-440
227
85
-471
-430
50
-256
-848
-429
290
338
-224
-447
-257
-260
-142
211
14
-278
-304
-210
11
389
-21
-704
7
264
-319
-360
-38
108
30
-451
40
600
112
76
37
191
46
-30
646
746
-479
-282
952
430
-905
68
1299
-484
-1045
758
1247
-780
-556
1298
265
-1332
-55
1147
-254
-809
378
899
-342
-472
1130
842
-689
-239
1214
-151
-1186
825
1199
-526
-630
425
420
-411
-1112
767
895
-1355
-553
1029
-133
-1027
571
280
-964
-46
575
-656
-722
1252
470
-1780
-5
1626
-883
-1379
885
806
-1408
-1284
1523
638
-2068
-292
1929
-759
-2090
944
1143
-1015
-975
783
1022
-1114
-551
1120
84
-933
341
564
-126
232
295
-99
126
115
-197
139
209
303
-253
483
145
-711
360
596
-151
-395
-41
636
-23
-827
433
1436
-577
-1730
1043
1350
-928
-678
1093
1097
-1256
-1307
1935
1031
-1575
-646
1813
550
-2113
126
2330
-516
-1800
915
1062
-1194
-732
1268
520
-1048
-889
1016
1055
-1224
-707
1513
25
-1829
-23
1745
-318
-1592
1126
699
-2110
-267
1863
-456
-1748
694
819
-1337
-707
1403
668
-1787
-914
1342
20
-1597
708
1268
-1075
-936
1239
1027
-1212
-839
1270
208
-1471
696
1335
-525
-797
94
655
434
-253
-531
31
-157
-61
522
-1
-208
240
66
-312
89
1090
-2
-1647
655
1413
-445
185
238
-744
-1
909
-233
-851
917
893
-1408
-735
1778
1026
-1754
-1018
1390
131
-1615
101
2162
-534
-2679
1285
2986
-1611
-3056
1591
2248
-2101
-1362
2832
1210
-2765
-1042
1676
844
-638
-570
253
-269
-511
579
504
-664
308
120
-1332
-676
1602
1337
-1945
-1664
1450
1354
-1759
-416
1702
120
-1282
-446
636
934
152
-1069
-283
964
844
-881
-285
1159
-245
-1345
425
1173
-66
-711
226
1176
-777
-1474
949
1408
-1078
-1056
1717
1015
-1835
-78
1792
-283
-1634
619
1153
-1398
-205
1900
181
-1601
-263
1300
-14
-1590
644
1556
-404
-1187
52
1085
-105
-741
264
551
-162
-685
-263
833
176
-927
-415
582
56
-1080
172
1263
-244
-1419
-267
1125
-342
-1236
617
987
-662
-1014
281
778
-673
-701
637
760
-530
-921
951
684
-1090
-272
297
-282
-134
119
43
408
479
-944
-553
1118
-74
-572
731
-28
-972
253
829
-483
40
945
-505
-916
158
1090
996
-1062
-1114
1433
1083
-1909
-385
2536
695
-2585
-1079
2542
1392
-2009
-915
1925
336
-1575
-260
1085
872
-113
-1204
204
1597
197
-1418
-259
1561
506
-1379
-581
747
622
-762
-965
707
974
-692
-1410
208
932
237
-794
-1057
694
1349
-1302
-1802
1293
1880
-1279
-2180
985
1780
-912
-1903
401
2110
-189
-2144
-509
1781
1183
-1558
-1502
1210
877
-1921
-1201
2368
2112
-2050
-2130
1278
1453
-852
-965
910
659
-921
-563
782
860
385
-638
-1170
141
1250
217
-406
677
449
-707
-708
332
1015
589
-791
-648
898
579
-1120
-404
1546
832
-1109
-490
861
138
-334
61
1096
947
-986
-1153
903
1361
-236
-824
245
393
-847
-878
598
1331
207
-1263
-965
220
542
-144
-558
-9
441
197
-515
-963
356
1060
-802
-1470
250
1488
-278
-1623
322
1478
-372
-1921
-723
1233
455
-1221
-187
1029
-82
-1390
-388
899
271
-487
-776
-410
466
850
310
-577
-446
510
-129
-1221
323
2340
579
-2503
-1072
1951
948
-1222
-391
1092
299
-1623
-758
1620
1355
-458
-834
-79
443
153
-121
576
781
59
-486
97
625
252
-251
-51
907
386
-664
-100
655
299
-8
27
199
4
-309
21
-14
296
608
46
-712
-327
443
90
-186
616
352
-1148
-812
925
876
-788
-420
1008
-3
-1684
-448
1924
1133
-1316
-1264
461
456
-733
-425
628
310
-1049
-986
-32
360
579
-62
-1110
-595
308
-60
-402
382
967
-415
-1615
-303
1354
437
-1085
-365
733
-85
-1036
-123
1421
787
-1177
-1250
427
1177
133
-617
120
553
-360
-939
40
1002
410
-421
-310
167
228
26
-82
38
377
288
-262
-167
498
554
-297
-500
585
832
-298
-700
368
1072
40
-844
56
946
166
-597
-52
666
276
-624
-269
716
576
-238
-339
98
252
-82
8
160
24
62
-20
-260
-205
175
149
-337
-455
108
398
-233
-454
386
221
-743
-423
566
220
-756
-277
533
-9
-642
-50
420
-342
-848
-71
419
-9
-352
-99
-9
-450
-346
-110
-9
221
116
-396
-414
96
96
-320
-119
443
316
-492
-633
225
372
25
113
290
324
-95
-424
12
623
607
-261
-418
199
280
-200
-234
645
832
-490
-1017
151
764
15
-298
548
572
-304
-449
324
816
403
-122
-276
-44
360
488
261
327
515
9
-657
-449
512
774
-30
-341
151
50
-498
-293
496
561
-327
-645
-134
161
16
123
267
-100
-364
-243
-250
-119
175
246
-35
-482
-331
101
7
-174
26
64
-260
-400
-232
-40
129
-72
-424
-389
-109
0
-107
-126
29
-1
-306
-414
80
415
47
-426
-382
72
205
-56
31
303
150
-255
-332
23
284
226
-133
-333
63
440
104
-232
-19
117
-169
-191
110
368
307
-20
-38
40
130
182
59
-36
189
294
79
104
335
341
43
32
208
18
-159
24
253
314
89
-59
-29
-128
-150
128
445
218
-155
-140
-70
-67
75
343
398
-33
-428
-427
-91
309
240
-4
5
-84
-344
-529
-150
396
277
-293
-534
-257
-23
-1
-35
37
-22
-386
-583
-168
421
515
47
-406
-350
-178
-180
-40
348
273
-240
-467
-251
137
305
217
-100
-373
-483
-314
197
562
374
-45
-295
-392
-168
151
394
384
72
-232
-283
64
361
331
86
-71
-135
-122
140
443
328
-34
-231
-148
11
97
330
358
72
-157
-134
74
131
159
225
68
-168
-93
91
31
89
248
120
-71
-137
-96
123
181
110
18
-175
-244
-135
126
268
177
-33
-249
-335
-207
32
208
173
-51
-232
-135
11
-127
-145
43
69
-105
-119
88
10
-224
-196
-74
-84
-111
24
21
-131
-128
40
69
-125
-151
93
93
-183
-179
52
77
-47
13
154
77
-101
-54
77
88
68
47
35
-15
-10
90
62
-19
-61
-76
-107
-13
177
177
40
-59
-86
-60
-33
69
143
31
-34
10
93
158
84
17
-23
-60
-66
-37
182
345
191
-68
-168
-98
-86
-36
188
286
72
-193
-196
-17
30
5
43
7
-104
-90
64
169
136
-2
-192
-268
-82
164
207
88
37
24
-126
-271
-92
169
127
-30
-26
-42
-130
-104
-16
-26
-103
-103
-86
-68
13
174
187
-19
-173
-129
-15
86
140
141
62
-20
-74
-79
42
149
75
-35
-51
-12
5
-19
13
40
-41
-135
-69
30
31
-30
-27
-24
-63
-45
-18
-17
45
149
112
-49
-103
73
83
-73
6
177
99
-116
-118
4
24
-62
-69
1
-18
-48
0
33
31
0
-30
-75
-76
61
129
66
41
64
-30
-105
-19
70
54
-41
-57
-36
-50
-13
47
34
-26
-63
-52
-61
-13
98
47
-110
-125
31
106
81
43
10
-34
-62
-10
106
152
116
20
-121
-135
0
116
110
65
50
10
-54
-37
92
200
102
-69
-102
-10
83
111
84
16
-81
-176
-168
-12
146
119
-51
-157
-139
-75
-16
37
21
-81
-146
-100
37
86
54
-16
-70
-34
28
75
82
46
-18
-93
-103
-14
108
134
23
-74
-103
-150
-146
-38
81
87
15
-71
-123
-54
40
62
24
-58
-81
-35
5
87
132
30
-115
-103
7
75
110
159
107
-47
-104
-22
37
-11
-38
-22
0
18
57
56
-39
-80
-4
56
59
116
137
30
-62
-17
85
60
-15
-6
-6
-46
-28
48
50
-44
-66
-36
-55
-69
-14
67
88
72
26
-2
15
7
-19
-18
32
73
39
2
29
29
-49
-118
-98
-31
-3
-13
1
-2
-44
-56
-30
-2
-5
-33
-63
-47
24
74
44
16
5
-62
-124
-89
26
81
43
-9
-14
3
-11
-9
-7
-21
-20
8
32
35
38
33
18
-26
-37
-25
-8
6
14
17
19
30
23
-3
-26
-14
-17
-38
-29
14
34
17
-8
-50
-62
-48
-31
-2
45
66
47
33
62
97
80
40
19
45
92
91
75
77
41
-3
-31
-40
-34
-52
-66
-61
-40
-24
-23
-20
-32
-64
-99
-90
-14
46
53
19
0
35
45
14
13
36
24
-5
2
49
78
55
7
-24
-83
-105
-41
16
16
-5
-1
-35
-89
-103
-102
-87
-68
-60
-72
-46
17
16
-58
-96
-60
-15
-2
13
62
54
0
-30
10
61
45
13
-23
-38
-14
51
109
106
64
-9
-70
-66
11
66
47
33
4
-49
-54
-10
29
30
-13
-32
3
47
70
79
82
74
58
51
67
79
85
75
40
38
52
50
82
102
47
-9
-3
32
27
13
31
29
-25
-87
-95
-65
-34
-32
-66
-79
-65
-67
-78
-67
-15
7
-23
-42
-8
28
17
9
29
40
12
-32
-40
-12
2
-20
-52
-53
-43
-65
-77
-50
-30
-72
-128
-134
-98
-44
5
25
17
-17
-48
-55
-44
-21
8
18
13
20
24
13
-14
-20
0
15
15
27
44
43
57
53
47
34
10
10
23
41
53
60
42
18
16
21
15
-2
-13
-6
18
52
58
47
36
10
-9
18
58
77
63
31
26
41
67
76
72
59
36
14
17
41
47
31
3
-37
-56
-58
-54
-44
-40
-40
-49
-49
-45
-39
-40
-53
-60
-63
-53
-52
-32
5
14
-7
-28
-23
-14
-20
-30
-27
-23
-37
-45
-24
-9
-22
-54
-71
-79
-76
-52
-25
-17
-30
-44
-40
-30
-3
23
24
25
27
33
31
38
65
71
53
43
52
62
46
21
27
44
41
30
30
40
33
0
-6
23
30
11
8
21
30
37
45
40
18
7
11
12
18
45
52
32
18
11
-18
-47
-41
-17
-2
-8
-5
-7
-30
-50
-53
-34
-15
2
11
15
16
16
4
-3
5
3
-2
-3
9
11
7
13
14
-3
-29
-47
-51
-54
-50
-45
-34
-36
-42
-42
-43
-39
-31
-36
-39
-27
-15
-4
-5
1
2
0
-7
-7
-5
-3
-6
-7
-9
-5
-1
-11
-27
-29
-20
-15
-1
22
30
19
2
-9
1
15
34
47
48
48
40
29
25
32
34
28
16
6
7
12
7
8
17
12
3
-8
-4
3
3
14
26
31
23
6
-1
8
19
36
52
49
39
33
18
-3
4
16
12
-6
-19
-26
-33
-38
-41
-33
-23
-24
-31
-32
-26
-22
-19
-13
-9
-3
0
-2
1
11
25
24
18
24
23
5
9
21
16
2
2
8
4
-7
-22
-30
-33
-37
-42
-40
-28
-15
-24
-30
-20
-9
-7
-20
-12
9
21
19
25
26
24
14
12
27
33
29
23
15
2
-8
-15
-12
-8
-12
-16
-16
-23
-28
-30
-20
-6
-5
-7
-16
-18
-19
-16
-10
-5
-13
-16
-12
-15
-11
2
11
4
-3
-5
-8
0
11
19
19
17
24
18
0
7
21
15
8
14
21
10
-6
2
21
16
5
2
-14
-17
-12
-7
4
7
5
2
-7
-6
3
9
19
33
40
31
24
18
13
4
15
30
31
25
23
15
7
10
3
-6
-14
-19
-27
-36
-35
-18
-13
-21
-26
-23
-26
-29
-23
-13
-1
-1
1
0
-4
-14
-21
-14
-4
-1
-5
-8
-14
-18
-20
-19
-12
-7
-1
-3
-4
1
-1
-9
-1
16
8
-4
-2
3
2
5
17
20
24
26
22
14
11
16
21
20
18
28
24
13
21
31
24
12
6
2
-10
-7
4
10
9
7
6
4
0
6
15
21
21
14
3
-8
-11
-15
-17
-18
-18
-19
-19
-21
-19
-18
-22
-18
-14
-14
-11
-1
3
-2
0
-2
-3
-4
-5
1
8
5
-6
-6
-2
-1
-4
-7
-12
-9
-19
-26
-20
-16
-11
-26
-32
-29
-30
-35
-30
-18
-10
-15
-22
-18
-11
-6
-9
-8
-8
-9
-11
-11
2
13
14
4
3
15
18
13
19
25
24
13
12
30
27
17
23
27
25
23
23
23
17
9
5
5
14
20
20
24
22
20
18
22
27
27
27
24
26
22
22
29
33
37
34
26
16
12
8
6
6
8
3
-8
-16
-11
-8
-19
-22
-17
-17
-26
-31
-22
-19
-27
-22
-13
-7
-14
-20
-13
-8
-7
-6
-5
-8
-17
-24
-25
-18
-14
-19
-17
-19
-15
-23
-39
-39
-28
-25
-28
-24
-20
-22
-28
-29
-22
-20
-18
-15
-15
-6
-2
-8
-12
-12
-9
-6
-7
-1
9
13
3
1
11
4
-11
-7
7
10
5
11
17
16
13
20
25
26
27
24
24
25
35
40
32
36
49
48
38
39
45
36
27
33
38
23
15
17
11
3
2
5
1
-1
-1
-3
-5
6
11
8
7
13
12
2
-1
-2
-5
-14
-12
-6
-11
-17
-16
-15
-26
-34
-30
-28
-32
-42
-48
-49
-53
-53
-52
-46
-47
-49
-43
-38
-27
-22
-22
-24
-18
-10
-16
-13
-4
0
-1
-2
-3
-8
-12
-14
-14
-14
-11
-9
-11
-9
-1
-3
-2
5
10
14
20
24
30
32
33
38
51
56
54
59
63
65
65
61
54
50
50
49
45
46
38
30
27
33
36
33
25
23
26
20
23
24
16
10
5
7
5
7
8
4
0
1
1
-4
-10
-12
-15
-19
-21
-23
-24
-31
-37
-36
-30
-27
-35
-40
-43
-43
-47
-52
-55
-54
-55
-61
-58
-53
-62
-71
-65
-58
-56
-53
-46
-45
-51
-47
-40
-36
-33
-24
-16
-16
-17
-10
-6
-9
-6
1
2
-1
4
13
8
5
11
16
15
17
19
18
17
18
27
30
31
33
33
38
40
44
50
49
47
51
56
54
55
64
64
57
60
64
58
54
52
43
34
31
30
27
22
18
16
11
7
10
13
7
0
-1
0
0
-3
-5
-1
0
-3
-4
-4
-3
-5
-4
-5
-3
-10
-17
-17
-24
-29
-29
-35
-48
-51
-57
-62
-63
-61
-58
-67
-70
-58
-47
-49
-47
-34
-23
-26
-25
-13
-4
-9
-11
-1
1
-1
3
1
-5
-8
-1
0
-4
-4
-4
-6
-8
-1
1
2
5
5
11
15
17
19
19
28
32
32
34
39
40
37
35
39
44
36
29
28
29
27
23
20
18
15
13
11
9
8
1
-5
0
8
5
0
1
4
-2
-5
1
9
6
0
1
2
-2
-7
-5
-5
-5
-7
-12
-14
-11
-14
-23
-27
-23
-25
-30
-30
-29
-30
-36
-37
-32
-28
-30
-35
-28
-23
-23
-24
-17
-10
-13
-12
-4
-1
-7
-9
-4
1
2
3
2
0
0
-1
-2
0
2
6
6
8
10
9
7
10
15
18
19
24
29
25
21
24
27
26
22
23
32
32
26
24
26
29
30
26
23
22
21
19
14
15
16
11
4
4
7
8
2
0
4
0
-3
-6
-4
-1
-2
-10
-7
2
1
-6
-8
-5
-6
-13
-14
-9
-10
-14
-14
-9
-8
-12
-19
-19
-18
-13
-15
-25
-25
-18
-20
-29
-28
-22
-23
-27
-23
-15
-17
-21
-16
-7
-11
-14
-5
-1
-7
-6
-2
-2
-3
-5
-5
-5
-1
-2
-6
-6
-2
3
2
4
6
9
9
8
9
14
16
13
15
17
14
16
19
18
16
18
19
16
11
10
14
17
15
13
16
16
7
6
8
8
7
8
6
6
5
0
0
2
0
-1
-1
-3
-8
-8
-8
-9
-5
-3
-2
-7
-6
-7
-7
-6
-5
-4
-10
-13
-8
-5
-4
-6
-8
-6
-4
-9
-12
-9
-10
-10
-7
-6
-2
-1
-1
-3
-4
-1
3
3
2
6
5
2
0
0
2
0
2
7
3
-2
-2
0
1
4
3
3
3
3
7
7
9
11
7
8
10
10
7
3
3
7
9
4
5
4
1
3
6
6
7
7
5
3
0
2
3
2
0
-5
-4
-2
-1
-4
-3
-3
-6
-8
-10
-11
-9
-12
-11
-6
-7
-13
-14
-13
-12
-7
-4
-3
-6
-9
-8
-7
-5
-4
-6
-1
0
-4
-6
-5
-3
-3
-2
-3
-4
-3
-1
0
3
4
4
6
8
12
11
8
11
14
12
7
7
13
10
6
5
7
7
6
6
10
10
5
-1
0
6
5
0
0
2
2
4
7
8
9
5
6
3
1
2
4
0
-1
0
0
-2
-6
-4
-2
-4
-4
-3
-6
-9
-10
-6
-5
-7
-3
-3
-8
-8
-6
-6
-9
-8
-5
-5
-6
-8
-6
-6
-7
-5
-2
-4
-8
-9
-9
-8
-9
-7
-6
-6
-6
-6
-6
-4
-2
3
-1
-2
1
1
2
-2
-2
4
6
5
5
6
8
9
10
13
11
8
8
13
16
11
9
12
12
10
6
5
5
4
3
2
3
4
2
1
4
6
3
4
7
6
7
3
1
4
3
-1
-2
1
0
-6
-8
-4
-5
-10
-13
-10
-6
-6
-8
-7
-5
-5
-4
-4
-3
-1
-3
-2
0
-1
-5
-5
-5
-7
-8
-9
-8
-8
-9
-11
-11
-9
-9
-8
-6
-2
-1
-1
-3
-5
-3
-2
-2
4
6
1
-2
0
4
1
0
4
6
3
1
6
8
8
4
4
9
10
6
5
6
6
6
3
4
10
7
3
