-1
5
2
5
6
4
7
4
5
3
5
0
4
0
1
3
2
4
0
6
0
4
3
1
1
0
3
-1
1
-2
2
0
2
-2
2
-2
2
6
5
3
5
4
0
3
1
3
0
6
-2
6
3
5
2
4
2
2
4
-2
5
-1
3
-1
3
-4
3
1
-4
-1
-1
-2
-5
-3
-3
-5
-4
-4
-5
-1
-3
-2
-1
-5
1
-6
-2
-1
-2
-4
1
-3
0
-4
-2
-3
-4
0
-5
3
-4
6
-4
4
1
4
1
5
9
4
4
2
5
-1
9
0
10
-2
7
-1
5
3
5
-4
0
-5
-7
-4
-5
0
-8
-4
-9
-6
-6
0
-5
-2
-2
-1
-1
-4
3
1
2
-3
1
1
-4
-2
-3
-5
-2
-9
-5
-3
0
-1
-4
-1
-5
-2
-4
0
-2
3
-3
1
-2
1
0
0
3
2
1
-2
4
6
5
0
0
-1
4
1
4
0
1
0
-3
0
-1
-2
1
1
-1
0
-1
3
2
1
-2
-3
0
-1
2
-1
1
-2
-1
-2
1
0
-2
2
-4
0
-1
1
-1
0
3
-1
-1
2
4
3
2
0
2
2
1
-1
2
3
-1
2
2
5
3
7
7
4
8
4
8
6
7
5
8
9
8
8
5
3
-1
-1
-4
0
-2
1
1
1
-5
-3
-5
-2
-5
-4
-6
-1
-1
-1
0
-3
-2
-3
-4
-2
2
-3
3
-1
-1
-4
-5
-7
-4
-6
-9
-9
-1
-1
0
-3
-3
-4
0
0
1
5
1
-2
-1
1
1
-2
1
1
4
4
1
1
3
2
-4
-4
-4
2
2
4
1
1
4
1
-3
2
0
0
-1
0
0
-4
-4
-4
3
-2
-6
-5
-2
-6
-1
0
-2
-3
-6
-2
0
6
2
1
2
0
-3
-3
3
5
4
-2
-7
-4
2
0
-1
0
-3
0
-5
-4
-2
-3
-8
-14
-7
-2
0
-2
7
8
7
0
0
8
12
5
7
13
14
13
7
11
8
1
-2
3
9
10
10
10
13
7
-1
-13
-1
8
-1
-8
-4
2
4
1
-5
-8
-14
-18
-12
-4
-1
-1
-11
-7
3
-2
-6
-13
-1
-1
-10
-2
-4
-1
-12
-17
-8
-4
-5
-9
-8
-8
-8
-3
7
-6
-7
-6
4
2
0
10
5
9
9
20
17
0
11
17
4
5
18
38
24
8
13
21
10
-1
10
16
0
-4
13
26
14
1
-3
-1
-14
-24
-10
4
-2
5
7
10
8
5
-1
-17
-14
-10
-8
-10
4
23
12
-3
-8
-22
-37
-44
-24
-6
-13
-27
-26
6
8
3
-10
-25
-31
-39
-18
2
14
-1
-13
-4
14
17
15
0
1
-8
-27
-19
-4
24
9
-6
1
8
28
31
31
18
-18
-19
-26
1
9
6
2
-6
12
23
25
15
13
12
-22
-39
-13
6
11
-7
7
21
12
18
32
33
15
-22
-20
-32
-19
-20
1
21
21
32
20
28
16
5
-16
-47
-53
-38
-12
8
14
24
11
-6
-5
3
-15
-34
-21
-7
-1
4
13
28
10
-17
-24
-25
-1
9
11
9
4
0
-13
-9
-4
-12
-19
-21
4
37
46
32
7
3
-8
-15
-9
-4
18
17
9
10
12
18
17
15
6
-7
-3
1
8
3
-7
-1
6
3
-1
14
37
39
19
-11
-16
-21
-35
-33
-16
5
17
14
25
28
17
-4
-13
-2
-17
-26
-36
-24
-16
1
8
-10
-21
-7
30
40
19
-1
-25
-56
-51
-36
-13
-2
5
10
38
50
42
10
-33
-84
-98
-63
-26
1
22
45
26
16
5
20
3
-28
-7
3
-4
1
9
15
7
24
33
32
32
34
48
26
-17
-69
-78
-67
-27
15
47
49
36
4
-10
8
7
-3
-43
-61
-28
40
57
49
34
-1
-38
-27
3
16
15
-7
-41
-25
8
24
12
-25
-28
-6
27
50
51
22
-10
-32
-43
-45
-25
-10
2
7
0
17
42
16
-41
-51
-34
-24
-9
7
12
19
10
21
31
28
27
23
9
3
5
-28
-64
-64
-40
-27
5
38
67
98
97
59
15
-12
-39
-52
-62
-52
-12
42
84
94
80
50
4
-54
-90
-95
-69
-24
30
47
42
55
66
35
-9
-50
-93
-77
-18
43
68
68
62
20
-15
-23
-18
-21
-45
-3
32
28
29
17
-7
-64
-98
-103
-65
-12
5
5
23
21
17
-19
-78
-98
-73
0
38
65
87
88
29
-15
-31
-57
-70
-56
-28
-44
-17
23
29
15
7
24
30
5
-28
-18
12
13
10
32
47
44
7
8
61
69
27
-49
-74
-75
-53
-19
-5
35
39
31
18
48
22
-24
-46
-45
-20
-9
47
66
46
13
7
19
9
22
40
14
-6
-5
-5
-26
-43
-43
-38
-19
-3
12
48
17
-38
-42
-43
-45
-61
-29
11
56
93
91
71
43
22
-22
-72
-86
-60
-36
-34
1
14
23
21
-14
-38
-37
-19
4
55
45
-18
-26
5
9
-10
-23
-9
5
21
55
67
47
-32
-73
-87
-91
-65
-55
-1
45
84
92
80
80
53
7
-35
-41
-6
28
29
14
21
31
54
64
70
45
32
25
25
22
-21
-44
-61
-52
-40
-24
-8
12
11
-7
-33
-22
-2
-34
-27
-3
15
10
5
29
29
-29
-74
-64
-20
-42
-97
-107
-83
-64
-82
-58
11
46
31
38
69
83
97
104
97
105
80
34
15
13
-34
-100
-140
-130
-74
-54
-51
-45
-16
-27
-53
-46
-47
-29
-16
20
73
101
98
86
88
78
26
-9
20
47
65
56
50
20
-31
-58
-78
-74
-99
-115
-84
-36
-3
-12
20
41
34
14
21
82
94
85
65
56
64
46
-3
-30
-8
-16
-48
-53
-39
-34
-57
-51
-68
-72
-62
-81
-54
10
36
18
20
58
106
106
112
108
115
92
59
43
15
-2
-33
-26
-39
-60
-78
-73
-58
-79
-125
-162
-139
-106
-72
-37
0
14
37
78
111
152
148
142
133
119
87
54
27
-18
-42
-88
-100
-93
-50
-27
-15
-17
-41
-36
-56
-62
-57
-44
-50
-36
11
57
123
157
155
117
63
5
-27
-39
-64
-78
-70
-46
-18
16
31
13
-39
-66
-76
-71
-71
-59
-36
-30
-23
-29
-19
20
59
72
66
77
103
122
142
116
75
15
-32
-32
-16
18
27
31
26
11
3
-23
-55
-99
-138
-166
-168
-136
-79
-31
-19
-36
-60
-65
-75
-49
-14
22
58
95
132
153
153
122
82
37
12
5
19
30
40
25
-22
-67
-104
-127
-149
-154
-141
-113
-60
-2
41
78
93
95
89
88
100
123
142
137
117
93
60
19
-5
-22
-35
-52
-65
-72
-67
-63
-61
-53
-45
-42
-37
-31
-22
-11
-1
8
5
16
27
37
45
46
40
19
-13
-32
-46
-48
-35
-24
-11
-8
4
17
24
18
-6
-33
-52
-52
-29
8
43
43
34
22
6
-9
-35
-57
-75
-85
-69
-19
49
104
135
133
110
84
67
45
5
-31
-55
-57
-31
5
38
48
43
32
16
4
-4
-14
-34
-57
-64
-57
-25
17
41
51
35
17
-1
-18
-39
-74
-103
-131
-128
-81
-22
30
56
68
66
57
47
43
43
29
7
-12
-13
5
25
35
27
0
-27
-45
-53
-58
-56
-56
-62
-61
-49
-24
-3
4
-9
-30
-43
-33
-15
-4
-10
-20
-24
-15
-2
15
30
37
36
30
38
48
48
29
5
-16
-28
-37
-42
-37
-28
-13
-2
4
0
-9
-15
-15
-4
5
17
23
21
22
29
54
82
104
114
116
117
117
109
82
53
28
22
20
28
30
28
24
14
9
4
12
13
13
3
-4
-1
4
4
-14
-40
-67
-85
-97
-108
-110
-110
-119
-139
-153
-151
-140
-137
-141
-151
-158
-153
-131
-100
-70
-42
-31
-30
-29
-10
15
28
23
7
3
15
35
59
81
99
115
132
155
181
206
220
209
189
172
179
199
223
242
251
268
282
298
305
304
286
243
195
148
119
90
42
-29
-106
-167
-198
-212
-216
-221
-224
-230
-234
-228
-215
-202
-208
-219
-219
-201
-179
-172
-189
-225
-261
-285
-296
-298
-291
-281
-275
-281
-290
-286
-269
-261
-277
-312
-343
-359
-368
-377
-386
-393
-394
-389
-363
-307
-216
-117
-44
-18
-12
23
125
319
574
844
1096
1347
1578
1763
1864
1858
1736
1504
1206
916
685
501
315
96
-131
-316
-424
-462
-470
-496
-572
-690
-796
-839
-809
-729
-625
-510
-371
-185
54
298
479
559
538
452
349
254
147
13
-157
-349
-519
-627
-671
-700
-753
-833
-907
-950
-957
-952
-953
-980
-1024
-1065
-1053
-952
-782
-595
-435
-304
-179
-48
76
163
193
162
88
4
-46
-5
185
516
894
1211
1481
1782
2113
2353
2402
2279
2036
1723
1373
1042
776
545
274
-69
-403
-608
-654
-640
-687
-833
-1028
-1165
-1169
-1045
-851
-627
-386
-127
178
555
966
1305
1469
1442
1307
1167
1069
944
701
334
-84
-470
-775
-981
-1129
-1281
-1471
-1671
-1814
-1860
-1845
-1842
-1878
-1923
-1912
-1796
-1556
-1213
-833
-486
-190
90
400
740
1041
1205
1195
1077
942
815
656
422
126
-189
-478
-710
-868
-972
-1060
-1174
-1315
-1400
-1311
-985
-482
75
617
1160
1731
2303
2801
3152
3307
3273
3092
2832
2564
2309
2033
1659
1172
653
217
-85
-314
-579
-938
-1332
-1668
-1887
-1979
-1962
-1870
-1740
-1573
-1323
-957
-491
-15
362
594
728
858
1013
1145
1186
1106
941
764
614
497
388
254
67
-176
-439
-680
-894
-1114
-1377
-1671
-1935
-2113
-2178
-2148
-2047
-1881
-1654
-1367
-1019
-618
-202
171
465
671
805
884
900
842
718
554
394
259
153
65
-15
-100
-196
-303
-411
-519
-640
-775
-899
-977
-1005
-987
-891
-633
-174
442
1098
1716
2297
2846
3302
3580
3636
3495
3200
2782
2285
1762
1258
766
246
-314
-829
-1195
-1385
-1484
-1613
-1812
-2018
-2138
-2148
-2080
-1965
-1805
-1582
-1286
-903
-431
99
612
1016
1281
1456
1613
1758
1826
1747
1525
1226
920
635
373
128
-99
-313
-529
-735
-914
-1053
-1191
-1391
-1666
-1960
-2177
-2255
-2200
-2040
-1807
-1513
-1162
-751
-285
196
623
926
1085
1146
1147
1101
997
828
624
428
273
173
129
124
111
42
-89
-258
-422
-574
-753
-985
-1242
-1454
-1575
-1613
-1576
-1428
-1095
-556
111
789
1437
2081
2709
3216
3496
3541
3427
3209
2892
2492
2055
1619
1159
632
80
-402
-746
-998
-1256
-1555
-1843
-2042
-2130
-2139
-2103
-2011
-1842
-1605
-1307
-931
-459
65
548
930
1238
1547
1875
2151
2294
2285
2163
1957
1666
1295
870
417
-72
-593
-1074
-1425
-1627
-1764
-1924
-2111
-2269
-2355
-2379
-2367
-2322
-2216
-2046
-1809
-1480
-1016
-432
173
680
1061
1376
1671
1897
1957
1816
1535
1210
906
639
408
208
19
-172
-349
-483
-571
-668
-849
-1143
-1494
-1818
-2074
-2272
-2431
-2539
-2549
-2402
-2025
-1346
-387
694
1696
2543
3308
4050
4681
5029
5008
4682
4181
3614
3039
2484
1925
1296
560
-218
-883
-1334
-1631
-1935
-2340
-2765
-3058
-3114
-2958
-2696
-2400
-2075
-1678
-1167
-516
249
1019
1642
2048
2304
2534
2784
2955
2911
2607
2125
1584
1042
498
-71
-668
-1279
-1854
-2304
-2542
-2570
-2514
-2498
-2542
-2571
-2512
-2380
-2244
-2133
-2021
-1850
-1572
-1160
-597
65
718
1268
1719
2137
2539
2827
2864
2604
2145
1637
1168
730
280
-184
-611
-955
-1185
-1301
-1336
-1364
-1455
-1621
-1807
-1950
-2043
-2127
-2229
-2315
-2322
-2174
-1805
-1146
-215
851
1853
2719
3532
4366
5106
5523
5522
5204
4738
4212
3639
3036
2424
1761
988
140
-615
-1141
-1497
-1889
-2447
-3091
-3597
-3810
-3767
-3629
-3490
-3281
-2878
-2256
-1481
-623
255
1049
1641
2037
2366
2722
3009
3035
2739
2267
1815
1434
1035
528
-85
-722
-1309
-1800
-2186
-2476
-2692
-2856
-2978
-3036
-2976
-2768
-2454
-2133
-1845
-1527
-1091
-522
114
744
1313
1803
2218
2579
2894
3102
3089
2818
2385
1925
1475
975
391
-225
-791
-1262
-1622
-1850
-1967
-2038
-2128
-2224
-2252
-2172
-2039
-1939
-1900
-1867
-1741
-1461
-1070
-613
-44
729
1701
2693
3537
4239
4876
5378
5544
5295
4764
4112
3348
2437
1473
608
-129
-855
-1629
-2331
-2785
-2975
-3081
-3271
-3542
-3743
-3735
-3508
-3164
-2811
-2425
-1899
-1193
-377
471
1324
2133
2784
3196
3435
3633
3789
3744
3380
2784
2146
1550
928
199
-614
-1413
-2118
-2700
-3159
-3490
-3686
-3732
-3628
-3397
-3080
-2677
-2163
-1570
-980
-433
123
734
1359
1928
2423
2862
3236
3490
3589
3516
3273
2860
2321
1718
1066
344
-421
-1122
-1671
-2091
-2449
-2755
-2960
-3052
-3082
-3069
-2976
-2787
-2576
-2413
-2256
-1999
-1590
-1076
-559
-122
257
753
1554
2567
3435
3904
4120
4361
4621
4630
4273
3695
3019
2221
1346
626
204
-100
-575
-1263
-1891
-2177
-2138
-2043
-2138
-2435
-2721
-2763
-2491
-2070
-1706
-1417
-1071
-596
-28
629
1380
2081
2501
2599
2610
2752
2948
2914
2519
1901
1281
750
263
-265
-877
-1543
-2168
-2655
-2949
-3064
-3070
-3010
-2874
-2638
-2303
-1882
-1380
-860
-412
-46
322
735
1166
1572
1932
2208
2365
2437
2474
2441
2227
1809
1292
765
202
-439
-1078
-1600
-1990
-2338
-2674
-2902
-2948
-2861
-2741
-2589
-2344
-1999
-1635
-1303
-974
-604
-191
226
580
847
1135
1608
2272
2899
3266
3426
3593
3814
3898
3686
3264
2778
2243
1630
1028
592
293
-82
-633
-1207
-1563
-1672
-1715
-1870
-2136
-2361
-2391
-2188
-1852
-1539
-1289
-998
-574
-59
453
931
1369
1675
1777
1777
1845
1971
1950
1643
1186
799
526
244
-143
-615
-1119
-1597
-1969
-2188
-2306
-2419
-2537
-2552
-2381
-2047
-1634
-1203
-789
-424
-93
272
685
1045
1260
1353
1408
1459
1496
1520
1486
1298
923
503
217
38
-226
-658
-1110
-1400
-1527
-1618
-1727
-1796
-1811
-1805
-1748
-1527
-1125
-701
-405
-221
-18
267
602
879
988
943
988
1353
1913
2287
2358
2392
2593
2786
2733
2516
2333
2138
1767
1297
996
911
757
296
-349
-851
-1065
-1168
-1379
-1725
-2068
-2267
-2246
-2020
-1731
-1512
-1325
-1047
-671
-290
77
444
703
733
641
669
886
1065
1003
781
609
557
510
358
88
-280
-723
-1180
-1542
-1752
-1891
-2053
-2210
-2213
-1978
-1556
-1044
-537
-111
225
547
909
1242
1423
1441
1361
1232
1095
1024
1045
1031
837
514
279
239
238
77
-236
-551
-780
-964
-1150
-1313
-1449
-1590
-1713
-1699
-1466
-1102
-776
-555
-384
-182
78
351
517
503
444
625
1141
1716
2035
2154
2363
2732
3001
3004
2861
2684
2394
1940
1497
1238
1027
576
-161
-911
-1383
-1583
-1747
-2052
-2454
-2771
-2858
-2673
-2331
-2032
-1837
-1623
-1268
-813
-349
121
560
836
917
998
1272
1645
1840
1758
1555
1386
1245
1027
673
172
-442
-1079
-1614
-1974
-2184
-2330
-2449
-2476
-2314
-1944
-1443
-895
-376
47
393
744
1119
1409
1529
1521
1465
1391
1333
1349
1414
1373
1145
848
648
535
353
22
-387
-771
-1086
-1343
-1539
-1678
-1792
-1905
-1949
-1802
-1461
-1066
-755
-520
-301
-70
169
384
494
463
425
633
1143
1696
2011
2145
2350
2685
2933
2938
2777
2527
2151
1653
1214
960
737
297
-371
-1006
-1362
-1466
-1545
-1760
-2089
-2381
-2491
-2357
-2066
-1821
-1712
-1627
-1417
-1066
-651
-211
198
463
580
718
1041
1454
1688
1648
1470
1314
1182
987
688
269
-261
-830
-1311
-1616
-1777
-1902
-2039
-2111
-2015
-1743
-1376
-977
-592
-258
39
368
760
1125
1365
1484
1541
1562
1568
1587
1584
1470
1197
849
542
296
30
-308
-680
-996
-1207
-1333
-1406
-1426
-1401
-1367
-1311
-1149
-862
-570
-385
-269
-126
52
206
302
330
291
259
401
822
1368
1751
1895
2016
2303
2629
2732
2569
2273
1906
1480
1097
893
783
510
-25
-628
-1018
-1149
-1221
-1438
-1841
-2294
-2618
-2698
-2549
-2358
-2290
-2297
-2180
-1823
-1303
-735
-189
251
549
801
1178
1693
2116
2246
2139
1984
1881
1765
1538
1144
585
-51
-625
-1060
-1386
-1683
-1991
-2264
-2402
-2349
-2144
-1863
-1551
-1237
-915
-536
-55
470
914
1231
1477
1710
1919
2077
2162
2139
1983
1724
1429
1135
829
487
115
-255
-569
-801
-983
-1149
-1304
-1435
-1532
-1559
-1497
-1403
-1356
-1323
-1209
-1002
-781
-598
-436
-281
-121
103
514
1121
1706
2038
2193
2449
2878
3209
3200
2944
2629
2300
1928
1586
1331
1017
456
-315
-1058
-1556
-1849
-2158
-2644
-3230
-3673
-3807
-3659
-3381
-3136
-2947
-2685
-2214
-1545
-783
-17
678
1218
1632
2079
2664
3231
3506
3449
3246
3059
2853
2512
1976
1247
409
-399
-1094
-1687
-2215
-2675
-3051
-3322
-3409
-3263
-2956
-2607
-2247
-1814
-1252
-593
77
684
1218
1714
2170
2549
2827
2996
3036
2919
2686
2393
2038
1575
1021
450
-99
-612
-1055
-1433
-1787
-2122
-2367
-2482
-2511
-2482
-2376
-2200
-1991
-1740
-1384
-925
-461
-94
193
487
809
1126
1498
1990
2478
2736
2797
2943
3262
3450
3252
2812
2378
1966
1485
1003
611
189
-448
-1256
-1973
-2410
-2642
-2895
-3270
-3639
-3802
-3684
-3336
-2861
-2407
-2034
-1619
-1010
-239
529
1221
1825
2272
2540
2782
3126
3427
3408
3054
2611
2241
1880
1388
741
-16
-804
-1525
-2121
-2602
-2994
-3298
-3502
-3578
-3448
-3088
-2593
-2085
-1594
-1049
-389
347
1038
1606
2086
2540
2928
3164
3252
3250
3129
2829
2399
1949
1494
950
323
-278
-803
-1280
-1704
-2027
-2252
-2417
-2506
-2491
-2392
-2239
-2036
-1785
-1500
-1201
-868
-468
-31
345
610
828
1048
1214
1313
1505
1868
2181
2225
2154
2264
2496
2499
2178
1777
1456
1127
723
362
88
-239
-727
-1301
-1767
-2016
-2133
-2286
-2521
-2722
-2749
-2584
-2267
-1904
-1621
-1392
-1041
-486
133
687
1204
1692
2042
2244
2441
2700
2839
2683
2316
1935
1589
1182
664
66
-575
-1211
-1776
-2214
-2525
-2736
-2861
-2890
-2779
-2495
-2082
-1629
-1178
-713
-215
314
834
1295
1685
2040
2343
2534
2596
2575
2495
2307
1992
1609
1202
755
261
-228
-674
-1102
-1513
-1839
-2034
-2130
-2184
-2193
-2120
-1964
-1757
-1534
-1283
-996
-700
-403
-75
289
611
831
975
1071
1108
1163
1377
1715
1926
1913
1903
2100
2352
2353
2092
1771
1472
1132
752
421
127
-256
-791
-1379
-1836
-2069
-2187
-2350
-2574
-2736
-2734
-2554
-2220
-1835
-1530
-1263
-867
-286
349
938
1484
1945
2230
2388
2550
2719
2724
2457
2020
1559
1112
636
116
-446
-1061
-1676
-2178
-2497
-2662
-2745
-2762
-2685
-2487
-2172
-1779
-1340
-877
-424
-3
425
896
1372
1783
2099
2338
2506
2578
2556
2446
2251
1961
1587
1155
689
223
-205
-607
-1030
-1442
-1730
-1836
-1835
-1825
-1811
-1725
-1549
-1347
-1180
-1029
-830
-578
-338
-131
72
285
465
572
605
609
666
874
1205
1478
1598
1699
1924
2184
2233
2032
1746
1467
1147
762
388
57
-305
-759
-1266
-1695
-1943
-2065
-2192
-2363
-2493
-2506
-2402
-2178
-1875
-1588
-1325
-968
-451
146
739
1308
1804
2139
2321
2455
2586
2601
2377
1961
1493
1049
615
148
-354
-878
-1370
-1750
-1977
-2062
-2044
-1977
-1889
-1758
-1536
-1237
-915
-615
-359
-136
117
468
878
1238
1512
1753
1991
2178
2278
2302
2257
2095
1806
1438
1049
663
268
-165
-631
-1058
-1340
-1465
-1524
-1587
-1646
-1648
-1579
-1465
-1372
-1313
-1220
-1057
-869
-705
-539
-336
-139
-10
58
108
172
288
531
877
1173
1337
1476
1709
1935
1965
1811
1607
1378
1080
728
410
117
-222
-646
-1115
-1521
-1776
-1918
-2045
-2183
-2283
-2293
-2187
-1929
-1560
-1199
-864
-461
62
628
1164
1648
2018
2210
2284
2348
2395
2309
2051
1704
1340
968
589
234
-102
-469
-857
-1157
-1290
-1309
-1333
-1397
-1439
-1400
-1300
-1190
-1089
-978
-838
-654
-399
-85
249
579
929
1308
1650
1889
2048
2161
2180
2026
1712
1335
938
485
-40
-570
-1016
-1350
-1595
-1776
-1888
-1916
-1878
-1804
-1708
-1603
-1502
-1398
-1267
-1112
-962
-819
-658
-480
-324
-198
-67
79
197
294
507
929
1411
1720
1864
2068
2398
2621
2546
2287
2009
1704
1302
857
485
163
-221
-708
-1188
-1497
-1609
-1665
-1794
-1968
-2059
-2000
-1792
-1484
-1174
-900
-570
-103
424
907
1357
1787
2083
2166
2145
2160
2168
2005
1644
1227
879
604
329
21
-306
-617
-872
-1057
-1194
-1317
-1474
-1692
-1922
-2072
-2124
-2138
-2126
-2035
-1844
-1556
-1143
-591
16
593
1142
1678
2138
2477
2710
2825
2733
2398
1929
1456
997
503
-39
-564
-975
-1231
-1386
-1506
-1585
-1607
-1622
-1670
-1694
-1641
-1578
-1562
-1548
-1468
-1323
-1131
-872
-575
-297
-57
196
470
718
924
1178
1550
1952
2217
2337
2485
2716
2829
2659
2321
1998
1674
1239
736
310
-43
-451
-954
-1435
-1755
-1913
-2024
-2172
-2319
-2357
-2235
-1985
-1668
-1350
-1045
-680
-219
276
723
1141
1531
1798
1887
1912
2007
2111
2039
1748
1413
1191
1046
831
488
81
-314
-677
-1036
-1408
-1789
-2169
-2543
-2872
-3073
-3084
-2937
-2705
-2408
-2016
-1480
-780
32
821
1496
2076
2608
3062
3373
3512
3480
3255
2832
2296
1771
1314
863
333
-259
-782
-1124
-1339
-1563
-1831
-2070
-2244
-2379
-2461
-2458
-2393
-2316
-2204
-2003
-1678
-1240
-740
-262
144
498
838
1172
1456
1632
1705
1809
2064
2386
2566
2566
2554
2589
2502
2188
1789
1399
925
298
-320
-750
-1053
-1392
-1810
-2194
-2394
-2377
-2261
-2178
-2135
-2052
-1888
-1633
-1283
-898
-546
-209
185
629
1079
1550
2005
2311
2413
2433
2490
2516
2364
2027
1616
1198
770
318
-148
-632
-1155
-1699
-2204
-2608
-2886
-3078
-3236
-3335
-3285
-3038
-2648
-2160
-1588
-951
-267
468
1239
1973
2606
3120
3494
3705
3776
3740
3561
3187
2642
2033
1434
853
258
-362
-974
-1508
-1923
-2259
-2545
-2772
-2938
-3066
-3136
-3071
-2851
-2566
-2281
-1953
-1505
-921
-266
359
892
1331
1701
1990
2187
2288
2286
2174
2031
1982
2012
1993
1874
1739
1613
1421
1134
832
506
65
-470
-933
-1222
-1417
-1629
-1873
-2082
-2158
-2081
-1914
-1741
-1583
-1430
-1267
-1035
-666
-238
131
434
752
1123
1525
1935
2264
2405
2363
2257
2132
1934
1618
1207
720
178
-340
-773
-1137
-1502
-1896
-2266
-2536
-2659
-2660
-2610
-2546
-2413
-2142
-1751
-1296
-793
-251
297
828
1365
1928
2480
2958
3288
3434
3458
3453
3383
3106
2571
1896
1215
554
-110
-760
-1372
-1932
-2421
-2802
-3030
-3092
-3047
-2997
-2964
-2844
-2531
-2066
-1586
-1150
-718
-216
368
980
1513
1902
2149
2271
2258
2126
1939
1709
1365
911
521
375
429
461
357
226
200
231
180
16
-208
-470
-768
-1021
-1135
-1114
-1077
-1119
-1203
-1189
-989
-679
-422
-305
-278
-222
-59
180
376
488
573
681
804
947
1140
1333
1403
1291
1086
921
832
702
412
7
-355
-593
-766
-936
-1098
-1244
-1370
-1462
-1493
-1446
-1337
-1229
-1174
-1121
-947
-620
-239
103
432
816
1270
1755
2213
2587
2850
2996
3013
2876
2590
2174
1608
891
100
-641
-1272
-1802
-2252
-2602
-2823
-2874
-2772
-2588
-2385
-2166
-1904
-1603
-1278
-934
-571
-223
100
425
780
1142
1454
1662
1743
1700
1564
1365
1100
750
336
-51
-293
-335
-255
-189
-154
-63
105
237
242
176
84
-83
-322
-512
-549
-489
-464
-512
-548
-465
-255
-33
87
95
53
16
5
23
39
30
16
36
119
288
549
816
957
960
956
1028
1107
1064
877
629
392
179
-28
-231
-426
-641
-889
-1120
-1249
-1258
-1229
-1243
-1277
-1224
-1020
-709
-364
-13
356
751
1159
1555
1911
2190
2350
2339
2165
1899
1593
1204
667
8
-641
-1171
-1572
-1883
-2116
-2230
-2204
-2075
-1899
-1686
-1429
-1191
-1035
-940
-810
-593
-338
-124
41
216
454
732
984
1158
1246
1252
1170
1004
770
480
145
-211
-562
-862
-1025
-960
-703
-423
-225
-27
255
545
673
626
522
412
281
152
109
174
279
353
399
461
560
635
597
412
107
-250
-575
-812
-978
-1101
-1137
-1018
-733
-338
109
575
985
1261
1395
1432
1403
1291
1058
718
342
26
-187
-335
-461
-570
-634
-652
-639
-607
-563
-529
-526
-521
-475
-363
-201
-3
220
458
691
894
1031
1092
1087
1003
804
495
149
-157
-415
-659
-876
-1019
-1046
-965
-832
-686
-529
-377
-282
-278
-330
-366
-376
-404
-471
-521
-487
-350
-156
30
185
321
416
449
439
421
384
266
52
-178
-358
-487
-622
-786
-957
-1071
-1068
-893
-569
-214
69
298
553
829
1037
1119
1116
1065
984
917
944
1054
1125
1051
830
561
320
92
-187
-554
-991
-1398
-1637
-1642
-1460
-1185
-863
-495
-63
449
1004
1484
1742
1746
1577
1354
1153
966
747
483
236
94
102
223
369
438
375
206
6
-170
-334
-539
-804
-1074
-1265
-1315
-1231
-1058
-865
-715
-619
-524
-379
-206
-101
-119
-208
-261
-202
-30
189
395
563
712
858
982
1036
968
754
399
-27
-434
-766
-1032
-1260
-1443
-1529
-1473
-1275
-993
-702
-454
-261
-115
3
103
173
179
119
50
33
86
194
305
359
321
212
94
-36
-209
-410
-534
-473
-258
-3
256
575
934
1219
1340
1353
1326
1235
1043
803
602
443
266
38
-181
-317
-353
-343
-338
-354
-384
-395
-367
-313
-247
-159
-49
74
228
436
691
915
1037
1056
1028
1017
1019
989
890
751
611
485
357
209
12
-251
-569
-904
-1204
-1460
-1701
-1944
-2138
-2212
-2149
-1976
-1719
-1388
-1005
-592
-164
252
615
894
1084
1194
1240
1250
1245
1218
1134
982
797
619
454
263
8
-309
-640
-938
-1178
-1364
-1495
-1574
-1576
-1478
-1274
-988
-672
-382
-151
37
227
440
644
796
896
977
1062
1146
1212
1247
1228
1127
928
654
324
-53
-478
-926
-1346
-1648
-1752
-1609
-1252
-794
-345
78
498
867
1097
1145
1080
983
909
881
945
1106
1288
1403
1414
1351
1234
1033
701
234
-312
-848
-1273
-1533
-1622
-1553
-1328
-972
-521
-15
480
888
1126
1151
988
716
415
124
-144
-367
-504
-532
-459
-332
-208
-147
-183
-316
-530
-784
-1044
-1286
-1485
-1590
-1561
-1394
-1111
-735
-294
144
501
736
852
873
813
682
504
340
241
233
293
398
526
643
688
613
414
120
-242
-653
-1082
-1466
-1721
-1793
-1668
-1366
-923
-392
143
613
986
1256
1404
1417
1301
1101
891
721
604
517
441
362
273
154
-20
-269
-585
-940
-1301
-1626
-1862
-1952
-1875
-1639
-1260
-728
-52
677
1330
1827
2168
2360
2383
2241
2000
1738
1499
1309
1194
1175
1220
1243
1164
955
630
218
-265
-798
-1350
-1855
-2231
-2409
-2372
-2146
-1767
-1289
-773
-274
162
517
765
875
841
719
594
515
485
491
519
551
559
519
404
188
-139
-569
-1060
-1534
-1913
-2153
-2246
-2190
-1989
-1662
-1232
-746
-275
106
353
474
503
476
431
403
414
480
609
796
1017
1228
1368
1382
1248
997
688
362
34
-278
-522
-654
-658
-547
-357
-141
48
163
184
120
3
-147
-311
-473
-590
-615
-526
-347
-118
101
264
346
349
275
131
-60
-268
-454
-590
-645
-608
-484
-303
-87
161
444
779
1107
1351
1455
1455
1391
1283
1129
946
781
653
572
522
500
464
360
145
-191
-595
-998
-1350
-1639
-1854
-1967
-1927
-1701
-1304
-794
-253
255
679
997
1196
1277
1256
1144
957
724
512
364
298
277
261
196
57
-155
-433
-777
-1173
-1592
-1985
-2288
-2452
-2436
-2231
-1866
-1393
-872
-345
165
635
1023
1287
1421
1469
1485
1514
1580
1678
1781
1866
1904
1862
1710
1439
1050
554
-33
-655
-1227
-1684
-1993
-2145
-2139
-1978
-1689
-1330
-951
-602
-319
-124
-12
39
68
112
193
320
496
711
952
1185
1360
1432
1380
1208
945
622
272
-71
-371
-597
-736
-784
-764
-699
-625
-573
-556
-561
-558
-524
-417
-245
-28
206
462
745
1030
1252
1362
1372
1302
1182
1023
844
647
436
205
-33
-253
-440
-580
-680
-765
-866
-968
-1038
-1056
-1023
-959
-869
-752
-608
-455
-310
-176
-53
46
96
93
53
14
-10
-21
-35
-51
-56
-51
-43
-44
-54
-77
-121
-192
-274
-333
-336
-268
-165
-70
6
96
227
379
505
579
602
592
565
526
477
420
351
255
122
-26
-147
-225
-274
-318
-364
-390
-377
-334
-278
-225
-180
-140
-97
-41
52
183
329
462
569
658
737
807
844
825
743
609
446
271
103
-40
-144
-219
-259
-268
-248
-207
-164
-147
-171
-242
-342
-442
-526
-586
-615
-608
-549
-434
-282
-115
51
199
316
393
435
451
438
398
336
270
210
172
154
148
137
123
102
69
4
-101
-245
-419
-599
-758
-867
-913
-898
-832
-731
-592
-423
-238
-72
50
121
156
172
180
197
226
276
342
420
499
571
625
641
605
510
367
202
42
-99
-216
-311
-381
-421
-427
-401
-351
-294
-249
-216
-182
-138
-81
-6
80
174
276
382
501
625
740
820
841
795
692
547
372
177
-23
-211
-364
-467
-509
-494
-433
-355
-288
-249
-244
-266
-309
-373
-450
-524
-580
-595
-554
-441
-251
11
330
648
905
1050
1087
1021
864
626
344
64
-157
-280
-301
-243
-157
-94
-92
-171
-333
-555
-802
-1033
-1210
-1302
-1265
-1061
-691
-199
334
833
1232
1494
1596
1528
1300
957
561
173
-156
-382
-474
-432
-301
-155
-54
-36
-116
-294
-555
-872
-1184
-1426
-1541
-1498
-1297
-951
-509
-39
381
696
884
949
910
788
624
472
389
404
522
701
891
1043
1119
1085
926
655
305
-72
-420
-688
-838
-856
-745
-529
-245
52
314
503
607
619
544
408
251
115
31
14
52
135
245
355
433
437
351
174
-65
-336
-606
-844
-1013
-1092
-1078
-978
-819
-619
-410
-228
-106
-62
-84
-148
-227
-313
-389
-442
-452
-408
-316
-191
-50
86
194
252
254
207
128
31
-69
-154
-201
-184
-92
85
326
582
798
935
986
962
872
721
527
320
137
4
-71
-101
-119
-157
-236
-362
-538
-747
-958
-1140
-1266
-1319
-1268
-1094
-801
-413
28
477
887
1226
1468
1600
1622
1558
1433
1268
1074
867
668
493
347
211
62
-111
-308
-518
-724
-912
-1056
-1144
-1162
-1107
-978
-779
-525
-241
35
269
450
578
657
694
690
656
608
564
536
511
472
406
302
150
-50
-290
-546
-790
-995
-1142
-1224
-1231
-1158
-1015
-824
-610
-400
-205
-37
102
214
308
389
468
548
622
689
735
748
725
657
540
374
174
-44
-266
-480
-672
-826
-934
-981
-971
-903
-785
-633
-458
-283
-128
-10
64
103
112
107
111
152
245
405
622
862
1081
1236
1299
1256
1112
890
616
328
66
-144
-283
-352
-370
-374
-388
-425
-492
-584
-690
-778
-817
-783
-663
-454
-169
169
526
863
1134
1302
1359
1305
1152
934
685
446
247
97
-2
-57
-78
-87
-110
-178
-305
-484
-684
-875
-1025
-1111
-1122
-1052
-905
-693
-447
-207
-5
135
199
193
135
39
-74
-176
-238
-240
-183
-85
36
156
262
336
363
332
252
137
6
-117
-218
-285
-316
-306
-268
-216
-161
-107
-64
-45
-52
-76
-97
-102
-79
-28
46
135
233
331
422
498
550
568
549
500
437
372
304
237
165
90
17
-47
-106
-161
-213
-266
-320
-368
-406
-433
-452
-459
-451
-419
-355
-254
-121
32
191
337
457
537
567
551
496
416
332
260
225
236
293
376
452
494
482
408
272
89
-118
-320
-490
-605
-650
-628
-561
-472
-380
-299
-242
-219
-229
-265
-309
-339
-330
-267
-155
1
184
373
546
683
762
773
711
590
428
246
62
-108
-251
-358
-434
-483
-517
-543
-573
-610
-648
-684
-701
-688
-631
-527
-386
-216
-33
149
309
434
516
545
525
476
413
352
302
278
281
307
345
380
394
379
334
253
147
21
-105
-209
-283
-322
-329
-303
-244
-167
-90
-25
21
44
41
17
-13
-42
-57
-52
-21
31
93
161
219
259
272
257
216
147
57
-38
-124
-196
-253
-287
-294
-274
-235
-186
-142
-110
-95
-100
-127
-169
-217
-258
-275
-264
-225
-163
-82
4
79
138
175
189
187
181
187
219
279
360
452
534
591
608
580
500
382
242
99
-28
-125
-182
-210
-223
-236
-266
-311
-373
-447
-524
-589
-624
-616
-564
-468
-336
-181
-11
150
287
389
453
480
476
448
412
380
359
346
337
324
300
259
199
113
7
-108
-218
-312
-384
-433
-457
-466
-464
-454
-438
-420
-400
-376
-344
-293
-223
-135
-43
50
134
203
248
264
248
208
150
82
20
-25
-49
-56
-47
-27
-3
14
21
21
16
17
30
64
124
201
285
363
418
435
416
371
312
252
210
200
223
265
315
353
360
323
238
114
-35
-193
-333
-439
-493
-493
-442
-352
-243
-136
-46
13
25
-4
-66
-145
-218
-269
-286
-260
-195
-102
2
96
166
193
171
104
7
-104
-206
-286
-330
-333
-299
-233
-157
-88
-41
-21
-30
-64
-113
-162
-201
-217
-203
-154
-73
24
120
199
253
282
287
268
234
194
156
130
116
117
123
134
138
132
115
90
64
36
9
-12
-23
-28
-21
-8
8
25
39
51
53
47
32
13
-10
-33
-50
-53
-42
-16
23
71
128
186
239
277
301
308
303
286
257
221
184
148
112
78
42
6
-37
-89
-150
-215
-282
-345
-399
-441
-466
-470
-456
-425
-382
-334
-286
-240
-201
-169
-142
-112
-79
-43
-2
49
109
166
217
254
272
267
238
186
120
44
-30
-96
-146
-175
-183
-167
-138
-102
-66
-33
-4
19
36
54
74
96
122
154
191
224
251
271
278
273
258
232
197
155
109
60
10
-38
-80
-113
-134
-141
-137
-123
-103
-79
-55
-38
-32
-34
-44
-60
-78
-91
-94
-87
-65
-30
15
66
117
163
202
227
239
235
221
198
170
141
116
95
76
54
30
-1
-39
-82
-130
-179
-226
-263
-288
-298
-296
-282
-261
-238
-217
-201
-191
-186
-183
-181
-171
-154
-127
-93
-48
0
48
94
132
157
167
163
148
126
99
72
49
33
27
26
29
29
27
21
11
-3
-20
-34
-43
-41
-28
2
41
86
132
174
210
233
242
235
212
183
148
113
79
51
29
14
2
-7
-18
-35
-56
-81
-111
-139
-164
-180
-187
-180
-161
-125
-79
-27
26
77
123
159
188
203
207
203
193
176
154
129
100
69
32
-12
-59
-109
-159
-205
-247
-277
-293
-299
-294
-277
-248
-211
-173
-131
-91
-49
-11
25
59
91
117
141
158
166
168
158
138
107
67
21
-25
-68
-107
-141
-165
-178
-180
-175
-164
-148
-130
-112
-93
-73
-50
-23
11
51
95
143
189
231
267
293
306
309
296
272
239
196
149
96
42
-14
-65
-112
-152
-183
-204
-211
-206
-189
-162
-128
-88
-44
0
45
88
128
165
196
219
237
248
252
245
234
213
183
143
94
37
-22
-81
-137
-188
-230
-262
-279
-286
-286
-277
-262
-245
-225
-201
-174
-144
-110
-72
-35
5
39
69
92
103
107
102
89
68
46
24
0
-24
-48
-69
-87
-103
-117
-133
-143
-147
-146
-136
-115
-85
-49
-7
36
78
115
145
165
174
173
165
153
139
123
107
95
86
76
66
57
48
37
23
9
-6
-17
-26
-30
-28
-21
-4
14
34
53
67
77
80
75
65
52
39
27
13
1
-8
-18
-29
-39
-49
-61
-67
-72
-71
-67
-56
-38
-15
14
44
76
109
139
167
188
200
200
191
177
158
134
105
76
47
15
-16
-53
-93
-134
-178
-221
-263
-302
-334
-355
-363
-358
-342
-316
-281
-240
-197
-154
-111
-69
-29
10
49
89
126
162
194
218
233
237
229
211
182
142
97
49
0
-44
-85
-118
-142
-159
-170
-170
-167
-159
-150
-135
-116
-92
-63
-29
12
56
101
146
185
218
240
254
257
251
239
221
201
179
159
139
120
100
77
49
20
-12
-45
-76
-103
-128
-144
-155
-157
-152
-142
-127
-110
-91
-71
-53
-35
-17
0
15
32
49
63
79
95
106
116
123
128
125
119
108
94
77
60
43
28
14
2
-11
-23
-35
-48
-62
-80
-97
-117
-137
-156
-174
-186
-196
-201
-202
-199
-188
-172
-153
-129
-104
-78
-53
-30
-9
9
28
44
59
73
86
100
111
119
120
118
113
102
86
65
44
26
10
-2
-13
-19
-20
-19
-16
-13
-9
-5
-1
8
20
33
50
68
89
110
126
138
140
134
121
104
83
59
35
13
-5
-19
-29
-37
-45
-53
-61
-73
-89
-107
-124
-138
-149
-156
-155
-145
-126
-99
-70
-41
-9
17
40
56
65
72
75
78
81
87
94
105
113
122
125
122
113
95
71
42
9
-26
-56
-79
-98
-107
-112
-111
-105
-96
-84
-71
-60
-49
-38
-24
-9
8
25
41
54
63
68
68
60
46
25
4
-19
-42
-62
-79
-93
-105
-114
-121
-127
-130
-130
-131
-129
-123
-111
-92
-67
-36
-2
35
75
115
151
180
201
214
218
214
202
186
168
145
122
100
78
55
33
9
-14
-39
-65
-87
-107
-122
-129
-130
-122
-106
-84
-57
-29
0
25
47
64
78
87
91
90
86
78
70
58
44
25
2
-21
-46
-73
-97
-119
-136
-150
-159
-160
-153
-140
-118
-92
-63
-33
-2
30
60
88
112
136
157
175
190
199
203
199
186
166
141
109
74
37
1
-35
-69
-99
-124
-147
-166
-180
-189
-193
-194
-189
-180
-167
-149
-128
-107
-83
-61
-37
-14
7
28
47
63
79
94
106
113
115
113
107
94
78
61
43
21
0
-18
-34
-46
-56
-65
-69
-69
-67
-61
-56
-49
-40
-28
-16
-3
7
18
28
37
44
50
57
59
62
63
61
56
51
46
41
34
26
20
14
10
5
3
4
3
3
1
-1
-3
-6
-11
-14
-17
-19
-18
-15
-11
-5
2
11
18
25
30
33
36
36
38
40
45
49
52
55
57
59
54
47
36
22
4
-12
-29
-45
-57
-68
-77
-84
-88
-92
-95
-97
-98
-98
-95
-89
-82
-72
-58
-42
-25
-7
9
24
35
44
49
53
53
52
49
46
41
38
32
26
18
9
-1
-13
-25
-38
-47
-57
-63
-63
-56
-47
-35
-21
-7
8
23
35
46
53
59
63
65
68
72
75
77
80
81
80
75
68
58
44
27
10
-7
-22
-35
-46
-54
-60
-62
-61
-61
-57
-54
-52
-48
-45
-42
-38
-34
-27
-20
-13
-7
2
10
15
18
18
20
19
16
14
10
7
4
3
1
0
0
-3
-6
-10
-16
-22
-29
-34
-37
-38
-38
-36
-33
-29
-24
-19
-14
-10
-6
-4
-1
1
6
9
13
20
26
33
37
40
41
43
43
41
37
32
29
25
22
18
16
15
13
11
9
7
4
1
-4
-9
-14
-18
-20
-24
-23
-22
-20
-17
-15
-11
-8
-5
-2
1
3
6
8
10
15
19
25
31
35
37
38
38
37
36
33
31
27
22
18
13
8
4
-2
-8
-14
-21
-27
-33
-38
-42
-46
-47
-47
-44
-42
-41
-40
-37
-35
-32
-30
-30
-26
-22
-20
-15
-9
-2
3
9
14
18
20
20
21
17
13
8
4
-1
-4
-8
-10
-11
-12
-13
-16
-17
-19
-20
-20
-20
-17
-12
-5
2
11
19
27
34
39
45
48
51
53
51
51
49
47
44
39
33
26
18
11
2
-6
-13
-20
-24
-28
-30
-28
-27
-24
-20
-15
-10
-6
-3
-1
2
7
10
15
18
20
21
22
19
15
10
4
-3
-9
-16
-21
-24
-28
-28
-29
-29
-30
-31
-31
-32
-32
-33
-34
-34
-32
-30
-27
-22
-16
-11
-8
-5
-4
-6
-8
-12
-16
-18
-21
-22
-23
-23
-21
-18
-11
-7
-2
3
10
16
23
28
34
39
44
47
49
49
50
49
47
41
35
27
21
14
7
-1
-7
-12
-16
-19
-20
-19
-18
-15
-11
-4
2
9
18
25
33
42
50
54
59
62
65
66
64
60
55
47
39
31
20
11
1
-8
-18
-26
-32
-38
-42
-45
-47
-47
-48
-46
-44
-42
-38
-32
-28
-23
-18
-14
-12
-8
-5
-4
-7
-8
-10
-17
-20
-25
-30
-34
-38
-40
-39
-41
-43
-43
-43
-44
-43
-42
-40
-36
-31
-26
-22
-17
-10
-4
3
9
13
16
19
20
21
19
19
18
18
19
19
20
21
19
19
19
18
18
17
17
18
21
24
27
31
33
34
36
36
33
31
29
26
22
19
16
14
12
10
9
8
8
6
3
4
4
6
7
9
10
12
14
16
16
16
15
13
10
7
3
0
-4
-6
-6
-8
-8
-12
-13
-14
-14
-16
-18
-18
-20
-21
-21
-19
-17
-15
-13
-11
-10
-9
-8
-7
-9
-11
-13
-16
-19
-23
-27
-29
-32
-35
-37
-38
-37
-36
-34
-31
-27
-24
-20
-16
-10
-5
-3
1
4
8
10
12
15
17
17
18
19
22
21
20
18
15
14
13
10
10
9
9
11
13
18
20
21
22
23
22
20
18
16
16
16
16
16
18
18
17
16
13
11
7
3
-1
-6
-10
-14
-17
-18
-20
-20
-18
-16
-13
-10
-6
-1
2
7
10
14
17
18
18
18
17
18
18
14
11
7
4
1
-2
-5
-7
-10
-11
-11
-12
-12
-11
-11
-11
-9
-8
-7
-6
-5
-4
-2
-2
-2
-4
-4
-7
-9
-10
-13
-16
-17
-19
-19
-19
-20
-18
-18
-16
-15
-12
-10
-8
-5
-6
-5
-5
-3
-1
-2
-3
-3
-2
-2
-1
0
2
4
5
6
8
8
9
8
8
7
6
7
7
7
8
10
13
13
13
14
15
17
17
18
18
18
16
12
9
6
4
0
-3
-4
-6
-7
-8
-8
-8
-8
-6
-5
-3
-2
1
4
6
8
10
13
11
8
7
8
6
5
4
2
1
-1
-2
-3
-5
-7
-9
-10
-11
-11
-10
-7
-5
-2
1
4
6
8
7
7
7
7
4
4
0
-1
-4
-8
-10
-13
-14
-16
-19
-21
-20
-19
-19
-17
-15
-13
-10
-7
-5
-2
3
6
10
13
15
18
19
17
18
18
16
13
12
11
10
7
7
4
3
3
3
1
0
-3
-4
-4
-7
-8
-9
-8
-9
-9
-6
-6
-4
-1
2
3
4
4
4
2
1
1
0
-3
-3
-5
-6
-8
-9
-9
-11
-10
-11
-12
-12
-11
-9
-5
-1
4
7
10
13
15
17
17
16
14
12
10
7
5
4
3
1
-2
-5
-6
-9
-11
-12
-12
-10
-9
-7
-4
-2
1
2
3
4
4
3
4
4
2
0
-2
-2
-2
-4
-5
-7
-7
-9
-10
-11
-11
-12
-12
-12
-12
-11
-9
-5
-2
1
4
7
7
8
8
8
7
6
7
4
4
4
4
4
3
2
1
1
1
1
0
-1
0
-1
3
5
7
11
14
16
18
19
20
21
21
20
20
17
14
11
9
4
0
-3
-8
-11
-15
-16
-15
-15
-14
-13
-11
-9
-7
-5
-1
1
5
7
11
13
15
17
18
17
15
12
10
7
4
0
-4
-9
-13
-16
-21
-24
-27
-28
-31
-32
-32
-31
-27
-23
-19
-14
-9
-4
1
6
8
10
13
13
12
12
10
9
8
6
2
-2
-5
-8
-11
-13
-14
-15
