0
-2
-1
0
-2
-3
-1
0
1
1
-1
-3
-4
-5
-5
-4
-4
-5
-5
-5
-3
-3
-2
-3
-4
-6
-5
-4
-3
-4
-3
-1
-3
-3
-1
-3
-3
-1
-1
-4
-2
0
1
1
1
-1
-2
-2
-3
-3
-3
-1
-1
-2
-2
-2
-2
-3
-6
-7
-4
-1
0
-2
-3
-4
-3
-2
-2
-1
-3
-4
-1
1
1
3
3
1
0
1
6
6
5
4
2
3
3
3
2
1
1
2
2
3
2
4
3
3
3
2
1
1
2
2
2
2
0
2
5
7
5
6
5
5
7
5
3
2
2
1
2
2
2
2
1
1
0
2
2
2
0
-1
0
2
2
2
0
-2
0
1
0
-2
-1
-1
0
-2
-1
3
2
0
0
2
1
-1
-2
-3
-1
-1
-2
-2
-1
-2
-2
0
1
1
-2
-1
-3
-3
-1
-1
0
-1
-2
-2
-2
-1
-1
0
1
-1
-1
-2
0
0
-1
-1
-4
-5
-6
-6
-5
-4
-4
-3
-3
-3
-2
-3
-1
-2
-3
-1
0
0
-2
-5
-4
-3
-2
1
0
0
-2
1
5
2
2
2
2
3
5
5
2
2
0
0
3
3
3
4
4
3
2
1
1
1
0
0
-1
-1
-1
-1
-2
-2
-4
-3
-3
-3
-2
-2
-2
-3
-2
-2
-3
-3
-2
-1
0
-2
-2
-1
0
0
1
-1
-2
0
3
5
4
4
5
3
3
0
0
1
3
4
3
4
5
6
5
5
3
4
6
5
5
6
5
3
0
-1
0
0
-2
-2
-1
0
-1
-2
-1
-2
-2
-3
-2
-3
-4
-3
0
0
-2
-3
-2
0
-2
-2
-2
-2
-2
-2
0
2
1
1
4
3
0
-1
2
3
4
2
-2
-2
-2
0
1
1
-1
0
-1
-1
-3
-3
0
0
0
0
0
0
-1
-2
-1
0
-1
-1
-3
-2
-1
-1
0
0
-1
-2
-2
-3
-3
-3
-3
-4
-1
-1
-2
-3
-3
0
1
2
3
4
2
2
2
1
0
0
1
2
2
0
0
2
3
3
2
0
1
-1
0
2
6
4
4
1
-1
0
0
-3
-4
-2
0
0
-2
-2
-2
-2
-1
-1
2
3
2
0
2
0
0
-2
-3
-1
-1
0
0
1
3
2
1
0
2
1
0
0
1
0
0
1
1
-1
0
2
2
1
1
2
1
0
0
0
-2
-4
-5
-3
-5
-5
-4
-5
-5
-7
-7
-5
-4
-2
-1
-3
-3
-2
-1
1
0
0
-1
-1
-1
0
1
2
3
3
4
3
3
2
3
2
1
1
2
3
3
2
1
0
0
3
3
4
3
6
6
4
3
4
3
5
7
6
5
4
4
3
1
1
-1
0
1
1
1
1
0
-2
-4
-6
-8
-7
-6
-5
-8
-8
-9
-9
-8
-8
-6
-8
-7
-5
-5
-4
-3
-2
-1
-2
-1
-1
-1
0
-1
1
-1
0
1
1
2
3
4
5
6
7
7
7
4
5
5
5
4
3
6
6
6
5
5
7
8
9
9
9
8
4
0
-1
-3
-1
1
0
1
2
1
-3
-5
-6
-5
-5
-5
-6
-5
-4
-5
-5
-9
-9
-7
-6
-7
-8
-7
-4
-3
-2
-2
0
3
2
1
2
0
-1
-2
-4
-5
-5
-3
-2
-3
-4
-6
-4
-2
-2
1
4
7
8
7
3
0
1
5
7
9
11
12
9
4
0
-3
-6
-7
-6
-4
-3
0
2
-1
-4
-6
-8
-8
-5
-3
1
4
6
6
1
0
0
0
-1
1
4
5
5
3
0
-3
-2
0
-1
2
2
3
2
2
2
4
7
6
3
1
-3
-6
-7
-5
-3
2
7
8
8
6
0
-2
-3
-3
-2
-1
4
10
8
2
-5
-8
-11
-13
-13
-10
-7
-5
-4
-6
-10
-14
-14
-12
-9
-2
5
11
12
10
9
9
10
14
19
25
29
29
28
23
17
10
3
-1
-3
-4
-6
-10
-12
-14
-17
-19
-20
-20
-15
-14
-9
-4
0
6
11
14
20
24
24
23
25
23
22
20
16
11
4
-5
-17
-31
-49
-66
-76
-82
-81
-67
-43
-17
-1
2
8
15
28
45
60
76
88
96
95
86
68
46
24
3
-14
-27
-35
-46
-62
-79
-93
-101
-101
-90
-75
-53
-33
-17
-1
11
22
34
47
61
76
87
93
91
83
72
56
37
16
-5
-23
-44
-67
-88
-105
-113
-115
-108
-99
-89
-74
-56
-38
-16
7
33
58
80
98
109
113
114
103
86
72
56
45
31
18
-1
-23
-46
-66
-84
-95
-101
-98
-88
-76
-58
-40
-23
-6
10
24
37
53
71
84
92
96
96
89
79
63
43
22
4
-15
-33
-50
-66
-78
-84
-86
-85
-74
-61
-47
-28
-9
9
27
43
58
69
74
79
81
79
74
64
53
42
27
6
-16
-35
-52
-65
-72
-74
-72
-63
-53
-41
-32
-22
-17
-12
-5
5
18
34
45
55
62
61
53
40
26
12
-1
-9
-17
-21
-23
-28
-34
-42
-50
-54
-54
-54
-48
-40
-28
-14
0
14
22
31
38
42
43
44
45
40
34
27
19
14
11
5
-3
-12
-20
-26
-33
-37
-40
-43
-44
-46
-42
-38
-34
-26
-20
-11
-6
-1
4
10
13
16
15
16
17
16
12
12
5
-1
-11
-17
-27
-35
-36
-35
-28
-19
-8
1
9
11
10
6
10
15
27
44
58
65
68
67
62
56
45
33
26
22
20
18
16
10
4
-2
-12
-18
-22
-25
-29
-29
-27
-22
-15
-8
-4
-4
-1
0
-1
0
4
7
11
14
13
11
9
5
-2
-11
-18
-22
-22
-26
-31
-32
-30
-26
-23
-18
-16
-12
-11
-9
-2
7
16
23
29
35
39
43
46
45
40
27
11
-9
-16
-22
-29
-36
-35
-33
-28
-23
-20
-16
-10
-4
-1
0
0
8
29
48
55
56
56
58
50
29
7
-11
-20
-30
-36
-33
-27
-36
-49
-46
-36
-36
-40
-39
-40
-47
-42
-27
-13
-8
0
5
10
9
9
-2
-20
-27
-28
-24
-20
-3
10
7
-11
-24
-22
-10
6
22
24
25
24
22
17
11
22
36
47
44
36
29
32
39
36
21
14
19
32
44
50
51
38
22
11
9
8
4
-8
-20
-23
-19
-7
1
-1
-12
-29
-44
-61
-79
-84
-77
-68
-73
-69
-63
-63
-68
-77
-62
-35
2
23
31
41
51
42
25
26
43
61
66
60
58
42
13
-21
-35
-23
-14
-12
-18
-39
-66
-70
-12
86
177
233
245
223
193
181
186
200
227
255
271
258
213
149
82
19
-52
-119
-159
-165
-168
-209
-291
-387
-451
-459
-418
-338
-238
-136
-81
-87
-101
-83
-33
17
65
123
174
187
154
100
57
27
-13
-79
-128
-147
-159
-216
-300
-359
-384
-383
-360
-320
-265
-197
-153
-128
-3
253
441
396
351
534
776
793
659
606
652
657
575
458
389
360
232
-17
-261
-370
-408
-474
-578
-675
-718
-697
-672
-611
-462
-281
-173
-101
42
240
437
597
705
738
755
742
680
606
552
487
368
209
18
-191
-372
-526
-690
-839
-937
-977
-990
-940
-846
-776
-761
-713
-581
-379
-153
69
237
363
468
539
540
504
504
517
500
421
326
221
117
27
-69
-203
-357
-457
-476
-474
-461
-396
-190
95
237
170
161
387
645
710
705
808
952
972
878
784
739
670
480
225
28
-47
-84
-194
-384
-573
-691
-739
-748
-698
-569
-386
-237
-136
-69
20
138
235
270
295
371
467
492
432
304
140
-9
-135
-249
-348
-426
-531
-668
-763
-793
-798
-841
-865
-806
-687
-567
-483
-363
-238
-168
-145
-125
-59
114
340
459
346
163
42
-30
-149
-290
-462
-635
-690
-464
67
918
1627
1473
486
-200
68
635
969
1350
1877
1967
1507
1028
894
869
753
442
-33
-450
-488
-334
-396
-760
-1183
-1642
-2060
-2049
-1384
-488
73
181
3
-225
-224
146
638
985
1259
1514
1518
1301
1199
1337
1390
1122
616
123
-171
-325
-527
-807
-1176
-1586
-1900
-1944
-1772
-1557
-1450
-1562
-1687
-1517
-1084
-641
-249
127
320
292
349
589
868
1090
1214
1039
551
147
-15
-161
-341
-482
-750
-1223
-1489
-1454
-1381
-1413
-1368
-1328
-1181
-569
806
2082
2253
1425
905
1261
1870
2331
2935
3606
3639
2826
1806
1287
1165
1074
678
-61
-899
-1356
-1459
-1602
-1950
-2257
-2615
-2963
-2935
-2224
-1242
-540
-247
-152
-118
65
631
1407
2001
2371
2581
2426
2031
1784
1772
1619
1244
745
346
213
73
-453
-1279
-1939
-2303
-2558
-2576
-2221
-1800
-1761
-2042
-2146
-1841
-1179
-429
23
177
335
588
810
986
1132
1193
1180
998
547
184
142
174
-43
-432
-928
-1507
-1970
-2183
-2170
-2025
-1748
-1640
-1662
-1381
-646
-10
570
1785
2961
2834
1878
1851
2793
3503
3665
3813
3854
3405
2467
1609
1119
900
527
-266
-1283
-2066
-2380
-2481
-2681
-2959
-3194
-3367
-3405
-3024
-2040
-994
-305
124
573
834
1119
1797
2560
2912
3096
3265
3150
2799
2576
2275
1614
916
463
219
18
-382
-1245
-2226
-2773
-3066
-3439
-3392
-2714
-2246
-2451
-2649
-2367
-1822
-1128
-388
-19
46
334
879
1262
1392
1462
1420
1139
725
470
510
535
209
-344
-914
-1533
-2103
-2299
-2118
-1972
-1897
-1923
-1821
-1399
-718
-325
387
2149
3662
3086
1621
1770
3057
3570
3462
3899
4235
3665
2533
1635
1098
977
793
-91
-1410
-2150
-2246
-2344
-2692
-2968
-3175
-3449
-3622
-3125
-1918
-697
-27
264
477
593
993
1809
2603
3029
3446
3623
3123
2448
2415
2486
2052
1360
741
165
31
63
-744
-2100
-2746
-2971
-3531
-3540
-2533
-1983
-2551
-3031
-2891
-2550
-1790
-568
5
-264
-330
91
282
400
912
1370
1228
764
373
229
304
306
-15
-470
-976
-1512
-1799
-1687
-1596
-1600
-1600
-1569
-1303
-605
-83
219
1490
3331
3561
2062
1533
2574
3321
3223
3534
4024
3747
2855
1990
1189
799
757
138
-1164
-1977
-2073
-2242
-2564
-2688
-2864
-3274
-3507
-3217
-2350
-1180
-181
315
523
605
810
1348
2099
2653
3070
3409
3334
2831
2654
2829
2558
1760
1116
789
568
496
30
-1165
-2191
-2605
-3194
-3708
-3059
-2176
-2548
-3420
-3497
-3099
-2635
-1770
-978
-1024
-1276
-808
-118
150
531
1135
1120
549
263
381
524
666
639
206
-488
-1095
-1420
-1324
-1223
-1326
-1457
-1420
-1203
-633
-33
315
1350
3008
3405
1889
1028
2150
3427
3429
3440
4040
4060
3119
2317
1780
1281
1073
718
-517
-1680
-1743
-1657
-2201
-2762
-2988
-3323
-3638
-3401
-2525
-1458
-576
-112
77
86
388
1141
2001
2548
3000
3447
3514
3071
2807
3016
2973
2239
1441
1039
838
839
512
-915
-2576
-3114
-3373
-4042
-3812
-2656
-2700
-4030
-4607
-4054
-3431
-2599
-1490
-1144
-1570
-1317
-347
107
320
1068
1483
960
512
696
956
1071
1046
614
-30
-546
-907
-985
-830
-899
-1228
-1515
-1573
-1239
-394
177
816
2351
3755
2844
905
1029
2883
3675
3497
4104
4704
3899
2709
2134
1546
1119
1170
519
-1062
-1687
-1284
-1435
-2208
-2660
-3095
-3790
-3913
-3066
-1850
-756
-106
5
-221
-169
489
1486
2401
3013
3468
3668
3351
2756
2741
3079
2629
1499
877
742
600
513
-67
-1800
-3302
-3539
-3848
-4421
-3712
-2479
-3115
-4685
-4811
-3906
-3201
-2239
-1189
-1192
-1624
-984
-58
183
634
1609
1672
839
527
814
947
992
905
381
-183
-507
-804
-988
-1002
-1308
-1583
-1487
-1233
-1046
-381
235
939
2489
3980
3106
1139
1323
3253
3876
3605
4404
5179
4223
2741
2066
1622
1493
1605
654
-1260
-1934
-1466
-1589
-2304
-2682
-3258
-4154
-4440
-3615
-2221
-789
-63
-234
-682
-581
181
1338
2498
3236
3529
3514
3040
2437
2759
3520
3012
1527
914
891
525
397
355
-1036
-2935
-3724
-4088
-4506
-3637
-2259
-2874
-4689
-4961
-3982
-3305
-2348
-961
-706
-1398
-1218
-420
-62
587
1752
1901
901
281
426
667
840
889
542
-69
-679
-1123
-1247
-1160
-1141
-1120
-1068
-1297
-1336
-586
443
1289
2779
4188
3370
1261
1348
3285
4059
3880
4678
5197
3944
2421
1976
1750
1516
1480
566
-1285
-2109
-1507
-1359
-2079
-2621
-3129
-4102
-4550
-3645
-1964
-591
-47
-341
-838
-902
-211
1167
2670
3465
3495
3146
2461
1866
2336
3313
3066
1790
1166
944
66
-448
-8
-262
-1700
-2794
-3448
-4166
-3805
-2541
-2724
-4218
-4513
-3610
-3205
-2744
-1341
-476
-1040
-1496
-1078
-724
-239
1070
1909
1154
100
-79
-37
-69
334
885
753
-90
-861
-1138
-1193
-1226
-783
-99
-146
-720
-802
-252
966
3058
4573
3573
1448
1182
2424
2941
3232
4668
5505
3918
1799
1243
1465
1636
1819
992
-1085
-2343
-1850
-1273
-1427
-1592
-2052
-3476
-4744
-4189
-2159
-391
326
247
-445
-1237
-1016
492
2179
3216
3589
3223
2069
1208
1834
3107
3183
2251
1601
997
13
-294
196
62
-911
-1902
-3039
-3965
-3426
-2174
-2416
-3843
-4293
-3725
-3388
-2838
-1463
-590
-1083
-1792
-1917
-1811
-1061
523
1542
1027
-12
-515
-563
-345
284
1045
1118
282
-580
-812
-842
-812
-161
626
464
-287
-587
-281
808
2922
4623
3859
1698
1022
1909
2359
2653
4050
5084
3896
1821
790
807
1323
1852
1217
-687
-2139
-2107
-1435
-1016
-928
-1434
-2861
-4369
-4326
-2463
-313
744
641
-195
-1179
-1380
-190
1697
3076
3473
2982
1695
501
866
2467
3217
2661
1953
1163
-165
-859
-124
671
372
-638
-2067
-3523
-3754
-2742
-2393
-3213
-3638
-3349
-3416
-3440
-2365
-1034
-852
-1551
-2145
-2365
-1860
-321
1238
1433
477
-485
-957
-821
54
1114
1554
1129
180
-747
-1109
-852
11
952
1062
166
-715
-1083
-560
1601
4451
4975
2688
617
636
1420
2053
3439
5183
5071
2823
826
432
1236
2438
2773
1092
-1210
-2138
-1717
-959
-209
-196
-1660
-3928
-5089
-4073
-1711
147
647
-67
-1488
-2573
-2092
-77
2124
3279
2983
1667
239
-63
1332
3304
4052
3407
2217
698
-639
-635
551
1469
1456
455
-1643
-3626
-3795
-2775
-2548
-3108
-3153
-2955
-3259
-3336
-2508
-1727
-1783
-2296
-2813
-2951
-2046
-204
1066
896
-30
-877
-1326
-995
206
1478
2002
1561
407
-664
-816
-68
1058
1821
1540
358
-660
-1103
-517
1923
5084
5594
2778
-17
-344
744
1979
3733
5486
5154
2542
118
-314
1021
2856
3294
1341
-1262
-2386
-2005
-1069
-127
-95
-1539
-3708
-4989
-4271
-1938
167
678
-325
-1944
-2986
-2294
-83
2059
2837
2290
1069
-176
-367
1358
3813
4622
3520
1968
416
-869
-646
1058
2329
2173
857
-1564
-3918
-4181
-2693
-1977
-2527
-2852
-2883
-3435
-3758
-2888
-1801
-1668
-2175
-2715
-2930
-2223
-414
1036
960
56
-711
-1157
-988
179
1562
2152
1645
410
-672
-704
257
1408
1986
1331
-259
-1255
-1127
-310
1639
4539
5557
2954
-500
-1320
285
2148
3805
5166
4835
2492
238
-15
1408
3192
3648
1810
-822
-2013
-1641
-795
86
256
-934
-2953
-4565
-4538
-2621
-295
428
-606
-2004
-2728
-2297
-719
1062
1769
1382
751
234
105
1233
3428
4452
3360
1717
532
-315
-116
1268
2001
1594
1075
44
-1995
-3320
-2887
-2366
-2605
-2570
-2172
-2327
-2841
-2912
-2786
-2794
-2507
-1878
-1642
-1689
-1205
-536
-287
-233
-64
-130
-306
-171
186
702
1180
1082
564
376
551
746
888
693
-36
-640
-690
-471
-22
1384
3363
4087
2364
-303
-1240
44
1967
3314
4065
4101
2994
1109
94
1119
2897
3475
2471
636
-1130
-1722
-789
311
509
-43
-1354
-3391
-4527
-3420
-1320
-197
-331
-922
-1736
-2467
-2202
-897
322
817
987
819
481
1022
2481
3279
2616
1560
907
612
852
1626
2197
1941
1026
-226
-1581
-2340
-1901
-1122
-1343
-2251
-2719
-2734
-2798
-2750
-2398
-2099
-1999
-2083
-2359
-2417
-1885
-992
-333
-210
-435
-590
-613
-577
-227
511
1034
889
548
587
795
721
379
117
-146
-514
-493
145
791
1102
1724
2552
2430
1012
-195
201
1575
2586
3054
3576
3556
2265
846
800
1914
2821
2782
1689
93
-957
-940
-459
-129
134
-118
-1618
-3594
-4028
-2566
-970
-309
-306
-845
-1915
-2660
-2275
-1043
374
1389
1602
1107
738
1191
1996
2200
1771
1552
1599
1334
983
1108
1221
766
233
-173
-661
-1045
-1247
-1736
-2516
-2759
-2224
-1619
-1546
-1820
-2159
-2446
-2475
-2138
-1636
-1200
-814
-783
-1142
-1158
-678
-396
-465
-371
-148
19
164
270
467
861
902
41
-939
-1051
-391
341
649
629
559
304
314
1200
2473
2705
1656
648
713
1516
2337
3168
3638
3016
1379
452
1082
2171
2706
2293
960
-615
-1237
-925
-268
365
311
-887
-2714
-3634
-2982
-1442
-201
87
-448
-1554
-2637
-2708
-1200
788
1847
1764
1072
466
321
974
2023
2508
2101
1384
653
-7
196
1094
1446
822
-30
-759
-1486
-1648
-1277
-1115
-1305
-1461
-1670
-1934
-1881
-1636
-1382
-1252
-1263
-1419
-1559
-1379
-998
-684
-505
-488
-819
-1230
-1148
-723
-439
-231
35
-32
-354
-492
-670
-823
-400
276
267
-88
-64
115
184
254
1026
2375
3172
2314
651
162
1117
2139
2501
2999
3264
2370
720
59
947
2159
2728
2089
573
-694
-828
-397
56
719
760
-459
-2246
-3022
-2282
-676
637
666
-279
-1334
-1843
-1595
-424
985
1605
1242
331
-320
-183
806
1679
1408
375
-233
-304
-441
-154
531
553
-315
-1094
-1195
-738
9
246
-406
-1155
-1289
-1056
-622
112
520
92
-849
-1643
-1811
-1232
-322
135
-314
-1275
-2156
-2733
-2583
-1564
-603
-623
-1290
-1941
-2247
-1791
-586
360
429
167
-305
-826
-675
403
1522
1981
1647
999
1104
2017
2563
1998
1419
1541
1584
1108
1078
1866
2268
1632
757
575
977
1503
1596
1005
398
253
245
275
758
1168
698
-410
-1286
-1214
-201
968
1251
687
-87
-881
-1408
-1069
-9
781
783
94
-829
-1348
-997
-197
97
-208
-518
-792
-1290
-1409
-792
-78
197
210
69
-83
193
531
325
81
383
654
535
453
406
-11
-644
-992
-984
-823
-779
-1116
-1819
-2566
-3002
-3094
-2832
-2220
-1716
-1873
-2388
-2495
-1994
-1084
-80
486
357
30
-80
48
600
1468
2043
1963
1398
752
762
1852
2912
2563
1147
116
-90
-8
344
1267
2212
2022
670
-426
-130
1245
2389
2556
2107
1606
1087
681
1097
2155
2707
2100
798
-215
-218
576
1060
770
152
-537
-1441
-2121
-1898
-1054
-601
-1102
-2032
-2565
-2349
-1736
-1284
-1158
-1128
-1093
-1221
-1296
-822
91
925
1233
979
739
1085
1747
1747
1193
939
1060
935
579
476
454
62
-805
-1561
-1805
-1680
-1675
-2060
-2623
-3144
-3445
-3466
-2992
-2195
-1606
-1609
-1958
-2072
-1562
-439
606
1075
1045
800
422
278
813
1712
2264
2007
1138
133
-186
511
1616
1930
1111
-46
-767
-841
-401
707
2013
2545
1705
474
375
1619
3068
3741
3717
3124
2193
1510
1757
2688
3292
2833
1333
-220
-927
-637
-65
149
-233
-1264
-2633
-3661
-3570
-2531
-1489
-1349
-2086
-2904
-3081
-2518
-1649
-725
-82
-45
-574
-961
-534
509
1583
2151
1958
1359
970
1038
1228
1326
1341
1178
677
-58
-509
-570
-599
-924
-1376
-1669
-1898
-2145
-2337
-2358
-2333
-2444
-2557
-2357
-1873
-1439
-1218
-1093
-879
-537
-130
260
680
1080
1191
934
627
639
874
1035
900
493
12
-427
-593
-220
583
1014
497
-490
-974
-609
181
1138
2158
2701
2244
1401
1378
2500
3899
4620
4387
3435
2278
1494
1581
2359
2997
2657
1190
-720
-2060
-2115
-1212
-351
-340
-1263
-2667
-3821
-3951
-2931
-1523
-803
-1120
-1949
-2472
-2216
-1235
-27
690
564
-173
-791
-620
390
1551
2011
1518
526
-122
-50
421
754
758
395
-376
-1167
-1381
-859
-297
-365
-962
-1525
-1729
-1637
-1339
-998
-871
-1136
-1519
-1579
-1156
-563
-202
-149
-268
-344
-249
96
554
890
882
477
-24
-218
-9
248
210
-126
-597
-1016
-1184
-774
180
1047
1020
132
-688
-654
269
1543
2706
3309
3030
2074
1396
1853
3253
4506
4616
3549
1997
824
526
1131
2060
2306
1235
-699
-2256
-2537
-1624
-435
25
-612
-1891
-2938
-3066
-2182
-849
71
-45
-980
-1841
-1814
-894
240
862
614
-306
-1278
-1512
-768
390
936
421
-703
-1542
-1544
-851
-53
251
-91
-844
-1416
-1338
-565
313
598
140
-598
-979
-743
-109
393
387
-148
-834
-1164
-858
-128
461
417
-230
-974
-1259
-902
-193
401
530
167
-445
-893
-896
-493
-20
179
-7
-421
-748
-742
-301
481
1270
1515
1033
362
244
824
1627
2235
2552
2533
2122
1615
1530
2045
2661
2718
2078
1189
633
612
956
1302
1313
779
-120
-854
-887
-190
652
952
472
-391
-1042
-1083
-582
66
449
279
-402
-1197
-1505
-1172
-665
-570
-996
-1617
-2113
-2266
-2032
-1526
-1168
-1264
-1722
-2000
-1656
-874
-258
-224
-528
-733
-547
-10
652
1107
1085
599
1
-222
105
678
904
550
-161
-773
-995
-783
-360
-81
-204
-737
-1292
-1412
-930
-235
154
42
-335
-598
-561
-249
157
402
318
-45
-402
-437
-129
330
708
960
929
509
-33
-206
204
808
1172
1169
1015
793
583
597
1036
1709
2081
1915
1445
1126
1114
1387
1808
2188
2236
1795
1146
761
935
1425
1788
1685
1147
395
-222
-424
-280
-78
-172
-638
-1350
-1980
-2274
-2184
-1971
-1933
-2146
-2475
-2669
-2625
-2314
-1897
-1568
-1494
-1575
-1498
-1076
-477
-73
27
-41
-30
128
367
586
677
580
340
167
198
366
431
285
0
-246
-309
-173
31
120
2
-269
-508
-535
-269
149
450
431
154
-111
-136
57
278
343
192
-127
-458
-615
-549
-384
-336
-453
-598
-569
-409
-340
-478
-610
-510
-213
122
433
762
1019
1105
1106
1314
1826
2386
2667
2641
2540
2543
2691
2905
3066
2989
2598
2054
1669
1577
1639
1582
1221
591
-143
-708
-949
-949
-976
-1248
-1738
-2286
-2650
-2697
-2465
-2230
-2201
-2372
-2572
-2607
-2400
-1991
-1579
-1353
-1386
-1507
-1466
-1133
-688
-426
-453
-622
-724
-673
-481
-239
-42
23
-37
-115
-83
129
427
673
764
724
639
653
824
1043
1130
1014
798
621
592
714
880
905
653
146
-381
-683
-713
-616
-632
-878
-1318
-1735
-1938
-1846
-1575
-1323
-1218
-1249
-1213
-1015
-686
-357
-13
356
710
1017
1364
1827
2302
2633
2775
2897
3119
3399
3562
3565
3470
3308
3072
2794
2584
2386
2082
1637
1184
829
574
346
70
-313
-822
-1320
-1653
-1733
-1666
-1612
-1705
-1955
-2242
-2384
-2284
-2041
-1818
-1769
-1892
-2103
-2244
-2214
-2016
-1783
-1663
-1687
-1778
-1805
-1760
-1660
-1538
-1354
-1116
-850
-599
-349
-79
197
446
685
984
1307
1555
1651
1648
1609
1613
1678
1760
1738
1503
1095
677
410
315
292
166
-162
-673
-1211
-1578
-1669
-1546
-1407
-1420
-1626
-1862
-1917
-1678
-1247
-821
-518
-318
-156
92
483
945
1305
1473
1553
1700
1981
2289
2524
2598
2535
2415
2364
2462
2644
2734
2583
2237
1858
1623
1567
1610
1575
1314
839
344
44
-5
74
83
-111
-519
-981
-1268
-1274
-1128
-1076
-1234
-1553
-1904
-2187
-2320
-2286
-2154
-2106
-2261
-2552
-2784
-2826
-2700
-2504
-2333
-2218
-2152
-2062
-1876
-1566
-1173
-780
-433
-121
195
519
826
1076
1258
1397
1532
1661
1740
1758
1702
1563
1340
1105
932
805
636
355
-7
-367
-645
-810
-851
-821
-824
-936
-1091
-1143
-1010
-735
-420
-154
7
76
129
275
544
881
1152
1288
1268
1159
1070
1059
1146
1259
1331
1322
1290
1275
1281
1279
1285
1315
1368
1426
1429
1369
1257
1142
1077
1094
1162
1196
1121
892
563
255
91
78
108
40
-194
-570
-989
-1314
-1453
-1434
-1403
-1515
-1807
-2161
-2436
-2541
-2482
-2327
-2194
-2170
-2228
-2253
-2137
-1879
-1555
-1275
-1090
-961
-805
-573
-282
13
237
371
445
537
690
878
1020
1032
918
770
679
673
708
705
602
392
134
-63
-113
-55
13
-8
-130
-270
-343
-304
-154
52
202
241
191
139
167
296
486
620
622
519
421
401
479
613
742
787
720
593
525
591
734
846
861
811
748
724
761
847
936
958
901
814
767
770
784
753
676
572
461
361
272
178
40
-147
-371
-598
-787
-908
-993
-1099
-1256
-1440
-1591
-1669
-1659
-1593
-1516
-1477
-1505
-1559
-1549
-1416
-1185
-937
-752
-640
-591
-561
-487
-315
-50
218
389
427
379
320
307
381
533
683
739
659
475
284
190
237
361
446
406
236
12
-164
-214
-137
-9
68
26
-107
-230
-256
-169
-21
117
202
226
218
220
263
356
485
611
698
725
709
676
658
670
721
788
834
822
737
597
458
385
398
460
498
455
333
176
62
56
150
255
269
154
-50
-233
-309
-286
-243
-267
-388
-586
-797
-937
-961
-900
-842
-854
-940
-1042
-1095
-1072
-984
-860
-729
-638
-604
-594
-560
-477
-350
-209
-80
18
87
137
185
254
350
458
544
582
584
574
558
542
535
540
541
516
456
368
275
189
116
63
11
-56
-137
-228
-323
-391
-413
-383
-326
-278
-266
-278
-277
-230
-123
20
154
238
256
239
249
328
463
605
679
648
554
473
454
490
546
570
532
441
346
294
290
294
262
177
57
-59
-141
-189
-226
-285
-381
-504
-617
-679
-681
-660
-661
-713
-794
-864
-879
-817
-704
-592
-523
-503
-514
-515
-471
-374
-261
-174
-124
-101
-87
-56
12
115
233
334
400
439
471
521
596
681
755
804
811
785
739
702
683
673
634
557
448
328
218
120
29
-53
-120
-184
-258
-337
-398
-437
-471
-485
-456
-390
-323
-272
-241
-209
-159
-77
32
149
248
293
290
270
270
310
382
445
459
418
347
288
265
286
321
322
256
141
33
-35
-54
-52
-77
-140
-238
-350
-446
-496
-504
-509
-547
-627
-718
-790
-815
-793
-748
-708
-696
-718
-745
-745
-705
-643
-584
-539
-506
-467
-420
-356
-269
-164
-64
24
109
199
298
405
508
598
674
745
804
844
876
905
913
889
844
793
742
684
615
534
449
362
280
203
133
74
30
-11
-49
-76
-82
-75
-68
-57
-32
3
42
77
105
127
142
152
161
177
204
228
238
233
230
231
239
247
253
249
229
203
176
154
136
116
71
8
-61
-124
-181
-238
-299
-369
-451
-539
-623
-690
-735
-775
-817
-861
-903
-937
-959
-967
-962
-944
-919
-892
-861
-822
-770
-715
-658
-602
-537
-465
-393
-318
-240
-156
-68
17
99
190
290
389
478
546
600
649
698
750
803
846
868
864
838
797
755
730
713
689
644
582
522
461
412
377
353
323
287
249
218
197
184
167
143
114
87
72
79
94
107
106
95
87
90
110
144
178
193
184
163
152
158
169
174
169
141
95
46
8
-22
-53
-95
-154
-225
-297
-358
-404
-439
-472
-512
-559
-611
-661
-699
-716
-714
-699
-687
-684
-682
-671
-653
-623
-581
-538
-497
-469
-450
-428
-403
-365
-318
-266
-222
-190
-162
-131
-95
-54
-5
46
99
153
206
254
294
332
370
413
463
512
550
569
570
563
555
552
551
548
540
526
498
456
415
380
348
315
282
254
225
196
174
160
148
139
133
127
126
130
139
146
146
144
138
132
123
112
106
99
86
61
27
-8
-40
-62
-79
-100
-128
-158
-192
-226
-252
-268
-275
-282
-295
-316
-342
-364
-372
-365
-355
-346
-335
-335
-342
-343
-331
-308
-283
-264
-255
-249
-246
-244
-236
-229
-218
-207
-204
-212
-222
-227
-218
-200
-179
-155
-135
-122
-113
-102
-78
-39
8
48
77
104
127
153
187
226
271
306
323
325
325
330
342
360
368
367
347
322
312
318
330
339
337
321
298
285
291
309
321
317
299
277
259
248
247
247
231
197
155
124
106
90
71
44
7
-38
-76
-101
-115
-135
-163
-197
-232
-258
-271
-275
-280
-293
-312
-325
-323
-309
-289
-272
-266
-269
-272
-262
-237
-204
-174
-153
-146
-149
-150
-148
-139
-127
-116
-117
-126
-140
-149
-153
-151
-147
-146
-146
-150
-153
-154
-154
-147
-132
-121
-118
-114
-103
-87
-73
-58
-36
-10
16
38
59
83
107
130
152
174
198
226
252
269
282
298
316
334
353
372
385
393
392
387
385
389
392
385
368
346
324
303
286
269
245
215
177
134
89
48
18
-9
-40
-78
-115
-147
-179
-209
-232
-251
-266
-278
-289
-301
-311
-319
-321
-315
-304
-291
-280
-276
-272
-264
-244
-216
-187
-162
-149
-141
-134
-119
-92
-52
-19
-1
2
-3
-5
3
20
40
54
51
34
12
-7
-12
-7
-6
-11
-29
-56
-84
-99
-104
-100
-92
-87
-85
-86
-85
-82
-70
-46
-16
12
33
50
63
76
88
109
146
184
211
221
224
225
231
246
265
283
289
285
270
255
247
244
241
230
206
175
143
117
99
81
62
34
0
-35
-71
-98
-110
-112
-119
-137
-161
-183
-199
-207
-208
-204
-200
-206
-216
-223
-219
-207
-196
-190
-179
-166
-152
-139
-121
-98
-71
-42
-15
13
48
86
113
131
148
168
189
206
219
226
231
221
204
190
180
166
144
116
87
62
41
21
1
-21
-45
-67
-87
-101
-107
-111
-116
-128
-142
-155
-160
-155
-150
-142
-134
-131
-129
-126
-116
-97
-78
-65
-58
-50
-43
-38
-30
-19
-8
-5
-5
-5
-4
-4
-5
-5
-3
-1
1
4
7
9
10
4
1
5
16
25
28
26
20
12
1
-6
-3
3
2
-5
-14
-22
-25
-26
-22
-19
-12
-4
1
8
25
48
69
85
102
118
132
146
161
179
197
213
219
221
220
219
213
207
206
202
191
171
152
137
126
116
103
86
67
45
17
-6
-24
-34
-48
-68
-94
-118
-140
-153
-164
-172
-179
-186
-196
-207
-216
-216
-208
-207
-209
-210
-208
-206
-201
-195
-187
-181
-175
-168
-163
-154
-143
-127
-115
-101
-85
-71
-58
-47
-33
-19
0
17
29
36
39
43
42
42
44
49
52
47
34
25
20
17
19
24
28
31
34
36
41
57
80
104
120
131
138
144
149
158
170
181
186
187
184
181
182
182
182
182
179
170
163
156
154
151
147
140
131
123
113
102
88
74
59
45
29
12
-7
-27
-46
-62
-78
-94
-104
-116
-126
-135
-148
-158
-164
-170
-172
-172
-174
-180
-186
-192
-194
-195
-190
-184
-181
-181
-181
-177
-170
-161
-153
-143
-135
-128
-120
-112
-103
-92
-88
-88
-87
-80
-74
-71
-69
-68
-68
-73
-75
-69
-57
-44
-37
-32
-23
-13
0
19
43
73
100
119
132
144
159
178
199
215
229
237
242
242
237
235
242
252
258
257
252
247
241
228
217
211
208
204
195
179
163
148
128
107
91
79
67
51
27
4
-15
-31
-47
-59
-65
-73
-85
-97
-111
-121
-123
-117
-117
-120
-119
-120
-124
-132
-136
-135
-134
-139
-145
-152
-160
-167
-176
-183
-188
-191
-192
-195
-201
-204
-205
-210
-219
-222
-224
-226
-227
-227
-226
-227
-226
-220
-214
-207
-197
-184
-172
-158
-137
-115
-89
-63
-38
-8
24
51
78
106
134
166
195
220
241
261
280
298
315
330
346
360
371
377
381
383
383
379
373
365
360
349
331
312
293
273
248
224
200
176
153
125
98
70
43
22
6
-10
-27
-47
-67
-86
-99
-108
-111
-112
-114
-121
-130
-139
-143
-141
-137
-134
-137
-142
-153
-164
-170
-172
-168
-168
-175
-182
-189
-197
-203
-207
-214
-224
-234
-243
-249
-255
-260
-266
-272
-279
-282
-279
-276
-274
-273
-272
-267
-258
-242
-223
-206
-190
-178
-167
-152
-128
-100
-69
-40
-17
8
30
58
89
127
165
198
225
248
272
297
323
348
369
387
397
405
408
408
409
410
404
395
382
364
346
328
311
290
268
246
222
198
175
152
130
108
90
70
55
42
26
7
-10
-26
-38
-47
-53
-60
-68
-77
-86
-94
-100
-99
-100
-101
-103
-109
-118
-123
-128
-128
-130
-135
-145
-156
-168
-176
-179
-178
-179
-184
-192
-201
-206
-207
-208
-208
-209
-211
-216
-220
-222
-217
-213
-208
-209
-210
-209
-206
-198
-188
-176
-169
-160
-149
-135
-117
-97
-72
-50
-30
-10
15
41
65
91
115
138
155
170
190
211
226
235
243
249
253
253
256
258
263
261
259
253
246
238
227
217
207
201
193
180
166
150
135
120
108
98
88
75
60
44
27
13
5
-2
-9
-19
-31
-44
-53
-61
-65
-70
-74
-79
-85
-90
-92
-90
-90
-91
-94
-97
-96
-95
-93
-90
-91
-92
-95
-96
-94
-93
-91
-91
-100
-107
-115
-119
-117
-116
-119
-127
-135
-141
-144
-144
-145
-141
-139
-138
-139
-137
-131
-122
-111
-99
-90
-81
-69
-54
-39
-24
-8
4
18
32
53
70
85
94
102
114
125
136
148
160
168
171
172
173
176
181
189
190
186
182
178
176
175
173
167
160
152
142
130
119
112
102
91
79
66
53
40
28
11
-5
-19
-30
-41
-47
-56
-66
-74
-79
-84
-85
-84
-83
-81
-84
-89
-89
-83
-77
-72
-69
-67
-71
-72
-69
-65
-63
-64
-68
-73
-75
-72
-72
-73
-74
-78
-84
-87
-88
-88
-88
-90
-93
-96
-95
-91
-86
-82
-83
-85
-85
-82
-74
-62
-52
-45
-39
-35
-31
-21
-4
14
26
33
38
45
55
67
81
91
99
102
102
104
110
119
129
132
131
128
128
132
131
130
127
121
117
112
105
98
89
77
66
59
51
38
25
13
0
-13
-23
-28
-33
-39
-47
-57
-64
-70
-71
-71
-69
-67
-63
-63
-63
-62
-57
-47
-42
-37
-36
-34
-30
-21
-13
-11
-8
-10
-14
-12
-8
-4
-3
-5
-9
-13
-14
-16
-17
-19
-24
-32
-38
-41
-41
-39
-37
-36
-42
-50
-56
-55
-46
-38
-33
-33
-33
-31
-26
-20
-15
-5
2
4
7
10
17
24
32
37
38
42
49
56
61
64
73
78
80
79
82
87
92
91
87
84
79
73
68
64
60
54
44
31
16
5
-3
-10
-20
-32
-45
-58
-66
-73
-73
-72
-75
-77
-80
-80
-76
-70
-65
-58
-52
-48
-42
-33
-25
-13
-2
4
6
9
13
21
28
36
42
43
41
38
38
40
42
41
37
32
26
23
23
22
20
17
11
5
-2
-4
-9
-12
-16
-21
-27
-31
-33
-39
-40
-44
-50
-56
-60
-62
-59
-56
-54
-52
-49
-47
-44
-36
-28
-19
-11
-7
-1
9
17
28
37
46
51
54
55
58
62
65
64
59
54
47
37
31
26
17
9
-1
-13
-25
-33
-38
-42
-49
-58
-63
-64
-63
-62
-62
-61
-59
-56
-50
-42
-34
-28
-21
-13
-5
2
9
19
28
38
43
49
56
63
68
75
82
86
89
93
96
96
95
99
103
104
101
96
92
88
80
74
68
58
49
36
23
10
-3
-17
-28
-37
-47
-57
-65
-74
-85
-91
-96
-98
-101
-102
-101
-99
-98
-96
-92
-84
-75
-68
-60
-50
-41
-32
-24
-18
-11
-3
3
9
9
9
9
5
5
7
6
1
-5
-12
-19
-25
-26
-27
-29
-34
-39
-42
-46
-48
-49
-48
-49
-48
-47
-47
-43
-38
-34
-31
-27
-21
-15
-8
-2
6
14
21
28
34
43
55
69
77
83
88
97
106
115
123
128
133
136
136
135
137
138
136
132
122
112
103
94
83
71
63
51
33
19
6
-6
-18
-29
-41
-52
-64
-72
-80
-87
-92
-95
-95
-98
-98
-96
-94
-90
-84
-80
-75
-69
-63
-58
-53
-48
-44
-40
-35
-31
-28
-24
-23
-23
-24
-26
-25
-23
-22
-22
-22
-22
-24
-25
-25
-27
-29
-32
-36
-38
-41
-41
-42
-41
-41
-42
-43
-45
-45
-42
-39
-37
-32
-27
-20
-13
-8
1
12
24
36
49
60
68
78
89
99
109
120
128
135
137
140
142
143
140
138
132
125
117
110
103
95
86
73
60
50
39
29
19
7
-6
-17
-28
-38
-47
-54
-57
-59
-63
-70
-77
-80
-81
-82
-81
-80
-78
-80
-81
-82
-80
-71
-65
-61
-60
-60
-57
-54
-49
-43
-39
-36
-35
-35
-35
-35
-30
-24
-20
-19
-21
-20
-20
-21
-24
-27
-29
-32
-34
-35
-38
-39
-41
-42
-42
-40
-38
-37
-36
-34
-25
-17
-9
0
8
15
24
31
40
49
58
66
74
80
86
90
97
101
104
106
107
110
109
106
105
105
104
101
98
95
89
84
81
76
69
63
55
49
39
29
21
12
4
-3
-9
-17
-23
-32
-41
-50
-57
-62
-65
-68
-71
-76
-77
-78
-78
-77
-75
-72
-70
-68
-67
-65
-62
-59
-55
-53
-48
-43
-41
-38
-39
-37
-37
-35
-33
-33
-33
-37
-39
-40
-41
-36
-34
-35
-37
-37
-39
-39
-36
-30
-25
-20
-18
-13
-10
-5
0
7
13
18
23
25
27
30
33
38
40
40
44
48
52
53
54
54
56
57
56
58
61
63
64
65
66
66
66
66
68
67
63
60
57
53
49
49
46
39
29
25
20
12
5
1
-3
-10
-18
-27
-30
-30
-32
-36
-44
-50
-53
-55
-53
-52
-51
-55
-56
-55
-54
-51
-48
-45
-45
-45
-43
-42
-39
-38
-38
-38
-38
-38
-39
-34
-30
-27
-27
-27
-23
-21
-16
-12
-6
-3
-1
1
6
12
16
21
25
27
29
30
29
32
33
30
30
29
29
26
25
26
24
22
19
19
20
21
21
21
22
23
25
25
25
28
30
32
32
32
32
31
33
35
34
32
30
25
23
21
20
15
11
8
6
4
0
-4
-8
-12
-14
-18
-22
-23
-27
-28
-30
-30
-31
-32
-35
-36
-38
-42
-44
-45
-46
-49
-50
-52
-53
-53
-53
-53
-51
-51
-48
-44
-41
-39
-33
-28
-22
-17
-14
-8
-4
2
8
13
19
24
30
33
35
36
37
40
40
38
37
34
31
27
25
23
22
18
15
11
9
5
2
2
1
2
1
-1
-1
0
0
2
3
4
5
5
7
11
12
11
11
14
17
17
17
19
20
19
20
22
19
16
16
15
15
15
14
14
13
12
11
8
6
6
5
2
-2
-5
-7
-8
-12
-16
-21
-22
-23
-26
-29
-30
-32
-36
-39
-39
-36
-31
-29
-29
-28
-25
-23
-18
-15
-8
-4
1
5
9
14
19
24
29
34
37
36
37
33
31
29
28
28
25
24
21
16
10
5
3
1
0
-1
-6
-10
-17
-20
-21
-20
-21
-21
-23
-23
-23
-22
-22
-18
-17
-16
-15
-15
-16
-16
-12
-12
-11
-10
-9
-8
-7
-9
-9
-8
-7
-4
0
2
1
1
3
6
7
8
6
5
5
2
2
3
0
-1
-1
-4
-8
-12
-17
-18
-16
-18
-21
-19
-17
-16
-16
-15
-13
-11
-8
-4
3
9
14
19
20
24
29
32
40
44
42
42
46
53
55
56
58
59
61
59
54
50
48
51
51
43
31
28
27
16
7
4
-4
-3
-9
-28
-40
-34
-32
-45
-54
-48
-41
-46
-51
-50
-51
-50
-50
-53
-57
-54
-47
-45
-45
-44
-41
-38
-28
-23
-24
-16
-14
-14
-12
-17
-11
-4
-12
-18
-13
-9
-12
-13
-22
-15
5
9
-4
-6
6
4
-3
-1
-3
0
8
11
6
8
20
23
6
-4
6
13
4
-2
12
30
29
28
33
37
37
41
44
48
64
71
64
66
85
96
97
97
87
86
98
98
96
95
79
67
72
72
54
37
34
33
22
-5
-24
-29
-48
-64
-64
-74
-96
-116
-120
-104
-96
-101
-109
-126
-130
-114
-113
-122
-106
-90
-96
-102
-95
-91
-89
-83
-74
-69
-69
-78
-64
-31
-38
-49
-35
-29
-27
-15
-9
-1
1
-2
2
1
8
27
22
1
-5
10
27
24
13
25
49
44
21
21
34
47
57
55
51
59
52
34
49
74
94
98
79
71
105
142
128
119
144
151
152
162
161
150
144
137
133
136
135
129
115
89
70
73
73
56
33
10
-10
-17
-11
-26
-52
-63
-72
-91
-113
-113
-104
-107
-95
-99
-129
-132
-123
-129
-129
-127
-143
-158
-153
-149
-146
-131
-119
-135
-156
-134
-117
-114
-109
-106
-97
-101
-106
-92
-82
-78
-65
-45
-50
-71
-37
4
3
9
6
-18
11
65
44
10
32
48
40
42
30
27
44
41
42
44
45
41
35
44
55
57
51
53
71
90
89
76
114
145
127
136
152
145
144
166
173
155
160
159
142
135
127
119
132
144
100
74
109
110
75
15
0
56
66
25
8
-2
-13
-15
-33
-28
-20
-52
-99
-107
-97
-90
-92
-131
-112
-102
-188
-202
-124
-88
-138
-227
-218
-154
-133
-167
-212
-178
-138
-144
-176
-194
-131
-99
-106
-84
-84
-45
37
26
101
386
261
-387
-569
-73
280
186
-79
-164
-6
145
104
33
180
306
84
-374
-441
278
755
161
-427
-195
322
509
210
-221
-9
455
220
-231
-235
27
282
210
-181
-123
118
19
-69
174
201
155
206
-126
-211
287
374
-177
-30
397
109
-276
90
336
242
378
-6
-454
-196
430
421
-85
-404
-155
238
-137
-473
106
237
-568
-472
321
35
-544
-56
-77
-467
8
46
-530
-244
135
-287
-355
31
20
-255
-361
-239
54
-7
-322
-155
120
-65
-78
-59
-129
32
138
17
20
25
-66
17
174
98
-132
-85
164
265
110
21
106
106
18
124
66
50
329
226
-164
10
255
81
54
261
187
106
266
-21
5
325
184
-68
111
423
76
-117
202
238
62
246
350
-107
-155
359
252
-181
134
382
6
-177
-13
148
95
95
108
-92
-46
140
46
-100
68
136
-168
-255
66
86
-264
-160
195
-52
-494
-346
-96
5
53
-143
-411
-359
-115
-123
-174
-68
-104
-243
-348
-366
-82
158
-196
-567
-157
19
-343
-139
248
59
-360
-324
-54
6
77
155
-53
-329
-156
143
-37
-154
271
208
-314
-251
186
220
130
164
-69
-158
104
319
182
-85
33
389
138
-332
26
461
202
-131
-12
215
189
-74
-104
223
330
18
-174
4
293
292
56
-82
73
365
66
-277
-19
533
474
-256
-383
174
344
-99
-126
212
229
10
-144
-195
142
318
-124
-307
99
348
-52
-394
-135
141
-79
-294
-258
-9
40
-242
-264
-57
-41
-175
-157
-192
-134
23
-116
-233
-128
-26
-76
-36
23
27
108
-4
-238
-28
273
67
-69
2
157
204
64
-53
34
170
55
1
124
255
127
-88
-80
95
216
69
-69
-8
74
67
61
59
-14
80
79
-47
-21
71
129
-5
-75
19
63
23
115
113
-15
7
-64
-16
123
120
51
-51
-88
15
98
2
-29
26
84
33
-46
6
64
-56
-225
-29
223
166
-151
-246
-25
82
-22
-135
7
130
-39
-263
-168
23
101
-150
-385
-119
117
-119
-328
-144
-31
-170
-387
-276
153
227
-173
-418
-199
9
-91
-124
33
156
158
-39
-190
-20
189
196
109
69
157
123
-143
-120
237
304
96
-27
-78
-6
183
215
39
-111
5
27
-143
-56
177
209
6
-250
-151
166
160
-36
-63
56
88
-88
-178
132
359
98
-145
-71
122
127
6
-9
88
173
53
-147
-87
129
63
-61
-39
5
19
-50
-125
-66
7
25
-44
-131
-58
83
75
-67
-102
-3
58
36
28
82
82
68
6
17
122
92
-8
-11
23
12
-17
-99
-25
57
-16
-57
-73
-35
34
-20
-147
-74
21
10
-5
-7
42
2
-74
-47
72
201
132
-55
6
164
73
-37
49
93
122
67
-37
10
50
9
-33
35
127
69
-91
-128
-28
31
-53
-71
57
57
-102
-115
-51
-45
-80
-99
-64
-57
-72
-36
-47
-54
5
-36
-105
-58
6
-10
-71
-149
-90
17
-8
-34
1
-37
-85
-98
-83
-70
-29
13
-34
-50
20
-17
-125
-73
-49
-16
-31
-78
-20
84
62
-24
8
-11
18
85
105
114
108
58
-25
17
128
150
108
70
48
73
74
32
87
130
44
-2
22
-17
6
69
72
86
52
12
35
41
51
62
27
17
27
90
86
36
60
63
30
-1
23
61
52
18
14
23
-8
-65
-74
-62
-28
-43
-116
-100
-28
-5
-85
-190
-152
-74
-60
-123
-146
-79
-75
-115
-129
-104
-16
63
-50
-166
-81
9
-37
-102
-70
43
84
-72
-126
28
72
-34
-96
-31
68
66
5
37
104
81
-24
-72
-7
92
93
32
8
36
54
-9
13
111
108
-3
-36
17
90
144
112
93
85
50
6
56
148
184
152
84
92
122
118
93
92
108
64
22
38
84
140
104
2
-69
-67
-27
-5
20
23
-10
-59
-92
-104
-58
-15
-79
-122
-81
-89
-79
-30
-30
-84
-153
-196
-197
-122
-46
-38
-76
-105
-130
-154
-136
-94
-72
-81
-116
-154
-120
-72
-73
-69
-79
-96
-133
-146
-93
-20
17
4
-19
-41
-60
-38
9
42
67
61
26
7
64
105
71
28
19
29
21
37
61
98
113
100
56
36
78
111
108
73
95
142
148
114
109
133
119
94
102
146
180
170
142
134
120
91
56
63
89
92
74
44
42
50
56
33
60
84
51
37
26
8
-20
-13
-3
-17
-20
-40
-58
-52
-67
-90
-80
-94
-114
-95
-116
-126
-104
-134
-175
-181
-167
-154
-140
-139
-159
-152
-138
-145
-134
-110
-112
-140
-128
-106
-86
-72
-81
-87
-73
-57
-61
-40
-18
-38
-45
-41
-17
20
41
29
7
-8
-15
13
48
55
57
58
38
26
41
47
70
97
96
79
76
118
131
114
109
117
143
154
158
168
165
118
83
83
92
141
174
134
108
107
89
80
91
94
79
61
51
58
62
64
37
-4
-10
-13
-4
12
-2
-27
-46
-72
-87
-59
-38
-49
-96
-140
-159
-156
-123
-100
-87
-94
-130
-151
-162
-154
-127
-110
-115
-114
-121
-144
-135
-115
-130
-153
-153
-112
-100
-107
-81
-63
-74
-86
-90
-76
-34
-6
-11
-25
-21
-5
-1
-1
30
64
55
21
7
31
62
70
76
98
108
101
84
94
134
158
156
150
150
158
157
141
126
147
171
160
157
169
170
147
127
98
71
81
93
92
88
99
85
45
21
31
42
37
42
43
51
49
31
15
2
-5
-18
-34
-56
-61
-67
-93
-105
-105
-100
-100
-128
-160
-172
-177
-190
-188
-169
-169
-186
-194
-193
-191
-177
-161
-142
-122
-105
-86
-81
-86
-89
-89
-82
-65
-53
-53
-51
-34
-27
-27
-36
-44
-46
-43
-31
-17
-4
12
21
16
20
35
42
35
36
56
65
70
83
90
90
94
95
99
115
126
122
127
133
136
137
128
120
114
104
100
112
128
131
125
123
116
112
114
110
107
105
96
86
79
68
60
58
46
41
37
19
6
2
-8
-26
-39
-46
-55
-62
-62
-67
-66
-61
-63
-74
-95
-114
-127
-136
-139
-130
-116
-111
-102
-99
-114
-128
-126
-121
-123
-114
-97
-92
-97
-92
-82
-83
-82
-79
-70
-54
-34
-19
-10
4
5
3
4
8
10
13
20
23
23
23
24
36
35
24
18
16
21
28
40
52
58
44
26
26
31
32
42
64
80
87
94
99
103
107
104
96
94
91
84
76
68
62
57
51
50
53
48
32
15
1
-8
-8
-5
0
-5
-13
-18
-18
-13
-13
-10
-8
-15
-24
-37
-41
-40
-47
-56
-65
-71
-67
-70
-79
-82
-83
-94
-102
-96
-88
-90
-94
-98
-99
-97
-83
-65
-53
-38
-29
-23
-14
-9
-2
7
15
17
20
25
29
32
29
30
33
27
24
27
36
49
58
57
53
50
48
55
64
68
67
56
46
39
45
53
61
62
53
45
39
43
41
35
32
27
22
13
8
11
13
17
16
9
5
5
3
10
19
21
21
18
11
11
7
1
-3
-5
-10
-14
-11
-12
-22
-31
-34
-32
-30
-33
-39
-47
-54
-60
-62
-58
-49
-50
-57
-61
-57
-48
-37
-23
-13
-6
-5
-3
-5
-6
-8
-9
-7
-2
1
0
-4
-10
-15
-12
-9
-7
-9
-11
-14
-16
-16
-13
-10
-4
2
4
0
-3
-4
-3
-3
3
16
26
28
30
31
26
22
18
15
16
17
14
11
7
-2
-7
-5
3
9
11
6
1
-1
-6
-11
-9
-3
-2
-3
1
5
3
-2
-6
-7
-3
-3
-5
-7
-8
-4
2
3
11
14
6
-4
-5
1
1
-3
-2
-2
-6
-9
-11
-13
-7
0
-3
-5
1
9
12
11
12
12
9
12
24
34
36
29
23
23
28
37
49
53
50
43
37
35
35
29
21
14
10
6
3
1
0
-1
-3
1
7
12
15
11
0
-6
-7
-1
1
-1
-2
-5
-11
-20
-22
-20
-21
-21
-23
-27
-31
-33
-36
-45
-48
-48
-45
-44
-42
-37
-34
-34
-38
-35
-28
-20
-18
-18
-16
-14
-14
-9
-3
-2
-4
-12
-17
-20
-24
-26
-29
-28
-27
-25
-20
-19
-22
-25
-27
-20
-9
2
3
1
-1
0
1
12
29
40
44
42
42
43
41
40
44
45
47
49
48
49
47
41
28
25
24
22
25
28
31
30
28
27
30
34
39
41
36
33
31
25
18
19
17
12
5
-4
-8
-8
-14
-20
-29
-35
-41
-48
-48
-48
-44
-40
-39
-38
-37
-35
-29
-26
-26
-24
-21
-17
-15
-12
-9
-10
-12
-8
-7
-8
-6
-11
-17
-18
-24
-31
-30
-28
-24
-21
-21
-20
-17
-13
-11
-5
4
5
5
3
3
3
3
5
9
14
21
25
30
34
33
31
25
24
21
20
14
10
11
10
7
13
24
32
35
33
34
37
36
36
37
37
39
37
36
35
35
34
29
25
20
13
11
13
16
13
9
2
-6
-14
-20
-22
-22
-20
-20
-23
-29
-32
-34
-36
-36
-35
-32
-29
-32
-35
-43
-51
-51
-51
-52
-47
-44
-45
-46
-48
-44
-40
-35
-34
-35
-34
-26
-21
-17
-11
-7
-6
-6
-4
-3
-3
-3
-2
-2
-2
-3
-5
-9
-10
-11
-9
-3
2
3
4
5
8
9
8
13
15
18
26
31
29
31
35
43
49
56
62
65
69
66
60
56
54
50
45
38
34
32
30
30
29
28
24
22
20
23
25
22
21
17
14
11
9
6
4
4
6
5
4
-2
-5
-10
-16
-21
-20
-18
-19
-21
-24
-28
-34
-38
-38
-38
-35
-34
-32
-31
-32
-33
-34
-34
-34
-33
-37
-37
-35
-35
-37
-39
-41
-38
-37
-33
-27
-24
-18
-16
-12
-11
-9
-9
-6
-5
-4
-1
-5
-6
-4
0
2
7
13
18
19
18
18
14
13
11
13
14
13
13
13
17
23
26
31
36
41
43
41
41
41
43
44
44
45
41
34
30
26
26
28
25
20
15
10
6
3
1
-1
-2
-5
-6
-10
-14
-19
-21
-22
-20
-18
-18
-19
-21
-23
-28
-31
-30
-29
-28
-26
-29
-33
-33
-33
-34
-34
-32
-30
-29
-32
-35
-33
-29
-29
-26
-19
-13
-8
-7
-4
-3
-1
1
2
5
6
5
2
-1
-1
-1
2
5
6
7
5
3
-1
2
7
11
11
13
16
20
19
17
16
16
19
20
23
30
34
34
35
36
34
33
30
26
18
15
16
18
19
20
24
26
26
28
28
29
30
32
31
29
27
15
3
-4
-2
2
5
5
5
4
2
-1
-4
-2
-1
-1
-3
-8
-15
-20
-23
-24
-22
-19
-20
-21
-19
-18
-19
-21
-21
-21
-22
-27
-30
-30
-33
-36
-40
-43
-43
-41
-40
-44
-44
-43
-42
-40
-35
-26
-19
-16
-13
-10
-8
-9
-9
-6
-2
1
3
6
5
7
12
12
13
14
15
15
11
11
11
7
3
3
3
3
7
9
15
18
23
25
27
29
29
27
26
30
30
28
28
26
26
24
21
19
19
18
19
22
23
19
15
13
12
11
12
9
7
6
6
3
2
2
2
2
3
2
2
2
1
0
0
-1
-5
-9
-14
-15
-17
-19
-22
-23
-23
-22
-22
-21
-20
-23
-25
-24
-18
-17
-16
-17
-15
-15
-16
-18
-19
-17
-13
-9
-8
-7
-5
-3
-2
-1
2
3
4
6
4
4
4
2
2
4
5
7
5
4
6
9
13
12
14
16
14
14
14
13
12
11
9
6
7
6
8
8
9
11
14
14
9
9
8
6
4
2
1
-2
-4
-6
-7
-7
-8
-7
-4
-1
-5
-6
-8
-11
-10
-7
-8
-9
-11
-13
-16
-14
-11
-7
-6
-7
-6
-7
-8
-5
-6
-7
-9
-9
-8
-8
-9
-8
-8
-9
-9
-5
-2
-2
-2
-2
-1
2
4
3
5
6
6
6
7
8
9
9
9
12
16
17
15
14
15
17
19
21
20
19
15
12
12
9
5
1
1
2
3
2
1
2
0
-1
2
3
3
-1
-4
-5
-6
-8
-8
-10
-10
-12
-12
-15
-16
-13
-14
-13
-13
-11
-6
-5
-7
-6
-4
-6
-6
-7
-4
1
2
2
3
3
6
8
9
12
15
14
11
6
3
3
1
0
-3
-3
0
-1
-3
-5
-4
-4
-3
3
4
7
6
4
1
3
2
-1
-3
-2
-1
1
1
1
-1
0
-1
-2
-2
-3
1
3
2
0
0
-1
-3
-3
-5
-3
-1
1
2
1
1
2
1
-1
-5
-5
-5
-3
-4
-7
-8
-9
-11
-12
-15
-16
-14
-14
-15
-13
-14
-13
-12
-12
-12
-11
-11
-10
-9
-9
-6
-3
-2
0
0
3
3
4
4
5
6
9
6
5
5
7
7
9
10
10
10
12
15
19
22
20
19
18
20
19
20
22
22
20
17
17
17
17
16
13
14
13
14
15
11
7
3
0
-1
0
0
1
-2
-1
0
-2
