-2
-1
-1
-1
-1
-2
-3
-4
-3
-4
-4
-4
-5
-5
-5
-5
-5
-3
-1
0
-1
-1
1
2
2
1
0
0
0
1
2
1
3
4
4
5
4
3
4
3
3
1
2
4
3
3
3
6
6
6
7
5
4
5
5
5
4
4
4
3
4
3
2
1
1
-1
1
0
0
0
0
0
0
0
1
1
0
-2
-4
-5
-4
-3
-3
-3
-1
-3
-2
-2
-3
-5
-5
-5
-6
-6
-6
-5
-5
-5
-5
-4
-5
-4
-3
-2
-2
-2
0
0
0
0
0
-1
-1
-2
-3
-3
-1
-1
0
1
2
1
1
1
0
0
0
-1
-2
-3
-3
-1
0
0
0
0
2
3
5
6
5
4
4
4
4
4
6
8
10
9
8
7
5
3
2
0
-2
-3
-2
-3
-3
-4
-4
-5
-6
-6
-7
-6
-5
-5
-4
-3
-2
-1
0
0
-1
2
4
4
4
4
5
4
2
2
0
-2
-4
-3
-4
-5
-8
-10
-12
-12
-14
-12
-8
-10
-9
-5
-1
1
2
3
4
4
5
8
10
10
8
10
10
6
4
5
4
2
4
4
3
1
-4
-5
-5
-4
-6
-3
1
4
5
7
8
8
9
8
11
12
12
13
13
12
7
4
4
4
2
-1
-6
-11
-13
-12
-12
-12
-9
-6
-7
-8
-6
-4
-5
-5
-2
1
1
3
4
4
-1
-4
-2
1
-1
-5
-3
-3
-6
-8
-6
-5
-8
-10
-7
-3
-7
-8
-5
0
-1
-6
-9
-7
-7
-7
-5
1
8
13
20
24
19
8
-3
-4
0
3
5
7
12
18
17
11
7
4
-7
-18
-11
-1
-6
-10
-5
-6
-10
-7
-5
-4
3
6
4
9
13
7
-1
-1
-2
-10
-9
0
1
-1
4
6
5
6
2
-3
-5
-6
-9
-2
10
15
10
7
3
-4
-9
-14
-17
-15
-6
0
1
0
-1
-7
-12
-6
0
-2
-4
2
8
5
4
7
10
7
7
7
3
-3
-9
-6
0
-1
-11
-14
-7
-11
-21
-16
-6
-8
-8
8
11
3
0
4
1
-1
8
14
21
29
24
15
25
29
14
9
15
4
-9
-4
2
-12
-20
-9
-2
4
7
-1
-11
-14
-18
-22
-6
14
6
0
15
17
10
13
18
11
7
10
9
4
-5
-14
-24
-19
-11
-5
-3
-3
-6
-14
-21
-23
-18
-21
-21
-16
-6
0
0
5
8
14
16
8
7
19
3
-22
-15
4
0
3
29
20
-2
3
3
-9
-5
2
-7
-7
-1
-13
-21
-15
-16
-13
6
17
16
22
24
-2
-14
-4
1
-6
10
33
22
1
0
6
2
-8
-9
3
4
-10
-23
-12
3
-9
-17
2
15
3
-6
10
19
-4
-7
24
42
25
11
9
3
0
-4
9
27
6
-22
-9
-3
-38
-57
-46
-35
-40
-38
-17
18
6
-26
7
43
22
7
49
69
35
10
18
15
-2
-19
-19
8
7
-37
-37
14
3
-44
-1
45
1
-29
-14
-15
-37
-43
-26
4
21
16
22
54
48
4
-22
-15
-14
-35
-11
36
7
-28
-5
-4
-34
-25
13
25
31
32
55
62
13
-8
18
-7
-43
-24
-1
9
18
5
-4
17
-28
-91
-40
-10
-83
-81
15
16
-37
-14
29
9
-1
16
26
65
86
58
71
104
46
-6
35
38
-35
-55
-28
-45
-42
-28
-32
-25
-28
-54
-31
9
-25
-56
-25
15
5
9
59
83
36
2
23
43
33
6
18
76
82
13
8
47
-10
-88
-61
-20
-16
-61
-89
-26
-3
-73
-87
0
7
-47
-3
60
49
13
-20
5
53
3
-13
95
115
1
-22
43
14
-88
-92
-7
-7
-59
-46
-3
0
-40
-51
27
89
2
-65
33
58
-73
-59
83
60
-20
53
134
78
-33
-58
2
4
-99
-117
11
25
-100
-75
51
17
-98
-78
76
92
-24
1
104
78
-31
-39
65
82
-44
-42
77
75
-13
-9
76
40
-87
-128
-72
-73
-116
-112
-13
46
-28
18
114
71
4
39
69
84
74
73
113
126
84
-5
-11
-10
-95
-131
-34
-24
-86
-68
-42
-85
-103
-86
-101
-100
-65
-23
36
94
91
101
137
116
103
120
131
129
104
33
12
45
-37
-134
-68
-43
-169
-187
-118
-107
-96
-76
-98
-57
-5
-61
-68
58
90
16
84
187
150
127
158
153
174
106
0
0
-16
-70
-69
-26
-8
-57
-129
-76
-52
-170
-208
-139
-143
-139
-93
-27
40
29
11
44
92
75
40
128
252
216
151
176
161
61
-7
-38
-36
-82
-128
-89
-62
-80
-121
-157
-114
-104
-139
-65
-35
-21
42
71
102
126
95
102
152
149
105
66
66
66
43
41
-3
-83
-114
-172
-255
-217
-182
-169
-74
-8
32
55
45
52
48
29
36
17
36
137
126
104
148
96
23
6
-71
-103
-60
-99
-121
-109
-83
-86
-114
-97
-53
-28
-58
-58
2
55
95
138
140
152
128
33
38
135
89
1
74
120
98
78
11
-43
-85
-161
-190
-152
-85
-23
-71
-65
12
-60
-130
-67
-12
31
63
77
182
219
180
191
170
98
54
-38
-79
-5
-22
-59
-51
-1
-34
-122
-138
-138
-179
-140
-124
-131
7
102
63
42
112
98
46
97
165
137
100
68
4
51
42
-99
-114
-16
-88
-130
-9
-6
-36
-31
-89
-87
8
-72
-102
6
2
-84
-76
36
20
64
175
71
11
60
-59
-76
-23
-107
-60
-6
-93
-5
62
-17
-34
-22
-21
17
15
61
219
231
97
6
25
-59
-133
6
81
33
37
-21
-24
70
-37
-114
7
-7
-85
-52
32
16
-29
15
21
4
43
-1
-40
76
32
-125
-61
20
-90
-48
57
0
-27
-38
-64
22
18
6
49
-16
10
3
-35
22
3
4
47
6
18
8
38
84
-27
2
74
-112
-73
28
-32
7
-21
23
120
44
44
23
-46
-25
-170
-138
39
-54
-12
101
75
52
-124
-153
-3
-94
-82
159
156
152
141
104
130
-14
-113
-82
-22
76
40
63
145
11
-47
-106
-153
-138
-209
-74
57
-1
115
109
-2
54
-14
-39
-27
14
154
113
52
84
48
62
0
-100
13
-56
-31
51
-5
162
57
-221
-37
27
-126
-30
-19
18
19
-68
-43
29
-36
-150
-182
-47
23
-117
2
123
-19
7
76
18
60
36
-9
30
24
-19
-95
-48
12
-97
-66
95
67
16
44
-24
-63
-50
-66
13
46
-36
69
140
43
24
41
-48
-13
64
16
21
75
43
-63
39
78
-93
-14
112
-56
10
148
-10
-25
52
-46
-59
-59
-156
-117
-53
-93
-35
28
43
-28
-58
-7
-60
-43
23
-6
1
135
25
-33
122
78
16
109
78
30
85
46
-30
-69
-18
-64
-133
32
-39
-168
34
-44
-107
56
-27
-43
77
-31
-41
-38
-137
-158
-85
-27
48
121
98
118
122
89
79
58
75
127
86
121
176
83
9
-20
-59
21
0
-2
53
30
19
-85
-169
-66
-180
-276
-143
-113
-73
-13
72
152
47
44
159
14
68
161
-142
-73
157
-54
28
190
66
41
55
23
-16
-68
-6
-120
-141
68
-85
-126
15
-60
-73
-27
-85
4
-6
-30
79
-4
-17
40
-87
-63
37
-11
23
3
67
60
-149
5
11
-225
-39
-15
-223
-26
96
-20
112
160
41
53
98
118
35
5
137
-78
-139
153
8
-100
129
134
9
19
61
-11
-94
-14
-48
-153
2
88
-58
31
144
-24
-87
-15
-19
-50
0
143
33
-95
51
-65
-174
23
-31
-103
39
-1
-58
29
8
-122
-123
-62
-84
-99
37
119
76
109
107
134
111
42
90
65
-33
14
19
46
7
-11
33
14
-3
-40
-3
-80
-27
-36
-156
-12
-71
-332
-44
61
-204
28
240
54
56
259
70
-63
142
28
-135
159
135
-95
163
186
-67
41
80
-22
-37
-62
-78
-146
-159
-113
-72
3
21
-6
92
127
-77
-69
42
-147
-113
-17
-66
-30
13
-81
-68
120
10
-85
227
154
-134
119
8
-137
37
-80
-57
151
35
-71
50
23
-31
-53
48
184
106
72
136
57
-88
-155
-56
-13
-54
141
99
-9
131
-41
-189
-98
-278
-278
-37
-84
-4
98
4
18
-12
-11
120
-32
19
210
42
18
132
7
-22
88
-46
-85
93
67
-60
97
200
-52
-109
107
-166
-154
64
-103
84
144
-29
88
68
-121
-165
-149
-81
-145
-145
136
77
-100
38
19
-193
-71
-52
-181
157
198
-56
116
235
-116
-115
144
-30
-4
212
148
29
181
18
-109
172
65
-104
143
-12
-148
-17
-167
-129
-44
-38
-2
87
125
-34
-86
-5
-7
-110
-20
44
-69
8
132
27
47
71
40
10
58
-15
-128
108
-141
-178
154
-81
-102
71
-23
121
116
-13
76
81
3
-26
-51
22
-143
-132
16
-19
119
174
-12
82
-19
-363
-196
-250
-153
29
-3
86
139
29
44
44
-23
108
21
66
125
-3
104
-52
-145
120
30
-11
140
28
76
98
-41
-9
-110
-76
-24
-12
174
208
-99
-56
37
-223
-109
-44
-125
-19
12
-62
-9
-81
-161
-127
-54
-45
-31
114
80
17
171
119
-58
88
91
-110
35
36
-18
87
71
135
18
13
121
-19
29
199
-10
-108
-1
-98
-100
-5
-135
-106
116
40
34
43
19
-121
-263
-60
-130
-115
-63
-78
74
45
-40
-88
-37
24
-15
63
169
102
45
4
29
-22
-4
60
93
268
318
214
153
108
-143
-207
-187
-304
-85
32
27
123
92
19
-56
-97
-49
-35
-80
-19
68
105
73
30
-90
-77
-68
-80
36
56
64
-68
-71
-18
-160
-269
-140
-69
-63
35
148
217
124
84
118
-3
-63
95
-29
47
160
50
56
119
61
25
95
23
-67
22
68
-180
-151
-111
-266
-176
-92
-123
24
71
-88
-14
69
-58
-147
-8
93
-12
69
100
92
146
100
17
87
104
110
194
266
206
29
36
-15
-30
-27
-55
-178
-144
-74
-138
-92
-56
-192
-255
-217
-277
-242
-165
-95
-78
9
22
-29
89
118
149
275
186
155
228
139
177
213
126
4
25
12
-16
-83
-31
-2
-82
-81
-186
-151
-180
-112
-17
-41
-33
34
-62
45
247
215
176
65
86
82
-17
53
87
-72
-33
-23
-71
-68
-88
-220
-247
-150
-272
-260
-106
-72
40
121
142
143
130
127
193
259
245
197
267
118
83
127
-95
-103
-31
-54
-89
-13
-1
63
-98
-167
-213
-366
-299
-225
-111
60
49
-4
-36
-51
-53
-58
209
218
75
286
46
-109
127
-109
-167
104
-13
-79
182
147
184
173
-17
-152
-203
-259
-138
27
182
68
4
73
-22
-30
12
43
16
76
17
-31
-40
-69
-185
-165
-112
-46
-60
54
131
166
222
67
-62
-91
-173
-83
-54
79
192
129
35
-45
5
0
89
85
-8
6
39
-69
5
-67
-119
-202
-294
-144
150
233
105
117
137
-87
-146
-60
-107
90
143
15
95
86
-67
-30
47
38
-34
-7
-43
-93
-49
-197
-226
-29
-234
-133
191
110
140
281
213
121
74
-105
-89
36
154
90
200
294
43
-172
-24
107
9
-19
1
-49
-154
-39
-187
-159
82
-115
-239
204
51
-232
154
55
-87
-5
-97
-87
60
19
102
104
124
-25
-103
37
-93
-38
78
109
197
-173
-258
100
-135
-10
321
35
121
39
-281
-32
-15
-77
-65
-75
114
-8
13
60
-172
-216
-336
-235
-63
-24
276
379
74
23
-82
-153
-133
-78
193
427
225
104
52
-33
-119
-228
-97
-66
62
99
-55
131
55
-389
-145
35
-274
58
280
169
251
112
-85
-137
-85
-156
15
211
406
89
53
119
-257
-196
-181
-132
-229
-31
-48
-125
116
145
-179
-55
137
-154
57
333
62
162
212
-67
-11
4
-56
-57
107
206
131
28
107
-165
-143
-33
-146
-189
42
-30
-239
52
-53
-152
61
88
-37
-32
91
-31
-10
80
-164
-141
-33
-129
65
241
238
294
144
176
239
194
74
274
136
-116
-62
-229
-213
-144
-170
-187
-146
-132
-130
-191
-123
-108
-137
-207
-83
52
16
263
213
186
339
393
341
390
530
370
199
39
-98
-349
-408
-407
-542
-275
-286
-488
-380
-309
-288
-313
-235
-10
-228
-145
170
112
339
280
319
528
526
467
558
727
474
296
129
-30
-49
-227
-361
-378
-239
-427
-507
-194
-273
-370
-205
-208
-113
-30
-258
-205
-119
-83
-107
122
452
216
189
313
281
220
242
250
320
236
35
-4
-97
-52
-169
-241
-12
-118
-122
14
-181
-135
-143
-286
-231
-138
-103
35
124
39
58
15
-88
-92
94
194
208
232
192
126
73
-85
-73
155
-2
-2
177
73
45
-121
-149
-11
-38
-136
-39
105
-117
-205
-169
-12
-16
-106
-82
119
119
-15
86
50
-16
-68
45
151
242
140
43
124
127
24
10
199
100
21
59
86
36
-85
-150
-182
-52
-52
-63
-63
-85
-98
-241
-48
30
-107
69
88
-140
1
90
-54
-70
-89
-49
33
132
34
88
207
15
-61
200
221
25
7
42
37
-20
-122
-36
60
-54
-88
-25
85
-138
-325
-185
-67
-77
-159
-58
71
-60
-108
-43
127
178
-15
67
337
313
145
137
59
-50
-125
-140
32
50
-155
-220
-201
-164
-245
-309
-127
-96
-150
-90
6
49
-64
-115
-43
69
94
74
120
212
216
124
154
127
43
135
174
189
264
103
-36
-55
-88
-99
-15
-3
-55
51
105
62
37
18
-86
-123
-62
4
63
150
138
114
166
70
-33
-12
-24
-111
-108
-20
-1
-147
-302
-375
-395
-302
-284
-234
-72
-147
-331
-314
-290
-344
-350
-360
-209
-2
73
126
235
193
77
114
272
371
445
569
600
632
655
493
431
464
426
474
593
651
553
414
269
176
104
83
73
69
59
-26
-106
-196
-325
-408
-437
-453
-410
-354
-390
-455
-497
-579
-615
-570
-584
-538
-444
-472
-475
-446
-485
-534
-486
-445
-433
-408
-421
-457
-553
-637
-681
-635
-480
-344
-179
121
310
334
417
539
728
935
1135
1429
1661
1781
1815
1825
1783
1657
1512
1408
1367
1243
1070
822
510
179
-211
-489
-683
-857
-974
-1004
-1023
-1096
-1211
-1305
-1349
-1344
-1208
-981
-748
-543
-409
-414
-403
-405
-407
-383
-336
-221
-159
-158
-223
-402
-619
-817
-950
-1014
-979
-946
-965
-985
-998
-893
-723
-499
-222
133
528
819
1053
1202
1287
1388
1561
1867
2226
2453
2532
2486
2285
1963
1542
1198
951
697
582
482
273
-42
-464
-926
-1211
-1284
-1293
-1135
-883
-728
-641
-603
-681
-782
-760
-669
-437
-29
242
375
389
183
-54
-230
-381
-423
-389
-413
-468
-566
-799
-1136
-1441
-1667
-1779
-1759
-1625
-1467
-1341
-1241
-1177
-1034
-769
-462
-143
375
1036
1486
1677
1783
1833
1870
2004
2257
2582
2831
2775
2540
2374
2094
1516
938
508
154
-53
-182
-253
-458
-940
-1448
-1705
-1761
-1683
-1490
-1252
-976
-743
-610
-530
-454
-419
-350
-56
346
682
918
913
770
554
292
169
118
32
-56
-205
-384
-610
-988
-1406
-1751
-1980
-1979
-1818
-1617
-1521
-1570
-1619
-1619
-1407
-1036
-631
-259
295
1082
1593
1662
1641
1727
1839
1968
2261
2722
3039
2864
2456
2331
2067
1385
715
334
167
-66
-354
-472
-651
-1206
-1913
-2204
-2086
-1974
-1869
-1584
-1114
-770
-684
-582
-283
-79
66
434
1033
1554
1669
1563
1551
1414
1004
718
622
511
257
-33
-229
-521
-1087
-1707
-2123
-2399
-2640
-2757
-2697
-2543
-2458
-2452
-2259
-1822
-1411
-972
-449
326
1329
1919
2073
2232
2489
2697
2856
3157
3531
3693
3445
3040
2894
2496
1540
647
120
-194
-465
-876
-1272
-1619
-2269
-2950
-3101
-2946
-2780
-2528
-2146
-1549
-973
-701
-552
-264
86
505
1240
2132
2665
2745
2543
2376
2259
1995
1757
1538
1202
789
394
-55
-714
-1553
-2286
-2705
-2968
-3181
-3236
-3310
-3553
-3646
-3407
-3042
-2660
-2195
-1611
-937
-234
466
1552
2424
2540
2592
2994
3468
3743
3755
3798
3913
3672
3191
2893
2547
1583
382
-407
-712
-1019
-1536
-1951
-2229
-2706
-3393
-3681
-3372
-3034
-2737
-2207
-1368
-556
-141
162
649
1113
1486
2071
2982
3588
3611
3420
3254
3021
2486
1944
1595
1194
601
-11
-536
-1251
-2254
-3096
-3525
-3787
-4068
-4275
-4311
-4391
-4535
-4399
-3872
-3264
-2802
-2185
-1316
-509
223
1011
2220
3354
3666
3733
4183
4607
4564
4373
4453
4604
4230
3444
2971
2665
1588
166
-733
-1272
-1819
-2471
-2818
-2775
-3144
-3898
-4108
-3780
-3425
-2931
-2168
-1276
-402
222
628
1200
1841
2234
2787
3579
4140
4379
4138
3721
3406
2747
2029
1581
1072
339
-515
-1363
-2048
-2865
-3897
-4516
-4707
-4991
-5229
-5068
-4942
-5013
-4939
-4493
-3547
-2629
-2070
-1319
-274
647
1638
2496
3541
4798
5122
4842
4984
5362
5249
4786
4627
4690
4435
3401
2300
1927
951
-778
-1817
-2101
-2376
-3015
-3627
-3628
-3708
-4448
-4807
-4147
-3367
-2843
-2025
-1043
-19
670
789
1325
2406
2982
3307
4031
4688
4859
4399
3665
3472
3188
2210
1516
1168
396
-871
-1990
-2694
-3257
-4038
-4853
-4923
-4839
-5246
-5368
-5261
-5200
-4892
-4437
-3561
-2324
-1338
-825
-340
534
1410
2366
3025
4092
5679
5865
4980
4618
4715
4433
3778
3727
4316
4219
2805
1467
1193
254
-1513
-2469
-2498
-2388
-2928
-3728
-3758
-3828
-4677
-5178
-4306
-3050
-2264
-1579
-734
460
1154
1117
1524
2604
3485
3899
4542
5380
5480
4518
3534
3538
3431
2534
1820
1308
382
-990
-2217
-2847
-3412
-4289
-5070
-5221
-5094
-5368
-5498
-5436
-5395
-5045
-4413
-3434
-2368
-1523
-919
-598
69
1246
2301
2845
3528
5020
5738
5025
4341
4345
4453
4067
3792
4328
4519
3176
1357
736
606
-484
-1828
-2223
-2048
-2621
-3834
-4242
-3972
-4272
-5020
-4669
-3143
-2040
-1871
-1659
-486
661
765
1198
2849
4364
4556
4413
5042
5462
4822
3904
4042
4643
4067
2860
2098
1324
-240
-2122
-3080
-3293
-3827
-4769
-5336
-5384
-5780
-6494
-6804
-6524
-5820
-5144
-4365
-3155
-2035
-1464
-1342
-926
229
1560
2510
3399
4717
5913
5915
5054
4494
4556
4624
4452
4656
5066
4474
2647
1074
612
306
-775
-1956
-2209
-2275
-3132
-4158
-4432
-4334
-4828
-5214
-4357
-2785
-1989
-2090
-1664
-315
780
1253
1968
3470
4634
4726
4919
5589
5827
5206
4540
4659
4914
4238
2840
1599
493
-1077
-2601
-3349
-3766
-4615
-5765
-6521
-6645
-6706
-6968
-7025
-6685
-6084
-5315
-4385
-3168
-1988
-1339
-953
-110
1248
2528
3360
4161
5253
6256
6321
5582
5125
5069
4960
4740
4670
4586
3705
2021
727
327
2
-937
-2086
-2857
-3365
-4020
-4614
-4623
-4337
-4483
-4664
-4094
-2968
-2085
-1717
-1134
63
1263
2064
2858
3840
4598
4957
5224
5627
5814
5373
4812
4668
4491
3688
2439
1088
-309
-1645
-2804
-3604
-4165
-4958
-5912
-6613
-6978
-7005
-6848
-6608
-6210
-5622
-4878
-3917
-2740
-1619
-712
41
817
1801
2786
3573
4193
4780
5414
5972
5932
5085
4194
3830
3793
3661
3183
2474
1527
370
-431
-594
-744
-1547
-2527
-3175
-3515
-3693
-3748
-3542
-3225
-3156
-3074
-2600
-1885
-1174
-506
274
1215
2074
2554
2765
3073
3512
4095
4846
5296
5095
4272
3317
2800
2574
2165
1513
668
-547
-1884
-2866
-3538
-4273
-5084
-5570
-5516
-5353
-5357
-5265
-5076
-5027
-4819
-3958
-2626
-1418
-588
144
965
1554
1861
2265
2755
3090
3326
3950
4974
5392
4352
2741
2020
2145
2165
1847
1702
1593
810
-327
-652
-301
-680
-1792
-2305
-1958
-1675
-1932
-2117
-1872
-1942
-2417
-2335
-1413
-551
-360
-307
205
923
1242
1281
1573
1948
2153
2612
3406
3879
3377
2220
1580
1761
1889
1469
900
243
-756
-1747
-2197
-2214
-2476
-3154
-3573
-3428
-3326
-3550
-3673
-3469
-3158
-2856
-2294
-1257
-350
-212
-327
118
954
1381
1244
1153
1454
1703
1604
1922
2862
3014
1695
333
347
1111
1182
755
967
1380
850
-117
-89
642
548
-331
-615
-42
113
-599
-990
-612
-561
-1279
-1671
-1132
-567
-716
-884
-259
371
30
-536
-183
730
1124
1206
1763
2453
2336
1637
1560
2066
2002
1275
888
1107
1032
303
-259
-300
-570
-1484
-2278
-2297
-2073
-2295
-2697
-2652
-2320
-2389
-2633
-2294
-1498
-1146
-1446
-1479
-778
-173
-331
-531
-48
482
264
-113
484
1768
2069
1098
441
873
1394
1327
1485
2268
2527
1542
600
1149
2230
2073
1066
589
632
231
-503
-563
-96
-330
-1349
-1881
-1486
-1131
-1437
-1708
-1261
-678
-696
-910
-597
7
329
620
1327
2028
2050
1549
1385
1840
2193
2139
1997
1773
1288
704
414
398
191
-483
-1221
-1473
-1421
-1573
-2008
-2446
-2638
-2603
-2500
-2222
-1861
-1880
-2250
-2301
-1643
-759
-432
-768
-1153
-1224
-1117
-876
-344
475
1312
1671
1255
604
449
757
1132
1624
2378
2889
2452
1499
1284
1887
2186
1818
1492
1464
1205
551
132
214
46
-719
-1330
-1202
-858
-957
-1293
-1292
-985
-926
-1152
-1141
-824
-573
-358
140
812
1100
895
779
1139
1662
1940
1990
1870
1517
1164
1165
1409
1399
895
168
-346
-550
-585
-655
-985
-1596
-2248
-2599
-2556
-2396
-2471
-2786
-2990
-2858
-2613
-2572
-2632
-2517
-2276
-2062
-1687
-1022
-487
-389
-287
580
1823
2129
1377
875
1437
2329
2776
3068
3409
3133
2039
1434
2312
3504
3373
2185
1235
832
455
189
551
987
432
-846
-1531
-1238
-917
-1171
-1480
-1391
-1279
-1481
-1566
-1160
-706
-582
-440
52
568
680
617
888
1408
1752
1808
1721
1571
1342
1146
1123
1160
962
440
-165
-623
-965
-1310
-1701
-2068
-2362
-2631
-2808
-2795
-2737
-2820
-2956
-2842
-2392
-1900
-1630
-1452
-1125
-767
-622
-552
-239
206
332
158
219
785
1351
1249
697
432
649
934
1168
1659
2161
1975
1211
1005
1909
2989
3268
2982
2694
2325
1784
1604
2124
2554
1993
774
-38
-152
-86
-167
-305
-551
-1194
-2046
-2408
-2047
-1568
-1473
-1566
-1534
-1441
-1399
-1165
-596
-47
140
156
273
411
443
480
690
933
908
616
354
253
183
42
-161
-429
-807
-1195
-1315
-1116
-1012
-1330
-1860
-2169
-2117
-1870
-1618
-1441
-1516
-1936
-2350
-2233
-1585
-960
-773
-894
-996
-946
-656
61
1073
1698
1553
1168
1331
2066
2812
3233
3410
3310
2872
2487
2663
3201
3324
2731
1896
1388
1213
1119
1110
1043
589
-260
-937
-1011
-669
-407
-459
-709
-1057
-1353
-1311
-818
-237
-27
-297
-741
-1009
-948
-611
-133
213
117
-395
-938
-1111
-899
-582
-391
-432
-772
-1300
-1656
-1539
-1106
-773
-787
-1054
-1354
-1505
-1348
-877
-378
-221
-441
-732
-788
-548
-168
206
465
493
338
223
312
519
607
499
356
293
276
249
215
170
-7
-341
-642
-666
-408
-142
-98
-174
-144
39
333
753
1321
1845
2102
2176
2355
2710
3049
3225
3330
3374
3211
2830
2449
2239
2051
1694
1202
663
47
-655
-1275
-1654
-1897
-2217
-2641
-3060
-3421
-3693
-3781
-3588
-3253
-3016
-2913
-2743
-2401
-1977
-1565
-1097
-557
-81
292
676
1094
1372
1453
1512
1723
1978
2082
1984
1743
1389
976
648
453
264
-93
-598
-1092
-1480
-1791
-2077
-2315
-2463
-2548
-2595
-2588
-2497
-2356
-2151
-1796
-1245
-600
-24
434
864
1346
1904
2529
3165
3689
3966
4000
3952
3976
4042
4027
3866
3553
3080
2479
1856
1320
840
309
-293
-877
-1402
-1884
-2282
-2530
-2638
-2699
-2755
-2781
-2749
-2636
-2426
-2076
-1644
-1237
-903
-618
-317
28
396
747
1042
1229
1286
1260
1240
1235
1176
1021
802
533
187
-195
-531
-818
-1109
-1417
-1670
-1847
-2011
-2172
-2238
-2187
-2106
-2013
-1815
-1469
-1071
-722
-381
29
461
855
1247
1676
2081
2350
2481
2565
2639
2640
2529
2377
2204
1971
1659
1293
924
529
82
-357
-721
-1005
-1275
-1559
-1800
-1941
-1984
-1957
-1858
-1700
-1512
-1315
-1077
-756
-382
-32
268
560
866
1150
1376
1558
1699
1780
1804
1799
1757
1640
1442
1199
955
686
374
56
-237
-513
-793
-1058
-1294
-1489
-1666
-1787
-1826
-1822
-1819
-1809
-1725
-1540
-1292
-1025
-747
-479
-251
-36
244
586
908
1141
1282
1388
1459
1498
1531
1567
1588
1544
1413
1215
974
710
445
196
-29
-254
-508
-780
-1051
-1279
-1436
-1547
-1643
-1706
-1723
-1719
-1697
-1630
-1494
-1314
-1130
-917
-648
-355
-78
170
417
657
880
1100
1311
1505
1646
1725
1755
1758
1733
1668
1567
1426
1244
1029
803
575
335
74
-184
-408
-586
-728
-825
-888
-951
-1017
-1059
-1032
-964
-876
-768
-656
-537
-442
-357
-259
-168
-95
-27
64
176
265
327
388
442
488
527
588
657
694
710
723
732
711
664
602
517
410
276
138
3
-138
-281
-425
-573
-726
-862
-961
-1025
-1078
-1138
-1171
-1162
-1127
-1063
-966
-831
-692
-566
-433
-265
-79
88
234
388
539
656
720
768
823
861
872
864
846
796
705
602
525
470
403
309
203
95
-15
-112
-180
-234
-315
-428
-531
-600
-644
-683
-705
-710
-713
-721
-706
-638
-551
-469
-374
-238
-61
127
299
462
629
789
937
1095
1256
1381
1445
1464
1475
1471
1410
1305
1182
1038
848
628
407
168
-104
-374
-593
-771
-951
-1137
-1289
-1396
-1470
-1509
-1502
-1464
-1428
-1400
-1330
-1201
-1048
-912
-797
-672
-522
-359
-200
-46
90
186
257
354
478
582
645
676
701
700
666
624
598
553
465
363
271
169
43
-87
-186
-249
-314
-376
-399
-378
-353
-330
-284
-215
-136
-38
106
280
432
538
621
713
813
918
1025
1102
1120
1076
1008
951
894
822
727
616
489
339
169
6
-125
-246
-373
-497
-614
-715
-808
-884
-928
-948
-973
-1003
-1014
-998
-971
-941
-882
-805
-746
-711
-672
-612
-539
-460
-372
-282
-216
-161
-93
-6
83
152
207
252
286
322
352
382
406
419
420
414
415
417
407
392
377
373
358
331
313
301
292
291
300
310
315
308
297
295
297
301
300
290
276
259
238
209
180
163
148
128
95
56
14
-24
-36
-28
-20
-34
-62
-82
-105
-137
-155
-147
-144
-171
-214
-261
-318
-385
-441
-469
-481
-505
-542
-588
-633
-681
-703
-683
-636
-591
-563
-540
-502
-450
-375
-277
-170
-74
4
80
170
262
348
428
513
583
626
651
672
686
696
701
696
664
597
517
438
370
311
260
200
123
26
-75
-159
-221
-254
-266
-262
-267
-285
-300
-296
-258
-197
-117
-26
49
99
132
174
235
298
358
409
438
436
416
394
364
330
287
231
145
35
-77
-181
-276
-363
-437
-512
-609
-704
-774
-819
-833
-815
-777
-742
-710
-670
-614
-539
-454
-351
-245
-150
-59
29
113
187
259
332
399
455
494
519
530
539
537
526
505
476
431
375
329
282
223
159
101
57
10
-43
-93
-130
-157
-172
-167
-152
-138
-128
-114
-80
-17
54
118
171
212
240
279
343
412
457
473
473
459
426
391
373
348
291
224
157
81
-11
-110
-193
-270
-352
-434
-512
-586
-660
-718
-760
-785
-801
-819
-827
-816
-780
-730
-674
-603
-521
-438
-353
-251
-135
-19
97
221
334
418
485
548
606
658
698
726
721
681
622
565
510
453
391
316
222
118
15
-75
-145
-197
-241
-273
-302
-328
-344
-344
-320
-270
-205
-125
-40
35
102
175
263
356
446
526
587
622
640
659
657
628
575
510
436
341
233
117
-15
-157
-297
-425
-544
-661
-770
-864
-943
-1002
-1041
-1064
-1059
-1029
-979
-909
-823
-720
-613
-492
-357
-203
-41
114
258
391
508
615
713
797
856
885
882
855
809
751
677
579
467
347
223
94
-24
-127
-218
-300
-371
-424
-460
-483
-484
-452
-402
-345
-281
-199
-105
-13
78
175
278
366
445
519
587
634
656
667
665
638
588
523
444
343
230
124
21
-95
-219
-335
-440
-538
-622
-679
-713
-736
-753
-754
-738
-706
-657
-592
-512
-425
-337
-250
-163
-75
20
110
190
269
341
393
428
451
462
458
440
418
384
335
276
209
134
55
-18
-82
-142
-196
-243
-281
-313
-335
-334
-318
-299
-269
-225
-172
-113
-61
-8
52
117
176
237
293
341
370
381
385
391
390
376
353
321
274
212
151
100
50
-5
-62
-111
-150
-185
-219
-246
-265
-275
-273
-260
-242
-226
-212
-190
-156
-118
-88
-56
-28
-4
20
49
82
104
113
118
121
118
113
108
106
99
77
53
31
10
-15
-30
-32
-31
-42
-58
-66
-68
-75
-80
-66
-49
-42
-44
-40
-28
-26
-32
-20
1
12
6
5
10
6
-7
-12
0
4
-14
-30
-43
-54
-69
-77
-73
-73
-81
-91
-91
-88
-85
-79
-62
-45
-32
-22
-9
-2
2
15
35
53
63
65
59
55
58
68
77
81
87
98
101
98
98
105
116
129
143
151
150
145
144
152
157
158
158
160
159
148
137
129
122
115
108
104
92
69
40
20
5
-9
-25
-46
-73
-105
-137
-160
-178
-200
-222
-245
-261
-271
-279
-284
-289
-294
-291
-281
-270
-260
-245
-231
-210
-188
-166
-144
-121
-98
-75
-57
-32
-10
4
13
32
51
61
63
69
73
69
67
75
84
87
88
94
101
104
110
121
132
146
163
175
182
190
200
212
225
240
248
247
246
247
248
241
230
220
209
194
176
158
138
112
86
60
30
1
-29
-61
-93
-122
-148
-173
-198
-221
-244
-267
-287
-299
-305
-310
-314
-314
-312
-310
-301
-286
-267
-246
-224
-204
-183
-163
-142
-115
-84
-52
-23
2
21
40
59
84
111
135
156
176
188
192
199
212
228
235
237
236
226
206
188
182
177
164
149
131
112
93
75
60
43
26
7
-9
-24
-34
-39
-43
-41
-39
-33
-25
-17
-13
-10
-3
2
9
15
20
19
9
-5
-18
-35
-53
-72
-96
-123
-152
-180
-208
-233
-252
-260
-268
-281
-289
-291
-290
-286
-272
-243
-211
-176
-142
-105
-64
-23
27
86
151
207
255
298
341
387
428
469
500
516
518
513
502
481
457
424
386
337
279
214
144
75
5
-62
-125
-183
-249
-313
-365
-402
-429
-452
-465
-469
-467
-460
-439
-406
-373
-334
-287
-235
-187
-141
-97
-55
-23
7
34
51
59
67
77
79
76
70
64
52
41
31
16
-1
-13
-23
-32
-38
-43
-47
-52
-49
-33
-10
10
33
58
87
120
161
204
240
274
308
338
363
387
410
424
429
428
423
410
385
359
329
291
245
194
137
76
11
-55
-125
-195
-261
-326
-387
-439
-479
-516
-550
-574
-582
-580
-569
-549
-519
-479
-436
-389
-336
-274
-217
-165
-111
-49
7
50
89
128
162
189
219
255
280
290
297
300
295
286
279
271
255
230
202
175
144
116
91
74
56
39
24
9
0
1
13
36
59
76
92
116
144
168
186
209
225
233
230
225
217
198
171
142
112
72
19
-40
-98
-161
-220
-277
-331
-382
-429
-470
-505
-533
-550
-553
-543
-522
-494
-460
-416
-365
-310
-248
-184
-116
-54
8
73
138
196
247
293
328
356
376
396
410
407
391
367
338
304
266
225
181
134
85
42
4
-33
-68
-93
-105
-106
-101
-94
-75
-49
-23
7
47
86
121
158
199
237
261
275
287
295
295
291
279
260
226
179
129
77
22
-38
-101
-162
-222
-283
-339
-392
-440
-479
-500
-506
-507
-506
-497
-476
-439
-396
-342
-284
-228
-173
-117
-56
4
58
107
149
188
221
245
259
268
268
258
243
223
202
170
133
95
56
16
-24
-57
-87
-116
-138
-155
-162
-163
-158
-143
-118
-87
-53
-15
25
67
106
151
198
242
278
308
332
351
363
369
375
376
362
337
306
272
235
196
155
112
63
8
-45
-91
-135
-173
-208
-236
-260
-274
-284
-289
-287
-278
-263
-246
-225
-201
-178
-155
-130
-100
-76
-58
-44
-32
-25
-20
-18
-21
-26
-36
-53
-71
-87
-104
-120
-137
-151
-165
-179
-190
-195
-196
-196
-187
-170
-151
-130
-104
-75
-46
-12
28
69
109
147
183
218
249
280
311
339
359
368
369
366
364
361
357
346
331
310
285
260
235
210
184
158
127
96
66
40
16
-5
-21
-40
-59
-82
-104
-124
-141
-156
-165
-175
-185
-196
-207
-217
-231
-244
-256
-272
-285
-297
-306
-316
-321
-320
-318
-316
-311
-302
-293
-275
-248
-217
-190
-164
-133
-101
-68
-34
4
35
59
79
104
122
140
158
176
190
198
209
214
216
216
220
228
231
232
229
223
219
219
225
232
237
242
250
259
267
275
279
277
272
267
261
253
236
219
196
171
142
109
71
24
-25
-71
-117
-163
-210
-256
-303
-348
-386
-416
-442
-462
-473
-479
-479
-470
-450
-427
-402
-365
-323
-282
-245
-203
-158
-121
-90
-61
-35
-18
-5
9
20
20
15
15
18
18
16
13
4
-7
-14
-12
-7
4
22
51
81
119
166
216
259
299
343
382
413
441
471
496
512
520
523
515
490
458
424
382
325
265
202
134
67
10
-43
-95
-147
-191
-231
-269
-299
-317
-322
-323
-317
-302
-282
-264
-239
-209
-172
-134
-99
-70
-45
-31
-19
-14
-17
-28
-45
-73
-110
-146
-179
-216
-259
-293
-326
-360
-396
-418
-424
-427
-422
-400
-370
-335
-300
-247
-183
-119
-50
30
114
192
263
332
397
452
502
548
583
603
605
595
570
531
486
428
361
286
207
130
56
-9
-63
-109
-148
-179
-205
-227
-244
-245
-233
-212
-182
-144
-95
-46
7
67
121
165
205
243
274
295
313
332
343
334
327
283
192
85
-40
-164
-261
-335
-385
-400
-403
-416
-422
-423
-485
-576
-650
-735
-793
-774
-702
-586
-426
-266
-114
14
93
128
142
142
145
185
261
359
466
570
636
657
631
558
455
322
199
96
4
-53
-79
-89
-82
-71
-84
-102
-122
-198
-279
-324
-367
-386
-331
-236
-65
153
333
491
578
551
456
349
217
144
161
239
385
587
747
811
780
577
273
-19
-276
-436
-448
-357
-235
-102
-34
-84
-177
-314
-483
-602
-643
-615
-505
-384
-275
-202
-233
-315
-384
-417
-378
-253
-86
73
183
233
205
119
11
-71
-93
-49
58
203
329
385
364
245
64
-108
-279
-388
-386
-339
-238
-102
-18
12
5
-62
-150
-228
-269
-223
-154
-70
70
197
256
318
366
342
329
343
319
323
379
381
387
422
366
287
234
128
49
44
30
40
72
48
14
-2
-72
-151
-217
-320
-379
-382
-359
-258
-133
-10
119
182
169
147
67
-77
-158
-176
-189
-136
6
103
202
289
243
162
60
-118
-239
-263
-270
-196
-71
8
77
83
15
-60
-150
-244
-283
-272
-247
-202
-143
-111
-122
-110
-127
-129
-57
-12
53
134
125
126
139
81
68
99
119
233
352
424
488
447
321
151
-53
-211
-286
-309
-245
-128
-1
75
142
164
50
-71
-174
-296
-328
-246
-132
22
171
243
266
258
177
93
38
-34
-14
27
32
139
184
130
121
64
-64
-113
-123
-156
-96
1
35
49
87
9
-73
-112
-219
-240
-184
-188
-79
52
11
71
70
-77
-116
-152
-244
-204
-128
-73
49
129
153
156
130
50
-24
-36
-28
9
100
181
205
233
181
96
69
-37
-124
-133
-115
-77
-35
23
27
-24
-78
-107
-187
-222
-180
-213
-144
-41
-2
55
131
67
33
6
-75
-50
-45
4
94
147
137
127
127
84
16
-68
-33
-28
-95
32
102
40
48
95
-14
-46
51
65
21
140
212
80
95
133
43
-29
176
171
-17
202
162
-91
43
-26
-172
-88
-45
-50
26
101
71
-38
-80
-152
-268
-111
-71
-33
80
156
102
27
12
-144
-186
-156
-128
-124
21
60
-70
-48
-108
-232
-318
-160
-102
-161
99
158
0
53
19
-178
-76
-120
-194
58
53
56
200
116
-3
76
-94
-205
-20
-60
26
269
302
232
257
169
-20
-41
-6
51
79
163
278
284
291
192
135
-24
-102
-35
-62
64
280
257
181
209
-50
-162
-225
-244
-139
-62
46
47
13
-103
-209
-242
-320
-337
-193
-123
-72
11
-6
-31
-210
-288
-205
-361
-219
22
-13
50
162
0
-173
-17
-83
-135
36
114
85
132
176
190
141
3
27
-146
-267
-93
-176
-77
67
-7
8
6
-6
-41
-64
9
23
-54
133
166
204
331
315
324
265
96
175
200
150
302
290
214
253
79
-4
162
-46
38
125
-72
36
90
-96
-26
-2
-204
-205
-160
-200
-70
-20
15
24
-97
-57
-116
-176
-172
-122
-120
-207
-144
38
-153
-60
91
-200
-163
-133
-321
-234
-118
-307
-151
-79
-200
-118
35
4
-36
52
-103
-178
-71
-66
-17
219
348
189
196
269
-16
-12
164
69
4
326
187
107
406
129
62
207
32
13
190
188
261
333
195
120
204
103
44
155
178
36
65
64
-33
30
-12
-29
-10
-73
-172
9
-213
-268
41
-298
-288
73
-221
-219
84
-294
-377
-214
-424
-403
-151
-127
-168
-162
-131
-257
-412
-195
-282
-179
57
-160
-33
-30
-225
-151
-41
-63
-9
115
95
262
189
176
260
11
117
228
69
281
425
125
380
380
93
240
184
109
190
205
276
304
268
313
177
140
69
-108
29
117
6
345
194
-59
157
-253
-289
-112
-325
-118
-21
-78
-80
-156
-91
-101
-255
-208
-189
-354
-171
-91
-84
46
-14
-247
-202
-181
-184
-211
-107
18
-309
-118
-93
-494
-99
0
-332
28
73
-250
-90
41
-103
46
212
198
88
320
382
123
268
361
81
331
496
239
498
300
-13
106
-11
-105
67
78
122
127
31
68
-15
-97
0
-34
48
132
144
209
115
132
67
-76
-25
6
-73
97
107
54
101
-82
-252
-351
-377
-316
-210
-56
-93
-116
-106
-172
-332
-257
-224
-435
-163
-172
-238
-40
-60
-211
-112
-181
-280
-193
-225
-91
-71
60
100
-58
80
43
30
116
223
344
291
348
397
274
162
210
-86
-42
152
17
100
292
-37
-134
89
-251
-14
134
17
76
84
137
-30
120
155
7
225
271
252
385
351
182
170
10
-53
-30
-96
-11
8
-89
23
-34
-175
-52
-204
-225
-125
-269
-238
-172
-254
-164
-162
-269
-197
-201
-162
-132
-135
-149
-288
-247
-131
-135
59
210
-92
-30
-23
-339
-120
134
108
238
390
231
191
268
84
26
71
127
53
153
419
201
116
165
-63
-118
-8
-159
-75
124
61
45
152
112
71
41
-93
-79
-103
-63
65
60
182
220
17
8
-18
-25
-13
-77
26
68
-44
127
124
64
72
-147
-181
-44
-64
-52
4
-41
-44
-109
-63
-23
-119
-228
-294
-311
-241
-103
-64
35
18
-105
-61
-106
-30
-74
-83
41
-133
43
222
84
195
217
-46
-77
8
-78
26
199
189
174
140
28
-90
-41
27
-33
-10
109
53
64
125
31
97
53
-24
34
-42
89
36
-105
-2
-31
-11
133
90
3
50
-295
-225
-77
-117
63
78
30
-72
-85
-87
-162
-141
-34
-175
-115
58
25
128
135
-62
-60
-44
-222
-42
132
78
163
59
107
98
35
91
130
-25
-39
27
-87
42
59
-32
-49
55
-101
-77
66
-147
-153
-76
-72
29
215
335
220
226
142
-2
16
-57
50
173
92
252
230
43
-32
-142
-189
-223
-214
-111
-79
-70
-3
-43
16
-85
-31
-132
-197
-17
-98
-39
153
206
153
232
94
-165
-169
-321
-360
-123
-28
72
97
7
-33
-142
-177
-104
-156
-87
109
120
248
438
280
186
61
-67
-122
30
152
20
204
202
-69
-86
-28
-339
-293
-140
-238
-37
-32
15
97
-51
-3
34
-52
37
-28
-38
60
-21
142
212
59
257
117
48
196
-18
44
87
-12
87
121
13
149
-19
-33
106
-101
-26
-107
-168
-189
-221
-122
-193
-158
-132
-199
-243
-138
-134
38
62
10
290
80
137
290
118
22
124
17
5
248
130
171
62
89
-76
-154
-41
-196
-179
-202
-161
-154
-40
-25
-145
24
-144
-106
31
-47
148
79
101
166
100
80
168
20
80
146
-76
158
-49
-82
147
11
85
8
41
-277
-208
-228
-391
-105
-80
-26
-25
108
-79
-89
-46
-107
-192
-23
109
54
331
262
109
116
44
81
128
132
256
222
263
342
202
237
82
-101
-34
-116
-96
87
41
57
67
-150
-152
-410
-261
-218
-417
32
-78
-213
-25
-111
-339
-139
-205
-277
88
-62
202
213
142
201
9
10
76
56
98
238
213
341
180
254
177
3
97
-21
-23
-33
-91
-50
-104
-239
-129
-318
-325
-206
-347
-280
-217
-244
-244
-99
-117
8
-33
-47
162
-118
230
142
149
479
351
496
379
368
356
221
124
233
-9
-10
136
-82
89
102
-269
-166
-199
-390
-265
-249
-210
-250
-21
-38
-82
8
-8
-275
-109
169
-21
433
326
244
215
10
161
-119
-65
-2
-228
-120
25
-239
-142
-12
-365
-182
-109
-247
7
-142
35
-32
-340
122
-148
-95
273
-6
195
331
91
233
203
-57
97
51
-14
224
15
-14
12
-85
-141
19
-96
-106
102
48
233
10
135
-111
-212
-63
-138
63
69
140
202
54
63
91
-99
114
88
34
185
201
131
159
167
95
27
67
169
-89
201
66
-254
54
-142
-299
-139
-195
-281
-234
-300
-166
-230
-388
-19
-250
-177
129
-126
-28
148
-45
-35
136
17
88
-28
279
119
-1
191
-70
-190
-48
-35
-149
181
86
43
42
-58
-22
-182
-98
108
-28
19
218
-13
106
126
-100
54
58
64
-8
244
212
-41
53
8
-102
-74
35
-73
49
130
27
102
90
-4
21
-2
41
125
91
35
134
137
-35
164
78
-13
198
-14
28
65
-123
-38
-138
-237
-25
-230
-116
25
-169
-137
-55
-258
-324
-115
-283
-63
-83
-132
105
-207
-42
-85
-265
59
-82
-91
296
3
-73
238
-145
-64
115
16
59
218
209
20
178
82
-90
89
91
51
136
142
81
21
48
64
-102
16
87
-18
111
164
40
16
19
-117
14
-173
39
114
-158
199
-4
-119
212
-129
-119
175
-126
36
165
-71
138
82
-99
105
-59
28
184
77
168
158
-53
44
-171
-171
16
-436
96
-35
-406
115
-200
-275
-44
-243
-113
-111
-236
-60
-121
-195
37
-138
-112
97
-157
-12
164
-10
136
180
117
146
107
302
45
251
348
109
254
172
114
100
86
12
5
52
-8
-67
6
-138
-239
-66
-199
-232
-14
-192
-195
8
-185
-92
9
-218
121
33
-16
340
-49
109
189
-135
236
106
-16
230
46
12
46
-1
42
-104
-16
48
-212
21
103
-255
14
94
-273
10
-61
-218
33
-83
-21
41
52
76
32
57
67
-53
77
34
31
125
-15
137
11
2
10
53
35
-53
79
-69
-61
41
-109
-48
-56
-167
-94
-116
-140
34
10
-65
124
67
-48
134
32
3
209
-57
140
151
-52
166
-39
5
41
-153
-8
-101
-184
20
-162
-221
39
-259
-166
66
-185
78
87
-85
141
6
63
218
-34
234
217
-34
214
54
-55
61
-5
39
-31
92
20
-126
52
-14
-159
-33
13
-167
-24
119
-17
132
121
-122
26
-45
-117
10
-26
-54
-14
-81
-59
-26
-110
-34
18
-76
4
98
-37
98
88
-34
86
61
58
77
101
173
75
54
108
-75
-37
22
-130
-47
8
-156
-52
-39
-113
58
-96
-62
73
-194
-36
64
-167
18
22
-49
92
101
101
56
35
40
-25
-8
104
83
64
163
34
-47
19
-134
-98
-49
-63
26
23
-18
84
-47
-81
18
-222
-86
40
-97
43
210
-67
-30
39
-183
-7
-26
39
69
49
94
-72
-22
26
-104
-63
49
-28
-30
57
-11
-31
-55
-97
-41
-109
-14
149
-9
120
180
-46
162
113
17
210
161
178
220
100
99
57
-32
22
-69
-57
-36
-98
-156
-149
-163
-268
-216
-238
-196
-158
-130
25
-23
18
127
-10
53
105
-2
115
194
127
195
231
141
140
52
-33
-36
-121
-84
-32
-127
18
32
-114
18
-130
-182
-158
-256
-97
-88
-37
121
53
-4
144
-58
-130
27
-128
-43
92
61
121
131
28
40
-60
-57
11
-36
175
178
193
265
117
104
-38
-84
-22
-34
19
118
132
60
86
-52
-114
-63
-172
-106
-8
-21
71
65
16
22
-75
-114
-80
-77
10
1
104
78
11
40
-49
-76
-22
1
-50
103
13
-38
73
-90
-88
9
-74
-34
56
-20
3
55
-48
-11
4
-51
6
45
0
36
40
-51
-12
-113
-87
-88
-93
14
-67
-4
-19
-54
-57
-107
-76
-93
-60
-34
35
98
75
144
120
51
152
29
60
166
54
91
129
49
26
31
-71
-52
-65
-73
-117
-58
-69
-99
-89
-108
-71
-133
-53
-48
19
75
68
179
144
108
152
38
82
96
9
124
127
85
131
98
27
18
-77
-104
-73
-132
-80
-29
-102
13
-50
-84
6
-84
-57
-55
-78
-44
-46
-55
-8
-74
-49
-4
-53
25
45
12
67
33
-10
19
23
-57
4
-11
-25
44
13
111
57
72
61
37
-10
-40
-55
-72
-14
-26
-25
-38
-4
-60
-49
-3
18
-43
9
37
-89
8
-3
-68
20
25
-6
79
122
83
119
79
44
57
-33
17
33
7
74
77
45
74
3
10
-41
-51
28
-83
58
57
-45
42
16
-88
3
16
-56
42
40
0
29
-26
-56
-43
-99
-72
-37
-85
5
-24
-47
5
-63
-42
-73
-1
6
-34
97
75
43
83
39
-11
14
-50
-35
15
-13
-15
-47
-92
-159
-162
-181
-139
-95
-89
-29
8
-29
-6
-2
-67
-9
31
11
100
158
112
151
149
55
46
69
19
58
96
71
75
41
-4
-40
-59
-73
-75
-24
-3
50
62
62
71
37
7
69
35
54
127
104
92
83
68
11
16
20
6
-7
33
-19
-93
-43
-88
-164
-85
-42
-96
10
0
-32
2
-42
-32
-49
2
23
58
45
82
18
-48
-40
-120
-111
-105
-91
-110
-58
-79
-99
-95
-123
-128
-157
-95
-80
-60
30
45
63
89
69
51
53
44
42
57
39
61
44
6
15
2
-56
-27
-12
-59
25
38
38
74
94
88
61
103
90
89
156
179
180
212
202
170
151
98
75
19
3
-15
-33
-43
-32
-28
-77
-48
-84
-129
-84
-96
-136
-65
-109
-126
-94
-107
-78
-40
-1
25
31
57
49
-2
7
-23
-58
-42
-45
-41
-8
-56
-45
-66
-142
-131
-169
-201
-134
-160
-155
-106
-140
-103
-92
-73
-46
-33
-18
28
39
61
81
65
98
88
100
150
157
187
209
194
192
180
153
122
110
73
66
65
74
91
99
104
96
75
29
8
-14
-30
-38
-8
-16
24
43
33
61
12
23
-3
-16
12
-21
20
11
-18
-15
-57
-86
-83
-110
-87
-72
-92
-60
-105
-119
-144
-192
-215
-219
-215
-197
-131
-109
-56
-43
-51
-19
-52
-28
6
8
54
72
74
106
63
52
52
4
28
20
6
44
20
11
17
-20
-24
-29
-35
-11
18
58
83
111
128
129
136
127
129
109
134
126
120
156
137
149
156
138
105
101
40
7
-15
-69
-72
-84
-86
-83
-70
-95
-84
-112
-137
-115
-165
-138
-132
-159
-130
-110
-127
-102
-67
-80
-42
-20
-3
5
10
21
-4
5
11
-23
-3
11
1
43
42
52
52
21
36
9
-8
-2
-11
-20
0
12
1
33
19
11
17
21
-3
19
27
17
53
46
86
91
104
117
98
96
67
63
47
48
35
38
34
14
19
-15
-23
-29
-42
-66
-31
-48
-45
-16
-35
-12
-21
-6
-3
-6
0
-8
-20
-24
-18
-51
-33
-34
-55
-71
-70
-71
-111
-92
-93
-112
-108
-89
-93
-66
-35
-18
4
43
59
67
109
111
107
110
108
106
93
121
99
91
107
45
61
34
-11
-4
-42
-67
-70
-89
-89
-93
-89
-86
-68
-45
-28
2
17
21
33
30
26
26
21
45
30
57
63
65
74
61
37
-1
-23
-56
-58
-60
-35
-43
-38
-13
-51
-47
-50
-63
-44
-26
-20
20
21
22
19
-24
-22
-33
-43
-30
12
-2
13
34
-8
-9
-12
-52
-32
-36
-40
0
2
18
40
28
29
38
13
36
51
57
81
102
104
93
94
79
67
78
71
59
63
32
29
-8
-17
-33
-72
-61
-85
-111
-90
-96
-103
-80
-93
-80
-71
-67
-43
-22
-11
11
14
24
27
47
44
53
72
42
54
55
49
40
41
26
14
17
6
3
6
4
-2
0
-22
-23
-38
-50
-27
-41
-24
-23
-37
-26
-36
-37
-32
-38
-35
-26
-32
-22
-12
-12
-9
-28
-14
-35
-33
-21
-22
-9
-5
7
8
13
9
11
27
29
41
64
65
84
97
81
103
90
71
87
68
75
58
50
39
11
-11
-35
-47
-83
-86
-113
-127
-125
-127
-122
-112
-100
-117
-101
-94
-95
-62
-34
-9
38
63
82
102
103
112
114
117
132
128
134
125
105
89
63
49
23
2
-18
-37
-55
-75
-75
-87
-98
-91
-100
-98
-79
-79
-69
-61
-53
-48
-45
-29
-25
-10
11
34
51
79
87
95
96
85
86
79
78
66
65
44
40
25
-4
-17
-30
-69
-73
-89
-110
-104
-129
-130
-123
-124
-104
-89
-72
-31
-23
13
45
50
85
98
103
116
126
131
132
133
133
134
117
105
90
48
32
4
-34
-41
-67
-89
-99
-105
-114
-130
-124
-127
-135
-112
-99
-79
-53
-27
-1
10
41
50
57
91
100
112
133
128
135
103
76
67
27
12
7
-20
-27
-30
-53
-57
-74
-86
-89
-91
-85
-82
-72
-62
-53
-52
-50
-37
-38
-19
5
14
34
43
50
56
47
47
40
33
35
33
31
40
30
20
17
-9
-24
-47
-54
-64
-72
-65
-70
-64
-53
-44
-39
-28
-9
-19
5
25
15
38
54
55
66
76
76
89
86
82
78
74
70
64
51
32
26
-4
-17
-24
-42
-33
-45
-43
-54
-62
-70
-95
-90
-84
-84
-61
-34
-35
-3
13
9
42
42
52
76
73
82
80
71
63
45
29
19
10
5
-3
-8
-19
-30
-32
-60
-58
-56
-68
-53
-38
-31
-9
-3
4
5
-7
-6
0
17
15
30
35
23
28
12
3
4
-3
-4
1
-4
0
-11
-18
-24
-41
-47
-55
-50
-43
-30
-23
-11
-1
0
5
12
11
20
37
41
55
56
61
68
64
73
68
56
60
38
24
27
-12
-6
-16
-35
-20
-27
-24
-13
-18
-27
-19
-19
-23
-10
-10
-12
3
-3
-3
8
-2
0
2
4
3
-2
-10
-20
-27
-43
-50
-59
-62
-62
-65
-61
-55
-57
-56
-47
-46
-38
-28
-16
-3
7
23
29
41
51
49
50
43
32
24
20
11
7
0
-8
-8
-18
-22
-29
-28
-24
-18
-1
6
23
41
51
58
74
79
79
93
87
86
97
84
83
77
59
46
35
22
16
10
-7
-11
-22
-27
-39
-50
-56
-60
-67
-63
-57
-57
-48
-47
-43
-38
-37
-23
-14
-5
6
15
15
20
17
8
5
-2
-15
-25
-31
-45
-51
-59
-66
-71
-78
-70
-68
-65
-57
-56
-45
-30
-25
-6
3
12
37
34
52
59
51
63
59
56
64
60
56
60
48
46
44
37
33
27
20
19
22
18
14
11
3
5
4
-1
3
-2
-3
2
0
3
9
12
19
23
28
24
20
20
9
7
-4
-11
-12
-22
-26
-33
-38
-39
-43
-38
-38
-35
-32
-28
-21
-24
-20
-19
-21
-13
-19
-18
-17
-21
-18
-22
-21
-22
-24
-24
-21
-19
-20
-9
-12
-9
3
5
9
10
11
5
9
8
7
13
5
10
10
5
9
5
6
11
13
17
20
24
27
27
28
26
27
29
27
31
30
27
29
27
27
29
28
27
30
26
28
31
24
27
21
11
8
2
-5
-8
-11
-17
-20
-27
-34
-36
-38
-40
-41
-36
-32
-28
-24
-21
-19
-15
-12
-9
-4
-6
2
-4
-2
-2
-10
-10
-16
-20
-21
-21
-22
-21
-18
-20
-16
-16
-14
-10
-7
-1
0
7
10
12
15
14
13
10
9
6
5
5
9
9
12
9
8
7
3
1
-2
0
2
7
10
15
17
18
24
23
28
30
28
32
30
30
29
26
21
18
15
10
10
4
0
-7
-16
-24
-34
-39
-45
-51
-51
-53
-51
-47
-48
-43
-37
-29
-19
-13
-4
4
9
12
18
19
21
20
20
21
20
18
13
11
4
-1
-4
-11
-13
-17
-23
-23
-24
-27
-23
-23
-20
-14
-8
1
11
17
21
32
32
39
43
44
48
50
52
54
52
50
46
37
31
24
15
10
2
-5
-7
-12
-15
-18
-27
-26
-31
-32
-33
-32
-31
-29
-24
-18
-15
-12
-5
-3
1
5
10
15
23
23
21
20
12
9
6
0
-2
-9
-14
-16
-22
-28
-33
-39
-44
-44
-52
-47
-46
-44
-37
-35
-30
-26
-20
-15
-4
2
10
22
29
37
44
46
51
48
43
42
39
34
31
26
22
17
9
4
0
-7
-15
-17
-22
-23
-25
-27
-23
-23
-19
-14
-10
-6
-3
2
8
14
19
22
26
31
33
31
32
27
22
20
12
9
3
-3
-6
-12
-18
-20
-24
-23
-22
-26
-24
-21
-22
-18
-14
-12
-5
-2
-2
4
2
5
6
5
8
7
5
5
1
-2
-2
-5
-6
-7
-8
-8
-8
-6
-5
-6
-4
-5
-4
-4
-3
-4
-3
3
4
11
10
10
11
8
12
9
8
9
7
8
6
6
2
2
0
-2
-4
-6
-1
-2
-2
2
3
6
7
5
6
8
6
9
11
13
15
15
15
15
11
4
3
-1
-4
-5
-10
-8
-12
-12
-12
-14
-17
-18
-19
-22
-18
-20
-17
-15
-17
-14
-12
-11
-9
-7
-5
-1
0
1
7
7
10
13
14
13
13
12
9
8
3
4
3
2
0
-1
-2
-3
-1
-4
-1
-2
0
6
6
7
6
7
3
5
1
1
0
-3
-3
-5
-6
-10
-12
-12
-12
-12
-12
-8
-10
-8
-4
-4
-1
3
4
6
5
10
10
8
9
8
9
10
10
9
8
5
3
4
3
3
1
0
-3
-6
-5
-6
-10
-11
-11
-13
-11
-9
-8
-5
-1
1
1
7
5
8
9
9
12
12
14
13
12
11
11
12
11
9
7
6
3
-2
-2
-5
-7
-5
-8
-7
-8
-8
-9
-7
-5
-3
0
2
4
2
4
6
7
12
14
14
16
15
14
17
13
12
9
7
5
4
3
0
-4
-10
-13
-17
-20
-23
-28
-27
-26
-27
-23
-23
-19
-17
-13
-11
-6
-1
0
4
5
7
7
9
10
9
9
8
8
7
3
-2
-4
-6
-10
-9
-15
-15
-16
-19
-19
-21
-21
-17
-16
-14
-7
-6
-1
2
4
8
8
12
14
19
20
22
20
20
18
16
15
11
8
7
7
4
3
0
0
-2
-3
-4
-5
-6
-6
-4
-3
0
3
4
7
7
9
9
10
10
10
13
12
12
10
10
10
7
6
2
-1
-3
-7
-7
-10
-11
-13
-13
-12
-11
-10
-8
-6
-6
-3
-2
0
2
1
1
1
3
4
3
3
3
-1
-3
-2
-5
-5
-7
-9
-9
-11
-10
-12
-11
-10
-9
-5
-1
1
1
2
3
5
6
4
5
6
8
8
9
11
9
9
10
9
10
10
10
12
9
9
7
6
6
4
5
4
3
3
5
3
3
4
1
2
0
-1
-1
0
2
1
2
3
1
1
0
-2
-5
-5
-5
-4
-2
-5
-5
-4
-7
-8
-12
-12
-14
-13
-11
-14
-15
-18
-19
-20
-22
-21
-20
-20
-20
-20
-19
-17
-15
-15
-16
-13
-10
-8
-9
-7
-3
0
3
4
6
6
8
8
7
6
6
8
9
10
9
9
10
9
9
9
12
12
13
13
12
13
13
15
17
18
20
23
23
27
27
27
27
25
25
23
25
21
21
20
19
16
12
9
5
2
-2
-4
-7
-7
-7
-8
-10
-8
-8
-8
-7
-9
-6
-7
-6
-6
-7
-7
-10
-10
-12
-13
-12
-13
-11
-14
-17
-19
-21
-21
-22
-21
-23
-21
-18
-19
-16
-13
-13
-7
-7
-7
-4
-4
-1
0
2
2
5
6
8
12
11
14
12
11
13
8
9
10
9
9
9
7
9
9
6
6
5
4
3
3
4
6
5
5
5
5
5
5
4
2
3
0
-1
-2
-1
-4
-5
-8
-9
-11
-13
-15
-15
-15
-15
-13
-15
-15
-14
-13
-14
-13
-13
-11
-11
-11
-6
-6
-6
-4
-5
-3
-4
-4
-3
-3
-3
-5
-2
-3
-3
-2
