5
5
6
6
5
4
3
2
3
5
4
4
4
3
2
2
2
5
5
8
7
6
6
5
4
4
3
1
1
3
3
1
-2
0
-1
-4
-4
-4
-3
-2
-2
-3
-4
-5
-5
-5
-2
-3
-2
0
0
0
0
-2
-2
-2
-2
-4
-3
0
-1
-3
-2
-3
-5
-4
-4
-4
-3
-3
-1
0
0
0
0
-1
0
2
3
2
5
6
6
3
3
3
2
1
1
4
5
5
6
4
2
3
4
3
3
2
2
1
0
-2
-2
-1
-1
0
0
-1
-1
1
2
0
-1
-1
-2
-1
1
1
-1
-3
-3
-3
-4
-5
-6
-7
-7
-8
-10
-8
-7
-4
-4
-5
-5
-8
-9
-12
-11
-7
-6
-5
-2
0
0
-1
-1
-2
-3
-3
1
2
2
3
4
6
6
6
6
5
6
6
6
5
4
5
4
4
7
9
9
10
12
12
9
5
5
5
2
3
3
3
1
1
1
2
3
1
3
0
-4
-4
-2
-1
-4
-3
-4
-4
-4
-4
-2
-3
-5
-3
-3
-2
-1
0
0
-4
-3
-2
-3
-4
-4
-3
-2
-3
-3
-5
-4
-3
-3
-3
-4
-6
-5
-2
0
-1
-1
-1
-3
-3
-1
0
2
3
4
3
2
3
4
6
8
8
7
7
10
8
6
6
5
7
9
8
7
8
9
7
6
5
5
3
3
4
2
-1
0
2
2
1
-3
-3
-4
-3
-2
-2
-4
-3
-3
-2
-2
0
1
2
2
-1
-3
-5
-5
-7
-8
-7
-6
-5
-6
-9
-9
-9
-6
-7
-9
-11
-9
-9
-11
-9
-6
-4
-3
-2
-1
-1
0
1
4
2
3
5
5
5
3
3
3
4
6
5
2
1
1
3
3
2
2
5
4
1
0
0
1
0
1
-1
-1
-1
-3
-4
-2
-3
-3
-5
-3
-3
-1
0
0
0
0
2
1
-3
-1
0
1
-2
-2
1
0
1
2
1
-2
-2
-3
-2
-2
-4
-1
0
-1
0
0
0
-1
1
2
0
-2
-1
0
-1
2
1
2
3
4
5
4
4
2
3
4
6
8
6
7
7
7
4
4
6
8
8
7
8
9
11
12
9
5
3
7
8
5
4
4
4
5
3
2
0
0
3
2
0
-2
-2
0
0
-4
-5
-5
-4
-3
-3
-5
-6
-7
-7
-8
-8
-6
-6
-7
-7
-7
-6
-7
-7
-8
-9
-12
-12
-10
-11
-10
-10
-9
-9
-7
-5
-5
-3
-3
-4
-6
-5
-3
-2
-1
2
3
3
4
6
7
6
6
6
6
3
1
1
4
5
3
2
4
4
2
1
-2
-2
-1
-1
-2
0
2
3
2
0
1
0
-1
-1
1
2
1
-1
-2
-2
-3
-1
-1
-1
-1
-1
-2
-3
-2
-3
-3
-4
-5
-5
-5
-4
-2
-2
-2
-1
2
4
1
1
3
3
4
5
4
3
3
6
5
5
3
4
3
3
4
5
7
9
7
7
7
9
10
9
8
9
8
5
6
6
5
5
3
3
3
2
1
1
2
4
4
2
0
2
5
3
2
-1
-2
-2
-2
0
1
-3
-5
-4
-4
-4
-3
-3
-4
-7
-8
-5
-2
-2
-2
0
-1
-3
-4
-2
-3
-4
0
-2
-5
-6
-5
-7
-7
-4
-5
-8
-8
-7
-8
-8
-10
-11
-9
-10
-7
-6
-4
-3
-3
-1
0
-1
0
3
4
5
4
1
1
1
0
-1
-1
-1
-1
-1
-1
-2
0
0
2
3
0
0
3
3
2
2
1
2
4
3
1
1
4
7
6
4
3
1
2
1
1
1
1
0
0
-1
-3
-3
-2
-2
-4
-6
-5
-3
-2
-1
-1
-3
-4
-2
-4
-4
-1
-1
-2
-3
-1
2
3
5
5
5
6
5
7
7
6
7
8
8
6
7
10
6
3
4
5
5
4
6
8
5
2
2
1
2
3
3
4
5
5
3
1
1
3
1
0
2
2
2
2
0
-1
0
0
1
-1
-2
-3
-2
-1
-3
-5
-6
-5
-4
-5
-4
-2
-1
-1
-2
-1
0
-2
-3
-5
-5
-4
-2
-1
0
1
-1
-3
-4
-3
-6
-5
-3
0
1
-1
0
1
0
2
1
-3
-4
-4
-3
-2
0
1
2
-1
-2
-3
-4
-5
-4
-5
-4
-2
-2
-2
-3
-3
-3
-2
-3
-2
-3
-3
-3
-2
-2
-4
-4
-3
-4
-4
-4
-5
-7
-5
-2
-2
-1
1
1
3
4
2
2
1
-2
0
-1
1
2
0
-2
-2
-2
-2
-1
-1
-1
-3
-3
-2
0
-1
-2
-2
-1
0
0
2
2
3
3
2
2
3
7
9
10
10
13
13
10
9
8
6
7
8
10
9
7
7
8
7
3
4
5
4
3
2
2
2
2
2
3
1
1
2
0
0
2
1
0
-2
-3
-4
-4
-2
0
1
0
-2
-1
-1
-1
0
0
-1
-1
-1
-1
-3
-3
-2
-2
-4
-4
-3
-3
-2
-3
-3
-5
-7
-4
-4
-3
-3
1
0
-2
-1
0
-2
-1
-1
0
0
1
0
1
-1
-3
-3
-2
-2
0
1
-2
-4
-4
-4
-8
-6
-2
-2
-3
-3
-1
-2
-5
-3
-3
-6
-7
-5
-5
-6
-6
-3
-3
-5
-5
-5
-5
-4
-4
-2
-1
-1
-1
1
3
2
3
2
1
2
4
3
3
4
6
6
6
5
4
3
1
2
1
-1
0
1
2
2
2
1
3
3
6
8
9
11
11
8
5
4
5
6
7
7
4
2
5
5
3
1
2
0
-3
-2
-2
-2
-2
-1
-2
-1
-2
-2
1
-1
-3
-4
-1
0
0
-2
0
1
4
5
1
0
-1
0
0
0
-1
1
4
4
6
1
-2
-1
0
0
-1
-1
0
1
1
-1
-1
-2
-2
-3
-4
-4
-2
-2
-3
-5
-3
-2
-2
-1
-1
-1
-2
-1
0
-3
-4
-1
2
2
1
1
2
5
4
4
1
-3
-3
-4
-5
-4
-5
-5
-3
-2
-2
-1
-1
0
-2
-4
-5
-6
-5
-4
-4
-5
-6
-5
-3
-3
-4
-5
-4
-4
-1
-3
-2
-3
-3
0
0
-2
-1
1
0
0
1
2
3
4
4
3
3
3
2
3
4
2
2
2
2
3
5
5
5
4
5
5
4
4
3
3
1
-1
1
4
5
8
8
6
6
7
7
8
7
6
4
2
4
3
0
0
-1
-4
-3
-4
-3
-2
-2
-3
-4
-3
-3
-2
0
-2
-3
-1
0
-2
-3
-1
-2
-2
-3
-3
-2
-1
0
1
-1
-3
-3
-1
0
2
0
-1
-3
-5
-6
-7
-8
-8
-5
-5
-4
-1
1
-1
-4
-1
0
1
2
0
0
-1
1
1
1
1
1
1
0
1
3
3
1
2
4
2
1
1
4
5
5
5
5
5
6
6
4
0
0
-1
-1
-1
-1
0
-1
1
0
-1
-1
-1
-4
-7
-7
-5
-4
-1
2
0
0
-1
-2
-2
-3
-2
0
2
-1
-2
-3
-3
-2
-2
-3
-3
-3
-2
-1
-1
0
0
-2
-2
-1
0
2
1
0
-2
-2
-1
1
2
1
0
0
0
2
3
4
5
4
5
4
3
5
6
6
4
4
3
4
4
1
1
1
0
1
2
1
-1
-1
0
-3
-4
-1
1
2
3
4
1
0
0
1
1
2
1
0
-1
-1
3
3
3
3
0
-2
-1
0
-2
-3
-4
-2
-2
-1
-2
0
-2
-3
-3
-3
-5
-4
-2
-2
-5
-5
-3
-3
-3
-2
-1
-1
0
1
1
1
0
-3
-4
-3
-4
0
1
-1
-3
-4
-5
-5
-2
-1
-3
-4
-1
-4
-1
4
7
7
5
4
1
0
0
2
3
2
1
2
2
1
1
0
-2
-5
-4
-2
0
2
3
5
4
2
2
3
1
1
3
4
3
3
3
1
-3
-4
0
0
2
3
-3
-7
-6
-6
-8
-8
-7
-8
-5
-2
0
-1
-2
-1
-1
-1
0
2
5
7
8
9
12
11
9
8
10
9
9
8
5
3
2
2
2
1
3
2
0
0
-1
0
0
-2
-1
-1
-3
-2
-1
0
0
0
0
-2
-4
-5
-4
-4
-4
-4
-7
-8
-7
-6
-4
-1
1
0
-3
-1
-3
-4
-2
0
0
-2
-4
-4
-3
-3
-2
0
0
-1
1
1
0
4
6
6
4
5
6
8
6
6
7
6
4
6
6
3
2
1
3
2
-1
-1
-1
-2
-1
-2
-5
-6
-4
-4
-4
-3
0
-1
-4
-2
-1
-2
-3
-4
-2
0
0
1
0
0
0
-2
-3
-1
0
-2
-3
-3
-2
1
1
0
-1
-1
-5
-8
-5
-1
-2
0
1
0
0
1
2
1
-3
-3
-4
-4
-4
-4
-1
-2
0
4
2
2
2
2
0
-1
1
3
3
1
3
3
4
6
5
6
5
5
5
3
3
4
6
7
7
8
6
4
5
4
2
4
2
1
0
1
2
0
0
0
0
-2
-3
-4
-3
-3
-3
-3
-1
-2
-3
-2
0
1
-1
-1
-5
-7
-5
-6
-6
-4
-2
-2
-1
-1
-3
-5
-5
-3
-1
-1
0
0
1
0
-1
0
1
2
4
2
3
5
6
3
3
6
7
7
5
4
4
5
6
5
3
0
-1
2
4
2
1
0
-1
-3
-3
-2
-2
-1
-2
-4
-5
-5
-3
-1
-2
-2
-1
-2
-4
-5
-6
-6
-5
-6
-5
-6
-5
-3
-3
-4
-4
-5
-6
-8
-5
-4
-4
-5
-5
-5
-6
-5
-4
-3
-4
-2
0
-1
-1
0
-1
-2
-2
1
2
1
1
4
3
2
2
4
5
4
3
3
2
5
8
8
7
6
7
5
3
4
5
4
6
6
3
3
6
7
5
3
2
2
1
3
6
7
5
3
4
5
5
6
5
3
1
3
4
2
0
2
1
1
2
0
-1
0
1
1
2
0
0
-2
-4
-5
-4
-3
-5
-5
-5
-5
-7
-9
-9
-8
-7
-6
-6
-7
-7
-7
-4
-3
-5
-5
-4
-6
-5
-3
-3
-3
-2
-1
0
0
3
3
2
1
-1
0
0
0
0
1
-1
1
1
0
1
3
3
1
2
3
4
4
4
4
4
2
2
3
2
2
3
3
1
1
2
1
1
1
0
-2
-1
1
-3
-4
-3
-2
-1
-2
-3
-2
-3
-3
-5
-4
-3
-2
-1
-2
-3
-3
-3
-2
-1
0
0
0
1
0
-1
-1
-1
0
1
1
2
0
0
1
1
2
2
5
4
3
0
-1
-1
1
3
3
1
0
2
2
2
0
0
3
2
2
3
3
2
0
4
4
3
5
7
3
2
1
2
2
2
4
6
4
4
3
2
3
3
3
3
1
0
3
0
1
0
-3
-5
-7
-8
-8
-8
-9
-11
-11
-10
-7
-7
-7
-6
-6
-4
-6
-4
-4
-4
-3
-2
0
0
2
3
3
4
4
4
2
0
3
5
6
6
7
7
6
4
5
3
1
0
-1
-2
-4
-3
-1
-3
-4
-3
-3
-7
-9
-11
-14
-13
-9
-5
-4
-5
-2
-1
-2
-3
-2
-3
-2
-2
-1
-1
-1
-1
-1
-2
-3
-4
-4
-4
-4
-4
-3
-2
1
6
7
6
9
7
6
6
6
8
6
1
2
4
6
12
11
9
6
5
5
5
5
3
2
0
2
5
7
9
6
5
3
2
4
8
9
9
8
10
11
13
14
14
14
11
9
7
5
5
4
1
0
3
5
7
6
5
1
-3
-6
-7
-9
-9
-7
-9
-12
-10
-7
-5
-5
-4
-7
-10
-8
-6
-4
-3
0
1
-1
-5
-10
-13
-16
-19
-21
-24
-26
-28
-23
-20
-20
-20
-18
-19
-20
-20
-17
-16
-17
-18
-19
-19
-15
-9
-6
-4
-2
0
-1
-3
-2
0
2
3
6
9
11
17
24
24
26
27
30
32
33
34
34
35
36
34
34
35
38
38
37
37
34
33
31
28
27
24
22
20
23
25
21
19
16
9
4
-3
-10
-18
-24
-32
-41
-49
-56
-59
-67
-75
-76
-78
-78
-78
-76
-74
-79
-83
-88
-94
-98
-100
-98
-95
-93
-88
-80
-69
-58
-48
-34
-24
-18
-6
8
19
34
53
71
89
111
133
150
163
180
189
192
197
198
195
192
190
184
182
179
176
170
158
148
137
123
106
89
77
66
54
41
29
13
-5
-20
-33
-48
-68
-85
-104
-130
-155
-182
-211
-239
-266
-287
-309
-327
-342
-352
-363
-370
-369
-367
-372
-374
-373
-371
-365
-350
-332
-312
-281
-244
-202
-146
-78
-11
63
147
201
230
265
300
339
396
455
497
535
581
626
657
670
643
583
520
459
410
385
382
376
349
315
276
232
219
228
223
210
196
173
160
159
145
117
84
39
-13
-43
-69
-112
-152
-199
-277
-360
-435
-512
-587
-652
-723
-796
-850
-877
-884
-881
-871
-869
-868
-860
-846
-829
-809
-779
-742
-696
-623
-543
-471
-401
-328
-256
-168
-57
63
193
327
438
516
572
620
667
737
826
905
973
1036
1092
1133
1146
1112
1039
952
871
810
773
744
711
672
607
516
425
347
286
256
246
239
239
254
269
267
241
188
113
44
-6
-54
-90
-108
-128
-166
-220
-302
-419
-546
-660
-765
-856
-915
-957
-995
-1020
-1042
-1076
-1110
-1130
-1150
-1162
-1144
-1109
-1064
-994
-911
-838
-773
-709
-649
-597
-531
-461
-392
-313
-227
-147
-53
53
158
261
361
458
557
668
771
861
949
1027
1086
1140
1191
1227
1249
1264
1269
1255
1224
1178
1127
1074
994
896
810
734
649
555
466
378
285
213
165
119
83
78
79
76
76
44
-25
-77
-107
-155
-194
-215
-257
-310
-349
-412
-514
-607
-708
-823
-921
-997
-1062
-1100
-1118
-1150
-1198
-1244
-1277
-1295
-1291
-1250
-1176
-1103
-1034
-960
-899
-850
-786
-721
-679
-647
-614
-570
-513
-427
-314
-184
-46
75
156
206
273
380
515
691
899
1080
1211
1333
1445
1518
1585
1642
1637
1608
1611
1625
1662
1727
1734
1619
1423
1183
925
735
651
587
492
396
290
158
60
21
-45
-163
-267
-334
-378
-351
-250
-155
-113
-116
-191
-301
-368
-411
-463
-498
-533
-594
-647
-677
-717
-780
-858
-950
-1060
-1182
-1271
-1301
-1302
-1276
-1236
-1235
-1257
-1251
-1224
-1185
-1123
-1067
-1037
-971
-858
-753
-662
-575
-517
-500
-474
-417
-357
-307
-226
-64
141
354
540
641
646
637
688
860
1162
1420
1516
1562
1643
1732
1863
1992
1967
1786
1629
1600
1666
1771
1805
1669
1389
1054
741
531
464
445
349
178
3
-161
-271
-271
-248
-324
-467
-577
-647
-655
-559
-442
-396
-404
-447
-506
-481
-372
-295
-286
-337
-479
-641
-685
-636
-617
-654
-719
-819
-911
-920
-882
-917
-1041
-1155
-1208
-1203
-1108
-984
-950
-986
-1007
-1008
-979
-892
-799
-727
-608
-474
-390
-323
-259
-245
-276
-299
-275
-226
-162
-58
78
202
323
472
589
638
649
667
820
1149
1451
1565
1553
1508
1485
1591
1808
1913
1810
1654
1578
1599
1655
1654
1520
1232
868
531
292
218
260
253
124
-67
-269
-401
-380
-304
-338
-446
-519
-538
-477
-334
-209
-159
-156
-189
-237
-217
-116
-25
-22
-110
-290
-502
-602
-565
-524
-583
-716
-876
-1008
-1040
-998
-1020
-1154
-1302
-1381
-1368
-1262
-1127
-1089
-1170
-1250
-1239
-1132
-966
-818
-719
-636
-538
-444
-357
-283
-262
-277
-259
-192
-117
-55
-5
35
45
48
111
231
385
546
644
744
952
1155
1233
1243
1246
1241
1322
1534
1740
1833
1843
1830
1841
1815
1686
1488
1267
1052
869
701
582
551
506
372
198
1
-189
-257
-215
-208
-246
-284
-318
-285
-180
-98
-40
4
10
-1
-20
-46
10
80
48
-8
-100
-265
-328
-314
-419
-594
-776
-979
-1074
-1047
-1076
-1163
-1265
-1406
-1474
-1476
-1517
-1542
-1552
-1601
-1589
-1500
-1429
-1319
-1166
-1076
-996
-895
-840
-753
-616
-544
-460
-318
-240
-179
-99
-92
-82
6
86
158
191
147
201
415
646
906
1194
1339
1344
1323
1280
1275
1374
1510
1659
1823
1952
2109
2319
2420
2314
2000
1539
1134
900
802
851
984
997
855
665
440
212
74
5
-76
-168
-225
-156
64
318
471
450
293
125
21
11
91
164
128
17
-107
-240
-354
-453
-612
-857
-1169
-1481
-1689
-1794
-1832
-1859
-1935
-2041
-2120
-2165
-2199
-2189
-2167
-2187
-2183
-2089
-1916
-1691
-1465
-1274
-1119
-994
-898
-799
-681
-563
-432
-278
-108
59
152
187
226
257
273
302
345
367
387
439
544
786
1140
1514
1791
1829
1667
1482
1437
1576
1784
1922
1978
2068
2290
2609
2897
2922
2572
2023
1479
1134
1057
1154
1328
1414
1310
1083
858
696
573
447
205
-165
-443
-483
-276
41
228
198
16
-212
-374
-492
-624
-740
-882
-1104
-1267
-1307
-1276
-1172
-1126
-1313
-1685
-2068
-2351
-2449
-2391
-2336
-2347
-2360
-2302
-2144
-1971
-1895
-1911
-1968
-1999
-1915
-1672
-1381
-1118
-880
-755
-678
-543
-420
-324
-216
-126
-78
22
178
267
357
432
457
529
570
557
546
536
612
879
1367
1960
2452
2660
2504
2234
2067
2044
2174
2261
2272
2383
2666
3071
3417
3457
3041
2233
1356
714
414
460
671
828
809
670
484
324
198
10
-286
-717
-1083
-1185
-1061
-777
-466
-319
-330
-467
-638
-722
-773
-817
-899
-1123
-1388
-1467
-1439
-1335
-1230
-1228
-1376
-1646
-2018
-2195
-2060
-1920
-1910
-2079
-2238
-2174
-1929
-1674
-1486
-1352
-1337
-1405
-1388
-1333
-1213
-1032
-914
-742
-559
-395
-245
-131
-139
-322
-460
-425
-262
-70
126
416
700
786
775
693
587
639
1027
2015
3309
4363
4968
5008
4660
4039
3218
2522
2042
1728
1682
1966
2602
3140
3110
2352
1016
-606
-2125
-3071
-3284
-2838
-2040
-1196
-416
169
522
667
659
537
271
25
54
410
1025
1673
2105
2123
1671
894
-36
-864
-1438
-1728
-1855
-1906
-1979
-2166
-2330
-2615
-3109
-3631
-4155
-4345
-4011
-3332
-2391
-1418
-694
-308
-221
-323
-470
-457
-263
129
690
1168
1393
1308
897
245
-450
-1009
-1543
-1985
-2249
-2323
-2227
-1998
-1776
-1721
-1788
-1929
-1693
-1177
-547
233
935
1360
1944
3053
4849
7063
8590
9035
8390
7003
5333
3537
2187
1465
1078
879
928
1273
1424
513
-1331
-3810
-6190
-7649
-7799
-6327
-3798
-1092
904
1926
2324
2359
2340
2532
2851
3219
3578
4039
4588
4782
4334
2961
919
-1388
-3445
-4599
-4899
-4383
-3603
-3145
-3018
-3187
-3523
-3853
-4030
-3897
-3510
-2636
-1203
517
2082
2884
2862
2084
945
62
-426
-463
-263
6
211
161
-258
-1056
-2116
-3202
-4030
-4357
-4024
-3107
-1923
-910
-364
-270
-444
-614
-597
-391
-25
522
1192
1908
2623
2791
2432
1883
1495
1785
2901
4682
6180
6632
6062
4578
2659
742
-840
-1475
-1568
-1137
-50
948
1668
1422
111
-1877
-3941
-4919
-4761
-3454
-1114
1175
2926
3740
3862
3794
3352
3055
2657
2206
2000
1904
2096
1907
1184
-43
-1848
-3509
-4760
-5202
-4816
-3901
-2599
-1652
-1003
-661
-728
-923
-1336
-1515
-1540
-1146
-18
1096
1947
2089
1464
396
-983
-1980
-2650
-3017
-2874
-2499
-1852
-1379
-1178
-1216
-1760
-2359
-2775
-2811
-2241
-1180
101
1001
1396
1408
1046
464
-241
-685
-630
-329
119
787
1178
1040
464
-224
-492
375
2569
5368
6999
7482
7222
5388
2631
-116
-1745
-2248
-2103
-741
1399
3094
3851
3041
520
-2775
-5357
-6307
-5958
-3707
-152
3082
5088
5882
5859
4616
2977
1887
1167
855
1112
1974
2776
2400
1168
-929
-3562
-5573
-6606
-6324
-5056
-2992
-753
710
1394
1172
279
-953
-2084
-2377
-1944
-750
1035
2394
2801
1815
36
-1976
-3849
-4833
-4895
-4136
-3133
-1933
-564
1
-253
-977
-1985
-2847
-3169
-2383
-961
567
1986
2640
2344
1343
299
-648
-1534
-1665
-1225
-903
-598
9
575
276
-330
-429
268
2036
4896
7543
8562
8122
6332
3513
306
-2027
-2642
-2258
-951
1088
2909
3861
3233
1227
-1847
-5046
-6658
-6659
-4878
-1578
2249
5568
7134
7207
5996
4061
2435
1201
698
751
1182
1818
1822
1006
-671
-2812
-4752
-6185
-6512
-5718
-3897
-1391
796
2286
2502
1654
181
-1486
-2408
-2600
-1748
-275
916
1693
1299
-165
-1928
-3578
-4622
-5098
-4629
-3462
-2022
-310
602
752
232
-880
-1851
-2561
-2275
-1158
275
1603
2140
2046
1120
-222
-1297
-2300
-2687
-2345
-1619
-514
644
1506
1400
890
577
1195
3443
6422
8621
9032
8041
5747
2287
-1233
-3690
-4361
-3704
-2118
419
2634
3735
2994
407
-2946
-6096
-7332
-6710
-4194
133
4578
7950
9239
8794
7093
4503
2343
866
164
81
324
1054
1106
39
-1845
-4264
-6448
-7951
-7888
-6361
-3740
-439
2460
4171
4008
2460
269
-1705
-2767
-2481
-1097
577
2281
3119
2233
258
-2011
-4053
-5580
-6019
-5014
-3379
-1419
267
1327
1261
-25
-1382
-2633
-3228
-2762
-1462
29
997
1698
1540
514
-622
-1781
-2630
-3264
-2873
-1447
148
1618
2301
2647
2757
3792
6263
8273
9079
8416
6740
4002
236
-2608
-4329
-4793
-4188
-2900
-605
1331
2543
2065
-519
-3580
-6053
-6694
-5697
-2828
1739
5876
8598
9429
8859
7273
4979
3172
1621
282
-569
-800
-655
-1219
-2188
-3494
-5319
-7008
-7945
-7485
-5888
-3249
94
3128
5127
5542
4583
2677
472
-913
-1186
-730
432
1924
2553
1633
-181
-2363
-4683
-6455
-6992
-6261
-4716
-2737
-648
995
1433
803
-290
-1512
-2361
-2143
-972
177
1019
1591
1490
747
-221
-1356
-2599
-3625
-3947
-3153
-1530
308
1945
3049
3930
5436
7891
9834
9878
8627
6230
2665
-1113
-3856
-4778
-4462
-3403
-1813
-190
1255
1741
890
-1357
-4218
-5933
-6186
-4898
-1933
2121
5919
8059
8718
8126
6473
4575
2968
1718
349
-689
-1031
-1279
-1832
-2665
-3481
-4550
-5756
-6234
-5887
-4757
-2715
273
3402
5300
5814
5020
3107
818
-955
-1725
-1719
-821
506
932
189
-1139
-2641
-4393
-6023
-6511
-5895
-4671
-2939
-756
1194
1903
1580
659
-606
-1443
-1266
-410
254
610
997
971
369
-501
-1513
-2650
-3755
-4101
-3494
-2196
-535
1373
3353
5579
8468
11239
12103
10685
7897
4129
-355
-4107
-5788
-5588
-4267
-2338
-208
1368
1795
926
-1241
-4156
-6469
-7060
-5769
-2843
1339
5490
8036
8655
8015
6637
4737
2934
1695
702
-302
-1015
-1349
-1770
-2489
-3274
-4282
-5521
-6279
-5925
-4710
-2997
-695
2238
4761
5883
5733
4660
2916
960
-329
-987
-1209
-720
-308
-724
-1727
-2865
-3953
-5097
-5695
-5427
-4598
-3412
-1984
-156
1181
1415
1118
579
-54
-530
-272
337
689
1074
1185
727
-177
-1295
-2460
-3669
-4280
-4156
-3357
-2104
-485
2083
5308
8927
12070
13144
11424
7727
3601
-688
-4325
-5862
-5386
-3692
-1679
427
2030
2068
503
-2362
-5438
-7506
-7710
-5677
-2055
2542
6850
9252
9222
7488
5302
3130
1482
783
645
467
42
-279
-851
-2035
-3376
-4611
-5678
-6289
-5709
-4042
-2033
189
2566
4558
5344
4965
3942
2514
1069
113
-264
-476
-647
-954
-1878
-3244
-4441
-5108
-5384
-5266
-4419
-3167
-2012
-877
345
1180
1114
572
88
-256
-397
-131
494
867
818
451
-212
-1281
-2504
-3468
-4228
-4557
-4145
-3226
-1918
-83
2833
6797
10891
13653
13638
10964
6724
2104
-2011
-4950
-5842
-4685
-2554
-357
1518
2632
1845
-1046
-4784
-7942
-9198
-8152
-4895
69
5494
9815
11501
10453
7689
4444
1864
184
-467
-260
225
607
539
-95
-1607
-3731
-5697
-7114
-7405
-6174
-3639
-696
1870
4033
5339
5348
4216
2597
1155
196
-27
171
504
645
-22
-1458
-3497
-5524
-6764
-6910
-6021
-4545
-2584
-732
506
1257
1258
615
-326
-1062
-1245
-903
52
1058
1649
1550
611
-670
-2095
-3570
-4796
-5299
-5102
-4550
-3042
-621
2311
5857
9818
13034
13797
11842
8126
3951
66
-3073
-4494
-4228
-2914
-1017
910
2081
1664
-415
-3854
-7569
-9745
-9520
-7013
-2773
2542
7718
10995
11617
10032
7272
4201
1675
340
-115
-108
202
616
572
-323
-1883
-4003
-6183
-7505
-7223
-5302
-2500
513
3169
4895
5262
4471
3018
1256
-9
-279
-7
314
690
792
-85
-1725
-3699
-5755
-7224
-7611
-6817
-5081
-2817
-539
1117
1783
1330
242
-850
-1776
-1958
-1165
42
1127
1734
1440
204
-1303
-2732
-4066
-4858
-4932
-4504
-3549
-1776
845
4446
8833
12543
13941
12598
9266
5360
1701
-1364
-3041
-3095
-2298
-1277
128
1527
1793
347
-2703
-6330
-8894
-9354
-7633
-4038
844
5869
9543
10843
10038
8113
5726
3494
1923
954
192
-386
-579
-719
-1159
-2077
-3563
-5314
-6815
-7315
-6342
-3992
-895
2133
4550
5587
5149
3685
1616
-160
-871
-655
-208
322
711
212
-1115
-2932
-4933
-6614
-7556
-7583
-6649
-4671
-2247
-140
1271
1605
1129
298
-626
-1206
-938
124
1256
1998
1878
727
-850
-2389
-3560
-4152
-4169
-3956
-3410
-2101
0
3240
7708
12039
14108
13099
9900
5890
2050
-1056
-2739
-2699
-1677
-453
679
1607
1794
499
-2341
-5914
-8480
-8937
-7467
-4284
215
5108
8815
10213
9686
8046
5952
3976
2588
1700
817
-91
-951
-1945
-3097
-4283
-5516
-6738
-7389
-7201
-6141
-4005
-1066
1887
4144
5398
5425
4241
2292
465
-345
-168
209
492
607
31
-1380
-3175
-5035
-6579
-7250
-7154
-6582
-5256
-3214
-1253
24
652
727
424
2
-242
85
888
1636
1974
1755
770
-811
-2182
-3188
-3863
-3837
-3307
-2556
-1369
796
3946
7845
11915
14187
13380
10111
5916
2039
-1134
-2945
-2990
-1749
-258
724
1509
1641
172
-2740
-6067
-8305
-8517
-6576
-3082
1116
5409
8642
9729
8860
7248
5691
4300
3296
2626
1878
632
-936
-2519
-4306
-6117
-7617
-8557
-8696
-7903
-6074
-3507
-708
1786
3615
4648
4681
3902
2682
1475
934
1181
1361
856
183
-609
-1999
-3681
-5112
-6073
-6445
-6286
-5834
-5007
-3686
-2321
-1385
-827
-530
-220
261
672
1142
1900
2445
2220
1362
63
-1599
-2867
-3366
-3441
-2987
-2172
-1398
-472
1185
3624
6895
10942
13792
13550
10771
7071
3508
316
-1962
-2737
-2232
-1292
-640
-14
358
-483
-2676
-5629
-7995
-8329
-6387
-2963
1070
5251
8406
9312
8362
6865
5738
5073
4797
4571
3814
2195
-45
-2505
-5036
-7292
-8988
-9926
-9813
-8559
-6430
-3885
-1180
1142
2615
3349
3577
3402
2849
2294
2267
2700
2765
1918
705
-732
-2600
-4302
-5409
-5958
-5883
-5262
-4801
-4695
-4218
-3456
-2918
-2549
-1943
-919
208
1143
1993
2800
3043
2339
1023
-698
-2673
-3844
-3926
-3409
-2490
-1168
-72
583
1513
3306
6025
9628
12600
13063
11145
8215
5311
2420
23
-1308
-1663
-1573
-1695
-1641
-1378
-1756
-3265
-5493
-7276
-7565
-5970
-2945
668
4407
7481
8733
8274
7206
6429
6088
6162
6198
5424
3536
804
-2299
-5340
-7869
-9652
-10444
-10106
-8852
-6893
-4449
-1958
24
1540
2436
2681
2640
2497
2366
2655
3403
3569
2693
1351
-356
-2390
-4042
-5041
-5508
-5451
-5107
-4995
-4944
-4552
-4126
-3733
-3212
-2484
-1298
138
1301
2115
2748
2759
1784
248
-1514
-3241
-4136
-4110
-3459
-2049
-539
331
862
2240
4529
7590
11144
13313
12736
10170
7039
4114
1720
196
-380
-444
-546
-1067
-1590
-2254
-3719
-5769
-7767
-8712
-7797
-4915
-1046
2773
6185
8210
8233
7071
6044
5798
6439
7582
8138
7242
4931
1544
-2389
-6151
-9161
-11007
-11334
-10126
-8026
-5580
-3190
-1322
-170
404
577
753
1287
1939
2660
3828
4929
4742
3197
991
-1578
-3847
-5063
-5268
-4846
-4065
-3445
-3615
-4337
-5037
-5450
-5378
-4729
-3222
-961
1254
2801
3616
3581
2349
367
-1554
-3249
-4337
-4327
-3368
-1924
-424
351
256
205
1179
3334
6824
10949
13506
13151
10567
7324
4216
1695
231
-242
-161
-139
-496
-1097
-2194
-4041
-6452
-8630
-9346
-7904
-4568
-533
3360
6553
8004
7468
6138
5381
5542
6626
8263
9215
8418
5983
2473
-1648
-5709
-8969
-10935
-11265
-9890
-7443
-4878
-2866
-1660
-1206
-1268
-1315
-707
567
1978
3391
4887
5697
4871
2770
217
-2408
-4398
-5047
-4670
-3834
-2777
-2241
-3069
-4785
-6211
-6871
-6727
-5525
-3102
-82
2378
3717
4021
3321
1614
-434
-2162
-3490
-4074
-3586
-2604
-1675
-899
-698
-1197
-1230
90
2446
6019
10578
13722
13467
10765
7655
4839
2461
1034
823
1281
1460
963
-66
-1718
-4098
-6891
-9338
-10193
-8551
-4893
-753
3011
5960
7132
6291
4847
4301
4972
6767
9263
11015
10564
7877
3966
-429
-4825
-8444
-10525
-10796
-9453
-7071
-4665
-3061
-2475
-2569
-3021
-3167
-2206
-223
1914
3753
5272
5787
4522
2128
-367
-2671
-4199
-4308
-3463
-2622
-1950
-1809
-3064
-5358
-7235
-7880
-7411
-5810
-3007
176
2602
3794
3939
3116
1510
-280
-1819
-2956
-3247
-2534
-1661
-1226
-1110
-1343
-2142
-2569
-1580
670
3890
8313
12557
13983
11979
8661
5738
3336
1702
1271
1808
2349
2278
1433
-220
-2517
-5260
-8141
-10109
-9710
-6718
-2518
1469
4597
6110
5486
3790
2826
3370
5223
8065
10828
11690
9782
5976
1574
-2738
-6411
-8809
-9554
-8773
-6944
-5022
-3773
-3273
-3234
-3552
-3848
-3096
-1084
1271
3167
4454
4824
3742
1597
-532
-2151
-3135
-3174
-2437
-1789
-1619
-1786
-2824
-4926
-6964
-7798
-7363
-5818
-3088
62
2465
3618
3635
2672
1063
-503
-1462
-1878
-1911
-1533
-1061
-1127
-1750
-2269
-2688
-3031
-2354
-205
2526
5606
9387
12463
12511
9804
6646
4321
2842
2161
2393
2962
3028
2215
443
-1895
-4245
-6307
-7995
-8625
-7187
-4079
-760
2009
3982
4467
3427
2368
2671
4275
6713
9372
10983
10368
7579
3605
-495
-3828
-5890
-6765
-6675
-5788
-4629
-3982
-4162
-4690
-5148
-5233
-4394
-2230
556
2698
3694
3696
2557
493
-1314
-1940
-1741
-1291
-658
-284
-606
-1455
-2560
-4127
-5927
-6963
-6661
-5211
-3010
-545
1292
1785
1242
360
-558
-1241
-1210
-573
-192
-410
-841
-1413
-2213
-2724
-2638
-2176
-1426
-45
1675
3280
5442
8411
10601
10209
7957
5788
4413
3558
3218
3275
3187
2375
770
-1206
-2940
-4089
-5134
-6210
-6517
-5438
-3373
-1039
1236
2852
3153
2599
2366
3077
4640
6828
8928
9806
8733
6013
2555
-585
-2705
-3857
-4400
-4541
-4381
-4321
-4638
-5137
-5514
-5685
-5351
-3987
-1675
604
2020
2440
1948
632
-840
-1365
-762
177
785
931
440
-705
-2052
-3322
-4496
-5302
-5321
-4516
-3121
-1393
11
374
-302
-1285
-1972
-2167
-1646
-431
619
615
-330
-1502
-2498
-3005
-2585
-1439
-212
937
2079
2913
3486
4591
6570
8256
8335
7085
5720
4817
4168
3587
2905
1934
654
-863
-2283
-3071
-3269
-3692
-4620
-5238
-4828
-3525
-1654
514
2327
3204
3319
3401
3897
4919
6372
7681
8024
6940
4735
2111
-215
-1756
-2570
-3059
-3478
-3933
-4521
-5188
-5607
-5615
-5322
-4581
-3095
-1158
374
1036
1056
636
-106
-615
-261
728
1457
1492
969
-68
-1430
-2610
-3334
-3713
-3756
-3313
-2525
-1660
-935
-720
-1287
-2292
-2935
-2829
-2138
-1079
36
473
-313
-1749
-2819
-3144
-2718
-1365
421
1628
2124
2497
2648
2506
3169
5288
7453
7982
7115
5948
4847
3616
2376
1273
373
-286
-932
-1610
-1907
-1929
-2623
-4223
-5447
-5219
-3826
-1686
980
3289
4238
3996
3470
3252
3726
5078
6652
7348
6677
4825
2329
26
-1477
-2293
-2884
-3372
-3757
-4191
-4615
-4753
-4600
-4465
-4211
-3307
-1771
-420
378
867
986
530
69
389
1203
1685
1558
869
-370
-1772
-2752
-3132
-3116
-2688
-1967
-1447
-1293
-1272
-1469
-2186
-2950
-3004
-2436
-1666
-846
-331
-736
-1857
-2745
-3009
-2651
-1552
76
1375
1915
2029
1963
1667
1374
1866
3787
6577
8518
8372
6662
4595
2576
659
-548
-422
444
836
370
-434
-1300
-2587
-4291
-5544
-5420
-3831
-1374
1295
3503
4525
4040
2637
1464
1467
2955
5294
7236
7652
6140
3232
148
-1893
-2700
-2834
-2683
-2463
-2590
-3139
-3548
-3594
-3719
-3958
-3599
-2508
-1304
-258
599
951
649
142
-79
183
818
1164
634
-550
-1750
-2617
-2993
-2594
-1542
-561
-223
-477
-1002
-1732
-2525
-2941
-2745
-2091
-1355
-945
-1149
-1831
-2595
-3133
-3180
-2541
-1392
-159
877
1495
1603
1385
1234
1291
1678
3011
5610
8234
8918
7230
4619
2271
471
-442
-174
917
1740
1430
15
-1674
-2873
-3710
-4385
-4401
-3234
-1252
776
2491
3504
3263
1953
711
582
1848
4134
6430
7477
6516
3837
625
-1659
-2325
-1974
-1451
-1112
-1131
-1709
-2634
-3410
-3879
-4065
-3818
-3064
-1973
-842
12
330
62
-527
-993
-869
-108
655
692
17
-852
-1602
-2061
-1924
-1095
-49
604
554
-99
-900
-1575
-2154
-2573
-2527
-2055
-1704
-1746
-2078
-2518
-2870
-2829
-2280
-1459
-621
46
443
645
901
1253
1591
2072
2682
3296
4147
5511
6601
6119
4232
2226
859
219
314
988
1496
1163
-67
-1644
-2556
-2429
-1875
-1499
-1139
-413
460
1263
1940
2094
1376
292
-73
716
2287
3956
4973
4729
3140
792
-1222
-1854
-1110
-12
611
636
104
-1018
-2342
-3255
-3450
-2998
-2180
-1303
-650
-426
-766
-1529
-2262
-2578
-2306
-1493
-460
184
41
-630
-1189
-1198
-658
198
1049
1617
1747
1304
384
-622
-1406
-2006
-2484
-2643
-2493
-2345
-2403
-2695
-3071
-3202
-2812
-2031
-1277
-792
-488
-169
350
1101
1927
2570
2848
2781
2541
2572
3535
5022
5519
4337
2495
1228
669
496
539
544
324
-173
-764
-974
-477
295
460
-39
-405
-213
297
866
1189
839
-41
-573
-229
743
1953
2936
3069
2170
756
-347
-459
504
1682
2078
1563
448
-963
-2165
-2609
-2249
-1487
-748
-444
-815
-1645
-2552
-3268
-3533
-3159
-2328
-1396
-578
-107
-178
-478
-425
89
767
1440
1911
1906
1450
785
-110
-1137
-1804
-2025
-2223
-2510
-2639
-2628
-2658
-2719
-2804
-2822
-2446
-1658
-948
-626
-416
-40
500
1144
1746
2037
1913
1522
1110
1064
1936
3666
4987
4650
2943
1119
4
-295
112
946
1657
1821
1407
823
574
661
668
396
155
204
347
358
167
-340
-1134
-1730
-1574
-650
599
1662
2137
1955
1424
887
703
1191
2066
2437
1844
700
-424
-1146
-1140
-581
-124
-138
-569
-1340
-2376
-3256
-3596
-3411
-2827
-2024
-1267
-716
-338
-160
-266
-350
28
740
1317
1500
1255
633
-162
-850
-1336
-1579
-1604
-1655
-1904
-2234
-2500
-2617
-2461
-2056
-1653
-1302
-913
-613
-509
-458
-264
101
552
946
1041
793
385
48
-60
311
1460
3091
4084
3567
2018
733
420
867
1641
2501
3184
3275
2636
1667
989
775
676
380
-14
-288
-521
-890
-1356
-1829
-2259
-2418
-1987
-952
386
1596
2255
2264
1930
1571
1352
1468
1884
2067
1644
915
331
7
-87
-43
-143
-576
-1222
-1980
-2695
-2967
-2592
-1955
-1450
-1004
-561
-306
-311
-473
-699
-808
-600
-162
160
150
-257
-939
-1502
-1668
-1536
-1288
-940
-616
-654
-1067
-1456
-1493
-1168
-707
-317
-71
18
-152
-612
-1048
-1083
-806
-633
-698
-846
-1013
-1245
-1403
-1223
-655
251
1588
3151
4053
3594
2431
1836
2131
2760
3365
3936
4165
3587
2211
724
-29
60
304
88
-514
-1175
-1858
-2436
-2620
-2357
-1827
-1133
-344
389
1083
1769
2193
2184
1956
1790
1752
1823
1889
1697
1259
853
560
282
132
132
-21
-455
-903
-1202
-1353
-1230
-861
-642
-814
-1166
-1439
-1546
-1535
-1530
-1578
-1518
-1332
-1303
-1522
-1720
-1754
-1698
-1479
-948
-262
273
495
361
-33
-395
-487
-281
121
483
421
-240
-1224
-2116
-2585
-2451
-1933
-1619
-1807
-2151
-2227
-1984
-1564
-1014
-281
538
1237
1914
2933
4167
4681
4001
2997
2685
2954
3147
3085
2829
2188
1132
58
-491
-315
79
-19
-663
-1208
-1246
-1000
-664
-269
28
90
102
356
857
1449
1881
1906
1548
1047
633
481
675
1050
1281
1278
1114
847
672
746
831
599
233
85
1
-340
-930
-1576
-2104
-2381
-2447
-2481
-2451
-2279
-2275
-2647
-2989
-2843
-2290
-1646
-1051
-632
-421
-182
170
462
649
850
957
776
376
-169
-853
-1482
-1836
-2001
-2156
-2192
-2007
-1769
-1617
-1598
-1688
-1660
-1250
-595
-55
339
757
1152
1353
1344
1495
2237
3308
3660
2779
1613
1276
1579
1726
1565
1424
1280
962
647
705
1331
2140
2363
1747
916
584
749
998
1062
743
70
-593
-878
-763
-381
117
409
308
4
-131
170
899
1668
1991
1820
1512
1294
1240
1370
1412
950
95
-621
-1075
-1484
-1867
-2167
-2469
-2827
-3102
-3118
-2825
-2350
-2118
-2369
-2627
-2322
-1572
-829
-220
190
172
-163
-402
-370
-186
-39
-142
-671
-1430
-1996
-2165
-1897
-1186
-365
6
-241
-686
-901
-717
-171
488
909
924
624
145
-325
-517
-366
-101
-67
-345
-389
341
1382
1643
1002
496
752
1404
2053
2678
3220
3443
3286
2964
2797
2933
3066
2811
2259
1704
1133
476
-74
-500
-1103
-1757
-1927
-1521
-949
-482
-179
-75
-22
146
408
837
1516
2066
1951
1241
510
109
113
419
612
357
-136
-517
-875
-1358
-1720
-1827
-1903
-2036
-2100
-2068
-2008
-1943
-1999
-2186
-2205
-1877
-1502
-1368
-1472
-1806
-2298
-2553
-2216
-1415
-560
17
150
-60
-257
-209
41
457
998
1373
1297
955
766
787
756
496
47
-476
-981
-1410
-1668
-1684
-1560
-1449
-1394
-1416
-1516
-1214
81
1828
2647
2270
1868
2262
2989
3479
3791
4008
3924
3438
2921
2806
3059
3140
2637
1802
1130
645
198
-163
-458
-936
-1541
-1860
-1743
-1368
-902
-496
-324
-419
-693
-976
-930
-352
359
724
841
967
1019
995
1093
1224
1140
946
759
343
-351
-930
-1210
-1411
-1597
-1706
-1938
-2430
-2989
-3494
-3946
-4093
-3756
-3242
-2862
-2540
-2199
-1949
-1682
-1094
-211
627
1161
1326
1211
1070
1181
1555
1933
2063
1838
1312
646
90
-153
-178
-316
-748
-1290
-1775
-2260
-2620
-2474
-1871
-1313
-1000
-758
-697
-895
-639
710
2348
2892
2412
2144
2590
3203
3635
4065
4505
4569
4120
3588
3365
3313
3042
2466
1784
1149
574
54
-493
-1195
-2024
-2714
-3027
-2982
-2759
-2539
-2311
-1960
-1518
-1090
-523
357
1214
1543
1455
1467
1702
1983
2246
2427
2295
1816
1195
527
-223
-1003
-1693
-2285
-2782
-3125
-3366
-3629
-3857
-3947
-3970
-3945
-3662
-3014
-2258
-1711
-1447
-1293
-1027
-516
242
1087
1745
1962
1718
1309
1103
1271
1669
1886
1626
1023
450
70
-243
-518
-630
-624
-755
-1091
-1478
-1809
-2037
-2073
-1892
-1582
-1197
-811
-647
-759
-508
706
2398
3382
3373
3182
3363
3627
3832
4283
4906
5031
4309
3282
2649
2518
2447
2002
1050
-184
-1345
-2139
-2504
-2544
-2503
-2613
-2859
-2963
-2705
-2162
-1564
-1014
-538
-138
296
916
1637
2118
2187
2003
1798
1686
1717
1751
1475
774
-102
-855
-1380
-1633
-1649
-1737
-2251
-3057
-3648
-3694
-3286
-2752
-2450
-2491
-2602
-2441
-1957
-1364
-827
-444
-218
30
472
1019
1449
1649
1596
1298
980
977
1240
1333
1009
513
163
-13
-155
-329
-536
-807
-1162
-1455
-1498
-1360
-1319
-1468
-1565
-1434
-1133
-724
-190
290
469
616
1323
2514
3296
3218
2844
2795
2958
3086
3251
3374
3023
2111
1258
1103
1510
1786
1467
604
-445
-1326
-1820
-1858
-1615
-1491
-1725
-2096
-2125
-1668
-1029
-520
-140
167
313
311
432
843
1280
1403
1286
1223
1262
1241
1034
632
100
-405
-722
-842
-919
-1100
-1449
-1869
-2170
-2198
-2016
-1820
-1719
-1775
-1971
-2094
-1869
-1351
-877
-622
-467
-295
-89
157
472
797
973
895
593
270
176
321
439
345
201
225
315
254
55
-123
-236
-329
-374
-326
-309
-489
-842
-1104
-999
-545
-128
-106
-471
-940
-1252
-1092
-175
1194
2031
1831
1233
1130
1610
2284
2926
3357
3249
2545
1787
1547
1805
2033
1873
1388
827
284
-241
-687
-997
-1288
-1674
-1998
-1960
-1562
-1138
-910
-773
-575
-355
-164
111
551
950
1085
1050
1070
1112
1039
895
815
767
584
244
-134
-456
-718
-938
-1105
-1203
-1267
-1388
-1615
-1852
-1980
-1990
-1956
-1867
-1729
-1594
-1508
-1439
-1345
-1214
-995
-658
-243
129
362
462
487
484
504
627
947
1435
1840
1860
1505
1059
736
518
348
183
-72
-588
-1366
-2121
-2514
-2421
-2034
-1682
-1621
-1806
-2001
-1972
-1632
-860
278
1365
1942
2088
2191
2487
2889
3296
3615
3705
3471
3027
2648
2419
2218
1856
1396
984
644
223
-257
-718
-1178
-1722
-2161
-2214
-1840
-1262
-755
-503
-495
-540
-416
-41
506
1088
1499
1604
1417
1146
1021
1145
1391
1519
1364
993
566
131
-331
-726
-955
-1126
-1451
-1947
-2429
-2755
-2954
-3086
-3103
-2983
-2814
-2690
-2576
-2370
-2049
-1626
-1086
-465
132
643
1097
1550
1937
2120
2076
1960
1896
1829
1651
1356
999
567
59
-408
-723
-963
-1305
-1793
-2322
-2754
-2958
-2858
-2518
-2130
-1868
-1772
-1653
-1316
-727
-23
792
1659
2352
2626
2664
2811
3164
3470
3571
3515
3313
2904
2356
1982
1913
1952
1753
1278
721
268
-92
-339
-530
-764
-1113
-1445
-1582
-1413
-974
-429
3
242
332
355
469
801
1297
1711
1859
1754
1509
1196
893
662
490
312
65
-286
-734
-1247
-1778
-2296
-2751
-3065
-3200
-3216
-3187
-3138
-3081
-2998
-2810
-2453
-1933
-1309
-694
-247
-23
108
335
747
1293
1803
2074
1969
1554
1063
671
435
364
371
241
-196
-816
-1318
-1532
-1539
-1504
-1489
-1503
-1609
-1814
-1969
-1873
-1487
-974
-497
-110
201
427
611
858
1322
1955
2548
2874
2935
2799
2578
2406
2425
2575
2639
2483
2140
1777
1475
1265
1139
1081
1006
835
550
252
-24
-275
-458
-439
-190
167
470
642
658
554
426
405
531
721
832
765
510
109
-356
-748
-971
-1071
-1167
-1364
-1688
-2066
-2353
-2478
-2445
-2328
-2228
-2233
-2317
-2363
-2283
-2071
-1753
-1369
-994
-686
-436
-200
28
239
420
552
614
622
609
536
380
197
39
-96
-233
-374
-534
-712
-852
-885
-809
-694
-616
-605
-638
-654
-610
-491
-290
-43
169
303
403
533
703
881
1045
1192
1293
1326
1334
1375
1455
1509
1505
1447
1351
1260
1214
1205
1201
1193
1174
1206
1326
1500
1684
1824
1858
1754
1572
1420
1324
1244
1142
1026
917
795
633
425
189
-39
-280
-558
-837
-1078
-1292
-1522
-1778
-2006
-2173
-2262
-2260
-2190
-2089
-1989
-1909
-1810
-1640
-1408
-1200
-1070
-1006
-959
-890
-775
-604
-410
-256
-160
-98
-47
-18
-35
-104
-223
-374
-525
-646
-732
-788
-848
-911
-949
-935
-863
-755
-650
-581
-535
-454
-298
-75
182
433
650
807
912
999
1105
1241
1359
1395
1331
1196
1020
827
664
569
508
419
280
123
28
64
216
402
551
650
749
881
1046
1226
1432
1650
1890
2160
2423
2625
2673
2527
2267
2020
1845
1730
1598
1358
952
426
-90
-487
-722
-850
-989
-1239
-1609
-2008
-2328
-2492
-2466
-2341
-2235
-2197
-2185
-2141
-2032
-1851
-1600
-1330
-1096
-922
-812
-738
-651
-539
-439
-358
-281
-240
-271
-346
-406
-433
-446
-479
-568
-724
-916
-1088
-1187
-1189
-1109
-983
-857
-760
-693
-620
-467
-214
81
345
543
675
761
836
940
1100
1302
1495
1615
1634
1573
1463
1326
1189
1086
1011
927
798
616
405
212
102
106
199
334
483
597
662
699
736
817
978
1201
1390
1511
1573
1599
1635
1710
1802
1836
1735
1522
1258
1009
793
584
336
25
-341
-724
-1054
-1294
-1467
-1633
-1820
-2043
-2279
-2456
-2508
-2423
-2255
-2097
-1986
-1893
-1762
-1573
-1359
-1148
-948
-783
-660
-559
-458
-351
-262
-216
-204
-205
-212
-220
-242
-285
-340
-392
-441
-473
-475
-457
-445
-444
-450
-432
-354
-213
-48
98
214
320
432
547
674
801
909
991
1056
1109
1169
1239
1299
1328
1320
1296
1253
1182
1073
926
761
601
469
361
269
187
117
58
26
61
177
327
445
495
479
461
511
655
839
1001
1097
1102
1075
1076
1105
1140
1121
1018
822
561
277
-9
-290
-562
-824
-1071
-1281
-1447
-1593
-1725
-1825
-1905
-1962
-1964
-1911
-1821
-1724
-1632
-1530
-1408
-1250
-1052
-850
-669
-523
-419
-323
-201
-66
50
130
170
171
154
134
116
106
96
65
14
-47
-100
-136
-150
-133
-96
-62
-51
-53
-41
13
109
236
362
462
522
553
593
674
799
934
1039
1088
1072
1022
983
973
975
960
894
758
569
376
218
114
49
-5
-63
-129
-192
-237
-244
-175
-47
91
204
277
309
329
380
462
556
632
658
654
648
637
626
586
500
360
187
-1
-198
-407
-611
-798
-962
-1084
-1158
-1199
-1226
-1254
-1280
-1304
-1292
-1223
-1114
-990
-886
-805
-734
-652
-533
-378
-220
-89
-22
6
35
78
120
159
180
180
173
144
93
41
-5
-42
-74
-97
-114
-125
-135
-129
-100
-50
19
102
191
280
365
440
505
564
622
681
738
784
811
815
794
757
715
671
621
566
498
414
307
182
53
-46
-99
-122
-132
-152
-182
-205
-206
-184
-140
-69
24
105
164
201
211
217
245
292
315
309
276
222
183
165
157
133
63
-43
-169
-280
-359
-417
-477
-547
-625
-696
-736
-743
-731
-706
-679
-663
-638
-583
-515
-444
-372
-311
-252
-188
-103
-8
59
80
65
27
13
25
33
27
11
-24
-71
-112
-142
-161
-167
-162
-145
-109
-68
-17
49
119
191
270
348
413
468
523
576
612
614
593
567
533
489
443
398
360
316
261
213
178
158
135
99
53
2
-49
-90
-117
-130
-139
-154
-168
-180
-185
-182
-181
-181
-177
-160
-123
-82
-48
-31
-42
-59
-65
-41
-2
36
64
60
41
27
19
10
-5
-36
-83
-135
-179
-212
-248
-284
-310
-307
-275
-225
-170
-124
-90
-71
-60
-45
-16
24
58
74
78
73
69
76
82
78
52
13
-15
-24
-29
-30
-29
-37
-49
-60
-60
-40
4
66
126
170
208
234
252
268
285
293
289
285
287
290
277
241
188
137
97
84
79
66
37
-8
-56
-85
-97
-104
-115
-130
-148
-178
-212
-236
-244
-239
-236
-241
-256
-274
-286
-283
-265
-240
-228
-225
-231
-247
-248
-242
-225
-199
-172
-148
-126
-98
-78
-46
-8
32
86
142
191
229
244
242
234
228
232
229
218
202
170
137
118
111
104
95
93
85
76
73
70
75
90
112
135
155
174
178
163
140
123
105
87
70
48
24
-3
-27
-44
-40
-6
47
108
163
189
189
179
181
199
215
216
192
149
101
60
22
-21
-72
-133
-206
-269
-327
-375
-407
-431
-448
-453
-440
-403
-356
-306
-257
-218
-191
-175
-170
-172
-182
-209
-251
-290
-318
-343
-365
-379
-393
-409
-422
-416
-380
-313
-227
-138
-58
9
70
130
200
278
351
415
460
490
518
545
570
588
599
608
611
611
598
570
524
470
415
367
344
339
331
308
273
224
176
140
111
94
70
28
-30
-84
-113
-118
-111
-108
-112
-110
-94
-66
-30
0
28
45
51
62
75
84
85
72
41
6
-28
-66
-118
-187
-263
-337
-396
-433
-460
-495
-542
-587
-625
-644
-647
-643
-641
-641
-637
-614
-566
-501
-427
-363
-323
-299
-277
-242
-193
-145
-107
-89
-89
-99
-103
-97
-86
-72
-54
-43
-38
-43
-43
-34
-4
50
117
187
249
306
369
440
523
621
718
795
850
893
932
971
1001
1008
989
944
876
788
689
597
520
449
382
312
241
172
102
34
-24
-66
-98
-130
-167
-215
-262
-285
-281
-260
-232
-201
-176
-156
-139
-123
-98
-72
-47
-30
-29
-40
-60
-79
-84
-90
-106
-149
-219
-312
-421
-535
-641
-730
-807
-869
-916
-950
-972
-974
-956
-922
-864
-783
-685
-587
-492
-397
-299
-196
-94
6
92
156
200
230
245
248
242
229
199
152
103
55
20
-1
-12
-20
-27
-26
-8
27
86
159
234
313
388
456
527
606
684
761
845
923
992
1056
1101
1116
1110
1091
1057
1004
936
854
756
647
529
399
271
155
48
-59
-162
-260
-350
-422
-478
-518
-533
-538
-538
-524
-489
-433
-365
-292
-223
-165
-120
-91
-72
-56
-53
-67
-100
-150
-213
-280
-344
-410
-478
-559
-649
-739
-818
-878
-931
-973
-996
-1002
-983
-945
-903
-856
-793
-714
-613
-486
-347
-213
-91
16
108
198
290
385
473
542
580
588
581
571
559
539
500
439
358
266
176
96
25
-30
-65
-75
-61
-24
36
110
196
288
379
463
555
661
774
879
960
1021
1068
1108
1151
1184
1175
1118
1013
880
740
597
445
285
122
-28
-165
-287
-380
-440
-481
-521
-562
-605
-641
-661
-667
-660
-638
-600
-547
-480
-398
-317
-255
-214
-185
-160
-141
-136
-153
-187
-235
-289
-344
-394
-444
-503
-577
-649
-710
-766
-806
-827
-830
-823
-806
-774
-723
-653
-568
-472
-370
-258
-137
-10
120
245
355
457
549
626
688
728
737
717
686
645
596
540
481
421
357
292
221
146
85
41
7
-25
-55
-81
-95
-88
-56
0
82
185
295
393
469
521
556
583
607
624
621
611
607
611
619
620
603
550
470
375
263
143
19
-109
-238
-347
-430
-491
-521
-529
-524
-524
-527
-538
-542
-524
-494
-456
-408
-354
-303
-255
-204
-154
-111
-72
-39
-25
-26
-43
-77
-128
-188
-249
-307
-352
-383
-415
-443
-463
-476
-485
-482
-467
-444
-416
-376
-320
-252
-174
-90
-5
74
155
231
299
366
420
456
487
519
542
555
564
564
551
529
499
452
396
337
285
234
189
143
83
14
-62
-144
-216
-273
-308
-328
-332
-318
-280
-224
-158
-83
-21
30
75
115
156
211
266
304
334
368
415
466
498
495
451
379
290
197
110
30
-56
-147
-234
-307
-354
-369
-363
-350
-340
-337
-341
-345
-335
-318
-296
-271
-230
-177
-119
-54
2
40
65
77
75
70
57
34
0
-42
-79
-106
-121
-126
-122
-116
-116
-128
-145
-167
-187
-203
-210
-204
-179
-142
-102
-67
-30
10
61
123
193
262
321
365
401
428
443
443
431
412
393
372
343
296
233
158
78
-4
-89
-178
-273
-365
-444
-510
-556
-578
-576
-555
-518
-462
-384
-289
-192
-113
-57
-16
29
92
175
262
331
380
415
442
477
507
523
521
501
469
421
360
282
182
77
-16
-89
-135
-156
-165
-183
-221
-275
-327
-358
-362
-343
-305
-263
-224
-176
-113
-38
33
92
144
185
219
248
265
260
236
198
158
128
109
91
64
28
-29
-95
-157
-205
-235
-255
-271
-276
-264
-235
-194
-152
-120
-91
-52
-3
58
118
157
174
181
181
182
183
181
170
157
140
114
72
22
-42
-113
-180
-247
-314
-375
-429
-482
-531
-573
-599
-605
-595
-569
-520
-447
-355
-247
-138
-38
48
132
225
323
423
511
575
629
681
731
765
770
741
684
611
534
455
371
270
150
29
-69
-139
-182
-201
-213
-237
-269
-297
-315
-308
-281
-240
-193
-134
-64
7
76
145
204
244
277
306
330
347
349
333
300
254
206
162
120
68
6
-64
-141
-220
-300
-376
-442
-497
-525
-518
-487
-436
-375
-322
-271
-213
-143
-60
22
96
153
195
225
252
266
272
265
253
231
197
143
64
-34
-142
-242
-330
-401
-455
-500
-540
-579
-617
-644
-653
-647
-622
-575
-506
-416
-313
-206
-103
-10
74
165
272
387
489
566
617
654
681
700
709
706
687
651
601
537
455
355
244
129
27
-51
-106
-143
-167
-186
-208
-226
-231
-214
-176
-122
-70
-24
16
66
127
191
255
312
354
381
383
369
340
294
233
164
96
37
-17
-67
-116
-169
-222
-276
-316
-339
-353
-354
-348
-340
-319
-278
-227
-171
-119
-68
-17
41
102
151
176
180
175
170
173
175
163
134
88
27
-35
-96
-157
-217
-273
-323
-375
-426
-473
-511
-537
-551
-554
-555
-539
-503
-461
-416
-367
-310
-238
-154
-58
35
115
176
226
269
307
340
365
381
387
387
384
381
379
372
356
327
294
252
209
172
141
115
88
71
61
61
73
90
110
126
139
148
154
161
169
178
195
212
226
239
246
243
233
218
193
163
130
92
52
11
-25
-52
-70
-83
-92
-106
-121
-134
-144
-154
-158
-159
-149
-132
-107
-82
-61
-41
-24
-15
-10
-13
-21
-39
-62
-85
-111
-142
-175
-203
-225
-243
-262
-281
-302
-324
-348
-371
-392
-404
-411
-412
-410
-403
-396
-389
-379
-364
-346
-323
-299
-267
-230
-189
-140
-87
-36
13
64
114
164
210
246
273
299
328
360
391
416
436
447
447
439
422
408
390
366
338
309
281
263
255
249
249
251
247
243
237
231
225
219
220
228
238
248
252
254
249
242
233
214
194
169
137
104
66
33
6
-18
-42
-66
-93
-124
-154
-182
-210
-243
-275
-300
-312
-319
-318
-307
-295
-281
-273
-264
-260
-261
-265
-267
-271
-274
-277
-279
-279
-283
-280
-276
-274
-280
-289
-300
-316
-333
-349
-363
-370
-371
-365
-356
-341
-319
-296
-271
-244
-209
-171
-129
-83
-34
19
71
124
178
227
273
313
345
370
392
405
411
417
425
432
433
430
418
402
387
370
349
332
315
300
287
276
268
267
272
277
278
277
275
274
273
276
275
268
256
245
234
225
217
202
178
145
105
63
24
-18
-60
-99
-136
-173
-203
-231
-252
-270
-286
-302
-319
-328
-332
-330
-324
-317
-311
-302
-289
-276
-266
-260
-257
-259
-264
-271
-278
-286
-299
-310
-319
-324
-325
-322
-318
-318
-317
-319
-319
-311
-303
-290
-276
-256
-229
-197
-163
-127
-89
-53
-12
26
58
88
115
145
175
205
238
267
290
309
330
345
355
355
349
335
326
323
321
324
329
326
322
317
314
317
326
329
325
319
312
308
308
308
307
303
298
291
278
264
247
225
205
186
162
135
102
73
43
14
-17
-51
-78
-110
-144
-176
-207
-233
-253
-266
-275
-289
-300
-310
-318
-322
-324
-322
-318
-316
-319
-321
-317
-312
-308
-307
-313
-320
-327
-334
-341
-349
-354
-353
-348
-338
-326
-315
-299
-282
-266
-247
-227
-208
-184
-158
-132
-103
-69
-32
1
37
74
103
127
150
169
188
208
227
243
257
271
283
296
309
317
321
324
325
323
322
325
327
330
332
333
342
353
361
365
369
368
359
345
333
321
307
297
282
263
245
226
205
185
160
126
92
59
25
-9
-41
-72
-100
-127
-150
-171
-192
-212
-234
-254
-271
-281
-289
-296
-302
-310
-315
-320
-323
-323
-318
-311
-305
-303
-304
-303
-300
-292
-284
-277
-272
-267
-262
-252
-242
-232
-223
-211
-197
-180
-160
-141
-122
-103
-82
-62
-43
-25
-6
9
22
37
57
79
99
117
131
143
155
171
185
195
200
206
209
211
215
217
219
223
224
227
230
232
233
236
234
230
234
239
241
243
243
242
239
233
224
217
205
193
177
160
141
118
99
76
52
26
0
-23
-45
-66
-85
-108
-127
-141
-152
-162
-173
-186
-199
-207
-213
-220
-226
-231
-237
-237
-236
-234
-229
-223
-215
-207
-197
-181
-164
-146
-134
-122
-108
-89
-75
-64
-55
-49
-42
-35
-29
-25
-22
-17
-15
-13
-3
5
14
25
36
47
54
60
65
71
74
78
87
96
99
103
106
104
108
108
106
100
93
82
72
65
58
48
41
30
20
11
4
0
-6
-13
-16
-18
-18
-15
-14
-9
-3
1
5
13
24
34
41
48
50
51
52
53
52
48
41
34
31
26
24
21
11
-1
-8
-13
-16
-15
-14
-14
-13
-15
-12
-9
-5
-4
-4
0
5
9
13
19
24
31
36
43
53
63
71
76
77
76
72
70
70
67
58
48
38
25
13
2
-8
-16
-25
-33
-41
-48
-56
-65
-71
-78
-87
-96
-102
-106
-112
-117
-126
-137
-144
-150
-156
-160
-162
-165
-169
-169
-169
-172
-170
-166
-164
-159
-150
-143
-131
-115
-102
-88
-73
-60
-50
-39
-25
-9
4
19
34
48
58
68
80
95
110
122
131
137
145
150
159
169
176
181
186
190
190
188
188
186
184
184
181
176
172
167
164
159
154
149
140
131
124
117
111
103
93
88
86
82
77
71
68
64
62
61
52
47
40
31
25
22
16
4
-9
-23
-38
-56
-75
-94
-114
-137
-156
-171
-188
-204
-218
-234
-246
-255
-262
-270
-278
-280
-277
-273
-269
-263
-256
-247
-236
-223
-208
-196
-185
-173
-162
-153
-145
-137
-127
-117
-105
-93
-81
-73
-66
-59
-46
-32
-14
4
21
36
49
67
85
103
122
139
157
177
193
209
223
237
250
261
271
277
282
284
284
281
275
267
260
251
241
230
214
197
184
172
160
151
139
127
120
114
110
104
98
92
91
89
87
83
79
70
61
49
37
24
10
-2
-17
-32
-50
-71
-92
-111
-132
-151
-170
-187
-205
-219
-231
-243
-252
-254
-257
-260
-264
-265
-267
-268
-267
-265
-262
-256
-251
-246
-241
-236
-229
-220
-211
-207
-200
-193
-186
-181
-173
-165
-157
-146
-135
-123
-105
-89
-73
-52
-27
1
25
50
74
96
122
151
176
201
224
244
259
273
286
297
305
309
312
313
312
312
308
302
292
281
271
257
246
237
231
218
207
199
189
178
167
156
145
134
126
115
105
95
86
74
61
49
37
24
11
-3
-17
-33
-46
-57
-71
-88
-101
-115
-131
-149
-160
-173
-184
-194
-205
-217
-228
-234
-240
-245
-247
-248
-250
-254
-255
-254
-255
-256
-258
-261
-259
-257
-255
-251
-247
-242
-235
-227
-220
-209
-195
-183
-170
-157
-140
-121
-99
-79
-54
-33
-13
8
28
52
77
99
120
138
154
171
190
205
215
229
239
250
261
268
274
278
284
285
286
284
279
275
270
266
260
255
251
241
233
221
210
202
192
182
172
163
151
138
127
115
100
87
76
62
48
35
19
3
-11
-24
-36
-51
-65
-82
-96
-107
-117
-128
-135
-144
-154
-164
-172
-184
-192
-197
-205
-215
-222
-230
-240
-249
-255
-260
-263
-264
-267
-271
-271
-270
-271
-269
-264
-258
-252
-245
-236
-226
-215
-202
-188
-175
-161
-147
-132
-114
-97
-73
-48
-27
-10
11
33
51
75
100
120
137
153
167
182
198
209
219
229
237
246
254
258
260
261
265
266
267
269
271
275
276
270
264
260
256
251
248
244
233
220
209
201
194
179
165
148
133
116
99
87
73
54
39
27
14
2
-5
-18
-32
-45
-58
-71
-78
-88
-100
-111
-120
-129
-137
-145
-152
-164
-175
-187
-198
-207
-216
-226
-239
-250
-258
-268
-277
-284
-291
-299
-302
-305
-306
-301
-299
-292
-283
-275
-263
-251
-237
-219
-202
-183
-163
-145
-125
-101
-79
-56
-34
-14
9
30
49
67
86
105
120
135
152
166
180
194
209
221
230
241
250
259
270
278
282
285
287
289
286
286
283
282
278
271
261
249
238
230
221
212
198
186
172
154
141
128
114
99
87
74
58
45
31
15
2
-11
-22
-32
-41
-51
-59
-69
-78
-88
-97
-106
-119
-127
-136
-151
-165
-179
-189
-198
-207
-216
-231
-243
-253
-263
-266
-267
-267
-271
-274
-274
-270
-262
-256
-248
-239
-235
-226
-213
-201
-191
-179
-166
-153
-141
-130
-117
-102
-87
-69
-52
-34
-15
3
22
38
54
72
90
108
128
145
158
171
184
196
207
218
226
233
238
240
241
243
244
245
243
239
236
233
227
222
214
205
195
184
172
162
156
149
137
126
115
105
99
96
93
89
83
75
64
55
47
41
34
27
16
4
-6
-17
-29
-42
-53
-62
-68
-76
-88
-97
-105
-111
-115
-120
-125
-135
-142
-148
-152
-155
-156
-160
-162
-163
-170
-176
-178
-181
-183
-178
-178
-177
-177
-177
-176
-171
-164
-160
-155
-152
-150
-144
-136
-128
-124
-114
-105
-97
-88
-76
-63
-48
-35
-22
-9
3
17
31
40
49
59
67
76
87
96
99
98
100
101
100
100
102
108
110
109
110
113
118
123
127
132
132
133
134
137
139
141
144
145
144
142
141
136
134
134
133
129
126
123
114
106
102
99
95
90
82
74
65
56
48
41
35
28
20
14
6
-2
-11
-19
-25
-31
-38
-46
-52
-59
-64
-71
-76
-83
-86
-91
-99
-105
-113
-123
-132
-142
-149
-158
-163
-164
-164
-165
-166
-171
-175
-176
-170
-165
-159
-150
-142
-136
-130
-121
-113
-105
-95
-85
-76
-69
-65
-63
-60
-55
-51
-46
-38
-31
-24
-17
-6
5
11
16
22
27
33
43
54
63
73
83
91
99
105
108
112
120
127
136
143
147
152
158
163
172
179
183
183
185
184
185
183
178
174
171
168
161
153
146
137
128
121
115
107
98
91
81
73
62
50
41
33
21
11
4
-10
-28
-48
-63
-76
-91
-106
-120
-133
-145
-158
-169
-178
-186
-193
-199
-204
-209
-213
-211
-210
-211
-207
-202
-201
-199
-194
-188
-183
-177
-169
-158
-147
-139
-131
-125
-120
-115
-106
-98
-89
-79
-70
-64
-55
-43
-35
-26
-18
-12
-6
5
13
21
32
44
59
72
83
94
105
116
128
142
152
161
170
178
182
188
197
205
209
210
211
212
210
210
210
211
209
205
200
196
190
186
179
171
163
154
143
130
121
112
102
89
80
66
52
40
25
13
-1
-12
-22
-36
-50
-62
-73
-86
-100
-112
-120
-130
-140
-147
-155
-163
-169
-174
-175
-175
-179
-181
-182
-184
-183
-183
-182
-179
-175
-169
-165
-162
-157
-153
-150
-146
-141
-134
-128
-122
-116
-109
-103
-97
-93
-85
-74
-65
-59
-51
-45
-38
-32
-23
-14
-8
4
14
22
30
38
47
55
63
72
81
90
98
105
114
122
130
133
137
141
142
146
148
152
153
154
155
153
153
153
152
151
150
152
150
146
140
135
131
126
119
110
99
93
86
79
72
61
52
41
28
16
5
-6
-14
-22
-31
-40
-49
-57
-66
-72
-76
-83
-87
-92
-99
-106
-111
-114
-119
-121
-123
-124
-126
-127
-129
-132
-132
-130
-126
-125
-124
-124
-122
-119
-118
-116
-113
-112
-109
-106
-101
-98
-95
-91
-86
-81
-75
-69
-62
-56
-47
-38
-32
-24
-17
-11
-3
5
15
24
36
47
58
68
77
83
87
96
105
111
116
119
124
129
136
142
147
152
155
159
162
164
163
162
161
159
156
154
149
144
136
130
122
113
106
98
88
81
72
63
53
43
37
28
18
7
-5
-14
-24
-33
-43
-51
-58
-69
-75
-81
-87
-92
-98
-105
-115
-123
-128
-131
-136
-139
-145
-147
-146
-148
-152
-156
-157
-157
-157
-156
-155
-152
-151
-150
-146
-143
-137
-131
-127
-123
-119
-114
-105
-94
-85
-75
-65
-55
-47
-39
-34
-26
-18
-9
3
13
20
29
39
48
57
62
70
77
87
96
105
114
121
129
135
141
146
153
158
161
163
167
166
167
167
166
166
163
157
151
148
147
142
138
132
123
115
107
102
94
87
80
72
65
57
48
40
33
25
19
13
7
-2
-11
-19
-28
-39
-47
-55
-63
-73
-82
-90
-98
-106
-113
-118
-124
-129
-133
-138
-144
-147
-147
-147
-150
-147
-140
-140
-141
-139
-135
-132
-130
-126
-121
-116
-113
-108
-105
-100
-93
-89
-82
-76
-72
-66
-60
-54
-49
-43
-38
-33
-26
-17
-8
0
10
17
23
32
43
52
63
74
83
91
97
101
106
111
116
119
123
124
127
127
123
121
123
122
120
120
118
118
113
110
109
106
106
106
103
96
91
88
85
79
74
68
59
50
41
34
28
21
15
9
-1
-9
-16
-25
-32
-40
-46
-54
-60
-64
-70
-76
-82
-87
-91
-97
-99
-103
-106
-110
-112
-113
-115
-112
-108
-102
-101
-99
-97
-95
-95
-91
-85
-81
-80
-77
-76
-75
-70
-64
-61
-59
-54
-47
-44
-42
-36
-30
-22
-14
-7
1
5
9
15
23
32
40
45
47
53
62
66
69
73
78
84
84
87
91
91
91
96
100
99
98
97
94
90
88
86
86
84
82
79
75
73
70
68
64
57
55
51
48
41
37
32
25
19
16
12
3
-3
-6
-10
-15
-24
-31
-35
-38
-44
-52
-56
-57
-60
-64
-69
-72
-74
-76
-81
-82
-83
-84
-82
-81
-83
-82
-83
-82
-78
-75
-73
-73
-69
-64
-61
-60
-58
-57
-53
-48
-45
-42
-38
-36
-33
-28
-23
-19
-13
-9
-7
-3
-1
5
12
16
19
22
28
36
41
45
47
51
51
53
56
57
59
59
60
60
58
58
62
62
58
56
55
57
57
58
58
55
53
51
50
47
47
46
43
39
35
33
30
27
26
24
23
22
20
14
9
5
0
-3
-7
-9
-8
-11
-14
-15
-19
-21
-24
-26
-28
-31
-32
-33
-35
-37
-35
-34
-36
-35
-36
-37
-38
-38
-37
-36
-37
-37
-36
-36
-35
-36
-38
-38
-37
-37
-35
-34
-34
-30
-29
-27
-23
-19
-16
-12
-10
-9
-8
-6
-3
-1
0
2
3
4
6
8
11
11
11
11
10
9
10
13
13
18
19
21
21
19
20
20
20
20
21
20
20
20
19
18
18
18
15
12
11
12
12
12
11
9
9
9
12
13
12
9
8
8
7
6
6
6
8
6
6
5
6
8
7
3
2
4
6
6
5
5
2
0
-1
-1
-4
-7
-7
-10
-11
-12
-12
-14
-13
-11
-10
-9
-5
-5
-4
-4
-4
-3
-4
-3
-1
0
0
0
-2
-3
-5
-8
-12
-14
-14
-13
-13
-13
-14
-14
-17
-19
-18
-14
-13
-15
-16
-16
-16
-16
-13
-9
-7
-8
-7
-6
-5
-3
-2
0
1
2
2
1
3
3
3
6
5
3
1
1
0
-1
-1
0
0
0
0
3
3
4
5
11
16
15
17
19
23
26
27
28
30
32
35
35
36
36
32
34
34
33
32
31
28
25
24
22
19
17
17
14
11
11
5
3
3
3
2
-1
-3
-3
-5
-10
-14
-14
-15
-16
-17
-16
-19
-21
-22
-25
-29
-30
-31
-32
-33
-35
-37
-39
-40
-43
-45
-44
-44
-45
-44
-42
-44
-41
-41
-40
-37
-34
-33
-32
-30
-27
-26
-25
-24
-24
-25
-24
-18
-14
-10
-8
-5
-3
-3
1
4
4
5
9
11
14
17
19
24
29
31
31
35
37
41
44
46
47
50
55
57
58
61
60
60
60
59
57
58
57
55
56
54
49
44
43
41
38
33
29
27
22
19
16
14
11
9
6
2
-2
-5
-6
-9
-12
-14
-15
-18
-20
-21
-24
-29
-30
-32
-37
-39
-40
-45
-50
-48
-48
-50
-50
-54
-56
-58
-60
-60
-57
-58
-57
-56
-56
-56
-55
-52
-50
-48
-46
-43
-43
-38
-37
-34
-30
-26
-22
-20
-19
-16
-13
-10
-5
0
1
6
7
11
16
19
24
32
33
34
38
43
46
48
51
51
51
53
57
58
58
58
59
61
60
61
59
59
59
59
57
55
54
52
50
47
44
40
38
34
31
30
28
24
20
18
12
7
4
0
-6
-9
-10
-13
-17
-23
-28
-32
-34
-35
-38
-39
-43
-44
-44
-45
-47
-49
-52
-53
-54
-55
-57
-59
-58
-57
-57
-59
-58
-57
-53
-51
-52
-54
-54
-50
-48
-48
-44
-41
-40
-40
-37
-34
-29
-25
-22
-20
-16
-10
-6
-2
1
3
8
12
17
23
24
27
31
36
38
39
43
47
48
51
54
57
60
62
63
60
62
62
64
65
65
65
68
69
68
67
63
62
59
56
55
52
49
45
40
34
31
29
26
23
18
11
7
3
0
-3
-5
-9
-15
-20
-26
-29
-33
-34
-36
-39
-42
-48
-49
-50
-51
-53
-54
-55
-53
-52
-54
-56
-59
-59
-58
-56
-55
-55
-56
-56
-55
-53
-54
-53
-49
-48
-48
-44
-40
-36
-35
-34
-31
-28
-26
-21
-17
-14
-11
-6
-1
2
5
11
14
15
19
24
28
30
33
35
37
36
40
43
46
47
51
50
48
49
49
49
48
48
50
51
52
52
52
54
51
48
48
45
43
42
42
41
40
34
31
29
26
23
18
15
13
10
6
2
-2
-5
-7
-12
-14
-16
-21
-24
-27
-29
-30
-29
-32
-36
-37
-39
-39
-39
-39
-40
-40
-42
-45
-45
-47
-47
-47
-46
-48
-48
-46
-45
-48
-46
-44
-43
-41
-41
-40
-37
-34
-31
-28
-26
-25
-24
-20
-15
-9
-5
1
3
8
10
12
16
18
19
22
25
26
28
31
34
34
36
34
35
36
37
38
38
35
36
38
38
37
39
40
39
39
40
39
39
38
40
39
38
39
38
39
39
36
32
29
25
24
23
20
17
12
6
3
5
5
1
-2
-5
-7
-12
-15
-14
-16
-19
-21
-22
-23
-25
-25
-25
-27
-27
-29
-31
-32
-32
-33
-36
-38
-38
-39
-38
-40
-42
-43
-42
-40
-37
-37
-39
-38
-35
-32
-33
-32
-29
-29
-26
-24
-20
-18
-14
-13
-13
-11
-9
-7
-4
-3
-1
3
4
4
5
7
9
9
11
11
14
14
14
14
16
18
18
19
21
22
22
22
28
30
30
31
30
30
29
32
34
33
33
30
27
25
25
26
24
23
18
17
17
16
16
15
13
13
12
11
11
11
11
12
11
9
8
4
1
2
0
0
-2
-5
-7
-9
-11
-12
-15
-15
-18
-21
-20
-19
-21
-21
-23
-23
-22
-20
-20
-21
-20
-20
-19
-18
-19
-20
-18
-14
-14
-12
-13
-13
-14
-17
-17
-16
-15
-14
-15
-13
-11
-11
-9
-7
-8
-7
-7
-9
-7
-6
-6
-6
-4
0
0
1
3
4
6
8
9
12
12
11
12
12
12
14
14
13
12
12
14
14
15
15
12
15
16
16
17
21
22
21
19
18
18
17
17
17
18
18
17
14
11
15
15
14
13
11
11
12
12
13
11
8
4
3
3
1
0
-4
-4
-5
-10
-12
-11
-10
-11
-10
-12
-15
-17
-19
-18
-18
-18
-18
-20
-22
-23
-23
-23
-23
-25
-26
-24
-24
-23
-23
-23
-25
-26
-26
-27
-25
-24
-24
-21
-19
-19
-19
-17
-15
-14
-12
-9
-7
-6
-4
-2
-1
-2
-1
1
1
3
6
8
7
8
11
9
7
10
12
13
15
16
18
20
21
21
21
20
21
25
27
30
31
32
34
33
33
31
31
30
31
29
28
29
29
26
23
25
21
21
18
17
16
14
12
13
12
11
13
12
8
3
2
0
0
0
-1
-6
-12
-12
-11
-10
-12
-15
-18
-22
-24
-25
-26
-28
-27
-27
-28
-28
-28
-27
-28
-30
-33
-32
-31
-30
-26
-26
-28
-27
-25
-23
-22
-21
-19
-20
-21
-22
-21
-17
-13
-10
-11
-12
-13
-11
-8
-5
-3
-5
-4
-4
1
3
3
7
10
10
9
10
12
11
16
21
24
22
22
23
25
23
23
24
27
27
28
28
27
24
24
24
23
26
24
24
20
18
17
15
15
15
16
14
13
15
12
11
11
11
9
6
7
7
6
3
0
-3
-5
-5
-7
-9
-13
-14
-16
-16
-16
-20
-24
-26
-27
-28
-28
-29
-29
-30
-28
-30
-31
-30
-28
-27
-26
-25
-23
-23
-24
-23
-23
-20
-17
-15
-12
-13
-12
-12
-13
-13
-14
-11
-7
-4
-4
-3
-1
1
1
3
7
10
10
11
12
17
17
20
22
23
25
27
27
31
33
32
31
30
31
32
30
29
32
32
29
27
25
25
26
24
23
21
21
19
17
18
18
15
13
12
12
11
11
8
7
5
3
1
2
-1
-2
-1
-3
-5
-7
-9
-13
-13
-13
-14
-16
-18
-22
-24
-26
-25
-24
-24
-24
-26
-25
-26
-29
-28
-29
-29
-29
-30
-31
-30
-29
-26
-26
-27
-26
-27
-27
-25
-23
-22
-19
-17
-18
-17
-16
-13
-11
-12
-12
-11
-8
-6
-4
-2
0
1
2
5
6
9
10
11
13
13
14
16
19
22
24
24
22
23
23
27
29
28
28
27
27
25
24
24
26
25
23
22
21
23
23
22
23
24
24
22
21
20
19
19
19
16
14
13
12
8
5
4
2
-1
-2
-3
-4
-6
-7
-10
-11
-11
-15
-15
-16
-14
-15
-18
-18
-19
-19
-20
-22
-23
-19
-20
-20
-16
-19
-19
-19
-18
-17
-16
-19
-22
-20
-19
-20
-21
-18
-15
-15
-17
-15
-13
-11
-11
-11
-10
-9
-8
-3
-2
-1
-1
3
2
1
1
5
8
8
9
10
11
12
15
18
16
16
20
21
21
22
25
25
23
21
24
24
22
22
23
24
23
23
20
18
15
15
16
16
15
15
14
12
10
7
6
5
5
4
1
0
-3
-6
-6
-6
-6
-9
-12
-13
-14
-15
-15
-17
-18
-21
-25
-23
-23
-23
-23
-23
-24
-28
-29
-27
-27
-26
-26
-28
-28
-26
-24
-22
-20
-19
-16
-14
-11
-11
-13
-12
-9
-7
-7
-5
-4
-1
-1
-1
-1
0
3
4
5
5
9
11
13
11
12
13
12
12
14
16
16
15
16
19
21
20
21
22
21
21
21
19
19
20
20
16
13
14
14
17
16
14
14
14
12
12
12
11
11
10
9
10
9
10
11
9
9
9
8
6
4
1
0
0
-1
-2
-3
-3
-6
-9
-11
-11
-12
-11
-11
-11
-12
-16
-20
-18
-16
-16
-18
-18
-17
-17
-17
-16
-14
-14
-14
-14
-14
-15
-13
-13
-13
-12
-15
-14
-10
-10
-12
-12
-11
-8
-8
-7
-6
-3
-2
-1
-1
-1
-1
-1
1
1
2
3
4
5
6
5
7
9
9
8
8
8
10
10
7
7
10
10
10
9
8
8
9
10
11
12
12
9
9
8
7
5
6
6
4
1
2
5
4
5
4
4
2
0
0
-1
0
0
1
1
0
-2
-4
-1
0
-2
-2
-3
-5
-5
-4
-4
-3
-4
-5
-5
-6
-6
-5
-6
-8
-8
-6
-6
-6
-6
-5
-5
-6
-7
-7
-5
-2
-4
-3
-4
-5
-8
-7
-6
-5
-4
-2
-4
-5
-4
-4
-5
-6
-6
-4
-2
-1
-2
0
2
5
5
2
2
1
3
5
4
5
6
5
7
8
7
6
8
8
7
8
8
8
8
8
8
9
11
10
10
11
12
12
12
11
9
6
4
5
6
6
3
4
4
4
3
2
0
-1
0
0
-3
-3
-3
-2
2
3
0
-3
-3
-1
-5
-6
-6
-6
-7
-5
-3
-3
-2
-1
-2
-4
-4
-3
-2
-1
-3
-4
-3
-4
-6
-7
-8
-6
-8
-11
-10
-9
-9
-8
-9
-8
-5
-9
-10
-11
-12
-10
-11
-11
-13
-13
-12
-10
-9
-9
-6
-4
-2
-3
-4
-4
0
-1
-2
-1
0
0
-3
-3
-3
-3
-2
1
2
2
2
3
4
4
4
7
8
11
11
10
11
11
8
7
8
11
12
14
14
14
13
13
14
14
14
14
16
16
13
11
9
5
6
5
4
7
7
7
8
8
10
9
6
5
6
6
7
6
6
6
5
4
4
1
1
0
-3
-2
-3
-5
-7
-6
-6
-3
-6
-7
-8
-11
-11
-12
-13
-13
-13
-16
-16
-14
-13
-13
-15
-16
-17
-17
-18
-18
-18
-16
-15
-14
-14
-13
-13
-14
-14
-15
-16
-14
-13
-14
-11
-8
-5
-4
-3
-3
-1
-2
0
2
4
6
7
9
10
9
13
14
14
14
13
12
11
13
14
16
14
15
17
18
18
17
18
19
19
20
17
16
15
16
16
15
14
12
12
14
13
9
4
4
3
2
2
2
2
1
2
1
0
-3
-5
-4
-5
-6
-8
-8
-8
-8
-11
-11
-11
-12
