0
-2
-5
-4
-4
-3
-4
-4
-4
-6
-6
-7
-6
-6
-6
-5
-3
-3
-1
0
0
0
0
-1
0
0
0
-2
-2
-2
-2
-4
-5
-3
-3
-2
-3
-2
-2
-3
-2
0
1
1
0
0
2
2
1
3
3
3
1
0
0
0
0
0
0
1
1
1
0
-2
-3
0
1
1
4
4
1
-1
0
-1
-2
-3
1
2
1
0
0
0
1
3
3
2
1
1
1
0
1
1
1
0
-1
-1
0
-2
-2
-2
-1
-1
-1
-3
-3
0
-1
-2
-1
-1
1
3
3
3
3
3
5
4
3
2
2
2
0
0
0
-1
0
-1
-1
-2
-2
-1
-1
-3
-3
-2
-1
-1
0
1
2
0
2
4
5
3
3
3
3
3
0
1
1
1
0
-1
-1
-1
0
1
2
2
3
2
3
3
5
4
3
3
2
-1
0
1
1
1
-1
-2
-3
-2
-2
-3
0
-1
0
0
1
1
1
1
0
-1
-2
-4
-2
-2
-1
0
1
-1
-2
-2
-2
-1
2
-1
-2
-2
-1
-3
-6
-6
-5
-6
-7
-6
-7
-7
-5
-5
-5
-3
-2
-4
-3
-2
-1
-1
-2
-3
-4
-4
-5
-3
-2
1
0
1
0
2
2
2
3
2
1
1
-1
-1
0
0
1
1
1
0
0
1
1
1
2
2
2
3
4
3
4
6
7
8
9
8
8
7
5
5
3
3
3
1
2
4
4
4
4
2
1
-1
0
1
-2
-1
1
2
2
-1
-1
-1
1
3
1
1
2
0
0
0
-1
-1
-2
0
2
1
0
-1
1
1
-1
-1
-1
-3
-2
-1
1
1
1
-1
-2
-2
-2
-3
-6
-6
-6
-7
-5
-5
-5
-6
-5
-4
-4
-4
-1
0
1
0
1
3
3
3
2
1
2
0
-3
-2
-2
-1
-2
-2
-4
-4
-3
-3
-2
-2
-2
-2
-1
1
1
2
3
5
7
8
7
5
6
7
6
5
4
5
4
4
4
4
3
1
2
4
5
3
2
3
2
-1
-2
-1
-1
-3
-5
-5
-4
-4
-4
-5
-4
-4
-3
-5
-6
-4
-4
-6
-6
-6
-7
-6
-6
-5
-4
-1
-2
-2
-2
-3
-1
1
0
-3
-3
-1
1
1
1
2
2
5
6
7
6
5
4
3
2
3
2
2
2
2
2
1
1
-1
-1
1
3
2
2
1
2
3
2
2
2
2
3
3
4
4
3
2
4
3
4
3
2
2
2
0
-1
1
0
0
1
3
4
2
1
2
1
0
-2
-3
-3
-2
-2
1
1
2
1
-1
0
-3
-3
-4
-2
-1
-2
-3
-5
-3
-4
-5
-4
-3
-3
-5
-4
-3
-3
-3
-3
-2
-1
-2
-2
-2
0
-1
-2
-1
-2
0
1
1
2
2
4
4
4
2
1
1
0
1
3
3
2
2
2
2
3
3
3
4
3
2
3
2
2
4
4
3
1
-1
-1
0
-2
-2
-5
-5
-4
-4
-6
-5
-4
-4
-5
-3
-4
-3
-1
0
1
1
-1
-2
0
0
-1
0
-2
-2
-5
-7
-5
-6
-10
-11
-11
-9
-10
-7
-8
-7
-5
-4
-3
-2
2
1
1
1
2
3
7
11
9
9
11
11
12
13
12
10
9
10
10
10
7
2
3
6
5
6
8
9
7
7
10
8
7
7
8
7
8
3
3
5
4
6
6
6
2
-2
-2
-1
-1
-5
-5
-3
-1
0
1
0
-2
-1
3
4
0
-3
-3
-2
-5
-10
-15
-15
-19
-22
-18
-17
-26
-32
-29
-23
-25
-28
-27
-25
-18
-16
-18
-15
-7
-3
-2
7
10
9
12
18
20
21
21
19
18
22
25
20
16
12
6
2
-3
-9
-12
-8
-8
-11
-8
-1
-1
0
6
12
13
13
14
19
25
24
17
18
23
25
24
28
28
18
12
13
10
1
-5
-11
-14
-17
-24
-30
-32
-32
-35
-34
-33
-35
-33
-23
-18
-18
-17
-17
-19
-16
-11
-8
-11
-10
-2
8
13
15
15
20
22
14
7
5
5
2
-2
3
7
1
-4
5
11
6
4
2
0
0
-1
-6
-3
3
-2
-2
13
21
8
6
15
15
13
16
14
19
31
36
37
38
35
29
25
21
5
-3
-3
-6
-9
-5
-2
-17
-23
-9
-11
-26
-34
-30
-28
-33
-38
-36
-26
-25
-25
-13
-5
0
1
6
21
18
4
1
5
6
8
11
6
-4
-7
-1
-3
-21
-22
-16
-26
-24
-7
-5
-11
-13
-19
-16
-15
-33
-41
-18
4
-1
-2
18
19
11
38
46
26
23
12
1
12
16
2
-7
14
30
8
9
21
16
10
-3
1
8
-10
-20
2
25
25
0
-2
19
15
1
-26
-29
-23
-36
-27
-1
12
6
-5
-1
17
15
-4
-22
-22
9
15
0
12
19
39
51
16
13
28
14
-3
9
23
-12
-44
-33
-14
-9
-24
-47
-35
-2
1
-22
-24
-22
-39
-37
-16
-1
13
24
49
72
53
27
23
33
54
62
54
39
45
44
26
24
2
-28
-21
-16
-53
-67
-56
-73
-79
-73
-59
-46
-38
-18
-3
20
53
14
-20
43
54
7
34
40
18
48
70
61
48
21
-26
-16
20
-1
-44
-33
-2
-54
-112
-77
-76
-123
-88
-45
-82
-73
-32
-56
-12
56
30
18
53
79
61
39
68
27
-36
57
76
-24
35
105
34
-19
22
7
-71
-43
-22
-63
-52
-61
-106
-74
-33
-77
-82
12
56
16
25
70
45
25
24
-16
43
87
3
38
134
62
-17
53
77
14
9
54
19
-43
5
27
-40
-5
14
-64
-12
47
-61
-105
-4
-8
-90
-38
52
-13
-13
121
100
41
68
22
0
41
8
-47
-15
48
-13
-2
102
62
-38
-33
-3
-43
-62
-52
-40
-27
13
-63
-137
-13
18
-48
-7
58
-11
-25
19
-40
-14
34
-42
-30
71
69
29
21
42
48
9
10
21
-37
55
67
-50
55
58
-66
-68
36
41
-101
-77
34
-19
-54
-51
-55
-33
-16
6
-26
42
113
-72
-92
112
5
-133
-4
25
17
44
44
9
-29
75
81
-42
-11
41
-1
16
22
-4
35
18
-52
-25
63
-6
-90
-50
-59
-17
-11
-107
-11
69
22
11
-46
-60
-54
-39
-8
-5
59
49
-120
-28
173
6
-38
46
-40
-52
-42
-43
-5
13
-47
-77
-35
-12
-96
-108
100
127
-35
-53
52
-7
-79
28
110
118
-4
-3
158
166
45
-11
66
87
-20
-114
39
127
-58
-41
-15
-67
-42
-73
-6
118
153
-31
-27
153
30
-53
14
52
-9
13
147
44
42
161
54
-26
-5
-36
-148
-103
-8
-67
-35
1
-70
-196
-42
119
-72
-23
91
-1
-52
17
11
-102
-19
70
-12
-74
57
62
-92
-28
49
78
16
-95
2
34
-30
-126
-117
49
16
-50
10
109
71
-54
-114
36
109
-134
-72
116
41
-72
-80
156
94
-137
65
119
-1
-18
38
120
50
3
-49
-13
36
-19
-13
105
22
-225
-88
81
-82
-242
-34
161
-149
-146
77
-39
-101
-102
-28
89
24
-74
-36
196
168
-41
67
133
-11
49
128
110
102
14
-13
13
-7
-93
-88
-60
-130
-62
127
-104
-143
119
-64
-20
19
-164
-85
-39
-47
-23
44
73
-61
-14
156
32
12
132
90
64
61
54
-7
-70
67
121
-20
63
-85
-41
156
-70
12
74
-60
-132
-63
92
-86
-215
38
87
-97
102
162
-185
-10
102
20
1
51
144
-26
180
116
16
43
-31
24
-69
-10
19
-89
-124
40
-4
-48
-110
-103
-15
-56
122
23
-131
15
-9
-93
107
-193
-147
295
-13
-130
105
188
-26
-198
95
47
-156
-107
-98
14
146
-80
-115
16
42
42
-125
61
171
-148
-102
191
179
-191
-183
283
87
-116
122
26
-8
-78
11
169
-25
-127
-48
8
191
68
-233
175
209
-132
-42
225
99
-347
-80
290
63
-386
7
280
-294
-97
247
-91
-301
32
-39
-146
148
-142
-299
180
299
-223
-80
504
63
-368
346
386
-386
-110
483
-110
-314
218
5
-216
-3
-65
-119
151
-60
-351
170
368
-191
-293
384
406
-490
-178
329
-24
-240
-18
240
24
-70
-189
152
111
-9
-117
-259
187
87
-355
-288
442
-54
-377
118
414
45
-376
449
347
-294
349
174
-192
76
191
-26
-329
276
92
-366
-79
373
-186
-370
211
-252
19
-60
-23
14
-148
145
-77
-216
170
247
-235
114
203
79
-201
29
399
-360
57
327
-66
-158
257
52
-225
215
-48
-91
-84
188
-208
-379
162
84
-165
-79
178
288
-265
-292
306
-225
-267
-96
-24
138
-131
-47
-58
-90
239
5
-238
292
106
-18
-148
-22
627
-311
-79
555
-58
-80
33
-35
72
-52
71
-22
-198
156
-374
-250
445
-102
-363
337
-115
-149
281
-166
-360
219
185
-357
269
271
6
-8
337
107
-245
274
-113
-461
32
522
-447
-446
483
78
-35
82
36
241
-263
-115
298
-269
-17
-47
-218
302
93
-363
259
188
-14
99
-76
379
-146
-374
187
398
-598
-236
264
73
-297
-305
464
-176
-208
403
-182
-146
203
-268
249
25
-52
-186
-14
197
-184
78
252
-55
-442
441
41
-162
76
-287
93
135
-243
-156
462
-42
-530
377
91
-149
-171
308
324
-68
20
-31
321
-188
319
-383
147
245
-655
231
244
-99
-301
221
291
-274
-241
396
-208
-306
262
-56
-148
55
-301
-90
265
-35
-307
-119
573
-341
-163
338
-76
-17
-282
397
252
-302
-50
478
-4
-413
282
311
-245
-368
531
151
-284
52
-153
-59
335
-162
-576
283
335
-555
-753
1036
74
-836
373
432
-22
-173
326
49
418
-454
356
-66
-393
481
-521
54
319
22
-315
75
399
-100
-864
351
326
-698
-193
504
-194
-392
603
-52
-527
-84
753
-550
-230
715
0
-179
-14
73
86
158
36
-69
49
156
-264
71
148
351
-235
164
59
-195
154
-5
93
15
375
-294
171
-8
-230
-151
-342
113
-47
-625
306
151
-736
451
207
-163
-370
74
301
-238
115
238
308
-62
115
390
205
-74
280
308
82
-188
-117
290
-643
-225
321
-547
-569
-40
-415
-312
-92
223
-585
-142
605
-485
-328
383
536
-430
561
607
-140
166
300
384
-41
521
414
-472
384
-70
-179
-54
169
114
-515
285
-191
-56
-652
109
-119
-902
-69
-209
-367
-329
598
-152
-112
211
-9
-77
-25
693
-28
-588
964
-172
-128
592
254
161
-3
739
-405
-99
154
460
-389
-173
292
-357
-156
-632
43
-40
-588
-315
-173
-150
-213
3
212
-126
222
535
-340
53
856
-66
125
883
385
-148
365
786
-410
24
639
-652
-194
271
-499
-537
-45
-468
-784
-627
-322
-570
-800
373
-314
-314
500
124
242
-83
902
545
180
526
941
163
252
957
-83
377
-28
191
-225
-140
159
-45
-646
-355
-35
-545
-492
-452
18
-834
-302
-330
183
-528
-341
675
179
-138
397
495
-563
813
-102
98
442
301
427
-296
494
312
-342
305
429
-579
-7
643
-651
-251
245
-324
-501
-484
227
-936
-66
575
-922
2
696
-160
-437
711
337
-138
3
405
194
-373
652
179
-238
465
-25
-591
272
-65
-522
25
-107
-166
-523
425
25
-421
340
145
-348
-579
589
-220
-465
473
533
-56
-166
942
65
82
381
240
-535
38
322
-534
-137
416
-8
-1119
326
-33
-569
-184
2
122
-551
-40
23
-231
-248
406
200
-139
271
-26
589
-100
162
562
-128
32
81
553
-504
313
611
-720
351
149
-407
-479
170
352
-901
265
258
-596
-330
698
38
-649
446
127
-557
-470
608
-468
-622
617
-305
-197
42
469
-254
-77
650
498
-548
137
1422
-1260
752
905
87
-288
342
693
-1075
435
477
-145
-360
759
-328
-950
449
-364
-938
-141
-423
-447
-652
210
-196
-293
917
-402
-208
128
554
-540
681
565
-93
659
229
734
70
403
645
-355
246
88
-947
475
-142
-973
-219
-183
-951
-467
-141
-447
-161
-343
25
47
-11
289
-104
256
695
-229
853
704
-324
619
862
178
-178
221
178
36
-346
-322
-208
-316
-625
-272
-49
-356
-439
-741
-35
-63
3
-194
172
755
-805
188
912
431
-559
404
1270
-1059
836
697
28
360
321
-112
-651
321
-830
-734
278
-43
-1323
-422
1124
-851
-1528
1675
270
-1310
-477
1069
126
-1178
1422
405
-516
844
630
-578
652
828
-1066
286
673
-606
-356
31
704
-1487
2
639
-1007
76
-198
244
257
706
-1075
1202
601
-1141
231
217
-23
-1030
840
-48
-262
368
247
-139
474
364
-875
-31
536
-1286
-240
1196
-37
-448
964
601
-1196
529
600
-68
-953
648
-237
-769
156
-341
4
217
649
-792
383
235
-343
-29
-373
566
-180
-905
700
241
50
-142
666
234
-140
-14
753
605
-1646
1206
-655
-441
234
259
47
-351
766
-1167
209
-319
169
-970
-307
689
-1045
-317
202
485
-646
313
254
-596
-140
737
-41
-68
686
747
-516
1017
508
-357
544
-337
-16
-833
636
-608
-726
142
-29
-237
-256
491
-16
-162
-558
447
-502
-658
261
502
189
-354
983
-102
506
651
-218
619
537
-648
-121
598
-487
193
-238
77
125
-900
-112
-669
-68
-225
-743
495
-330
-1057
210
512
-481
77
137
305
303
172
611
-139
1198
-420
500
1113
-409
165
138
246
-573
205
-599
-143
-577
-261
-1
-538
-71
-807
148
-249
13
-240
140
103
-646
901
143
389
-376
538
1034
-277
693
42
254
668
-655
-502
1046
-813
-1003
690
280
-499
-835
-79
585
-983
136
408
-792
5
-324
-60
75
641
-209
-278
1304
276
-9
3
1823
26
-1411
1670
-254
-747
-484
944
-788
-650
596
-245
-782
281
960
-2203
704
90
-1512
319
508
-488
-621
777
191
-567
792
921
-552
-198
957
-443
212
255
568
-193
-351
884
-887
704
-372
-440
4
221
-745
-368
1147
-571
-863
12
570
-1000
86
474
-1114
433
396
-747
764
1226
-840
-113
1470
-210
-756
811
1007
-1042
587
129
-1012
425
-133
-598
573
438
-1326
327
276
-244
-994
972
-37
-1591
771
-12
-186
485
-108
540
169
-760
933
182
141
-598
353
-49
466
-481
269
1236
-613
105
-547
1736
-1563
-148
1361
-1181
-45
-469
-97
-581
827
-730
-1138
1118
-616
-1312
157
1826
-1307
-669
2073
-526
-846
387
1258
-1086
198
918
-672
1132
-276
-99
178
603
-140
-410
377
-482
-412
-679
385
139
-983
805
417
-959
-7
525
375
-638
-94
17
277
-943
89
528
302
224
-811
1249
-108
-100
30
1114
361
-1376
645
264
88
-330
263
377
-45
-354
-524
920
-322
-44
-357
-449
144
-1226
-52
221
570
-862
-414
1116
-345
-752
636
1061
-431
-997
913
763
-636
458
617
58
179
-704
-235
1065
-865
125
40
39
-113
-1386
395
-57
-569
77
-246
-158
406
-791
575
827
-603
12
455
432
-379
-744
1455
-282
-606
1255
-275
793
-342
64
421
30
-602
-527
-6
13
-491
-650
253
-661
298
-489
-7
1231
-657
27
613
-59
-29
-179
622
-8
99
531
-155
233
350
-303
465
558
-538
-193
-14
-219
-437
-47
11
-378
-199
138
-591
227
67
-716
273
-27
-393
-148
165
288
-157
19
373
-24
16
438
250
71
670
-387
196
351
16
-211
-340
745
-779
-553
450
-233
-579
235
68
-586
134
-157
-218
-278
130
-290
-783
896
-185
-158
823
583
-186
221
754
-27
133
299
552
-237
-210
261
112
-43
15
-156
-46
143
-427
-518
339
-245
-595
-155
265
143
-829
177
157
22
-156
49
500
45
-95
-158
327
148
-51
-220
268
347
-309
-138
314
189
-443
-78
303
-182
-292
450
-10
-341
229
188
-297
-294
-135
-298
-4
64
-276
-191
418
-192
-231
265
185
-423
-254
157
65
71
18
316
47
306
130
188
391
50
-109
176
172
-379
-73
181
-94
-489
-98
-16
-441
95
-179
-319
94
-153
-150
167
424
-253
11
715
227
-96
443
425
-9
133
109
123
23
48
12
195
296
-292
-293
4
19
-123
-85
-36
-100
-148
-184
169
2
-205
-284
-22
151
-325
-129
151
79
-308
-59
381
10
-116
136
244
-280
-358
-125
-294
-269
-471
-358
-94
-100
-349
-171
210
-395
-625
-77
232
-112
-280
26
146
2
-239
163
491
328
155
396
683
306
102
466
697
258
42
235
502
240
154
538
731
433
169
576
764
244
40
344
224
-83
-30
112
2
-134
-350
-42
66
-336
-425
-175
-186
-645
-600
-188
-351
-773
-481
-170
-382
-543
-440
-206
-332
-478
-477
-281
-398
-593
-388
-301
-320
-560
-524
-252
-406
-502
-366
-270
-641
-908
-641
-360
-640
-891
-556
-515
-697
-528
497
1221
855
720
1103
1414
1176
1253
1778
1954
1652
1704
2329
2510
2039
1535
1703
1544
1028
816
666
411
38
-342
-411
-472
-967
-1358
-1249
-916
-1068
-1266
-1014
-905
-1145
-1126
-649
-660
-798
-448
-47
35
87
247
349
286
161
172
222
78
-253
-185
-175
-563
-803
-956
-1004
-1291
-1706
-1766
-1852
-2023
-2143
-2075
-2002
-2033
-2029
-1896
-1513
-1366
-1237
-763
414
1175
1272
1973
2342
2323
2397
2826
3112
3006
3159
3316
3507
3515
3167
2701
2210
1757
1035
731
509
-125
-632
-1014
-1342
-1879
-2331
-2537
-2466
-2286
-2174
-1862
-1328
-1107
-938
-354
201
592
951
1646
2195
2347
2452
2469
2452
2194
1901
1662
1313
789
265
-91
-541
-1131
-1710
-2101
-2536
-3120
-3469
-3696
-3742
-3776
-3756
-3488
-3270
-3157
-2951
-2415
-1810
-1405
-961
-413
-17
159
299
835
1166
1154
1076
1190
1458
1724
2145
2883
3795
3394
2386
1941
1988
1700
1220
1324
1327
1180
929
1146
1261
620
-218
-643
-526
-542
-639
-497
-360
-382
-614
-776
-662
-682
-710
-394
437
1014
1023
1181
1435
1480
1379
1492
1760
1762
1807
2054
2226
1852
1242
802
166
-682
-1235
-1450
-1852
-2329
-2531
-2642
-2826
-3116
-3326
-3150
-3121
-3281
-3068
-2473
-2052
-1890
-1586
-1163
-998
-818
-325
228
529
520
683
948
869
287
-179
-222
-379
-592
-716
-619
-511
-387
116
1352
2166
1533
909
1160
1669
1691
1919
2574
2868
2726
2782
3327
3361
2512
1701
1521
1412
1038
568
303
27
-575
-1272
-1604
-1809
-2255
-2436
-1925
-1162
-966
-903
-671
-492
-428
-304
246
830
1131
1395
2095
2620
2309
1891
1755
1494
954
592
429
0
-728
-1249
-1472
-1870
-2458
-2845
-2970
-3083
-3291
-3350
-3140
-2858
-2668
-2561
-2284
-1999
-1784
-1422
-853
-378
-246
-27
287
409
265
-84
-291
-344
-311
-186
14
357
701
1116
1724
2727
3084
2404
1853
2206
2919
2918
2808
3076
3118
2595
2342
2636
2394
1415
539
247
185
-302
-882
-1180
-1353
-1839
-2481
-2631
-2504
-2531
-2399
-1541
-568
-355
-516
-129
509
798
1053
1651
2220
2361
2482
2919
3166
2845
2284
1821
1349
810
316
-176
-821
-1564
-2121
-2539
-3040
-3501
-3672
-3760
-3928
-3826
-3419
-3041
-2851
-2531
-1977
-1611
-1429
-1058
-468
9
223
542
955
1127
921
588
237
-238
-514
-472
-211
-222
-254
37
451
684
1259
2250
2387
1651
1301
1984
2615
2488
2450
2929
3101
2691
2607
2845
2447
1375
620
556
397
-221
-763
-906
-1163
-1980
-2594
-2454
-2190
-2254
-1918
-996
-529
-786
-752
-161
250
392
816
1525
1915
1997
2113
2247
2038
1680
1576
1444
929
282
-123
-410
-956
-1644
-2105
-2494
-2899
-3054
-2820
-2712
-2796
-2682
-2307
-1905
-1709
-1448
-1074
-851
-710
-216
371
415
242
337
524
432
214
83
-348
-1078
-1488
-1219
-981
-1410
-1817
-1404
-524
36
894
2557
3374
2507
1559
2105
3220
3318
3148
3815
4480
4099
3500
3550
3391
2140
708
229
239
-355
-1388
-1892
-2099
-2903
-3909
-4072
-3633
-3558
-3510
-2707
-1752
-1555
-1610
-973
50
661
1163
2098
2894
3066
3127
3541
3779
3445
3082
3049
2746
1802
852
392
-180
-1251
-2184
-2567
-2882
-3465
-3752
-3541
-3495
-3700
-3598
-3044
-2556
-2338
-1939
-1245
-553
-177
21
190
245
168
290
742
992
920
804
510
-212
-914
-1146
-1246
-1593
-1533
-515
524
867
1653
3093
3293
1856
875
1686
2811
2935
3133
3970
4181
3224
2433
2455
2204
989
-260
-469
-450
-1296
-2394
-2758
-2821
-3613
-4390
-4031
-3208
-3069
-2974
-1998
-967
-719
-565
309
1346
1871
2334
3151
3663
3576
3510
3766
3802
3204
2428
2005
1753
1023
37
-646
-1322
-2330
-3196
-3449
-3572
-3863
-3819
-3233
-2772
-2595
-2144
-1571
-1213
-799
-178
277
600
1207
1769
1736
1291
943
669
399
290
171
-228
-885
-1676
-2538
-2996
-2914
-2902
-3224
-2836
-1395
-342
-110
976
2899
3120
1606
1111
2573
3787
3757
4053
5048
5122
4056
3388
3290
2607
1016
-426
-859
-945
-1715
-2799
-3160
-3199
-4022
-5042
-4874
-3915
-3517
-3243
-2016
-549
33
329
1246
2347
3003
3570
4352
4790
4643
4411
4283
3938
3237
2356
1582
1179
779
-80
-1220
-2316
-3152
-3659
-3805
-3686
-3404
-3074
-2772
-2538
-2239
-1695
-1302
-1075
-410
540
1006
1094
1514
1901
1388
379
-88
-192
-524
-860
-1057
-1569
-2467
-3099
-3505
-3959
-4081
-3770
-3592
-3365
-2197
-626
7
395
2232
3946
3480
2406
3222
5054
5458
5030
5496
6207
5574
4293
3766
3544
2304
135
-1346
-1499
-1758
-3047
-4098
-4002
-4121
-5382
-6048
-4959
-3829
-3764
-3156
-1328
90
482
1176
2532
3412
3684
4199
4891
5066
4796
4620
4442
3866
3031
2273
1762
1221
353
-561
-1380
-2157
-2717
-2948
-3046
-3065
-2895
-2711
-2765
-2834
-2332
-1601
-1359
-1145
-525
-271
-650
-695
-64
56
-850
-1555
-1492
-1509
-1902
-2142
-2177
-2461
-2896
-3007
-2755
-2393
-2281
-2515
-2410
-1314
96
743
1167
3166
5572
5656
4181
4010
5416
5904
5092
5017
5722
5286
3829
2907
2515
1377
-844
-2842
-3296
-2976
-3587
-4765
-4980
-4586
-5206
-6186
-5404
-3442
-2546
-2224
-670
1407
2364
2699
3571
4605
5091
5329
5749
6061
5831
5161
4471
3853
3212
2291
1189
452
-384
-1589
-2575
-3295
-3903
-4300
-4422
-4285
-3840
-3327
-3158
-3347
-3166
-2266
-1594
-1353
-705
-53
-234
-534
-99
494
119
-907
-1287
-1095
-1189
-1534
-1837
-2172
-2551
-2936
-3303
-3227
-2700
-2397
-2566
-2072
-194
1557
1589
2036
4903
6974
5795
4071
5026
6680
6006
4678
5277
6071
4657
2549
1617
1163
-376
-2866
-4324
-3886
-3610
-4834
-5874
-5183
-4573
-5563
-5805
-3716
-1759
-1430
-542
1711
3255
3553
4133
5175
5819
6095
6343
6349
5969
5274
4349
3294
2403
1607
443
-634
-1210
-1907
-2894
-3802
-4497
-4776
-4626
-4380
-4014
-3347
-2789
-2823
-3029
-2358
-1256
-999
-882
-120
204
-419
-743
-219
-91
-980
-1915
-2022
-1845
-2181
-2751
-2940
-2829
-2850
-3019
-2923
-2278
-1647
-1343
-959
-177
1242
2824
3512
4311
6775
8636
7535
5382
5312
6506
5944
4413
4347
4465
2862
987
1
-750
-2243
-4506
-5963
-5633
-4880
-5298
-5932
-5210
-4294
-4627
-4522
-2469
-516
-20
1113
3449
5012
5439
5905
6462
6620
6643
6652
6211
5399
4702
3804
2455
1296
292
-1225
-2514
-2996
-3627
-4622
-5417
-5707
-5617
-5547
-5438
-5024
-4275
-3491
-3145
-2881
-1779
-509
-269
-214
613
1023
419
216
978
1218
181
-824
-966
-1096
-1780
-2266
-2187
-2074
-2326
-2655
-2453
-1798
-1574
-1558
-830
263
1241
2306
3411
4562
6218
7336
6755
5074
4327
5033
5013
3958
3400
3162
1985
463
-505
-1177
-2288
-3892
-4966
-4794
-4075
-4088
-4577
-4203
-3175
-2940
-2902
-1539
218
869
1614
3511
5053
5213
5124
5512
5793
5552
5154
4598
3660
2753
1828
678
-293
-1189
-2464
-3528
-3761
-3846
-4318
-4876
-5015
-4700
-4289
-3793
-3313
-2780
-2035
-1347
-901
-264
683
1093
944
1038
1114
541
-68
-9
46
-622
-1600
-2099
-2370
-2947
-3326
-3112
-2553
-2223
-2281
-2092
-1408
-957
-741
63
1263
2043
2560
3756
5107
5355
5838
7180
7367
5399
3472
3560
4009
3032
1463
835
454
-628
-1961
-2654
-2850
-3724
-4997
-5128
-3987
-3354
-3871
-3770
-2311
-1263
-1108
-446
919
1990
2689
3820
5150
5622
5506
5435
5321
4956
4137
2980
1780
881
277
-410
-1403
-2529
-3485
-4196
-4456
-4448
-4233
-3915
-3883
-3767
-3105
-2210
-1798
-1644
-1036
-190
332
676
1177
1446
1174
657
229
-184
-750
-1167
-1374
-1529
-1786
-2339
-2845
-2969
-2993
-2924
-2435
-1804
-1452
-1271
-833
-369
-133
506
1558
2088
2220
3076
4437
4890
4975
6136
6890
5566
3421
2860
3473
3085
1670
697
487
-119
-1226
-2097
-2232
-2469
-3566
-4425
-4068
-3369
-3448
-3615
-2724
-1403
-978
-739
256
1340
1916
2531
3611
4607
4926
4794
4583
4259
3673
2843
1927
1155
724
388
-138
-928
-1740
-2325
-2717
-2938
-3079
-3028
-2932
-3018
-2927
-2533
-2184
-2153
-2089
-1704
-1274
-1031
-787
-438
-333
-432
-488
-629
-906
-1059
-945
-871
-1079
-1335
-1484
-1483
-1359
-1203
-1099
-875
-585
-417
-216
58
157
4
259
1033
1629
1616
1717
2494
3207
3306
3845
5115
5241
3572
1904
1818
2190
1470
345
223
494
114
-625
-1014
-1072
-1759
-3116
-3803
-3145
-2311
-2281
-2229
-1253
-361
-503
-725
35
1117
1792
2467
3521
4477
4661
4158
3596
3310
2933
2152
1417
1482
1853
1461
400
-426
-968
-1940
-3121
-3705
-3616
-3517
-3848
-4136
-3925
-3648
-3706
-3747
-3290
-2632
-2329
-2063
-1206
-131
306
272
318
393
317
336
668
1060
1092
770
455
336
167
-393
-1076
-1303
-1028
-848
-1007
-1209
-1300
-1278
-1052
-586
-153
9
270
1074
2275
3390
4354
4810
4370
3482
2919
3034
3175
2849
2370
2105
1884
1485
797
-10
-709
-1625
-2871
-3779
-3758
-3294
-3053
-2793
-2123
-1558
-1435
-1122
-172
860
1616
2432
3457
4383
4883
4883
4505
4020
3524
3001
2518
2306
2043
1149
-154
-1283
-2323
-3660
-4864
-5315
-5086
-4926
-5126
-5172
-4838
-4331
-3962
-3671
-3180
-2472
-1732
-923
182
1270
1738
1580
1467
1856
2324
2386
2167
2012
1772
1248
660
113
-541
-1413
-2241
-2563
-2357
-2118
-2155
-2348
-2317
-2113
-1948
-1602
-880
-89
289
642
1560
3027
4288
5229
5947
5943
5245
4366
3961
3797
3307
2495
1802
1322
778
-11
-1075
-2027
-2930
-3885
-4487
-4393
-3855
-3349
-2832
-2053
-1321
-974
-668
-24
975
2125
3207
4126
4796
5122
5058
4600
4010
3407
2734
2006
1356
731
-140
-1280
-2552
-3700
-4627
-5199
-5363
-5259
-5010
-4736
-4436
-4091
-3670
-3206
-2667
-2019
-1231
-287
743
1709
2405
2809
3001
3012
2834
2609
2444
2131
1531
828
181
-479
-1294
-2249
-3103
-3650
-3831
-3675
-3286
-2865
-2567
-2515
-2469
-2099
-1322
-257
779
1616
2124
2532
3175
4263
5491
6529
6807
6086
4928
3857
3156
2479
1698
914
294
-279
-644
-889
-1326
-2011
-2968
-3798
-4119
-3784
-3062
-2213
-1371
-529
49
305
591
1027
1545
2144
2843
3617
4170
4372
4251
3705
2806
1655
534
-321
-779
-952
-1064
-1392
-2077
-2962
-3936
-4654
-4966
-4839
-4287
-3532
-2775
-2157
-1715
-1437
-1288
-1277
-1116
-539
412
1492
2312
2673
2518
1896
1126
584
258
-54
-314
-469
-619
-906
-1438
-2160
-2959
-3507
-3468
-2841
-1814
-721
-56
-46
-280
-303
40
659
1367
2080
2530
2758
3095
3842
4652
5123
4921
3944
2826
1926
1483
1217
873
457
64
-225
-341
-266
-367
-724
-1277
-1815
-2094
-1999
-1576
-1133
-802
-452
-145
75
219
398
542
672
935
1389
1852
2180
2306
2012
1450
690
30
-321
-346
-144
17
-22
-344
-933
-1756
-2470
-2891
-3106
-2952
-2568
-2132
-1798
-1692
-1827
-2171
-2493
-2501
-2005
-1213
-264
556
947
908
602
262
55
82
236
454
706
932
987
636
31
-694
-1262
-1369
-973
-233
483
890
736
137
-526
-873
-774
-383
135
636
872
914
871
1092
1578
2002
2270
2193
2063
1983
2064
2176
2112
1878
1621
1557
1628
2021
2327
2226
1581
537
-484
-1319
-1782
-1874
-1739
-1585
-1462
-1481
-1652
-1876
-2232
-2508
-2429
-1860
-871
174
1091
1586
1551
1140
827
828
1077
1557
1986
2206
1994
1379
505
-480
-1367
-2044
-2463
-2649
-2714
-2768
-2822
-2906
-3128
-3407
-3507
-3279
-2740
-1970
-1063
-232
324
585
767
946
1219
1563
1856
2121
2265
2364
2287
1959
1503
926
484
241
167
187
84
-222
-728
-1282
-1657
-1744
-1637
-1505
-1363
-1265
-1143
-901
-421
449
1256
1985
2412
2614
2787
2926
3148
3228
3214
3024
2939
2853
2839
2789
2386
1652
571
-641
-1809
-2623
-3047
-3165
-3135
-3094
-3060
-3214
-3423
-3595
-3633
-3388
-2824
-1818
-622
649
1661
2250
2465
2421
2450
2537
2832
3194
3493
3506
3064
2297
1187
83
-938
-1739
-2268
-2541
-2636
-2704
-2703
-2818
-3052
-3426
-3671
-3532
-2974
-2038
-892
191
877
1181
1228
1223
1331
1570
1984
2466
2876
3008
2768
2232
1541
902
360
34
-101
-241
-414
-728
-1141
-1657
-2154
-2498
-2634
-2580
-2409
-2154
-2017
-1831
-1612
-1010
-160
874
1824
2359
2729
2873
3014
2899
2660
2370
2314
2493
2828
3270
3265
2723
1468
-150
-1619
-2565
-2837
-2668
-2305
-2031
-2046
-2458
-3104
-3696
-4091
-3941
-3251
-2021
-567
794
1799
2223
2263
2101
2149
2413
2987
3686
4207
4413
4129
3478
2487
1451
490
-315
-878
-1280
-1494
-1722
-1952
-2290
-2738
-3230
-3640
-3682
-3379
-2712
-1960
-1318
-910
-763
-646
-417
70
625
1139
1491
1703
1793
1683
1580
1436
1316
1147
907
621
314
18
-385
-807
-1314
-1762
-2085
-2308
-2376
-2425
-2417
-2474
-2531
-2483
-2151
-1316
-338
738
1468
1907
2052
2085
2198
2168
2281
2393
2888
3372
3860
4126
3873
3156
1841
505
-624
-1201
-1384
-1388
-1418
-1671
-2106
-2759
-3253
-3488
-3460
-3181
-2623
-1616
-511
656
1540
2125
2483
2658
2929
3237
3711
4141
4489
4608
4368
3802
2828
1796
733
-195
-912
-1409
-1702
-2047
-2392
-2876
-3351
-3877
-4346
-4602
-4615
-4241
-3744
-3136
-2580
-2029
-1471
-850
-132
389
798
1037
1278
1497
1712
1982
2161
2217
2031
1687
1205
679
166
-347
-833
-1291
-1701
-2001
-2218
-2359
-2612
-2898
-3160
-3352
-3293
-2882
-1806
-541
729
1567
1976
2083
2068
2255
2407
2776
3060
3531
3927
4356
4721
4607
4042
2869
1567
303
-475
-821
-986
-1141
-1485
-1899
-2429
-2830
-3043
-3110
-2897
-2441
-1586
-640
412
1329
2004
2501
2742
3009
3196
3513
3847
4125
4230
4007
3464
2524
1484
379
-599
-1421
-2070
-2531
-2914
-3158
-3446
-3802
-4326
-4906
-5298
-5316
-4889
-4165
-3297
-2415
-1625
-962
-431
68
416
633
855
1166
1678
2198
2686
2903
2812
2394
1742
1068
505
161
-161
-491
-832
-1226
-1596
-2071
-2514
-2921
-3259
-3440
-3560
-3389
-3025
-2101
-1021
147
1149
1768
2255
2491
2936
3207
3586
3835
4215
4693
5066
5468
5412
4983
3868
2424
955
-211
-864
-1275
-1426
-1588
-1804
-2133
-2625
-3039
-3499
-3645
-3462
-2690
-1490
-168
1109
1900
2445
2566
2624
2699
2873
3189
3392
3598
3474
3117
2311
1208
19
-1127
-1907
-2436
-2648
-2843
-2992
-3305
-3787
-4332
-4965
-5328
-5408
-4994
-4209
-3241
-2313
-1613
-1043
-624
-69
501
1057
1624
2065
2518
2852
3140
3240
3113
2724
2080
1357
612
38
-435
-814
-1156
-1527
-2015
-2550
-3077
-3489
-3717
-3824
-3757
-3637
-3229
-2539
-1296
170
1734
2951
3569
3830
3912
4229
4514
4945
5219
5531
5709
5813
5895
5589
4833
3437
1704
-44
-1387
-2209
-2721
-3006
-3318
-3663
-4031
-4393
-4514
-4572
-4312
-3806
-2840
-1603
-192
1222
2232
2985
3299
3549
3665
3848
4129
4290
4348
3955
3322
2257
1015
-258
-1467
-2331
-3046
-3450
-3852
-4150
-4585
-5106
-5609
-6000
-5947
-5584
-4733
-3712
-2553
-1477
-579
188
722
1273
1687
2119
2552
2940
3331
3481
3497
3147
2630
1915
1115
384
-351
-791
-1227
-1497
-1803
-2114
-2456
-2865
-3048
-3181
-3029
-2904
-2665
-2436
-2077
-1387
-335
1242
2725
4127
4849
5140
5130
5038
5191
5183
5272
5001
4792
4418
4074
3727
2967
1890
188
-1560
-3161
-4193
-4634
-4775
-4615
-4483
-4247
-4114
-3874
-3473
-3068
-2374
-1570
-303
1066
2597
3916
4768
5214
5156
5032
4609
4245
3797
3283
2672
1794
818
-489
-1768
-3116
-4239
-5049
-5572
-5625
-5560
-5251
-5092
-4987
-4923
-4749
-4212
-3480
-2324
-1110
130
1123
1754
2233
2449
2635
2600
2570
2520
2467
2493
2343
2123
1564
886
98
-658
-1127
-1453
-1532
-1596
-1537
-1429
-1431
-1413
-1566
-1646
-1777
-1609
-1283
-979
-606
-413
62
511
1606
2621
3650
4391
4501
4378
3767
3711
3355
3176
2893
2760
2817
2627
2675
2114
1256
-50
-1506
-2783
-3683
-3681
-3505
-3125
-2682
-2298
-2055
-2115
-1895
-1842
-1499
-951
-5
1165
2342
3546
3926
3973
3560
3083
2359
1695
1479
1152
959
457
-93
-1006
-2070
-2991
-3995
-4479
-4602
-4321
-4039
-3616
-3129
-2978
-2887
-2869
-2658
-2275
-1602
-734
50
756
1219
1426
1415
1421
1392
1232
1296
1562
1918
2038
2029
1753
1202
724
334
158
99
203
102
-165
-297
-351
-466
-684
-930
-1342
-1796
-2022
-1994
-1912
-1745
-1649
-1454
-1131
-61
1170
2254
3289
3751
3817
3306
3323
3361
3382
3503
3456
3544
3301
3216
2650
1641
463
-1002
-2399
-3518
-3738
-3598
-3382
-3058
-2991
-3104
-3429
-3370
-3244
-2693
-1600
-355
1000
2167
3505
4041
4138
3913
3521
3112
2634
2679
2572
2446
1998
1120
-70
-1504
-2644
-3883
-4694
-5011
-5008
-4788
-4443
-3806
-3456
-3140
-2917
-2651
-2249
-1585
-595
206
1105
1892
2543
2829
3004
3226
3059
2928
2822
3035
3068
2937
2534
1617
719
-216
-787
-1295
-1571
-1809
-2262
-2500
-2601
-2425
-2399
-2416
-2492
-2764
-2778
-2659
-2183
-1836
-1356
-928
-575
136
1179
2627
3555
4658
5218
5260
4722
4197
4165
3701
3524
2997
2794
2324
1690
817
-509
-1544
-2781
-3840
-4633
-4634
-4157
-3935
-3480
-3159
-2869
-2738
-2364
-1605
-769
696
2004
3332
4343
5351
5763
5299
4721
3931
3389
2648
2301
2010
1398
590
-771
-2075
-3521
-4727
-5846
-6546
-6375
-5932
-5196
-4452
-3508
-2886
-2454
-1935
-1361
-536
322
1408
2307
3169
3936
4288
4334
4095
3970
3609
3179
2848
2447
2025
1266
319
-886
-1977
-2842
-3618
-3974
-3975
-3795
-3764
-3645
-3358
-3181
-3050
-2662
-2111
-1557
-1159
-699
-285
87
584
902
1178
1262
1788
2364
3437
4314
4994
5369
4930
4202
2920
2435
1892
1415
1056
873
1022
583
93
-735
-1629
-2532
-3358
-3611
-3588
-2985
-2494
-1956
-1336
-932
-478
-285
413
1031
1956
3035
3956
4807
5110
5323
4737
4041
3255
2502
1730
793
250
-590
-1428
-2539
-3719
-4879
-6097
-6769
-7110
-6705
-5981
-5141
-4141
-3140
-2035
-1320
-454
363
1293
2313
3445
4681
5339
5784
5571
5047
4220
3264
2382
1283
558
-210
-913
-1797
-2793
-3778
-4889
-5540
-5885
-5678
-5196
-4499
-3682
-2951
-2086
-1500
-1010
-494
148
969
1779
2683
3411
3752
3695
3323
2955
2402
1885
1389
1028
861
764
1210
1409
1845
1657
1051
290
-329
91
151
579
728
1077
1213
1094
1224
1002
852
367
-9
-170
37
546
561
644
543
317
-51
-382
-177
-228
129
381
773
902
761
471
-292
-683
-1105
-1316
-1565
-1583
-1464
-1873
-2237
-2811
-3247
-3636
-3781
-3442
-3012
-2155
-1403
-792
-255
334
1039
1644
2349
2899
3222
3324
3403
3291
2747
2003
1055
322
-276
-661
-1079
-1717
-2255
-3008
-3598
-3897
-3686
-3321
-3072
-2630
-2114
-1404
-797
-151
442
943
1520
2155
2866
3421
3621
3499
3172
2867
2335
1532
664
-122
-705
-1351
-1791
-2327
-2478
-2521
-1903
-928
171
1498
1972
2278
1987
2326
2727
2828
3108
3111
3485
3388
3390
3119
2388
1364
-72
-1068
-1877
-2087
-2240
-2381
-2376
-2817
-3142
-3654
-3559
-3322
-2785
-1676
-682
449
964
1399
1154
819
689
567
679
581
815
661
337
-179
-945
-1536
-2237
-2469
-2421
-1870
-1142
-817
-561
-477
-252
-203
173
719
1310
1977
2419
2780
2347
1712
688
-295
-898
-1239
-1039
-1067
-915
-1169
-1594
-2130
-2709
-2854
-2798
-2036
-1171
-42
964
1665
2091
2122
2334
2367
2443
2421
2372
2340
1996
1576
900
269
-463
-1293
-2093
-2900
-3274
-3531
-3366
-3094
-2611
-1896
-1095
659
2447
3875
4004
3714
3813
3892
4210
4212
4505
4466
4118
3351
2350
1327
-208
-1947
-3551
-4303
-4596
-4820
-4833
-4894
-5026
-5392
-5369
-4752
-3674
-2077
-495
1225
2688
3854
4251
4014
3787
3607
3623
3557
3693
3693
3256
2265
781
-656
-2025
-3137
-3978
-4213
-3813
-3347
-3061
-3001
-3005
-3182
-3114
-2390
-1198
104
1150
2232
3041
3408
3284
2592
1892
1245
1087
1154
1189
1051
473
-174
-943
-1571
-2097
-2195
-1763
-1148
-310
445
1054
1052
659
356
252
582
1048
1599
1792
1542
1102
449
-256
-1127
-1794
-2107
-2007
-1655
-1456
-1391
-1696
-1965
-2052
-1816
-1250
-310
1802
4153
5441
5026
4049
3570
2899
2056
1516
1763
1909
1386
454
-564
-1735
-3540
-5313
-6236
-5990
-5304
-4635
-3584
-2474
-1844
-1836
-1729
-1171
-152
1339
2996
4609
5807
6426
5961
4759
3632
2681
1911
1302
1191
1182
638
-412
-1783
-3071
-4301
-5418
-6046
-5781
-4769
-3641
-2679
-1882
-1272
-966
-498
388
1549
2674
3639
4486
4914
4902
4310
3360
2411
1814
1648
1481
1157
569
-238
-1136
-1969
-2526
-2829
-2946
-2847
-2378
-1473
-568
-134
-66
-66
-59
77
486
1196
1774
2001
1880
1433
873
283
-355
-1008
-1338
-1419
-1454
-1547
-1549
-1606
-1812
-2112
-2395
-2329
-1977
-1430
-756
1279
3750
4352
2964
1614
1929
1899
1184
822
900
767
-179
-1039
-1333
-1369
-2131
-3544
-4181
-3525
-2749
-2446
-1419
-75
380
114
175
950
1671
2503
3177
3685
4387
4886
4552
3550
3037
2402
1218
192
-84
-31
-605
-1355
-2171
-2933
-3568
-4382
-4822
-4382
-3221
-2216
-1430
-281
658
904
1233
2116
2717
2747
2868
3442
3886
3810
3475
2668
1678
782
74
-346
-781
-1183
-1788
-2274
-2527
-3025
-3520
-3690
-3381
-2897
-2068
-823
151
547
781
1045
1002
892
1145
1549
1749
1774
1621
1129
438
-156
-794
-1593
-2205
-2666
-3004
-3096
-2927
-2709
-2756
-2840
-2922
-2860
-2388
-1782
-971
1196
3770
4827
3957
2981
3096
2514
1642
1529
2059
2287
1753
1345
1240
1013
-21
-1591
-2455
-2198
-1896
-1780
-825
248
208
-644
-1054
-781
-481
246
1363
2505
3491
3951
3584
2952
2619
1919
884
276
564
822
556
411
-90
-1011
-2072
-2880
-3076
-2829
-2171
-1626
-1173
-556
-395
-642
-428
286
740
882
1376
2081
2167
1975
1907
1602
985
319
-116
-352
-444
-522
-865
-1224
-1550
-2097
-2600
-2653
-2292
-1891
-1303
-702
-605
-906
-1101
-1119
-1105
-610
293
819
841
748
584
187
-193
-382
-673
-1096
-1272
-1276
-1320
-1201
-1045
-899
-687
-496
-282
-110
253
421
227
235
337
344
1050
3441
5077
4296
2349
1394
1417
554
-5
175
543
476
-102
-455
-340
-410
-1375
-2442
-2570
-1932
-1645
-884
1048
2217
2118
1556
1309
1285
1312
1863
2249
2617
3096
2991
2235
1645
1205
45
-1146
-1448
-1162
-1142
-1333
-1383
-1721
-2050
-2274
-2558
-2488
-1881
-1049
-432
230
811
764
439
657
1022
985
907
1076
1426
1414
999
148
-1110
-2075
-2537
-2526
-2105
-1881
-2047
-2238
-2057
-1724
-1672
-1583
-1201
-843
-532
67
690
1072
1147
1077
1011
979
1180
1413
1533
1554
1215
626
208
110
49
-4
50
18
-324
-691
-681
-728
-691
-697
-892
-935
-713
-201
-84
-261
-506
-822
-1273
-1500
-1653
-698
1978
3582
3151
1562
1300
1565
681
737
1603
2295
2048
1528
1288
1257
1030
170
-730
-944
-344
-284
-116
603
211
-796
-1533
-1550
-1386
-988
85
647
816
1110
1148
600
700
1180
1169
1027
1197
1671
1398
976
556
-314
-847
-1275
-1567
-1574
-1248
-1027
-1566
-2169
-2653
-3229
-3396
-2699
-1837
-1172
-491
0
174
-7
71
144
26
488
1215
1635
1601
1236
904
532
85
-170
-530
-693
-517
-542
-514
-566
-759
-939
-1171
-968
-594
-207
535
1138
1311
1294
1169
1034
922
940
1088
835
547
427
-5
-454
-645
-759
-1107
-1407
-1117
-664
-607
-712
-911
-1060
-987
-765
-390
157
666
934
894
838
583
218
1710
3449
3419
2017
1130
1599
820
-235
-202
60
-183
-656
-550
93
473
5
-705
-1149
-917
-803
-641
680
1532
1425
1068
766
437
-28
303
877
1033
1240
1481
1231
1029
897
58
-1018
-1707
-1658
-1582
-1701
-1642
-1942
-2281
-2509
-2843
-2900
-2515
-1926
-1426
-891
-355
-108
53
759
1444
1348
1077
924
1081
1170
1077
927
291
-302
-570
-521
-248
-231
-567
-979
-1267
-1351
-1377
-1260
-759
-325
-19
363
719
1067
1203
1377
1672
1824
2013
2107
2128
2254
2162
1696
1009
407
85
-259
-624
-846
-1386
-2059
-2336
-2221
-1863
-1678
-1544
-1296
-1181
-850
-301
130
643
898
1000
1251
1400
1538
1242
762
288
-326
-799
-804
-1166
-594
1362
2131
1518
106
285
829
47
110
768
1336
1511
1538
1726
1834
1146
208
-455
-867
-1067
-1739
-1359
-346
-752
-1528
-2081
-2245
-2405
-2257
-1075
-143
327
768
1054
1131
1333
1027
435
291
473
896
1008
1232
1072
138
-578
-1246
-1928
-2372
-2348
-2091
-1897
-1595
-1411
-1692
-1795
-1188
-623
-218
344
1053
1628
1836
2176
2369
1992
1559
1286
1201
1239
1103
925
664
259
-167
-639
-867
-888
-954
-841
-520
-431
-496
-412
-179
-75
-269
-168
124
312
574
659
370
-264
-740
-855
-840
-661
-357
-165
-123
7
97
87
-1
-89
41
483
1113
1358
1234
1099
876
526
390
577
645
455
208
19
-343
-837
-1187
-1426
-1531
-1464
-1451
-1468
-1472
-1297
-138
1011
1342
1191
1202
1918
2050
1784
1867
1870
1600
1148
779
732
585
102
-376
-985
-1587
-2172
-2514
-2081
-1714
-1687
-1641
-1628
-1469
-1212
-769
-271
48
407
894
1270
1614
1850
1658
1351
969
616
410
266
311
254
190
41
-375
-768
-1055
-1221
-1303
-1175
-902
-761
-678
-428
-142
-136
-175
-89
163
437
530
568
372
18
-241
-329
-228
-212
-348
-398
-442
-477
-469
-475
-380
-276
-60
350
834
1210
1366
1333
1226
1134
1070
1203
1359
1372
1312
1209
1068
805
451
6
-500
-965
-1259
-1297
-1077
-705
-438
-324
-261
-244
-258
-178
129
455
764
980
1000
885
671
498
183
-178
-366
-367
-254
-240
-399
-653
-942
-1301
-1641
-1854
-1795
-1625
-1489
-1238
-908
-693
-609
-547
-285
201
785
1364
1685
1680
1402
960
597
433
313
141
-152
-430
-581
-665
-672
-816
-1143
-1489
-1723
-1665
-1362
-945
-564
-358
-186
33
271
540
847
1153
1429
1672
1850
1909
1754
1513
1236
911
696
539
388
187
-37
-208
-512
-928
-1214
-1303
-1166
-889
-573
-253
-72
19
137
369
742
1170
1609
2036
2192
2051
1768
1418
1053
681
432
248
72
-96
-244
-405
-612
-855
-1069
-1126
-1013
-777
-585
-405
-257
-204
-136
-82
-47
-29
30
159
243
213
98
-77
-277
-447
-631
-821
-979
-1086
-1116
-1167
-1193
-1134
-986
-784
-621
-462
-353
-343
-376
-368
-272
-179
-254
-415
-463
-416
-350
-361
-444
-576
-715
-742
-632
-461
-293
-167
-84
32
203
380
515
643
813
988
1165
1290
1259
1177
1065
979
953
895
846
716
548
406
217
71
-10
-32
33
130
250
357
477
630
683
626
604
699
870
1064
1245
1319
1218
997
783
578
350
166
43
-21
-65
-160
-311
-471
-625
-756
-838
-825
-746
-684
-603
-539
-549
-633
-753
-797
-758
-655
-543
-497
-495
-504
-527
-538
-552
-593
-649
-694
-699
-692
-693
-716
-763
-790
-764
-705
-633
-539
-397
-286
-223
-172
-113
-6
51
103
157
181
229
264
332
364
311
298
309
326
395
456
520
545
500
477
447
395
339
259
243
242
193
148
96
63
59
107
193
271
351
427
468
445
418
413
445
524
565
568
530
454
389
341
357
366
345
384
454
537
584
560
464
287
146
60
11
7
-13
-43
-103
-197
-274
-358
-417
-450
-496
-492
-469
-473
-481
-478
-475
-494
-509
-470
-396
-336
-298
-323
-378
-378
-363
-343
-319
-320
-336
-373
-368
-382
-477
-587
-681
-733
-709
-615
-519
-468
-453
-459
-486
-481
-377
-202
10
206
346
458
561
631
634
612
588
544
498
500
500
422
293
135
3
-66
-72
-29
-13
-9
25
65
115
156
188
266
361
439
517
568
570
526
454
422
400
351
325
294
261
193
79
-35
-129
-203
-258
-269
-239
-184
-145
-133
-149
-185
-196
-159
-80
4
71
128
198
257
269
254
230
199
163
152
187
230
236
213
180
160
144
114
79
41
-31
-143
-238
-308
-396
-496
-568
-638
-732
-816
-842
-825
-775
-697
-607
-494
-368
-271
-215
-132
-43
45
164
312
455
516
527
526
492
456
413
353
315
257
153
23
-95
-187
-299
-407
-446
-440
-415
-372
-342
-310
-281
-279
-265
-218
-128
-44
-3
56
127
158
167
166
193
254
312
372
426
454
443
369
290
236
161
71
-25
-108
-166
-218
-242
-246
-259
-266
-263
-216
-125
-34
81
199
316
445
545
636
725
772
784
767
738
730
685
595
493
366
243
105
-49
-151
-252
-369
-465
-525
-508
-485
-473
-430
-384
-323
-255
-176
-71
18
66
99
117
132
128
99
75
37
-19
-91
-161
-236
-303
-359
-426
-495
-556
-595
-619
-635
-634
-621
-615
-605
-574
-542
-502
-450
-398
-337
-281
-234
-176
-128
-79
-20
46
144
231
279
321
364
412
455
500
559
579
569
550
511
468
409
342
281
205
119
25
-62
-116
-164
-219
-243
-239
-223
-185
-119
-23
65
154
251
343
451
571
685
766
814
829
817
792
755
672
543
411
262
100
-45
-172
-292
-409
-489
-517
-517
-485
-444
-411
-365
-311
-253
-180
-103
-47
-11
15
12
-14
-22
-1
3
-20
-30
-40
-64
-96
-134
-180
-241
-312
-371
-397
-402
-416
-446
-451
-454
-478
-491
-471
-424
-370
-314
-255
-204
-145
-71
-5
57
120
177
220
267
315
333
321
279
237
214
191
176
157
135
101
55
32
31
26
6
-1
16
32
40
42
51
55
45
39
53
83
111
140
176
214
244
271
301
327
346
346
340
326
299
255
193
129
67
9
-50
-104
-148
-178
-190
-182
-144
-98
-56
-24
-9
-4
-12
-32
-43
-32
-13
-2
-10
-25
-45
-74
-115
-161
-211
-257
-305
-345
-375
-398
-419
-441
-436
-409
-372
-332
-285
-221
-153
-84
-21
35
91
138
192
251
300
332
355
390
435
478
507
516
495
439
354
273
210
151
95
36
-28
-115
-195
-251
-291
-311
-322
-310
-281
-235
-183
-152
-137
-134
-124
-83
-5
87
170
245
300
307
278
237
195
160
131
93
40
-34
-115
-203
-276
-325
-352
-359
-342
-305
-268
-244
-235
-227
-206
-162
-109
-58
-1
51
90
121
153
193
220
245
272
303
328
325
309
294
278
246
209
179
148
102
40
-4
-29
-41
-48
-44
-27
-1
29
63
102
141
171
190
208
224
233
224
194
159
114
65
17
-27
-70
-118
-170
-219
-278
-343
-405
-453
-478
-489
-491
-495
-492
-471
-443
-410
-371
-316
-254
-195
-145
-98
-55
-30
-16
-5
8
16
8
2
-6
-28
-71
-123
-165
-189
-206
-221
-229
-223
-203
-184
-160
-123
-69
-2
70
151
230
305
372
436
506
574
627
665
700
729
743
752
754
740
711
681
644
596
529
446
359
274
188
103
24
-45
-112
-174
-233
-284
-322
-338
-332
-303
-258
-210
-168
-128
-95
-65
-38
-14
8
28
41
37
12
-23
-76
-141
-200
-250
-289
-329
-372
-422
-475
-521
-557
-576
-577
-565
-556
-545
-523
-491
-456
-419
-379
-329
-268
-199
-137
-85
-46
-25
-10
1
16
25
23
19
14
11
6
-3
-10
-9
-2
19
51
89
128
168
218
268
322
380
439
493
538
573
596
613
626
627
617
595
569
538
504
465
420
371
316
264
205
147
89
23
-45
-102
-148
-187
-222
-248
-263
-270
-271
-269
-258
-237
-214
-187
-156
-122
-91
-66
-40
-13
6
21
33
39
39
30
12
-10
-40
-72
-103
-140
-178
-220
-255
-285
-317
-342
-352
-348
-335
-313
-286
-257
-236
-212
-184
-160
-143
-134
-125
-120
-121
-131
-146
-158
-167
-175
-182
-186
-190
-191
-186
-173
-157
-132
-102
-71
-33
12
61
100
138
170
193
213
236
254
270
284
293
305
318
328
329
333
348
363
377
389
402
411
409
407
408
409
403
390
384
378
364
343
314
277
231
177
120
66
18
-29
-74
-110
-136
-158
-174
-180
-182
-181
-174
-168
-161
-150
-140
-136
-138
-139
-147
-159
-174
-196
-218
-241
-259
-275
-286
-291
-293
-289
-277
-263
-253
-246
-238
-232
-225
-214
-201
-189
-176
-166
-164
-169
-178
-188
-194
-201
-206
-212
-213
-210
-212
-219
-223
-218
-206
-192
-169
-138
-103
-68
-31
7
42
74
107
145
181
205
223
241
262
277
295
314
327
335
339
347
355
362
365
363
361
360
352
339
323
300
277
259
245
227
208
193
184
178
168
156
148
136
127
117
111
108
102
97
94
91
91
92
91
83
62
36
3
-33
-72
-108
-139
-174
-206
-236
-265
-292
-316
-336
-349
-355
-359
-365
-370
-375
-380
-389
-396
-394
-389
-375
-354
-330
-303
-271
-241
-208
-175
-142
-110
-79
-53
-30
-13
-4
2
6
10
12
21
38
55
67
76
82
80
76
83
100
121
138
149
161
170
174
184
197
209
220
235
250
258
255
243
231
220
209
203
201
206
203
193
180
168
153
132
108
84
58
29
-3
-32
-57
-83
-111
-133
-141
-144
-150
-153
-153
-148
-143
-140
-132
-115
-95
-73
-56
-38
-18
0
18
36
55
62
68
69
66
59
46
33
22
16
11
5
0
-6
-14
-22
-29
-32
-32
-31
-24
-20
-21
-27
-40
-53
-64
-78
-92
-101
-101
-99
-95
-94
-96
-102
-103
-98
-90
-77
-68
-57
-48
-40
-36
-37
-39
-37
-26
-11
5
18
23
24
21
15
9
1
-5
-13
-24
-37
-54
-66
-71
-69
-63
-58
-44
-21
0
22
37
48
57
68
84
100
121
137
149
163
173
179
176
176
178
173
167
154
134
108
80
50
20
-8
-34
-58
-80
-102
-125
-142
-151
-152
-145
-130
-110
-91
-70
-44
-14
17
46
81
117
146
168
185
196
202
208
208
204
201
192
173
143
107
69
32
2
-22
-47
-72
-93
-113
-130
-146
-158
-160
-151
-132
-111
-92
-79
-75
-78
-84
-87
-87
-88
-89
-94
-104
-119
-135
-154
-171
-187
-203
-218
-232
-240
-244
-245
-243
-235
-216
-191
-161
-131
-101
-71
-40
-7
27
64
99
131
159
184
207
224
237
246
247
241
232
220
206
187
168
152
139
123
105
86
73
64
57
51
49
48
45
44
50
59
67
77
90
104
117
124
128
125
121
113
104
97
82
57
26
0
-27
-54
-81
-102
-123
-138
-152
-161
-166
-169
-173
-176
-171
-164
-158
-150
-141
-131
-122
-106
-86
-62
-37
-12
9
24
39
54
65
75
85
86
88
92
87
77
61
38
12
-7
-21
-30
-39
-53
-64
-75
-80
-76
-69
-61
-50
-33
-11
9
25
33
37
41
41
38
36
36
29
18
7
-14
-39
-64
-82
-92
-99
-105
-108
-111
-116
-125
-134
-132
-124
-109
-88
-64
-44
-30
-20
-8
5
21
42
66
89
108
121
130
137
140
140
142
142
144
145
142
138
127
110
91
78
70
65
61
59
60
64
65
67
76
86
95
106
116
120
118
112
106
96
84
74
62
47
24
-1
-29
-58
-83
-104
-116
-129
-144
-158
-170
-181
-193
-204
-201
-193
-185
-172
-154
-135
-121
-109
-97
-84
-72
-62
-51
-46
-42
-45
-52
-61
-69
-73
-74
-74
-74
-76
-75
-74
-76
-76
-76
-76
-75
-68
-60
-52
-47
-45
-43
-35
-20
-1
21
46
71
97
124
152
177
198
219
237
252
269
281
284
286
287
280
269
254
236
221
204
183
157
130
102
76
48
24
1
-20
-38
-58
-73
-83
-84
-79
-70
-64
-59
-57
-60
-64
-65
-65
-63
-61
-62
-65
-70
-76
-81
-87
-91
-97
-99
-101
-101
-100
-103
-110
-121
-135
-146
-157
-164
-171
-180
-190
-200
-210
-224
-235
-241
-231
-218
-204
-185
-169
-155
-144
-128
-108
-85
-59
-29
-1
27
47
61
72
82
93
103
117
131
144
154
155
152
152
156
163
174
185
194
201
206
207
208
205
202
203
207
213
213
205
198
188
177
169
164
160
156
152
149
141
127
110
101
94
90
87
84
79
75
67
59
48
33
18
5
-8
-27
-51
-75
-97
-123
-146
-164
-183
-200
-217
-231
-243
-252
-261
-263
-263
-259
-251
-245
-234
-224
-211
-195
-181
-168
-157
-144
-134
-123
-117
-113
-112
-112
-112
-110
-110
-113
-112
-113
-114
-114
-113
-108
-101
-92
-79
-66
-55
-47
-34
-17
1
17
39
65
91
113
129
142
155
166
179
191
203
215
225
234
239
240
237
238
237
233
230
225
222
223
222
218
212
208
204
205
206
208
207
199
188
176
163
146
132
115
100
77
50
27
6
-16
-38
-63
-88
-110
-126
-140
-152
-163
-171
-175
-172
-170
-169
-171
-175
-179
-182
-185
-190
-195
-198
-203
-207
-208
-210
-214
-217
-215
-215
-217
-220
-223
-222
-220
-218
-214
-210
-203
-194
-181
-163
-143
-129
-115
-97
-82
-67
-51
-31
-10
9
27
45
63
82
100
117
134
151
167
180
191
199
206
214
221
224
225
221
219
217
216
218
220
222
224
225
225
224
222
222
223
222
218
214
209
200
187
172
157
138
119
101
80
57
30
11
-10
-30
-53
-76
-94
-107
-118
-130
-139
-145
-153
-157
-161
-164
-168
-171
-172
-172
-170
-171
-172
-171
-169
-168
-168
-167
-162
-159
-156
-150
-142
-136
-132
-131
-130
-126
-119
-113
-107
-105
-103
-101
-98
-90
-84
-79
-74
-65
-53
-42
-30
-17
-3
7
20
38
59
72
79
87
96
108
118
124
130
127
123
121
119
116
113
110
107
104
100
99
98
96
94
91
92
95
98
101
104
107
110
109
109
105
101
96
85
72
61
53
43
33
23
13
2
-7
-13
-23
-29
-37
-42
-42
-43
-47
-53
-58
-58
-54
-54
-56
-57
-60
-59
-60
-60
-63
-67
-69
-69
-66
-66
-67
-66
-66
-63
-63
-62
-64
-61
-57
-56
-55
-54
-53
-52
-53
-51
-48
-45
-42
-35
-27
-21
-10
-2
6
14
23
31
37
44
49
55
58
56
52
45
41
36
30
25
21
12
8
2
-6
-9
-10
-11
-12
-16
-20
-17
-14
-13
-11
-9
-7
-7
-7
-7
-5
-4
-3
-1
2
6
8
11
13
19
23
27
32
35
32
27
24
22
19
15
14
15
13
12
9
8
8
9
14
17
19
21
23
26
31
32
33
36
40
41
42
44
46
47
49
54
55
52
49
48
47
44
45
45
43
39
37
37
34
30
22
15
10
5
-1
-8
-17
-27
-38
-49
-56
-67
-72
-78
-87
-95
-97
-100
-102
-103
-104
-104
-103
-100
-96
-93
-89
-85
-84
-83
-82
-79
-74
-68
-65
-63
-59
-54
-49
-43
-36
-32
-29
-24
-18
-14
-12
-10
-7
-6
-4
-1
3
8
9
10
16
20
22
25
31
38
46
50
54
62
72
80
87
94
106
116
125
129
131
132
131
132
128
126
123
118
112
104
97
91
82
77
71
65
56
47
40
32
26
21
18
17
13
11
4
0
-4
-9
-13
-17
-21
-27
-32
-38
-44
-53
-61
-69
-75
-80
-87
-95
-102
-108
-115
-122
-126
-127
-128
-127
-127
-125
-122
-116
-112
-104
-98
-92
-85
-77
-68
-62
-57
-52
-47
-42
-38
-33
-27
-20
-15
-9
-1
7
11
14
20
30
38
44
47
53
61
66
69
69
72
74
79
81
80
79
78
80
84
89
94
98
98
98
99
97
96
94
92
89
85
80
73
66
58
47
38
28
21
12
5
0
-6
-12
-17
-21
-25
-31
-34
-36
-36
-38
-40
-44
-51
-55
-58
-63
-67
-71
-74
-77
-78
-81
-82
-86
-87
-88
-88
-84
-80
-77
-74
-66
-58
-51
-46
-39
-32
-26
-22
-20
-14
-12
-12
-11
-9
-9
-7
-5
-1
1
3
5
8
11
16
21
24
29
33
37
37
36
39
42
44
40
39
39
37
35
33
34
32
29
28
29
31
29
29
30
32
31
28
28
24
21
20
19
18
15
14
11
9
8
6
5
5
7
10
12
16
19
18
18
20
22
24
25
26
26
25
24
23
22
19
17
17
17
14
12
11
9
10
9
8
5
0
-1
-1
-4
-6
-8
-12
-14
-20
-24
-28
-27
-28
-31
-31
-33
-35
-39
-40
-39
-40
-38
-41
-41
-42
-41
-40
-43
-45
-49
-49
-48
-44
-46
-49
-49
-51
-48
-46
-44
-44
-42
-40
-37
-34
-31
-27
-25
-22
-22
-18
-13
-12
-11
-13
-16
-15
-11
-10
-8
-7
-6
-8
-6
-3
-3
-1
6
14
25
34
44
53
62
68
73
78
85
91
98
102
103
102
98
96
94
91
89
86
84
80
75
70
66
63
60
57
55
52
52
49
44
38
33
30
28
26
21
15
7
-2
-8
-18
-25
-32
-39
-45
-54
-62
-69
-76
-82
-88
-98
-101
-103
-105
-107
-109
-112
-118
-124
-124
-122
-122
-121
-120
-117
-113
-110
-107
-101
-96
-88
-80
-70
-63
-53
-44
-36
-29
-20
-10
0
11
18
24
28
34
42
47
52
59
69
77
83
88
93
97
102
108
117
124
126
127
129
133
133
133
131
132
134
132
125
118
114
107
100
93
85
79
72
65
59
50
39
30
24
18
8
-1
-8
-14
-21
-30
-38
-46
-54
-61
-65
-71
-75
-81
-87
-93
-98
-103
-108
-115
-118
-120
-124
-127
-131
-134
-136
-137
-139
-141
-143
-143
-140
-135
-127
-121
-117
-113
-106
-97
-88
-80
-69
-60
-50
-41
-32
-21
-10
-4
3
13
23
32
39
47
54
59
64
70
77
84
88
96
103
107
112
116
119
124
128
130
135
138
138
139
137
136
135
131
130
127
124
122
116
109
105
99
92
86
80
75
67
58
50
41
33
25
17
9
1
-4
-12
-20
-30
-37
-45
-52
-61
-67
-72
-75
-80
-85
-92
-98
-104
-108
-112
-116
-120
-125
-126
-129
-129
-129
-126
-123
-124
-123
-122
-118
-113
-111
-107
-104
-100
-98
-93
-88
-84
-78
-74
-70
-64
-57
-51
-42
-33
-25
-16
-10
-4
5
13
22
30
39
45
49
54
58
63
69
77
84
90
98
105
113
118
124
128
131
135
137
139
139
138
137
132
127
121
117
112
109
104
97
88
80
74
67
59
50
42
35
31
27
25
21
15
5
-4
-13
-20
-27
-32
-39
-46
-53
-62
-70
-76
-82
-88
-93
-94
-95
-100
-104
-108
-112
-116
-116
-117
-116
-116
-116
-114
-107
-103
-101
-95
-88
-82
-73
-67
-58
-51
-42
-32
-25
-19
-13
-5
1
4
7
11
14
14
15
18
20
20
25
30
35
36
38
40
43
47
52
57
61
64
67
69
71
71
73
74
75
73
69
65
62
61
59
54
47
45
41
39
37
32
30
27
27
25
24
20
18
15
12
10
7
7
5
1
-4
-9
-12
-13
-14
-15
-17
-18
-20
-21
-21
-22
-24
-27
-30
-31
-28
-28
-30
-33
-33
-34
-35
-37
-35
-32
-30
-28
-25
-24
-25
-25
-24
-23
-23
-25
-26
-27
-29
-30
-32
-32
-33
-31
-29
-24
-23
-20
-17
-13
-6
-2
1
3
4
7
10
13
16
16
14
15
14
13
13
13
13
12
9
7
5
6
8
8
7
4
6
5
6
4
5
6
6
5
4
4
4
1
-1
0
-1
-1
-2
-4
-5
-5
-4
-3
-3
-3
-1
1
4
5
8
12
15
16
18
18
20
21
22
24
25
27
27
26
25
27
27
28
30
32
35
37
38
39
38
35
32
33
33
33
30
27
25
21
20
17
16
13
10
7
6
3
-3
-10
-13
-18
-21
-24
-26
-30
-33
-37
-42
-45
-46
-47
-47
-47
-46
-46
-48
-47
-47
-49
-49
-50
-50
-48
-45
-45
-47
-47
-44
-43
-44
-44
-40
-36
-33
-33
-30
-26
-25
-23
-20
-15
-10
-6
-2
3
5
9
12
17
21
24
25
26
28
31
34
35
37
37
38
37
36
36
35
36
37
39
39
39
41
42
44
43
41
43
42
44
44
44
43
40
36
35
34
32
29
28
25
20
17
12
9
8
5
1
-2
-3
-4
-7
-11
-15
-19
-24
-27
-29
-32
-34
-38
-40
-41
-42
-45
-44
-44
-46
-45
-45
-47
-48
-47
-46
-43
-43
-41
-39
-38
-35
-34
-33
-30
-27
-25
-21
-17
-12
-6
-3
-2
-1
3
9
13
14
14
18
22
25
26
26
29
31
32
32
32
33
34
33
32
32
30
28
30
31
30
28
28
27
25
22
20
19
17
16
15
14
13
12
8
4
1
-1
0
-2
-2
-2
-3
-4
-5
-5
-5
-7
-6
-6
-6
-7
-10
-11
-14
-14
-13
-12
-14
-16
-16
-18
-18
-17
-17
-17
-17
-17
-15
-15
-14
-13
-10
-8
-7
-7
-6
-7
-6
-3
-5
-5
-7
-10
-9
-8
-8
-11
-14
-15
-16
-16
-16
-14
-12
-11
-13
-12
-13
-11
-7
-6
-5
-5
-5
-5
-3
-4
-5
-5
-3
-2
1
1
0
-1
-1
1
2
3
6
9
13
15
15
13
14
17
19
20
22
24
25
27
28
27
27
28
30
30
27
25
27
28
28
28
25
24
21
19
18
20
18
17
16
14
14
12
11
9
7
8
7
5
2
0
1
1
-1
-4
-5
-6
-7
-8
-8
-11
-12
-14
-15
-15
-16
-16
-17
-17
-17
-17
-19
-22
-22
-22
-24
-26
-29
-30
-32
-35
-34
-33
-35
-36
-38
-38
-37
-36
-33
-30
-28
-28
-30
-28
-26
-25
-22
-22
-23
-24
-22
-19
-16
-13
-9
-8
-7
-6
-2
2
4
7
8
11
12
16
19
21
24
29
33
33
32
35
38
41
41
40
42
43
46
46
45
45
46
46
46
46
47
46
45
45
45
42
41
36
33
29
26
24
22
20
18
13
11
6
2
-2
-4
-7
-10
-15
-20
-22
-26
-33
-39
-46
-48
-50
-51
-50
-52
-54
-58
-60
-57
-54
-51
-49
-48
-47
-46
-45
-43
-40
-36
-34
-35
-34
-30
-25
-21
-20
-20
-19
-19
-14
-9
-3
0
1
4
6
10
15
17
20
22
22
27
31
35
38
41
43
41
41
41
43
47
49
50
51
49
49
48
47
44
42
39
37
36
34
33
29
24
20
20
19
17
17
17
18
16
13
9
8
7
5
2
-3
-6
-6
-8
-10
-13
-15
-17
-20
-20
-22
-25
-26
-27
-29
-34
-37
-38
-38
-37
-37
-37
-37
-38
-38
-38
-39
-39
-41
-42
-41
-41
-41
-41
-40
-40
-40
-40
-37
-33
-30
-27
-25
-24
-23
-21
-18
-14
-10
-8
-7
-7
-4
-2
0
3
6
10
12
15
20
24
28
28
30
31
33
37
40
42
42
42
41
42
43
43
42
40
36
35
32
28
27
28
25
25
24
22
20
18
17
15
14
12
10
12
13
11
9
9
9
7
4
3
4
2
1
-2
-4
-8
-11
-11
-9
-6
-7
-10
-12
-12
-14
-13
-12
-12
-11
-13
-15
-16
-15
-15
-15
-16
-19
-19
-18
-14
-13
-15
-19
-23
-23
-21
-18
-18
-16
-16
-16
-18
-20
-18
-15
-14
-14
-15
-17
-13
-11
-11
-9
-10
-10
-10
-8
-4
-1
0
1
2
3
5
10
14
16
16
17
18
19
21
23
24
24
20
20
22
23
26
27
26
23
21
20
21
21
17
14
13
12
9
10
9
8
5
2
1
-2
-5
-8
-9
-9
-8
-7
-8
-8
-10
-11
-11
-10
-11
-11
-11
-11
-10
-12
-10
-10
-12
-14
-17
-18
-17
-17
-17
-18
-19
-21
-19
-16
-15
-14
-13
-11
-9
-8
-7
-6
-4
-3
-3
0
1
2
2
4
5
4
3
2
3
2
5
5
5
5
4
3
1
2
3
3
4
6
8
8
5
6
6
6
6
5
4
6
7
8
6
5
3
6
9
13
13
12
11
11
11
11
11
12
12
11
11
9
6
7
10
11
8
3
3
2
3
1
1
0
-2
-4
-3
0
1
2
1
-3
-4
-4
-2
2
4
7
5
4
3
3
3
5
5
3
3
2
2
2
2
1
0
-2
-1
-2
-2
-2
-4
-5
-6
-7
-7
-6
-5
-5
-7
-10
-12
-12
-10
-11
-13
-14
-13
-13
-15
-19
-22
-22
-23
-22
-19
-21
-21
-22
-23
-24
-23
-24
-24
-24
-25
-27
-24
-20
-18
-16
-15
-15
-13
-9
-7
-4
-1
-1
-2
1
5
5
5
6
7
8
9
10
12
12
13
13
14
17
17
20
23
25
26
27
29
31
32
32
31
32
32
32
33
35
37
38
37
36
36
36
35
35
32
28
26
24
25
23
20
15
11
9
5
3
2
1
-4
-5
-8
-8
-10
-10
-12
-14
-16
-18
-20
-20
-22
-22
-23
-25
-27
-27
-28
-29
-29
-30
-30
-32
-32
-32
-33
-35
-36
-37
-39
-39
-37
-34
-33
-34
-34
-33
-29
-27
-24
-20
-19
-16
-12
-9
-6
-3
2
5
5
6
7
8
12
13
14
17
19
18
19
20
23
25
25
24
25
22
20
20
24
26
25
24
24
25
25
24
26
24
23
23
24
23
20
19
19
18
17
15
14
12
13
11
9
8
6
8
10
8
5
2
-1
-4
-5
-6
-8
-10
-12
-14
-14
-18
-20
-22
-22
-24
-26
-25
-25
-25
-25
-28
-27
-27
-27
-24
-21
-22
-24
-25
-23
-22
-21
-20
-19
-20
-18
-16
-15
-14
-14
-14
-12
-12
-10
-8
-4
-1
1
3
6
8
10
13
13
13
15
17
19
21
19
18
18
18
19
21
23
24
23
20
20
19
20
18
17
17
15
15
15
17
17
16
16
14
15
13
15
16
15
13
10
7
8
9
10
9
8
7
4
3
1
0
-1
0
0
-1
-2
-4
-6
-7
-8
-9
-9
-8
-7
-8
-9
-10
-11
-12
-13
-14
-14
-13
-14
-14
-15
-14
-15
-17
-18
-18
-18
-19
-18
-15
-13
-13
-15
-17
-18
-16
-13
-12
-13
-13
-13
-12
-11
-9
-8
-8
-7
-5
-4
-3
-4
-3
-1
-1
3
3
4
3
4
5
7
4
5
6
7
7
6
8
8
6
7
7
8
10
10
10
9
8
9
9
10
11
10
10
10
10
10
10
10
12
12
9
6
7
7
7
7
6
6
6
7
7
6
4
4
3
3
3
1
0
0
-1
-2
0
1
2
1
1
3
2
0
0
-1
-1
-2
-3
-3
-3
-3
-2
-3
-3
-5
-7
-9
-8
-9
-10
-8
-7
-8
-8
-7
-7
-8
-8
-6
-6
-6
-7
-9
-8
-6
-7
-7
-5
-4
-4
-5
-4
-4
-2
-3
-5
-4
-2
-1
1
2
1
0
1
3
4
3
4
5
8
8
6
6
6
6
7
8
8
8
9
10
10
9
9
8
9
9
10
10
8
7
7
7
5
3
2
0
2
-1
0
1
0
0
0
0
-3
-3
-1
-1
-1
-2
-3
-3
-5
-4
-5
-7
-8
-10
-12
-13
-13
-12
-10
-11
-11
-12
-13
-13
-12
-11
-12
-12
-13
-12
-7
-6
-6
-6
-7
-8
-8
-8
-7
-5
-6
-5
-5
-1
-1
-1
-1
0
3
5
6
8
8
11
9
8
10
11
10
11
13
11
10
9
7
8
9
10
10
7
7
9
11
14
16
15
12
10
12
12
13
15
15
14
13
11
12
11
11
12
11
9
6
5
5
5
3
1
1
-1
-2
-3
-4
-5
-7
-8
-10
-10
-10
-13
-13
-12
-12
-14
-15
-17
-18
-15
-16
-16
-16
-16
-17
-15
-14
-12
-13
-13
-13
-13
-12
-11
-10
-9
-10
-10
-12
-12
-10
-8
-8
-7
-4
-2
0
0
0
1
1
-1
-1
-2
1
3
4
4
3
3
3
6
8
8
7
6
5
5
7
9
10
11
12
10
9
9
8
9
11
11
8
6
6
6
9
10
10
10
9
8
9
8
7
6
5
6
6
7
8
9
12
11
10
8
6
5
7
8
8
5
4
2
0
1
3
4
2
1
0
-2
-4
-4
-5
-7
