-3
-5
-6
-4
-5
-4
-3
-2
1
1
2
0
0
1
2
3
2
3
4
3
1
2
1
1
1
1
2
3
2
3
2
0
1
-1
-1
1
0
0
1
0
0
0
0
-1
-1
-1
1
2
2
3
4
5
5
5
6
6
5
2
1
1
4
1
-1
-2
-3
-4
-1
1
1
1
1
2
2
4
5
7
8
8
7
8
7
6
8
8
5
3
2
0
-1
-4
-6
-5
-4
-3
-4
-4
-2
-2
0
0
0
-3
0
-1
-1
-3
-4
-2
-2
-2
0
1
-1
-2
-3
-4
-5
-5
-5
-4
-2
-3
-5
-5
-4
-3
-4
-4
-3
-2
1
3
2
5
5
4
3
1
0
-2
-3
-3
-4
-7
-9
-8
-8
-7
-7
-8
-7
-6
-4
-4
-3
-6
-6
-7
-3
-1
-2
-4
-4
-1
-3
-1
-3
-1
1
0
-1
-1
-1
1
1
2
1
0
2
3
4
5
3
4
4
5
5
5
3
3
4
3
4
5
4
5
5
4
3
4
5
2
1
3
3
2
2
1
1
-1
-1
2
3
3
3
5
5
7
6
6
3
3
3
4
4
4
4
3
3
2
1
0
0
0
0
-1
-2
1
2
1
0
0
1
1
-2
-2
0
2
2
1
1
3
4
4
4
5
5
5
3
3
2
1
0
-2
-3
-4
-7
-7
-7
-4
-6
-5
-3
-1
-1
-1
0
2
2
1
2
3
2
0
0
1
0
-3
-3
-5
-6
-7
-9
-10
-10
-11
-10
-8
-6
-7
-6
-6
-5
-7
-9
-8
-7
-7
-5
-3
-3
-3
-5
-5
-3
-3
-3
-4
-4
-4
-4
-3
-2
0
-2
-5
-7
-7
-4
-2
-3
-5
-3
0
1
2
6
8
9
10
11
12
11
9
8
8
6
6
5
1
3
1
1
0
1
3
2
2
1
-1
-1
-2
-2
-1
0
-1
-2
-2
-6
-5
-2
-1
0
0
2
3
3
6
7
7
8
8
9
8
8
9
11
12
11
10
11
11
10
9
5
4
3
1
1
-1
-1
0
1
0
1
1
-1
-3
-6
-6
-6
-5
-4
-2
1
2
3
3
1
1
1
1
2
0
-1
0
-2
-3
-5
-6
-6
-4
-5
-5
-3
-3
-2
-1
-1
0
1
-1
-3
-4
-4
-3
-3
-5
-8
-7
-8
-8
-9
-9
-8
-7
-7
-5
-3
-2
-3
-6
-3
-1
-1
-3
0
0
0
-1
-3
-4
-3
-2
-1
0
-1
-3
-2
-2
-3
-6
-6
-6
-5
-3
-4
-2
0
0
0
1
3
6
4
3
5
6
5
5
3
3
5
5
4
4
4
1
-1
-2
-1
-1
-2
-1
3
4
4
5
7
10
9
7
8
8
7
8
5
6
3
1
0
0
-2
-2
-2
-3
-2
-1
-1
-2
-2
-3
-5
-5
-4
-2
-3
-3
-1
1
4
5
7
9
13
13
11
9
8
7
7
7
6
5
4
2
0
0
-2
-4
-4
-3
-3
-3
-2
-2
0
0
-2
1
4
7
8
7
7
7
4
2
2
2
2
3
2
-2
-2
-4
-5
-6
-10
-13
-13
-14
-15
-14
-10
-12
-13
-10
-5
-5
-4
-3
-3
-3
-2
-3
-2
1
2
1
4
6
4
3
2
-1
-3
-3
-7
-9
-7
-7
-10
-12
-9
-6
-7
-7
-5
-3
-2
-2
-4
-4
-2
-3
-1
2
6
5
8
11
7
5
8
5
1
6
8
3
4
5
6
7
5
-1
-2
0
-4
-6
2
5
-2
-2
2
3
1
1
2
4
5
4
3
3
4
3
2
6
5
1
2
4
2
0
2
2
-2
1
4
0
-4
-2
-1
0
-1
-1
-1
4
4
1
4
5
1
3
7
6
3
8
7
5
1
-1
-2
-4
-4
-7
-2
3
2
0
3
2
-4
-4
-1
-2
-2
1
4
4
1
-1
0
-1
0
0
4
5
3
4
3
-1
-2
-2
-3
-5
-7
-3
-1
-2
-2
-3
-1
-1
-5
-4
-6
-9
-7
-4
-3
-6
-8
0
4
-2
-4
-5
-5
-6
-5
0
0
2
-1
2
10
5
-5
0
0
-4
-3
1
3
2
2
0
2
3
-2
0
7
0
-10
1
5
-5
-6
0
-3
-14
-7
5
2
0
-9
-10
2
-4
-9
8
14
7
-5
-1
9
-6
-3
1
-10
-6
4
9
13
6
-3
-10
-3
-2
-20
5
11
-15
8
19
-2
3
6
-4
-7
-11
6
4
5
-1
-3
19
10
1
12
17
7
-3
-1
8
1
-10
3
20
0
-11
11
19
0
2
7
11
4
-4
14
28
5
-21
9
33
15
-4
36
42
-7
3
20
2
-18
-25
3
15
0
-28
1
33
-18
-44
-10
3
-27
-36
0
31
-23
-33
18
-6
-52
-22
12
-5
-8
1
18
4
-26
-19
-2
1
-29
-21
37
0
-29
6
15
-17
-35
-13
-13
-21
-18
-14
1
9
-17
-5
28
4
-25
8
15
-20
-14
-5
-3
-2
6
37
21
2
18
18
15
-11
9
21
-3
9
30
20
5
26
20
4
8
12
13
10
-3
-10
10
2
-24
7
28
-17
-4
19
6
6
-16
-4
6
5
-10
-4
41
3
-31
17
12
-1
-8
-15
14
-4
-12
-20
-5
12
-53
-18
15
-45
-2
17
-41
-12
4
-44
-28
7
6
-36
-22
20
-7
-26
13
32
-12
-14
35
51
-16
12
39
-6
-10
-8
6
9
12
-17
5
35
-17
-54
-3
41
-35
-39
33
14
-36
-1
12
-9
0
-33
49
54
-3
20
54
32
-32
56
45
-2
35
56
25
36
28
-18
31
-15
-57
-4
36
-81
-78
41
-28
-81
-5
47
-74
-40
57
18
-19
-20
23
-4
5
3
11
52
22
-6
8
87
-37
-81
33
-7
-78
-52
14
-12
-92
-42
76
-49
-80
-2
-12
-42
-112
-1
56
-73
-15
33
32
23
-33
54
73
-56
-33
51
20
-38
-1
61
45
-39
-50
57
4
-77
-10
95
-41
-62
69
38
-15
-48
67
48
-46
5
91
35
-19
-4
41
51
-73
-19
81
39
-86
60
126
-57
9
42
12
23
-101
0
103
-57
-87
82
119
-94
-26
156
37
-112
62
64
-17
-50
4
60
-21
-17
-51
78
-12
-109
-38
80
-67
-134
60
21
-90
-144
36
47
-112
43
64
-20
-15
-24
106
-16
-114
85
46
-62
29
66
-29
2
7
-45
31
1
-164
-34
76
-166
-62
74
26
-181
-39
136
-139
18
16
22
89
-24
33
164
-7
13
106
103
45
-136
162
57
-199
114
83
-117
2
-51
28
-20
-99
33
14
-13
-39
-72
164
-43
-110
184
-24
-8
32
16
42
52
-67
35
22
-51
-34
-38
59
-121
14
89
-56
-54
26
-38
-65
-31
-38
56
-44
6
41
-25
108
-61
34
141
-146
-79
85
0
-60
59
81
-23
-126
61
93
-88
-62
82
9
-127
20
78
-38
36
-38
29
31
46
-19
9
177
-102
-14
36
13
-143
28
-27
4
-67
1
64
-76
46
35
64
-111
92
23
-57
126
59
-102
149
-26
-12
170
37
-49
60
70
-62
-76
44
15
-234
84
-67
-74
60
-103
-12
78
-64
-63
24
64
-54
-33
144
-55
-73
107
1
33
106
-11
16
36
-88
-86
48
-101
-126
52
-26
-163
55
34
-137
-45
50
-24
-45
48
91
-48
137
4
-99
184
-59
-76
61
153
-51
-114
126
85
-275
123
34
-211
141
-123
9
29
11
-27
-60
232
-82
-29
177
-18
111
96
1
93
-58
-22
73
-139
121
-33
-20
36
-142
125
-157
-100
50
-260
-14
12
-45
108
-33
72
-72
44
78
-116
102
83
-117
86
113
-25
54
-151
172
-129
-156
163
-28
-10
-138
66
-29
-62
-48
-58
5
94
-202
0
259
-78
-39
92
188
-174
-63
279
-112
28
84
-118
120
-87
81
-27
7
5
-34
37
23
4
44
-95
-19
34
-241
274
-80
-40
98
-36
78
-39
14
38
-123
-21
20
-30
-17
68
120
-169
54
152
-32
12
79
-10
-41
1
-80
76
61
-121
42
40
-43
-68
-58
128
-106
-153
47
-108
16
6
-44
166
-123
-84
114
-41
17
1
81
-97
62
134
-131
217
-8
-134
187
-41
-164
127
-19
-67
-87
-36
64
-280
115
-4
-212
335
-258
-10
453
-329
-33
214
-48
-97
21
276
-43
-121
283
-98
84
135
-330
303
-102
-190
183
-143
99
-128
-106
140
-148
-58
112
-4
27
-77
50
99
-160
107
60
1
25
-62
172
-10
-95
81
-34
-131
-16
-82
-38
43
-137
-61
29
-9
-274
70
126
-261
-15
232
-48
-245
397
51
-106
210
-21
113
96
-93
65
116
-53
-19
-144
145
-65
-171
172
-151
40
-18
-67
184
-180
88
74
-156
152
-8
-10
188
-54
174
-3
-90
271
-242
31
213
-296
46
263
-276
1
185
-127
12
-62
-9
9
-17
21
-46
58
-9
-10
51
-44
-46
66
102
-230
63
100
-219
22
-44
-172
83
-43
-72
78
-7
6
-99
55
-26
-91
72
-14
-18
-1
-16
108
-106
20
35
-131
125
-121
-67
121
-134
-113
89
-33
-39
0
86
11
21
-44
63
38
-42
124
-10
88
48
-6
11
55
-35
1
16
-64
-54
104
-73
-9
118
-122
77
59
-59
78
42
37
34
-82
221
-115
-4
222
-172
103
99
-116
141
-86
3
145
-292
110
-30
-227
126
-126
-62
65
-103
95
-52
-34
-9
53
22
-172
96
151
-205
24
132
-146
10
-73
33
-51
-2
-81
-65
128
-202
-130
195
-167
-116
74
65
-28
40
68
-47
130
-60
-68
147
35
-114
316
92
-115
142
60
-7
-87
116
-8
-58
161
-63
41
142
-73
-79
217
-136
-224
317
-33
-259
303
-2
-201
244
-185
51
167
-147
45
47
10
12
-100
225
-184
-213
362
-336
39
145
-173
201
-91
-50
36
71
-16
-402
285
48
-535
318
-4
-277
136
-236
225
-65
-226
290
-169
33
1
-132
186
-112
-98
-3
-86
-18
-214
118
102
-190
135
36
15
-8
-53
182
-82
-29
-15
-68
186
87
-232
305
1
-190
257
-24
62
-79
4
-35
-78
93
-65
-91
170
-153
-14
86
-128
196
77
48
-53
82
303
-331
124
284
-281
319
-41
-64
294
-143
-59
43
61
21
-301
303
108
-441
400
-174
-133
256
-107
79
-42
208
-113
-127
238
-210
-161
106
-123
9
-111
-40
110
-263
241
-229
-146
340
-414
244
-104
-19
218
-323
179
-4
-281
107
-144
-10
120
-224
419
-229
135
182
-312
395
-378
-57
176
-378
289
-88
-207
362
-194
-93
253
-196
252
-188
-1
268
-450
502
-125
-221
331
-194
9
-4
100
36
-149
252
53
-348
499
-233
-142
458
-340
152
137
63
-4
92
146
-53
41
42
-95
121
144
-257
186
113
-182
-39
150
-6
-294
275
-365
-151
330
-511
11
240
-197
-168
92
51
-50
-180
169
128
-335
234
-38
49
-76
-201
397
-340
-63
252
-280
123
75
-241
188
-230
127
-78
-406
541
-434
-196
566
-489
91
253
-298
190
-99
66
97
-109
495
-316
7
503
-383
212
22
-99
301
-242
153
204
-238
79
-27
-167
-30
80
-93
-23
5
333
-398
54
504
-353
-146
551
45
-472
674
-29
-262
421
-126
-127
261
-38
-159
115
110
-235
24
80
-171
-64
105
-323
-2
67
-357
230
-13
-196
26
166
-242
-27
348
-122
-251
533
-28
-567
648
-459
-283
449
-394
-96
167
-111
-78
168
22
-205
-3
199
-301
-34
157
-310
290
-12
-221
325
-87
76
55
93
13
-186
124
22
-131
230
-44
-158
390
-147
-164
529
-127
-142
311
-30
-174
179
-54
-105
249
-314
142
-115
-224
321
-263
-77
354
-116
-11
20
164
96
-200
267
-140
-131
229
-208
184
115
-177
170
-227
115
-18
-260
265
-152
-151
342
-469
193
169
-720
540
-314
-295
463
-398
204
60
-335
310
-291
-3
213
-540
249
-167
-118
264
-378
250
-45
-208
274
-189
174
91
40
112
89
5
27
215
-62
29
187
-142
140
30
-239
248
-266
8
15
61
-10
-134
186
134
-333
364
220
-528
595
116
-404
506
56
-226
170
49
168
-438
486
247
-688
436
94
-627
361
-444
81
133
-389
525
-344
73
41
-304
213
-323
-118
268
-456
375
-4
-67
269
-255
5
-34
191
-245
-271
387
-163
-336
301
-99
29
-49
-130
522
-503
251
242
-505
276
-79
-229
190
-42
-225
136
132
-49
-122
510
34
-246
127
214
-138
-218
119
37
-203
-50
301
-85
-243
497
-166
-268
399
-157
214
-230
146
485
-708
319
133
-507
664
-318
-145
583
-481
424
-267
-163
604
-583
10
84
-114
-58
-123
88
-130
-258
268
-89
-110
242
-101
270
-170
35
166
-380
477
-213
-232
556
-154
-454
351
-129
-375
167
-134
-35
-142
198
-339
-385
464
-302
-256
435
-269
58
259
-18
230
75
16
32
-14
154
-164
-55
360
-242
-157
489
-92
-257
439
196
-440
223
90
-466
-48
134
-231
-181
211
175
-341
735
-220
-252
555
-274
-2
14
397
-434
-98
399
191
-575
823
-51
-189
535
-563
557
-181
-259
107
-78
-111
55
-104
38
224
-261
-96
-161
367
-178
-466
487
-416
-207
-65
25
1
-237
287
35
127
-10
206
-45
-79
-95
120
80
-280
370
-139
-81
63
-92
-174
266
-135
-289
506
-229
-512
508
-423
-213
320
-401
130
232
38
-127
357
-167
178
-17
24
383
-152
158
45
-223
247
-95
-41
153
-36
-12
-63
-8
-94
-80
6
63
-499
839
-359
161
8
-185
323
-710
600
-282
-285
482
-237
-148
398
-413
364
-170
-275
520
-674
281
205
-687
547
-449
-27
223
-96
66
-150
305
-48
-334
161
145
-498
479
-345
187
420
-674
572
18
-213
483
-521
431
-114
-110
271
-407
64
71
-411
313
87
-475
551
-530
247
-115
-136
327
-196
161
104
288
-98
285
243
-241
360
101
41
126
224
-41
36
-70
-269
73
-368
242
-247
310
-521
89
127
-504
-99
-129
320
-360
216
-262
282
5
-200
499
-28
652
-391
415
271
-380
302
-415
-50
-347
-63
-241
143
-333
-29
4
-301
248
-235
41
96
-187
68
286
-393
-85
393
10
142
57
391
239
-672
661
-445
-71
187
-725
399
100
-368
26
217
-365
141
-402
296
-128
142
105
-87
551
-378
140
355
-77
183
192
4
16
121
-43
78
-261
102
-360
-306
284
-768
716
-602
92
140
-293
57
298
-103
-33
505
-520
228
134
123
-246
628
-131
-210
395
-392
-161
414
-237
-354
287
251
-867
346
-233
-404
78
-97
-15
267
309
-11
417
-65
302
-728
539
-114
-476
745
-421
-114
215
-143
-45
236
-524
457
-166
-209
663
-1099
784
-18
-791
804
353
-505
521
184
-169
486
-750
570
-163
-528
598
-383
28
49
-218
193
-56
-368
693
-135
-305
588
-732
796
-327
-1
616
-464
719
-328
-269
460
14
-883
576
73
-529
-77
-150
157
-728
472
-225
-416
393
-121
-57
570
123
-251
384
-198
-102
85
-71
241
-126
137
262
-364
-105
104
-72
-556
311
333
-648
189
85
-575
253
-299
-164
49
-509
356
-12
-193
515
-275
-103
241
-320
231
-11
-2
332
-14
429
115
-253
671
-280
67
503
-342
121
5
-549
374
143
-633
307
141
-494
-149
173
-149
-205
163
70
-59
393
132
-297
678
-195
-397
848
-309
-236
433
-138
-159
-98
269
16
-523
409
-273
-227
577
-704
94
430
-825
308
277
-178
-152
9
226
-303
236
178
-299
308
34
-343
578
-35
-294
288
73
-12
-162
287
-103
-395
189
-114
-279
158
-248
-103
177
-239
111
-239
0
120
-304
250
380
-172
156
264
-124
42
246
-39
12
305
184
-231
264
286
-458
220
-51
-376
19
40
-584
191
-42
-354
125
-192
-17
98
77
-160
202
73
-68
142
378
93
-47
317
-14
-55
236
-199
-6
221
-275
-18
120
-60
-62
-489
72
-105
-567
248
-103
-130
152
-110
-29
-97
-104
41
-78
229
242
44
63
62
119
-125
160
238
-398
371
401
-396
348
84
-525
-164
-151
-115
-293
-149
101
-264
25
133
-297
-7
157
-251
14
233
181
-112
198
413
-155
364
317
-111
270
403
-261
225
263
-330
-33
-186
-326
-77
-103
-438
-128
-52
-354
-146
335
-135
-251
335
-170
-33
531
-116
132
445
-32
138
382
43
-25
-5
34
62
-197
177
-95
-331
43
-32
-56
-111
-120
-126
-219
-33
48
-53
14
-97
0
260
62
111
72
10
-4
-21
188
144
-56
29
202
234
-58
-22
150
-167
-166
-2
95
-60
-172
71
129
-134
-84
-29
15
-40
-78
96
141
-106
-285
75
269
-137
-107
422
60
-230
81
222
-28
-152
-22
140
64
-112
-10
112
-143
-387
-39
132
-79
-198
29
168
-197
-198
122
-66
-185
-192
115
219
-141
-80
151
-113
-135
22
57
77
-253
-36
119
-89
-145
-69
66
-126
-221
86
127
-274
-290
-15
-12
-120
-134
103
98
-211
-120
183
53
-130
-67
197
268
8
211
360
90
-14
18
126
174
-98
31
424
235
90
267
329
197
78
424
540
326
322
339
333
189
25
93
146
-106
-80
120
180
-95
-268
-81
-246
-451
-350
-141
-231
-497
-370
-123
-230
-451
-401
-237
-310
-513
-323
-65
-249
-422
-203
14
-137
-281
-161
-81
-235
-291
-222
-131
-417
-693
-473
-397
-597
-616
-401
-398
-551
-585
-286
-182
-188
262
787
1204
1449
1590
1729
1596
1260
1410
1588
1594
1789
1946
2037
1793
1276
907
398
-168
-457
-523
-472
-601
-805
-862
-1248
-1659
-1726
-1717
-1506
-1210
-890
-531
-291
-286
-266
-204
-121
43
312
582
732
776
602
357
77
-147
-326
-427
-467
-558
-706
-1053
-1411
-1682
-1973
-1997
-2007
-1992
-1840
-1804
-1707
-1589
-1657
-1587
-1315
-828
208
1298
2056
2546
2745
2703
2452
2478
2699
2785
2931
3101
3479
3551
3002
2452
1595
378
-435
-689
-730
-909
-1016
-1121
-1658
-1977
-2276
-2370
-2183
-2136
-1505
-679
-165
403
745
750
809
926
1216
1617
1932
2153
2289
2129
1732
1310
653
27
-456
-828
-1048
-1420
-1689
-1966
-2396
-2768
-3123
-3354
-3373
-3224
-2852
-2511
-2216
-1929
-1752
-1516
-1196
-903
-558
-177
101
519
825
925
865
759
1112
1877
2289
2986
3561
3257
2573
2075
1979
1556
1159
1169
1410
1730
1738
1810
1625
312
-928
-1532
-1806
-1768
-1482
-1074
-1008
-1248
-1334
-1460
-1514
-1559
-1185
-267
575
1628
2468
2828
2715
2381
2317
2410
2563
2899
3032
2863
2418
1706
745
-434
-1329
-2070
-2569
-2797
-2923
-3064
-3474
-3896
-4184
-4441
-4499
-4210
-3600
-2890
-2184
-1461
-1021
-743
-358
55
572
1132
1702
2101
2066
1778
1297
616
23
-448
-759
-829
-987
-856
-300
-81
449
822
595
207
-17
357
743
1063
1657
2255
2637
2910
3360
3612
2771
1728
1025
492
345
480
804
661
48
-532
-1082
-1416
-1755
-1761
-1301
-814
106
981
1427
1479
1035
578
455
638
1289
2087
2557
2497
1971
1175
64
-838
-1615
-2025
-2040
-2082
-1932
-1913
-2210
-2704
-3230
-3642
-3822
-3489
-2678
-1782
-1048
-697
-568
-520
-649
-460
9
337
606
906
1178
1084
535
-245
-1055
-1757
-1969
-1694
-1520
-1378
-1075
-516
91
1107
1972
1943
1377
1160
1698
2285
2740
3411
4026
4087
4112
4535
4541
3393
1867
682
-37
-410
-384
-156
-490
-1419
-2243
-2768
-3112
-3370
-3189
-2561
-1775
-640
552
1295
1427
1222
1132
1320
1830
2660
3286
3559
3482
3076
2165
851
-366
-1322
-1917
-2194
-2251
-2466
-2936
-3385
-3770
-4122
-4378
-4380
-4050
-3409
-2488
-1594
-982
-622
-420
-112
424
944
1447
1689
1714
1655
1421
1170
622
-243
-1080
-1611
-1815
-2035
-2329
-2512
-2458
-1876
-770
876
2148
2201
1574
1269
1627
2195
2762
3553
4335
4918
5387
5719
5376
3715
1570
-42
-779
-704
-365
-216
-529
-1370
-2367
-3366
-4013
-4244
-4081
-3268
-1816
-51
1251
1702
1610
1158
716
845
1685
2876
3799
4392
4605
4127
2942
1374
-218
-1554
-2392
-2605
-2487
-2518
-2862
-3329
-3966
-4611
-5061
-5178
-4819
-3948
-2674
-1466
-685
-206
108
281
555
969
1392
1670
1966
2235
2210
1773
1084
283
-706
-1514
-1895
-2189
-2570
-2882
-2706
-2219
-1505
-415
1019
2034
1980
1522
1624
2182
2615
3154
4152
5274
5805
5843
5693
4937
3192
1292
105
-336
-493
-492
-443
-842
-1921
-3377
-4629
-5287
-5279
-4619
-3249
-1549
40
1123
1514
1458
1120
759
940
1817
3076
4140
4633
4529
3755
2302
515
-898
-1780
-2340
-2517
-2347
-2230
-2645
-3444
-4136
-4570
-4798
-4679
-3868
-2663
-1540
-561
274
721
728
735
1096
1630
2078
2443
2663
2520
1903
1060
290
-531
-1440
-2227
-2908
-3413
-3773
-4086
-4221
-3970
-3217
-1941
-331
1687
3207
3351
2877
2902
3613
4293
5024
6181
7039
6967
6470
5919
4786
2531
209
-1224
-1868
-2036
-2036
-2197
-3096
-4672
-6157
-6994
-6892
-5997
-4546
-2697
-823
846
1854
2096
2007
1836
1936
2701
4169
5750
6540
6506
5681
3997
1904
68
-1081
-1749
-2107
-2141
-2302
-3037
-4183
-5306
-6046
-6394
-6229
-5385
-4003
-2350
-868
98
626
753
661
912
1844
3171
4018
4075
3704
2960
1876
755
-41
-560
-1165
-1777
-2306
-2878
-3594
-4482
-5309
-5549
-4790
-3077
-938
1599
3855
4472
3515
2591
3063
3885
4354
5369
6762
7497
6998
6173
5270
3062
163
-1919
-2620
-2535
-2585
-2683
-3221
-4634
-6258
-7525
-7692
-6783
-5257
-3175
-1001
1141
2493
2663
2509
2445
2632
3161
4375
6098
7113
7061
6325
4860
2618
90
-1470
-2013
-2285
-2477
-2836
-3492
-4679
-5832
-6346
-6402
-6068
-5350
-3924
-1878
-22
1206
1580
1659
1829
2105
3045
4331
5180
5034
4063
3104
1982
547
-733
-1630
-2146
-2693
-3199
-3809
-4891
-6189
-7360
-7773
-6815
-4913
-2423
-11
2582
4868
5279
4367
3569
4000
4757
5236
6557
8073
8422
7396
5815
4313
1794
-1249
-3316
-4188
-4165
-4217
-4353
-4643
-5757
-7006
-7931
-7624
-5920
-3964
-1718
503
2622
4162
4533
4655
4713
4746
5215
6216
7624
8123
7299
5739
3500
1048
-1361
-3062
-3885
-4370
-4479
-4638
-5019
-5669
-6523
-6907
-6671
-5638
-3941
-1962
279
2198
3379
3850
3878
3954
4011
4324
5002
5363
5108
4074
2515
703
-1410
-3193
-4485
-5341
-5637
-5996
-6596
-7432
-8198
-8608
-8699
-7714
-5348
-2510
348
3013
5803
7605
7381
6492
6148
6770
7353
7822
8773
9245
8501
6629
4400
2281
-596
-3509
-5354
-5952
-5793
-6048
-6360
-6669
-7438
-8106
-8164
-6692
-4358
-2239
226
2703
4865
5935
6024
6195
6191
6339
6872
7591
8103
7331
5716
3680
1224
-1159
-3383
-4741
-5258
-5417
-5223
-5144
-5243
-5676
-6137
-5716
-4535
-2854
-1048
685
2507
3758
4295
4396
4142
3896
3592
3566
3803
3540
2558
742
-1322
-3165
-4918
-6192
-7045
-7329
-7131
-7109
-7190
-7393
-7476
-7062
-6179
-4327
-1647
1135
3717
5836
8030
9780
9870
8804
7626
7452
7725
7667
7822
7527
6245
3956
1404
-539
-2837
-5457
-7587
-8664
-8400
-7990
-7577
-7088
-6767
-6384
-6071
-4673
-2123
296
2535
4639
6954
8578
8762
8638
8376
7932
7319
6761
6580
5769
4083
1958
-438
-2633
-4823
-6535
-7321
-7363
-6752
-6277
-5819
-5326
-5001
-4376
-3290
-1563
161
1596
3281
4770
5643
5737
5410
4860
3777
2908
2418
1773
645
-1024
-2580
-4252
-5960
-7177
-8064
-8412
-8358
-7885
-7127
-6644
-6111
-5552
-4800
-3327
-1438
874
3227
5256
7155
8551
10154
10988
9997
8173
6875
7031
6803
5747
4968
3879
2082
-312
-2186
-3452
-5706
-7921
-8998
-8656
-7430
-6566
-5496
-4571
-3992
-3284
-2440
-374
2097
4029
5737
7291
8957
9376
8577
7843
6942
5788
4535
3848
3473
1970
54
-1672
-3494
-5485
-7332
-7903
-7672
-7076
-5773
-4286
-2963
-2119
-1414
-445
478
1515
2523
3448
4527
5256
5206
4349
3155
1857
264
-960
-1550
-2329
-3714
-5124
-5945
-6743
-7892
-8583
-8478
-7969
-7026
-5500
-3657
-2440
-1932
-1193
-233
1127
2644
4160
5892
7264
8430
9120
9466
9895
8943
6847
4800
4115
4090
2819
1509
646
-484
-2299
-4146
-4825
-5479
-6714
-7380
-7240
-6206
-5162
-4253
-3089
-2089
-878
186
1367
3361
5132
6419
7245
8101
8896
8275
7178
6198
5144
3875
2343
1498
613
-980
-2648
-4339
-5698
-6982
-7725
-7398
-6625
-5299
-3819
-2544
-1596
-902
-121
444
870
1486
2133
2724
3250
3351
2721
1526
314
-792
-1874
-2452
-2738
-3365
-4255
-4891
-5153
-5618
-6097
-5858
-4984
-3890
-2686
-1357
-143
396
528
856
1571
2475
3180
3757
4550
5442
5776
5781
5727
6407
6431
5118
3508
2586
2267
965
-262
-686
-962
-1758
-2592
-2536
-2457
-3308
-4430
-5064
-4690
-3782
-2759
-1597
-303
825
1344
1662
2652
3785
4289
4732
5677
6697
6681
5829
4778
3424
1723
304
-528
-1001
-1696
-2493
-3261
-4065
-4762
-5457
-5706
-5364
-4237
-2694
-1403
-387
163
512
517
527
635
655
914
1252
1570
1241
479
-469
-1733
-2757
-3230
-3096
-3064
-3304
-3218
-3163
-3219
-3298
-3073
-2477
-1709
-766
182
985
1559
1768
1470
1303
1354
1532
1752
2113
2789
2962
2571
2636
3082
4042
4051
3185
2128
1105
815
141
-106
39
125
164
6
387
428
-840
-2412
-3602
-3474
-2687
-1762
-514
416
933
935
928
1449
1871
2179
2842
3812
4848
4970
4411
3402
1826
332
-734
-1145
-1111
-1329
-1410
-1601
-2092
-2934
-4145
-4603
-4380
-3525
-2188
-883
303
617
583
576
315
-126
-685
-608
-128
269
319
-114
-907
-1927
-2779
-3001
-2579
-2154
-1877
-1680
-1449
-1307
-1516
-1588
-1468
-1065
-457
150
908
1403
1357
771
-38
-437
-587
-267
505
1033
1471
1424
1981
2654
3525
4300
3982
3215
2368
2522
2531
2024
1624
1345
1162
810
589
373
-674
-2225
-3734
-4323
-3865
-3020
-2264
-1439
-573
55
85
288
1131
1724
2359
3082
4330
5189
5003
4452
3644
2722
1608
503
141
22
-122
-619
-1564
-2595
-3981
-4935
-5056
-4366
-3411
-2831
-2205
-1632
-1172
-975
-1090
-1231
-1541
-1625
-945
247
1148
1292
839
355
-66
-295
-142
-44
-39
-278
-558
-590
-802
-1168
-1702
-2060
-1970
-1895
-1689
-1268
-947
-927
-1229
-1210
-1010
-751
-128
716
1338
1765
1998
2701
3698
4888
5943
5651
4710
3416
2756
2297
1578
1237
771
492
286
-84
-379
-1456
-2956
-4433
-5254
-4703
-3644
-2394
-1229
-350
343
497
829
1717
2360
3061
3784
4985
6000
6136
5839
4815
3348
1607
71
-677
-1086
-1431
-1924
-2827
-3690
-4778
-5760
-6185
-5897
-5072
-4442
-3470
-2169
-1023
-356
-112
62
28
137
689
1597
2389
2710
2632
2222
1642
1086
481
-207
-882
-1461
-1958
-2282
-2451
-2752
-3218
-3653
-3776
-3627
-3370
-2784
-1968
-1147
-572
-102
608
1149
1521
1923
2387
2744
3065
3440
4499
5476
6344
6488
5520
4080
2493
1715
811
32
-387
-603
-735
-910
-1099
-1693
-2855
-3991
-4521
-4196
-3179
-1809
-642
342
1144
1705
1972
2246
2823
3093
3513
4213
5038
5278
4738
3784
2309
539
-1099
-2250
-2813
-3151
-3295
-3405
-3609
-3955
-4526
-4937
-4961
-4322
-3462
-2367
-1173
-63
772
1049
1094
794
675
816
1288
2113
2472
2470
2016
1315
461
-588
-1279
-1898
-2378
-2503
-2406
-2235
-2381
-2638
-2941
-3285
-3208
-2707
-1932
-985
-11
720
1114
1446
1824
1936
1914
2082
2217
2209
2238
2375
3113
3782
4404
4260
3338
2129
714
-37
-812
-1236
-1392
-998
-153
418
636
124
-968
-2178
-2843
-2631
-1871
-665
508
1521
2100
2319
1982
1260
849
679
1146
1906
2918
3541
3286
2303
685
-1021
-2350
-2980
-2773
-2040
-1029
-192
-66
-687
-1814
-2908
-3473
-3279
-2499
-1283
-14
964
1441
1225
479
-595
-1324
-1384
-883
92
824
1035
712
26
-773
-1661
-2213
-2438
-2285
-1741
-1079
-647
-827
-1331
-1837
-2162
-2028
-1376
-614
7
593
1029
1198
1156
1062
735
447
507
842
1136
1269
1058
1229
1919
2926
3791
3736
3093
1940
1196
704
290
176
370
982
1608
2108
2239
1431
-142
-1674
-2609
-2770
-2107
-1116
-238
366
791
609
-191
-732
-1106
-999
-292
1180
2652
3320
3200
2219
838
-415
-1112
-1174
-687
285
1287
1664
1244
29
-1730
-3233
-3868
-3642
-2918
-1920
-1024
-544
-472
-853
-1724
-2648
-3030
-2728
-1664
-284
803
1200
992
508
-214
-689
-718
-541
-97
465
941
861
226
-572
-1447
-1985
-1877
-1358
-844
-354
24
109
37
-42
-356
-832
-861
-348
320
950
1413
1473
1938
2811
3853
4251
3995
3330
2265
1760
1481
1333
1059
973
1048
1005
1144
1050
150
-1293
-2500
-3127
-3197
-2484
-1421
-661
-190
218
210
-7
-71
-108
20
562
1837
2863
3455
3430
2528
1273
173
-268
-468
-324
278
592
441
-206
-1272
-2678
-3868
-4267
-4189
-3593
-2613
-1700
-1169
-959
-1050
-1624
-2127
-2067
-1512
-467
827
1946
2360
2241
1838
1083
416
52
-93
-128
95
362
188
-275
-857
-1646
-2311
-2428
-2094
-1727
-1278
-640
-201
59
174
11
-288
-281
164
749
1292
1863
1995
2045
2611
3170
3669
3685
3589
2964
2169
1861
1303
779
306
176
156
264
701
592
-165
-1094
-2034
-2782
-2897
-2262
-1508
-875
-155
300
67
-256
-568
-970
-1034
-407
713
1587
2413
2723
2192
1253
382
-261
-680
-416
177
471
500
206
-641
-1778
-2583
-2935
-3062
-2669
-1881
-1176
-755
-560
-746
-1299
-1604
-1559
-1155
-341
723
1497
1746
1819
1518
887
369
53
-67
-6
408
718
528
166
-482
-1258
-1767
-1798
-1531
-1299
-764
-241
-44
19
-36
-312
-608
-450
-112
169
497
839
772
953
1671
2340
2761
2877
2910
2258
1617
1199
655
211
-3
277
455
921
1408
1118
183
-948
-1900
-2737
-2784
-2101
-1445
-750
-128
112
-313
-816
-1308
-1827
-1683
-831
423
1586
2632
3100
2664
1877
1090
454
243
652
1334
1768
1947
1735
877
-201
-1163
-1994
-2468
-2362
-1858
-1328
-860
-675
-1054
-1622
-1979
-2169
-1977
-1320
-438
276
830
1296
1275
892
466
118
30
258
770
1012
930
700
122
-479
-922
-1112
-1330
-1399
-1134
-904
-728
-700
-893
-1342
-1695
-1687
-1529
-1268
-938
-699
-580
-349
314
1034
1683
2194
2450
2365
2016
1753
1375
1020
852
909
1234
1737
2278
2419
1972
1130
38
-995
-1644
-1700
-1377
-957
-605
-480
-724
-1205
-1675
-2072
-2126
-1752
-865
292
1517
2485
2847
2718
2218
1759
1502
1613
2020
2471
2848
2867
2623
1994
1116
107
-863
-1510
-1918
-2002
-1920
-1871
-2030
-2363
-2681
-3025
-3271
-3244
-2980
-2573
-1988
-1266
-633
-172
195
476
631
794
968
1052
990
908
868
803
801
805
649
290
-106
-513
-978
-1381
-1700
-1995
-2200
-2232
-2144
-2067
-2017
-2011
-2047
-2012
-1798
-1322
-582
220
1105
1867
2415
2583
2445
2323
2140
2127
2244
2614
3092
3458
3696
3580
3154
2520
1690
796
60
-295
-484
-672
-772
-906
-1146
-1421
-1616
-1767
-1803
-1657
-1323
-858
-183
578
1202
1624
1886
2077
2136
2195
2255
2287
2304
2266
2110
1749
1273
631
-179
-1009
-1745
-2305
-2651
-2814
-2909
-2988
-3087
-3302
-3558
-3686
-3652
-3429
-2981
-2296
-1530
-765
-12
537
813
879
822
680
559
699
1010
1335
1623
1703
1481
978
347
-385
-1122
-1610
-1904
-2024
-1911
-1685
-1531
-1579
-1667
-1807
-1974
-2003
-1871
-1580
-1050
-281
584
1446
2230
2803
2964
2972
2972
2894
2792
2786
2979
3261
3684
4123
4289
4083
3493
2525
1292
174
-635
-1163
-1346
-1218
-969
-831
-852
-1148
-1678
-2186
-2437
-2358
-1935
-1089
-94
753
1301
1541
1485
1232
1014
924
987
1197
1450
1556
1457
1142
562
-228
-1031
-1683
-2135
-2334
-2375
-2436
-2595
-2835
-3128
-3398
-3486
-3362
-3067
-2609
-2001
-1353
-756
-244
112
338
545
811
1081
1317
1511
1560
1446
1267
1068
829
548
236
-154
-588
-966
-1295
-1585
-1732
-1705
-1562
-1299
-984
-753
-729
-834
-945
-976
-767
-197
671
1655
2631
3412
3818
3804
3551
3208
2875
2706
2747
2974
3288
3552
3567
3219
2500
1493
331
-769
-1564
-2006
-2140
-2075
-1915
-1743
-1674
-1687
-1790
-1906
-1910
-1727
-1290
-657
124
875
1451
1784
1860
1781
1573
1300
990
697
455
244
61
-178
-532
-1012
-1578
-2143
-2621
-2916
-3013
-2945
-2760
-2496
-2199
-1934
-1709
-1501
-1317
-1105
-803
-424
-9
394
738
909
884
725
477
198
-35
-162
-176
-120
-38
17
-15
-145
-373
-637
-841
-893
-775
-518
-145
268
635
914
1070
1115
1054
937
800
717
798
1063
1501
1996
2431
2642
2555
2181
1610
978
408
45
-39
176
585
1017
1260
1199
796
161
-505
-1017
-1203
-1028
-553
62
636
1036
1134
935
536
95
-214
-322
-199
48
333
493
426
122
-345
-816
-1216
-1426
-1453
-1306
-1047
-786
-588
-515
-545
-666
-797
-867
-842
-733
-587
-470
-452
-526
-652
-816
-995
-1134
-1225
-1287
-1308
-1294
-1256
-1236
-1190
-1132
-1075
-953
-764
-531
-299
-33
246
533
869
1221
1521
1725
1792
1713
1506
1280
1093
950
880
849
806
645
362
-61
-618
-1211
-1704
-1943
-1862
-1441
-781
-98
469
803
906
830
698
629
713
1038
1565
2220
2858
3336
3510
3327
2834
2161
1445
821
370
113
3
-68
-217
-513
-948
-1465
-1972
-2359
-2533
-2472
-2163
-1682
-1115
-611
-230
7
105
159
230
384
605
851
1095
1290
1389
1308
1010
524
-81
-698
-1252
-1662
-1924
-2059
-2136
-2190
-2247
-2337
-2457
-2572
-2610
-2511
-2199
-1689
-1042
-372
216
681
979
1157
1268
1403
1593
1829
2098
2328
2455
2381
2074
1544
899
267
-279
-652
-850
-912
-916
-925
-993
-1131
-1330
-1534
-1683
-1710
-1578
-1277
-763
-67
755
1533
2169
2571
2696
2583
2311
2025
1774
1649
1675
1803
1980
2069
1982
1630
1031
299
-455
-1069
-1455
-1559
-1422
-1158
-892
-727
-731
-876
-1083
-1265
-1292
-1096
-656
-88
490
941
1150
1116
872
557
268
99
92
209
391
502
477
262
-126
-603
-1086
-1472
-1711
-1777
-1706
-1587
-1480
-1444
-1488
-1582
-1672
-1682
-1574
-1321
-942
-496
-37
377
716
939
1050
1102
1126
1163
1219
1281
1329
1329
1273
1099
817
441
-8
-462
-861
-1125
-1265
-1306
-1283
-1222
-1150
-1112
-1147
-1237
-1351
-1434
-1408
-1227
-824
-245
505
1269
1915
2356
2521
2450
2166
1873
1653
1574
1683
1933
2250
2471
2516
2268
1702
912
67
-678
-1199
-1408
-1378
-1197
-1010
-878
-879
-1007
-1157
-1298
-1279
-1033
-521
149
822
1402
1734
1805
1658
1408
1134
901
779
752
782
773
649
345
-141
-745
-1394
-1983
-2430
-2696
-2782
-2738
-2609
-2469
-2344
-2248
-2163
-1988
-1704
-1280
-746
-119
541
1125
1591
1868
1942
1858
1705
1525
1343
1198
1077
899
649
329
-111
-658
-1227
-1731
-2124
-2321
-2275
-2093
-1899
-1712
-1554
-1455
-1398
-1318
-1181
-954
-572
-82
495
1108
1773
2441
2941
3310
3418
3360
3087
2664
2300
1943
1763
1624
1585
1585
1527
1391
989
351
-401
-1075
-1615
-1859
-1735
-1319
-826
-426
-82
33
26
-33
-117
-44
224
812
1412
1874
2165
2105
1696
1038
386
-149
-525
-703
-728
-741
-758
-907
-1264
-1767
-2259
-2594
-2728
-2623
-2285
-1870
-1552
-1347
-1281
-1231
-1199
-1074
-823
-491
-34
421
840
1025
996
815
497
198
-20
-40
-60
-120
-209
-358
-507
-690
-807
-942
-1040
-1025
-965
-877
-796
-728
-712
-692
-582
-364
-154
-1
71
41
-3
6
90
328
650
1222
1960
2634
3233
3435
3358
2862
2261
1919
1675
1764
1973
2318
2576
2640
2558
2095
1329
471
-308
-953
-1202
-1139
-925
-798
-790
-814
-1087
-1260
-1365
-1409
-1226
-893
-316
183
674
1039
1028
796
449
143
-72
-150
-116
-100
-212
-424
-852
-1407
-1992
-2620
-3123
-3372
-3290
-2889
-2327
-1710
-1297
-1140
-1074
-1167
-1171
-1018
-689
-238
288
933
1397
1600
1568
1234
719
277
94
100
229
417
495
348
77
-285
-799
-1223
-1421
-1343
-1068
-615
-133
88
89
-14
-146
-167
-22
199
418
641
858
921
897
811
732
781
1279
2017
2829
3593
3945
3735
2965
2280
1706
1291
1255
1473
1802
2073
2174
1846
1011
-28
-1162
-2292
-2871
-2688
-2173
-1638
-1289
-1162
-1341
-1637
-1748
-1844
-1595
-996
-305
413
1088
1605
1512
877
170
-437
-751
-689
-498
-304
-292
-510
-1003
-1684
-2259
-2828
-3249
-3287
-2962
-2320
-1549
-890
-506
-313
-123
2
138
563
1019
1357
1692
1956
2055
1889
1620
1124
479
161
0
-166
-275
-278
-331
-551
-593
-579
-766
-934
-1022
-1030
-829
-340
237
587
880
1085
973
838
820
739
555
397
359
284
210
135
-193
-634
-852
-859
-250
775
1967
2936
3304
3252
2608
2134
1808
1354
1132
1291
1818
2273
2580
2470
1481
-40
-1634
-3047
-3772
-3528
-2921
-2405
-1990
-1614
-1722
-2260
-2551
-2797
-2680
-1963
-741
670
1919
2881
2883
2162
1457
813
342
249
553
855
836
612
-63
-1174
-2355
-3516
-4349
-4523
-3976
-3074
-2172
-1361
-897
-726
-556
-218
313
1209
2160
2889
3372
3578
3371
2670
2049
1493
989
725
609
492
136
-281
-923
-1699
-2135
-2323
-2326
-2079
-1474
-892
-531
-128
213
385
540
816
1076
1357
1716
1924
1751
1409
1019
441
-94
-443
-734
-1136
-1553
-1830
-1999
-1839
-843
506
1784
2517
2767
2706
2221
1913
1590
1542
1800
2204
2643
2885
2934
2220
559
-1407
-3051
-4045
-4270
-3790
-2983
-2234
-1921
-2045
-2518
-2868
-2814
-2580
-1721
-287
1630
3312
4175
4194
3260
1991
749
11
104
608
1031
927
380
-538
-1914
-3291
-4410
-5005
-4883
-4016
-2648
-1261
-92
467
347
9
70
542
1391
2715
4107
5004
5108
4556
3374
1890
637
-337
-904
-942
-670
-680
-1058
-1449
-2062
-2761
-3119
-2870
-2140
-1060
213
1141
1629
1853
1716
1352
1156
1280
1466
1545
1657
1567
1219
647
-246
-1337
-2326
-2870
-3066
-2948
-2628
-2498
-2700
-2811
-2607
-1664
431
2983
4541
4576
4346
4112
3431
2721
2381
2315
2107
1927
1792
1496
1017
-488
-3103
-5289
-5962
-5757
-5269
-4179
-2881
-2485
-2723
-2730
-2470
-1842
-931
81
1341
3343
5497
6311
5870
4922
3476
1807
910
1152
1693
1845
1431
329
-1054
-2374
-3840
-5096
-5412
-4762
-3806
-2645
-1191
-159
90
-119
-394
-215
814
2304
3649
4788
5747
5740
4613
3303
2053
770
-334
-797
-729
-528
-478
-1150
-2396
-3373
-3919
-4243
-3850
-2485
-991
-56
671
1361
1492
1243
954
693
778
1376
2113
2350
2277
1857
607
-984
-2039
-2502
-2902
-3219
-3152
-2980
-2862
-2692
-2662
-2772
-2842
-2717
-2156
-210
3139
5722
6002
5086
4268
3148
1815
1263
1410
1320
959
693
451
230
-615
-2792
-5205
-6054
-5469
-4533
-2879
-689
519
317
-95
-8
354
1100
2029
2990
4390
5946
6599
6076
5007
3357
1159
-408
-650
-242
-3
-195
-953
-2129
-3369
-4591
-5468
-5482
-4676
-3568
-2172
-481
839
1517
1701
1529
1354
1689
2466
3050
3653
4205
3998
3067
2096
1180
-104
-1051
-1318
-1338
-1327
-1336
-1742
-2687
-3277
-3390
-3366
-2872
-1844
-915
-471
56
650
846
848
790
534
284
467
826
904
697
342
-316
-996
-1390
-1603
-1687
-1870
-2098
-2255
-2142
-1809
-1654
-1511
-1362
-1260
-943
-505
583
2830
4873
4999
3495
2639
2357
1320
714
998
1135
708
437
568
522
317
-733
-2748
-3546
-2634
-1769
-1047
389
1561
1115
276
382
556
835
1526
2152
2875
3885
4564
3936
2752
1753
278
-1042
-1189
-552
-119
-257
-691
-1430
-2344
-3146
-3839
-3866
-3002
-1967
-877
268
1124
1381
1274
1138
768
777
1507
1933
1915
1956
1802
959
-88
-641
-1123
-1569
-1440
-1335
-1609
-1775
-2085
-2760
-3255
-2836
-2062
-1468
-417
604
792
579
456
377
176
304
657
723
958
1246
1046
421
-245
-846
-1483
-1748
-1485
-1430
-1481
-1405
-1444
-1432
-1462
-1324
-1164
-918
-476
-274
48
490
601
1670
3557
4569
3989
3054
2997
2064
960
987
974
639
377
430
456
500
453
-1033
-2559
-2437
-2230
-2211
-985
624
957
457
672
961
868
1689
2217
2340
2910
3428
3252
2512
2213
1263
-347
-1009
-1061
-967
-830
-936
-1574
-2482
-3124
-3796
-4021
-3119
-2060
-1418
-503
537
1039
1246
1518
1316
705
814
1411
1484
1521
1510
816
-331
-1027
-1169
-1652
-1720
-1580
-1827
-2039
-1805
-1548
-1774
-1490
-850
-573
-285
491
859
494
404
536
600
681
1122
1295
857
684
186
-562
-1157
-1401
-1439
-1595
-1369
-1254
-1303
-1045
-735
-767
-872
-881
-703
-314
244
820
872
946
741
446
2013
4063
4611
3463
2624
2277
746
73
418
146
-403
-614
-620
-439
269
291
-1490
-2432
-1741
-1806
-1412
498
1862
1666
1264
1632
1317
1305
2198
2013
1888
2678
3235
2757
2206
1829
89
-1832
-2396
-2339
-2055
-1570
-1459
-2013
-2679
-3136
-3626
-3448
-2354
-1339
-478
651
1673
2146
2230
1981
1058
74
-46
14
287
767
980
309
-967
-1552
-2093
-2381
-2123
-1920
-1847
-1639
-1123
-988
-1117
-765
-677
-950
-357
731
1233
1245
1187
939
273
82
342
292
402
462
104
-270
-174
-35
-401
-671
-573
-649
-720
-103
647
688
313
-41
-279
-451
-320
-45
-175
-314
-229
-539
384
2452
3482
2721
1718
2050
1442
626
1201
1396
826
455
594
834
1312
1839
544
-1345
-1474
-1641
-2245
-1269
259
480
-172
-119
-33
-552
134
633
606
1441
2364
2593
2210
2270
1555
-295
-1145
-1248
-1100
-620
-170
-297
-1150
-1907
-2710
-3217
-2620
-1823
-1337
-689
44
476
573
398
-356
-1411
-1493
-1160
-740
463
1271
871
-177
-665
-845
-1306
-950
-411
-444
-186
5
-18
-162
-77
-174
-820
-477
291
521
650
755
669
180
15
363
544
735
813
650
511
452
455
255
-107
-265
-457
-590
-431
-31
175
-361
-857
-993
-1121
-978
-641
-343
-468
-771
-565
-828
57
2170
3328
3178
2669
3081
2215
822
1025
1028
346
26
261
519
636
677
-748
-2646
-2893
-3044
-3455
-1949
-35
328
-95
192
504
-111
575
1534
2024
3140
4043
4274
3876
3524
2283
174
-728
-913
-1049
-861
-652
-1097
-2304
-3435
-4286
-4544
-3872
-3053
-2469
-1675
-832
-369
15
295
62
-420
-89
820
1627
2754
3384
2728
1487
689
296
-152
89
376
-92
-482
-686
-1233
-1945
-2019
-2030
-2356
-1830
-784
-318
-134
205
52
-622
-488
350
930
1475
2083
2067
1625
1435
1284
893
550
399
77
-65
161
83
-426
-1018
-1582
-2135
-2424
-2168
-1648
-1402
-1460
-1726
-1751
-1920
-1344
599
2309
2856
2624
2899
2387
1334
1491
1680
1225
967
1343
1700
1864
2033
958
-895
-1648
-1878
-2131
-865
790
968
431
363
408
-352
-44
877
1249
1973
2692
3098
2872
2181
995
-589
-1349
-1632
-1677
-1123
-598
-641
-1347
-2200
-2839
-2981
-2530
-1926
-1239
-418
34
118
397
484
-8
-614
-529
-13
483
1295
1694
1182
246
-449
-800
-994
-678
-459
-822
-976
-1068
-1421
-1742
-1675
-1350
-1399
-985
-221
75
340
468
376
96
209
876
1360
1832
2203
1929
1296
761
385
92
-196
-371
-657
-941
-947
-1168
-1533
-1890
-2249
-2479
-2471
-1860
-1092
-624
-482
-673
-747
-727
-569
826
2960
4438
4600
4450
4356
3225
2198
1998
1633
1050
1167
1693
1770
1569
964
-598
-2202
-2722
-2828
-2245
-502
608
604
529
672
50
-619
59
751
1305
2454
3571
3629
2916
2123
753
-653
-1303
-1395
-1225
-870
-596
-960
-1693
-2647
-3613
-3944
-3574
-2886
-2208
-1345
-712
-608
-644
-857
-1246
-1452
-1057
-234
749
1580
1791
1289
558
-1
-538
-723
-569
-491
-457
-507
-596
-929
-1337
-1479
-1670
-1503
-906
-302
217
495
658
474
146
346
752
1098
1416
1737
1868
1578
1221
901
435
-87
-401
-399
-263
-190
-352
-761
-1177
-1469
-1516
-1246
-787
-296
21
100
37
-192
-233
-189
402
2162
3896
4960
4975
4443
3697
2335
1545
1087
792
1091
1216
1206
989
536
-305
-1824
-2840
-3112
-3010
-1993
-644
282
819
655
-77
-942
-990
-198
451
1478
2517
2716
2358
1690
752
-542
-1715
-2361
-2545
-2020
-1268
-973
-1185
-1953
-3037
-3855
-3878
-3395
-2734
-1746
-856
-365
-114
-28
-269
-731
-858
-352
471
1283
1935
2098
1753
1020
163
-419
-760
-729
-465
-289
-106
-130
-403
-777
-1117
-1270
-1155
-659
45
624
993
1159
994
829
975
1207
1480
1826
2150
2224
1968
1519
955
424
54
-79
-26
67
-6
-283
-569
-950
-1238
-1233
-1233
-1140
-838
-502
-397
-545
-565
-444
-369
287
1721
3207
4172
4163
3725
3054
1827
918
532
491
639
488
468
378
-27
-650
-1784
-2699
-3102
-3142
-2301
-1017
-17
390
19
-702
-1413
-1402
-556
282
1140
2006
2386
2222
1694
967
-30
-1185
-1891
-1825
-1130
-378
-96
-349
-1217
-2457
-3357
-3505
-3130
-2514
-1658
-899
-472
-244
-253
-549
-946
-976
-486
246
1111
1853
2195
2045
1393
671
229
44
163
474
841
1053
866
565
218
-228
-576
-746
-542
-207
112
507
665
510
261
249
425
596
937
1351
1510
1370
1121
804
375
48
4
69
71
60
27
-176
-544
-829
-1000
-1150
-1154
-1020
-840
-741
-738
-769
-800
-632
-130
842
2112
2978
2996
2653
2230
1402
624
500
683
631
483
569
519
117
-378
-1149
-1953
-2326
-2269
-1642
-701
-8
119
-315
-912
-1427
-1451
-816
-81
643
1416
1871
1849
1480
896
144
-682
-1175
-1050
-493
91
298
99
-475
-1420
-2246
-2571
-2488
-2145
-1612
-1024
-613
-452
-474
-633
-836
-887
-579
81
854
1523
1929
1929
1464
822
391
143
63
262
519
680
761
656
302
-193
-583
-800
-780
-384
100
412
558
466
238
142
246
418
656
989
1202
1162
1054
958
730
477
348
322
321
299
258
83
-273
-672
-941
-1085
-1118
-1029
-940
-959
-1071
-1122
-1057
-867
-433
265
1123
1867
2161
2128
1963
1594
1150
957
995
988
886
797
630
285
-171
-805
-1439
-1748
-1753
-1480
-933
-455
-368
-586
-924
-1312
-1475
-1193
-698
-173
410
859
967
855
608
236
-128
-318
-254
19
358
516
387
7
-614
-1261
-1689
-1839
-1738
-1458
-1170
-1008
-947
-985
-1082
-1090
-947
-648
-179
375
848
1206
1441
1414
1191
1015
923
858
930
1104
1192
1133
968
723
474
333
257
218
224
164
23
-109
-178
-223
-178
12
186
324
484
617
658
628
612
615
629
665
702
697
571
293
-72
-440
-735
-893
-909
-859
-849
-952
-1139
-1341
-1499
-1542
-1397
-1068
-621
-84
478
852
907
775
572
385
379
536
655
655
599
460
212
-42
-310
-645
-859
-813
-622
-344
-46
73
-55
-250
-391
-478
-385
-96
188
398
566
639
600
548
490
373
257
238
323
455
573
550
343
14
-315
-556
-700
-747
-747
-759
-788
-795
-765
-724
-635
-506
-370
-202
21
242
410
542
602
562
477
399
332
280
259
242
244
267
280
291
304
274
166
47
-36
-96
-118
-91
-26
43
111
154
168
186
183
167
161
199
245
277
298
255
151
8
-149
-300
-438
-522
-554
-585
-622
-671
-754
-878
-1008
-1043
-949
-771
-524
-235
72
325
468
539
576
614
674
760
813
774
672
536
422
358
300
236
193
199
228
295
412
472
420
309
155
-7
-100
-110
-96
-73
-47
-35
-29
15
72
86
80
61
49
70
84
42
-70
-216
-366
-491
-588
-663
-735
-806
-873
-930
-925
-863
-782
-687
-598
-523
-446
-342
-204
-82
5
71
116
134
123
94
70
66
84
137
230
342
449
524
550
540
499
447
415
428
469
522
582
626
620
573
517
450
387
366
390
416
408
369
286
145
-18
-192
-362
-491
-562
-590
-623
-667
-726
-799
-842
-815
-729
-599
-433
-242
-52
148
350
503
579
610
619
607
604
558
426
259
113
-3
-81
-97
-105
-150
-177
-153
-102
-9
101
164
168
123
37
-37
-36
13
45
69
100
117
139
199
237
197
92
-27
-114
-165
-175
-188
-244
-350
-487
-644
-796
-900
-955
-975
-952
-873
-760
-649
-538
-447
-387
-304
-167
27
260
494
659
711
676
585
468
374
342
344
375
425
469
496
493
463
401
334
303
315
366
431
482
500
469
407
339
293
283
311
362
389
366
285
162
7
-152
-295
-411
-493
-555
-616
-668
-722
-792
-853
-870
-846
-797
-707
-591
-492
-408
-304
-178
-41
94
199
281
358
421
455
455
398
293
192
132
122
144
170
161
132
102
64
52
66
68
54
29
-23
-85
-102
-94
-103
-99
-68
-13
57
155
236
264
260
230
206
202
194
169
117
44
-56
-172
-279
-363
-423
-465
-483
-469
-429
-379
-318
-249
-195
-141
-66
27
130
230
294
311
304
280
248
219
212
225
249
292
344
386
404
402
378
348
323
305
315
338
340
306
254
198
137
89
60
44
37
20
-20
-82
-164
-259
-353
-427
-482
-535
-590
-637
-684
-731
-771
-804
-836
-855
-846
-812
-756
-678
-590
-502
-388
-254
-134
-10
116
221
309
371
399
387
372
371
374
395
430
447
442
432
413
397
399
395
385
378
359
326
302
295
284
273
289
324
373
432
475
492
469
426
385
350
313
266
216
149
70
-28
-141
-258
-370
-469
-541
-560
-532
-484
-435
-401
-388
-382
-361
-317
-254
-193
-152
-134
-131
-142
-176
-204
-210
-185
-118
-18
87
173
235
264
264
253
248
257
272
284
275
240
179
95
14
-56
-114
-152
-166
-155
-146
-171
-235
-319
-402
-476
-521
-535
-537
-548
-570
-596
-629
-665
-685
-674
-640
-593
-525
-429
-316
-199
-82
39
142
246
371
495
602
693
744
748
739
734
720
711
728
742
743
749
731
683
642
608
556
499
468
432
396
377
351
309
270
247
241
256
277
279
258
217
157
88
16
-60
-137
-206
-285
-367
-449
-544
-643
-725
-780
-814
-810
-778
-734
-696
-671
-658
-643
-607
-552
-487
-422
-363
-318
-289
-272
-256
-228
-178
-101
-2
101
188
253
293
298
280
265
255
249
250
251
235
197
148
90
33
-7
-28
-29
-8
20
25
2
-41
-100
-157
-197
-215
-220
-225
-234
-258
-295
-336
-363
-378
-379
-358
-305
-227
-128
-27
61
129
193
264
348
451
552
640
707
750
773
776
763
745
741
750
761
766
750
700
637
573
491
405
332
264
201
157
107
40
-25
-80
-129
-156
-162
-166
-173
-177
-200
-240
-277
-312
-345
-374
-399
-434
-473
-513
-555
-596
-631
-657
-673
-663
-637
-616
-600
-597
-588
-577
-556
-520
-476
-421
-368
-320
-279
-246
-205
-148
-75
10
105
195
272
334
376
395
398
392
387
393
398
386
362
326
281
226
174
133
105
94
91
89
82
56
17
-24
-57
-81
-98
-102
-103
-114
-137
-159
-180
-197
-201
-191
-165
-120
-55
19
78
122
157
181
216
267
313
350
390
427
442
450
454
439
425
432
447
457
464
462
436
405
364
301
239
192
143
96
57
9
-50
-93
-126
-160
-178
-185
-192
-195
-198
-217
-243
-270
-307
-339
-356
-367
-378
-380
-382
-391
-401
-409
-415
-410
-397
-381
-366
-356
-347
-339
-334
-333
-323
-302
-273
-238
-202
-170
-137
-94
-45
1
50
97
137
171
201
221
230
238
242
239
230
222
208
193
177
155
131
109
91
77
73
74
69
59
46
30
9
-15
-33
-45
-49
-54
-66
-74
-78
-80
-77
-65
-41
-6
37
85
128
167
200
230
257
282
301
317
328
338
350
350
335
319
299
281
274
272
274
270
254
224
186
147
107
70
44
22
3
-18
-43
-65
-90
-116
-136
-145
-148
-146
-144
-153
-173
-197
-222
-250
-270
-281
-293
-299
-299
-306
-322
-342
-358
-376
-388
-388
-384
-379
-369
-359
-355
-347
-336
-319
-290
-253
-218
-184
-137
-88
-43
-6
27
52
81
120
163
198
220
227
223
221
222
225
234
240
240
232
214
191
169
148
134
124
118
122
125
116
91
60
33
9
-5
-15
-25
-31
-37
-38
-39
-38
-38
-35
-19
10
45
78
108
133
149
160
169
180
197
218
235
244
246
241
231
226
223
218
221
227
230
232
227
212
190
173
154
135
120
108
92
71
50
23
-5
-26
-44
-63
-80
-95
-117
-145
-163
-182
-208
-237
-267
-300
-324
-341
-361
-378
-399
-425
-451
-462
-463
-459
-447
-433
-423
-414
-395
-370
-338
-298
-256
-216
-175
-135
-101
-72
-40
-12
14
46
79
109
131
148
158
160
167
173
180
188
194
194
187
171
152
134
127
125
123
118
112
103
89
70
50
35
23
18
21
27
30
31
34
41
50
60
73
96
125
160
191
210
226
235
245
254
268
279
285
292
302
309
311
309
299
292
294
300
308
313
312
302
281
257
228
193
157
127
97
69
39
1
-39
-82
-120
-158
-193
-224
-251
-281
-309
-335
-362
-390
-415
-437
-454
-470
-477
-485
-494
-502
-509
-514
-515
-510
-506
-497
-485
-472
-458
-438
-413
-384
-352
-320
-290
-258
-224
-185
-144
-101
-60
-20
22
67
111
151
184
214
246
275
302
326
344
353
356
349
338
328
317
306
297
284
267
250
239
223
206
187
179
179
183
188
187
193
202
213
226
240
254
268
282
298
314
320
317
311
305
296
286
275
260
244
226
206
185
165
147
130
121
112
104
100
94
82
67
45
18
-6
-26
-48
-78
-113
-151
-186
-226
-269
-312
-357
-397
-438
-473
-508
-537
-562
-580
-598
-613
-620
-623
-622
-620
-609
-598
-587
-570
-549
-528
-505
-482
-458
-429
-400
-372
-342
-306
-268
-231
-194
-158
-125
-89
-51
-10
34
78
123
173
227
283
335
388
437
486
534
579
621
653
673
681
683
677
664
648
629
610
586
560
534
503
473
442
413
387
362
340
318
298
281
262
247
236
230
224
219
210
201
189
172
150
123
93
61
27
-13
-57
-105
-154
-202
-245
-289
-327
-365
-392
-412
-426
-438
-446
-449
-448
-441
-432
-418
-400
-386
-377
-370
-362
-360
-358
-361
-367
-376
-383
-389
-395
-404
-413
-421
-426
-427
-422
-414
-402
-387
-373
-352
-329
-300
-268
-235
-196
-155
-119
-84
-49
-16
17
53
88
121
152
180
204
228
251
270
288
315
348
382
420
454
485
511
539
572
604
632
657
670
678
672
658
638
612
588
558
522
484
445
406
360
311
258
209
162
119
82
44
8
-28
-63
-95
-125
-147
-159
-165
-169
-171
-178
-183
-189
-197
-210
-220
-231
-242
-254
-270
-291
-316
-344
-368
-388
-405
-419
-432
-438
-442
-440
-439
-434
-422
-405
-380
-349
-317
-286
-254
-224
-197
-173
-150
-132
-115
-99
-88
-80
-76
-75
-76
-81
-81
-79
-72
-62
-53
-46
-39
-32
-25
-9
7
23
42
60
81
100
116
130
147
162
173
181
191
204
218
227
233
237
242
249
263
285
308
331
352
371
389
408
427
444
455
462
463
458
451
435
408
376
340
303
265
225
184
140
97
50
3
-43
-84
-118
-155
-189
-220
-248
-268
-282
-293
-300
-299
-295
-288
-276
-266
-259
-255
-248
-241
-233
-225
-221
-223
-230
-241
-254
-262
-272
-281
-292
-298
-299
-295
-291
-284
-276
-262
-246
-222
-194
-162
-124
-92
-58
-26
0
23
50
73
88
98
106
114
120
124
118
108
97
88
85
84
77
67
58
49
42
40
43
47
50
56
68
78
91
101
109
114
119
126
135
145
155
164
169
172
176
184
197
209
219
225
230
235
243
245
246
246
244
240
230
216
196
173
148
121
92
66
40
17
-4
-28
-51
-75
-94
-108
-122
-135
-150
-163
-174
-184
-191
-195
-195
-190
-182
-172
-164
-157
-152
-145
-139
-133
-128
-124
-120
-119
-124
-135
-151
-168
-182
-197
-209
-217
-222
-224
-222
-214
-205
-195
-180
-162
-137
-105
-70
-35
-8
15
38
60
81
99
115
127
137
143
148
148
138
122
101
80
65
52
42
29
14
-3
-18
-26
-30
-32
-32
-25
-18
-6
3
12
18
23
30
44
62
81
98
109
115
123
131
136
143
151
163
174
181
185
188
186
180
179
182
182
181
179
176
171
166
157
146
134
127
120
111
102
92
81
64
45
27
10
-10
-29
-44
-61
-81
-102
-121
-138
-153
-162
-166
-167
-168
-172
-176
-176
-175
-172
-171
-171
-174
-179
-188
-198
-209
-223
-237
-243
-249
-249
-243
-238
-229
-218
-208
-197
-185
-167
-146
-121
-94
-71
-48
-25
-4
19
42
60
79
97
113
125
129
127
120
111
105
102
100
95
88
77
69
63
55
52
50
55
59
65
73
81
87
89
90
96
106
120
134
145
154
155
153
152
155
159
164
170
176
179
174
165
154
145
136
127
123
118
113
104
93
80
62
44
28
17
7
-1
-10
-20
-35
-54
-71
-88
-105
-120
-129
-134
-138
-143
-151
-160
-166
-172
-175
-173
-169
-164
-157
-152
-149
-148
-151
-156
-163
-167
-169
-170
-171
-171
-173
-179
-180
-177
-166
-154
-140
-125
-113
-101
-89
-74
-56
-37
-16
7
32
55
79
100
115
122
132
143
151
156
157
154
144
132
119
108
96
84
71
58
50
47
45
43
39
35
36
43
54
65
77
87
95
103
111
122
133
141
144
144
141
137
133
131
131
128
122
117
115
113
110
104
98
94
93
94
93
89
85
79
72
66
63
59
53
43
28
12
-4
-20
-40
-65
-91
-115
-136
-154
-170
-189
-211
-230
-249
-260
-265
-265
-261
-255
-250
-243
-235
-225
-217
-208
-197
-190
-184
-179
-175
-171
-169
-168
-165
-160
-154
-150
-144
-139
-136
-133
-126
-115
-102
-85
-65
-41
-18
6
30
53
76
98
120
143
163
179
191
199
203
204
199
193
187
181
174
168
160
154
147
140
138
136
140
148
154
161
166
172
174
180
186
190
198
202
202
199
197
197
192
184
177
167
157
149
142
132
120
104
86
68
50
37
26
11
-3
-18
-32
-46
-60
-74
-90
-105
-119
-131
-145
-160
-179
-199
-215
-232
-246
-258
-270
-284
-295
-304
-310
-314
-317
-316
-312
-304
-295
-283
-268
-252
-235
-219
-203
-188
-172
-157
-139
-122
-105
-89
-80
-67
-53
-40
-27
-19
-11
1
13
24
32
46
61
78
97
115
136
155
175
193
207
219
230
238
246
253
253
253
253
250
241
233
226
218
211
207
206
201
193
184
177
173
168
161
155
152
147
139
131
124
116
107
102
95
84
74
62
49
37
24
10
-5
-17
-31
-45
-59
-73
-91
-106
-120
-132
-140
-149
-156
-164
-174
-183
-190
-196
-201
-208
-213
-216
-220
-225
-226
-232
-238
-245
-251
-256
-260
-262
-263
-266
-270
-271
-265
-255
-242
-226
-206
-184
-161
-135
-109
-80
-53
-30
-3
27
52
75
96
115
129
139
146
152
160
167
172
175
176
173
173
175
180
186
193
202
214
227
236
245
253
260
266
271
277
281
281
276
270
260
249
237
224
211
196
177
159
140
118
94
70
46
23
2
-17
-36
-50
-65
-82
-98
-111
-120
-124
-128
-130
-128
-125
-128
-129
-129
-130
-133
-136
-139
-142
-146
-154
-161
-167
-175
-181
-186
-193
-195
-201
-204
-204
-205
-207
-208
-204
-199
-194
-187
-179
-173
-165
-159
-152
-143
-134
-128
-122
-115
-109
-101
-91
-80
-67
-55
-41
-24
-6
11
26
42
59
80
98
117
135
150
162
174
182
192
199
207
212
214
218
219
217
217
214
210
207
204
202
205
204
203
202
198
195
192
190
184
176
168
158
147
135
123
110
92
76
57
42
26
10
-9
-27
-46
-65
-84
-99
-114
-127
-138
-147
-157
-166
-170
-176
-178
-176
-174
-168
-161
-154
-148
-142
-139
-136
-132
-128
-128
-128
-128
-126
-127
-125
-124
-125
-128
-131
-131
-128
-124
-119
-112
-102
-94
-87
-77
-67
-54
-44
-32
-17
-3
9
18
25
30
34
37
40
45
52
56
60
63
69
72
76
83
91
101
112
122
133
142
149
152
152
158
164
167
168
168
164
159
153
144
135
126
114
103
95
84
72
62
54
46
38
32
27
23
20
15
9
4
0
-5
-13
-17
-24
-34
-42
-48
-55
-61
-70
-79
-91
-100
-107
-115
-120
-127
-136
-142
-147
-150
-151
-151
-149
-145
-137
-130
-120
-109
-96
-87
-77
-66
-58
-50
-44
-37
-31
-26
-22
-21
-18
-17
-15
-13
-13
-12
-11
-9
-4
0
5
10
16
24
30
35
40
47
54
60
62
62
64
63
59
57
56
54
50
46
45
44
41
40
41
41
43
46
49
58
65
66
67
71
75
76
76
77
78
78
75
70
65
59
50
42
35
28
22
16
9
4
-2
-8
-11
-14
-15
-15
-15
-13
-15
-12
-10
-10
-10
-11
-11
-14
-15
-17
-19
-23
-27
-34
-38
-45
-51
-58
-64
-69
-72
-75
-78
-82
-84
-83
-83
-80
-76
-71
-63
-57
-50
-45
-40
-34
-28
-22
-17
-15
-13
-10
-10
-10
-11
-9
-8
-9
-9
-9
-11
-9
-7
-5
-4
-4
0
4
8
11
11
12
12
15
16
14
13
16
14
12
11
9
8
7
6
7
10
11
14
18
22
26
29
33
38
44
48
53
58
65
70
73
76
78
76
72
68
63
62
58
53
47
43
38
32
26
25
22
18
15
15
17
16
15
13
13
12
12
12
13
14
11
8
5
1
-6
-13
-19
-26
-34
-42
-49
-56
-65
-74
-79
-82
-84
-87
-90
-90
-88
-86
-82
-76
-70
-65
-62
-57
-53
-46
-43
-40
-37
-34
-32
-30
-25
-24
-21
-19
-19
-17
-14
-13
-14
-12
-8
-7
-5
-3
1
5
8
12
14
18
20
22
26
30
32
36
40
44
45
46
46
46
47
46
47
48
50
48
48
47
46
47
48
50
51
54
55
57
55
55
55
54
52
52
50
44
39
35
30
25
18
12
7
3
-1
-6
-9
-11
-14
-18
-19
-19
-21
-19
-18
-17
-18
-21
-22
-23
-26
-31
-35
-39
-42
-46
-49
-53
-57
-61
-63
-64
-64
-64
-64
-64
-63
-63
-63
-60
-56
-52
-48
-41
-34
-29
-24
-24
-20
-16
-13
-10
-8
-4
-2
-4
-4
-2
1
4
7
8
11
13
14
16
18
20
23
27
30
34
36
38
38
39
38
40
42
45
47
47
50
51
51
49
48
50
48
47
47
47
46
45
43
44
44
42
42
42
43
40
38
35
33
31
27
25
21
19
13
6
0
-4
-9
-15
-20
-24
-26
-30
-36
-39
-41
-43
-44
-43
-42
-42
-41
-41
-41
-41
-42
-47
-50
-52
-55
-59
-60
-61
-62
-64
-65
-66
-66
-66
-62
-57
-53
-51
-51
-47
-40
-35
-34
-31
-27
-22
-17
-10
-1
5
7
6
9
13
18
18
19
22
25
27
27
31
33
35
35
37
41
43
44
45
46
47
45
43
43
44
43
40
40
42
41
40
37
38
37
37
38
38
38
36
33
35
36
36
35
35
36
34
30
29
29
28
25
22
19
16
16
15
13
13
6
-1
-5
-8
-10
-12
-15
-17
-21
-24
-27
-30
-31
-33
-39
-42
-42
-43
-46
-46
-48
-47
-46
-48
-48
-50
-51
-54
-55
-55
-55
-54
-53
-52
-51
-49
-49
-48
-46
-43
-42
-38
-33
-29
-29
-26
-23
-21
-15
-12
-9
-6
-4
-2
-1
5
7
9
12
16
20
23
27
32
34
36
36
40
42
44
48
49
50
51
50
49
49
48
47
43
42
39
38
39
40
40
37
37
36
34
33
34
34
32
32
31
31
32
32
30
26
23
21
19
16
12
9
8
6
2
0
-3
-7
-10
-14
-17
-20
-23
-25
-30
-32
-33
-37
-39
-41
-46
-51
-51
-49
-51
-52
-54
-55
-59
-58
-58
-58
-58
-60
-62
-60
-58
-58
-56
-53
-51
-48
-43
-38
-32
-27
-26
-25
-21
-16
-11
-7
-1
2
7
10
14
18
20
24
28
34
39
42
45
50
54
57
60
60
65
69
69
68
67
68
69
69
68
64
62
57
52
48
42
37
33
29
26
22
20
17
14
12
11
11
9
9
6
1
-1
-5
-7
-8
-9
-10
-13
-16
-17
-18
-19
-25
-29
-29
-30
-34
-37
-38
-38
-38
-41
-43
-45
-45
-47
-49
-52
-52
-51
-52
-52
-51
-51
-51
-48
-47
-45
-45
-41
-38
-35
-34
-32
-29
-28
-26
-28
-25
-21
-17
-16
-12
-9
-5
-2
1
5
8
9
13
18
22
26
29
34
35
36
39
42
47
50
51
52
54
58
57
58
61
62
61
58
58
59
58
56
55
51
48
44
41
39
38
34
29
24
20
17
14
10
5
-1
-3
-3
-4
-6
-7
-10
-12
-15
-17
-17
-20
-23
-25
-29
-32
-33
-34
-36
-37
-36
-36
-36
-35
-34
-33
-31
-35
-38
-36
-32
-31
-30
-30
-29
-29
-29
-28
-26
-25
-25
-25
-22
-21
-21
-21
-21
-21
-20
-16
-15
-13
-14
-14
-14
-14
-13
-11
-10
-8
-8
-8
-6
-1
1
3
4
5
6
9
12
12
15
16
18
20
22
24
24
25
26
27
28
29
30
30
31
32
32
33
34
34
33
33
33
33
33
31
31
29
26
25
24
22
20
16
15
12
11
9
5
3
0
-3
-6
-8
-8
-9
-12
-14
-14
-17
-20
-19
-18
-20
-22
-22
-20
-19
-19
-20
-19
-18
-19
-20
-22
-18
-16
-14
-14
-15
-14
-14
-16
-15
-13
-14
-16
-15
-14
-13
-13
-13
-14
-11
-11
-9
-6
-5
-3
-2
2
3
2
1
1
1
0
-1
-1
3
1
0
-1
-1
2
3
3
3
4
3
6
9
8
9
9
9
9
10
12
13
15
14
14
13
15
17
17
15
16
17
16
14
13
13
12
11
12
11
10
9
11
13
14
13
12
13
13
12
12
12
11
11
10
8
7
5
2
-1
-1
-3
-5
-9
-11
-11
-10
-12
-14
-15
-16
-15
-16
-16
-16
-16
-16
-16
-16
-14
-14
-15
-16
-15
-16
-16
-15
-16
-16
-17
-16
-18
-18
-18
-20
-17
-16
-17
-17
-17
-17
-16
-18
-16
-13
-12
-12
-12
-12
-10
-7
-8
-8
-7
-7
-5
-3
-2
0
1
0
1
4
7
8
10
9
12
12
12
13
14
14
13
15
16
17
18
21
21
21
21
24
26
28
29
32
35
35
35
35
37
39
39
38
40
40
39
39
40
38
37
34
31
25
23
22
21
18
14
9
5
0
-3
-7
-9
-12
-15
-18
-20
-23
-24
-25
-28
-31
-34
-33
-33
-34
-34
-36
-39
-40
-40
-42
-44
-45
-46
-47
-48
-48
-48
-48
-48
-48
-46
-46
-45
-42
-41
-39
-34
-30
-27
-25
-22
-19
-15
-12
-10
-5
-3
-4
-1
2
7
10
11
14
15
16
19
24
25
25
26
29
32
37
36
36
39
38
38
40
41
39
39
39
38
37
36
37
36
35
34
34
35
34
32
30
26
24
25
23
20
19
16
17
16
14
12
12
10
8
4
0
-1
-4
-7
-9
-10
-12
-13
-14
-17
-22
-24
-26
-28
-28
-29
-29
-30
-31
-33
-35
-34
-36
-35
-33
-32
-32
-34
-36
-34
-32
-32
-33
-33
-31
-32
-31
-31
-29
-26
-24
-23
-18
-13
-11
-9
-7
-6
-4
1
3
4
6
8
14
16
19
22
24
26
26
27
29
29
30
32
33
32
31
31
31
30
30
28
27
27
28
25
24
20
20
21
22
21
18
18
18
18
14
13
12
12
12
7
4
2
-1
-2
-1
-4
-4
-4
-6
-7
-6
-7
-9
-9
-7
-6
-6
-9
-11
-14
-16
-17
-17
-17
-16
-17
-17
-17
-19
-21
-22
-21
-23
-23
-23
-24
-25
-25
-27
-27
-29
-30
-29
-27
-26
-27
-27
-25
-24
-22
-22
-21
-20
-18
-17
-17
-15
-12
-9
-9
-8
-6
-4
0
3
3
5
8
10
12
15
16
18
20
21
23
26
26
27
30
30
29
28
29
27
28
29
29
28
28
27
27
30
29
28
26
25
25
24
25
25
23
20
19
18
16
15
16
14
13
13
11
10
9
6
4
1
0
3
1
0
-2
-5
-7
-9
-9
-11
-12
-12
-12
-13
-14
-16
-16
-16
-18
-19
-21
-21
-22
-22
-23
-23
-25
-27
-29
-28
-26
-27
-26
-27
-28
-30
-31
-30
-28
-25
-24
-22
-24
-23
-20
-19
-18
-16
-15
-15
-14
-12
-9
-8
-5
-5
-3
-1
2
3
5
8
11
12
15
16
16
16
17
20
22
23
22
23
23
23
23
24
26
26
26
23
24
24
25
22
22
20
20
21
20
21
20
19
19
19
16
12
10
9
9
5
4
4
3
0
-3
-4
-6
-7
-8
-10
-10
-11
-11
-11
-12
-11
-12
-13
-14
-13
-14
-14
-14
-14
-14
-15
-14
-15
-16
-17
-19
-17
-16
-14
-15
-15
-15
-14
-14
-17
-17
-18
-17
-16
-14
-11
-9
-10
-8
-7
-7
-7
-5
-1
2
2
3
5
6
7
6
7
4
5
6
6
8
10
9
10
10
11
12
14
16
18
18
19
19
20
20
19
18
20
21
23
23
22
21
20
18
15
15
14
13
14
15
13
9
10
10
8
7
7
6
4
1
0
-2
-5
-7
-7
-7
-7
-10
-8
-11
-12
-15
-18
-18
-18
-19
-21
-20
-20
-19
-19
-21
-22
-23
-21
-21
-24
-25
-24
-22
-21
-20
-20
-20
-21
-21
-18
-18
-17
-16
-13
-9
-9
-10
-10
-10
-11
-11
-10
-7
-6
-4
-1
1
1
1
2
3
6
6
6
8
10
11
11
11
12
14
17
16
16
16
17
17
18
20
20
19
19
21
21
19
19
22
23
22
20
20
19
19
18
18
19
19
20
20
18
16
14
13
13
11
9
9
8
6
4
3
2
1
1
-1
-3
-4
-5
-5
-8
-8
-8
-10
-13
-14
-14
-14
-17
-18
-18
-20
-21
