2
2
3
2
2
2
2
1
0
-2
-3
-4
-5
-5
-5
-4
-5
-3
-3
-4
-2
-2
-2
-2
-1
0
1
1
1
1
1
1
1
1
1
0
-1
-1
0
-1
-1
0
0
1
1
2
2
3
3
3
3
3
2
2
2
0
1
-1
0
1
0
-1
-2
-2
-2
-3
-1
-2
-2
-2
-2
-1
-2
-1
-3
-1
-2
-2
-2
-2
-2
-2
-1
-2
0
1
1
1
0
0
-1
0
-1
-1
-3
-3
-2
-3
-3
-3
-3
-2
-2
-1
1
1
0
2
1
2
3
3
4
4
5
4
4
4
3
3
3
4
1
3
2
2
2
2
3
1
1
0
0
0
1
1
0
1
-1
-2
-3
-2
-2
-3
-1
-2
-3
-1
-1
-2
-2
-1
-2
-1
-1
0
0
-1
-2
-2
-1
0
-2
1
2
2
1
1
0
1
1
0
0
1
1
1
2
1
1
1
1
0
-1
-1
-2
-1
-1
-1
-2
-1
-2
-2
-2
-1
-1
0
0
0
1
1
2
1
2
3
2
2
4
2
1
1
1
1
2
1
2
0
1
0
0
0
-2
-1
-2
-2
-2
-1
-1
-2
-2
-1
-2
-1
-1
-1
-1
-1
-1
-2
-2
-2
-1
-2
-2
-1
-1
0
0
0
0
1
0
0
0
-1
0
0
1
2
2
1
2
2
3
2
3
3
4
4
4
4
4
3
2
2
3
3
3
4
4
3
3
3
3
1
1
1
1
1
0
1
1
0
-2
-2
-3
-2
-2
-2
-3
-4
-3
-4
-5
-5
-5
-5
-4
-5
-5
-6
-5
-5
-4
-4
-3
-3
-3
-2
-1
-2
-2
-3
-3
-2
-1
0
-1
-1
-1
-1
-1
0
-1
-1
0
1
1
1
1
2
2
3
2
3
4
3
4
5
4
3
4
2
1
1
1
2
2
2
2
3
2
2
0
1
2
1
1
0
0
1
1
0
0
-1
-1
-2
-3
-3
-3
-3
-2
-2
-3
-3
-2
-3
-3
-3
-2
-2
-2
-2
-1
-2
-1
0
1
1
0
0
0
1
1
1
0
1
0
1
1
2
3
2
4
3
4
5
3
3
4
4
4
4
5
5
5
4
4
3
2
1
1
1
1
0
0
-1
0
0
0
0
1
1
-1
-1
-1
0
-1
0
-1
-1
0
0
1
-1
0
-2
-1
-1
-1
-1
-1
-2
-1
-1
-2
-3
-2
-3
-3
-4
-4
-4
-4
-4
-5
-5
-5
-5
-6
-5
-6
-6
-6
-5
-4
-5
-5
-4
-4
-2
-3
-3
-1
-2
-1
0
0
2
3
3
2
0
1
3
2
4
6
5
3
2
3
2
4
3
2
4
5
3
3
2
2
3
3
4
3
2
1
3
4
4
3
1
1
-1
0
-1
-2
-4
-4
-4
-3
-2
0
0
-2
-1
-3
-2
1
4
3
-1
-1
-1
-4
-1
3
2
2
0
2
6
2
-2
-3
-2
-3
-2
0
1
0
-1
2
3
2
-2
-1
-1
-2
1
1
2
1
0
2
4
7
9
11
10
7
5
5
4
2
2
2
7
9
4
2
3
2
-1
-2
-4
-1
0
-1
-4
-1
3
2
-1
-3
0
4
5
6
4
-1
-4
-1
3
4
4
4
6
5
2
-2
-3
-9
-15
-13
-11
-13
-10
-8
-11
-14
-16
-16
-13
-12
-11
-6
3
2
-4
-8
-10
-6
-2
-3
-6
-8
-8
-10
-11
-5
-2
1
-7
-7
-1
-2
-4
-4
0
2
4
7
14
14
6
7
6
7
11
14
15
7
2
2
4
3
2
7
7
2
-6
-5
0
0
-9
-9
8
12
8
7
4
-1
0
0
0
1
-2
-2
5
14
16
11
-4
-13
-4
-3
-3
2
3
2
-3
-10
-20
-16
-10
-4
8
14
7
9
6
2
-11
-20
-28
-21
-9
29
137
145
63
-30
-60
-55
-49
-30
-21
4
16
14
26
51
24
-36
-94
-116
-83
-26
27
60
49
-3
-30
-25
-7
29
36
24
8
17
11
-3
0
-11
-15
-15
1
19
27
24
30
26
-1
-19
-21
-21
-21
-15
2
20
19
1
-6
15
28
10
-15
-24
-9
10
15
19
10
-7
-9
12
27
15
5
-3
-6
-2
3
3
4
5
6
16
17
10
-2
-12
-15
-14
-11
-8
-6
-3
-11
-21
-21
-22
-24
-25
-18
-5
2
-5
-13
-13
-10
-10
-9
2
13
4
-9
-12
-15
-19
-19
-6
9
9
1
-5
-7
-10
-21
-24
-23
-15
-4
2
6
6
0
-9
-13
-11
-2
10
19
23
20
12
4
5
3
4
8
16
18
14
9
12
16
0
-16
-13
-2
-2
-1
11
20
16
2
-2
-5
-12
-10
9
28
32
34
25
11
9
7
2
6
20
16
9
11
19
25
18
-6
-17
-11
-4
1
7
5
-3
-14
-16
-7
-6
-12
-10
-5
-8
-15
-12
-4
0
-6
-12
-8
4
7
9
16
17
17
10
5
-8
-19
-39
-44
-29
-12
11
32
47
40
20
-21
-54
-58
-53
-40
-23
11
33
38
37
28
15
-4
-5
0
7
10
7
1
-5
-8
-14
-2
20
39
41
29
13
-16
-37
-57
-52
-31
-8
13
37
48
28
10
1
-11
-28
-35
-25
-1
23
33
34
31
20
-1
-26
-27
-17
2
11
5
-2
-18
-33
-44
-39
-23
-13
7
26
25
-5
-34
-52
-56
-49
-35
-1
38
60
62
58
37
-13
-49
-54
-32
2
39
63
62
45
10
-26
-53
-61
-61
-43
-11
29
37
14
-11
-29
-37
-47
-38
-16
15
35
41
46
30
-3
-30
-29
-1
20
37
49
43
22
-11
-21
-24
-19
-9
9
31
32
24
-1
-24
-39
-45
-34
-9
29
50
45
29
10
-3
-14
-4
30
56
63
77
79
61
-5
-71
-86
-67
-21
24
76
94
64
17
-24
-39
-39
-38
-17
6
21
13
-2
-17
-32
-38
-27
5
48
69
53
15
-39
-98
-132
-109
-43
33
90
126
117
68
-17
-90
-121
-117
-79
-24
52
107
95
54
-2
-48
-66
-68
-23
23
56
49
-7
-50
-102
-120
-91
-26
56
91
99
65
23
-34
-99
-124
-110
-62
-2
69
120
117
56
-21
-70
-80
-60
-9
41
78
83
38
2
-35
-40
-38
-17
19
30
48
39
24
-10
-60
-90
-79
-21
49
92
97
50
-18
-72
-87
-50
-10
29
50
74
82
53
6
-48
-92
-96
-81
-25
36
70
73
46
42
15
8
-13
-7
-1
-7
-12
-22
-21
-30
-17
7
32
53
54
36
16
-26
-70
-107
-111
-74
-28
48
104
139
133
80
29
-41
-86
-102
-89
-27
24
73
93
88
76
28
-1
-18
-26
-23
-30
-15
-9
-16
-23
-28
-21
-8
10
39
52
61
56
30
-6
-65
-107
-120
-90
-36
19
64
83
82
66
43
15
-18
-44
-72
-68
-46
-12
16
14
26
26
28
37
28
36
-5
-33
-46
-60
-44
-50
-19
-15
-19
-7
-2
29
31
20
-4
-35
-42
-44
-45
-32
-34
-13
18
37
75
59
42
-1
-36
-33
-37
1
28
49
46
6
-29
-47
-40
-18
-8
11
34
36
32
10
-19
-52
-96
-100
-68
16
103
152
155
108
50
-7
-56
-87
-88
-56
-2
46
67
78
57
22
-4
-31
-25
-40
-35
-24
-30
-12
-27
-22
-12
-12
43
61
54
21
-32
-52
-107
-128
-116
-75
-15
39
101
155
154
98
24
-15
-28
-67
-73
-67
-25
-10
11
26
44
48
13
-10
-44
-52
-58
-62
-32
-3
35
42
31
57
55
54
29
-2
13
13
62
82
68
37
-33
-26
-25
9
29
37
70
35
7
-19
-43
-69
-112
-87
-10
65
114
100
61
-16
-129
-219
-255
-181
-82
40
145
206
230
149
59
-54
-135
-181
-187
-110
-42
56
109
128
148
103
81
19
-13
-25
-62
-34
-66
-54
-51
-26
51
93
92
50
-1
-26
-81
-101
-110
-123
-106
-120
-46
8
25
3
-33
-4
3
15
21
37
75
85
132
170
165
128
84
64
55
66
40
8
-12
-70
-86
-97
-93
-96
-116
-103
-100
-62
-74
-109
-109
-140
-120
-103
-43
57
125
185
172
147
76
-21
-72
-91
-41
26
73
138
136
109
43
-14
-31
-79
-77
-90
-46
-1
4
33
20
-6
-59
-81
-43
-22
-18
-43
-45
-16
9
46
74
105
122
122
106
82
35
-22
-46
-35
0
38
59
71
82
62
49
6
-34
-98
-135
-125
-120
-73
-59
-45
-24
1
54
86
111
120
128
142
125
98
-6
-130
-187
-190
-156
-101
-14
112
206
231
162
62
-70
-244
-366
-399
-317
-171
-19
122
233
274
246
174
122
44
-5
-55
-94
-77
-69
-35
-37
-48
-62
-46
2
41
46
45
52
27
-42
-156
-212
-243
-224
-146
-6
194
353
429
370
267
136
-14
-172
-288
-276
-184
-58
60
153
223
202
121
42
-37
-122
-200
-210
-165
-104
-66
-13
37
94
127
139
137
89
18
-44
-65
-72
-64
-49
6
36
33
34
51
70
17
-70
-121
-123
-78
-59
-50
-4
50
118
133
111
89
32
-13
-85
-134
-136
-129
-90
-55
9
60
79
83
67
38
-24
-57
-61
-49
-47
-45
-11
28
56
58
48
62
54
41
33
9
-19
-79
-104
-72
-56
-50
-81
-51
35
102
160
168
164
113
23
-23
-43
-29
-19
-12
36
71
107
102
92
51
-15
-54
-54
-2
11
-20
-65
-80
-72
-85
-78
-39
8
60
53
44
37
24
21
-19
-30
-64
-100
-96
-77
-14
15
9
-21
-48
-61
-81
-74
-29
14
36
52
117
156
119
33
-51
-89
-137
-147
-91
4
95
104
100
101
83
44
-26
-54
-69
-69
-77
-85
-46
-9
17
32
51
118
151
165
119
7
-118
-211
-183
-141
-76
1
97
198
233
239
199
101
-34
-202
-313
-330
-280
-171
-54
77
168
209
220
178
127
17
-104
-168
-175
-116
-48
26
67
68
54
40
57
77
67
6
-97
-186
-253
-243
-186
-125
-65
-11
84
174
226
223
175
91
-21
-98
-109
-71
-8
27
82
157
207
222
205
204
135
14
-119
-218
-264
-298
-306
-265
-179
-79
9
84
145
155
116
50
17
8
21
67
118
190
204
185
170
144
85
-21
-84
-89
-75
-67
-58
-25
-28
-98
-172
-211
-213
-190
-125
-23
68
106
108
107
87
29
-34
-56
-38
3
51
105
147
148
104
45
-2
-44
-74
-88
-81
-62
-37
-30
-40
-28
-24
-54
-106
-140
-130
-99
-35
56
123
137
112
99
86
50
21
5
3
11
45
109
143
122
59
11
-15
-52
-78
-77
-56
-37
-38
-42
-44
-53
-88
-132
-170
-177
-144
-85
7
121
181
153
65
-23
-92
-164
-209
-211
-148
-47
59
201
296
298
231
151
89
5
-66
-102
-113
-132
-175
-183
-131
-57
-8
32
82
136
163
141
96
40
-45
-140
-187
-158
-70
24
116
191
249
278
270
224
121
-9
-134
-214
-218
-167
-98
-33
36
89
116
137
156
144
69
-23
-100
-161
-204
-229
-227
-197
-131
-34
58
146
202
206
157
66
-28
-93
-119
-113
-97
-50
8
58
99
105
92
40
-29
-92
-121
-111
-85
-42
-16
16
49
83
119
135
135
109
61
14
-34
-65
-77
-73
-45
-8
33
73
88
67
-2
-80
-143
-194
-208
-187
-128
-57
15
78
118
135
123
93
52
10
-14
-9
19
47
71
85
96
97
77
37
3
-18
-32
-43
-37
-21
-15
-7
3
6
-4
-22
-41
-54
-51
-40
-27
-8
16
33
34
23
0
-25
-44
-61
-73
-83
-87
-80
-73
-61
-44
-31
-20
-15
-15
-17
-20
-21
-36
-41
-22
21
67
98
117
136
144
119
78
27
-18
-43
-48
-41
-20
4
16
13
-2
-28
-49
-60
-71
-77
-80
-77
-66
-52
-24
13
57
100
131
154
156
134
85
12
-54
-101
-122
-112
-61
16
90
142
156
133
76
-6
-97
-182
-236
-240
-188
-91
19
131
217
254
237
173
91
4
-70
-124
-150
-145
-113
-61
-11
20
33
34
27
16
3
-4
-22
-35
-49
-56
-45
-13
40
89
136
174
201
215
197
157
97
23
-55
-120
-154
-156
-131
-93
-55
-18
3
5
-13
-50
-97
-143
-170
-171
-145
-98
-42
7
28
31
34
37
39
33
29
28
39
63
82
90
71
31
-9
-45
-66
-70
-62
-51
-38
-2
45
89
118
111
81
32
-3
-21
-25
-14
0
21
38
53
68
82
90
79
63
55
57
61
68
74
71
55
29
6
-17
-42
-73
-110
-141
-155
-144
-114
-81
-55
-47
-64
-85
-107
-124
-139
-151
-146
-129
-99
-46
13
53
61
50
28
4
-20
-53
-83
-112
-137
-158
-161
-150
-137
-121
-103
-84
-54
-8
49
101
141
172
194
216
243
273
301
320
326
325
322
312
296
270
233
191
155
130
107
90
78
65
48
40
48
67
82
86
74
50
15
-24
-62
-97
-134
-162
-175
-174
-165
-150
-140
-148
-179
-232
-293
-356
-406
-443
-462
-458
-439
-405
-365
-322
-283
-259
-256
-269
-292
-311
-325
-330
-326
-311
-288
-254
-209
-155
-107
-72
-54
-56
-69
-85
-87
-71
-39
25
136
305
529
788
1067
1338
1564
1719
1795
1796
1722
1578
1380
1149
917
701
508
332
168
19
-126
-266
-400
-524
-638
-748
-848
-927
-974
-972
-914
-810
-680
-529
-367
-199
-48
64
129
139
89
-11
-142
-270
-393
-510
-614
-696
-748
-776
-789
-795
-811
-841
-888
-946
-999
-1037
-1061
-1075
-1071
-1039
-965
-854
-710
-542
-365
-193
-29
131
292
461
639
816
990
1169
1372
1607
1844
2042
2174
2240
2237
2166
2031
1849
1634
1380
1096
812
556
336
139
-58
-257
-439
-587
-691
-760
-798
-813
-800
-754
-668
-534
-358
-165
19
179
315
435
527
573
550
462
324
157
-26
-214
-401
-580
-753
-918
-1063
-1177
-1271
-1361
-1457
-1558
-1650
-1722
-1759
-1756
-1715
-1635
-1521
-1362
-1159
-920
-662
-409
-187
-11
122
220
287
323
333
332
332
345
385
462
590
782
1029
1302
1571
1815
2017
2160
2227
2213
2116
1946
1724
1479
1238
1023
833
654
465
258
49
-141
-306
-438
-550
-648
-735
-800
-815
-766
-664
-537
-407
-268
-102
101
336
578
798
965
1069
1119
1119
1063
940
741
465
136
-212
-548
-862
-1157
-1440
-1704
-1931
-2100
-2205
-2252
-2259
-2242
-2205
-2137
-2012
-1814
-1557
-1270
-981
-686
-378
-65
232
477
642
707
682
598
483
348
184
-17
-239
-454
-622
-708
-699
-613
-504
-390
-253
-42
278
702
1166
1575
1886
2154
2453
2781
3045
3164
3116
2928
2653
2368
2124
1883
1563
1115
586
90
-277
-517
-717
-977
-1315
-1650
-1884
-1963
-1908
-1783
-1654
-1535
-1372
-1100
-699
-237
173
446
574
634
724
865
993
1013
924
786
662
577
519
441
280
3
-342
-679
-952
-1175
-1409
-1685
-1984
-2231
-2355
-2336
-2203
-2011
-1803
-1590
-1353
-1054
-704
-368
-134
-27
13
66
167
288
375
397
359
306
295
332
370
362
298
220
190
240
351
463
534
590
716
972
1322
1658
1899
2052
2167
2257
2296
2263
2133
1885
1536
1171
885
681
469
159
-257
-690
-1026
-1219
-1323
-1431
-1581
-1727
-1787
-1700
-1477
-1174
-873
-629
-428
-206
100
459
769
934
942
879
836
847
873
867
818
736
646
582
561
543
437
196
-151
-530
-874
-1170
-1432
-1703
-2002
-2275
-2433
-2435
-2315
-2134
-1920
-1690
-1445
-1163
-823
-474
-203
-55
22
114
250
394
497
533
524
517
555
647
739
761
677
537
445
446
460
372
173
-39
-160
-131
88
449
799
1020
1174
1428
1791
2090
2180
2047
1759
1409
1113
954
856
648
250
-238
-626
-800
-778
-694
-700
-848
-1051
-1133
-1021
-790
-588
-528
-583
-634
-541
-256
121
442
594
595
565
641
848
1052
1098
973
789
669
662
754
848
795
531
169
-119
-280
-423
-670
-1055
-1545
-2034
-2374
-2487
-2457
-2452
-2521
-2562
-2428
-2067
-1553
-1028
-630
-393
-219
20
340
644
812
798
650
502
464
533
609
586
444
256
141
188
352
475
421
230
59
27
151
393
664
797
728
631
747
1071
1345
1373
1202
988
845
838
984
1153
1142
875
489
202
117
158
149
-48
-414
-768
-898
-768
-524
-347
-327
-400
-408
-225
140
514
726
723
594
496
550
741
897
844
626
438
398
473
574
629
547
280
-65
-330
-473
-642
-961
-1418
-1913
-2325
-2565
-2615
-2556
-2515
-2519
-2478
-2297
-1958
-1530
-1113
-817
-655
-533
-345
-82
167
318
363
354
379
506
706
869
911
847
732
609
518
469
400
230
-9
-182
-179
-1
301
649
946
1144
1328
1621
1967
2191
2183
2004
1770
1530
1317
1154
1004
756
370
-45
-350
-503
-574
-654
-774
-907
-980
-917
-709
-419
-138
74
232
413
687
1027
1318
1467
1465
1362
1220
1087
969
807
530
157
-209
-484
-665
-798
-935
-1115
-1337
-1543
-1662
-1705
-1755
-1879
-2064
-2251
-2380
-2415
-2343
-2197
-2043
-1897
-1707
-1412
-1017
-589
-212
70
266
430
611
782
891
910
866
801
746
711
688
646
567
466
360
246
112
-35
-183
-330
-459
-539
-539
-456
-276
37
467
904
1263
1581
1926
2247
2441
2497
2478
2418
2284
2097
1922
1768
1554
1213
793
397
94
-137
-357
-610
-871
-1079
-1187
-1202
-1161
-1100
-1043
-992
-917
-776
-576
-384
-262
-222
-211
-182
-112
-20
41
32
-31
-99
-154
-211
-278
-348
-431
-536
-632
-672
-656
-639
-671
-749
-860
-977
-1080
-1145
-1175
-1197
-1218
-1224
-1176
-1045
-842
-620
-438
-299
-159
16
215
387
501
546
551
554
580
619
646
660
676
670
616
520
413
296
136
-77
-290
-438
-499
-472
-329
-36
364
754
1064
1344
1661
1983
2204
2278
2238
2124
1940
1714
1483
1230
898
462
-9
-403
-668
-832
-982
-1172
-1377
-1509
-1503
-1391
-1253
-1143
-1055
-948
-798
-588
-330
-88
75
152
206
304
462
628
726
717
646
580
527
451
325
156
-29
-200
-334
-420
-470
-505
-548
-624
-739
-867
-973
-1066
-1184
-1328
-1438
-1467
-1419
-1320
-1168
-951
-695
-436
-174
112
410
667
845
946
993
1016
1022
996
921
808
681
551
399
223
31
-189
-461
-765
-1037
-1216
-1305
-1320
-1222
-948
-525
-67
349
773
1255
1731
2075
2267
2376
2427
2380
2232
2036
1810
1500
1065
569
133
-176
-411
-663
-960
-1252
-1463
-1562
-1569
-1535
-1480
-1407
-1293
-1110
-838
-493
-144
142
347
520
722
960
1173
1285
1288
1232
1171
1095
974
784
517
190
-143
-415
-619
-788
-928
-1022
-1077
-1126
-1161
-1157
-1143
-1176
-1251
-1304
-1307
-1283
-1246
-1160
-996
-777
-541
-296
-24
269
543
767
931
1034
1077
1061
999
898
774
629
450
233
-9
-256
-501
-760
-1050
-1368
-1662
-1876
-1981
-1963
-1760
-1336
-798
-300
158
707
1348
1892
2210
2378
2512
2591
2556
2467
2396
2275
1978
1539
1114
801
558
291
-32
-394
-746
-1015
-1156
-1196
-1216
-1245
-1235
-1127
-905
-603
-285
-7
195
328
433
567
740
873
884
795
709
671
643
566
418
202
-55
-289
-451
-540
-598
-643
-675
-715
-755
-760
-723
-720
-830
-1011
-1160
-1233
-1271
-1286
-1238
-1134
-1032
-943
-786
-519
-221
0
119
205
308
417
497
543
549
500
399
288
209
140
20
-176
-417
-671
-927
-1167
-1365
-1521
-1629
-1595
-1298
-802
-308
122
625
1260
1838
2201
2438
2679
2863
2871
2782
2742
2700
2490
2082
1635
1261
936
589
190
-263
-740
-1157
-1436
-1609
-1744
-1854
-1881
-1809
-1656
-1420
-1100
-730
-383
-89
180
484
849
1186
1367
1397
1422
1497
1511
1377
1149
907
611
242
-121
-389
-595
-825
-1070
-1280
-1442
-1555
-1612
-1649
-1758
-1922
-2024
-2010
-1942
-1852
-1674
-1401
-1138
-917
-616
-163
317
679
927
1143
1356
1540
1675
1739
1685
1505
1243
960
683
405
85
-324
-790
-1209
-1534
-1827
-2141
-2443
-2676
-2781
-2659
-2203
-1527
-893
-360
281
1148
2023
2674
3142
3523
3758
3789
3767
3806
3759
3418
2816
2164
1588
1097
640
120
-534
-1243
-1804
-2120
-2297
-2448
-2566
-2615
-2593
-2448
-2082
-1539
-1001
-577
-210
193
668
1202
1707
2025
2110
2116
2170
2192
2062
1796
1452
992
430
-79
-429
-723
-1093
-1487
-1809
-2047
-2212
-2258
-2214
-2239
-2378
-2477
-2398
-2182
-1922
-1611
-1257
-928
-604
-164
415
968
1347
1577
1728
1831
1918
2009
2015
1810
1413
984
626
304
-34
-413
-865
-1369
-1817
-2138
-2387
-2643
-2904
-3112
-3207
-3051
-2499
-1671
-879
-229
517
1517
2539
3323
3893
4365
4655
4678
4607
4578
4447
3985
3231
2399
1621
918
279
-364
-1112
-1920
-2566
-2911
-3074
-3196
-3267
-3227
-3088
-2831
-2359
-1687
-978
-376
133
634
1189
1814
2399
2755
2830
2802
2808
2763
2538
2170
1743
1223
599
-4
-469
-868
-1312
-1780
-2203
-2554
-2805
-2913
-2933
-3010
-3154
-3197
-3034
-2742
-2398
-1972
-1466
-977
-518
22
682
1304
1736
1992
2147
2250
2323
2375
2319
2067
1652
1210
802
401
-9
-438
-928
-1481
-1990
-2368
-2661
-2964
-3268
-3489
-3562
-3411
-2905
-2054
-1123
-319
495
1559
2752
3737
4407
4902
5246
5323
5202
5061
4863
4379
3540
2553
1633
840
123
-588
-1351
-2148
-2824
-3216
-3343
-3359
-3355
-3292
-3115
-2789
-2254
-1518
-725
-40
507
1018
1575
2182
2734
3051
3053
2877
2705
2537
2258
1829
1302
673
-31
-679
-1156
-1521
-1918
-2371
-2793
-3105
-3260
-3255
-3151
-3067
-3034
-2943
-2693
-2296
-1819
-1302
-791
-345
62
532
1093
1620
1978
2159
2219
2220
2226
2253
2189
1909
1451
974
547
130
-299
-729
-1198
-1730
-2231
-2561
-2732
-2883
-3074
-3227
-3232
-3044
-2591
-1788
-752
222
1033
1912
3030
4153
4930
5325
5513
5532
5308
4922
4511
3996
3179
2077
958
39
-684
-1331
-1965
-2582
-3135
-3501
-3564
-3378
-3136
-2959
-2766
-2424
-1890
-1196
-444
248
801
1235
1637
2073
2530
2873
2922
2687
2379
2154
1934
1573
1063
470
-182
-826
-1336
-1675
-1966
-2333
-2732
-3024
-3148
-3130
-3036
-2926
-2837
-2736
-2539
-2205
-1762
-1266
-769
-314
97
538
1060
1591
1999
2234
2334
2345
2315
2299
2261
2070
1665
1180
759
381
-35
-477
-912
-1371
-1849
-2233
-2445
-2567
-2718
-2884
-2956
-2872
-2617
-2119
-1305
-340
509
1239
2124
3243
4251
4832
5064
5160
5111
4827
4406
3955
3364
2481
1405
421
-329
-912
-1450
-1990
-2515
-2949
-3153
-3073
-2847
-2666
-2565
-2416
-2111
-1616
-976
-318
223
637
1023
1447
1904
2344
2639
2639
2389
2147
2038
1906
1562
1046
477
-109
-677
-1149
-1507
-1875
-2352
-2850
-3209
-3351
-3337
-3278
-3238
-3208
-3102
-2845
-2450
-1978
-1483
-999
-545
-88
460
1093
1676
2103
2394
2603
2723
2794
2880
2911
2709
2260
1769
1358
939
416
-167
-739
-1303
-1838
-2264
-2547
-2764
-3000
-3231
-3347
-3271
-3001
-2513
-1751
-805
96
904
1847
3032
4122
4747
4993
5165
5272
5121
4752
4342
3834
3034
2018
1089
371
-263
-922
-1587
-2225
-2783
-3114
-3167
-3124
-3159
-3193
-3068
-2791
-2394
-1838
-1180
-615
-184
270
813
1349
1822
2203
2370
2301
2222
2278
2274
1995
1540
1077
563
-55
-637
-1105
-1621
-2276
-2875
-3233
-3411
-3511
-3513
-3435
-3349
-3204
-2854
-2348
-1868
-1436
-914
-296
313
936
1629
2278
2758
3126
3449
3645
3681
3665
3576
3217
2581
1934
1384
740
-88
-915
-1599
-2203
-2763
-3193
-3475
-3676
-3812
-3855
-3809
-3653
-3296
-2722
-1992
-1110
-72
1011
2039
3084
4167
5047
5517
5711
5817
5744
5360
4813
4248
3516
2485
1376
443
-375
-1229
-2065
-2766
-3365
-3865
-4129
-4150
-4113
-4076
-3877
-3458
-2941
-2337
-1574
-754
-52
579
1286
2005
2582
3025
3352
3480
3430
3373
3299
2988
2410
1766
1119
334
-542
-1305
-1969
-2737
-3549
-4094
-4300
-4384
-4436
-4329
-4045
-3692
-3235
-2577
-1833
-1174
-529
251
1086
1826
2530
3254
3854
4196
4374
4489
4458
4219
3835
3292
2513
1592
738
-58
-951
-1901
-2693
-3279
-3771
-4153
-4317
-4323
-4305
-4230
-3997
-3663
-3299
-2797
-2098
-1350
-600
398
1688
2878
3716
4482
5401
6136
6337
6199
6014
5659
4932
4007
3103
2152
1063
-54
-1103
-2090
-2907
-3438
-3806
-4217
-4570
-4609
-4369
-4082
-3762
-3254
-2589
-1907
-1168
-272
653
1464
2213
2923
3440
3757
4084
4391
4364
3971
3543
3172
2596
1744
839
-52
-1044
-2049
-2866
-3537
-4183
-4677
-4863
-4868
-4844
-4649
-4133
-3482
-2906
-2291
-1476
-572
258
1052
1874
2624
3229
3758
4211
4456
4448
4278
3976
3472
2784
1992
1106
118
-864
-1732
-2510
-3222
-3790
-4173
-4435
-4573
-4493
-4230
-3950
-3684
-3293
-2748
-2170
-1589
-910
-139
635
1464
2505
3654
4597
5239
5797
6350
6635
6465
6016
5451
4646
3531
2376
1426
541
-489
-1557
-2411
-2995
-3388
-3619
-3739
-3856
-3953
-3863
-3519
-3059
-2572
-2008
-1379
-751
-57
825
1761
2497
3009
3436
3770
3939
4003
3960
3626
2965
2233
1568
795
-168
-1132
-2010
-2929
-3842
-4469
-4775
-5029
-5289
-5306
-5011
-4595
-4081
-3332
-2442
-1662
-936
-33
975
1801
2422
3015
3552
3875
4029
4140
4145
3898
3430
2842
2160
1418
673
-124
-1035
-1920
-2564
-3009
-3431
-3788
-3917
-3847
-3726
-3521
-3123
-2615
-2143
-1673
-1101
-491
53
611
1250
1830
2266
2783
3582
4396
4817
4912
5063
5287
5207
4695
4019
3327
2495
1514
632
-44
-658
-1311
-1933
-2451
-2800
-2913
-2853
-2844
-2977
-3051
-2838
-2415
-1995
-1600
-1146
-646
-141
438
1095
1666
2071
2370
2544
2514
2401
2355
2175
1591
801
189
-281
-893
-1607
-2202
-2710
-3239
-3643
-3763
-3734
-3719
-3637
-3383
-3019
-2570
-1956
-1232
-593
-61
554
1277
1921
2415
2850
3206
3367
3377
3358
3267
2975
2505
1952
1308
597
-69
-667
-1318
-1980
-2448
-2678
-2827
-2930
-2869
-2675
-2458
-2189
-1772
-1269
-814
-412
-16
383
797
1212
1532
1716
1872
2093
2322
2561
2899
3211
3241
3050
2981
3048
2865
2316
1704
1206
677
111
-268
-484
-802
-1264
-1637
-1812
-1887
-1906
-1883
-1930
-2079
-2110
-1857
-1501
-1262
-1074
-813
-530
-238
165
612
876
953
1026
1097
1059
989
956
766
326
-81
-249
-389
-726
-1120
-1415
-1701
-2018
-2187
-2158
-2140
-2230
-2228
-1976
-1578
-1156
-710
-249
176
615
1133
1649
2022
2272
2455
2511
2424
2312
2214
1981
1536
1032
596
186
-238
-646
-1040
-1433
-1724
-1823
-1818
-1822
-1780
-1616
-1412
-1227
-966
-567
-173
72
220
422
721
1018
1178
1168
1101
1092
1132
1160
1268
1518
1713
1668
1570
1727
2019
2051
1768
1436
1179
889
593
402
215
-144
-607
-977
-1209
-1362
-1450
-1525
-1733
-2016
-2114
-1915
-1653
-1536
-1481
-1365
-1192
-937
-557
-161
89
235
409
600
767
972
1160
1105
803
557
510
436
147
-249
-613
-956
-1255
-1401
-1429
-1490
-1583
-1558
-1355
-1051
-686
-283
37
234
460
825
1171
1336
1390
1444
1462
1425
1445
1507
1431
1175
918
749
570
324
53
-249
-604
-910
-1053
-1095
-1156
-1219
-1201
-1094
-920
-659
-354
-118
20
137
264
363
442
505
451
246
69
55
95
76
176
508
825
963
1158
1617
2031
2048
1848
1716
1582
1270
907
657
378
-47
-503
-871
-1165
-1403
-1559
-1738
-2024
-2265
-2296
-2211
-2210
-2240
-2151
-2001
-1861
-1599
-1111
-583
-181
219
712
1167
1529
1918
2257
2277
2042
1890
1836
1601
1147
712
321
-162
-642
-916
-1040
-1222
-1433
-1509
-1463
-1383
-1250
-1051
-903
-840
-689
-378
-48
220
531
911
1220
1446
1707
1975
2087
2028
1925
1766
1466
1090
753
420
12
-397
-697
-909
-1069
-1136
-1094
-1033
-1010
-960
-867
-786
-736
-691
-668
-698
-712
-633
-514
-471
-474
-413
-307
-223
-71
317
845
1218
1401
1647
2049
2354
2354
2172
1958
1698
1339
947
604
260
-161
-678
-1227
-1666
-1929
-2095
-2326
-2649
-2907
-2989
-2919
-2788
-2601
-2336
-2015
-1591
-980
-204
581
1285
1934
2491
2905
3253
3580
3722
3507
3067
2611
2128
1553
931
315
-352
-1045
-1573
-1869
-2054
-2236
-2381
-2443
-2452
-2391
-2204
-1919
-1620
-1324
-962
-497
75
744
1425
1986
2408
2773
3078
3231
3219
3075
2742
2171
1508
920
371
-237
-844
-1342
-1743
-2058
-2206
-2191
-2155
-2159
-2112
-1979
-1848
-1730
-1552
-1322
-1125
-953
-717
-411
-107
149
340
464
557
656
742
834
1064
1420
1666
1701
1757
2000
2169
1997
1639
1328
999
535
71
-256
-567
-986
-1433
-1794
-2040
-2158
-2165
-2180
-2295
-2364
-2217
-1898
-1555
-1188
-725
-208
340
1004
1788
2496
2990
3338
3562
3591
3477
3318
3010
2406
1664
1033
488
-107
-710
-1227
-1715
-2192
-2503
-2589
-2610
-2688
-2746
-2692
-2555
-2339
-1989
-1557
-1154
-737
-165
530
1191
1791
2372
2863
3156
3305
3393
3360
3116
2681
2095
1379
617
-77
-720
-1390
-2021
-2466
-2713
-2857
-2907
-2816
-2635
-2448
-2245
-1959
-1607
-1239
-882
-557
-275
18
387
772
1046
1204
1329
1424
1405
1288
1162
1021
807
583
510
585
629
587
583
661
689
591
461
330
135
-136
-391
-575
-726
-874
-1034
-1192
-1271
-1215
-1056
-904
-787
-628
-394
-122
137
395
651
860
1042
1250
1473
1630
1695
1698
1613
1429
1232
1062
817
436
42
-250
-500
-772
-1024
-1213
-1381
-1539
-1623
-1616
-1574
-1543
-1506
-1422
-1263
-1013
-705
-407
-123
223
668
1132
1534
1893
2191
2365
2408
2391
2314
2069
1624
1068
482
-93
-615
-1066
-1476
-1850
-2100
-2169
-2110
-1997
-1844
-1657
-1482
-1318
-1110
-839
-572
-370
-223
-82
90
312
563
753
814
801
803
804
719
547
340
108
-136
-294
-258
-89
35
64
122
305
528
657
672
612
502
377
309
329
361
314
171
7
-76
-52
-1
-40
-194
-371
-479
-486
-435
-384
-367
-376
-338
-181
78
336
531
665
747
807
924
1114
1238
1174
1002
885
833
736
536
241
-130
-531
-888
-1155
-1361
-1563
-1768
-1917
-1936
-1781
-1489
-1155
-850
-537
-147
317
782
1190
1504
1699
1798
1863
1907
1862
1664
1331
909
464
52
-304
-638
-978
-1289
-1510
-1612
-1617
-1575
-1541
-1533
-1521
-1452
-1316
-1140
-951
-770
-589
-386
-131
171
460
679
809
870
886
864
774
579
305
35
-172
-288
-267
-106
91
243
414
687
976
1130
1149
1107
1013
864
734
671
601
452
247
56
-82
-170
-253
-395
-629
-877
-1049
-1137
-1182
-1179
-1090
-933
-713
-355
159
701
1152
1536
1879
2131
2273
2327
2229
1906
1438
972
521
26
-491
-973
-1416
-1820
-2110
-2244
-2289
-2323
-2323
-2216
-1997
-1700
-1338
-944
-566
-196
227
695
1132
1504
1824
2067
2218
2298
2307
2178
1871
1438
942
407
-130
-622
-1065
-1472
-1800
-1994
-2057
-2048
-2001
-1913
-1797
-1655
-1459
-1187
-883
-607
-357
-84
229
549
845
1110
1319
1442
1486
1471
1406
1267
1022
689
337
38
-190
-349
-399
-317
-162
5
211
482
740
867
862
794
687
529
334
149
-24
-197
-360
-488
-558
-578
-580
-590
-617
-631
-612
-557
-482
-389
-255
-77
142
407
709
995
1218
1382
1485
1494
1397
1213
937
561
136
-274
-653
-1009
-1321
-1560
-1722
-1808
-1817
-1750
-1627
-1466
-1272
-1029
-735
-415
-94
225
550
875
1177
1437
1641
1772
1825
1810
1733
1579
1318
957
547
122
-310
-740
-1132
-1456
-1694
-1839
-1875
-1807
-1664
-1475
-1262
-1029
-768
-486
-209
35
247
443
626
788
921
1021
1073
1076
1045
997
928
828
676
470
214
-64
-341
-604
-835
-1021
-1143
-1155
-1020
-782
-537
-308
-53
207
392
488
563
635
670
680
729
830
928
983
978
920
833
729
585
356
56
-245
-505
-724
-900
-996
-1001
-945
-831
-630
-355
-69
177
363
471
509
512
489
396
232
58
-74
-162
-215
-231
-211
-176
-134
-76
14
123
206
240
239
225
210
175
103
0
-107
-206
-298
-370
-405
-411
-415
-434
-449
-424
-360
-295
-255
-229
-183
-115
-46
19
86
148
183
191
188
177
146
81
-10
-92
-135
-132
-113
-100
-76
-21
62
142
202
240
245
196
100
-15
-138
-276
-443
-630
-811
-944
-1001
-984
-899
-707
-376
26
404
759
1144
1507
1726
1787
1766
1689
1532
1305
1058
806
524
194
-187
-560
-869
-1105
-1308
-1498
-1640
-1696
-1660
-1541
-1343
-1070
-760
-437
-86
306
688
1015
1277
1457
1538
1552
1548
1503
1377
1209
1059
925
775
619
476
312
91
-174
-441
-702
-965
-1242
-1512
-1740
-1888
-1950
-1944
-1868
-1684
-1398
-1059
-690
-257
229
688
1063
1369
1625
1814
1910
1913
1829
1670
1456
1204
911
586
258
-57
-388
-741
-1069
-1317
-1499
-1663
-1811
-1886
-1844
-1704
-1507
-1265
-969
-630
-294
18
325
634
891
1033
1076
1082
1079
1041
942
796
626
432
203
-51
-299
-525
-724
-854
-879
-843
-794
-708
-563
-416
-321
-232
-119
-21
53
151
310
504
681
810
895
959
1002
989
914
792
631
428
218
60
-9
-3
35
109
252
454
660
835
970
1036
998
877
708
499
255
-2
-244
-458
-628
-750
-839
-910
-970
-1022
-1065
-1098
-1114
-1108
-1054
-951
-818
-663
-467
-230
25
270
493
688
830
897
907
889
835
724
560
387
220
58
-106
-275
-439
-596
-752
-911
-1060
-1179
-1281
-1367
-1419
-1403
-1307
-1137
-888
-573
-217
165
563
948
1276
1514
1660
1709
1645
1472
1228
942
607
227
-165
-525
-857
-1181
-1501
-1798
-2031
-2168
-2182
-2044
-1713
-1207
-631
-61
526
1137
1695
2104
2363
2494
2510
2445
2345
2226
2076
1881
1633
1339
1038
758
486
180
-181
-572
-929
-1204
-1390
-1493
-1509
-1436
-1278
-1041
-736
-386
-43
234
408
500
563
606
607
571
520
471
428
397
367
311
201
15
-239
-528
-823
-1106
-1375
-1607
-1778
-1866
-1858
-1751
-1561
-1306
-999
-663
-328
-20
249
473
639
738
776
790
800
794
761
710
649
572
462
318
150
-37
-237
-431
-591
-700
-756
-757
-695
-567
-391
-190
11
187
322
417
471
483
452
387
303
212
128
62
24
1
-23
-68
-133
-210
-295
-389
-486
-556
-563
-484
-304
-6
396
824
1197
1503
1758
1926
1960
1872
1698
1461
1197
948
746
596
485
370
224
63
-100
-277
-497
-764
-1059
-1343
-1569
-1693
-1698
-1572
-1335
-1010
-625
-219
177
539
827
975
969
867
723
551
361
178
13
-135
-270
-396
-513
-624
-760
-957
-1202
-1439
-1623
-1743
-1800
-1781
-1668
-1463
-1164
-770
-313
147
543
839
1040
1170
1250
1285
1256
1173
1071
985
920
868
808
719
584
401
181
-55
-276
-475
-658
-816
-908
-901
-801
-634
-434
-214
6
196
345
456
531
561
541
493
438
397
376
360
333
287
225
144
45
-82
-236
-394
-529
-626
-679
-677
-610
-492
-325
-95
217
587
946
1226
1407
1510
1534
1455
1280
1041
768
494
254
82
-27
-108
-214
-371
-563
-762
-959
-1152
-1336
-1501
-1612
-1621
-1494
-1242
-895
-486
-59
345
696
973
1152
1210
1143
962
720
476
255
64
-94
-211
-292
-361
-441
-548
-694
-893
-1142
-1403
-1620
-1759
-1795
-1709
-1493
-1158
-721
-213
312
799
1211
1522
1710
1783
1773
1705
1607
1492
1371
1255
1149
1046
909
710
440
107
-267
-655
-1022
-1333
-1559
-1685
-1701
-1603
-1400
-1114
-784
-448
-129
153
379
542
633
673
680
683
696
729
785
854
913
939
916
834
697
506
259
-25
-310
-563
-766
-911
-995
-1020
-990
-902
-752
-544
-278
4
249
433
575
684
748
769
755
709
649
606
579
558
518
429
274
64
-168
-399
-604
-776
-923
-1030
-1062
-1004
-875
-694
-489
-304
-157
-49
21
47
37
-8
-83
-158
-193
-183
-140
-81
-22
17
29
7
-46
-130
-229
-330
-408
-439
-408
-313
-165
11
192
366
520
631
673
649
583
493
402
333
298
298
325
362
388
392
360
275
127
-76
-308
-523
-681
-763
-763
-673
-507
-293
-58
171
362
493
552
544
479
389
303
234
183
157
166
200
235
249
227
156
33
-132
-321
-508
-671
-781
-813
-747
-569
-285
64
403
673
857
947
929
810
616
377
140
-38
-125
-118
-33
88
181
199
137
-6
-222
-498
-807
-1106
-1337
-1447
-1404
-1211
-891
-488
-59
343
673
895
990
967
839
644
433
251
128
78
94
150
211
245
214
99
-100
-373
-682
-980
-1219
-1360
-1373
-1249
-1004
-677
-303
71
395
639
790
849
831
779
729
701
707
745
802
859
895
881
795
624
370
59
-266
-569
-813
-978
-1054
-1040
-939
-763
-540
-306
-91
83
206
280
318
334
340
350
368
403
456
519
573
596
577
509
389
218
5
-231
-466
-682
-859
-984
-1039
-1021
-932
-777
-566
-318
-56
198
413
567
645
657
613
527
423
326
253
213
204
223
252
266
242
162
24
-161
-371
-573
-739
-840
-859
-779
-602
-346
-42
264
534
720
801
781
667
482
262
44
-138
-252
-291
-257
-175
-85
-14
12
-22
-117
-261
-436
-610
-752
-823
-805
-698
-515
-281
-24
221
424
573
653
665
622
548
477
428
405
407
416
409
373
292
166
-10
-223
-448
-654
-811
-893
-878
-768
-585
-358
-120
95
264
371
411
385
321
248
204
207
282
427
601
758
871
922
901
795
606
351
72
-187
-398
-535
-598
-602
-563
-499
-429
-376
-341
-330
-345
-378
-410
-408
-362
-271
-152
-19
124
264
382
459
485
459
393
308
217
131
66
21
-13
-39
-62
-91
-133
-190
-260
-327
-376
-389
-366
-309
-223
-125
-33
36
64
37
-38
-148
-273
-392
-480
-525
-520
-465
-366
-243
-119
-15
52
82
74
35
-15
-50
-52
-16
62
179
321
469
598
685
716
686
606
490
356
231
130
71
52
67
104
150
190
212
209
182
142
101
76
74
99
153
226
304
367
402
400
357
271
148
6
-138
-268
-370
-437
-472
-482
-479
-474
-474
-487
-509
-532
-545
-535
-491
-404
-278
-122
51
226
380
495
560
572
529
441
322
192
66
-48
-143
-221
-281
-331
-374
-420
-474
-535
-592
-636
-658
-644
-591
-499
-370
-216
-50
111
257
374
452
486
484
455
412
360
307
262
219
175
126
70
1
-84
-180
-285
-382
-457
-505
-523
-513
-465
-383
-275
-154
-27
105
239
370
495
616
731
832
918
977
1008
1007
974
909
813
697
573
449
331
218
115
17
-75
-158
-234
-301
-353
-386
-399
-394
-370
-331
-282
-234
-192
-153
-122
-100
-82
-69
-61
-62
-68
-80
-101
-136
-182
-238
-303
-370
-426
-468
-496
-505
-491
-458
-414
-368
-324
-293
-284
-292
-315
-344
-370
-382
-373
-347
-301
-237
-164
-96
-44
-13
-9
-25
-54
-73
-70
-33
46
166
307
455
591
704
776
800
777
717
640
562
497
445
404
363
306
232
137
20
-118
-267
-411
-528
-599
-611
-560
-453
-301
-120
76
266
435
564
647
691
707
707
700
692
687
678
658
619
554
455
319
147
-46
-244
-431
-588
-711
-792
-836
-841
-819
-782
-739
-698
-655
-610
-551
-473
-371
-250
-112
37
184
315
418
480
497
475
418
333
225
109
-2
-103
-193
-275
-356
-435
-515
-594
-673
-737
-780
-791
-762
-688
-568
-413
-230
-35
154
326
472
584
655
686
682
652
600
537
470
404
340
280
224
175
130
90
53
19
-10
-29
-38
-39
-34
-21
-1
25
57
95
134
174
210
247
279
307
329
341
338
324
298
263
220
168
117
65
13
-37
-81
-124
-166
-210
-252
-293
-330
-358
-378
-383
-371
-341
-296
-241
-179
-116
-60
-14
19
39
46
42
30
15
-3
-22
-41
-59
-83
-109
-136
-164
-193
-218
-234
-240
-238
-224
-194
-153
-109
-65
-26
4
26
41
49
47
39
32
29
33
40
49
55
57
48
31
7
-24
-60
-92
-115
-123
-108
-70
-16
46
113
181
240
285
316
332
335
330
322
316
318
321
322
318
302
278
243
194
130
53
-26
-100
-162
-207
-232
-236
-224
-203
-172
-140
-110
-88
-79
-80
-82
-80
-73
-58
-36
-10
20
45
64
70
64
40
1
-47
-95
-138
-169
-189
-197
-187
-167
-139
-107
-80
-55
-37
-26
-23
-22
-23
-22
-19
-13
0
18
36
50
58
58
53
45
32
15
-3
-19
-30
-34
-32
-26
-16
-1
12
26
39
50
58
62
62
61
56
46
36
24
12
-3
-18
-30
-40
-47
-50
-45
-33
-16
3
22
43
63
82
97
107
111
111
111
108
101
89
80
67
52
37
25
17
12
7
6
10
16
24
28
29
25
19
7
-7
-24
-42
-56
-69
-83
-94
-101
-108
-116
-126
-133
-137
-142
-143
-142
-138
-130
-118
-106
-96
-86
-78
-72
-68
-66
-62
-51
-39
-21
5
37
74
113
152
186
212
231
241
238
225
206
178
148
114
77
44
12
-20
-51
-80
-106
-128
-145
-161
-171
-171
-164
-149
-131
-108
-86
-62
-37
-11
17
46
74
100
126
153
176
195
208
212
209
202
188
167
141
108
71
30
-12
-55
-99
-141
-181
-215
-238
-253
-255
-245
-222
-190
-147
-98
-47
2
47
84
114
137
149
156
159
158
149
137
122
104
79
47
8
-35
-78
-121
-161
-197
-224
-242
-253
-256
-250
-234
-213
-188
-162
-136
-109
-77
-46
-15
17
53
93
131
168
206
243
273
299
316
327
330
328
319
301
277
244
206
163
115
66
16
-31
-74
-110
-136
-155
-166
-176
-182
-185
-189
-190
-192
-193
-189
-178
-162
-140
-105
-67
-28
11
50
87
119
142
152
150
138
121
98
70
38
5
-27
-57
-86
-112
-132
-151
-169
-183
-191
-194
-187
-176
-162
-147
-128
-107
-82
-57
-27
7
40
74
106
135
159
176
184
180
165
143
117
86
57
27
-1
-27
-47
-66
-78
-92
-103
-112
-121
-122
-119
-109
-87
-57
-16
36
98
161
221
269
309
336
352
356
348
327
297
262
221
175
119
56
-11
-76
-135
-187
-231
-269
-294
-304
-298
-277
-246
-209
-172
-134
-94
-51
-10
29
61
90
121
155
189
216
231
230
213
179
132
71
-1
-78
-155
-225
-278
-317
-345
-365
-379
-385
-380
-365
-341
-312
-273
-221
-156
-78
6
96
179
256
319
369
405
420
413
387
345
295
240
178
109
37
-35
-106
-180
-250
-315
-369
-406
-424
-419
-390
-341
-274
-190
-95
3
99
190
270
338
397
447
483
510
527
531
522
502
464
410
342
262
175
84
-6
-93
-175
-249
-307
-351
-381
-401
-404
-397
-381
-356
-323
-285
-239
-186
-129
-65
3
71
135
185
222
245
257
261
250
227
189
141
83
16
-56
-129
-200
-262
-311
-342
-357
-360
-353
-338
-312
-280
-240
-195
-145
-92
-40
12
64
115
164
206
240
263
278
276
262
237
200
153
104
56
14
-23
-54
-80
-99
-114
-124
-131
-133
-132
-129
-119
-105
-85
-54
-16
25
68
107
140
171
198
214
222
222
220
216
214
214
215
213
209
199
185
167
143
115
84
54
27
9
-2
-8
-10
-9
-6
-3
-3
-8
-17
-31
-47
-62
-80
-99
-118
-138
-155
-171
-183
-194
-205
-215
-224
-229
-227
-222
-211
-197
-179
-153
-122
-91
-62
-40
-23
-13
-9
-8
-10
-17
-22
-29
-32
-34
-35
-36
-38
-42
-46
-50
-56
-60
-64
-63
-59
-52
-42
-30
-15
3
23
39
53
66
78
86
90
94
97
99
104
109
118
127
137
146
153
157
157
152
141
127
112
98
85
70
59
49
42
38
36
37
40
44
51
61
73
89
108
127
146
164
181
194
202
201
195
185
168
145
119
92
61
30
-5
-41
-79
-121
-163
-204
-245
-285
-321
-352
-372
-381
-381
-371
-354
-328
-295
-256
-217
-180
-145
-111
-79
-49
-24
1
21
39
51
59
63
59
47
27
3
-26
-59
-92
-124
-153
-173
-185
-191
-187
-173
-151
-120
-84
-41
6
59
113
167
219
267
310
344
369
385
391
386
369
341
308
268
224
175
122
68
19
-27
-70
-106
-134
-151
-157
-152
-136
-109
-78
-41
2
46
89
128
158
183
203
215
218
216
204
185
162
134
105
66
22
-29
-81
-135
-184
-229
-264
-290
-302
-298
-280
-253
-220
-188
-154
-123
-95
-71
-48
-30
-15
0
16
32
41
45
39
25
5
-21
-53
-89
-125
-159
-188
-210
-222
-230
-229
-223
-211
-193
-174
-152
-126
-94
-56
-13
31
75
118
159
194
221
238
242
236
220
200
181
163
147
134
126
120
118
113
107
95
79
62
46
33
26
24
31
43
62
83
104
121
132
139
137
127
115
99
81
63
48
37
28
22
14
5
-9
-24
-44
-63
-80
-90
-92
-86
-74
-58
-43
-34
-33
-45
-67
-97
-132
-165
-194
-214
-222
-225
-219
-211
-198
-185
-174
-162
-153
-142
-128
-107
-82
-51
-13
30
78
124
166
198
218
226
220
203
178
148
117
87
60
36
14
-9
-35
-65
-97
-126
-153
-172
-183
-182
-171
-149
-117
-76
-36
3
37
66
93
113
127
138
148
160
172
187
204
219
227
223
206
175
132
81
24
-34
-85
-124
-149
-157
-155
-142
-126
-106
-89
-75
-63
-54
-46
-38
-24
-6
17
43
67
89
105
116
115
106
90
66
38
6
-23
-51
-74
-94
-108
-118
-125
-131
-136
-138
-135
-127
-115
-99
-80
-58
-34
-10
14
35
52
63
66
67
65
62
59
55
53
52
52
53
56
56
52
48
42
35
26
19
11
5
1
2
8
16
25
33
38
39
32
24
11
-3
-19
-30
-39
-44
-46
-47
-45
-42
-37
-29
-22
-16
-10
-4
1
5
5
6
4
6
11
16
24
31
38
44
46
47
43
37
28
17
2
-16
-33
-51
-65
-79
-87
-88
-86
-79
-71
-62
-54
-47
-41
-37
-34
-28
-21
-12
-1
10
23
32
45
55
63
70
74
74
73
70
64
57
49
40
32
24
15
4
-5
-14
-25
-35
-43
-47
-49
-49
-47
-42
-35
-31
-24
-17
-10
-1
9
19
28
38
49
58
64
70
73
74
73
68
61
51
42
28
13
-2
-18
-34
-47
-59
-68
-76
-81
-86
-86
-87
-84
-81
-75
-68
-59
-50
-41
-30
-18
-7
5
17
26
34
42
48
54
56
57
55
50
40
28
18
8
-2
-12
-20
-26
-32
-34
-36
-36
-35
-32
-29
-24
-17
-10
-4
4
11
21
31
41
51
59
66
70
71
69
64
53
43
31
20
11
4
-1
-5
-9
-10
-10
-9
-8
-6
-2
2
7
12
19
25
30
35
37
35
34
28
19
9
-1
-9
-18
-27
-35
-41
-47
-52
-57
-61
-63
-66
-68
-69
-64
-58
-49
-37
-25
-11
4
18
29
37
39
39
34
28
19
11
1
-9
-18
-24
-30
-38
-44
-51
-57
-61
-67
-71
-73
-73
-69
-61
-50
-36
-20
-2
17
34
48
57
67
74
75
75
74
70
67
62
56
48
40
32
22
13
4
-2
-9
-13
-17
-19
-20
-17
-14
-10
-6
0
5
11
18
24
31
38
46
53
59
61
62
59
54
46
37
25
13
1
-8
-16
-22
-27
-30
-33
-35
-37
-38
-41
-43
-44
-48
-47
-46
-45
-42
-37
-32
-28
-23
-18
-12
-9
-8
-8
-9
-9
-8
-8
-5
-2
1
4
7
8
10
11
11
11
9
8
6
4
3
1
-1
-2
-4
-9
-15
-18
-24
-28
-30
-30
-28
-25
-21
-14
-7
3
11
20
26
31
37
42
45
47
51
54
56
55
55
52
47
39
27
17
7
-1
-9
-16
-21
-23
-24
-22
-19
-14
-9
-4
2
9
16
22
27
32
35
36
37
36
35
32
28
23
15
9
0
-11
-21
-32
-42
-51
-59
-68
-74
-77
-79
-77
-75
-69
-63
-54
-45
-35
-26
-17
-9
-1
6
11
15
17
15
12
8
2
-4
-10
-16
-21
-24
-26
-28
-31
-33
-34
-34
-34
-32
-27
-21
-14
-6
2
13
22
30
36
43
47
49
49
47
44
40
34
28
24
21
18
15
14
13
13
15
17
18
23
26
30
35
40
44
49
53
58
62
66
69
71
71
70
67
63
56
49
41
34
25
17
10
4
-2
-5
-9
-13
-18
-21
-24
-27
-29
-32
-34
-36
-38
-40
-43
-44
-46
-49
-51
-53
-58
-62
-67
-72
-76
-79
-83
-84
-82
-80
-78
-73
-70
-65
-62
-57
-53
-48
-43
-37
-34
-31
-28
-25
-21
-21
-19
-18
-15
-13
-11
-8
-6
-1
4
9
15
22
30
38
44
52
59
65
69
74
75
77
78
79
79
79
80
80
79
80
80
78
75
70
65
60
53
47
41
36
35
33
33
36
38
39
41
41
42
41
39
38
34
28
22
15
8
-1
-11
-21
-31
-42
-51
-61
-69
-77
-84
-90
-94
-96
-98
-98
-97
-94
-91
-87
-84
-77
-74
-65
-61
-56
-52
-49
-48
-48
-48
-48
-49
-52
-55
-57
-57
-57
-55
-53
-50
-46
-41
-35
-28
-19
-10
0
8
18
28
37
46
56
64
72
79
86
91
93
95
95
94
90
88
83
79
74
68
64
60
56
53
50
49
47
47
48
49
51
53
56
57
60
60
61
60
57
55
49
44
38
28
19
10
-1
-12
-20
-30
-39
-49
-58
-65
-70
-74
-76
-75
-72
-70
-67
-63
-59
-56
-54
-50
-47
-45
-44
-42
-40
-41
-40
-42
-42
-45
-47
-49
-51
-55
-59
-61
-62
-62
-60
-58
-52
-47
-40
-33
-27
-21
-16
-11
-6
-1
3
6
8
12
16
19
22
23
26
28
30
31
32
34
36
38
39
41
42
44
47
48
50
51
50
49
50
51
51
51
48
45
42
41
39
36
34
28
25
24
23
22
20
17
15
14
12
10
8
5
3
3
0
-1
-2
-4
-5
-7
-10
-12
-15
-18
-21
-26
-29
-31
-36
-40
-42
-43
-45
-47
-48
-47
-45
-43
-39
-37
-33
-27
-22
-16
-11
-6
-1
3
7
9
12
12
10
7
3
2
-1
-3
-5
-7
-9
-9
-10
-10
-10
-10
-9
-7
-5
-2
1
4
8
10
14
17
20
21
22
23
24
23
22
21
20
18
16
16
14
12
11
8
7
6
6
6
6
8
10
11
13
13
16
16
16
14
12
11
9
7
5
2
1
-1
-4
-7
-9
-12
-15
-19
-23
-26
-27
-27
-27
-27
-25
-22
-20
-19
-16
-15
-13
-10
-12
-9
-9
-9
-7
-8
-6
-5
-6
-7
-8
-8
-9
-9
-10
-10
-10
-7
-3
0
4
7
12
16
18
18
21
21
20
20
22
22
22
20
17
12
10
7
3
-3
-6
-11
-15
-16
-19
-20
-20
-19
-19
-17
-15
-13
-11
-8
-2
2
6
12
16
18
21
22
24
23
20
18
14
12
8
5
1
-1
-3
-4
-6
-8
-9
-10
-12
-12
-13
-12
-10
-8
-7
-4
0
3
5
7
9
8
8
6
7
6
5
4
4
2
0
-3
-4
-5
-6
-6
-9
-11
-11
-10
-9
-5
-3
0
3
5
8
10
12
13
12
13
14
15
15
15
17
19
19
21
20
18
16
13
11
10
10
8
7
6
6
4
3
2
0
0
-2
-4
-7
-8
-10
-11
-13
-15
-16
-16
-17
-18
-19
-20
-19
-18
-17
-15
-14
-15
-12
-10
-10
-9
-8
-9
-9
-10
-11
-13
-12
-12
-13
-15
-16
-18
-20
-20
-22
-24
-23
-24
-23
-22
-19
-17
-15
-11
-7
-4
1
5
8
11
14
15
18
20
22
24
25
25
23
23
20
18
15
13
13
13
14
13
12
13
13
14
16
17
17
18
19
19
20
21
21
22
21
23
22
23
22
20
16
13
10
6
1
-2
-4
-7
-10
-13
-14
-16
-17
-18
-19
-19
-21
-20
-20
-19
-18
-14
-13
-10
-8
-9
-7
-5
-5
-4
-5
-6
-6
-8
-9
-10
-10
-11
-13
-14
-15
-15
-14
-14
-15
-14
-13
-10
-9
-7
-4
-1
1
2
4
7
9
10
11
13
12
13
15
16
17
17
18
18
18
19
20
21
21
21
21
21
21
21
19
18
16
13
11
7
4
2
-1
-3
-5
-6
-6
-7
-9
-10
-10
-12
-13
-13
-15
-15
-16
-16
-18
-19
-20
-19
-19
-18
-17
-17
-19
-19
-20
-19
-19
-20
-19
-18
-18
-16
-15
-13
-13
-11
-7
-7
-6
-6
-5
-4
-4
-2
0
1
3
4
6
6
8
8
7
7
6
6
8
9
8
8
8
8
7
7
6
6
6
7
9
11
12
15
18
19
21
21
21
19
18
16
16
14
13
13
15
15
16
16
16
17
16
15
12
10
10
9
9
8
9
9
9
9
9
10
8
6
3
2
-1
-3
-5
-8
-9
-12
-12
-13
-15
-16
-17
-18
-21
-22
-22
-23
-24
-24
-23
-23
-22
-21
-20
-18
-18
-18
-19
-17
-16
-15
-15
-14
-14
-13
-11
-11
-8
-7
-6
-4
-3
-3
-1
0
-1
1
5
5
5
6
7
8
9
9
9
9
9
7
8
8
8
9
7
8
7
7
8
8
6
6
6
6
6
4
6
6
7
8
9
10
11
12
13
12
13
12
12
12
10
9
9
9
8
8
8
7
6
5
3
2
1
1
0
-1
-2
-2
-3
-3
-2
-2
-1
-2
-1
-1
-2
-3
-4
-4
-5
-6
-7
-8
-9
-10
-11
-10
-12
-15
-17
-18
-19
-20
-21
-21
-23
-22
-23
-21
-20
-20
-19
-17
-15
-13
-10
-8
-5
-2
-1
2
5
8
9
10
11
13
13
