0
-1
-1
-1
-2
0
0
-1
-1
-2
-1
-3
-1
-1
-1
-1
-1
-2
-3
-3
-4
-4
-4
-2
-2
0
0
-1
-1
-1
0
1
0
1
0
0
1
2
3
3
3
1
2
2
1
1
1
4
4
3
4
4
3
2
3
3
1
2
2
1
1
2
1
1
1
0
-1
0
0
-1
-1
-1
-2
-2
-3
-3
-3
-2
-3
-3
-2
-2
-3
-4
-4
-5
-5
-7
-6
-4
-5
-3
-3
-3
0
-1
0
1
1
2
1
1
2
1
1
1
1
1
3
3
3
3
2
2
1
1
0
-1
-1
0
-1
-1
0
1
0
-1
-1
0
0
1
1
2
1
-1
1
0
0
-1
-1
-1
-1
0
0
0
0
-1
0
1
2
1
2
0
-2
-1
-2
-3
-3
-2
-2
-1
0
0
-2
0
0
0
0
1
1
2
3
2
1
2
2
1
0
-1
-3
-2
-2
-1
0
1
3
3
4
5
4
5
5
5
4
3
2
2
2
1
0
1
1
1
0
1
0
1
1
1
2
1
0
0
-1
-1
-2
-2
-2
-3
-1
-1
-3
-2
-2
-2
-3
-3
-3
-4
-2
-3
-3
-2
-2
0
-1
-2
-3
-2
-1
-1
0
0
0
1
1
3
1
0
0
-1
-1
0
0
-2
-4
-5
-3
-4
-3
-2
-2
-1
-2
-1
0
0
-2
-1
-1
2
3
2
1
2
3
3
1
1
3
5
6
5
5
6
6
6
6
4
3
2
2
2
3
1
-1
-1
-1
-2
-2
-3
-2
-2
-3
-1
-2
0
-2
-2
0
-1
0
1
1
-1
-3
-1
-2
-1
-2
-2
-1
-1
-1
-2
-2
-2
-2
-2
-1
-2
-2
-1
-2
-2
-2
-1
0
1
0
1
1
0
1
1
0
-1
-1
-1
-2
-3
-1
-2
-2
-2
-2
-3
-3
-1
0
0
0
-1
0
1
0
1
2
2
2
2
3
1
1
3
3
4
4
2
2
3
3
1
1
1
1
0
1
0
0
1
0
1
2
2
1
2
1
1
-1
-1
-1
0
-1
-1
-1
0
0
0
0
1
0
1
3
3
2
0
-1
0
-1
-1
-1
0
0
0
0
0
1
0
0
-1
0
0
1
1
0
-1
-1
-2
-1
-2
-1
-1
0
1
0
0
-1
-2
-3
-2
-1
-1
-2
-1
1
-1
-2
-1
0
-1
-1
-2
-2
-2
-3
-1
-1
-1
0
1
2
2
2
1
2
1
1
1
2
1
0
-1
0
0
-2
1
1
1
1
0
0
1
0
2
1
2
2
0
1
0
1
1
0
0
1
1
0
1
1
-1
-2
1
1
1
2
2
2
3
1
1
-1
-1
2
1
-1
-1
1
0
-1
1
2
2
1
0
-1
-3
-4
-2
-3
-3
-4
1
3
-1
0
-2
-2
-1
-1
-2
-3
-4
-1
-3
-4
-2
-4
-2
-2
-2
0
-1
0
1
-1
0
-1
0
2
1
6
4
0
1
1
3
3
-3
2
4
3
3
1
3
5
4
2
1
3
2
-2
0
-1
0
1
-1
3
4
2
4
2
-1
-2
-1
-3
-3
2
5
2
-4
-6
1
1
-3
-2
-5
-2
1
-2
-4
-4
-1
-4
-4
-2
-2
0
-4
-6
27
14
-22
-8
2
3
-7
-6
3
3
1
4
7
15
0
-10
0
-9
1
7
-1
8
6
-3
-4
-4
3
9
0
-2
2
7
3
-4
4
-1
-6
5
-1
-2
3
2
7
4
-7
-5
-3
-5
-4
-3
3
-2
0
2
-1
0
-1
-1
-1
-2
-2
0
-2
1
3
-1
-3
-1
2
1
-3
0
2
-2
-1
1
1
1
-3
-1
6
1
-5
-2
4
6
0
0
4
-2
-2
0
-2
-2
-6
-1
5
-5
-8
0
6
-1
-9
-4
-5
-12
-2
14
9
-10
-9
5
10
3
-2
-5
-3
5
8
-1
-7
-5
0
5
-1
-2
-4
4
4
2
7
-2
-5
2
3
2
10
2
4
7
2
3
0
4
3
-2
-2
0
8
10
-2
6
5
-3
1
1
-2
1
-1
1
8
5
-6
-6
2
-4
-1
-6
-10
-5
6
-3
-8
9
3
-17
4
1
-1
11
-12
-1
13
-9
-3
3
4
8
-6
1
-4
-1
5
-25
5
29
-16
-5
-9
-3
18
-16
-12
9
1
-7
-11
5
5
-11
15
-9
-16
10
2
6
6
-12
15
1
-28
12
6
10
6
-23
15
4
-13
1
-11
21
21
-16
6
4
12
15
-21
5
6
1
11
-12
2
14
-21
10
14
-28
0
1
3
19
-3
-24
1
3
-17
-9
26
7
-34
5
5
-23
-7
-12
-13
9
-22
-12
32
18
-5
-1
12
-13
-26
-7
-23
8
14
-12
-6
27
1
-16
5
-25
31
-16
-9
-1
85
72
-93
-93
12
30
36
16
-38
137
-44
-75
50
23
-23
-68
-37
28
19
20
67
-7
32
-44
-62
18
-6
36
55
-11
3
8
0
36
6
4
38
6
-5
5
1
-1
-28
10
-37
7
7
6
17
-19
9
2
-7
-55
-28
6
39
-51
0
17
-11
20
-27
46
4
-43
-22
-1
25
16
-15
-9
16
-36
-2
-4
4
26
-12
6
-46
-21
-21
-34
-3
15
-24
-4
31
26
29
-35
-3
-20
-23
-12
19
24
4
10
17
-11
3
32
-22
7
3
-13
14
17
-4
6
-12
-20
16
-41
5
31
-6
-17
18
13
-34
7
26
38
-27
22
21
13
1
-8
39
-4
-48
1
28
-69
-2
26
2
16
13
-23
-11
30
3
-38
14
2
-2
0
-23
13
-30
-37
15
3
-42
7
25
17
-23
-1
11
26
13
-8
-18
20
37
-29
134
-16
-93
-42
4
38
-21
-79
-7
64
-21
4
27
37
-51
-23
58
-53
-79
63
50
-46
-12
32
63
11
-100
92
5
-2
32
-26
55
-25
35
56
0
-37
-20
-63
216
158
-70
-47
-74
-50
-67
5
115
-16
-102
12
9
48
40
-79
12
-24
-102
46
66
95
3
-105
-66
26
159
107
-53
-14
-28
-67
43
140
-46
-167
-140
-63
9
-8
-26
-99
-81
-27
-20
26
41
-65
-57
-32
193
225
41
-2
-37
19
48
-16
44
-7
46
50
-3
99
-26
-241
-230
-129
-95
81
15
128
139
-205
-260
-83
-21
10
-25
-15
71
-10
106
115
37
-9
-150
44
229
123
136
125
96
122
-100
-143
34
66
188
224
205
20
-263
-165
-124
-23
88
-79
-181
-78
-52
73
-2
-91
-126
-246
-132
-75
107
169
5
-13
-37
-118
-87
-45
157
195
70
55
94
40
-7
-13
29
79
46
160
242
161
5
-151
-97
34
-88
-108
-161
-167
-60
-30
31
-13
-117
-100
-93
-75
-10
-16
-41
-18
22
92
167
117
63
85
142
141
83
181
168
22
9
-73
-9
134
115
92
-31
-134
-96
-73
-49
-17
-40
-112
-168
-77
-34
-66
-39
-100
-145
-15
-29
9
90
-39
-79
-34
19
55
29
13
33
10
5
-72
-26
12
-78
9
17
-12
46
13
-69
-38
30
-7
-17
12
35
62
13
-14
44
55
-1
-26
10
69
3
-16
7
27
68
-39
-90
73
-11
-140
4
23
60
49
-42
46
70
-100
-62
12
15
53
59
125
88
36
-11
-37
-44
-45
-98
-67
106
86
77
-3
-53
14
-56
-84
2
7
0
101
94
-3
10
18
-88
-91
-110
-77
16
32
70
85
37
-36
-163
-106
-94
-108
33
54
-22
-3
-19
-21
49
-18
-31
71
69
82
133
63
137
29
9
77
-32
2
29
59
48
21
54
11
-170
-106
-67
-133
-34
13
3
12
-90
-91
15
-92
-73
-76
-47
166
106
-1
64
11
-12
-70
6
198
117
28
-9
3
40
19
-80
36
115
44
21
7
36
-95
-229
-155
8
-62
-83
20
148
50
-95
-37
66
52
-86
-77
46
167
79
26
-47
-105
-106
-89
-110
3
115
39
-23
-52
28
-73
-131
-131
5
76
96
221
253
100
-107
-111
-118
14
-24
-46
88
213
194
-42
-89
-94
-248
-230
-13
85
344
213
20
75
-87
-188
-138
-80
28
70
73
192
204
45
-120
-196
-169
-121
-32
156
79
8
16
-65
-93
-79
-68
-1
-109
-55
154
111
57
-4
-28
58
57
62
109
15
24
11
43
150
34
7
-52
-217
-88
-21
-57
-33
-149
-136
-54
-73
34
-41
-46
-49
-202
78
148
-3
97
36
74
86
1
132
104
-55
-51
-71
109
223
6
5
-18
-99
-153
-132
42
81
-51
17
36
69
102
-160
-152
-26
-50
69
156
185
117
-65
-103
-45
-61
19
89
58
119
70
13
-71
-126
-83
-94
-35
146
173
60
-39
-55
1
-88
-48
-40
-27
96
43
86
173
-7
-220
-179
-21
126
42
41
51
-100
-84
-39
-43
-26
-43
-97
-111
3
141
68
11
-11
-173
-179
-59
44
156
124
8
-6
32
37
-43
-42
83
56
-69
40
134
51
-60
-121
-22
71
59
-5
-7
7
-37
-112
18
81
-16
-64
36
123
51
-56
-129
-73
-16
19
66
151
100
-28
-86
-53
-13
-15
13
-51
-113
32
102
37
39
-7
-90
-77
-6
76
85
29
4
28
77
-3
-64
21
-24
-93
-10
109
119
13
-56
-129
-107
-55
-72
-40
82
73
28
79
54
-45
-92
-81
-76
25
157
118
8
-12
-93
-169
-40
69
-3
61
100
-61
-95
36
-42
-158
-17
81
73
131
113
-76
-93
12
-12
12
110
40
-111
-87
-23
-58
-9
99
32
-4
80
81
23
-3
-31
-67
-26
32
42
5
18
22
5
0
-2
-11
-22
-15
-8
31
55
65
58
84
157
135
14
-65
-69
-105
-75
52
85
4
-91
-138
-192
-130
14
55
30
1
-53
-86
-50
-31
-32
-17
46
83
197
274
115
-80
-126
-61
-5
114
206
86
-83
-123
-128
-35
71
-47
-160
-104
-74
-82
-63
-111
-148
-106
-112
-65
131
217
49
-50
17
25
41
108
144
107
-22
-102
-57
13
39
-25
-63
-11
-50
-162
-129
-23
-39
-85
-51
18
70
74
-20
-42
94
123
49
92
194
173
68
13
92
122
-8
-57
88
212
147
9
-50
-57
-52
-46
-11
53
81
77
73
89
97
35
-32
41
151
132
56
110
175
67
-55
-55
-2
-10
-53
-75
-33
4
-103
-240
-209
-113
-159
-246
-216
-155
-204
-258
-231
-222
-228
-193
-215
-197
12
26
-276
-387
-149
6
-63
-53
19
6
-81
-159
-156
-96
-16
34
44
55
89
123
147
90
-95
-171
31
288
298
169
111
158
192
118
111
261
369
262
165
331
562
571
372
231
256
352
445
541
549
506
492
440
392
436
419
170
-17
23
123
136
43
-108
-296
-461
-527
-507
-442
-418
-435
-473
-488
-471
-497
-550
-629
-746
-626
-188
13
-263
-417
-252
-361
-618
-441
32
145
-170
-421
-240
-3
-175
-498
-506
-229
-114
-201
-140
53
-192
-596
-491
-135
-62
-94
-17
76
102
92
110
203
377
332
126
162
451
691
669
419
253
377
598
634
454
372
569
697
575
481
611
743
555
324
411
633
725
653
577
575
516
406
340
286
212
150
154
160
87
-4
-135
-365
-558
-472
-265
-308
-522
-500
-315
-439
-811
-922
-547
-275
-535
-816
-611
-256
-320
-726
-906
-651
-320
-316
-582
-604
-284
-166
-499
-760
-497
-122
-205
-495
-402
-119
-64
-177
-287
-274
-144
-42
-34
-29
56
159
122
21
-69
-56
115
265
222
88
170
389
329
62
74
293
345
203
212
473
614
463
273
388
707
780
575
529
759
932
821
688
805
937
837
669
677
815
864
769
607
522
555
559
429
230
83
-23
-83
-106
-160
-291
-442
-555
-683
-826
-824
-703
-694
-805
-851
-745
-672
-754
-778
-709
-775
-843
-652
-275
-157
-464
-752
-627
-303
-348
-682
-608
-199
-254
-622
-557
-298
-445
-674
-489
-314
-390
-286
-61
-191
-469
-399
-135
-113
-184
-43
82
15
1
186
259
128
18
95
293
402
316
251
400
588
679
760
928
1073
1106
1034
979
1094
1349
1496
1401
1286
1383
1567
1535
1313
1115
1011
967
937
867
731
565
306
-36
-279
-322
-330
-507
-727
-751
-698
-798
-931
-994
-1090
-1254
-1224
-982
-850
-888
-898
-887
-913
-811
-640
-651
-787
-686
-457
-463
-567
-470
-348
-569
-845
-698
-331
-263
-539
-757
-629
-389
-479
-777
-711
-310
-345
-801
-823
-319
-129
-627
-1029
-659
38
205
-229
-477
-113
280
128
-213
-116
373
726
829
1037
1472
1829
1743
1302
1091
1491
2100
2256
2044
2061
2395
2514
2194
1766
1539
1364
1112
952
1089
1313
1102
324
-514
-881
-801
-715
-827
-932
-795
-589
-647
-999
-1293
-1352
-1367
-1379
-1138
-541
-71
-173
-699
-1007
-803
-488
-498
-637
-470
-207
-305
-587
-603
-489
-710
-1115
-1100
-730
-538
-566
-669
-928
-1223
-1127
-673
-568
-894
-976
-645
-463
-747
-942
-557
-146
-337
-725
-609
-149
-5
-219
-344
-143
275
597
472
15
-220
70
552
860
1251
1820
2099
1777
1354
1359
1633
1811
1890
2085
2420
2712
2719
2455
2054
1635
1219
932
993
1296
1414
1084
383
-320
-756
-903
-963
-1072
-1082
-877
-720
-929
-1325
-1528
-1521
-1550
-1549
-1196
-530
-111
-299
-737
-887
-676
-437
-322
-227
-113
-22
24
-10
-210
-507
-670
-611
-491
-419
-378
-483
-837
-1187
-1211
-971
-835
-949
-1088
-1041
-1008
-1171
-1137
-737
-559
-968
-1276
-841
-133
-113
-665
-865
-529
-166
-26
143
272
190
72
143
385
583
757
1061
1457
1729
1843
1893
1872
1731
1592
1748
2214
2664
2735
2443
2118
1984
1974
1873
1569
1118
759
648
713
721
477
-69
-746
-1209
-1285
-1118
-970
-983
-1152
-1353
-1423
-1342
-1248
-1252
-1292
-1235
-924
-375
141
255
-44
-334
-318
-9
380
628
604
390
260
298
311
107
-238
-523
-669
-707
-679
-684
-893
-1353
-1770
-1796
-1483
-1266
-1392
-1647
-1768
-1775
-1627
-1350
-1240
-1364
-1321
-963
-644
-522
-442
-313
-192
-67
109
344
578
653
550
502
705
1035
1101
889
825
1290
2009
2505
2439
1960
1473
1379
1690
2119
2374
2303
2029
1815
1849
1988
1930
1475
770
192
124
485
836
708
41
-838
-1440
-1498
-1143
-798
-770
-1005
-1240
-1250
-1069
-951
-1111
-1404
-1427
-995
-358
112
248
91
-168
-218
108
612
931
872
571
313
316
492
501
216
-157
-350
-339
-291
-442
-934
-1602
-2032
-2013
-1772
-1697
-1909
-2242
-2493
-2540
-2350
-1983
-1620
-1407
-1311
-1212
-993
-703
-415
-204
-71
116
486
955
1201
1014
617
464
723
1157
1414
1441
1256
968
710
790
1265
1861
2110
1847
1358
1107
1309
1707
1928
1857
1756
1833
2050
2118
1929
1484
947
447
236
390
693
717
267
-457
-1048
-1311
-1275
-1086
-908
-840
-902
-984
-1032
-1051
-1118
-1178
-1087
-766
-295
125
310
207
-16
-97
81
370
612
778
846
720
407
137
61
56
-84
-323
-505
-589
-724
-1072
-1555
-1886
-1934
-1838
-1830
-1979
-2186
-2319
-2331
-2269
-2158
-1973
-1724
-1499
-1319
-1069
-686
-277
-13
123
362
798
1279
1569
1586
1460
1340
1313
1346
1383
1370
1304
1162
951
617
347
330
631
980
1125
921
475
66
-32
317
894
1320
1367
1211
1156
1312
1476
1505
1341
1140
1001
1057
1256
1379
1151
579
-50
-373
-303
-30
159
79
-198
-499
-683
-788
-876
-966
-964
-830
-591
-354
-264
-457
-869
-1215
-1191
-796
-339
-90
-153
-361
-506
-472
-350
-296
-353
-448
-439
-295
-173
-293
-700
-1175
-1377
-1174
-797
-688
-1000
-1460
-1687
-1565
-1281
-1059
-1019
-1093
-1121
-948
-586
-243
-70
-3
160
539
990
1253
1167
853
674
829
1202
1392
1175
653
126
-127
-87
103
110
-202
-597
-590
18
785
1002
461
-322
-570
40
1096
1926
2074
1740
1406
1529
2068
2627
2780
2368
1707
1320
1467
1868
1893
1258
285
-416
-526
-285
-125
-372
-950
-1514
-1719
-1545
-1333
-1409
-1769
-2075
-1997
-1578
-1143
-1018
-1235
-1486
-1430
-955
-369
-44
-65
-194
-83
340
848
1130
1017
669
378
409
658
796
599
123
-324
-517
-484
-474
-702
-1111
-1475
-1578
-1425
-1215
-1124
-1200
-1327
-1339
-1145
-814
-520
-333
-156
118
447
640
617
472
398
474
644
747
632
278
-164
-494
-567
-447
-356
-473
-838
-1114
-967
-282
466
754
418
-59
-87
529
1418
2070
2241
2082
1964
2182
2730
3193
3204
2691
2026
1599
1569
1714
1720
1369
741
52
-407
-606
-680
-843
-1144
-1422
-1500
-1384
-1332
-1539
-1920
-2124
-1908
-1374
-904
-732
-848
-990
-951
-644
-224
98
205
173
228
498
919
1196
1094
695
347
332
562
691
489
15
-448
-674
-663
-595
-694
-1022
-1426
-1667
-1641
-1444
-1264
-1223
-1297
-1339
-1251
-1041
-804
-605
-435
-244
-14
183
302
325
291
266
305
410
487
366
4
-486
-834
-920
-818
-675
-639
-755
-1004
-1103
-771
8
750
993
717
436
567
1183
1960
2550
2778
2709
2602
2703
3066
3390
3303
2728
2028
1658
1742
1934
1800
1152
264
-453
-735
-685
-594
-723
-1107
-1548
-1828
-1875
-1826
-1860
-1992
-2045
-1860
-1474
-1121
-977
-1019
-1043
-858
-460
-22
212
160
-42
-82
239
795
1211
1182
793
405
304
421
465
232
-180
-492
-518
-354
-283
-533
-1047
-1508
-1619
-1337
-946
-797
-1001
-1345
-1493
-1300
-910
-619
-594
-710
-714
-454
-64
190
170
-62
-266
-258
-45
171
168
-107
-520
-850
-940
-766
-450
-219
-244
-495
-692
-497
201
1074
1638
1603
1210
972
1270
2032
2830
3266
3219
2970
2861
3053
3361
3458
3148
2536
1959
1696
1717
1691
1297
539
-256
-751
-900
-924
-1069
-1419
-1847
-2164
-2266
-2200
-2129
-2174
-2261
-2194
-1872
-1438
-1166
-1177
-1306
-1275
-957
-488
-146
-101
-282
-449
-393
-95
282
506
511
406
363
349
219
-87
-391
-450
-196
156
269
7
-466
-794
-754
-433
-167
-229
-590
-929
-949
-644
-363
-412
-791
-1161
-1187
-829
-351
-106
-214
-497
-645
-515
-249
-104
-160
-278
-257
-90
48
-30
-277
-462
-342
52
441
484
143
-142
174
1140
2123
2335
1692
960
1007
1950
3095
3630
3317
2603
2135
2340
3049
3623
3384
2313
1136
692
1049
1528
1389
525
-571
-1345
-1598
-1525
-1491
-1763
-2271
-2670
-2659
-2338
-2116
-2285
-2650
-2747
-2331
-1676
-1260
-1275
-1480
-1482
-1138
-616
-203
-60
-165
-310
-222
209
756
1045
901
616
596
890
1134
967
502
182
288
652
857
662
170
-320
-551
-482
-330
-395
-764
-1191
-1327
-1112
-875
-976
-1401
-1756
-1667
-1157
-595
-338
-428
-599
-564
-231
223
543
596
494
452
546
668
649
509
412
532
653
614
298
64
178
729
1396
1802
1714
1173
665
646
1322
2161
2561
2264
1741
1560
1927
2430
2591
2212
1515
913
704
829
944
684
9
-760
-1288
-1516
-1648
-1855
-2123
-2273
-2238
-2116
-2110
-2298
-2559
-2634
-2386
-1899
-1439
-1257
-1357
-1503
-1415
-1036
-575
-277
-186
-180
-84
136
410
682
940
1204
1430
1511
1332
969
652
637
950
1315
1367
944
279
-214
-288
-75
70
-146
-658
-1154
-1331
-1138
-861
-830
-1160
-1568
-1667
-1316
-748
-364
-303
-381
-306
-22
301
438
412
386
516
749
891
788
501
255
248
500
731
644
152
-271
-132
709
1595
1800
1154
295
22
574
1528
2161
2138
1607
1151
1218
1809
2393
2408
1752
928
507
634
917
879
372
-360
-985
-1347
-1514
-1670
-1888
-2105
-2172
-2087
-1995
-2102
-2402
-2657
-2594
-2171
-1683
-1442
-1503
-1633
-1549
-1186
-691
-262
-24
44
85
256
564
918
1203
1368
1531
1702
1806
1696
1337
987
946
1252
1568
1553
1093
484
36
-93
20
80
-119
-597
-1114
-1333
-1189
-932
-866
-1114
-1478
-1627
-1399
-957
-542
-320
-248
-187
-76
70
248
409
515
567
601
649
638
507
298
149
96
103
55
-99
-280
-396
-261
106
402
424
247
80
78
209
526
1046
1508
1576
1357
1308
1608
1940
1952
1777
1617
1428
1077
695
535
513
266
-324
-972
-1422
-1652
-1775
-1857
-1907
-1962
-2095
-2277
-2395
-2400
-2238
-1969
-1676
-1397
-1130
-916
-792
-672
-366
159
654
882
849
789
906
1222
1591
1930
2056
1945
1667
1378
1261
1314
1396
1321
1095
800
509
200
-98
-307
-374
-404
-571
-876
-1170
-1313
-1318
-1271
-1185
-1066
-997
-1028
-1078
-980
-676
-317
-39
133
175
133
91
118
217
293
320
318
268
73
-217
-469
-593
-594
-580
-556
-595
-699
-817
-742
-405
172
534
414
19
-116
359
1105
1630
1724
1670
1542
1489
1625
1993
2303
2149
1572
1052
897
906
745
367
-64
-462
-840
-1104
-1217
-1271
-1331
-1412
-1441
-1428
-1472
-1558
-1545
-1406
-1138
-788
-519
-442
-509
-504
-258
136
430
531
493
414
344
369
565
845
1003
953
700
457
395
464
550
582
526
367
147
-82
-188
-75
156
249
90
-181
-393
-430
-356
-263
-170
-165
-354
-605
-648
-462
-219
-101
-116
-195
-279
-336
-355
-326
-263
-189
-136
-187
-386
-594
-650
-563
-443
-363
-423
-614
-804
-848
-664
-405
-322
-397
-461
-370
-82
244
465
441
296
290
655
1183
1547
1519
1286
1239
1472
1839
2063
1971
1603
1197
975
1042
1203
1104
686
150
-248
-398
-427
-466
-575
-782
-1059
-1306
-1473
-1521
-1504
-1496
-1455
-1371
-1275
-1223
-1212
-1125
-846
-497
-271
-222
-265
-258
-110
162
546
908
1026
894
744
810
1062
1297
1330
1192
974
824
771
781
818
783
634
396
149
-25
-81
-121
-236
-370
-494
-623
-800
-984
-1084
-1005
-814
-687
-709
-827
-923
-886
-724
-530
-389
-329
-353
-434
-486
-434
-289
-161
-173
-372
-598
-702
-692
-635
-597
-604
-624
-620
-598
-405
-26
349
494
385
336
643
1246
1738
1891
1820
1823
1980
2187
2371
2438
2304
1914
1416
1121
1123
1114
801
238
-332
-738
-1035
-1300
-1465
-1515
-1584
-1745
-1950
-2075
-2051
-1915
-1710
-1422
-1102
-852
-747
-692
-472
-48
414
651
598
449
471
714
1119
1474
1569
1391
1072
829
823
1031
1226
1214
944
601
392
388
447
400
261
118
7
-101
-253
-436
-568
-642
-721
-804
-881
-991
-1128
-1220
-1128
-875
-662
-721
-1001
-1215
-1131
-820
-543
-477
-597
-727
-777
-723
-579
-424
-413
-604
-885
-1034
-935
-716
-600
-641
-710
-656
-446
-214
67
375
697
874
899
932
1204
1692
2114
2273
2160
2081
2142
2278
2339
2274
2068
1664
1104
650
525
552
382
-112
-710
-1098
-1267
-1330
-1309
-1194
-1113
-1202
-1426
-1526
-1315
-921
-602
-434
-301
-114
55
141
238
436
691
819
756
645
687
820
913
916
901
945
913
706
456
422
599
760
661
382
170
119
131
90
31
-23
-137
-364
-610
-714
-717
-793
-1036
-1254
-1284
-1216
-1238
-1376
-1421
-1287
-1127
-1166
-1349
-1445
-1355
-1161
-1002
-912
-881
-915
-1010
-1063
-973
-786
-674
-717
-846
-878
-725
-476
-308
-259
-243
-130
81
340
657
1075
1440
1573
1422
1315
1595
2214
2722
2724
2366
2058
2051
2183
2301
2265
2034
1525
883
478
479
622
484
23
-467
-735
-837
-925
-949
-845
-693
-679
-813
-884
-771
-546
-377
-264
-145
-10
51
25
60
222
414
438
269
114
143
284
358
316
287
331
355
201
-14
-68
108
296
256
48
-130
-157
-162
-221
-314
-368
-458
-666
-909
-1049
-1069
-1129
-1319
-1534
-1614
-1617
-1688
-1811
-1811
-1621
-1419
-1404
-1559
-1656
-1538
-1255
-944
-703
-565
-546
-583
-556
-335
24
306
340
187
88
200
486
771
938
965
903
795
796
1029
1527
1991
2095
1781
1418
1439
1838
2251
2317
2091
1815
1681
1680
1767
1844
1727
1306
755
451
530
698
609
249
-104
-308
-437
-571
-627
-539
-449
-509
-711
-850
-846
-765
-705
-656
-582
-555
-628
-744
-722
-528
-331
-304
-443
-567
-555
-435
-320
-192
-75
18
8
-83
-142
-66
116
268
298
217
136
66
15
-54
-130
-214
-343
-535
-734
-876
-977
-1096
-1272
-1460
-1568
-1597
-1617
-1660
-1646
-1506
-1284
-1127
-1118
-1159
-1092
-833
-476
-158
44
146
195
237
334
518
729
831
770
652
614
705
833
907
916
890
812
728
743
921
1235
1430
1363
1140
1029
1134
1330
1450
1471
1448
1352
1228
1175
1269
1343
1194
869
606
537
529
422
204
15
-120
-299
-519
-711
-783
-786
-797
-845
-890
-934
-1016
-1072
-1058
-941
-807
-740
-743
-748
-688
-564
-428
-308
-206
-113
-39
8
60
173
363
537
608
537
437
416
480
546
539
456
330
174
-11
-182
-312
-432
-587
-776
-954
-1095
-1227
-1386
-1512
-1546
-1502
-1473
-1487
-1491
-1398
-1195
-973
-816
-711
-596
-437
-240
-26
186
380
503
541
555
603
680
726
725
699
685
655
604
554
566
578
522
420
399
529
742
898
870
795
730
766
855
1003
1128
1159
1050
906
911
1035
1126
1022
813
636
541
486
415
339
230
49
-218
-454
-573
-619
-637
-679
-702
-725
-784
-904
-977
-936
-817
-681
-609
-578
-561
-506
-385
-197
-1
123
144
151
243
403
585
716
801
796
717
605
572
619
651
587
421
244
46
-158
-377
-542
-673
-821
-1002
-1194
-1328
-1442
-1552
-1641
-1647
-1600
-1565
-1555
-1516
-1366
-1139
-928
-807
-740
-641
-488
-285
-61
153
298
333
304
319
441
587
639
570
464
415
414
431
432
442
432
358
267
245
349
511
674
751
754
673
555
551
744
1056
1214
1127
938
910
1037
1157
1154
1076
984
833
658
562
573
558
390
115
-123
-246
-333
-408
-422
-378
-355
-446
-583
-656
-618
-525
-415
-285
-170
-110
-122
-106
10
195
343
396
422
460
496
502
538
627
689
609
391
202
139
163
141
17
-184
-385
-569
-725
-848
-966
-1095
-1234
-1349
-1431
-1504
-1585
-1643
-1637
-1580
-1524
-1501
-1473
-1377
-1182
-940
-742
-636
-586
-531
-425
-226
20
218
290
261
234
275
366
428
440
408
348
271
207
204
263
323
295
193
115
143
271
437
577
637
624
561
546
661
872
1056
1138
1168
1200
1251
1293
1336
1393
1401
1307
1123
973
899
854
763
611
421
205
-10
-167
-188
-126
-83
-141
-265
-371
-410
-373
-291
-190
-116
-93
-103
-98
-24
94
201
234
222
215
244
287
334
390
419
369
232
90
0
-50
-124
-231
-354
-467
-611
-827
-1059
-1234
-1327
-1369
-1418
-1504
-1610
-1731
-1833
-1860
-1770
-1615
-1501
-1472
-1472
-1404
-1219
-977
-766
-621
-526
-451
-349
-186
11
195
300
325
324
342
370
399
420
413
380
317
269
255
261
262
245
233
227
246
314
462
665
819
874
840
831
931
1157
1413
1576
1596
1534
1519
1592
1718
1786
1737
1581
1375
1200
1095
1045
974
815
559
267
34
-90
-104
-74
-77
-165
-320
-472
-558
-538
-443
-322
-250
-253
-306
-339
-285
-154
-4
86
93
46
6
-4
35
127
208
182
-12
-276
-457
-492
-477
-532
-694
-899
-1096
-1271
-1404
-1490
-1532
-1570
-1614
-1649
-1676
-1708
-1748
-1729
-1610
-1442
-1327
-1287
-1238
-1100
-879
-660
-494
-378
-290
-209
-114
27
205
366
437
425
395
398
434
470
487
480
446
375
296
258
298
381
440
424
381
383
469
600
743
882
990
1018
955
930
1050
1320
1537
1588
1511
1458
1476
1523
1583
1643
1643
1475
1199
990
948
970
872
650
412
240
90
-34
-72
-27
-9
-129
-323
-453
-445
-362
-285
-223
-178
-184
-264
-335
-283
-111
38
30
-89
-204
-253
-275
-296
-301
-306
-385
-596
-848
-1020
-1052
-1034
-1069
-1192
-1369
-1540
-1666
-1686
-1615
-1524
-1511
-1580
-1651
-1656
-1578
-1467
-1336
-1198
-1079
-1025
-1011
-925
-717
-437
-225
-138
-118
-82
6
149
341
505
574
534
466
463
531
610
648
665
652
602
522
485
532
632
699
680
628
592
632
741
912
1041
1083
1025
947
956
1107
1331
1474
1481
1403
1364
1384
1436
1479
1499
1451
1288
1082
937
896
869
753
555
357
208
81
-7
-29
-4
-30
-165
-340
-456
-462
-419
-372
-337
-337
-396
-514
-580
-517
-352
-253
-305
-453
-559
-598
-602
-579
-533
-521
-656
-907
-1133
-1182
-1111
-1049
-1098
-1232
-1394
-1558
-1665
-1650
-1513
-1384
-1397
-1521
-1617
-1586
-1464
-1326
-1196
-1065
-962
-927
-898
-785
-540
-269
-89
-13
44
138
256
401
568
736
819
798
743
749
824
895
921
899
862
812
751
703
713
760
784
742
683
675
754
869
939
936
901
876
903
1004
1164
1295
1309
1224
1168
1246
1404
1499
1450
1298
1133
1026
988
974
917
765
520
269
107
52
45
18
-61
-174
-313
-452
-551
-572
-513
-449
-446
-529
-637
-703
-694
-621
-509
-404
-377
-461
-614
-715
-677
-529
-406
-444
-643
-888
-1043
-1053
-969
-911
-975
-1166
-1385
-1522
-1531
-1455
-1386
-1377
-1428
-1498
-1540
-1514
-1399
-1233
-1087
-1013
-975
-899
-752
-561
-357
-147
41
179
264
346
480
668
842
935
946
929
920
929
947
959
945
884
783
687
640
643
650
614
540
462
428
445
529
649
734
712
615
565
659
871
1075
1163
1131
1061
1053
1152
1311
1429
1415
1266
1064
928
894
906
866
730
506
253
51
-52
-52
-23
-47
-160
-315
-451
-525
-537
-508
-460
-448
-506
-611
-674
-643
-540
-432
-362
-347
-388
-480
-560
-533
-387
-263
-309
-520
-759
-881
-875
-814
-799
-870
-1034
-1232
-1367
-1380
-1312
-1267
-1294
-1369
-1410
-1397
-1354
-1281
-1177
-1070
-996
-936
-855
-724
-556
-376
-199
-29
110
206
291
408
566
714
791
796
775
775
801
834
851
827
761
661
570
528
554
595
583
502
394
328
328
410
556
719
764
645
497
535
794
1074
1184
1122
1037
1026
1106
1242
1389
1448
1337
1120
939
900
935
916
794
611
410
200
32
-31
8
39
-41
-220
-394
-489
-518
-504
-466
-421
-427
-514
-629
-665
-572
-412
-289
-247
-305
-431
-528
-505
-360
-236
-258
-451
-688
-850
-871
-807
-759
-829
-1029
-1241
-1355
-1340
-1283
-1268
-1323
-1411
-1477
-1482
-1404
-1295
-1204
-1148
-1095
-1011
-905
-768
-598
-385
-183
-39
42
114
225
377
552
705
789
775
723
705
759
828
847
814
728
621
522
483
510
518
464
380
343
333
318
318
398
532
575
564
603
760
859
849
866
1037
1242
1268
1185
1167
1288
1365
1328
1274
1250
1178
977
797
755
783
670
412
195
96
36
-77
-167
-191
-218
-340
-491
-545
-509
-477
-506
-512
-475
-438
-455
-460
-383
-277
-224
-242
-253
-272
-313
-387
-430
-430
-452
-534
-665
-799
-941
-1053
-1104
-1103
-1121
-1240
-1415
-1548
-1574
-1543
-1498
-1444
-1394
-1369
-1382
-1354
-1245
-1042
-836
-693
-603
-521
-406
-252
-49
166
341
413
406
410
478
602
709
767
735
634
516
454
474
526
544
489
391
285
224
232
305
389
433
426
402
403
472
640
883
1063
1107
1044
1012
1099
1261
1428
1511
1526
1466
1391
1332
1346
1389
1372
1258
1058
870
717
621
559
501
385
184
-23
-162
-168
-109
-78
-135
-266
-399
-482
-466
-373
-257
-220
-288
-409
-493
-472
-378
-283
-268
-355
-510
-659
-754
-770
-726
-712
-804
-1019
-1252
-1392
-1396
-1330
-1306
-1377
-1523
-1666
-1737
-1697
-1577
-1450
-1380
-1378
-1397
-1380
-1282
-1109
-901
-721
-601
-537
-500
-427
-269
-33
186
304
307
272
288
386
530
651
692
643
551
491
513
595
677
705
669
601
553
573
658
767
846
870
861
840
865
958
1130
1290
1341
1267
1185
1215
1368
1526
1551
1453
1332
1285
1298
1322
1315
1244
1108
939
804
721
646
535
401
276
158
32
-91
-171
-195
-206
-255
-350
-443
-508
-538
-536
-520
-522
-567
-641
-701
-709
-673
-638
-646
-706
-796
-872
-922
-952
-967
-983
-1026
-1112
-1221
-1317
-1358
-1343
-1311
-1318
-1389
-1474
-1515
-1488
-1419
-1355
-1317
-1294
-1252
-1184
-1094
-995
-883
-759
-627
-506
-407
-320
-215
-67
102
250
341
391
446
534
646
738
781
786
782
804
845
896
920
912
885
874
895
927
955
968
975
977
984
1005
1044
1088
1127
1167
1206
1210
1194
1199
1257
1313
1306
1235
1162
1124
1107
1084
1036
959
828
672
545
490
453
353
188
26
-80
-156
-227
-286
-321
-362
-438
-532
-597
-608
-596
-597
-616
-648
-687
-731
-747
-712
-654
-637
-686
-759
-815
-834
-833
-835
-866
-925
-999
-1071
-1116
-1139
-1150
-1174
-1209
-1242
-1272
-1289
-1285
-1255
-1221
-1196
-1175
-1143
-1085
-999
-892
-789
-704
-640
-568
-461
-319
-188
-89
-15
70
179
295
401
492
573
632
682
729
781
829
875
921
951
967
967
969
988
1026
1062
1071
1054
1025
1012
1021
1047
1068
1067
1046
1024
1007
997
999
1022
1037
1014
955
898
860
846
845
834
782
672
533
432
403
399
353
243
108
-16
-108
-158
-168
-171
-216
-308
-401
-447
-459
-463
-470
-484
-515
-573
-633
-659
-643
-617
-624
-667
-719
-758
-783
-784
-764
-750
-774
-833
-895
-930
-930
-920
-916
-942
-994
-1054
-1088
-1089
-1066
-1048
-1060
-1089
-1108
-1097
-1050
-980
-911
-863
-829
-783
-706
-601
-485
-384
-292
-193
-87
19
128
250
382
495
575
637
706
785
866
941
1003
1044
1057
1053
1057
1091
1129
1138
1116
1087
1055
1028
1012
1008
1002
974
923
865
829
819
825
829
819
786
748
716
699
689
670
644
608
563
513
473
439
400
350
286
217
141
67
5
-33
-61
-102
-167
-239
-295
-333
-358
-381
-408
-452
-505
-548
-573
-579
-580
-588
-612
-641
-660
-660
-654
-663
-685
-716
-745
-772
-796
-819
-851
-889
-942
-1001
-1052
-1086
-1110
-1131
-1150
-1174
-1196
-1209
-1200
-1162
-1104
-1041
-985
-925
-858
-767
-646
-506
-373
-263
-172
-74
50
194
340
467
568
653
730
808
887
968
1028
1065
1090
1107
1112
1110
1116
1127
1124
1097
1063
1034
1004
979
953
926
888
846
814
792
778
766
755
732
697
668
637
608
577
551
521
477
417
350
292
238
183
123
63
2
-55
-108
-164
-213
-244
-271
-310
-351
-371
-374
-376
-379
-374
-372
-374
-380
-381
-374
-363
-359
-367
-370
-357
-343
-356
-394
-431
-454
-484
-531
-581
-636
-698
-773
-847
-909
-962
-1017
-1074
-1126
-1163
-1187
-1203
-1210
-1202
-1169
-1126
-1084
-1029
-948
-852
-751
-641
-519
-396
-279
-159
-28
106
230
347
462
566
646
731
822
895
935
967
1000
1023
1031
1032
1031
1015
997
977
948
924
904
868
822
792
771
736
695
677
666
630
581
560
562
540
498
477
471
436
384
346
327
297
240
186
155
134
88
32
-2
-6
-27
-81
-141
-159
-143
-146
-158
-147
-128
-146
-177
-165
-120
-94
-107
-120
-105
-83
-87
-96
-92
-90
-107
-139
-178
-217
-260
-319
-378
-432
-500
-584
-676
-765
-839
-902
-967
-1030
-1095
-1158
-1197
-1204
-1202
-1214
-1214
-1182
-1134
-1085
-1025
-941
-846
-760
-672
-563
-439
-324
-222
-114
1
115
214
304
394
492
577
632
671
713
757
786
809
830
841
836
815
803
802
793
771
755
737
706
670
645
639
641
630
600
565
547
544
535
528
519
501
467
427
400
394
386
353
310
274
236
191
151
136
137
125
85
39
22
14
11
13
28
37
24
-5
-14
12
39
44
32
22
5
-17
-29
-26
-25
-43
-91
-144
-189
-237
-303
-370
-425
-488
-572
-664
-748
-818
-882
-949
-1012
-1071
-1123
-1166
-1190
-1201
-1203
-1192
-1171
-1143
-1102
-1051
-986
-902
-807
-712
-613
-509
-410
-317
-211
-91
24
129
222
315
408
481
535
590
645
683
703
724
750
767
766
760
760
755
731
707
703
703
691
668
649
641
636
626
611
605
606
600
590
587
593
592
572
544
527
506
485
467
445
403
357
316
279
244
204
167
133
100
63
33
12
-1
-14
-30
-45
-55
-60
-76
-88
-86
-86
-106
-132
-142
-140
-151
-177
-201
-225
-262
-305
-353
-399
-449
-514
-588
-661
-730
-802
-868
-935
-1001
-1060
-1113
-1155
-1186
-1198
-1201
-1201
-1191
-1162
-1119
-1073
-1015
-940
-857
-776
-689
-589
-489
-384
-278
-175
-77
18
115
209
294
373
449
517
565
605
645
674
696
722
748
761
765
764
768
777
787
790
788
790
794
791
793
803
816
819
810
800
800
802
793
783
781
770
738
700
670
643
606
558
506
458
411
358
300
244
195
146
91
39
-2
-35
-67
-101
-127
-148
-173
-199
-220
-231
-236
-243
-258
-276
-298
-318
-340
-363
-386
-415
-449
-491
-535
-579
-620
-666
-718
-773
-829
-884
-935
-983
-1028
-1064
-1092
-1117
-1136
-1142
-1137
-1129
-1112
-1083
-1041
-994
-941
-879
-810
-730
-642
-554
-469
-381
-287
-195
-106
-16
75
156
234
311
385
454
523
592
653
701
742
782
819
857
892
922
941
949
959
972
987
989
987
981
967
953
937
920
904
885
865
837
807
778
748
712
668
625
580
531
477
431
388
336
275
218
164
111
61
17
-27
-73
-115
-155
-192
-225
-247
-272
-301
-324
-345
-368
-391
-406
-421
-438
-457
-479
-503
-527
-547
-562
-581
-607
-634
-655
-673
-697
-725
-754
-777
-797
-816
-834
-851
-865
-877
-879
-875
-865
-853
-836
-811
-780
-741
-695
-644
-594
-540
-483
-417
-346
-273
-205
-134
-54
22
93
165
242
312
371
428
489
547
595
637
681
721
754
777
800
824
846
858
866
876
885
887
882
877
876
871
858
842
824
806
782
755
731
705
671
633
599
567
525
474
424
381
337
288
237
184
131
74
23
-23
-65
-111
-164
-212
-249
-282
-315
-344
-369
-393
-417
-440
-457
-468
-478
-487
-495
-501
-510
-520
-532
-540
-549
-555
-565
-583
-601
-616
-627
-640
-651
-664
-679
-693
-705
-710
-710
-713
-714
-714
-708
-693
-671
-648
-622
-589
-553
-517
-478
-431
-378
-323
-266
-205
-141
-79
-16
45
109
173
235
293
346
397
445
492
538
581
614
643
668
694
717
737
753
767
775
778
777
774
771
767
757
745
733
718
701
684
665
644
616
587
559
531
501
468
431
389
346
306
266
222
180
133
87
41
1
-36
-73
-109
-147
-183
-216
-245
-272
-295
-316
-335
-354
-373
-389
-399
-406
-413
-418
-424
-430
-439
-445
-447
-448
-455
-466
-473
-477
-484
-492
-499
-503
-508
-515
-525
-532
-533
-531
-532
-532
-526
-517
-508
-494
-473
-449
-423
-400
-372
-336
-298
-261
-220
-176
-134
-90
-47
-1
48
96
142
187
227
264
299
333
373
412
442
465
486
506
525
543
559
571
577
578
577
577
576
570
562
553
543
526
508
490
475
458
437
414
388
361
336
311
287
258
228
195
162
129
101
74
43
13
-18
-46
-73
-96
-115
-134
-153
-177
-200
-218
-233
-244
-256
-266
-274
-283
-291
-298
-301
-303
-305
-306
-308
-312
-316
-318
-318
-317
-319
-324
-328
-331
-331
-331
-331
-331
-335
-340
-342
-341
-338
-333
-330
-327
-321
-313
-301
-289
-273
-256
-238
-219
-197
-174
-148
-120
-91
-62
-32
-3
26
55
89
125
156
183
207
231
256
283
309
332
351
368
381
394
406
415
420
424
424
424
421
416
410
405
399
387
373
362
348
333
319
307
292
274
255
239
224
205
185
162
136
110
88
68
49
26
1
-23
-46
-67
-85
-103
-118
-133
-150
-165
-178
-188
-197
-206
-213
-221
-229
-236
-239
-239
-238
-238
-240
-242
-242
-243
-244
-243
-239
-239
-243
-245
-250
-254
-256
-257
-261
-266
-271
-276
-279
-279
-273
-273
-272
-267
-260
-249
-236
-221
-203
-184
-167
-147
-124
-100
-72
-46
-17
10
39
63
89
115
143
168
189
211
230
249
266
281
295
308
316
321
327
332
337
340
343
345
345
339
335
333
331
325
317
308
301
290
278
267
257
245
231
215
201
187
170
151
133
112
92
69
48
30
10
-11
-35
-56
-77
-95
-112
-129
-146
-160
-173
-185
-194
-203
-210
-216
-223
-229
-233
-236
-240
-243
-244
-242
-243
-246
-249
-251
-250
-251
-254
-258
-259
-259
-261
-262
-262
-262
-263
-267
-264
-261
-255
-250
-245
-238
-230
-220
-207
-190
-172
-155
-140
-123
-102
-80
-57
-35
-12
11
33
54
75
97
119
139
159
177
195
209
222
235
250
264
275
286
294
303
309
318
326
333
336
337
337
337
339
340
337
332
325
318
308
301
294
286
274
260
246
231
220
204
187
167
146
127
106
85
66
46
27
6
-13
-33
-51
-69
-85
-100
-114
-130
-145
-158
-170
-179
-189
-200
-210
-221
-230
-239
-246
-250
-253
-258
-263
-267
-270
-274
-276
-277
-280
-284
-288
-292
-293
-294
-292
-292
-292
-289
-284
-278
-271
-264
-254
-245
-236
-225
-213
-197
-183
-169
-154
-137
-120
-101
-83
-63
-42
-24
-6
13
34
55
75
95
116
136
155
172
188
205
223
239
253
265
277
290
302
313
323
332
336
341
346
350
354
354
352
347
344
340
335
330
322
312
302
290
279
266
251
233
212
193
172
154
133
112
89
64
41
21
0
-20
-41
-61
-80
-100
-121
-139
-154
-169
-183
-198
-212
-225
-240
-253
-263
-274
-283
-295
-305
-311
-316
-323
-328
-330
-334
-337
-339
-339
-337
-334
-332
-328
-324
-319
-312
-304
-293
-281
-270
-258
-244
-228
-208
-188
-169
-149
-128
-108
-87
-64
-40
-17
9
32
56
80
104
128
152
178
202
222
240
259
278
298
317
331
343
354
364
374
384
391
397
399
398
396
395
393
391
386
379
370
358
345
334
322
309
293
276
257
239
220
200
181
157
131
107
81
57
31
5
-21
-48
-75
-102
-127
-150
-168
-192
-214
-235
-255
-273
-291
-305
-320
-335
-349
-361
-370
-376
-379
-382
-386
-389
-389
-387
-385
-381
-376
-370
-366
-359
-353
-342
-332
-322
-311
-299
-288
-275
-260
-245
-230
-215
-200
-181
-161
-140
-119
-98
-75
-53
-29
-6
16
39
62
85
109
132
153
174
194
215
236
256
274
290
305
320
335
350
364
375
386
391
397
401
405
407
407
404
397
390
383
375
368
356
344
327
312
299
284
269
251
232
211
191
169
147
126
104
80
57
34
13
-9
-31
-53
-74
-95
-116
-135
-155
-172
-189
-205
-220
-235
-249
-262
-274
-286
-294
-302
-310
-316
-322
-327
-328
-328
-329
-328
-327
-327
-324
-317
-309
-303
-298
-291
-283
-273
-261
-250
-240
-228
-216
-202
-187
-171
-155
-139
-124
-107
-89
-71
-54
-36
-18
-1
18
37
54
72
90
108
127
146
162
178
194
209
225
239
250
261
272
282
292
299
306
309
314
316
315
313
312
307
301
295
287
277
269
259
248
237
224
211
196
181
166
149
132
115
97
81
63
44
29
12
-5
-23
-40
-57
-75
-90
-105
-120
-136
-151
-163
-173
-182
-193
-203
-213
-221
-228
-234
-237
-242
-244
-249
-253
-254
-254
-253
-250
-250
-246
-245
-242
-238
-232
-224
-218
-212
-206
-200
-191
-179
-169
-158
-149
-138
-128
-117
-103
-91
-78
-65
-52
-40
-27
-13
4
18
33
49
60
71
85
102
118
133
144
155
168
180
193
206
217
226
234
241
248
256
262
267
271
273
274
273
271
269
268
263
256
247
238
227
219
210
199
186
173
160
147
132
117
103
88
73
58
42
26
11
-4
-18
-32
-48
-62
-76
-89
-102
-113
-125
-137
-148
-158
-167
-175
-182
-190
-197
-203
-211
-217
-219
-221
-223
-225
-226
-227
-228
-224
-220
-214
-210
-205
-200
-194
-186
-179
-173
-166
-160
-152
-145
-138
-128
-120
-112
-105
-96
-87
-78
-67
-56
-46
-36
-27
-17
-4
8
19
31
41
54
65
77
89
102
112
121
130
139
149
161
169
175
182
185
191
194
196
199
201
200
199
199
198
194
191
186
180
173
165
159
152
146
137
130
122
113
104
95
85
75
66
57
47
37
26
16
7
-3
-13
-23
-34
-43
-51
-59
-69
-78
-86
-96
-102
-109
-114
-118
-124
-129
-133
-136
-142
-145
-146
-148
-147
-149
-149
-149
-148
-146
-143
-140
-136
-134
-132
-130
-124
-120
-113
-107
-102
-96
-89
-82
-74
-68
-61
-55
-49
-42
-35
-26
-20
-14
-8
-1
7
17
25
31
38
47
55
62
70
77
84
90
95
100
104
110
114
119
121
123
124
125
126
126
127
126
126
123
121
119
116
114
109
106
101
96
92
87
83
81
76
70
61
56
50
45
41
35
27
20
15
9
4
0
-8
-16
-24
-31
-36
-40
-44
-51
-57
-63
-68
-72
-75
-78
-83
-86
-90
-93
-96
-97
-98
-101
-105
-106
-106
-106
-107
-105
-103
-103
-100
-101
-100
-98
-95
-92
-89
-86
-83
-82
-79
-75
-70
-67
-63
-61
-57
-51
-44
-37
-33
-29
-23
-19
-12
-6
1
6
11
18
24
30
35
44
49
56
60
66
70
73
78
83
87
90
93
98
101
104
105
105
105
106
107
104
104
104
104
102
101
98
96
93
89
85
81
77
73
69
65
61
57
53
49
45
40
36
31
26
21
15
9
3
-4
-10
-15
-21
-27
-32
-38
-42
-48
-53
-58
-65
-70
-74
-77
-79
-84
-87
-91
-95
-98
-97
-97
-97
-97
-97
-98
-97
-95
-94
-91
-89
-87
-85
-83
-82
-79
-77
-74
-70
-66
-62
-59
-55
-51
-45
-41
-36
-30
-24
-20
-15
-9
-6
3
7
12
18
25
31
38
45
51
56
59
64
69
73
79
83
86
90
92
94
97
98
98
97
96
96
95
93
92
91
87
84
81
78
77
74
71
68
65
59
55
50
48
43
40
36
32
27
21
16
10
3
-3
-9
-15
-21
-24
-29
-34
-39
-45
-52
-57
-59
-62
-65
-69
-73
-76
-79
-83
-86
-88
-88
-91
-92
-93
-94
-95
-96
-95
-94
-94
-92
-91
-88
-84
-81
-79
-76
-72
-69
-66
-62
-59
-54
-49
-45
-40
-36
-31
-25
-18
-13
-8
0
4
10
15
20
26
32
37
42
48
54
59
64
69
73
77
81
86
90
95
98
101
104
104
105
105
106
107
105
104
103
101
100
96
93
89
85
80
75
72
68
64
58
52
47
41
37
32
27
22
16
10
4
0
-4
-9
-14
-20
-27
-30
-35
-40
-43
-49
-54
-61
-65
-68
-71
-75
-79
-83
-87
-90
-93
-95
-95
-96
-96
-96
-97
-98
-98
-97
-94
-91
-90
-88
-88
-85
-80
-78
-77
-74
-71
-68
-62
-58
-52
-47
-43
-39
-33
-27
-22
-18
-11
-8
-3
3
9
15
22
28
33
39
45
49
56
60
66
72
75
78
80
82
85
87
90
92
93
93
93
94
94
94
94
93
92
88
87
84
80
76
72
68
64
61
57
51
45
41
36
32
27
24
19
14
10
6
1
-4
-10
-15
-20
-24
-28
-34
-39
-44
-48
-50
-54
-57
-61
-64
-65
-67
-70
-72
-74
-76
-77
-77
-77
-77
-77
-75
-76
-75
-74
-74
-71
-71
-69
-67
-65
-63
-60
-59
-55
-53
-49
-47
-43
-39
-35
-31
-27
-22
-18
-13
-8
-3
3
9
13
15
22
27
31
36
40
44
49
53
56
60
62
65
66
67
68
71
72
74
76
77
77
76
75
75
74
71
70
70
68
64
59
56
54
51
48
46
43
41
36
32
28
24
20
16
10
7
3
-2
-4
-8
-13
-16
-20
-24
-27
-31
-34
-38
-40
-42
-46
-47
-51
-54
-56
-58
-58
-60
-60
-61
-63
-66
-66
-67
-66
-66
-66
-66
-64
-64
-64
-62
-60
-57
-55
-53
-51
-49
-47
-43
-39
-37
-33
-30
-25
-22
-19
-15
-11
-7
-4
0
4
8
12
17
21
24
28
32
36
41
43
47
50
52
55
57
59
61
63
63
64
65
65
66
66
67
64
62
61
60
57
56
54
51
49
45
42
40
38
35
32
30
28
25
22
20
17
13
10
7
5
3
-1
-3
-5
-9
-12
-14
-18
-19
-21
-24
-25
-27
-31
-33
-34
-36
-39
-39
-42
-43
-44
-46
-46
-46
-45
-46
-46
-47
-48
-49
-48
-47
-47
-48
-47
-47
-47
-46
-44
-44
-42
-40
-38
-36
-34
-31
-28
-27
-24
-21
-20
-17
-13
-11
-7
-3
-1
2
5
10
13
15
18
22
25
26
27
31
34
37
37
39
42
44
46
47
48
49
49
50
49
50
49
47
47
44
45
43
42
41
38
37
35
33
30
29
26
23
21
18
16
15
14
11
10
8
6
2
1
-1
-2
-4
-6
-8
-9
-11
-13
-14
-15
-16
-17
-20
-22
-23
-24
-24
-26
-27
-28
-29
-31
-31
-33
-32
-33
-35
-35
-37
-37
-38
-39
-39
-39
-39
-39
-39
-38
-37
-37
-36
-35
-32
-32
-31
-30
-29
-26
-24
-22
-21
-19
-15
-13
-10
-8
-5
-1
1
3
8
11
14
17
19
22
25
28
31
32
35
37
39
41
43
45
46
46
46
46
46
46
45
45
46
45
43
42
41
40
38
36
35
33
30
29
26
23
20
20
17
15
13
10
8
5
3
1
-1
-3
-5
-6
-9
-10
-10
-10
-12
-12
-15
-16
-18
-20
-21
-23
-24
-26
-28
-29
-32
-34
-35
-37
-38
-38
-41
-41
-41
-41
-42
-43
-43
-45
-45
-45
-45
-44
-44
-44
-45
-44
-43
-41
-40
-37
-36
-34
-31
-28
-25
-21
-18
-15
-12
-9
-6
-2
1
5
9
12
16
18
22
26
29
32
35
38
42
43
46
49
50
52
52
54
54
55
56
57
56
56
56
54
53
52
50
49
48
45
42
41
36
33
30
28
25
22
20
17
14
14
11
9
7
4
4
3
-1
-2
-4
-5
-8
-9
-11
-14
-16
-18
-20
-23
-25
-27
-29
-30
-31
-34
-37
-39
-41
-42
-43
-45
-47
-47
-50
-51
-52
-53
-54
-54
-56
-56
-55
-54
-52
-52
-50
-49
-47
-44
-43
-41
-39
-36
-32
-30
-26
-22
-20
-17
-12
-9
-5
-1
4
8
13
17
21
24
28
33
34
38
41
44
46
46
49
51
52
53
55
56
56
56
55
55
55
56
55
53
52
52
50
48
46
43
40
37
35
34
30
28
25
22
21
17
13
10
6
4
1
-2
-3
-6
-8
-9
-11
-13
-16
-17
-19
-21
-22
-23
-25
-26
-27
-30
-32
-35
-36
-38
-41
-43
-45
-46
-46
-48
-49
-48
-48
-48
-49
-48
-47
-46
-46
-45
-46
-44
-43
-40
-38
-35
-33
-31
-30
-28
-24
-22
-18
-16
-13
-10
-7
-5
-2
3
5
9
11
14
18
22
26
29
31
35
37
41
43
45
47
48
51
52
53
53
53
53
53
53
51
50
48
47
48
45
43
41
38
36
32
31
29
27
25
22
20
17
15
12
10
9
7
5
4
1
-1
-2
-3
-4
-6
-7
-9
-11
-12
-15
-16
-19
-20
-21
-24
-25
-27
-29
-31
-31
-33
-34
-35
-37
-39
-41
-41
-43
-42
-44
-44
-45
-47
-47
-46
-45
-44
-44
-43
-43
-43
-41
-39
-38
-36
-34
-32
-30
-29
-25
-22
-20
-16
-13
-9
-6
-4
1
3
7
11
14
17
21
23
26
30
33
35
37
42
42
44
45
45
45
46
45
47
46
46
45
44
44
44
44
43
41
40
38
36
35
31
31
28
28
25
23
23
21
20
17
14
12
10
8
5
2
-1
-3
-3
-5
-7
-9
-10
-11
-14
-14
-16
-17
-18
-21
-22
-23
-24
-24
-26
-27
-29
-31
-33
-35
-35
-36
-38
-38
-38
-38
-39
-40
-41
-40
-41
-41
-39
-39
-38
-37
-37
-36
-35
-33
-32
-29
-27
-26
-23
-21
-17
-14
-11
-8
-4
-2
2
5
8
11
15
18
21
24
27
29
31
34
38
41
43
45
46
45
46
47
49
49
50
49
49
48
47
45
45
43
43
40
37
36
35
34
31
28
24
23
22
17
15
12
9
5
3
1
-1
-3
-4
-7
-9
-10
-11
-13
-16
-17
-19
-21
-23
-25
-25
-28
-31
-31
-34
-35
-35
-35
-36
-37
-38
-39
-39
-41
-41
-41
-41
-42
-41
-41
-40
-40
-40
-40
-40
-37
-36
-35
-35
-33
-31
-29
-28
-25
-23
-23
-20
-17
-13
-12
-9
-6
-3
0
3
5
10
12
15
17
21
25
27
29
31
33
35
36
39
40
41
42
42
44
45
45
45
45
46
46
46
46
45
45
43
41
41
39
37
34
32
30
29
27
26
23
20
17
15
13
10
7
5
0
-3
-5
-7
-10
-11
-12
-14
-16
-19
-20
-21
-23
-24
-24
-26
-26
-26
-26
-26
-27
-28
-30
-30
-29
-29
-30
-30
-30
-31
-30
-30
-29
-30
-30
-29
-31
-30
-29
-28
-27
-26
-24
-22
-21
-19
-17
-17
-17
-15
-15
-14
-13
-10
-9
-8
-6
-4
-2
0
2
6
7
8
10
13
15
16
18
20
21
21
23
25
25
27
28
30
29
30
32
33
33
32
31
31
31
32
31
30
29
27
27
26
24
23
20
20
19
17
15
12
11
8
6
2
-1
-2
-3
-6
-6
-10
-12
-12
-12
-14
-15
-15
-16
-17
-17
-18
-19
-19
-19
-20
-19
-21
-21
-20
-21
-21
-21
-20
-19
-19
-19
-20
-20
-20
-19
-18
-18
-19
-19
-19
-19
-19
-19
-18
-18
-18
-18
-16
-15
-14
-13
-13
-12
-11
-11
-10
-8
-6
-5
-5
-2
0
2
4
4
6
9
10
13
15
16
18
19
21
22
23
26
26
26
27
27
27
28
28
28
30
29
29
30
29
30
29
27
27
26
24
25
23
22
22
21
20
18
15
14
12
10
10
8
6
4
2
-1
-3
-4
-6
-8
-10
-11
-13
-12
-15
-15
-16
-17
-17
-19
-18
-18
-20
-20
-21
-22
-23
-22
-23
-24
-23
-23
-23
-21
-22
-22
-23
-24
-24
-24
-24
-23
-23
-23
-23
-22
-22
-20
-21
-19
-18
-19
-19
-16
-14
-14
-13
-11
-9
-8
-6
-5
-3
-3
-1
0
2
5
7
9
10
12
14
16
17
17
20
20
23
24
25
26
26
26
26
27
28
29
27
27
28
28
29
27
25
24
22
21
20
17
14
16
13
12
11
10
7
6
5
3
2
0
-1
-3
-4
-4
-4
-6
-6
-7
-8
-8
-9
-10
-9
-10
-9
-10
-10
-11
-11
-13
-13
-13
-13
-15
-14
-15
-14
-15
-15
-14
-14
-14
-15
-15
-17
-14
-15
-14
-15
-15
-15
-16
-16
-16
-15
-13
-13
-14
-12
-12
-10
-9
-8
-7
-7
-6
-4
-3
-2
0
1
1
2
2
5
6
9
10
11
13
15
16
16
17
18
19
19
20
21
22
22
23
24
24
24
23
24
23
24
22
21
20
21
19
18
16
16
15
15
13
11
9
7
6
4
3
1
0
-2
-2
-4
-5
-6
-7
-6
-7
-8
-10
-10
-12
-12
-14
-14
-13
-14
-13
-15
-16
-15
-17
-17
-17
-17
-18
-17
-18
-18
-19
-20
-20
-21
-22
-24
-24
-24
-23
-22
-23
-23
-22
-22
-20
-19
-18
-18
-15
-15
-14
-14
-12
-12
-10
-7
-6
-6
-3
-2
1
3
4
5
8
10
12
13
14
17
18
20
21
23
23
25
25
26
26
27
27
27
27
29
28
28
27
27
27
25
26
23
23
22
21
21
20
19
20
18
17
16
14
12
11
10
9
6
5
3
3
0
-2
-4
-6
-7
-8
-9
-9
-12
-13
-13
-13
-13
-13
-14
-16
-17
-17
-16
-18
-18
-18
-19
-20
-20
-20
-21
-21
-21
-22
-21
-20
