-3
-1
0
2
3
5
5
5
5
4
4
5
5
6
7
8
8
9
7
8
8
9
10
10
11
12
11
11
11
12
10
9
8
8
6
5
5
3
3
1
1
0
0
1
-1
-1
-1
-2
-3
-5
-6
-6
-7
-7
-6
-5
-7
-5
-5
-4
-2
-1
-2
-1
-1
-1
-1
-3
-3
-2
-3
-3
-4
-2
-2
-3
-2
-3
-1
-2
-1
-2
-3
-2
-3
-2
-3
-3
-4
-4
-5
-5
-5
-5
-5
-4
-4
-4
-4
-2
-2
0
1
1
2
4
5
5
6
5
5
4
4
3
3
3
4
4
4
4
4
3
3
1
1
0
0
0
0
-1
0
1
1
1
0
0
0
-1
-3
-2
-2
-2
-1
0
0
2
0
1
1
1
-1
0
-1
-1
-2
-3
-3
-5
-5
-6
-5
-4
-6
-5
-5
-5
-6
-7
-6
-6
-5
-4
-3
-2
-3
-2
-1
0
1
0
0
1
0
1
0
1
2
4
5
6
6
7
7
7
7
6
4
5
7
6
6
7
6
7
7
8
6
7
7
8
7
7
7
5
6
5
4
4
5
4
4
3
4
4
3
2
0
-1
-2
-2
-3
-3
-3
-3
-3
-3
-4
-5
-6
-5
-6
-5
-7
-6
-7
-7
-6
-6
-6
-6
-6
-6
-6
-6
-5
-5
-5
-5
-3
-3
-2
-2
-1
-2
-2
-2
-2
-1
0
0
-1
-1
1
1
2
2
4
4
5
5
5
5
5
5
5
3
2
2
2
2
2
2
1
1
-1
1
-1
-1
-1
-1
-1
-2
-3
-3
-4
-5
-5
-4
-4
-4
-5
-4
-4
-5
-5
-4
-5
-5
-5
-5
-4
-3
-2
0
1
1
2
2
2
2
3
1
2
2
2
2
3
2
2
3
2
2
3
3
4
4
5
4
3
3
3
3
2
3
2
3
2
3
3
3
3
3
2
3
1
1
0
0
0
0
1
0
-1
-2
-1
-1
-1
0
0
1
1
0
0
1
2
1
2
1
1
1
0
0
-1
0
-1
0
0
1
1
3
2
1
3
4
5
4
2
1
0
-1
-1
-2
-4
-4
-4
-4
-3
-4
-6
-7
-5
-4
-4
-3
-4
-4
-2
2
2
0
-1
-2
-3
-2
0
-1
-3
0
1
1
0
-1
-3
-4
-2
-2
0
0
2
2
1
1
3
5
3
1
0
1
4
3
0
-1
1
3
2
1
-1
-1
0
1
2
2
3
6
6
1
-1
-2
-1
0
0
0
-2
-2
-1
-2
-7
-8
-8
-7
-8
-9
-8
-5
-2
-1
-3
-6
-5
-5
-5
-4
-2
-1
1
4
4
2
1
-1
-1
-2
-2
-3
-6
-2
2
0
-1
2
-1
-3
0
3
1
0
1
6
7
8
9
7
8
12
12
9
9
10
7
4
1
-1
1
5
7
6
5
5
0
-1
1
3
4
9
11
10
7
11
14
9
1
-1
2
5
6
6
2
0
3
3
-2
-4
-1
-1
-1
1
-1
-6
-9
-5
-2
-4
-4
-1
0
-3
-6
-7
-2
-1
-4
-8
-8
-6
-7
-6
-7
-12
-15
-9
-2
1
1
0
-2
-3
-1
-1
-5
-5
-1
2
-2
-7
-10
-9
-9
-9
-6
-6
-9
-4
2
-2
-10
-11
-8
-5
-2
-2
0
2
6
7
2
-2
-2
0
0
-2
0
1
1
-1
-2
-1
-3
-5
-3
-2
-5
-4
2
7
5
-1
3
9
10
7
7
9
7
2
2
2
-2
1
9
6
3
5
3
-5
-5
3
5
4
5
7
-1
-6
-6
-8
-14
-15
-9
-1
6
5
0
-5
-6
-7
-2
5
6
4
3
6
2
-5
-5
-2
-2
13
48
31
-4
-15
-14
-18
-29
-19
-7
1
18
52
59
23
-14
-23
-29
-29
-20
-7
10
21
11
4
6
2
-6
-8
-2
0
9
24
22
2
-13
-7
-1
4
15
18
11
11
20
12
-8
-15
-8
-2
0
6
10
4
-2
-3
1
0
-3
-7
-9
-1
5
8
2
-5
-14
-14
-6
-3
-6
-12
-11
-9
-7
-4
-10
-18
-15
-1
5
2
2
3
0
-3
2
9
8
7
14
20
16
10
4
-4
-8
-6
-2
1
3
3
1
-3
-10
-18
-23
-26
-26
-22
-18
-13
-9
-4
-2
2
7
9
11
7
5
4
7
6
2
1
3
6
13
15
10
5
2
2
-2
-4
-5
-7
-5
1
4
-1
-7
-9
-8
-10
-11
-13
-13
-10
-6
1
2
0
-3
-3
0
2
2
1
4
7
9
12
15
17
15
15
16
16
15
12
8
1
-3
-5
-6
-3
5
8
6
1
-7
-18
-24
-26
-23
-22
-19
-11
-6
-3
-5
-6
-5
1
12
21
27
32
38
36
29
23
19
14
12
11
7
7
9
14
16
14
9
-1
-4
-3
-6
-9
-10
-12
-14
-17
-18
-20
-20
-16
-9
-7
-8
-2
-1
-7
-9
-11
-13
-9
0
7
10
12
9
3
-1
-1
0
2
4
6
6
5
1
-3
-5
-6
-7
-5
-3
-1
-3
-6
-9
-15
-19
-16
-9
-1
6
12
18
20
17
10
7
6
7
9
11
9
8
8
2
-4
-5
-2
-1
1
2
2
-4
-13
-23
-28
-29
-25
-16
-6
2
6
10
11
8
1
-7
-8
-7
-6
-3
0
1
0
-5
-11
-15
-14
-4
4
10
12
10
5
-2
-5
-6
-5
-2
2
7
4
3
4
4
1
-1
-1
3
4
5
4
5
7
11
15
20
20
18
17
16
11
6
-1
-5
-7
-7
-3
-2
-2
-3
-8
-14
-18
-18
-18
-15
-6
2
10
14
15
12
1
-6
-6
1
9
17
23
20
17
11
1
-7
-11
-9
-5
1
9
15
14
8
2
-5
-10
-14
-10
-3
0
-2
-6
-8
-9
-12
-12
-11
-7
-1
6
14
18
20
15
4
-2
0
9
17
19
18
15
9
6
3
-4
-13
-20
-22
-21
-22
-23
-23
-19
-14
-4
5
11
13
4
-6
-17
-24
-24
-20
-15
-7
4
16
24
26
22
9
-7
-18
-23
-26
-25
-16
-2
12
17
18
15
11
14
19
22
22
15
3
-13
-28
-43
-50
-41
-24
0
21
34
32
21
9
-5
-16
-18
-11
1
12
18
18
12
4
-1
-2
-4
-2
-1
-2
-12
-20
-24
-27
-30
-34
-35
-25
-7
10
26
32
27
22
19
16
14
10
5
-1
-9
-13
-12
-14
-12
-7
-2
6
14
17
14
8
4
0
0
-1
-1
1
1
1
-3
-13
-26
-35
-36
-28
-13
2
20
32
37
30
13
-8
-28
-33
-23
-8
16
42
65
81
78
59
38
10
-12
-21
-18
-12
-5
-3
-7
-12
-10
3
18
30
30
16
-3
-27
-46
-53
-54
-44
-21
11
39
50
43
29
8
-15
-34
-45
-47
-47
-40
-25
-5
14
27
35
32
26
21
14
3
-15
-34
-52
-65
-73
-66
-44
-17
13
38
48
51
42
21
-2
-27
-44
-42
-15
18
47
62
55
30
-1
-25
-36
-26
-3
14
26
20
9
1
-3
0
7
21
34
40
36
26
5
-18
-26
-24
-11
7
19
17
-5
-30
-62
-85
-87
-62
-20
28
64
77
63
26
-21
-59
-78
-72
-45
-5
39
67
76
58
23
-19
-56
-75
-69
-43
-14
14
26
34
30
19
5
-3
-1
6
19
39
44
33
11
-20
-42
-48
-35
-10
16
28
27
19
1
-17
-31
-35
-32
-16
8
27
41
41
31
10
-13
-23
-20
-2
21
39
44
34
14
-8
-14
-5
10
34
52
54
41
9
-26
-52
-69
-69
-55
-34
-6
20
32
31
22
15
13
19
28
37
45
49
48
37
20
-4
-34
-63
-84
-93
-82
-60
-37
-14
1
4
0
-5
-12
-19
-18
-13
-5
-1
-4
-13
-25
-30
-24
-5
24
52
75
78
60
30
-4
-24
-37
-35
-23
-9
1
4
5
6
10
21
29
35
29
15
4
-3
-5
-4
-2
3
8
18
36
52
62
69
63
41
2
-41
-75
-100
-108
-89
-56
-15
28
61
67
50
21
-11
-35
-53
-62
-53
-34
-19
-12
-14
-14
-9
-5
-1
0
-2
-9
-20
-29
-29
-17
4
21
30
33
33
35
33
32
38
43
46
43
21
-1
-15
-28
-43
-45
-35
-19
-1
16
24
14
-2
-15
-18
-7
20
51
70
69
49
16
-11
-29
-38
-32
-20
-6
14
30
36
30
15
3
-6
-10
-10
-8
-6
-14
-29
-46
-59
-61
-54
-50
-42
-22
-3
9
10
6
1
-4
-5
0
14
32
49
54
47
25
-10
-49
-87
-110
-109
-89
-56
-15
13
29
33
23
17
26
47
66
77
86
82
61
37
18
12
20
37
49
49
48
45
30
5
-14
-16
-4
8
10
1
-9
-24
-41
-54
-50
-34
-14
8
19
18
7
-5
-15
-21
-14
3
15
23
22
10
-5
-27
-46
-55
-61
-67
-66
-58
-45
-31
-22
-19
-18
-6
7
19
39
58
70
70
61
50
32
11
-6
-24
-36
-39
-32
-30
-23
-16
-9
-1
12
23
35
48
45
38
25
10
-1
-7
-7
-7
-3
-3
-3
-4
-12
-19
-24
-29
-23
-6
5
2
-5
-10
-17
-18
-10
1
12
25
28
15
-2
-18
-31
-45
-53
-45
-26
-8
9
20
23
15
9
7
2
1
6
7
14
13
7
5
-2
-8
-10
-10
-7
2
7
14
10
3
-6
-17
-24
-27
-24
-14
-1
15
27
31
33
36
29
25
26
34
46
54
61
62
55
43
24
2
-16
-27
-33
-44
-53
-52
-46
-42
-36
-32
-29
-21
-13
-7
2
14
24
26
27
25
25
22
15
2
-14
-29
-44
-61
-75
-79
-77
-71
-61
-49
-30
-11
1
7
11
13
17
25
34
38
46
54
57
53
41
35
33
28
21
23
27
33
30
28
28
21
13
9
7
6
6
9
4
-3
-10
-12
-14
-6
6
18
32
41
43
39
29
12
-6
-29
-49
-64
-72
-70
-68
-61
-48
-38
-24
-6
16
37
51
61
58
49
34
17
-3
-17
-29
-40
-46
-47
-49
-50
-51
-57
-61
-67
-68
-67
-66
-60
-50
-35
-27
-17
-2
10
25
36
47
54
59
60
54
49
43
35
26
17
9
1
-2
-13
-20
-26
-32
-38
-42
-40
-37
-29
-16
-1
26
51
77
105
128
146
153
152
139
123
102
74
50
26
3
-20
-37
-47
-58
-60
-61
-57
-50
-42
-34
-30
-32
-38
-48
-59
-72
-82
-86
-87
-87
-79
-69
-58
-53
-54
-57
-65
-73
-80
-90
-95
-100
-100
-96
-89
-78
-65
-48
-33
-18
2
20
36
45
50
60
69
77
90
101
109
116
119
114
110
103
94
86
83
86
95
112
132
154
176
199
214
225
228
222
211
192
166
143
116
87
57
29
7
-16
-32
-48
-59
-70
-78
-90
-99
-102
-108
-110
-118
-128
-137
-147
-162
-182
-202
-227
-249
-269
-289
-306
-320
-328
-326
-320
-306
-286
-263
-238
-217
-195
-176
-162
-149
-139
-127
-110
-88
-66
-44
-26
-11
2
9
19
29
38
54
73
94
117
149
181
219
268
324
392
465
545
622
694
761
807
839
849
843
812
764
700
609
512
392
275
157
42
-65
-166
-250
-329
-391
-438
-471
-489
-497
-492
-484
-465
-442
-415
-388
-361
-335
-311
-289
-272
-263
-268
-286
-317
-360
-406
-458
-504
-545
-576
-594
-598
-590
-575
-551
-527
-496
-467
-436
-404
-375
-341
-305
-271
-236
-200
-157
-110
-60
-9
44
93
138
181
228
291
375
492
649
840
1054
1270
1479
1665
1808
1899
1928
1900
1822
1696
1525
1311
1064
796
514
234
-24
-251
-440
-589
-705
-781
-818
-826
-806
-762
-699
-617
-517
-404
-288
-179
-88
-26
8
14
-1
-32
-78
-141
-212
-290
-379
-476
-588
-711
-839
-970
-1090
-1187
-1265
-1321
-1363
-1389
-1394
-1374
-1330
-1258
-1157
-1029
-878
-714
-545
-373
-202
-41
105
225
328
406
466
499
496
472
426
379
342
340
408
548
739
979
1249
1522
1782
2009
2176
2269
2291
2229
2109
1945
1734
1493
1207
889
560
244
-37
-275
-474
-649
-782
-882
-936
-939
-913
-857
-781
-683
-575
-444
-298
-162
-37
60
143
227
304
367
412
429
398
330
213
45
-161
-414
-687
-963
-1224
-1454
-1644
-1795
-1902
-1961
-1975
-1932
-1837
-1697
-1519
-1314
-1092
-853
-607
-367
-136
73
248
391
493
552
561
521
436
320
187
50
-70
-166
-242
-289
-312
-321
-308
-278
-211
-83
130
395
720
1095
1492
1918
2315
2674
2944
3111
3163
3106
2981
2767
2498
2144
1710
1240
754
307
-108
-480
-839
-1158
-1429
-1640
-1748
-1794
-1781
-1723
-1620
-1472
-1275
-1027
-782
-553
-374
-236
-108
13
133
240
339
417
497
576
636
665
629
529
369
160
-83
-349
-633
-925
-1204
-1471
-1693
-1864
-1975
-2028
-2026
-1960
-1833
-1645
-1413
-1154
-888
-631
-381
-146
68
245
377
462
506
517
505
481
443
394
338
292
256
231
211
178
139
96
57
40
62
160
324
558
856
1177
1522
1862
2189
2443
2600
2653
2595
2479
2276
2011
1676
1267
805
307
-164
-597
-956
-1258
-1511
-1700
-1830
-1852
-1796
-1666
-1486
-1276
-1041
-800
-525
-268
-38
148
275
365
423
487
538
591
627
653
694
731
769
771
735
642
497
308
73
-191
-493
-809
-1128
-1426
-1678
-1881
-2025
-2107
-2119
-2061
-1930
-1732
-1482
-1199
-905
-615
-346
-103
106
273
395
469
500
505
506
491
465
422
362
295
232
178
119
59
-16
-104
-190
-259
-290
-273
-179
-14
241
559
898
1263
1616
1939
2181
2322
2366
2310
2190
1984
1720
1390
1008
611
204
-163
-485
-727
-904
-1013
-1061
-1061
-986
-876
-740
-598
-464
-335
-214
-92
-9
53
84
87
75
56
62
99
183
299
436
589
733
858
935
942
870
719
493
194
-160
-548
-947
-1328
-1688
-2000
-2247
-2409
-2476
-2455
-2363
-2211
-2002
-1749
-1462
-1152
-841
-540
-273
-41
152
302
417
493
537
546
536
522
511
499
477
441
387
320
243
158
56
-70
-203
-337
-443
-496
-468
-349
-142
143
467
832
1218
1620
1984
2269
2470
2579
2629
2600
2495
2300
2010
1649
1229
803
390
29
-292
-581
-828
-1022
-1122
-1146
-1108
-1038
-947
-829
-680
-496
-319
-164
-45
45
114
172
245
323
402
456
493
528
550
554
512
411
249
45
-185
-439
-720
-1028
-1341
-1639
-1903
-2112
-2266
-2363
-2397
-2369
-2279
-2134
-1941
-1719
-1481
-1238
-983
-713
-437
-161
98
338
559
761
946
1108
1237
1332
1398
1428
1413
1343
1210
1010
754
459
131
-209
-551
-873
-1147
-1355
-1454
-1444
-1307
-1043
-654
-169
363
925
1485
2022
2471
2802
3019
3122
3142
3062
2900
2654
2337
1986
1609
1240
889
568
270
-21
-297
-553
-754
-922
-1071
-1214
-1358
-1472
-1547
-1566
-1562
-1539
-1486
-1402
-1276
-1118
-914
-685
-455
-245
-60
116
270
396
463
468
423
338
234
106
-49
-231
-424
-618
-805
-973
-1135
-1289
-1429
-1553
-1649
-1708
-1718
-1685
-1607
-1487
-1313
-1080
-793
-467
-120
238
593
936
1247
1509
1708
1827
1867
1815
1684
1472
1193
848
464
66
-335
-704
-1036
-1309
-1519
-1649
-1672
-1587
-1383
-1069
-640
-112
451
1011
1545
2054
2513
2878
3139
3280
3332
3300
3188
2999
2720
2362
1924
1433
908
387
-109
-596
-1076
-1551
-1964
-2288
-2506
-2630
-2683
-2656
-2553
-2348
-2068
-1751
-1411
-1078
-755
-469
-195
75
342
582
761
902
1012
1110
1187
1225
1222
1175
1107
1009
872
689
450
168
-168
-539
-929
-1313
-1678
-2010
-2289
-2505
-2622
-2634
-2544
-2352
-2069
-1684
-1222
-706
-173
356
859
1307
1695
1998
2214
2337
2361
2280
2094
1825
1482
1075
616
122
-365
-833
-1256
-1628
-1951
-2218
-2412
-2501
-2475
-2325
-2041
-1626
-1085
-480
158
825
1496
2144
2704
3161
3503
3755
3906
3933
3836
3588
3212
2715
2122
1479
820
189
-428
-1012
-1548
-1990
-2304
-2497
-2575
-2561
-2455
-2263
-1988
-1660
-1328
-995
-677
-384
-128
103
330
547
745
894
1017
1122
1203
1258
1275
1265
1234
1186
1096
947
730
447
115
-268
-692
-1142
-1587
-2002
-2363
-2647
-2848
-2949
-2937
-2817
-2592
-2257
-1823
-1313
-760
-211
322
817
1247
1600
1862
2034
2110
2093
1977
1764
1474
1122
727
303
-132
-562
-975
-1361
-1717
-2030
-2300
-2504
-2630
-2662
-2581
-2353
-1959
-1415
-744
-4
771
1568
2356
3095
3730
4233
4582
4788
4834
4712
4436
3994
3414
2719
1963
1195
451
-240
-881
-1449
-1935
-2291
-2506
-2604
-2598
-2514
-2347
-2124
-1851
-1561
-1288
-1031
-803
-588
-387
-181
34
256
474
678
892
1103
1289
1425
1498
1514
1469
1357
1161
874
494
42
-448
-957
-1462
-1947
-2387
-2760
-3035
-3185
-3202
-3088
-2867
-2544
-2133
-1648
-1101
-532
18
511
940
1297
1577
1779
1899
1942
1899
1780
1599
1367
1090
770
416
44
-336
-707
-1069
-1419
-1749
-2047
-2299
-2487
-2589
-2580
-2434
-2131
-1658
-1023
-250
611
1503
2381
3212
3959
4577
5026
5282
5346
5241
4956
4512
3916
3194
2390
1539
692
-116
-849
-1499
-2051
-2496
-2823
-3003
-3056
-2997
-2852
-2630
-2349
-2021
-1655
-1302
-973
-671
-392
-128
120
362
594
824
1034
1228
1400
1528
1598
1578
1463
1256
970
619
201
-269
-782
-1294
-1784
-2235
-2626
-2953
-3186
-3309
-3302
-3165
-2914
-2558
-2118
-1605
-1052
-480
92
631
1111
1510
1830
2062
2211
2274
2245
2126
1923
1662
1352
998
605
192
-227
-636
-1023
-1388
-1713
-1991
-2208
-2362
-2449
-2450
-2351
-2139
-1809
-1348
-753
-49
726
1524
2300
3025
3668
4199
4577
4779
4813
4706
4477
4126
3664
3107
2471
1787
1083
396
-252
-843
-1380
-1864
-2281
-2608
-2824
-2937
-2968
-2925
-2795
-2582
-2298
-1956
-1592
-1222
-854
-500
-157
162
466
750
1008
1218
1379
1488
1528
1485
1344
1122
840
515
158
-216
-588
-943
-1262
-1544
-1798
-2016
-2192
-2320
-2388
-2391
-2314
-2157
-1929
-1642
-1301
-914
-490
-44
396
799
1158
1465
1708
1877
1961
1955
1866
1698
1453
1154
815
451
81
-291
-644
-959
-1229
-1450
-1614
-1714
-1750
-1721
-1640
-1514
-1333
-1081
-749
-351
107
602
1123
1651
2163
2648
3077
3420
3651
3776
3808
3767
3666
3470
3174
2762
2267
1718
1128
509
-135
-783
-1426
-2018
-2520
-2907
-3165
-3307
-3335
-3262
-3067
-2758
-2357
-1904
-1449
-997
-558
-145
224
542
811
1022
1183
1289
1343
1335
1262
1131
942
718
471
211
-68
-372
-685
-992
-1284
-1569
-1839
-2088
-2294
-2414
-2444
-2374
-2219
-1983
-1671
-1293
-862
-397
90
556
977
1343
1636
1856
1989
2030
1976
1842
1644
1405
1140
842
526
200
-120
-430
-717
-981
-1215
-1395
-1523
-1600
-1646
-1661
-1636
-1566
-1428
-1205
-865
-405
154
769
1413
2083
2758
3380
3872
4202
4386
4460
4430
4281
4002
3581
3036
2381
1653
887
121
-616
-1331
-2011
-2614
-3070
-3361
-3510
-3550
-3491
-3319
-3033
-2651
-2224
-1792
-1367
-959
-577
-237
66
348
609
833
1006
1146
1255
1311
1291
1186
1018
812
571
281
-58
-438
-817
-1159
-1470
-1748
-1976
-2139
-2216
-2193
-2069
-1863
-1576
-1246
-886
-511
-127
257
613
905
1120
1283
1396
1460
1477
1444
1374
1279
1167
1038
887
703
486
246
-21
-298
-572
-839
-1093
-1317
-1495
-1617
-1681
-1697
-1664
-1561
-1358
-1025
-565
4
644
1295
1941
2573
3164
3651
3965
4089
4055
3909
3660
3331
2913
2396
1802
1161
523
-93
-661
-1189
-1685
-2141
-2519
-2762
-2881
-2907
-2871
-2762
-2581
-2318
-1978
-1617
-1261
-927
-607
-302
-37
195
393
559
667
737
797
826
798
697
537
341
126
-93
-328
-577
-819
-1008
-1125
-1191
-1216
-1207
-1144
-1036
-872
-662
-434
-203
14
214
387
546
682
776
815
806
788
766
735
685
618
543
457
379
290
180
37
-133
-310
-488
-648
-789
-904
-999
-1060
-1069
-1026
-947
-855
-751
-616
-423
-156
176
576
1025
1467
1874
2250
2602
2888
3043
3054
2960
2822
2631
2395
2110
1760
1364
936
501
63
-362
-764
-1154
-1532
-1876
-2125
-2277
-2360
-2397
-2375
-2281
-2110
-1860
-1592
-1345
-1115
-889
-671
-499
-364
-249
-133
-42
28
118
216
296
340
358
363
360
358
342
294
220
158
121
83
23
-61
-144
-224
-290
-330
-365
-388
-398
-387
-365
-320
-245
-167
-106
-62
-4
69
134
176
203
215
216
217
210
186
140
81
24
-21
-59
-85
-99
-115
-130
-138
-143
-160
-208
-283
-363
-409
-392
-311
-145
114
422
758
1125
1527
1922
2236
2442
2563
2635
2635
2562
2411
2161
1828
1426
993
536
81
-360
-794
-1217
-1616
-1922
-2137
-2296
-2409
-2466
-2458
-2387
-2238
-2061
-1897
-1741
-1574
-1383
-1198
-1005
-775
-500
-213
82
422
781
1111
1374
1568
1694
1741
1720
1625
1441
1176
868
549
213
-140
-489
-803
-1070
-1263
-1370
-1410
-1384
-1307
-1187
-1033
-849
-634
-419
-224
-52
121
288
426
539
632
710
763
809
850
871
858
807
730
625
491
326
135
-76
-301
-525
-745
-959
-1164
-1351
-1490
-1550
-1496
-1333
-1039
-602
-88
459
1027
1617
2162
2586
2861
3022
3115
3105
3002
2812
2530
2176
1768
1332
871
415
-28
-470
-916
-1352
-1710
-1995
-2238
-2443
-2590
-2665
-2665
-2567
-2421
-2254
-2061
-1815
-1521
-1220
-901
-540
-137
255
627
1010
1366
1657
1840
1924
1918
1816
1638
1379
1042
651
261
-109
-466
-800
-1093
-1321
-1479
-1565
-1585
-1560
-1496
-1394
-1262
-1113
-937
-730
-526
-340
-159
45
259
457
632
799
944
1057
1149
1209
1214
1160
1059
913
726
510
270
14
-247
-496
-717
-910
-1081
-1225
-1328
-1375
-1335
-1192
-957
-609
-152
351
864
1386
1906
2362
2687
2881
2995
3053
3017
2903
2717
2456
2134
1763
1360
922
472
17
-450
-938
-1415
-1822
-2164
-2461
-2706
-2873
-2950
-2923
-2788
-2592
-2362
-2084
-1752
-1404
-1074
-745
-390
-29
297
598
907
1186
1397
1515
1558
1527
1425
1264
1047
772
462
164
-120
-408
-696
-962
-1183
-1354
-1467
-1539
-1568
-1548
-1478
-1363
-1211
-1006
-751
-481
-218
62
368
667
930
1149
1329
1458
1529
1556
1535
1449
1305
1123
912
681
438
187
-67
-308
-515
-689
-841
-989
-1129
-1244
-1301
-1275
-1154
-949
-638
-214
263
763
1280
1809
2280
2626
2850
3003
3105
3112
3019
2831
2549
2192
1767
1293
769
232
-307
-859
-1420
-1953
-2398
-2762
-3053
-3268
-3388
-3405
-3313
-3121
-2881
-2609
-2294
-1924
-1545
-1186
-819
-422
-9
373
739
1108
1439
1698
1866
1953
1958
1882
1727
1484
1168
813
465
118
-231
-574
-890
-1153
-1353
-1485
-1563
-1586
-1547
-1453
-1304
-1107
-845
-539
-229
70
379
695
990
1245
1453
1615
1726
1783
1789
1735
1614
1442
1232
987
715
427
121
-195
-501
-773
-1005
-1216
-1411
-1579
-1696
-1732
-1671
-1515
-1265
-902
-435
72
602
1153
1704
2168
2488
2685
2818
2893
2870
2751
2532
2228
1860
1436
968
458
-58
-578
-1107
-1638
-2124
-2516
-2831
-3078
-3259
-3350
-3335
-3208
-2988
-2730
-2418
-2036
-1592
-1143
-713
-268
201
664
1085
1485
1864
2175
2386
2483
2491
2409
2239
1979
1627
1208
772
359
-48
-451
-838
-1177
-1445
-1634
-1743
-1786
-1764
-1675
-1525
-1318
-1052
-716
-350
2
341
687
1028
1324
1559
1735
1854
1902
1882
1801
1648
1426
1146
826
472
99
-282
-661
-1025
-1356
-1626
-1844
-2022
-2169
-2266
-2291
-2217
-2032
-1748
-1359
-857
-284
310
912
1517
2081
2523
2818
3012
3139
3180
3114
2943
2669
2311
1889
1425
924
397
-136
-665
-1196
-1707
-2150
-2509
-2793
-3000
-3123
-3151
-3074
-2885
-2625
-2326
-1974
-1555
-1095
-649
-217
226
677
1103
1494
1868
2190
2426
2558
2591
2529
2373
2131
1803
1394
935
474
31
-410
-835
-1225
-1556
-1804
-1966
-2047
-2059
-1993
-1853
-1644
-1379
-1059
-689
-312
41
381
720
1034
1298
1503
1648
1730
1744
1695
1584
1402
1165
888
575
231
-125
-488
-856
-1214
-1536
-1803
-2013
-2175
-2284
-2325
-2271
-2107
-1831
-1462
-995
-438
156
761
1366
1956
2469
2848
3095
3253
3330
3302
3174
2943
2617
2226
1790
1329
838
332
-182
-694
-1203
-1677
-2083
-2429
-2714
-2925
-3051
-3079
-2995
-2809
-2563
-2265
-1898
-1457
-983
-514
-41
435
900
1319
1704
2045
2303
2459
2507
2463
2324
2100
1804
1437
1010
555
112
-319
-734
-1124
-1472
-1759
-1969
-2094
-2146
-2132
-2045
-1889
-1666
-1387
-1052
-681
-306
57
420
774
1094
1364
1575
1720
1795
1800
1736
1601
1391
1121
801
435
44
-351
-748
-1135
-1488
-1785
-2009
-2158
-2240
-2252
-2184
-2016
-1748
-1392
-962
-459
101
664
1218
1758
2261
2672
2958
3132
3223
3234
3152
2988
2737
2409
2032
1613
1166
689
197
-302
-806
-1299
-1749
-2132
-2461
-2722
-2904
-2996
-2983
-2858
-2635
-2354
-2013
-1606
-1147
-676
-217
235
673
1069
1414
1719
1973
2144
2226
2219
2131
1963
1724
1422
1057
648
224
-186
-581
-954
-1291
-1581
-1804
-1952
-2022
-2024
-1957
-1820
-1622
-1363
-1058
-710
-345
6
343
668
970
1228
1433
1573
1644
1646
1582
1458
1273
1028
737
411
57
-302
-653
-994
-1312
-1591
-1817
-1978
-2077
-2125
-2115
-2032
-1861
-1599
-1259
-851
-360
188
740
1286
1821
2320
2734
3030
3219
3325
3347
3273
3109
2854
2520
2133
1699
1229
726
212
-310
-832
-1336
-1794
-2180
-2502
-2748
-2908
-2976
-2942
-2802
-2576
-2300
-1970
-1582
-1149
-704
-267
175
616
1030
1409
1754
2047
2261
2379
2395
2314
2137
1874
1533
1117
652
173
-299
-751
-1171
-1544
-1853
-2079
-2220
-2275
-2250
-2149
-1977
-1740
-1453
-1126
-764
-397
-43
295
624
929
1192
1405
1558
1650
1672
1632
1526
1351
1117
829
498
141
-230
-605
-976
-1331
-1649
-1909
-2100
-2225
-2282
-2262
-2148
-1936
-1619
-1218
-734
-165
449
1057
1650
2223
2734
3131
3397
3552
3613
3576
3439
3209
2898
2524
2099
1635
1138
615
85
-450
-986
-1505
-1968
-2365
-2697
-2951
-3116
-3175
-3121
-2948
-2691
-2371
-1978
-1520
-1020
-517
-19
477
947
1364
1722
2025
2253
2385
2406
2324
2150
1887
1551
1147
685
197
-283
-739
-1166
-1546
-1860
-2098
-2251
-2319
-2304
-2218
-2062
-1848
-1585
-1277
-928
-552
-177
180
529
872
1182
1442
1641
1771
1828
1804
1698
1515
1259
942
575
174
-238
-641
-1026
-1384
-1701
-1959
-2140
-2246
-2283
-2253
-2145
-1938
-1634
-1242
-782
-245
359
976
1567
2130
2651
3087
3391
3565
3638
3623
3509
3304
3014
2655
2248
1797
1313
800
269
-266
-805
-1341
-1839
-2270
-2631
-2916
-3109
-3202
-3181
-3042
-2794
-2477
-2101
-1659
-1168
-662
-173
307
773
1196
1554
1855
2107
2280
2353
2323
2201
1990
1696
1331
895
413
-75
-547
-990
-1392
-1734
-2006
-2199
-2306
-2326
-2267
-2138
-1944
-1699
-1410
-1077
-710
-330
37
389
735
1065
1351
1580
1746
1841
1858
1792
1649
1437
1164
836
466
70
-330
-716
-1092
-1449
-1763
-2016
-2191
-2294
-2327
-2285
-2153
-1912
-1571
-1147
-642
-56
562
1171
1756
2312
2807
3182
3417
3530
3552
3480
3309
3055
2726
2341
1911
1451
967
468
-35
-546
-1062
-1556
-1990
-2360
-2670
-2902
-3048
-3093
-3025
-2845
-2582
-2257
-1870
-1419
-930
-440
51
540
1001
1407
1758
2064
2301
2442
2471
2399
2232
1972
1631
1209
723
205
-309
-798
-1251
-1643
-1962
-2195
-2332
-2372
-2317
-2183
-1981
-1730
-1434
-1104
-745
-375
-24
303
611
903
1164
1380
1543
1652
1698
1673
1581
1424
1203
923
594
226
-155
-539
-920
-1294
-1645
-1955
-2200
-2371
-2469
-2485
-2408
-2219
-1913
-1497
-994
-404
257
921
1559
2161
2709
3160
3465
3621
3657
3596
3431
3179
2856
2477
2070
1630
1175
719
268
-185
-645
-1105
-1536
-1916
-2253
-2535
-2747
-2880
-2916
-2846
-2671
-2418
-2090
-1692
-1236
-748
-257
237
718
1154
1528
1843
2097
2265
2326
2276
2131
1897
1585
1198
750
263
-230
-703
-1140
-1520
-1830
-2059
-2201
-2251
-2205
-2080
-1894
-1664
-1398
-1107
-792
-464
-145
152
426
690
942
1167
1354
1498
1591
1625
1597
1503
1350
1130
841
494
111
-286
-688
-1089
-1482
-1837
-2129
-2341
-2465
-2504
-2451
-2295
-2021
-1642
-1172
-628
-11
657
1294
1881
2424
2915
3302
3529
3610
3593
3500
3314
3039
2705
2341
1954
1527
1076
624
189
-250
-718
-1203
-1662
-2059
-2405
-2690
-2906
-3025
-3022
-2897
-2662
-2348
-1948
-1476
-961
-446
47
531
990
1375
1662
1883
2052
2148
2140
2025
1830
1563
1231
837
393
-82
-556
-1007
-1424
-1781
-2064
-2256
-2358
-2373
-2301
-2141
-1910
-1637
-1331
-1000
-646
-280
67
379
659
927
1175
1390
1567
1700
1779
1796
1750
1642
1472
1234
926
559
144
-287
-712
-1118
-1502
-1844
-2110
-2277
-2342
-2316
-2215
-2031
-1752
-1378
-937
-445
95
690
1307
1867
2365
2815
3202
3477
3588
3554
3429
3247
2984
2642
2260
1871
1471
1029
555
82
-364
-810
-1285
-1782
-2249
-2632
-2935
-3153
-3283
-3295
-3168
-2913
-2560
-2140
-1643
-1100
-551
-45
410
844
1244
1570
1803
1969
2093
2153
2123
1993
1791
1518
1171
753
286
-198
-680
-1135
-1547
-1893
-2153
-2308
-2356
-2307
-2163
-1938
-1662
-1355
-1022
-668
-301
52
364
636
885
1118
1331
1523
1684
1795
1839
1817
1742
1608
1405
1117
753
333
-122
-580
-1015
-1403
-1745
-2025
-2217
-2299
-2268
-2148
-1968
-1730
-1424
-1048
-623
-165
318
840
1379
1868
2287
2653
2971
3208
3305
3253
3104
2916
2676
2366
2004
1622
1225
785
304
-195
-667
-1124
-1603
-2102
-2560
-2910
-3149
-3278
-3312
-3230
-3013
-2669
-2233
-1759
-1243
-696
-156
333
756
1153
1531
1847
2070
2222
2324
2366
2314
2145
1885
1541
1119
619
68
-483
-1003
-1472
-1877
-2186
-2373
-2433
-2382
-2241
-2015
-1723
-1394
-1056
-723
-392
-64
251
533
784
1026
1269
1502
1701
1862
1971
2001
1935
1776
1541
1234
851
397
-97
-595
-1063
-1469
-1797
-2035
-2186
-2248
-2227
-2128
-1959
-1743
-1497
-1232
-936
-595
-214
201
648
1147
1660
2120
2514
2856
3134
3293
3299
3169
2960
2707
2402
2047
1653
1243
812
343
-154
-663
-1146
-1623
-2109
-2581
-2971
-3231
-3362
-3370
-3263
-3023
-2649
-2161
-1610
-1044
-464
110
644
1086
1445
1760
2023
2205
2291
2311
2279
2178
1986
1704
1346
919
436
-93
-640
-1163
-1625
-2006
-2299
-2483
-2543
-2490
-2337
-2101
-1792
-1435
-1063
-704
-359
-18
311
624
919
1186
1432
1651
1840
1978
2059
2061
1955
1750
1459
1104
698
250
-232
-715
-1156
-1524
-1799
-1978
-2070
-2086
-2038
-1926
-1760
-1540
-1296
-1045
-789
-507
-181
200
628
1097
1604
2086
2510
2879
3173
3361
3400
3286
3043
2729
2367
1968
1546
1097
634
158
-328
-824
-1317
-1791
-2262
-2711
-3109
-3394
-3542
-3542
-3403
-3141
-2748
-2241
-1645
-1019
-399
204
758
1239
1621
1925
2166
2334
2420
2427
2369
2246
2052
1768
1393
934
415
-147
-739
-1312
-1826
-2239
-2538
-2714
-2756
-2664
-2450
-2148
-1776
-1370
-953
-539
-154
209
554
895
1226
1535
1823
2073
2280
2419
2472
2418
2240
1942
1534
1043
502
-46
-576
-1062
-1480
-1798
-1999
-2092
-2099
-2042
-1939
-1804
-1659
-1512
-1357
-1180
-982
-758
-487
-145
270
743
1255
1802
2332
2763
3080
3278
3343
3251
3018
2677
2264
1817
1369
962
588
214
-177
-596
-1036
-1501
-1974
-2448
-2905
-3301
-3591
-3730
-3688
-3441
-3017
-2459
-1811
-1099
-358
351
990
1532
1956
2248
2428
2532
2575
2564
2489
2360
2166
1903
1571
1158
664
79
-559
-1204
-1803
-2305
-2682
-2912
-2989
-2895
-2654
-2302
-1874
-1408
-939
-504
-106
259
610
955
1289
1614
1932
2229
2478
2654
2724
2659
2449
2089
1600
1019
386
-249
-839
-1348
-1755
-2036
-2187
-2228
-2195
-2113
-1995
-1859
-1726
-1600
-1471
-1318
-1121
-872
-565
-194
234
704
1195
1674
2112
2498
2819
3003
3031
2941
2751
2478
2136
1757
1368
1009
681
375
77
-245
-605
-1022
-1488
-1986
-2471
-2900
-3251
-3478
-3545
-3411
-3084
-2583
-1953
-1254
-538
149
778
1301
1709
2008
2204
2308
2339
2340
2314
2260
2164
2004
1773
1448
1030
518
-63
-688
-1315
-1894
-2378
-2716
-2890
-2894
-2745
-2460
-2072
-1633
-1174
-726
-305
87
448
786
1123
1465
1798
2115
2394
2588
2679
2642
2450
2101
1624
1049
423
-189
-752
-1222
-1565
-1784
-1895
-1924
-1891
-1832
-1774
-1737
-1714
-1684
-1628
-1525
-1347
-1077
-717
-288
175
640
1074
1445
1734
1930
2029
2063
2074
2045
1963
1864
1761
1651
1517
1347
1122
852
545
188
-203
-630
-1070
-1501
-1902
-2251
-2508
-2633
-2639
-2534
-2327
-2023
-1633
-1189
-717
-255
178
573
931
1234
1477
1685
1858
1989
2059
2075
2044
1952
1788
1531
1187
769
297
-203
-710
-1192
-1620
-1958
-2193
-2317
-2320
-2209
-2001
-1731
-1424
-1092
-738
-372
-4
351
691
1025
1343
1628
1865
2036
2120
2106
1971
1723
1393
992
547
88
-346
-717
-1005
-1214
-1349
-1419
-1441
-1439
-1429
-1425
-1422
-1410
-1369
-1278
-1124
-900
-599
-237
147
516
831
1069
1210
1254
1216
1134
1042
957
914
951
1043
1142
1222
1244
1196
1072
855
544
183
-174
-504
-778
-989
-1128
-1192
-1217
-1218
-1203
-1175
-1138
-1105
-1064
-998
-884
-707
-463
-169
144
468
789
1069
1274
1412
1476
1472
1408
1280
1111
934
752
556
341
105
-152
-410
-675
-935
-1166
-1345
-1465
-1518
-1492
-1383
-1199
-965
-706
-440
-185
49
263
446
592
726
850
966
1076
1165
1219
1233
1185
1059
870
621
319
-7
-327
-610
-829
-979
-1062
-1090
-1069
-1027
-978
-934
-902
-873
-831
-759
-642
-476
-266
-26
210
412
559
633
636
581
482
373
295
277
331
472
661
842
980
1040
1017
914
726
461
183
-49
-216
-292
-293
-245
-171
-123
-121
-175
-290
-461
-665
-860
-1002
-1047
-977
-785
-505
-183
154
474
727
885
944
914
833
726
601
498
437
417
420
425
399
336
229
66
-141
-360
-574
-755
-887
-963
-974
-917
-813
-687
-568
-472
-382
-294
-204
-116
-21
97
239
400
567
717
825
874
854
765
633
455
248
49
-126
-256
-332
-370
-389
-397
-419
-464
-524
-607
-694
-763
-795
-772
-691
-560
-397
-232
-97
-10
25
4
-57
-132
-190
-189
-109
41
269
551
817
1027
1146
1159
1097
972
790
600
459
382
385
447
498
522
479
335
104
-205
-560
-907
-1195
-1380
-1422
-1314
-1072
-739
-386
-66
193
369
449
437
365
287
255
289
401
577
787
994
1154
1228
1185
1024
754
409
34
-330
-636
-865
-1018
-1098
-1124
-1117
-1095
-1074
-1069
-1071
-1055
-998
-880
-695
-443
-142
191
534
844
1093
1256
1324
1309
1234
1110
954
799
654
534
431
326
204
50
-143
-372
-623
-872
-1090
-1245
-1323
-1311
-1223
-1069
-877
-687
-540
-456
-430
-447
-476
-499
-482
-388
-192
93
438
815
1173
1454
1617
1641
1546
1379
1165
939
742
603
539
548
566
542
445
242
-46
-395
-781
-1150
-1448
-1631
-1664
-1553
-1320
-1003
-666
-364
-134
6
76
100
105
132
218
396
666
989
1313
1581
1741
1766
1647
1384
1003
545
79
-341
-681
-924
-1081
-1172
-1225
-1270
-1328
-1405
-1497
-1583
-1623
-1584
-1435
-1162
-780
-317
182
675
1115
1464
1694
1803
1797
1714
1587
1432
1275
1124
978
834
669
461
202
-101
-446
-809
-1158
-1460
-1682
-1809
-1837
-1773
-1636
-1450
-1242
-1041
-870
-731
-619
-515
-405
-272
-101
119
393
700
1016
1301
1530
1690
1759
1731
1607
1412
1185
962
769
620
516
446
397
344
247
94
-130
-404
-692
-966
-1195
-1356
-1431
-1406
-1298
-1120
-899
-664
-433
-226
-39
142
323
503
694
890
1089
1273
1415
1494
1493
1401
1223
977
676
350
23
-290
-571
-816
-1027
-1213
-1373
-1514
-1634
-1718
-1747
-1707
-1585
-1384
-1106
-756
-361
45
434
775
1050
1255
1390
1463
1491
1485
1453
1403
1330
1225
1080
883
635
338
7
-347
-697
-1022
-1304
-1519
-1660
-1723
-1718
-1656
-1541
-1389
-1208
-1012
-804
-584
-352
-118
112
332
539
728
894
1020
1105
1155
1171
1157
1119
1058
978
885
775
653
534
426
333
245
163
88
18
-57
-151
-269
-404
-543
-665
-755
-796
-787
-727
-625
-494
-344
-189
-46
70
159
228
291
351
408
455
493
525
547
548
514
433
315
164
-9
-192
-373
-537
-671
-765
-817
-827
-803
-752
-689
-615
-533
-451
-359
-254
-132
11
172
348
527
703
860
985
1069
1104
1087
1021
908
750
559
342
118
-100
-305
-495
-664
-810
-930
-1018
-1077
-1106
-1099
-1052
-959
-823
-653
-458
-247
-35
164
340
483
589
663
708
736
746
745
731
707
671
615
541
447
340
230
124
25
-59
-122
-172
-213
-256
-306
-361
-414
-459
-488
-492
-465
-400
-303
-183
-51
78
192
277
334
363
374
372
362
349
335
321
300
266
206
117
-1
-139
-288
-432
-560
-659
-717
-729
-700
-634
-548
-456
-369
-297
-242
-200
-166
-131
-82
-10
92
223
375
536
690
823
921
979
989
951
870
758
616
464
303
134
-35
-206
-376
-544
-699
-833
-934
-998
-1020
-993
-923
-810
-662
-488
-305
-123
60
237
400
540
655
740
792
809
792
740
660
553
428
292
158
36
-68
-156
-227
-286
-331
-364
-393
-426
-460
-489
-505
-499
-474
-424
-349
-249
-132
-7
113
223
313
374
408
421
418
405
385
355
319
276
222
148
49
-70
-204
-341
-473
-585
-667
-712
-711
-670
-596
-494
-382
-267
-163
-68
17
90
159
224
295
373
456
540
617
684
739
775
788
778
747
699
640
570
493
404
304
192
70
-57
-193
-332
-468
-585
-676
-734
-761
-759
-725
-660
-571
-464
-349
-227
-104
23
148
271
385
484
566
625
654
651
615
544
441
317
184
49
-80
-198
-301
-391
-462
-520
-567
-608
-642
-665
-679
-675
-654
-615
-557
-480
-385
-278
-166
-56
40
120
183
225
248
259
253
234
210
182
147
104
52
-9
-81
-162
-246
-322
-387
-431
-450
-439
-399
-332
-242
-140
-33
73
173
264
349
430
507
580
648
714
779
837
880
903
904
885
845
789
717
639
556
475
395
315
237
161
78
-12
-105
-199
-290
-378
-461
-528
-572
-591
-586
-558
-515
-455
-387
-319
-252
-190
-137
-93
-55
-25
4
29
44
42
26
-4
-45
-98
-162
-234
-303
-366
-418
-458
-486
-502
-506
-503
-492
-474
-448
-418
-383
-342
-292
-235
-171
-104
-32
45
115
177
226
258
275
278
269
253
235
215
195
173
153
137
121
102
78
53
31
18
18
27
46
77
118
172
232
295
356
409
454
489
515
530
532
525
508
487
465
442
415
383
346
305
258
202
142
78
15
-44
-97
-141
-175
-204
-229
-252
-278
-302
-326
-353
-381
-403
-418
-420
-416
-402
-378
-347
-312
-279
-247
-218
-189
-165
-147
-137
-135
-138
-146
-154
-166
-180
-194
-205
-213
-219
-224
-226
-227
-225
-211
-188
-157
-122
-83
-42
3
50
92
132
165
193
218
239
258
271
277
272
261
245
230
208
179
145
110
79
51
25
-2
-30
-56
-75
-91
-104
-110
-111
-102
-83
-58
-25
15
56
98
141
185
226
263
293
317
340
359
373
380
382
375
363
343
318
291
260
226
194
166
140
114
88
59
27
-8
-47
-94
-148
-201
-250
-295
-338
-372
-397
-408
-402
-386
-361
-332
-305
-273
-239
-200
-160
-118
-82
-47
-11
25
54
73
82
75
60
36
4
-37
-83
-131
-175
-215
-245
-274
-300
-321
-337
-344
-347
-346
-338
-326
-302
-268
-222
-169
-108
-38
35
109
182
248
308
356
393
423
443
454
455
444
422
397
360
312
251
181
111
36
-39
-109
-171
-219
-252
-269
-268
-252
-225
-186
-138
-83
-21
48
118
186
252
316
377
434
481
521
552
572
582
579
561
525
475
409
329
240
142
39
-66
-168
-264
-350
-426
-492
-547
-590
-619
-635
-636
-621
-589
-543
-484
-417
-336
-251
-163
-77
2
70
130
178
212
231
235
226
206
177
141
96
44
-10
-67
-124
-182
-243
-300
-354
-399
-430
-445
-450
-440
-416
-374
-317
-251
-178
-100
-18
69
154
235
311
380
436
484
519
547
562
561
541
506
461
404
337
258
177
96
22
-46
-108
-160
-203
-233
-251
-255
-244
-223
-195
-160
-119
-73
-23
31
86
140
199
258
315
362
394
413
417
406
379
340
292
239
181
117
50
-18
-89
-158
-227
-289
-345
-392
-431
-459
-475
-477
-469
-451
-419
-375
-319
-260
-196
-135
-74
-17
33
78
116
148
176
197
209
208
195
174
143
104
56
6
-39
-86
-131
-175
-216
-252
-282
-303
-315
-314
-302
-280
-245
-206
-160
-111
-56
6
65
123
180
234
285
326
356
375
379
371
356
330
299
261
215
166
112
57
6
-44
-89
-131
-165
-189
-201
-205
-200
-188
-168
-141
-107
-68
-26
18
62
101
140
177
210
239
263
281
295
301
300
289
269
240
206
166
124
79
35
-8
-48
-87
-121
-151
-174
-193
-209
-222
-229
-232
-225
-213
-196
-176
-150
-124
-94
-66
-37
-14
4
20
30
36
38
37
33
23
12
-4
-22
-45
-73
-102
-131
-155
-176
-192
-204
-211
-215
-214
-209
-199
-188
-168
-144
-117
-85
-50
-15
23
60
97
129
157
179
194
203
206
202
189
173
154
135
116
97
76
55
33
14
-2
-16
-25
-31
-31
-24
-14
-1
16
34
55
74
91
106
120
135
150
161
166
168
166
159
148
133
119
103
88
71
55
39
22
1
-19
-40
-57
-72
-86
-96
-103
-107
-108
-106
-105
-99
-94
-91
-86
-82
-78
-76
-75
-73
-70
-69
-68
-68
-69
-72
-76
-79
-85
-92
-97
-101
-104
-107
-108
-105
-102
-99
-94
-88
-79
-70
-59
-46
-29
-14
1
16
32
51
71
91
108
127
144
158
168
171
169
165
154
140
124
106
87
65
43
23
5
-11
-27
-41
-55
-65
-73
-76
-78
-79
-75
-67
-58
-45
-31
-18
-4
6
15
24
32
37
42
44
45
44
43
38
31
23
16
13
8
5
1
-4
-9
-15
-19
-24
-25
-26
-22
-14
-6
2
13
22
27
29
30
31
32
32
31
32
36
38
39
38
35
34
30
24
18
13
8
1
-8
-15
-21
-28
-35
-42
-49
-54
-58
-65
-73
-77
-80
-80
-78
-77
-75
-70
-62
-53
-41
-29
-16
-3
12
24
33
37
40
40
35
32
24
19
12
8
3
-2
-6
-8
-11
-16
-22
-31
-40
-49
-55
-61
-65
-64
-62
-60
-57
-53
-48
-44
-41
-36
-29
-20
-9
4
17
30
43
53
65
76
86
95
102
108
113
119
123
124
126
126
123
122
121
117
111
104
96
88
79
68
56
44
32
22
10
-1
-8
-14
-20
-26
-30
-36
-40
-45
-49
-51
-51
-54
-55
-57
-59
-60
-61
-65
-68
-74
-78
-84
-90
-94
-98
-102
-103
-104
-102
-101
-99
-94
-88
-81
-73
-65
-58
-52
-50
-47
-46
-43
-41
-38
-36
-32
-27
-20
-12
-5
-1
4
10
12
15
16
18
17
20
23
27
31
36
42
46
50
53
58
59
60
62
62
66
72
78
82
86
90
94
96
94
91
88
85
82
79
79
81
83
83
83
83
83
81
78
72
64
57
49
41
30
21
11
0
-8
-17
-30
-41
-53
-65
-76
-84
-89
-95
-99
-103
-105
-104
-103
-100
-98
-96
-93
-89
-84
-80
-78
-74
-71
-65
-57
-48
-39
-30
-23
-18
-14
-11
-7
-4
-3
-2
0
2
2
-1
-5
-9
-12
-16
-18
-19
-22
-22
-21
-21
-19
-18
-17
-15
-10
-6
-2
4
10
17
23
30
36
41
46
48
51
56
58
61
61
59
58
57
56
53
51
49
45
41
37
33
28
26
25
24
25
30
35
39
44
49
52
55
56
58
57
57
54
50
46
40
33
25
17
8
-3
-12
-22
-32
-41
-51
-60
-66
-73
-76
-79
-81
-81
-81
-80
-79
-78
-78
-76
-72
-67
-58
-50
-42
-34
-27
-18
-12
-4
1
4
9
11
13
14
11
6
0
-7
-13
-19
-25
-31
-39
-46
-52
-56
-60
-61
-62
-62
-60
-57
-53
-48
-41
-33
-22
-13
-5
5
15
26
37
49
59
66
74
81
88
91
93
95
96
97
93
89
85
82
77
71
65
59
55
52
52
51
53
55
58
63
67
69
70
71
70
68
67
64
59
54
48
40
33
23
12
2
-10
-23
-37
-49
-62
-72
-82
-90
-96
-99
-100
-102
-103
-103
-103
-102
-102
-101
-99
-95
-89
-81
-73
-64
-54
-46
-36
-29
-25
-20
-18
-16
-18
-21
-26
-32
-38
-42
-47
-54
-58
-61
-63
-66
-67
-69
-67
-64
-60
-55
-50
-43
-33
-24
-11
3
15
27
39
50
63
71
78
84
89
96
100
104
106
107
106
105
103
101
98
94
88
83
77
72
70
68
66
64
63
62
63
63
63
64
65
66
66
63
59
55
50
45
36
28
18
8
-2
-13
-24
-35
-44
-53
-60
-69
-75
-82
-87
-90
-91
-92
-94
-94
-93
-90
-87
-85
-84
-80
-75
-70
-62
-57
-51
-46
-42
-37
-34
-31
-30
-28
-30
-32
-36
-38
-41
-42
-43
-43
-42
-42
-42
-43
-44
-43
-43
-41
-37
-32
-26
-20
-11
1
13
22
33
43
53
63
69
75
79
83
87
91
91
93
94
96
96
96
95
94
91
86
82
77
70
65
62
60
57
55
52
49
48
45
44
44
40
38
38
35
31
28
22
17
11
3
-5
-13
-23
-32
-43
-52
-59
-67
-73
-79
-84
-89
-92
-95
-95
-96
-98
-96
-93
-90
-87
-82
-76
-69
-63
-58
-50
-46
-41
-36
-33
-31
-29
-27
-26
-26
-25
-27
-27
-29
-31
-32
-34
-36
-36
-35
-34
-32
-31
-29
-26
-23
-19
-15
-8
0
7
17
26
35
46
56
65
72
78
82
85
87
89
92
94
94
96
98
99
100
97
93
89
82
75
67
60
55
50
46
44
43
42
40
37
32
29
25
22
17
13
7
2
-4
-9
-15
-22
-30
-35
-43
-51
-59
-64
-70
-72
-74
-75
-74
-72
-72
-73
-71
-70
-67
-65
-61
-57
-51
-45
-41
-36
-32
-27
-23
-19
-15
-13
-9
-5
-3
-2
0
0
1
0
-1
-1
-3
-5
-7
-10
-12
-11
-10
-11
-12
-12
-12
-9
-7
-6
-4
-1
1
5
8
12
16
20
23
26
28
30
32
34
35
36
37
39
38
37
36
34
33
34
34
33
31
32
31
29
29
30
31
33
33
34
33
32
28
25
21
18
13
7
2
-4
-10
-16
-22
-27
-30
-35
-40
-44
-47
-49
-52
-52
-54
-50
-48
-41
-36
-31
-25
-20
-12
-8
-3
0
4
7
11
14
16
17
17
17
16
15
14
10
5
1
-4
-7
-12
-14
-18
-21
-23
-25
-26
-26
-27
-27
-28
-26
-24
-21
-19
-15
-11
-8
-5
-2
4
8
13
19
22
25
27
26
26
23
21
16
11
9
6
3
0
-3
-3
-3
-4
-5
-4
-4
-1
1
4
6
10
15
19
24
27
30
33
35
35
34
32
30
25
23
19
16
13
9
5
0
-3
-7
-11
-16
-19
-23
-25
-25
-23
-21
-19
-16
-12
-6
-2
4
12
19
23
28
33
35
38
40
40
41
39
35
32
25
20
12
3
-6
-12
-22
-28
-33
-41
-46
-50
-54
-57
-58
-59
-60
-59
-58
-56
-52
-47
-41
-36
-29
-24
-18
-12
-5
2
8
11
15
16
19
18
17
14
10
8
5
1
-3
-7
-10
-12
-13
-14
-11
-11
-11
-12
-12
-10
-7
-1
4
9
14
19
24
28
32
35
35
33
33
32
32
29
24
20
14
8
4
-2
-6
-10
-16
-21
-23
-23
-23
-22
-18
-14
-8
-2
4
12
19
25
32
37
44
50
56
60
61
62
63
62
58
54
49
43
37
30
23
16
8
0
-8
-13
-20
-25
-30
-34
-38
-40
-43
-44
-43
-45
-43
-42
-40
-37
-35
-31
-27
-24
-21
-20
-19
-19
-19
-19
-21
-22
-25
-27
-32
-33
-33
-34
-35
-37
-39
-42
-39
-37
-36
-33
-30
-26
-22
-18
-12
-6
-2
3
7
13
20
27
30
34
35
36
37
38
38
37
38
38
38
36
32
31
28
25
22
19
18
18
16
16
17
18
22
23
25
28
33
35
38
40
39
39
39
38
38
37
34
32
28
23
17
9
1
-5
-12
-18
-23
-27
-32
-38
-42
-45
-47
-51
-53
-53
-53
-53
-50
-48
-43
-39
-35
-31
-28
-24
-21
-19
-16
-13
-10
-8
-6
-4
-3
-3
-5
-6
-7
-8
-8
-12
-13
-15
-15
-14
-13
-12
-12
-9
-9
-5
-1
0
4
7
12
17
20
25
29
31
32
31
32
32
31
31
30
28
28
26
25
24
22
18
15
11
8
5
2
0
0
1
4
4
6
9
10
12
13
14
14
15
16
17
16
16
16
17
15
14
11
9
7
2
-4
-7
-11
-15
-19
-23
-26
-29
-31
-32
-34
-35
-37
-38
-39
-37
-37
-35
-35
-35
-32
-29
-26
-22
-22
-18
-15
-13
-10
-8
-5
-4
-2
-1
1
2
4
5
6
5
4
4
3
4
4
3
4
5
7
7
7
8
9
12
13
15
18
21
24
25
27
29
29
31
31
32
34
35
34
32
31
29
25
21
18
11
7
3
0
-6
-10
-13
-16
-17
-18
-18
-17
-16
-16
-16
-16
-15
-15
-12
-11
-9
-5
-4
-1
1
2
1
0
1
0
1
1
-1
-2
-2
-1
-1
-3
-3
-3
-6
-8
-10
-10
-13
-13
-13
-15
-13
-11
-10
-9
-7
-7
-5
-2
-1
0
0
2
5
8
11
12
13
14
14
14
14
14
11
10
6
5
3
0
-2
-6
-8
-10
-12
-13
-15
-17
-18
-20
-20
-21
-22
-23
-22
-21
-19
-16
-11
-6
-3
1
5
7
9
9
12
12
14
13
13
16
14
12
11
9
7
5
1
0
-2
-3
-4
-4
-5
-6
-5
-4
-2
1
3
5
9
9
11
14
14
16
18
18
18
18
19
19
17
15
12
10
9
7
6
4
1
0
-2
-5
-7
-11
-13
-15
-17
-16
-14
-14
-13
-11
-7
-5
-3
-1
1
0
4
6
8
9
8
10
9
8
7
6
3
-1
-4
-5
-6
-10
-14
-16
-16
-17
-16
-14
-14
-15
-14
-14
-12
-10
-9
-6
-4
-2
2
6
10
12
14
16
17
17
17
17
15
13
13
11
9
7
5
2
-1
-3
-5
-7
-10
-12
-13
-14
-14
-13
-11
-9
-8
-6
-3
-1
0
1
2
2
4
6
7
9
7
6
5
5
6
4
3
2
0
3
3
0
-1
-3
-3
-4
-5
-4
-4
-6
-5
-5
-4
-4
-4
-3
-3
-1
-1
1
1
1
0
1
1
0
1
1
-1
-3
-4
-5
-6
-8
-11
-13
-15
-17
-18
-18
-18
-18
-16
-14
-13
-13
-11
-10
-8
-7
-4
-1
2
4
6
10
11
14
16
14
16
16
15
15
15
15
15
13
13
13
14
13
14
13
12
10
9
9
10
10
10
11
14
14
15
16
14
14
14
14
13
12
9
9
9
8
6
7
5
2
0
-2
-2
-4
-5
-5
-6
-7
-8
-7
-8
-9
-8
-9
-7
-7
-6
-7
-5
-5
-4
-4
-5
-5
-9
-8
-9
-8
-6
-8
-9
-11
-12
-12
-14
-13
-14
-15
-15
-15
-16
-15
-15
-15
-15
-13
-12
-11
-11
-11
-9
-9
-8
-8
-7
-6
-5
-4
-3
-2
-2
-2
-2
-2
-2
-1
0
-1
-1
-2
-3
-2
-2
-2
-1
-1
2
2
2
2
3
4
5
7
9
10
13
14
17
18
19
19
20
19
19
17
16
15
