2
0
0
1
1
3
3
2
0
3
5
4
3
2
1
1
1
1
1
3
1
0
0
3
4
3
0
0
2
3
3
4
2
0
-1
1
1
1
-1
-3
-4
-2
-2
0
-1
-2
-2
-4
-6
-6
-5
-6
-4
-4
-6
-5
-2
-1
-3
-3
-3
-3
-2
-1
1
1
-3
-3
-1
1
1
3
-1
-11
-5
8
5
-4
-6
-5
0
3
1
-2
0
3
2
0
0
6
6
0
3
7
6
6
8
6
1
2
4
5
3
1
4
7
8
3
3
1
2
2
0
-2
0
5
2
-1
0
-1
-5
-3
-1
-5
-9
-5
0
-1
-5
-4
-2
-6
-7
-5
-7
-6
-1
-3
-6
-1
4
-1
-4
1
3
1
-2
0
3
5
2
-1
0
1
-1
-3
-7
-4
5
4
-7
-7
1
1
-8
-13
-10
0
3
-2
-9
-8
-1
2
-8
-14
-1
8
3
-4
-4
1
15
24
-5
-32
-7
30
26
-3
-15
3
26
22
-2
-9
7
19
7
-15
-2
31
34
7
-11
0
10
11
3
-9
-9
2
10
4
-6
-2
6
2
-15
-18
-5
5
3
-1
-5
-5
0
1
-6
-3
6
0
-8
-3
12
14
-2
-14
-11
2
8
3
-7
-9
0
7
-4
-14
-7
0
-8
-12
-4
3
1
-3
-6
-3
1
1
-4
-7
-3
7
4
-4
-2
4
5
0
-3
-6
-5
1
6
3
1
3
4
-1
-5
-3
0
-1
-1
1
4
3
2
-2
-4
-2
-3
-8
-6
2
5
-2
-7
-3
2
0
-4
0
0
-1
0
2
3
5
8
4
3
7
9
7
6
8
9
9
9
7
4
5
9
7
1
0
3
4
0
-3
-6
-8
-6
-5
-6
-6
-8
-7
-6
-6
-6
-5
-6
-7
-5
-1
-2
-5
-3
0
3
3
-1
-6
-3
1
2
4
4
0
-4
-1
5
7
1
-3
-2
1
5
2
-1
0
3
3
-1
-2
1
2
1
1
-2
-2
-1
-1
-3
-4
-2
-3
-3
-1
0
-1
0
-3
-4
1
5
4
-1
1
3
4
3
0
1
2
3
2
2
6
8
3
1
-1
2
4
2
1
0
2
2
-2
-2
1
2
0
0
-2
2
4
3
-1
-1
1
2
0
-1
-1
1
2
1
-1
-1
3
4
1
-4
-1
1
-2
-4
-3
-1
-1
-4
-4
-4
-1
1
-2
-5
-4
-1
-2
-6
-7
-3
-3
-3
-2
-2
-1
0
1
0
-2
0
1
0
0
2
3
3
3
3
1
1
2
0
0
2
4
1
-1
1
3
1
-1
-4
-3
-2
-3
-4
-5
-4
-2
-3
-3
-4
-3
-6
-7
-5
-3
-2
-2
-4
-2
-1
-1
1
1
1
2
2
-2
0
3
5
2
2
5
7
8
7
7
7
6
6
6
6
7
6
3
2
2
4
4
3
2
1
1
2
1
0
3
4
2
-1
-2
0
0
-1
-2
-1
0
0
0
-1
-1
-1
-2
-4
-2
0
0
-2
-3
-2
-1
0
-1
-4
-4
-4
-1
0
0
-1
0
-2
-3
-3
-2
-2
-2
-1
-2
-2
0
1
-1
-1
0
1
2
2
2
0
1
-1
1
0
0
2
1
1
-1
-2
-1
-1
-3
-4
-5
-4
-1
-2
-1
-1
-1
0
-1
-2
-3
-1
-2
-1
-1
-2
0
1
0
-2
0
0
-2
-1
0
2
0
1
1
1
2
4
2
2
1
1
1
1
0
1
4
4
3
1
1
1
0
0
-2
-2
-1
-2
-2
-2
-1
-2
-4
-5
-2
-2
-1
1
0
0
-1
1
-2
-2
-2
-3
-2
-2
-3
-1
-1
0
0
-1
0
0
2
4
5
5
3
3
4
4
5
4
4
6
6
8
7
3
2
2
3
4
3
2
0
0
0
-1
1
0
1
0
-1
-1
-2
-2
-2
-1
0
0
-1
1
-1
-3
-1
-1
-1
-2
-1
0
-1
-2
-2
-1
-3
-3
-4
-1
-1
-1
-1
-2
-1
-2
-3
-3
-3
-1
-1
0
1
2
2
1
1
-1
-2
-1
-1
0
0
1
1
0
-1
1
2
3
3
2
1
3
1
0
-1
-1
-1
-1
-2
-2
-1
-1
-3
-2
-3
-2
-2
-4
-4
-5
-2
-2
-2
-2
-2
-3
-3
-3
-4
-4
-2
-2
-1
-3
-3
-3
-3
-2
-1
-2
-2
-1
0
0
0
0
0
-1
-3
-3
-2
0
1
2
3
4
3
1
3
2
2
2
2
2
2
1
1
0
0
0
0
1
1
3
4
5
4
4
4
4
5
4
5
5
5
6
7
7
7
6
6
6
6
6
5
4
5
4
3
0
-2
-1
0
0
-1
-2
-1
-2
-3
-3
-1
-1
-1
-2
-1
-1
-2
-1
-2
-2
-1
-1
-1
-3
-3
-3
-4
-4
-3
-4
-4
-5
-5
-4
-4
-4
-3
-5
-6
-6
-6
-4
-4
-4
-4
-2
-2
-4
-2
-1
-1
-1
-2
-1
0
0
1
1
1
0
0
2
3
4
2
2
3
3
2
1
0
1
1
1
3
3
2
1
2
1
1
1
0
0
-1
0
0
1
-1
-1
-1
-1
-3
-3
-2
-1
0
-2
0
-1
-1
-1
-2
-3
-3
-3
-3
-3
-2
0
0
-1
0
0
1
0
1
0
0
2
2
1
1
2
2
2
0
1
2
2
1
3
2
2
3
1
2
0
-1
-1
-2
-1
0
1
1
1
2
3
3
3
3
4
5
3
4
3
2
3
0
1
1
2
2
1
-1
0
1
1
2
2
2
3
4
3
2
2
3
2
2
2
3
4
1
0
0
0
1
1
0
1
1
-1
-2
-2
-3
-3
-4
-4
-5
-4
-4
-4
-2
-3
-3
-4
-4
-3
-2
-2
-3
-3
-2
-3
-2
-2
-2
0
0
-1
-1
-1
-1
-1
0
-1
-1
-1
0
0
0
0
1
1
1
0
0
-1
0
-1
0
-1
0
2
0
-2
-2
-3
-3
-3
-3
-2
-2
-1
-1
0
-2
0
0
0
-2
-2
0
0
0
0
0
-1
0
0
0
0
1
0
-1
-1
0
-2
-1
-1
-1
0
0
2
1
2
2
3
3
3
4
3
4
5
4
4
3
2
2
2
1
1
1
2
2
1
1
1
2
0
0
1
1
2
1
1
0
-1
-2
0
-1
0
1
0
2
2
0
-1
0
-1
-1
-1
-1
-1
-1
0
0
1
0
1
1
1
1
2
1
2
0
-1
-1
-1
0
0
0
0
1
1
1
0
-1
0
0
-2
-2
0
0
0
-1
-2
-2
-2
-2
-2
-1
-1
0
0
1
2
2
1
1
-1
-2
-1
0
0
-2
-3
-4
-3
-1
0
-1
0
0
0
0
0
1
1
1
-1
-1
0
-1
0
0
0
0
1
1
1
0
0
0
0
1
1
2
2
0
1
-1
0
-2
-1
0
-2
0
0
0
-1
-1
-1
-2
-2
1
0
-1
0
-1
1
0
0
0
-1
-1
-2
0
0
-1
0
-1
-1
-1
1
2
0
1
0
1
0
0
1
0
1
2
2
1
1
1
1
0
1
1
-1
0
0
1
0
1
1
1
0
0
-1
-1
-1
-1
1
0
0
0
-1
0
0
1
3
2
3
2
3
2
1
1
1
1
-1
2
2
3
2
2
1
0
1
2
2
1
2
3
2
2
1
-1
-2
0
-1
-1
-1
-1
-3
-2
-1
-1
0
1
1
3
2
1
0
1
-1
-1
0
1
1
1
2
2
1
1
0
0
0
-1
0
-2
-1
-1
-2
-2
-2
-1
-2
-2
-2
-2
-2
0
0
0
0
0
-1
-1
0
-1
-1
0
-1
-1
-1
-2
-1
-2
-1
0
-1
-1
0
-1
-1
0
0
-2
-2
-1
-1
-1
-1
-1
1
1
0
0
0
0
-1
0
0
0
1
0
-1
0
-1
-1
-1
0
0
2
3
1
1
-1
-1
0
-1
0
1
1
-1
-2
-3
-2
-3
-3
-1
-2
-1
-1
1
0
-2
-3
-3
-3
-1
1
3
4
4
4
4
2
1
1
4
5
5
6
6
5
5
3
3
3
4
3
4
9
5
1
2
2
-1
-1
0
4
3
3
3
0
-1
-4
-4
-3
-2
-1
-3
-2
0
-2
-4
-2
-1
-5
-5
0
2
1
1
1
0
-2
-2
1
2
2
0
2
3
0
-2
0
-1
-2
0
1
-2
-5
-6
-7
-6
-5
-7
-5
-1
0
0
-1
0
0
-2
-3
-1
1
-2
-2
0
-1
-4
-9
-7
-1
-6
-6
2
5
1
-1
5
7
3
2
4
5
5
3
3
4
1
-5
-5
0
0
-6
-3
3
4
-3
-2
2
1
-2
-1
5
7
0
-1
1
0
-5
-6
-1
-1
-2
1
7
4
-2
-4
-2
-1
-3
-5
-3
3
1
-2
2
3
-3
-6
4
11
7
6
12
17
14
11
12
16
12
6
10
17
11
1
7
8
-6
-11
-1
0
-7
-6
-5
-10
-14
-17
-23
-23
-22
-26
-25
-14
-17
-25
-20
-14
-21
-23
-14
-10
-12
-10
-5
-1
-2
1
1
3
8
7
9
17
22
16
20
30
30
23
26
30
27
22
26
30
25
20
25
27
25
24
24
20
19
20
19
21
22
18
13
12
9
-3
-9
-9
-14
-16
-17
-18
-22
-29
-34
-36
-35
-38
-42
-32
-32
-38
-38
-36
-42
-56
-53
-47
-47
-42
-36
-30
-30
-35
-38
-31
-21
-22
-22
1
16
9
9
24
21
8
11
21
28
38
48
54
61
63
54
54
60
62
58
60
74
77
66
59
60
51
36
34
45
42
28
31
41
37
17
10
8
-3
-13
-7
-6
-8
-11
-20
-26
-30
-46
-65
-61
-62
-75
-70
-64
-74
-89
-108
-107
-98
-118
-132
-103
-88
-109
-107
-87
-90
-116
-125
-97
-73
-90
-82
-30
-30
-48
-12
9
-6
10
45
54
74
114
120
121
157
174
155
156
197
206
192
219
246
231
214
222
220
205
192
173
163
159
136
114
96
76
32
-5
-8
-32
-67
-81
-98
-125
-148
-159
-187
-211
-199
-210
-231
-215
-202
-224
-224
-201
-197
-208
-193
-189
-173
-149
-184
-191
-114
-108
-184
-153
-82
-134
-186
-120
-90
-140
-131
-85
-91
-89
-64
-70
-49
7
6
11
122
198
173
195
289
309
265
297
361
370
381
436
484
490
481
462
418
402
372
313
306
321
273
220
216
171
55
-11
-27
-74
-105
-106
-110
-142
-193
-240
-287
-339
-368
-372
-365
-336
-316
-317
-309
-326
-353
-358
-341
-326
-283
-237
-236
-198
-164
-226
-229
-226
-239
-204
-184
-181
-132
-96
-158
-151
-90
-164
-184
-96
-102
-94
-27
5
18
42
63
88
130
180
241
309
346
395
414
377
408
470
474
497
555
582
572
561
560
519
436
372
356
345
330
323
304
237
160
85
18
-31
-81
-108
-128
-148
-159
-212
-286
-338
-391
-440
-445
-407
-405
-390
-366
-395
-392
-380
-429
-450
-399
-374
-383
-307
-221
-309
-335
-259
-311
-369
-284
-223
-266
-198
-97
-186
-221
-81
-143
-276
-145
14
-54
-60
144
171
49
112
208
154
155
258
322
340
449
514
457
466
490
438
468
587
615
580
621
672
610
569
565
490
419
401
420
420
398
364
261
151
83
-6
-85
-114
-132
-191
-247
-236
-305
-443
-495
-547
-589
-584
-570
-497
-485
-521
-502
-507
-535
-564
-529
-520
-502
-326
-371
-381
-190
-330
-436
-267
-282
-355
-269
-162
-229
-184
-111
-229
-117
-81
-167
-66
-11
30
105
69
133
186
120
85
217
266
172
298
399
369
436
469
475
496
473
484
514
612
647
625
697
729
688
651
652
616
517
499
499
484
487
406
326
288
132
8
-7
-86
-175
-223
-242
-289
-376
-460
-515
-600
-673
-679
-634
-612
-587
-587
-558
-524
-626
-606
-476
-559
-603
-340
-286
-377
-326
-290
-306
-320
-406
-328
-177
-303
-301
-45
-121
-237
-51
-99
-111
-59
-62
83
114
40
116
163
152
126
165
191
244
276
162
349
440
217
323
455
360
400
441
493
480
479
591
635
644
667
677
671
666
668
606
586
621
506
477
515
396
272
228
113
-29
-90
-116
-198
-316
-364
-404
-514
-656
-666
-686
-772
-722
-670
-656
-586
-614
-594
-621
-600
-468
-575
-473
-406
-334
-247
-364
-289
-169
-399
-412
-178
-221
-346
-234
9
-296
-202
-41
-257
-167
44
-144
-22
155
72
90
105
173
153
156
83
282
240
207
342
275
218
327
247
186
443
434
266
478
600
384
501
579
530
596
612
681
736
704
712
680
613
591
550
436
429
442
313
226
204
108
-42
-158
-192
-258
-352
-399
-492
-501
-622
-701
-662
-687
-712
-679
-562
-565
-574
-465
-598
-523
-343
-652
-412
-185
-407
-271
-71
-264
-316
-148
-342
-434
-105
-224
-328
10
-213
-157
-115
-358
-110
58
-303
-84
326
-28
-111
223
101
-117
204
-2
58
433
181
97
337
230
96
86
97
246
296
307
420
558
375
282
397
331
328
460
501
671
716
617
734
694
492
382
358
403
401
421
490
446
257
128
80
-107
-194
-166
-179
-147
-131
-166
-179
-317
-490
-501
-551
-565
-421
-345
-330
-272
-267
-352
-377
-548
-500
-260
-515
-395
59
-276
-432
28
-380
-558
-194
-482
-443
-16
-236
-391
68
-145
-488
-81
-257
-340
71
-271
-28
374
-174
-163
201
-72
-199
8
52
59
220
-3
106
306
-87
-175
170
37
-109
69
144
217
119
219
346
212
158
319
265
293
457
408
412
586
609
605
713
604
503
546
468
454
568
578
451
388
372
262
173
67
53
71
-14
30
80
-4
-100
-216
-243
-298
-346
-317
-335
-209
-177
-269
-174
-215
-358
-462
-344
-280
-333
-267
-137
-170
-248
-284
-263
-261
-471
-379
-284
-295
-313
-322
-287
-357
-446
-521
-395
-304
-501
-473
-92
-270
-535
-257
-168
-566
-521
-129
-275
-303
-224
-95
-146
-149
-195
-86
39
-35
6
90
373
319
131
229
652
484
408
788
760
538
694
753
646
828
726
652
829
941
841
796
818
704
532
493
538
588
500
321
424
283
144
125
-80
-101
-37
-127
-163
9
-131
-328
-306
-330
-405
-370
-336
-298
-183
-172
-363
-158
-196
-633
-384
-199
-612
-264
-164
-412
-219
-514
-524
-567
-762
-666
-600
-647
-666
-619
-447
-1078
-700
-364
-1417
-635
-173
-969
-672
-152
-335
-743
-376
158
-598
-339
518
-110
156
433
354
372
185
618
396
387
823
727
435
771
751
535
343
677
685
332
873
785
478
676
721
323
515
605
473
428
683
830
636
562
611
555
248
297
456
492
364
455
379
234
210
-49
-57
7
-102
-134
4
-58
-125
-247
-402
-341
-380
-623
-533
-300
-455
-615
-393
-337
-871
-728
-436
-772
-858
-431
-451
-930
-649
-456
-920
-921
-584
-756
-783
-634
-521
-379
-716
-492
-338
-475
-302
-280
-239
-88
158
-138
-122
545
-28
-116
387
314
328
328
437
592
238
319
612
250
563
559
355
576
621
460
187
608
379
-35
548
396
297
715
472
402
589
290
255
324
344
338
476
573
543
664
514
357
431
307
176
237
243
326
198
162
159
-52
-224
-330
-304
-290
-385
-350
-86
-335
-599
-365
-599
-908
-579
-618
-743
-395
-290
-637
-483
-301
-751
-676
-416
-498
-484
-395
-18
-242
-674
72
-330
-748
-151
39
-499
-142
543
-394
-145
186
-244
-415
170
-55
-62
278
197
132
-10
373
-163
0
125
270
305
71
655
466
-58
253
562
50
-7
600
510
19
569
556
-145
241
371
-135
-25
595
249
105
600
357
36
194
113
49
279
244
377
404
489
404
276
306
192
154
21
280
370
178
155
119
41
-140
-281
-239
-216
-252
-270
-89
-61
-328
-332
-343
-341
-409
-282
-115
-198
-87
-108
-195
-29
-53
-408
-88
-229
143
-288
-325
80
-354
-466
-395
-249
-584
-473
-305
-517
-584
132
-950
-533
-13
-799
-460
-277
10
-393
-265
111
-186
62
45
-237
348
107
228
192
1
665
271
-17
237
479
294
-182
519
424
-155
242
181
-32
-53
49
69
-78
299
307
-20
394
168
107
141
213
349
198
467
449
562
681
479
503
495
370
397
455
563
485
457
432
258
226
165
-6
137
169
0
234
293
5
-84
-60
-210
-262
-214
-232
-40
-181
-251
-163
-95
-559
-401
-239
-733
-257
-198
-684
-179
-288
-937
-401
-402
-698
-786
-65
-552
-667
-38
-524
-485
-417
-528
-233
-383
-469
291
-336
-436
-52
311
-560
-364
566
-217
-408
363
194
-21
-33
-66
225
-89
151
-81
355
265
-100
327
157
72
148
34
203
268
293
362
360
555
344
439
439
307
599
466
486
747
702
717
669
689
661
522
436
560
563
456
396
501
362
65
88
-11
-41
-133
-106
-112
-64
-127
-111
-297
-357
-182
-522
-516
-105
-136
-631
-176
25
-506
-690
-116
-297
-698
-356
-157
-455
-643
-110
-767
-621
-479
-510
-561
-858
32
-774
-676
-277
-596
-752
-387
-410
-579
-303
-69
-277
-380
127
-278
11
116
-109
306
168
102
441
189
249
200
264
286
302
396
281
535
188
247
486
104
226
271
236
207
457
398
331
596
365
354
404
393
355
536
443
577
546
519
663
408
526
487
437
346
534
507
273
421
435
89
17
40
24
-35
-66
50
-8
-10
-105
-112
-384
-278
-275
-380
-263
-208
-197
-378
-261
-299
-649
-344
-276
-852
-310
-382
-604
-405
-641
-489
-772
-608
-568
-669
-384
-481
-555
-445
-472
-436
-779
-446
18
-790
-185
21
-397
-72
-279
-183
-89
-94
-31
14
88
184
101
95
-156
500
205
-401
654
467
-126
280
760
-47
154
442
204
362
317
515
316
491
485
314
453
528
486
496
444
669
522
267
656
504
425
482
520
630
405
492
631
280
419
469
162
316
334
255
13
137
166
-68
-127
-38
97
-275
-254
-57
-185
-557
-338
-149
-672
-353
-237
-529
-481
-283
-536
-765
-259
-560
-847
-387
-485
-639
-542
-828
-330
-701
-884
-601
-348
-598
-879
-290
-158
-966
-196
-292
-578
-80
-398
-47
-199
-169
247
-256
-92
451
-141
138
155
437
84
60
528
327
-10
552
323
91
525
407
197
332
497
437
193
347
755
184
459
528
545
488
368
823
575
270
835
565
262
785
605
469
492
690
487
352
700
416
177
411
272
103
164
149
174
-179
-107
56
-235
-338
-193
-199
-523
-374
-278
-482
-592
-449
-496
-666
-392
-555
-519
-500
-595
-544
-478
-464
-637
-415
-507
-589
-459
-419
-588
-608
-393
-603
-554
-212
-647
-332
-397
-499
-174
-505
-160
-288
-376
149
-338
-197
312
-251
-136
198
238
108
72
410
222
-81
697
62
285
587
193
430
176
829
135
191
717
476
22
641
634
137
508
480
465
264
652
506
478
523
583
459
300
459
616
347
424
714
412
309
606
433
25
500
166
-36
260
219
14
-65
-106
-81
-166
-387
-181
-148
-509
-341
-104
-508
-607
-199
-584
-821
-172
-437
-749
-394
-269
-661
-662
-439
-161
-851
-639
-142
-551
-745
-339
-323
-978
-275
-266
-937
-247
16
-867
-487
72
-379
-718
120
-84
-346
111
-141
121
-111
197
166
-147
361
601
74
71
842
399
-86
369
828
136
265
676
551
226
198
908
211
69
679
401
150
509
672
127
346
599
267
399
623
275
469
397
329
499
409
376
480
429
196
589
299
121
266
161
-52
157
193
-70
-19
-205
-10
-328
-282
-112
-378
-426
-429
-46
-456
-628
-198
-544
-817
-258
-588
-574
-443
-548
-636
-644
-286
-674
-891
-357
-496
-836
-608
-337
-382
-883
-397
-254
-614
-292
-222
-379
-216
-98
-275
-93
160
-156
-180
439
38
15
338
156
257
40
530
264
86
485
552
172
79
735
322
-64
660
637
-106
585
476
273
307
301
430
324
362
302
550
456
135
544
560
110
640
308
322
560
351
378
435
478
273
376
417
300
364
179
92
273
-13
84
234
-196
-116
46
-307
-252
-234
-223
-453
-333
-328
-406
-420
-576
-322
-704
-714
-443
-357
-936
-347
-404
-917
-378
-161
-959
-514
41
-854
-512
-19
-393
-533
-173
-166
-521
-228
327
-591
-241
192
-21
-276
10
50
75
-259
101
244
-206
37
163
313
-397
453
316
-134
339
493
-67
68
638
-21
229
269
332
247
314
211
447
252
-57
433
292
105
267
548
-21
225
611
167
79
431
397
263
319
535
517
203
423
508
286
311
492
346
192
361
250
128
308
159
-183
55
144
-184
-171
-68
-65
-430
-285
-67
-339
-530
-276
-181
-710
-332
-112
-549
-659
-51
-507
-524
-253
-402
-593
-277
-183
-683
-338
-98
-471
-690
-158
-159
-346
-760
236
-222
-906
-27
220
-661
-478
472
-525
-380
249
-261
-571
471
-515
-129
238
-179
79
14
229
-109
269
-58
119
451
-66
195
637
-179
252
524
-78
381
414
219
322
318
501
531
517
333
506
601
449
730
758
677
789
637
707
949
652
660
690
649
483
596
476
522
402
-14
256
241
-39
-66
47
-252
-206
-265
-318
-435
-442
-402
-673
-374
-445
-622
-523
-563
-703
-628
-523
-582
-706
-365
-843
-512
-309
-910
-745
-349
-809
-730
-293
-836
-633
-273
-818
-944
-135
-513
-770
-544
-74
-436
-590
-377
17
-266
-683
3
125
-126
-118
211
151
162
139
330
134
487
589
-118
519
980
108
144
1008
619
-8
794
845
238
730
744
484
864
804
507
862
835
821
903
842
1029
986
724
972
1102
720
646
880
680
499
633
511
345
266
78
35
54
-167
-219
-298
-436
-399
-519
-697
-661
-559
-903
-779
-473
-782
-1003
-567
-789
-1047
-746
-703
-751
-864
-715
-768
-529
-896
-890
-615
-625
-1156
-435
-513
-932
-704
-336
-831
-937
-79
-462
-946
-238
196
-914
-113
-22
-205
-219
10
-49
221
359
32
87
493
299
246
577
231
579
615
219
608
774
367
582
520
670
753
700
432
895
998
466
640
1113
951
602
986
1033
985
943
941
964
1039
941
883
786
893
742
510
650
621
336
200
124
48
5
-301
-288
-299
-384
-798
-716
-431
-1003
-1009
-790
-883
-888
-960
-828
-935
-982
-918
-989
-909
-755
-878
-705
-812
-764
-585
-930
-657
-537
-827
-721
-475
-519
-603
-701
-531
-422
-339
-897
-420
176
-434
-945
296
127
-799
174
45
-6
196
11
294
345
166
485
261
531
554
663
123
573
1036
317
264
1141
502
270
921
515
901
808
688
625
792
814
887
735
921
1169
852
746
1264
1183
707
823
958
749
743
898
670
592
339
255
237
37
61
-53
-273
-254
-344
-565
-677
-663
-841
-1003
-792
-679
-924
-899
-844
-983
-968
-856
-736
-960
-713
-538
-813
-811
-524
-591
-748
-880
-546
-150
-699
-961
-387
-359
-994
-699
-299
-461
-992
-478
-427
-375
-507
-886
-55
196
-944
-358
635
-149
-732
122
751
-131
-46
411
650
194
74
696
781
242
404
856
496
667
727
673
890
1022
702
711
996
1056
954
703
1124
1426
950
755
1401
1368
739
741
1092
1068
921
737
859
883
343
62
306
378
70
-115
-66
63
-300
-777
-579
-400
-919
-967
-596
-556
-829
-989
-922
-883
-976
-843
-766
-694
-635
-741
-702
-546
-602
-838
-663
-394
-562
-649
-453
-423
-720
-817
-580
-538
-741
-562
-743
-751
-561
-561
-888
-852
-268
-613
-536
-499
-313
-99
-544
-565
206
223
-237
78
544
215
313
566
322
645
836
420
565
1082
1310
873
570
1038
1118
1008
849
1188
1384
1085
1056
1133
1440
1438
744
719
1223
1226
792
836
1210
864
280
242
631
518
87
11
164
156
-159
-535
-449
-394
-698
-714
-546
-404
-742
-944
-858
-822
-777
-836
-726
-571
-678
-721
-707
-701
-600
-715
-685
-449
-242
-533
-694
-458
-485
-728
-715
-498
-520
-712
-764
-623
-722
-1025
-1025
-497
-624
-895
-652
-475
-631
-821
-730
-311
-347
-620
-212
54
-87
-37
210
144
250
562
540
540
945
1081
964
959
1027
1110
1240
1343
1389
1497
1454
1487
1357
1486
1577
1335
1125
1175
1211
1048
989
985
875
594
365
330
409
254
74
-1
65
-38
-384
-564
-428
-479
-652
-680
-547
-556
-761
-798
-792
-742
-705
-767
-815
-563
-474
-753
-736
-532
-622
-695
-534
-455
-396
-491
-698
-562
-339
-687
-887
-446
-384
-725
-863
-711
-622
-791
-896
-736
-727
-590
-820
-1050
-474
-456
-1149
-729
75
-498
-736
249
208
-478
-167
277
388
529
524
806
1304
1111
849
1168
1569
1580
1424
1537
1827
1718
1446
1613
1799
1607
1451
1415
1439
1343
1064
802
671
641
355
80
180
291
-48
-397
-303
-244
-573
-813
-731
-652
-644
-722
-835
-764
-654
-784
-861
-580
-374
-610
-647
-332
-231
-497
-510
-242
-252
-393
-372
-171
-152
-415
-600
-362
-170
-461
-722
-562
-564
-794
-822
-762
-808
-916
-880
-860
-947
-935
-800
-857
-923
-773
-679
-748
-562
-352
-463
-411
-81
94
-134
-70
466
855
836
731
736
931
1126
1216
1333
1596
1769
1513
1454
1816
1993
1796
1520
1494
1629
1543
1410
1405
1266
857
506
459
559
455
109
-153
-199
-290
-600
-821
-770
-778
-1013
-1096
-905
-883
-1070
-1124
-985
-806
-671
-598
-631
-580
-392
-338
-323
-116
69
-18
-60
173
193
-83
-97
115
20
-183
-181
-182
-402
-695
-779
-735
-727
-898
-1087
-1028
-947
-1137
-1298
-1249
-1117
-1065
-1124
-1001
-738
-669
-687
-584
-373
-207
-153
0
427
918
914
585
609
1016
1251
1293
1482
1775
1767
1483
1525
1922
2044
1708
1386
1495
1762
1620
1296
1202
1141
820
436
487
771
601
6
-295
-147
-237
-667
-840
-738
-798
-1050
-1111
-949
-974
-1207
-1335
-1149
-824
-740
-892
-896
-677
-551
-539
-382
-62
-22
-146
-26
245
278
134
172
281
281
167
128
128
-82
-372
-427
-355
-453
-704
-833
-830
-951
-1204
-1262
-1138
-1201
-1327
-1236
-1082
-988
-961
-958
-795
-574
-386
-224
184
646
642
442
614
1093
1325
1309
1557
1839
1806
1721
1845
2123
2113
1817
1634
1703
1789
1647
1438
1286
1099
791
531
519
541
286
-102
-317
-350
-445
-721
-909
-939
-977
-1112
-1158
-1085
-1126
-1227
-1263
-1088
-881
-836
-872
-822
-683
-561
-429
-236
-111
-61
-23
78
221
252
280
311
343
301
196
131
71
-45
-175
-251
-302
-442
-614
-725
-816
-920
-1029
-1099
-1148
-1199
-1237
-1193
-1092
-1017
-961
-887
-774
-640
-443
-104
288
393
291
317
661
1055
1244
1390
1531
1589
1623
1744
1985
2091
1920
1667
1644
1816
1809
1615
1423
1253
1007
777
733
750
538
158
-103
-187
-326
-643
-884
-939
-994
-1134
-1250
-1250
-1272
-1347
-1378
-1310
-1160
-1069
-1085
-1050
-861
-666
-582
-471
-248
-57
4
62
211
340
411
509
592
554
382
251
229
194
98
-35
-112
-225
-420
-616
-772
-886
-1019
-1135
-1211
-1274
-1312
-1334
-1328
-1270
-1125
-940
-845
-791
-544
-146
223
320
261
360
749
1165
1370
1532
1688
1737
1759
1927
2238
2355
2130
1849
1789
1935
1934
1749
1529
1298
1049
814
747
745
529
127
-174
-234
-356
-672
-932
-1030
-1112
-1270
-1380
-1374
-1412
-1539
-1589
-1499
-1352
-1316
-1343
-1273
-1085
-887
-793
-685
-493
-314
-195
-90
66
214
310
414
505
521
433
353
328
276
200
125
30
-77
-228
-404
-558
-702
-827
-950
-1051
-1121
-1202
-1271
-1268
-1212
-1154
-1056
-950
-838
-617
-273
93
209
154
236
637
1146
1412
1517
1635
1775
1888
2073
2396
2539
2364
2089
2028
2196
2238
2042
1749
1518
1311
1090
947
880
672
263
-106
-257
-377
-681
-1004
-1187
-1273
-1406
-1572
-1657
-1681
-1724
-1785
-1732
-1598
-1516
-1501
-1452
-1260
-1024
-909
-820
-614
-370
-216
-135
4
154
256
357
455
481
372
252
243
238
140
32
-58
-162
-311
-462
-605
-760
-866
-962
-1056
-1118
-1162
-1205
-1236
-1184
-1052
-922
-837
-715
-443
-39
296
357
275
383
804
1292
1564
1673
1776
1877
1978
2199
2543
2667
2437
2136
2097
2292
2379
2198
1883
1587
1359
1198
1118
1032
774
353
-17
-187
-323
-599
-942
-1188
-1338
-1488
-1647
-1743
-1813
-1920
-1998
-1967
-1860
-1806
-1791
-1721
-1533
-1309
-1156
-1014
-807
-571
-376
-215
-57
111
295
463
562
577
503
400
352
324
253
143
15
-149
-341
-506
-666
-859
-1030
-1170
-1285
-1391
-1465
-1479
-1483
-1455
-1369
-1233
-1103
-953
-653
-180
239
344
272
398
861
1406
1744
1923
2057
2169
2281
2511
2876
3039
2821
2476
2375
2555
2653
2477
2129
1782
1500
1302
1226
1139
855
434
60
-160
-306
-567
-903
-1185
-1377
-1516
-1624
-1690
-1802
-1951
-2031
-1979
-1873
-1833
-1842
-1780
-1614
-1410
-1234
-1087
-916
-731
-550
-364
-161
31
189
341
460
501
457
384
351
318
260
189
86
-66
-266
-455
-627
-797
-954
-1105
-1265
-1416
-1535
-1585
-1589
-1558
-1505
-1430
-1338
-1194
-900
-453
-37
109
55
162
631
1218
1594
1776
1934
2115
2302
2565
2952
3189
3017
2662
2563
2801
2968
2810
2446
2080
1769
1532
1437
1384
1112
609
140
-77
-192
-468
-855
-1186
-1389
-1545
-1679
-1741
-1822
-1985
-2135
-2097
-1899
-1772
-1789
-1785
-1638
-1413
-1197
-999
-798
-619
-470
-315
-100
139
318
424
491
539
539
495
429
335
218
122
37
-82
-278
-506
-710
-897
-1072
-1222
-1353
-1518
-1703
-1816
-1818
-1748
-1677
-1621
-1552
-1469
-1257
-885
-410
-87
-47
-56
218
781
1303
1567
1704
1887
2136
2404
2739
3072
3147
2910
2670
2753
3039
3116
2858
2461
2126
1896
1739
1661
1522
1159
637
208
-8
-180
-488
-894
-1238
-1458
-1609
-1710
-1797
-1945
-2149
-2256
-2123
-1877
-1727
-1737
-1753
-1615
-1341
-1037
-760
-520
-364
-263
-98
186
488
668
710
702
695
701
692
621
447
230
60
-44
-153
-361
-660
-973
-1226
-1382
-1484
-1608
-1796
-2005
-2139
-2136
-2011
-1861
-1771
-1718
-1620
-1335
-886
-415
-170
-123
-40
321
879
1344
1610
1763
1934
2166
2458
2806
3060
3035
2813
2687
2818
3018
2995
2711
2336
2017
1811
1707
1651
1450
1023
513
148
-21
-187
-498
-888
-1213
-1430
-1572
-1654
-1752
-1937
-2146
-2209
-2030
-1765
-1636
-1674
-1709
-1578
-1275
-882
-524
-299
-223
-165
41
414
758
916
907
845
820
855
888
801
564
270
53
-61
-168
-405
-762
-1135
-1416
-1569
-1646
-1762
-2004
-2292
-2456
-2409
-2218
-2017
-1929
-1897
-1839
-1583
-1102
-515
-110
-9
11
260
807
1378
1748
1967
2139
2339
2586
2894
3167
3227
3033
2816
2839
3017
3039
2778
2384
2023
1747
1550
1455
1335
1012
506
41
-213
-358
-599
-951
-1289
-1506
-1617
-1695
-1795
-1955
-2128
-2183
-2031
-1753
-1537
-1486
-1541
-1494
-1249
-852
-461
-198
-72
19
215
531
843
1034
1086
1044
979
988
1045
1016
776
406
133
8
-98
-318
-651
-1037
-1376
-1601
-1727
-1838
-2050
-2354
-2571
-2559
-2353
-2160
-2080
-2079
-2035
-1881
-1496
-916
-272
117
166
134
400
1028
1677
2102
2327
2494
2658
2828
3073
3339
3434
3261
2995
2915
2993
2981
2694
2247
1791
1440
1209
1099
980
633
48
-519
-822
-915
-1047
-1339
-1694
-1949
-2067
-2097
-2095
-2116
-2199
-2271
-2164
-1830
-1469
-1300
-1302
-1238
-967
-544
-141
160
339
463
599
817
1087
1326
1409
1296
1130
1063
1085
1019
779
422
98
-156
-362
-566
-799
-1094
-1452
-1768
-1969
-2070
-2192
-2382
-2523
-2509
-2364
-2229
-2133
-2026
-1867
-1680
-1416
-946
-276
338
551
483
547
1044
1763
2350
2682
2825
2885
2906
3053
3375
3661
3605
3214
2874
2802
2862
2750
2379
1880
1362
963
753
686
482
-37
-700
-1171
-1332
-1402
-1577
-1873
-2174
-2382
-2440
-2338
-2207
-2188
-2284
-2265
-1995
-1552
-1175
-991
-895
-760
-476
-80
359
692
847
895
971
1159
1384
1532
1468
1237
1038
975
973
832
482
26
-377
-642
-810
-934
-1118
-1455
-1893
-2232
-2327
-2273
-2270
-2401
-2522
-2502
-2333
-2105
-1877
-1676
-1532
-1360
-1071
-518
171
752
957
918
998
1427
2109
2679
2975
3050
3060
3105
3228
3454
3629
3546
3192
2819
2664
2653
2541
2185
1666
1116
672
398
268
65
-377
-977
-1467
-1694
-1794
-1947
-2177
-2384
-2493
-2505
-2432
-2318
-2241
-2223
-2162
-1907
-1478
-1035
-735
-578
-445
-233
113
529
928
1139
1164
1145
1231
1399
1506
1464
1280
1064
887
740
560
274
-103
-505
-821
-1040
-1206
-1416
-1724
-2053
-2313
-2406
-2375
-2319
-2325
-2396
-2416
-2292
-2019
-1682
-1385
-1163
-990
-755
-400
146
766
1301
1538
1572
1655
1996
2526
2975
3226
3302
3292
3263
3284
3405
3496
3361
2989
2617
2437
2344
2143
1728
1198
650
193
-121
-300
-501
-894
-1402
-1834
-2072
-2182
-2270
-2344
-2415
-2479
-2511
-2436
-2277
-2116
-1988
-1829
-1531
-1144
-750
-433
-191
8
169
382
673
1021
1252
1269
1157
1070
1114
1212
1241
1112
834
502
201
-11
-158
-350
-679
-1134
-1524
-1725
-1792
-1910
-2109
-2276
-2330
-2294
-2245
-2178
-2098
-2021
-1922
-1702
-1335
-957
-739
-618
-388
11
466
923
1406
1887
2114
2102
2104
2414
2876
3171
3273
3304
3340
3261
3167
3207
3297
3142
2661
2202
1992
1898
1644
1194
691
143
-378
-754
-871
-929
-1203
-1661
-2061
-2242
-2320
-2397
-2427
-2375
-2293
-2252
-2180
-1994
-1748
-1573
-1443
-1213
-823
-350
3
216
320
418
536
688
910
1102
1188
1082
895
791
833
869
694
372
61
-159
-366
-595
-796
-1019
-1339
-1714
-1935
-1921
-1851
-1907
-2068
-2162
-2126
-2024
-1879
-1678
-1474
-1345
-1237
-1018
-680
-358
-82
199
523
795
1029
1365
1893
2380
2521
2392
2389
2655
2948
3067
3141
3253
3269
3063
2842
2822
2829
2553
2022
1595
1419
1300
1004
573
104
-427
-951
-1252
-1216
-1102
-1252
-1701
-2193
-2463
-2469
-2293
-2088
-1977
-1984
-2034
-1965
-1737
-1448
-1216
-1070
-919
-668
-287
101
347
380
325
329
491
739
929
980
822
550
347
369
496
452
187
-180
-455
-647
-823
-953
-1071
-1248
-1535
-1786
-1854
-1793
-1734
-1771
-1800
-1753
-1647
-1497
-1306
-1080
-938
-863
-713
-379
47
356
527
650
844
1038
1317
1774
2428
2850
2770
2394
2226
2460
2795
3008
3106
3124
2978
2650
2437
2436
2399
2039
1463
1100
1008
980
739
289
-315
-971
-1408
-1402
-1091
-921
-1193
-1728
-2187
-2375
-2312
-2079
-1794
-1658
-1754
-1883
-1802
-1511
-1252
-1154
-1080
-881
-554
-235
3
131
137
126
164
368
659
850
804
534
270
172
276
403
365
177
-89
-362
-620
-819
-938
-1062
-1229
-1396
-1456
-1445
-1516
-1669
-1755
-1673
-1476
-1285
-1091
-896
-756
-739
-745
-540
-105
338
591
708
825
964
1059
1213
1572
2172
2654
2721
2445
2181
2138
2244
2412
2612
2739
2689
2463
2255
2141
1982
1678
1296
994
812
727
686
502
-29
-861
-1520
-1569
-1136
-753
-823
-1306
-1922
-2382
-2484
-2193
-1744
-1489
-1593
-1817
-1849
-1636
-1367
-1192
-1104
-1041
-899
-600
-208
76
92
-79
-125
136
577
892
897
663
367
238
301
437
489
353
113
-138
-296
-406
-536
-738
-1035
-1248
-1270
-1141
-1065
-1185
-1429
-1626
-1591
-1307
-870
-459
-288
-377
-538
-506
-197
273
674
886
954
963
963
996
1144
1447
1932
2391
2555
2354
1971
1741
1757
1954
2118
2175
2179
2116
2032
1883
1678
1398
1053
738
520
488
537
439
6
-746
-1425
-1661
-1405
-998
-844
-1067
-1543
-2016
-2289
-2248
-1961
-1667
-1552
-1593
-1617
-1503
-1278
-1048
-899
-874
-883
-768
-439
-21
215
173
4
-36
148
427
656
693
552
369
291
342
364
275
89
-95
-202
-257
-238
-256
-441
-792
-1110
-1167
-992
-750
-637
-695
-860
-1013
-979
-687
-263
65
194
193
179
213
329
538
796
991
1064
1062
1034
1024
1087
1345
1709
1937
1822
1471
1179
1131
1276
1444
1500
1386
1177
1072
1194
1383
1323
884
288
-130
-201
-12
211
199
-205
-869
-1409
-1490
-1134
-702
-555
-791
-1235
-1605
-1683
-1475
-1199
-1097
-1189
-1272
-1150
-819
-472
-319
-450
-739
-947
-868
-505
-96
105
25
-198
-372
-349
-127
163
314
257
113
60
111
159
114
-13
-132
-154
-43
143
260
164
-134
-454
-584
-459
-186
54
121
-6
-210
-281
-93
285
655
818
760
610
533
619
843
1086
1190
1139
1009
899
808
696
566
477
469
492
468
385
260
123
-42
-222
-367
-438
-416
-292
-89
95
137
-19
-269
-442
-409
-201
33
148
76
-118
-285
-285
-104
123
245
202
67
-52
-104
-101
-101
-158
-262
-333
-280
-110
48
49
-148
-448
-701
-803
-743
-603
-511
-545
-697
-873
-971
-947
-829
-672
-554
-529
-583
-661
-671
-565
-356
-111
84
193
247
313
438
597
733
801
832
885
980
1076
1128
1136
1134
1162
1228
1283
1267
1143
949
752
621
581
583
545
401
170
-81
-301
-468
-608
-755
-932
-1101
-1191
-1163
-1086
-1079
-1204
-1386
-1488
-1436
-1244
-1009
-832
-762
-740
-639
-388
-52
217
329
330
331
416
579
764
901
943
916
912
988
1114
1169
1075
849
609
481
490
568
592
478
247
13
-124
-153
-137
-170
-299
-478
-625
-693
-681
-630
-579
-560
-554
-518
-435
-339
-293
-294
-280
-211
-84
59
180
255
300
337
379
433
466
476
462
448
436
428
402
336
253
191
179
214
227
140
-52
-279
-436
-473
-429
-394
-430
-540
-681
-790
-844
-856
-864
-891
-918
-893
-809
-709
-638
-611
-594
-536
-418
-239
-26
185
364
507
605
662
698
737
794
867
937
983
998
985
941
899
881
870
838
759
631
464
300
174
107
70
32
-16
-67
-123
-176
-213
-232
-252
-301
-361
-392
-380
-341
-291
-228
-159
-91
-43
-17
-4
1
-7
-21
-35
-55
-59
-34
35
102
112
49
-52
-149
-205
-215
-213
-226
-306
-439
-548
-573
-530
-467
-427
-435
-481
-526
-544
-517
-465
-446
-446
-444
-404
-333
-266
-235
-258
-300
-319
-272
-175
-87
-46
-39
-34
20
108
182
212
223
256
364
538
722
843
860
784
677
611
625
692
737
716
647
594
600
661
718
714
625
475
333
265
266
295
300
277
248
254
297
359
397
373
289
180
91
37
2
-33
-79
-121
-144
-147
-143
-165
-236
-356
-503
-642
-754
-828
-858
-863
-855
-839
-821
-825
-837
-858
-887
-905
-913
-893
-861
-832
-790
-733
-648
-524
-383
-268
-187
-109
-54
17
89
136
155
162
168
194
242
284
321
334
307
277
275
300
315
285
224
162
118
102
130
179
229
277
339
430
538
624
651
624
562
507
500
548
624
686
713
718
736
782
837
871
850
760
635
529
473
461
466
466
459
444
423
398
357
283
174
35
-124
-273
-398
-496
-553
-580
-606
-644
-705
-793
-898
-1007
-1113
-1196
-1254
-1291
-1309
-1305
-1279
-1228
-1165
-1105
-1052
-1008
-974
-932
-886
-823
-738
-633
-505
-359
-204
-82
19
94
173
251
315
365
409
442
469
481
465
418
351
279
234
243
287
352
403
424
419
418
422
430
428
412
413
468
593
792
1014
1195
1297
1317
1284
1229
1172
1116
1051
980
915
876
871
886
899
869
782
642
461
262
61
-125
-281
-393
-466
-496
-490
-466
-443
-432
-456
-540
-686
-862
-1023
-1129
-1169
-1154
-1101
-1053
-1022
-991
-954
-919
-917
-979
-1076
-1164
-1209
-1194
-1114
-985
-835
-690
-556
-430
-329
-281
-269
-272
-274
-258
-221
-158
-70
18
94
180
261
329
365
371
344
293
223
143
65
-22
-100
-122
-67
51
217
394
541
632
663
665
691
744
807
875
970
1104
1296
1545
1819
2038
2125
2069
1920
1742
1573
1410
1238
1045
844
666
543
490
458
380
220
-13
-286
-567
-818
-1023
-1188
-1329
-1435
-1473
-1430
-1319
-1172
-1035
-952
-948
-1016
-1108
-1174
-1198
-1186
-1141
-1077
-1002
-904
-772
-610
-450
-339
-306
-338
-417
-511
-586
-622
-613
-555
-459
-339
-216
-111
-44
-20
-31
-74
-128
-177
-209
-218
-203
-160
-79
39
188
342
465
519
487
392
268
151
59
-1
-13
35
152
338
575
826
1038
1177
1254
1284
1280
1251
1209
1188
1228
1359
1573
1816
2002
2056
1961
1753
1485
1201
902
577
233
-105
-390
-582
-665
-676
-670
-693
-766
-895
-1079
-1284
-1474
-1630
-1736
-1768
-1706
-1551
-1329
-1063
-786
-543
-371
-286
-262
-272
-301
-336
-361
-359
-316
-215
-57
128
286
387
415
367
254
90
-103
-306
-501
-664
-772
-810
-786
-726
-649
-586
-552
-553
-580
-613
-643
-669
-669
-616
-488
-280
-17
257
493
665
772
843
887
896
853
761
655
582
576
661
832
1058
1282
1469
1595
1657
1644
1553
1391
1192
1000
869
828
865
931
965
932
839
701
522
293
-7
-371
-771
-1143
-1427
-1578
-1607
-1553
-1457
-1342
-1226
-1125
-1057
-1034
-1055
-1121
-1204
-1250
-1204
-1051
-797
-471
-130
171
405
573
687
736
703
590
427
260
140
97
126
199
284
363
425
459
456
399
274
79
-169
-429
-650
-790
-836
-807
-738
-662
-587
-512
-429
-343
-277
-257
-276
-303
-301
-246
-142
1
160
322
483
644
795
902
932
867
708
480
217
-29
-205
-267
-191
6
261
508
713
864
949
953
864
700
508
352
278
286
345
413
460
478
470
424
324
151
-89
-373
-675
-954
-1155
-1244
-1228
-1131
-977
-801
-630
-482
-366
-292
-269
-287
-308
-301
-254
-170
-52
95
262
434
602
744
830
844
794
693
559
405
246
96
-31
-124
-173
-174
-134
-67
14
86
130
126
55
-76
-254
-442
-606
-710
-741
-709
-637
-543
-432
-305
-164
-20
100
162
145
65
-35
-117
-150
-120
-37
78
196
294
347
323
199
-28
-323
-635
-897
-1050
-1060
-935
-723
-470
-194
99
384
619
764
812
783
728
691
698
738
778
794
795
801
813
806
753
635
445
206
-39
-242
-389
-493
-566
-604
-600
-542
-434
-292
-157
-81
-72
-109
-160
-198
-213
-191
-140
-66
31
166
339
522
675
772
796
748
639
489
312
126
-50
-185
-250
-233
-149
-36
69
134
136
64
-63
-221
-387
-546
-684
-783
-828
-805
-705
-536
-340
-165
-40
31
53
35
-13
-82
-156
-219
-249
-235
-191
-152
-151
-201
-300
-442
-623
-837
-1074
-1315
-1521
-1636
-1612
-1423
-1098
-698
-280
116
479
794
1034
1191
1275
1320
1366
1437
1537
1640
1720
1761
1763
1729
1655
1528
1337
1071
747
395
70
-178
-334
-422
-473
-504
-515
-510
-487
-465
-469
-520
-613
-700
-749
-738
-667
-542
-381
-201
-4
207
408
556
612
567
454
312
189
102
45
1
-43
-90
-126
-143
-142
-138
-150
-191
-269
-364
-445
-490
-496
-483
-455
-415
-354
-261
-140
-23
45
41
-14
-88
-154
-205
-246
-287
-339
-397
-439
-460
-474
-508
-578
-684
-810
-934
-1031
-1088
-1119
-1138
-1147
-1123
-1036
-870
-621
-309
26
336
610
871
1131
1383
1599
1762
1881
1980
2082
2191
2290
2341
2310
2188
1986
1736
1462
1184
899
601
290
-16
-269
-449
-580
-703
-841
-982
-1105
-1193
-1233
-1233
-1220
-1206
-1175
-1097
-964
-787
-588
-393
-229
-106
-11
71
145
199
220
209
178
147
128
117
105
80
24
-56
-142
-222
-289
-348
-401
-456
-506
-530
-506
-435
-344
-266
-212
-175
-146
-120
-98
-92
-103
-126
-147
-157
-161
-155
-141
-132
-138
-161
-190
-209
-222
-234
-258
-287
-298
-278
-225
-162
-106
-66
-41
-20
-9
-20
-54
-95
-113
-79
28
199
412
648
898
1156
1400
1601
1741
1816
1844
1835
1798
1735
1637
1493
1299
1073
845
624
405
174
-74
-329
-567
-762
-909
-1031
-1153
-1263
-1339
-1361
-1335
-1280
-1215
-1153
-1100
-1044
-960
-844
-711
-572
-435
-308
-194
-94
-9
48
66
38
-16
-64
-85
-84
-83
-97
-126
-157
-174
-165
-144
-136
-151
-177
-190
-174
-130
-69
-18
16
45
92
155
207
227
212
177
139
109
97
107
147
221
322
440
549
632
683
697
671
607
515
419
331
248
171
102
51
19
-3
-35
-90
-174
-282
-406
-534
-656
-757
-804
-777
-667
-484
-250
22
314
601
852
1045
1165
1215
1209
1172
1111
1035
940
822
680
519
358
205
55
-107
-295
-500
-702
-872
-1000
-1092
-1162
-1212
-1236
-1234
-1212
-1175
-1135
-1104
-1084
-1062
-1016
-932
-800
-629
-439
-238
-34
182
405
606
746
811
808
758
680
584
476
373
286
224
191
194
225
276
328
371
399
411
414
412
397
361
308
252
214
205
226
266
305
334
350
363
379
391
389
370
338
297
259
228
197
149
76
-9
-96
-178
-252
-330
-412
-496
-569
-613
-625
-613
-589
-566
-548
-535
-520
-503
-494
-508
-555
-624
-693
-729
-705
-621
-491
-336
-158
41
249
442
592
690
738
740
709
654
578
481
358
208
51
-93
-206
-285
-339
-383
-423
-440
-428
-387
-332
-266
-186
-96
-7
77
162
247
321
370
389
380
360
349
355
373
391
404
411
407
390
363
325
274
204
118
29
-38
-71
-63
-35
1
39
86
152
234
313
366
385
365
317
257
195
143
101
59
17
-19
-38
-43
-45
-60
-97
-153
-216
-277
-331
-382
-439
-500
-560
-604
-620
-607
-572
-532
-497
-476
-461
-449
-437
-429
-426
-429
-440
-455
-478
-508
-549
-589
-614
-611
-578
-515
-425
-309
-165
-2
173
349
526
699
856
984
1080
1136
1146
1108
1028
916
783
646
517
405
313
244
201
183
179
179
177
177
177
172
159
136
102
55
0
-59
-116
-166
-206
-232
-237
-221
-184
-133
-76
-18
35
85
134
175
204
216
207
180
128
58
-22
-101
-169
-223
-258
-272
-270
-254
-226
-189
-152
-119
-99
-96
-120
-165
-228
-296
-356
-402
-425
-423
-394
-342
-274
-203
-134
-74
-21
25
68
100
116
115
102
83
58
31
-4
-52
-113
-186
-262
-332
-392
-438
-467
-475
-462
-424
-366
-288
-201
-119
-48
7
44
69
87
102
115
127
146
179
223
272
312
337
334
307
265
219
187
180
198
241
309
403
514
628
731
814
874
911
920
901
851
772
667
548
426
312
211
118
31
-60
-158
-251
-331
-396
-451
-494
-526
-542
-540
-515
-470
-417
-374
-348
-346
-357
-376
-400
-423
-442
-443
-421
-364
-279
-179
-81
3
67
110
126
125
109
76
24
-37
-92
-131
-148
-150
-146
-144
-147
-158
-179
-209
-252
-301
-350
-395
-431
-451
-448
-419
-365
-294
-207
-106
7
122
230
321
396
456
503
538
550
532
487
415
320
202
66
-81
-227
-358
-454
-503
-502
-452
-354
-208
-28
170
367
553
712
835
917
958
967
941
875
772
641
495
350
215
94
-11
-99
-166
-209
-230
-236
-228
-209
-183
-157
-130
-104
-81
-65
-62
-69
-83
-102
-117
-120
-116
-106
-87
-61
-21
23
65
98
114
105
71
14
-64
-161
-276
-405
-541
-673
-792
-886
-950
-985
-989
-963
-908
-831
-740
-643
-538
-428
-316
-204
-92
24
137
247
353
459
558
647
727
796
853
897
927
946
955
948
928
893
840
766
670
553
420
273
117
-40
-193
-340
-475
-592
-680
-741
-774
-782
-767
-735
-688
-626
-551
-467
-381
-295
-210
-127
-48
23
85
140
181
214
241
268
297
323
349
375
403
437
476
519
558
589
609
617
610
590
557
512
456
387
317
247
180
117
56
-1
-54
-104
-150
-199
-252
-313
-380
-454
-530
-605
-674
-740
-800
-850
-886
-900
-894
-869
-834
-782
-715
-635
-542
-440
-341
-246
-162
-90
-30
15
47
68
77
81
88
109
146
198
260
332
415
503
587
665
732
784
818
827
813
778
719
636
535
419
299
179
66
-35
-128
-202
-253
-279
-290
-288
-271
-242
-211
-182
-154
-130
-114
-112
-122
-140
-159
-177
-189
-193
-186
-168
-136
-90
-35
29
95
165
235
297
346
385
410
421
417
399
368
327
281
235
188
140
92
45
-1
-45
-89
-130
-167
-203
-245
-284
-324
-362
-399
-432
-459
-474
-482
-482
-474
-457
-431
-391
-340
-282
-219
-153
-80
-7
61
118
165
201
222
228
220
202
169
129
82
34
-15
-65
-113
-159
-199
-231
-254
-265
-261
-244
-216
-173
-122
-59
13
91
168
241
310
372
429
473
503
520
524
523
516
504
485
456
417
371
321
264
203
139
75
10
-57
-121
-183
-243
-296
-348
-393
-431
-462
-485
-500
-503
-494
-469
-426
-367
-295
-211
-119
-22
73
166
247
315
369
408
433
447
446
432
406
374
339
301
259
214
167
112
57
0
-60
-123
-189
-258
-325
-394
-463
-526
-578
-622
-657
-681
-692
-686
-658
-613
-548
-466
-370
-265
-157
-53
43
130
205
263
306
338
360
372
379
383
382
388
405
427
449
473
497
519
533
539
534
520
499
469
431
385
333
270
201
125
48
-25
-92
-148
-198
-245
-283
-303
-309
-307
-298
-284
-267
-250
-233
-221
-211
-204
-203
-201
-200
-196
-190
-179
-165
-150
-133
-111
-85
-61
-41
-24
-11
-1
6
12
16
15
8
-2
-16
-32
-49
-66
-78
-91
-103
-115
-120
-126
-127
-126
-119
-108
-95
-83
-70
-57
-47
-41
-34
-25
-11
8
34
65
97
133
173
217
264
309
351
389
422
448
468
478
473
455
425
385
334
277
213
145
72
-2
-73
-138
-194
-241
-278
-305
-323
-332
-336
-336
-335
-335
-335
-334
-335
-337
-338
-336
-333
-323
-303
-277
-244
-206
-166
-120
-75
-31
10
46
73
92
106
115
119
113
99
80
58
34
9
-10
-27
-37
-43
-45
-40
-31
-20
-5
9
23
35
46
55
61
64
65
66
70
79
95
118
147
183
224
265
305
342
375
402
423
436
440
435
420
397
365
329
290
248
208
170
138
109
80
55
34
14
-2
-17
-31
-46
-60
-78
-100
-126
-152
-180
-208
-234
-260
-282
-300
-313
-320
-322
-314
-304
-294
-281
-267
-252
-237
-226
-219
-215
-215
-218
-223
-229
-237
-245
-253
-261
-270
-280
-287
-293
-299
-301
-299
-293
-282
-267
-252
-232
-212
-189
-165
-138
-111
-85
-57
-26
8
43
78
115
150
188
225
262
299
334
368
400
434
465
494
520
541
563
586
607
621
630
640
648
653
654
649
640
625
602
573
535
488
435
370
293
208
115
20
-74
-172
-267
-355
-431
-495
-548
-590
-620
-638
-647
-642
-627
-603
-573
-538
-500
-463
-430
-398
-367
-338
-315
-295
-278
-259
-242
-226
-211
-195
-178
-159
-136
-115
-93
-75
-60
-50
-47
-50
-58
-73
-94
-119
-146
-173
-199
-219
-235
-245
-245
-237
-223
-199
-167
-128
-84
-36
16
70
128
185
239
290
339
389
439
486
531
571
607
641
672
698
720
733
737
734
719
694
661
620
573
517
455
389
324
258
194
134
80
30
-13
-54
-88
-120
-152
-182
-210
-238
-271
-304
-340
-376
-411
-441
-468
-488
-499
-503
-499
-484
-462
-432
-397
-355
-311
-266
-222
-182
-151
-125
-107
-96
-97
-108
-127
-153
-185
-223
-261
-300
-335
-367
-389
-403
-406
-403
-393
-374
-347
-312
-272
-227
-179
-130
-76
-21
37
95
153
210
264
318
369
419
462
501
533
558
580
594
601
599
590
573
548
515
474
425
370
311
248
185
119
55
-3
-55
-99
-137
-167
-185
-194
-194
-190
-178
-157
-132
-101
-67
-30
8
44
79
114
144
171
191
206
215
215
207
196
177
151
119
84
45
2
-44
-92
-143
-193
-246
-294
-340
-379
-411
-435
-450
-455
-449
-434
-410
-379
-345
-308
-269
-228
-188
-152
-121
-93
-70
-47
-29
-12
4
19
32
44
56
69
84
97
108
117
122
126
129
128
125
116
103
88
71
54
37
23
12
3
0
6
17
36
58
82
108
133
154
172
185
188
186
178
165
148
130
111
90
72
54
38
27
20
13
7
1
-6
-11
-16
-21
-25
-31
-35
-39
-42
-44
-42
-41
-37
-30
-20
-6
10
27
43
59
74
85
91
92
85
72
54
29
3
-27
-56
-83
-108
-125
-135
-137
-130
-118
-101
-82
-60
-41
-23
-10
-3
0
-5
-12
-23
-36
-50
-67
-83
-100
-116
-130
-139
-145
-146
-145
-140
-133
-123
-108
-93
-77
-62
-45
-30
-17
-5
8
20
34
49
66
84
102
121
141
158
174
188
199
207
208
207
197
183
163
140
115
86
56
21
-9
-42
-70
-94
-113
-128
-139
-145
-144
-135
-122
-103
-82
-59
-33
-9
13
33
51
65
74
81
85
87
88
88
87
88
90
93
98
101
106
109
111
110
107
102
95
83
72
60
46
32
18
4
-9
-23
-36
-48
-61
-74
-87
-101
-116
-133
-151
-171
-193
-214
-234
-252
-268
-282
-290
-293
-289
-278
-258
-231
-197
-159
-115
-69
-25
16
53
87
115
138
155
166
172
174
169
164
159
151
142
135
127
117
106
95
83
71
57
42
27
13
0
-13
-25
-35
-42
-43
-40
-36
-26
-12
4
24
46
69
89
105
116
122
120
115
104
87
66
44
22
2
-11
-20
-23
-20
-10
3
19
38
58
79
97
112
122
127
125
120
106
88
67
42
14
-14
-44
-72
-98
-120
-143
-162
-179
-193
-204
-212
-217
-221
-222
-220
-214
-203
-189
-172
-150
-126
-98
-67
-32
1
36
67
94
115
132
146
152
150
144
131
114
94
72
49
26
4
-16
-34
-51
-62
-73
-80
-84
-88
-88
-86
-82
-77
-71
-67
-59
-50
-39
-29
-16
-3
11
26
42
58
75
92
110
126
141
154
166
174
179
182
181
178
174
164
154
142
127
112
99
82
69
53
38
24
10
-3
-16
-30
-43
-57
-74
-90
-105
-120
-135
-149
-163
-174
-182
-187
-189
-186
-179
-169
-156
-139
-120
-98
-76
-51
-28
-6
13
29
40
46
48
46
41
35
25
15
3
-8
-18
-24
-28
-30
-29
-29
-25
-22
-17
-12
-4
2
8
18
25
34
43
49
57
65
72
80
87
93
97
99
98
95
89
81
71
59
45
28
13
-5
-21
-35
-48
-58
-65
-67
-64
-60
-53
-43
-31
-17
-3
11
23
34
42
49
55
62
66
70
72
72
70
68
66
66
63
59
53
47
38
29
20
10
-3
-14
-29
-45
-58
-74
-86
-100
-112
-122
-131
-137
-142
-146
-148
-149
-147
-145
-137
-131
-122
-111
-99
-85
-69
-48
-24
2
28
55
81
108
135
160
182
201
214
224
231
234
231
226
214
198
180
161
137
114
87
61
33
5
-20
-45
-70
-94
-117
-139
-160
-178
-193
-207
-220
-230
-236
-240
-241
-234
-226
-214
-199
-178
-156
-133
-108
-83
-58
-34
-10
12
32
51
66
80
90
101
108
113
116
117
116
114
110
107
106
102
99
97
93
91
86
83
79
75
68
63
56
50
44
37
32
24
20
16
12
8
5
4
3
4
4
4
5
6
8
10
13
20
25
31
34
38
40
43
48
50
49
49
46
42
35
30
22
13
3
-7
-18
-29
-40
-50
-60
-70
-78
-85
-90
-94
-97
-100
-103
-107
-106
-106
-107
-106
-107
-107
-107
-109
-108
-108
-106
-106
-105
-103
-99
-95
-90
-84
-77
-69
-60
-52
-42
-30
-17
-3
12
27
41
56
68
83
94
108
120
129
136
141
146
150
152
152
152
151
148
142
137
133
124
116
106
96
85
75
64
55
45
35
26
18
9
3
-4
-10
-16
-22
-25
-30
-31
-32
-32
-31
-29
-31
-28
-27
-28
-27
-27
-30
-33
-38
-43
-48
-54
-60
-67
-73
-80
-85
-92
-95
-99
-99
-100
-100
-99
-95
-91
-84
-78
-71
-64
-56
-48
-41
-34
-28
-25
-20
-16
-13
-9
-6
-3
0
1
1
1
1
0
-1
0
-1
-1
-1
0
3
5
9
13
18
22
28
34
41
47
52
59
65
73
82
90
100
107
114
121
125
128
128
129
128
123
119
114
105
98
89
77
67
55
43
31
20
8
-6
-18
-30
-42
-52
-61
-70
-78
-83
-88
-92
-94
-94
-91
-87
-80
-71
-60
-53
-43
-33
-25
-17
-11
-6
-5
-4
-5
-7
-10
-15
-18
-20
-24
-27
-30
-33
-34
-36
-36
-38
-38
-40
-43
-46
-49
-51
-54
-59
-61
-64
-69
-71
-74
-75
-76
-73
-68
-62
-56
-48
-38
-26
-14
0
15
31
46
60
75
88
101
112
121
129
134
139
143
144
145
143
142
138
133
128
121
114
107
96
85
72
57
42
26
10
-8
-25
-42
-56
-68
-81
-93
-102
-110
-116
-118
-119
-116
-110
-103
-94
-85
-75
-64
-52
-40
-28
-17
-7
1
8
13
18
21
24
25
27
26
26
26
26
24
23
21
18
13
7
1
-8
-17
-25
-35
-44
-53
-63
-69
-75
-80
-83
-84
-82
-82
-77
-72
-64
-55
-46
-36
-26
-13
-4
7
17
26
36
44
55
65
73
82
91
98
104
110
115
118
120
121
119
115
109
101
93
85
76
65
55
43
31
20
10
-2
-13
-23
-32
-43
-51
-57
-63
-69
-74
-77
-78
-76
-74
-71
-66
-59
-53
-47
-40
-33
-28
-24
-17
-14
-11
-7
-6
-6
-6
-5
-5
-6
-6
-6
-6
-5
-5
-2
-1
1
1
2
2
1
2
2
0
-1
-4
-6
-8
-10
-10
-10
-7
-4
-1
2
5
6
8
10
11
12
13
14
14
13
13
11
10
9
10
12
12
13
14
16
17
19
21
22
22
20
18
14
10
7
3
0
-1
-3
-5
-5
-5
-4
-5
-3
1
3
5
6
8
7
6
3
1
-2
-5
-9
-15
-20
-26
-33
-37
-40
-44
-45
-46
-46
-45
-44
-42
-38
-32
-26
-19
-12
-6
0
6
10
13
14
17
19
19
21
25
28
32
37
43
47
53
60
64
68
73
74
73
70
63
54
44
31
18
4
-10
-24
-36
-47
-54
-60
-62
-61
-58
-52
-47
-41
-34
-30
-23
-17
-13
-9
-9
-8
-8
-9
-10
-12
-12
-12
-11
-11
-9
-7
-8
-10
-13
-15
-19
-23
-28
-33
-36
-39
-40
-39
-36
-28
-20
-11
-1
11
24
36
47
56
63
68
73
72
71
65
59
51
43
35
24
15
6
-2
-9
-16
-22
-24
-28
-30
-34
-38
-39
-38
-36
-33
-28
-25
-20
-12
-3
9
23
36
48
62
75
87
96
103
107
111
112
109
104
94
82
67
48
28
8
-10
-31
-50
-69
-88
-107
-121
-132
-140
-145
-146
-143
-137
-129
-120
-109
-97
-83
-68
-52
-35
-19
-5
9
22
31
40
46
51
54
55
53
50
44
35
25
14
2
-8
-17
-26
-34
-40
-46
-49
-53
-54
-55
-52
-48
-43
-36
-27
-17
-8
1
10
18
26
34
40
47
54
61
67
72
75
79
82
85
89
90
90
91
91
88
83
78
71
64
54
45
36
26
16
6
-3
-11
-17
-19
-21
-22
-21
-19
-15
-14
-13
-11
-10
-11
-12
-14
-15
-19
-23
-27
-34
-39
-44
-45
-47
-48
-48
-47
-47
-46
-43
-40
-38
-36
-34
-32
-30
-29
-29
-31
-32
-31
-30
-29
-28
-24
-23
-19
-16
-12
-4
2
8
11
16
19
21
23
24
24
21
20
17
12
10
7
4
0
-2
-4
-6
-8
-8
-8
-8
-9
-9
-8
-4
-3
-2
-1
0
1
5
6
11
14
18
23
27
33
39
43
46
48
49
50
51
50
48
46
41
35
30
25
19
13
7
4
-1
-5
-10
-15
-20
-24
-26
-29
-30
-31
-31
-31
-32
-34
-33
-33
-33
-29
-27
-22
-19
-16
-12
-10
-6
-3
0
3
3
7
8
10
12
12
12
13
14
14
13
13
12
10
7
3
-1
-6
-10
-16
-19
-22
-26
-28
-31
-34
-37
-39
-40
-40
-41
-39
-37
-35
-32
-29
-26
-22
-18
-13
-9
-6
-1
3
7
11
15
19
25
29
34
38
43
47
54
57
60
61
64
64
64
63
59
54
50
44
38
32
27
22
16
11
7
3
-2
-3
-5
-4
-6
-6
-7
-7
-7
-6
-6
-7
-5
-2
-1
2
5
7
10
12
15
15
17
17
16
14
9
5
0
-5
-10
-16
-22
-29
-35
-41
-45
-49
-52
-52
-54
-55
-54
-53
-52
-52
-52
-51
-49
-48
-46
-46
-44
-43
-44
-44
-44
-40
-37
-35
-32
-27
-23
-19
-16
-13
-11
-7
-4
-1
1
4
5
6
7
10
10
13
15
18
21
25
28
31
34
36
40
42
44
47
49
51
51
50
51
52
51
51
50
50
49
49
48
47
49
46
44
43
42
41
39
38
37
34
31
29
26
23
20
18
15
12
6
2
-2
-8
-13
-19
-23
-27
-32
-37
-41
-44
-50
-52
-55
-56
-56
-57
-55
-54
-52
-51
-49
-48
-47
-45
-42
-41
-40
-39
-39
-38
-37
-36
-32
-30
-28
-27
-22
-20
-18
-15
-13
-11
-7
-4
-3
-1
1
2
2
5
5
7
10
14
16
19
21
24
27
31
35
39
42
44
46
49
50
51
50
51
53
52
51
49
46
46
45
44
41
39
36
33
31
29
25
23
19
15
9
6
3
1
-2
-6
-10
-13
-17
-21
-24
-27
-31
-34
-36
-39
-39
-42
-44
-44
-46
-47
-47
-46
-46
-46
-45
-46
-45
-45
-45
-42
-41
-39
-36
-32
-28
-25
-22
-20
-17
-13
-9
-5
-3
-2
-2
-3
-3
-4
-2
-1
0
2
4
4
6
8
8
12
14
17
18
20
22
24
25
27
29
30
32
33
35
37
38
40
41
41
42
42
43
44
44
41
39
36
33
32
29
26
24
20
17
13
11
8
4
1
-2
-4
-7
-10
-13
-15
-20
-24
-27
-30
-31
-31
-31
-31
-30
-28
-27
-25
-25
-22
-19
-18
-16
-14
-13
-12
-12
-12
-11
-12
-12
-12
-13
-11
-11
-9
-8
-6
-6
-4
-3
-3
-1
0
1
1
0
-1
-2
-3
-3
-3
-3
-4
-4
-5
-5
-3
-3
-2
0
0
1
2
3
5
5
6
7
8
10
10
10
10
10
10
10
10
11
13
14
14
15
15
14
13
13
11
12
11
11
10
8
7
4
3
1
0
-4
-6
-10
-12
-15
-17
-19
-20
-21
-22
-24
-25
-24
-23
-21
-20
-17
-16
-15
-11
-10
-7
-4
-1
2
4
6
6
7
7
6
7
8
9
11
12
12
12
13
12
13
13
13
12
12
11
11
10
9
7
7
8
7
7
7
7
8
7
8
8
9
9
10
10
11
10
8
9
8
6
3
-1
-4
-7
-10
-13
-14
-15
-16
-17
-16
-16
-17
-17
-16
-14
-13
-10
-9
-8
-9
-9
-8
-7
-6
-5
-4
-1
0
-1
0
0
0
-1
-1
-1
-1
-3
-5
-6
-8
-10
-11
-11
-12
-12
-11
-10
-9
-8
-6
-5
-2
-1
1
4
5
10
14
17
21
22
25
26
27
28
28
30
29
30
27
25
23
23
23
21
21
18
15
15
13
9
7
5
2
0
-2
-4
-5
-9
-13
-16
-20
-21
-22
-23
-23
-24
-24
-25
-25
-24
-24
-23
-21
-21
-20
-20
-19
-19
-17
-17
-16
-14
-11
-10
-8
-6
-4
-3
0
2
4
5
5
5
5
6
5
5
5
4
3
1
1
0
-3
-3
-5
-6
-5
-7
-8
-7
-7
-6
-6
-4
-4
-2
-2
-1
1
0
3
6
8
10
12
15
16
17
19
21
22
23
26
26
27
27
28
29
31
30
31
32
32
31
29
28
26
22
20
17
15
10
7
3
-1
-5
-9
-11
-13
-15
-16
-19
-21
-23
-23
-25
-26
-26
-28
-28
-30
-31
-33
-34
-34
-32
-32
-30
-27
-23
-21
-18
-16
-13
-9
-7
-4
-4
-2
-1
0
1
0
-1
-1
-2
-4
-5
-6
-8
-8
-9
-8
-6
-5
-4
-4
-3
-2
0
3
5
6
7
7
9
10
13
15
17
18
19
21
24
27
31
34
37
38
39
40
40
40
38
37
35
32
30
28
25
21
16
11
7
3
-1
-3
-7
-9
-13
-17
-21
-23
-26
-30
-33
-35
-38
-40
-42
-45
-46
-45
-44
-43
-40
-37
-34
-31
-27
-23
-19
-15
-9
-6
-2
2
6
10
13
18
22
25
28
31
32
32
32
31
30
28
24
21
17
13
10
4
0
-4
-7
-9
-12
-13
-14
-16
-17
-18
-19
-19
-19
-19
-20
-21
-20
-20
-19
-18
-17
-15
-15
-12
-10
-7
-5
-2
2
4
6
7
9
8
10
10
11
12
12
13
13
13
14
16
17
17
18
18
18
19
18
18
17
17
16
15
15
15
15
14
12
11
11
9
9
8
8
7
6
6
7
7
7
7
7
6
5
5
3
3
1
-2
-1
-4
-5
-4
-3
-4
-4
-4
-3
-5
-4
-7
-8
-10
-12
-12
-13
-16
-18
-20
-21
-24
-26
-28
-30
-31
-31
-31
-31
-30
-29
-29
-29
-29
-29
-28
-25
-22
-20
-18
-16
-15
-13
-11
-9
-8
-5
-3
0
2
4
7
9
12
14
15
16
18
20
19
20
21
22
25
25
25
27
26
26
29
30
30
31
32
33
33
34
34
33
33
33
30
29
27
24
23
20
20
19
16
13
11
9
5
3
0
-2
-4
-5
-9
-12
-16
-17
-20
-22
-23
-24
-25
-26
-28
-28
-30
-30
-31
-32
-33
-35
-36
-37
-37
-37
-36
-36
-35
-35
-34
-31
-29
-29
-29
-26
-26
-24
-23
-22
-20
-18
-15
-12
-10
-7
-5
-1
1
5
8
11
13
15
17
20
21
22
22
22
23
24
26
27
27
29
30
32
34
37
38
40
40
42
42
41
43
40
38
36
35
32
28
27
26
24
21
19
16
15
13
10
7
5
3
2
0
-3
-6
-8
-9
-13
-15
-18
-20
-22
-24
-26
-28
-30
-31
-31
-31
-31
-31
-31
-31
-31
-31
-30
-29
-29
-28
-28
-28
-29
-28
-28
-27
-24
-24
-22
-22
-22
-19
-18
-17
-14
-11
-9
-6
-5
-1
1
3
5
8
11
13
14
15
15
15
16
15
17
18
18
18
17
17
16
17
17
18
18
18
18
18
17
17
16
16
16
14
13
13
11
11
10
9
10
9
8
7
7
7
7
5
4
5
6
5
4
4
3
2
2
2
1
1
0
-2
-2
-4
-5
-6
-6
-6
-7
-8
-10
-10
-11
-10
-11
-12
-13
-12
-11
-10
-11
-11
-10
-10
-10
-11
-11
-12
-12
-13
-12
-11
-12
-10
-10
-10
-8
-7
-7
-7
-5
-5
-5
-4
-3
-3
-3
-1
0
0
3
4
5
5
4
6
7
7
8
9
11
11
11
11
12
13
14
15
16
17
18
19
18
18
18
17
17
16
16
16
15
13
11
9
8
7
7
4
3
3
1
-1
-3
-3
-5
-7
-8
-9
-11
-13
-14
-14
-16
-16
-16
-15
-13
-11
-10
-10
-10
-10
-10
-9
-9
-10
-11
-12
-14
-14
-16
-16
-16
-15
-15
-13
-14
-14
-14
-14
-11
-8
-5
-4
-2
-3
0
1
1
3
5
6
7
7
5
3
3
2
2
1
-1
-2
-2
-4
-4
-4
-3
0
2
3
5
6
10
12
16
18
20
22
23
22
22
22
21
21
21
22
22
21
21
20
19
20
21
21
21
21
21
19
18
17
17
15
16
18
17
14
10
7
0
-4
-9
-17
-23
-28
-34
-36
-38
-40
-45
-46
-47
-49
-48
-47
-43
-39
-37
-34
-30
-22
-15
-9
-3
2
6
9
10
11
10
9
7
6
3
2
0
-1
-2
-4
-5
-4
-5
-5
-6
-5
-5
-5
-2
1
5
10
14
21
25
29
35
39
42
45
44
43
39
34
29
23
17
10
5
-2
-8
-13
-17
-22
-25
-25
-26
-25
-24
-22
-20
-17
-14
-9
-5
-2
1
3
6
8
8
10
10
9
7
6
3
0
-3
-4
-6
-9
-12
-12
-14
-16
-19
-19
-20
-21
-20
-20
-19
-17
-15
-13
-12
-10
-9
-5
-2
0
2
5
7
8
11
14
15
17
17
17
16
15
14
13
11
9
7
5
3
5
5
6
8
11
14
18
20
23
25
28
29
29
30
29
27
24
22
18
16
13
11
8
7
3
0
-2
-4
-8
-11
-13
-16
-20
-23
-26
-28
-30
-31
-33
-32
-33
-32
-30
-29
-29
-27
-24
-21
-16
-15
-13
-10
-8
-5
-3
-3
-5
-4
-6
-7
-9
-13
-13
-14
-14
-14
-12
-11
-9
-7
-5
-2
0
2
3
5
7
8
9
13
15
17
19
19
22
23
25
26
28
27
27
26
25
24
22
21
19
17
15
13
11
10
8
6
5
3
2
1
0
0
-2
-3
-3
-3
-4
-4
-6
-6
-6
-7
-8
-8
-8
-8
-7
-8
-9
-11
-11
-13
-14
-15
-16
-16
-18
-19
-18
-18
-18
-16
-16
-14
-13
-10
-7
-6
-1
0
3
5
6
7
7
8
8
7
8
7
6
8
6
4
4
2
3
5
6
5
4
2
2
4
3
3
1
3
3
2
2
5
6
6
8
10
10
12
14
14
15
15
16
15
15
14
13
10
6
5
3
2
0
-3
-5
-8
-9
-10
-10
-11
-11
-10
-9
-8
-8
-6
-8
-6
-5
-4
-3
-4
-7
-7
-10
-9
-9
-10
-10
-10
-11
-11
-11
-10
-10
-9
-7
-8
-7
-7
-6
-6
-5
-4
-2
-1
0
1
0
0
-1
-2
