-3
-3
-1
-1
1
1
2
2
2
3
2
3
3
5
6
7
7
8
8
8
8
8
7
6
7
7
7
8
8
8
9
8
7
7
7
7
6
5
5
5
4
3
3
2
2
0
-1
-1
-2
-2
-2
-4
-4
-5
-5
-6
-6
-7
-8
-9
-9
-10
-10
-10
-12
-11
-10
-10
-10
-9
-8
-8
-6
-5
-3
-3
-4
0
0
1
1
2
3
3
4
3
2
2
2
2
1
2
2
3
3
4
4
5
5
5
3
4
3
3
4
3
4
4
3
4
3
1
2
2
2
2
1
0
-1
-1
-1
-2
-1
-2
-1
-1
0
1
1
2
2
2
2
1
-1
0
-1
0
0
0
1
2
-1
-1
-3
-5
-6
-8
-8
-8
-7
-9
-8
-8
-7
-7
-6
-6
-5
-3
-2
-2
-2
-1
-2
-1
-1
2
2
2
4
4
4
5
5
4
5
4
4
4
5
4
2
3
2
2
3
4
3
3
3
2
2
3
1
1
-1
-1
-1
0
0
0
0
0
-1
-1
-1
-1
0
0
0
1
1
1
1
0
2
2
1
2
1
1
0
-1
-3
-2
-3
-2
-2
0
1
2
2
3
4
4
5
4
5
3
4
4
3
2
0
-1
-1
-3
-3
-3
-5
-6
-6
-7
-7
-8
-8
-9
-8
-7
-6
-5
-3
0
-1
0
1
2
3
2
2
3
2
1
2
2
1
2
1
2
2
3
2
3
4
4
4
4
5
5
5
5
5
6
4
3
4
4
3
0
-1
0
-1
-1
0
0
0
-2
-2
-2
-2
-4
-5
-5
-6
-9
-8
-9
-9
-9
-9
-9
-8
-7
-7
-5
-4
-3
-1
0
0
0
0
1
2
3
2
3
3
2
2
2
1
3
3
3
3
3
2
1
2
2
2
2
3
2
2
2
3
4
4
4
4
4
3
3
2
2
2
1
0
0
-2
-3
-5
-6
-6
-7
-7
-7
-8
-8
-7
-7
-5
-4
-4
-4
-4
-3
-2
-1
-1
-1
0
1
1
2
1
1
2
3
4
5
7
7
7
8
6
6
6
4
5
3
3
2
2
1
0
0
0
-1
-1
-2
0
1
1
2
2
1
1
1
0
0
0
0
0
0
2
2
3
3
3
3
3
2
3
2
2
2
2
3
1
1
1
0
0
-2
-2
-1
-2
-1
-1
-1
-2
-2
-1
-1
0
1
1
1
1
2
1
0
-2
-3
-3
-3
-4
-5
-5
-5
-6
-6
-6
-6
-5
-6
-5
-5
-2
-3
-2
-1
0
0
1
2
3
3
1
1
0
1
0
1
0
0
0
-2
-2
-4
-4
-4
-4
-4
-6
-6
-5
-6
-5
-4
-4
-4
-4
-2
-2
0
1
3
2
2
2
3
3
3
2
3
3
1
2
2
3
3
3
3
5
5
4
4
2
3
2
2
2
2
2
2
1
1
2
3
3
3
3
3
5
4
5
4
5
4
3
2
2
1
-1
-1
-2
-3
-4
-5
-4
-5
-5
-5
-6
-5
-4
-5
-4
-5
-5
-4
-3
-3
-2
-1
0
1
2
2
4
4
4
5
5
6
6
7
7
5
3
4
5
3
3
3
4
3
3
3
3
3
3
3
3
3
4
5
3
5
4
3
2
1
0
-1
-2
-2
-4
-5
-6
-5
-6
-6
-8
-7
-7
-9
-7
-7
-5
-5
-4
-2
-2
-2
-2
-1
-2
-2
-1
-1
-1
-1
0
0
-1
1
0
-1
-2
-2
-1
-2
-1
-2
-2
-2
-2
-3
-2
-2
-1
-1
-1
0
1
2
2
3
3
3
4
3
3
3
2
3
3
3
3
2
2
1
0
-1
-2
-2
-2
-3
-2
-2
-2
-2
-1
0
0
0
1
-1
-1
-1
-1
0
0
-1
1
-1
-3
-3
-2
-3
-2
-2
-3
-3
-3
-3
-3
-3
-5
-4
-4
-2
-2
-2
-3
-3
-2
-3
-2
-1
1
2
3
3
3
5
6
6
5
5
6
5
6
7
7
8
8
8
8
8
8
9
8
7
8
7
6
4
5
4
3
2
0
-1
0
-1
-1
-1
-1
-1
-1
-1
0
-1
1
0
0
0
1
0
0
-2
-3
-5
-6
-7
-7
-7
-7
-7
-7
-6
-3
-3
-3
-3
-3
-2
-3
-4
-3
-4
-4
-2
-4
-3
-2
-2
0
2
3
4
5
6
6
7
5
5
6
5
3
2
1
1
-1
-2
-3
-3
-2
-1
-2
-2
-2
-3
-2
-3
-4
-4
-4
-6
-5
-5
-5
-3
-4
-4
-3
-4
-5
-4
-4
-3
-3
-3
-2
-3
-5
-6
-4
-3
-2
-1
-3
-4
-5
-7
-7
-5
-3
-2
-1
3
4
5
7
6
7
6
3
1
1
-1
-2
-1
-1
-2
-3
-2
0
1
2
3
3
4
3
3
3
4
4
5
5
4
2
1
1
2
3
6
7
6
6
5
4
3
1
-1
-3
-5
-5
-6
-6
-4
-1
1
4
7
8
10
12
15
15
17
17
16
14
11
7
2
1
0
0
2
4
5
5
5
4
5
7
7
10
13
12
12
10
6
3
0
-1
0
-1
-1
-2
-5
-9
-13
-18
-21
-23
-26
-25
-20
-15
-12
-9
-10
-13
-16
-18
-20
-19
-17
-14
-11
-8
-4
1
6
10
13
16
17
19
22
27
31
34
36
37
38
40
42
44
43
42
37
26
17
9
2
-2
-5
-9
-11
-15
-18
-21
-25
-30
-34
-39
-45
-49
-50
-53
-55
-58
-64
-72
-82
-90
-100
-106
-111
-114
-118
-119
-116
-113
-108
-105
-98
-92
-87
-82
-78
-73
-65
-50
-30
1
41
86
136
188
237
282
320
349
367
375
374
366
353
332
308
275
240
201
158
116
72
30
-10
-46
-83
-116
-146
-173
-199
-225
-246
-262
-269
-273
-273
-269
-263
-255
-245
-228
-203
-176
-150
-127
-104
-77
-53
-36
-23
-17
-17
-23
-30
-39
-56
-85
-119
-150
-177
-207
-240
-270
-290
-295
-278
-225
-141
-48
37
120
218
339
448
526
573
603
621
629
629
623
601
548
466
381
313
266
217
151
74
-3
-62
-104
-139
-181
-236
-289
-324
-336
-338
-336
-334
-328
-314
-292
-249
-189
-128
-81
-46
-3
56
117
153
165
164
165
164
156
140
118
86
43
4
-24
-36
-46
-71
-108
-145
-167
-176
-192
-227
-270
-299
-315
-326
-337
-338
-326
-310
-293
-272
-232
-176
-126
-91
-64
-31
12
53
83
98
101
96
85
68
37
-17
-86
-158
-221
-275
-301
-275
-195
-93
6
118
272
452
613
718
773
813
843
860
851
831
796
727
620
498
404
347
287
191
67
-51
-135
-191
-242
-306
-392
-478
-545
-581
-594
-596
-591
-583
-569
-539
-473
-373
-268
-185
-124
-56
33
133
207
237
241
245
252
254
249
236
210
162
110
78
67
50
1
-78
-158
-216
-255
-288
-338
-394
-446
-479
-488
-475
-450
-426
-402
-369
-312
-229
-135
-53
1
40
88
155
220
253
254
243
228
197
143
79
6
-88
-212
-304
-283
-155
-27
34
92
242
459
643
744
786
807
811
793
766
748
721
636
473
293
192
168
153
76
-57
-199
-292
-306
-283
-307
-406
-508
-544
-534
-521
-504
-463
-429
-430
-423
-352
-207
-52
36
53
80
183
326
413
402
349
313
294
271
245
214
163
98
37
4
7
25
16
-58
-169
-247
-269
-290
-365
-484
-581
-624
-632
-630
-616
-581
-534
-488
-428
-324
-185
-60
17
58
107
189
273
319
307
262
220
190
159
90
-29
-169
-284
-390
-521
-626
-583
-387
-211
-141
-36
249
618
870
956
989
1056
1134
1148
1095
1033
994
908
702
454
317
306
275
137
-56
-221
-316
-330
-308
-358
-507
-632
-636
-594
-588
-580
-515
-447
-433
-419
-323
-152
13
87
72
73
181
343
405
328
231
193
171
126
84
50
-2
-68
-112
-115
-91
-60
-72
-161
-285
-349
-334
-328
-397
-509
-581
-571
-509
-447
-400
-342
-262
-190
-128
-22
139
262
272
221
214
276
333
318
238
152
95
49
-14
-105
-230
-404
-599
-764
-901
-1020
-1034
-857
-603
-449
-321
10
536
978
1185
1287
1433
1603
1687
1672
1623
1577
1478
1234
898
645
549
460
234
-65
-306
-463
-553
-576
-603
-739
-909
-936
-825
-740
-714
-640
-512
-430
-395
-295
-100
96
196
191
163
233
396
496
418
264
182
161
105
15
-70
-167
-279
-360
-388
-395
-400
-414
-478
-597
-679
-645
-562
-556
-628
-669
-595
-435
-273
-156
-55
66
186
277
372
520
649
644
520
427
438
470
409
255
86
-41
-139
-251
-402
-590
-798
-1005
-1188
-1340
-1449
-1433
-1206
-848
-562
-354
21
652
1270
1607
1742
1901
2107
2214
2168
2071
1985
1843
1541
1109
730
530
404
167
-197
-542
-761
-856
-876
-914
-1065
-1268
-1328
-1197
-1045
-977
-887
-701
-523
-428
-308
-52
257
444
465
452
561
781
929
853
633
462
390
309
152
-40
-226
-405
-556
-644
-665
-663
-688
-783
-928
-1013
-952
-817
-765
-823
-843
-710
-462
-221
-38
129
312
476
585
704
889
1057
1051
871
706
685
718
629
388
107
-111
-274
-444
-664
-933
-1211
-1454
-1652
-1812
-1883
-1718
-1274
-761
-413
-110
472
1330
2050
2345
2397
2508
2668
2652
2414
2137
1901
1579
1048
447
24
-173
-341
-659
-1072
-1406
-1550
-1517
-1417
-1405
-1543
-1654
-1524
-1194
-898
-705
-472
-148
139
334
573
941
1286
1396
1288
1183
1237
1352
1287
959
538
211
-4
-213
-462
-730
-985
-1199
-1338
-1378
-1334
-1253
-1201
-1234
-1286
-1204
-938
-645
-493
-443
-307
-7
349
623
803
949
1076
1121
1082
1059
1100
1086
871
513
231
124
59
-132
-453
-780
-1015
-1162
-1295
-1483
-1713
-1894
-1971
-1988
-1989
-1854
-1377
-599
127
587
1030
1807
2768
3391
3486
3372
3346
3296
2980
2462
1983
1565
1000
214
-541
-994
-1176
-1355
-1687
-2074
-2331
-2333
-2092
-1780
-1609
-1585
-1440
-991
-393
107
521
973
1402
1664
1804
2013
2286
2378
2113
1614
1171
907
677
241
-408
-1053
-1516
-1800
-2004
-2165
-2278
-2330
-2305
-2176
-1917
-1537
-1112
-792
-638
-494
-153
353
758
920
977
1125
1374
1575
1632
1562
1413
1185
857
486
203
39
-160
-530
-952
-1170
-1127
-1016
-1036
-1190
-1318
-1314
-1211
-1134
-1156
-1226
-1254
-1191
-1107
-1020
-765
-101
863
1631
1988
2329
3056
3889
4168
3771
3189
2772
2348
1665
883
274
-181
-753
-1511
-2115
-2254
-2045
-1894
-1992
-2152
-2140
-1837
-1302
-755
-442
-323
-41
572
1271
1778
2154
2517
2706
2568
2287
2112
1942
1463
574
-440
-1215
-1642
-1937
-2356
-2864
-3213
-3221
-2979
-2647
-2270
-1853
-1409
-956
-470
81
687
1240
1554
1580
1549
1714
1981
1999
1654
1210
890
656
333
-119
-600
-1025
-1390
-1725
-1925
-1847
-1524
-1169
-946
-742
-339
257
762
935
840
700
598
451
180
-197
-593
-951
-1206
-1377
-1485
-1436
-906
126
1066
1441
1666
2367
3284
3619
3176
2542
2150
1840
1310
751
490
437
171
-466
-1055
-1187
-974
-927
-1292
-1819
-2187
-2238
-1932
-1415
-1025
-863
-519
299
1268
1974
2453
2852
2952
2540
1883
1390
1002
349
-651
-1657
-2273
-2385
-2212
-2102
-2157
-2183
-2010
-1674
-1343
-1129
-1050
-1014
-904
-653
-247
293
860
1242
1346
1398
1640
1934
1873
1314
582
8
-390
-766
-1129
-1388
-1463
-1364
-1137
-736
-110
594
1062
1145
1018
946
962
838
380
-311
-873
-1123
-1229
-1416
-1635
-1737
-1754
-1787
-1824
-1797
-1631
-1229
-345
909
1938
2509
3167
4250
5141
5231
4735
4148
3553
2720
1696
831
224
-427
-1445
-2632
-3424
-3551
-3338
-3301
-3507
-3633
-3402
-2735
-1710
-582
296
943
1792
2895
3826
4348
4607
4574
3954
2852
1783
1013
212
-939
-2225
-3208
-3687
-3735
-3621
-3597
-3663
-3605
-3287
-2783
-2214
-1646
-1077
-470
241
1139
2166
3112
3699
3738
3370
2933
2553
1954
899
-352
-1361
-1965
-2280
-2373
-2212
-1871
-1492
-1145
-747
-181
457
846
766
433
261
409
651
696
534
348
302
342
203
-257
-865
-1510
-2251
-3022
-3468
-3402
-2975
-2356
-1122
997
3282
4780
5667
6537
7142
6816
5527
3845
2218
715
-684
-1721
-2199
-2282
-2413
-2800
-3159
-3089
-2677
-2430
-2640
-3097
-3360
-3066
-2069
-605
806
1982
3324
4913
6160
6685
6657
6101
4697
2496
200
-1604
-2990
-4264
-5362
-5978
-5908
-5135
-3977
-2979
-2377
-1975
-1571
-1197
-963
-782
-448
122
845
1718
2792
3935
4774
4890
4213
3145
2058
810
-822
-2550
-3797
-4369
-4391
-3929
-2974
-1718
-512
441
1197
1870
2350
2359
1819
1028
403
124
69
54
9
-58
-121
-214
-522
-1149
-1923
-2700
-3548
-4286
-4428
-3803
-2744
-1471
599
3707
6672
8113
8438
8684
8608
7222
4591
1738
-543
-2246
-3552
-4211
-3986
-3214
-2693
-2828
-3213
-3147
-2644
-2406
-2821
-3452
-3567
-2690
-785
1649
3823
5431
6895
8254
8801
8174
6746
4710
1854
-1543
-4472
-6168
-6831
-7033
-6952
-6407
-5266
-3613
-1958
-974
-814
-1027
-1191
-1234
-1131
-704
206
1485
2894
4285
5565
6495
6628
5542
3333
758
-1480
-3348
-5013
-6160
-6311
-5463
-3964
-2092
-103
1577
2595
2883
2644
2162
1587
865
5
-716
-906
-502
182
790
1118
1062
613
-123
-1174
-2486
-3757
-4645
-5102
-5049
-4217
-2590
-625
1422
4063
7260
9528
9614
8429
7310
6037
3699
630
-2054
-3708
-4493
-4618
-3985
-2662
-1339
-960
-1743
-2856
-3207
-2802
-2548
-2898
-3204
-2571
-651
2273
5328
7476
8435
8739
8552
7423
5308
2751
-61
-3268
-6368
-8220
-8266
-7180
-5961
-5000
-4070
-2888
-1474
-326
-4
-449
-994
-1118
-738
115
1449
3091
4588
5555
5963
5985
5533
4144
1536
-1715
-4437
-5916
-6391
-6281
-5582
-4138
-2194
-226
1454
2679
3256
3052
2174
1065
329
205
356
349
259
457
988
1410
1261
459
-725
-1943
-3072
-4115
-4868
-5001
-4512
-3724
-2647
-1032
962
2772
4405
6384
8302
8800
7618
6070
4944
3570
1397
-975
-2707
-3607
-3931
-3787
-3196
-2412
-1998
-2389
-3322
-3846
-3299
-2132
-1237
-788
-146
1248
3437
5851
7514
7838
7245
6417
5269
3413
1065
-1254
-3505
-5739
-7384
-7707
-6813
-5550
-4567
-3834
-2994
-1795
-450
457
614
416
505
1042
1776
2538
3331
3937
4015
3587
2962
2238
1148
-602
-2795
-4596
-5250
-4853
-4039
-3141
-2065
-757
544
1572
2248
2576
2452
1859
1066
525
543
923
1027
508
-224
-615
-706
-955
-1602
-2441
-3056
-3243
-3143
-2909
-2441
-1694
-909
-297
279
1071
2122
3325
4814
6459
7384
6994
6008
5231
4255
2374
-155
-2553
-4325
-5321
-5456
-4806
-3791
-2978
-2619
-2515
-2190
-1215
224
1316
1606
1599
2104
3369
5005
6246
6417
5599
4530
3567
2350
571
-1584
-3825
-5945
-7507
-7934
-7188
-5900
-4667
-3548
-2343
-915
688
2022
2553
2297
1913
1916
2266
2641
2855
2830
2476
1918
1411
896
41
-1330
-2998
-4423
-5006
-4598
-3618
-2513
-1425
-308
841
1883
2649
3030
2896
2271
1470
872
693
841
875
393
-442
-1099
-1372
-1542
-1894
-2430
-2899
-3027
-2794
-2391
-1952
-1479
-1027
-703
-375
306
1395
2588
3814
5412
7119
7868
7212
5888
4449
2578
37
-2694
-4921
-6170
-6338
-5552
-4174
-2645
-1362
-548
-242
-93
440
1249
1689
1575
1485
2040
3325
4860
5835
5728
4856
3805
2592
824
-1475
-3763
-5672
-7114
-7818
-7435
-6050
-4204
-2422
-930
311
1447
2441
2897
2526
1707
1137
1083
1272
1422
1486
1417
1187
850
370
-355
-1371
-2607
-3763
-4392
-4216
-3325
-2039
-772
306
1315
2266
3001
3348
3205
2616
1811
1049
520
303
163
-299
-1143
-1967
-2433
-2591
-2619
-2694
-2802
-2701
-2294
-1734
-1213
-754
-331
1
249
593
1297
2418
3815
5628
7640
8744
8123
6416
4492
2321
-443
-3531
-6236
-7832
-7937
-6593
-4327
-1900
-24
941
1040
691
595
935
1174
887
546
1008
2553
4676
6362
6775
5978
4622
3071
1106
-1398
-4048
-6295
-7813
-8356
-7665
-5880
-3637
-1581
-35
990
1639
2061
2085
1455
360
-463
-468
173
968
1668
2100
2199
2021
1562
739
-415
-1808
-3164
-4010
-3995
-3153
-1807
-397
767
1671
2342
2716
2713
2321
1546
606
-219
-771
-975
-944
-980
-1289
-1681
-1900
-1956
-1903
-1788
-1666
-1503
-1190
-748
-368
-129
72
310
510
673
1021
1786
2870
4221
5857
7220
7198
5595
3353
1150
-1131
-3582
-5771
-7130
-7130
-5703
-3262
-614
1499
2596
2610
1777
768
342
515
689
649
995
2228
4141
5921
6628
5864
4101
1998
-225
-2642
-5033
-6846
-7752
-7722
-6831
-5113
-2876
-733
747
1387
1392
1140
878
502
-92
-542
-302
599
1692
2559
2976
2889
2369
1431
151
-1191
-2376
-3273
-3743
-3650
-2897
-1535
-8
1122
1674
1829
1737
1500
1138
635
92
-355
-642
-716
-549
-356
-428
-749
-1074
-1247
-1252
-1066
-771
-518
-320
-59
193
287
235
177
189
165
141
402
1131
2091
3364
4972
6058
5524
3681
1669
-189
-2133
-4098
-5530
-5926
-5008
-3006
-397
2003
3461
3656
2758
1219
-181
-728
-570
-247
179
1122
2660
4345
5393
5219
3838
1825
-350
-2520
-4578
-6110
-6664
-6290
-5322
-3991
-2340
-638
702
1331
1212
646
72
-237
-377
-376
29
956
2004
2709
3034
2948
2374
1324
17
-1246
-2166
-2651
-2814
-2679
-2234
-1456
-437
450
754
605
332
145
53
44
96
181
250
199
122
119
66
-240
-655
-853
-745
-409
70
483
715
783
650
229
-430
-1044
-1443
-1553
-1521
-1311
-725
245
1353
2815
4622
5651
4861
2931
1097
-444
-1926
-3267
-3915
-3610
-2344
-397
1889
3744
4379
3614
1847
-219
-1707
-2054
-1550
-789
69
1151
2399
3557
4053
3467
1939
55
-1739
-3265
-4392
-4867
-4478
-3527
-2471
-1481
-503
315
801
845
417
-254
-690
-646
-309
157
798
1582
2156
2259
1951
1352
536
-369
-1112
-1586
-1791
-1788
-1628
-1416
-1261
-983
-534
-192
-230
-415
-409
-87
422
900
1133
1057
779
457
188
-37
-295
-573
-647
-402
93
612
939
975
699
189
-450
-1213
-1979
-2528
-2640
-2363
-1815
-1085
-213
747
1592
2577
3994
5150
4964
3448
1906
741
-270
-1249
-1796
-1684
-1018
54
1357
2558
2967
2227
574
-1304
-2635
-2907
-2311
-1340
-339
651
1575
2402
2953
2862
2040
833
-360
-1351
-2004
-2261
-2067
-1628
-1264
-1063
-895
-755
-748
-811
-1006
-1315
-1448
-1175
-659
-144
345
796
1076
1115
956
695
377
27
-195
-167
-79
-143
-340
-630
-1027
-1230
-1061
-791
-712
-706
-542
-136
434
904
1034
747
219
-264
-421
-338
-203
-70
113
407
800
1166
1200
865
237
-589
-1383
-2033
-2429
-2581
-2381
-1890
-1213
-455
259
916
1587
2256
3275
4465
5045
4393
3065
1861
676
-537
-1560
-1896
-1591
-875
60
1163
2037
2017
844
-925
-2465
-3157
-2896
-2059
-955
224
1426
2470
3258
3578
3281
2446
1260
-50
-1176
-1834
-2074
-2014
-1923
-1850
-1752
-1566
-1445
-1459
-1478
-1504
-1453
-1248
-902
-500
-34
461
871
1118
1263
1336
1393
1396
1332
1243
1010
510
-327
-1263
-2081
-2529
-2410
-1968
-1487
-1025
-477
116
620
895
813
384
-172
-588
-584
-200
323
801
1177
1496
1701
1712
1341
576
-362
-1330
-2150
-2654
-2823
-2711
-2337
-1714
-943
-180
448
829
1114
1481
2126
3386
4602
4953
4051
2789
1520
151
-1095
-1839
-1775
-1243
-456
545
1684
2298
1703
-24
-2000
-3429
-3749
-3057
-1707
-95
1531
2897
3714
4048
3798
3001
1655
56
-1413
-2309
-2553
-2339
-1875
-1491
-1293
-1305
-1397
-1635
-1881
-2019
-2008
-1827
-1430
-800
-30
761
1447
1910
2094
2097
1970
1842
1592
1226
734
108
-732
-1747
-2517
-2843
-2651
-2117
-1439
-796
-197
291
533
464
129
-313
-662
-706
-363
405
1304
1994
2287
2322
2089
1582
740
-325
-1400
-2205
-2654
-2789
-2536
-2147
-1720
-1326
-795
-138
427
710
645
539
758
1343
2712
4208
5077
4547
3225
1859
437
-691
-1458
-1461
-1096
-498
334
1335
1949
1421
-246
-2251
-3811
-4190
-3306
-1529
537
2317
3494
3822
3694
3116
2128
781
-606
-1660
-2115
-1876
-1215
-421
-96
-343
-1071
-1865
-2603
-3012
-3000
-2674
-2026
-1144
-74
900
1598
1928
1927
1666
1271
934
841
757
626
403
72
-466
-1134
-1570
-1755
-1635
-1316
-874
-435
-132
-15
-177
-545
-945
-1140
-940
-406
388
1341
2158
2511
2391
2011
1346
464
-534
-1450
-2084
-2300
-2131
-1774
-1295
-969
-781
-789
-689
-383
50
253
172
186
424
999
1999
3551
4743
4840
3673
2334
1107
26
-785
-1003
-650
-208
323
923
1403
1141
-89
-1894
-3440
-4160
-3628
-2077
0
1847
3028
3384
3066
2454
1570
606
-318
-956
-1242
-1117
-700
-161
36
-357
-1173
-2049
-2721
-3109
-2966
-2434
-1588
-677
146
734
873
727
490
409
490
695
1111
1400
1491
1304
950
428
-295
-956
-1435
-1588
-1358
-937
-530
-392
-553
-928
-1436
-1700
-1552
-860
82
1041
1896
2462
2592
2240
1648
846
-13
-781
-1321
-1487
-1317
-941
-666
-591
-680
-867
-1082
-1276
-1243
-956
-634
-400
-187
178
682
1476
2860
4269
4960
4368
3249
2159
983
-74
-742
-698
-385
-25
365
687
615
-200
-1591
-2941
-3739
-3568
-2483
-856
853
2205
2880
2730
2142
1335
559
11
-158
-73
37
133
308
405
24
-742
-1614
-2352
-2967
-3168
-2821
-2079
-1137
-289
218
225
-125
-351
-272
145
742
1373
1906
2042
2024
1854
1559
963
128
-571
-1042
-1145
-1038
-879
-902
-1237
-1728
-2247
-2462
-2137
-1283
-105
972
1803
2204
2184
1761
1091
416
-222
-612
-750
-582
-178
248
410
116
-377
-913
-1351
-1726
-1908
-1791
-1359
-945
-596
-307
49
560
1526
3104
4530
5024
4351
3468
2396
1050
-204
-706
-480
-117
263
764
1106
753
-393
-1836
-2997
-3695
-3537
-2593
-1074
478
1661
2112
1844
1273
677
340
280
500
735
905
995
1105
889
164
-806
-1688
-2405
-2950
-2961
-2497
-1824
-1192
-702
-489
-725
-1136
-1223
-897
-219
672
1704
2484
2837
2977
2838
2316
1353
326
-440
-1014
-1360
-1465
-1392
-1373
-1523
-1747
-1981
-1955
-1554
-820
-28
579
973
1064
890
557
289
144
124
348
686
1067
1344
1320
870
55
-778
-1517
-2143
-2606
-2679
-2324
-1784
-1272
-805
-426
-199
226
1446
3139
4532
4717
4231
3639
2537
1212
202
137
467
778
1260
1759
1902
1125
-444
-2181
-3796
-4698
-4527
-3376
-1813
-362
717
1139
1143
925
755
724
847
1058
1296
1570
1890
2081
1711
764
-322
-1144
-1828
-2221
-2233
-2018
-1812
-1699
-1620
-1716
-2072
-2297
-2144
-1649
-861
269
1676
2617
3069
3133
2912
2276
1246
413
-202
-575
-657
-440
-186
-253
-516
-885
-1354
-1770
-1928
-1756
-1530
-1307
-967
-552
-221
29
367
655
892
1192
1515
1696
1622
1385
945
318
-393
-1021
-1503
-1893
-2013
-1777
-1431
-1198
-1108
-1012
-919
-467
679
2229
3404
3518
3282
3034
2497
1802
1387
1549
1790
1991
2375
2744
2613
1429
-427
-2377
-4006
-4748
-4437
-3343
-2117
-1038
-338
-152
-269
-489
-533
-403
-135
302
929
1656
2386
2927
2859
2116
1212
438
-292
-896
-1233
-1357
-1544
-1887
-2181
-2415
-2772
-3040
-2920
-2452
-1843
-994
48
852
1346
1659
1853
1739
1325
1071
1132
1335
1559
1876
2091
1854
1269
498
-351
-1221
-1947
-2353
-2498
-2426
-2132
-1662
-1223
-894
-541
-239
-56
75
289
552
786
1042
1259
1315
1099
755
434
92
-215
-339
-314
-359
-557
-800
-934
-904
-540
215
1083
1447
1366
1348
1310
1128
1002
1202
1506
1746
2018
2387
2561
2146
1177
-22
-1239
-2226
-2571
-2234
-1640
-1129
-836
-859
-1139
-1488
-1597
-1429
-1145
-836
-445
156
819
1457
1878
1864
1530
1118
801
552
359
228
58
-251
-636
-1000
-1332
-1587
-1688
-1645
-1584
-1512
-1334
-1085
-864
-646
-344
12
298
518
799
1101
1346
1570
1748
1777
1583
1249
905
537
114
-319
-662
-908
-1076
-1103
-977
-789
-646
-579
-553
-556
-589
-623
-571
-394
-128
152
366
476
467
363
193
54
36
138
255
225
68
-98
-187
-189
-66
170
265
127
16
98
322
653
981
1119
1033
929
942
1057
1077
818
326
-167
-457
-460
-197
152
355
349
150
-161
-415
-534
-533
-519
-602
-686
-557
-237
107
374
486
385
165
-9
-106
-180
-290
-407
-477
-505
-508
-483
-446
-445
-470
-511
-580
-671
-717
-610
-379
-96
212
501
684
706
665
613
513
397
321
285
240
162
53
-89
-279
-480
-566
-538
-483
-418
-305
-171
-104
-104
-137
-206
-315
-384
-295
-70
150
317
381
264
22
-194
-308
-353
-370
-362
-357
-372
-359
-269
-121
103
334
427
420
514
721
948
1133
1201
1117
940
765
695
726
716
541
267
51
-57
-37
88
231
308
265
106
-101
-268
-301
-215
-153
-219
-277
-195
-40
126
227
187
-8
-262
-464
-614
-713
-747
-725
-720
-776
-799
-742
-657
-540
-390
-254
-193
-164
-69
108
321
531
694
727
605
427
275
126
-16
-119
-180
-260
-381
-479
-523
-549
-604
-657
-649
-552
-384
-147
128
341
436
450
444
445
464
511
591
642
632
548
360
75
-279
-622
-879
-1007
-992
-856
-706
-619
-562
-478
-328
-31
412
710
737
734
800
877
958
1011
928
737
586
550
622
671
560
312
38
-197
-314
-237
-58
107
232
262
183
71
31
92
184
207
162
150
183
223
230
104
-163
-475
-750
-955
-1078
-1083
-1004
-916
-886
-884
-811
-639
-419
-205
-26
92
190
356
599
810
916
902
773
550
290
79
-92
-290
-511
-687
-788
-845
-870
-842
-776
-733
-688
-532
-252
64
382
712
981
1134
1237
1317
1302
1173
990
787
539
225
-116
-460
-798
-1103
-1311
-1411
-1447
-1424
-1311
-1115
-908
-720
-518
-309
-82
255
771
1237
1394
1320
1184
1008
852
769
663
455
232
134
184
265
247
105
-120
-360
-485
-368
-53
323
647
828
830
720
632
650
693
595
383
229
141
40
-47
-198
-527
-902
-1112
-1181
-1245
-1302
-1264
-1133
-967
-786
-582
-378
-187
49
328
576
735
835
909
928
858
714
504
220
-115
-409
-623
-802
-945
-1012
-1003
-970
-908
-777
-639
-528
-375
-109
239
617
1002
1327
1507
1532
1447
1318
1124
823
462
125
-188
-476
-666
-788
-964
-1208
-1410
-1493
-1444
-1279
-1069
-871
-667
-422
-146
123
343
483
592
805
1069
1148
983
722
441
203
129
158
147
108
134
215
302
364
345
213
63
34
173
437
768
1067
1187
1048
733
415
215
119
2
-179
-312
-349
-339
-306
-315
-488
-764
-941
-977
-969
-930
-800
-606
-409
-227
-60
48
94
158
265
345
340
278
199
123
65
20
-43
-164
-337
-489
-565
-589
-575
-510
-413
-321
-202
-25
186
378
537
680
796
876
924
905
772
538
297
118
7
-56
-102
-167
-284
-436
-579
-691
-789
-876
-899
-826
-661
-417
-149
39
91
63
0
-109
-228
-297
-296
-183
87
343
382
246
70
-91
-156
-57
98
215
354
566
814
1023
1124
1059
849
612
461
455
562
704
767
644
353
28
-190
-235
-169
-116
-121
-150
-197
-266
-317
-384
-520
-638
-634
-547
-470
-401
-338
-325
-360
-387
-404
-426
-415
-333
-210
-96
-16
20
22
-1
-51
-107
-162
-228
-280
-263
-171
-14
201
419
560
603
583
525
440
348
281
243
211
189
204
232
226
183
110
-3
-134
-238
-322
-410
-497
-549
-534
-462
-373
-282
-189
-131
-127
-159
-233
-375
-541
-643
-683
-680
-609
-464
-286
-68
173
295
227
100
34
77
258
529
765
926
1041
1109
1114
1034
846
579
323
149
97
183
346
490
519
405
205
17
-91
-114
-100
-110
-117
-64
13
70
77
-36
-270
-495
-622
-673
-663
-580
-460
-334
-206
-105
-69
-98
-150
-190
-219
-239
-248
-236
-187
-118
-33
65
153
195
191
174
148
109
80
57
53
101
209
327
400
407
352
269
190
120
49
-27
-101
-160
-185
-173
-118
-41
10
-4
-69
-151
-226
-290
-364
-456
-566
-675
-752
-777
-754
-717
-677
-646
-649
-682
-685
-609
-440
-150
209
478
601
661
678
667
687
722
709
688
718
789
872
917
855
663
408
184
83
153
335
508
572
487
300
116
10
-16
-16
-34
-54
-64
-91
-135
-192
-290
-399
-443
-413
-356
-294
-232
-205
-233
-291
-363
-428
-452
-421
-369
-321
-271
-215
-168
-125
-73
-23
17
49
54
41
60
134
259
419
548
582
527
415
268
127
32
-11
-4
62
174
285
347
344
262
93
-105
-244
-303
-317
-307
-303
-348
-435
-525
-617
-725
-833
-911
-940
-916
-829
-693
-536
-390
-293
-241
-174
-51
108
291
477
562
498
398
356
336
376
492
584
603
620
661
682
660
591
473
345
288
345
500
681
804
804
653
389
111
-92
-178
-173
-137
-95
-35
6
-1
-40
-133
-309
-494
-611
-678
-705
-649
-530
-418
-329
-276
-284
-336
-368
-344
-277
-184
-89
-26
18
69
129
193
260
301
286
234
188
158
149
160
161
145
141
195
290
378
431
439
391
308
229
165
113
77
40
-18
-97
-196
-327
-470
-597
-712
-812
-866
-869
-846
-796
-710
-619
-543
-468
-394
-344
-332
-342
-366
-375
-320
-182
-17
143
293
359
309
218
144
98
127
248
395
543
716
883
996
1036
980
816
609
455
400
449
565
681
725
674
550
378
198
49
-65
-178
-273
-321
-345
-356
-338
-323
-350
-390
-415
-437
-455
-437
-387
-332
-281
-231
-184
-132
-57
26
85
102
86
48
25
27
40
61
77
64
38
36
86
169
258
323
339
312
279
278
282
256
212
165
109
53
10
-48
-135
-238
-335
-423
-480
-492
-478
-450
-434
-444
-474
-510
-542
-563
-568
-568
-555
-523
-464
-406
-378
-378
-399
-440
-486
-485
-424
-319
-159
56
246
353
418
455
458
477
533
593
654
748
866
978
1049
1039
941
802
675
590
560
562
548
482
349
173
2
-118
-160
-155
-153
-161
-166
-186
-225
-270
-337
-430
-484
-464
-387
-274
-138
-32
-5
-62
-164
-268
-333
-321
-247
-151
-67
1
46
66
66
53
43
46
60
94
160
245
323
369
377
353
304
256
217
166
93
19
-47
-104
-138
-138
-128
-123
-132
-169
-243
-339
-426
-484
-497
-473
-428
-385
-367
-386
-439
-521
-618
-702
-752
-753
-703
-618
-514
-412
-338
-300
-272
-232
-178
-75
89
251
364
446
525
603
702
819
908
940
932
904
858
797
712
605
501
432
415
446
494
509
453
315
121
-78
-222
-269
-228
-146
-61
19
80
98
65
-26
-172
-316
-399
-402
-332
-213
-95
-23
-14
-57
-129
-198
-248
-265
-249
-198
-120
-21
85
175
229
244
228
198
166
149
157
178
192
205
216
211
193
167
123
53
-26
-98
-162
-210
-237
-253
-262
-270
-288
-324
-378
-441
-511
-583
-646
-694
-727
-738
-730
-708
-677
-644
-618
-600
-585
-569
-544
-495
-414
-311
-194
-58
98
253
407
554
642
634
562
469
388
371
439
555
683
798
871
878
809
662
469
285
169
153
239
395
559
659
648
523
325
123
-19
-78
-71
-29
34
90
109
85
16
-90
-203
-287
-331
-337
-312
-264
-220
-195
-175
-159
-143
-107
-53
4
57
91
106
112
118
132
157
186
204
201
178
137
83
22
-30
-58
-62
-49
-24
-14
-40
-97
-174
-263
-338
-386
-411
-420
-413
-401
-402
-419
-446
-481
-517
-552
-579
-596
-602
-595
-580
-558
-523
-470
-392
-292
-188
-106
-56
-34
-41
-62
-70
-45
15
116
255
389
474
510
514
492
467
457
456
462
485
536
605
673
716
720
686
635
588
558
541
526
482
401
295
187
111
86
93
83
40
-30
-117
-216
-306
-376
-426
-442
-416
-357
-280
-195
-128
-96
-92
-102
-106
-81
-11
84
180
250
270
241
183
117
61
21
2
0
10
36
71
94
87
43
-38
-147
-255
-331
-365
-363
-333
-290
-252
-228
-220
-235
-275
-336
-409
-481
-529
-544
-527
-486
-429
-377
-346
-336
-354
-392
-440
-474
-491
-474
-418
-331
-236
-149
-79
-33
-4
25
69
127
193
262
309
327
337
360
405
482
583
680
766
834
873
870
830
754
659
583
547
551
583
614
601
519
372
193
23
-98
-155
-167
-161
-154
-155
-174
-215
-267
-312
-342
-340
-295
-215
-108
3
90
135
135
99
53
29
39
74
119
158
173
171
159
138
100
45
-17
-81
-139
-176
-189
-181
-169
-154
-141
-132
-123
-121
-140
-183
-244
-306
-358
-389
-401
-394
-377
-363
-357
-369
-398
-445
-504
-565
-608
-632
-631
-601
-553
-498
-437
-381
-335
-297
-262
-232
-208
-181
-149
-107
-53
22
118
222
320
403
457
487
517
550
595
659
722
768
800
816
809
784
743
683
620
572
538
513
487
443
370
269
150
33
-57
-114
-143
-148
-143
-144
-151
-166
-179
-184
-178
-164
-139
-112
-85
-61
-41
-26
-18
-6
13
37
64
85
91
78
46
0
-45
-75
-81
-68
-36
-1
27
44
45
32
10
-20
-48
-69
-81
-89
-99
-121
-151
-186
-224
-266
-315
-371
-430
-487
-536
-574
-601
-615
-612
-592
-560
-528
-502
-487
-484
-487
-487
-473
-438
-378
-307
-234
-172
-121
-82
-52
-18
29
98
183
283
384
473
538
582
607
621
640
676
723
774
823
850
850
822
771
703
628
560
500
448
395
337
273
203
131
66
11
-29
-57
-77
-97
-127
-164
-198
-224
-235
-233
-216
-191
-166
-145
-135
-140
-159
-181
-194
-195
-181
-152
-118
-83
-50
-28
-12
-5
1
9
15
23
33
43
53
57
57
49
35
10
-20
-62
-111
-167
-228
-284
-335
-374
-403
-424
-436
-442
-446
-452
-460
-468
-476
-482
-484
-477
-463
-443
-419
-396
-378
-358
-335
-308
-274
-235
-196
-150
-97
-37
30
100
169
241
315
388
456
516
573
627
676
719
760
790
803
800
776
735
682
629
573
523
479
438
401
355
298
227
149
66
-11
-71
-109
-124
-125
-122
-126
-137
-160
-193
-231
-272
-302
-312
-303
-273
-230
-185
-150
-126
-113
-106
-102
-93
-83
-65
-41
-11
20
49
73
90
98
93
82
67
50
31
14
-5
-22
-40
-61
-86
-115
-143
-170
-198
-225
-247
-264
-275
-285
-298
-315
-338
-363
-383
-398
-403
-405
-405
-407
-413
-418
-422
-421
-416
-401
-371
-327
-271
-206
-143
-80
-18
38
95
159
228
308
389
465
523
563
589
601
605
606
606
607
610
608
595
572
535
485
429
368
309
263
230
208
188
161
123
79
29
-19
-61
-98
-127
-153
-174
-194
-207
-216
-217
-212
-203
-192
-184
-177
-172
-168
-166
-162
-153
-129
-95
-56
-21
8
28
34
28
13
0
-7
-2
12
29
44
55
62
60
47
20
-11
-40
-60
-74
-83
-88
-99
-115
-141
-177
-218
-257
-294
-321
-347
-370
-389
-404
-412
-418
-424
-428
-426
-414
-392
-363
-326
-281
-225
-163
-99
-38
21
77
135
194
248
296
341
382
419
452
473
487
496
502
507
511
513
512
502
481
450
415
379
349
322
295
259
219
177
134
92
45
0
-48
-92
-126
-149
-167
-182
-195
-211
-226
-244
-259
-267
-267
-260
-244
-226
-201
-174
-150
-130
-115
-101
-88
-75
-62
-48
-30
-10
10
30
48
64
79
92
101
104
102
104
108
110
107
100
89
73
53
29
-4
-40
-80
-117
-153
-185
-218
-252
-286
-320
-347
-368
-380
-387
-388
-382
-367
-341
-304
-259
-216
-175
-136
-95
-44
11
62
107
144
179
215
250
280
304
320
332
339
345
350
353
351
344
337
330
322
316
307
294
271
241
208
173
138
102
66
28
-7
-41
-75
-109
-147
-181
-212
-237
-258
-274
-285
-292
-292
-286
-277
-267
-253
-235
-215
-190
-166
-139
-113
-86
-58
-32
-7
15
39
63
89
115
142
167
186
202
216
232
251
269
287
298
306
310
310
304
288
261
229
193
154
113
67
16
-39
-96
-151
-201
-249
-291
-324
-349
-366
-372
-373
-370
-361
-348
-333
-310
-280
-244
-210
-178
-147
-112
-75
-43
-17
-1
9
23
46
72
97
123
146
165
181
192
198
200
199
198
195
188
180
168
152
129
101
73
43
14
-17
-48
-79
-105
-126
-146
-166
-186
-198
-201
-195
-184
-171
-162
-153
-140
-125
-103
-78
-45
-14
17
39
56
70
83
94
106
120
135
153
175
197
218
235
252
266
283
305
329
351
366
373
371
362
351
335
315
285
245
197
148
95
39
-19
-74
-129
-181
-230
-272
-307
-339
-367
-389
-403
-409
-406
-399
-390
-379
-367
-354
-340
-325
-312
-297
-276
-252
-223
-193
-165
-138
-112
-87
-58
-26
10
46
84
119
151
173
189
197
198
196
193
191
188
180
165
141
111
79
49
21
-4
-24
-43
-57
-70
-78
-84
-90
-98
-104
-102
-92
-78
-60
-40
-21
-7
3
14
23
31
40
47
56
65
80
99
119
139
157
176
198
220
246
271
295
318
339
357
368
374
373
366
351
332
304
276
243
206
165
120
72
26
-19
-61
-104
-145
-186
-222
-252
-280
-303
-324
-340
-355
-367
-380
-391
-395
-392
-388
-381
-373
-365
-356
-345
-332
-316
-295
-268
-238
-203
-166
-129
-92
-56
-23
6
31
53
74
92
105
114
119
120
119
116
111
105
94
86
75
62
50
43
38
36
35
36
40
42
44
45
46
50
58
67
77
83
86
85
82
79
75
74
72
75
85
98
114
129
144
156
166
177
193
211
233
256
274
289
299
305
309
309
304
295
283
266
247
226
204
177
147
112
76
37
0
-35
-70
-107
-147
-186
-224
-256
-282
-307
-330
-350
-366
-379
-392
-401
-403
-400
-395
-388
-377
-365
-350
-334
-316
-299
-277
-249
-217
-184
-156
-134
-122
-116
-108
-97
-83
-66
-50
-33
-22
-16
-14
-15
-18
-17
-13
-7
4
18
34
47
56
62
66
74
85
99
117
134
151
164
174
177
178
181
188
194
200
204
209
216
223
228
230
232
233
238
244
251
256
260
261
262
263
263
266
268
270
269
263
255
247
237
225
212
195
177
152
126
96
64
30
-6
-45
-82
-123
-158
-193
-224
-253
-283
-309
-333
-355
-372
-385
-396
-405
-409
-411
-408
-401
-390
-375
-359
-343
-326
-309
-289
-271
-250
-229
-210
-190
-171
-151
-132
-113
-100
-85
-69
-53
-37
-24
-12
0
10
18
28
36
45
56
68
77
84
91
98
106
114
122
131
142
152
159
166
172
177
185
192
196
201
206
211
213
216
216
217
221
225
229
231
232
230
230
230
232
233
233
233
233
232
230
227
220
211
202
190
176
161
143
122
97
70
41
10
-21
-54
-86
-116
-143
-170
-195
-222
-250
-277
-299
-319
-332
-343
-350
-357
-362
-364
-368
-366
-363
-359
-352
-341
-329
-314
-294
-275
-259
-243
-229
-213
-192
-169
-147
-125
-103
-81
-60
-41
-24
-8
8
21
36
49
60
72
81
89
96
101
104
109
117
127
137
146
154
160
167
173
180
187
192
194
196
197
198
199
201
201
199
198
196
194
192
191
189
184
181
177
175
173
175
178
179
178
175
170
163
155
149
140
131
122
111
100
87
74
55
33
11
-11
-31
-51
-69
-86
-105
-122
-142
-163
-183
-198
-212
-226
-235
-246
-255
-261
-268
-275
-281
-284
-286
-285
-278
-270
-262
-251
-244
-236
-226
-213
-200
-184
-169
-153
-136
-120
-106
-91
-77
-64
-52
-39
-26
-12
0
11
23
34
45
53
63
70
76
82
89
96
105
114
120
126
133
137
144
147
149
148
146
147
148
151
154
155
156
154
149
147
145
144
145
148
149
149
152
154
156
154
149
143
138
132
128
123
116
109
103
94
85
73
60
44
27
14
2
-6
-15
-25
-35
-50
-64
-80
-96
-111
-123
-135
-146
-157
-166
-174
-181
-191
-199
-205
-210
-214
-213
-209
-205
-202
-197
-192
-186
-177
-166
-154
-143
-132
-123
-115
-107
-100
-89
-77
-66
-54
-43
-32
-21
-12
-4
3
10
16
23
29
38
48
60
70
78
83
87
93
100
106
112
117
121
125
126
126
127
128
131
131
130
129
130
130
131
129
128
126
125
126
126
123
120
116
110
105
100
95
90
85
80
77
73
68
63
56
45
35
25
17
11
7
0
-9
-19
-28
-38
-48
-61
-75
-85
-94
-103
-112
-119
-127
-136
-145
-154
-161
-167
-171
-172
-171
-168
-163
-160
-154
-149
-144
-140
-134
-128
-123
-116
-108
-100
-90
-78
-67
-57
-48
-42
-36
-32
-28
-23
-15
-8
1
10
18
24
29
34
38
44
50
56
63
67
71
76
82
84
86
88
87
88
89
90
90
92
92
93
93
95
99
101
100
100
97
95
92
87
82
76
69
66
63
62
59
57
55
53
50
46
42
38
34
28
25
22
19
18
15
7
0
-5
-11
-16
-23
-28
-33
-38
-44
-51
-58
-65
-74
-80
-86
-89
-91
-90
-90
-89
-90
-91
-90
-91
-90
-90
-87
-85
-80
-76
-74
-72
-70
-66
-61
-58
-52
-46
-40
-36
-34
-32
-29
-26
-20
-14
-8
-4
-1
1
3
5
9
13
18
24
30
34
37
38
36
34
32
30
29
31
34
39
44
50
57
59
62
63
62
61
59
61
59
55
55
51
49
48
47
45
44
45
47
49
48
46
44
44
43
41
41
41
42
43
41
38
34
31
27
22
16
11
4
-3
-7
-15
-20
-29
-36
-44
-52
-58
-59
-58
-58
-59
-60
-63
-65
-67
-71
-73
-75
-76
-78
-77
-74
-72
-71
-69
-68
-66
-63
-60
-58
-56
-54
-51
-49
-46
-43
-41
-37
-35
-32
-28
-23
-17
-10
-4
3
8
13
17
20
21
21
21
21
22
26
30
34
38
42
46
48
51
52
50
50
49
47
46
48
47
46
44
43
40
40
40
39
40
43
44
44
44
43
43
44
45
47
49
52
54
56
58
58
58
55
53
52
46
41
34
27
21
11
4
-2
-7
-11
-16
-21
-23
-27
-31
-36
-42
-48
-52
-54
-55
-55
-56
-58
-60
-62
-65
-68
-69
-68
-68
-68
-67
-66
-66
-65
-65
-63
-61
-60
-57
-54
-51
-49
-45
-41
-36
-32
-28
-24
-20
-17
-14
-11
-10
-10
-8
-7
-6
-5
0
4
8
13
16
18
19
20
20
21
23
24
26
30
32
36
39
43
41
41
40
41
40
42
44
44
44
44
43
43
44
45
45
47
51
52
56
58
58
59
58
58
57
56
54
54
52
48
45
42
35
30
23
18
14
10
5
-1
-7
-13
-19
-26
-31
-36
-40
-43
-46
-49
-52
-56
-60
-61
-63
-63
-62
-60
-60
-61
-61
-63
-65
-66
-69
-68
-67
-64
-60
-54
-48
-44
-40
-38
-36
-33
-31
-29
-27
-25
-20
-17
-11
-9
-6
-3
-3
0
0
-1
1
2
2
4
5
8
10
12
14
17
19
22
24
25
25
25
28
30
32
33
34
36
36
37
38
40
42
43
47
48
51
56
60
63
67
69
70
72
73
72
72
70
68
67
63
58
53
49
44
39
34
28
23
17
10
5
-2
-5
-10
-13
-20
-25
-31
-38
-43
-48
-51
-52
-55
-58
-59
-62
-67
-70
-73
-74
-76
-76
-75
-72
-70
-66
-63
-62
-58
-54
-50
-46
-42
-40
-38
-36
-34
-32
-30
-31
-30
-29
-28
-29
-29
-30
-28
-25
-22
-17
-15
-11
-7
-2
0
2
4
4
7
9
13
17
22
24
27
30
30
31
34
36
39
39
42
43
46
49
52
56
57
60
61
64
67
71
72
73
71
72
70
67
65
62
57
52
48
43
39
35
31
28
24
20
16
13
8
4
-2
-6
-10
-13
-15
-18
-20
-24
-28
-32
-37
-41
-44
-49
-53
-58
-61
-63
-63
-63
-63
-62
-62
-58
-55
-51
-49
-49
-47
-45
-42
-38
-33
-29
-25
-24
-22
-21
-22
-20
-19
-16
-12
-11
-9
-5
-3
0
3
2
2
1
0
0
2
2
3
4
6
7
7
8
9
9
7
8
11
12
15
18
19
21
21
24
26
30
34
37
41
44
48
51
54
55
55
53
51
52
52
53
53
53
52
50
49
45
41
35
30
27
23
18
14
9
4
1
-3
-6
-8
-12
-14
-17
-22
-28
-33
-37
-41
-43
-45
-46
-47
-47
-49
-51
-49
-50
-50
-49
-49
-49
-46
-46
-45
-45
-43
-41
-38
-35
-33
-32
-31
-28
-26
-24
-20
-16
-13
-11
-9
-9
-10
-13
-16
-19
-20
-22
-22
-21
-19
-17
-15
-14
-13
-13
-11
-8
-5
-1
3
6
8
12
14
18
23
27
29
31
32
34
37
40
43
46
47
50
51
52
54
54
55
57
61
63
66
67
66
66
63
60
58
53
51
49
46
44
42
38
33
29
25
20
16
12
8
3
-3
-8
-12
-19
-23
-28
-34
-36
-39
-43
-46
-48
-51
-53
-53
-54
-55
-55
-56
-57
-56
-55
-53
-50
-47
-44
-38
-34
-30
-27
-22
-20
-18
-16
-16
-15
-16
-17
-19
-20
-21
-21
-24
-22
-23
-22
-22
-23
-23
-22
-21
-21
-16
-14
-11
-8
-7
-6
-6
-4
-1
1
4
6
10
13
16
17
20
22
24
28
31
35
37
40
43
45
46
47
48
50
50
51
49
47
46
43
41
40
37
35
34
31
28
25
24
22
21
19
16
14
12
9
4
0
-4
-8
-10
-12
-17
-20
-23
-27
-28
-32
-35
-38
-39
-40
-40
-41
-41
-40
-38
-36
-36
-33
-30
-27
-24
-20
-15
-13
-11
-8
-5
-4
-4
-2
0
0
0
1
1
1
2
2
0
-1
-2
-2
-3
-6
-8
-10
-14
-17
-20
-21
-24
-23
-23
-21
-20
-20
-17
-16
-13
-10
-8
-4
-2
0
4
8
11
14
17
22
26
30
33
34
35
35
35
36
36
37
36
36
35
35
35
35
33
33
33
34
35
37
38
37
35
34
31
28
24
22
19
15
13
7
3
-1
-6
-12
-16
-20
-22
-23
-25
-27
-28
-29
-30
-30
-30
-27
-25
-23
-21
-18
-17
-15
-15
-15
-14
-12
-10
-7
-5
-4
-5
-5
-9
-12
-13
-15
-16
-19
-21
-23
-26
-26
-29
-29
-31
-31
-31
-31
-32
-30
-29
-27
-26
-27
-27
-28
-27
-26
-26
-25
-22
-21
-20
-17
-13
-8
-4
0
2
2
3
5
7
11
13
15
15
17
19
22
26
29
33
36
41
45
49
50
53
52
50
49
48
47
48
46
46
46
43
41
40
37
34
31
28
22
18
15
11
7
5
2
-2
-4
-6
-7
-9
-11
-12
-11
-12
-13
-11
-11
-12
-12
-14
-14
-15
-14
-12
-11
-12
-11
-11
-12
-12
-15
-17
-17
-18
-18
-18
-18
-20
-22
-22
-26
-29
-30
-31
-32
-30
-31
-31
-32
-32
-33
-32
-33
-34
-33
-32
-30
-27
-25
-24
-20
-18
-17
-14
-12
-9
-7
-6
-3
0
3
5
8
10
13
16
18
21
24
26
27
27
29
29
31
32
34
36
37
37
37
37
39
40
39
39
37
37
36
35
33
32
33
33
32
30
28
26
24
23
22
20
18
17
15
11
8
5
2
0
-4
-6
-8
-9
-11
-12
-13
-14
-13
-16
-17
-18
-21
-22
-22
-22
-23
-25
-26
-28
-30
-31
-32
-33
-36
-40
-42
-45
-47
-50
-52
-52
-53
-53
-53
-53
-52
-51
-50
-46
-43
-38
-35
-31
-30
-26
-24
-21
-17
-12
-8
-5
0
4
8
11
14
16
17
20
22
25
26
27
30
30
31
33
35
39
42
45
48
48
50
51
51
53
53
53
56
55
55
57
56
54
53
52
51
49
49
46
41
37
34
31
30
28
23
21
16
13
9
6
3
0
0
0
-1
-3
-6
-8
-11
-12
-16
-17
-20
-22
-25
-27
-32
-36
-41
-46
-49
-54
-54
-57
-59
-63
-66
-69
-72
-73
-73
-73
-70
-67
-65
-65
-63
-62
-60
-58
-56
-54
-51
-46
-42
-39
-32
-29
-23
-19
-14
-9
-3
2
7
10
15
18
21
26
30
36
39
43
48
52
54
55
58
60
62
62
62
62
61
61
62
61
61
62
62
62
63
60
58
56
51
49
47
46
43
41
37
32
28
25
22
19
14
8
4
0
-3
-4
-8
-11
-13
-16
-19
-23
-27
-30
-33
-35
-37
-37
-39
-41
-43
-45
-48
-47
-49
-48
-49
-50
-49
-48
-49
-50
-51
-51
-50
-49
-50
-50
-50
-50
-49
-49
-47
-48
-46
-44
-43
-41
-38
-35
-31
-28
-23
-18
-14
-8
-4
1
6
8
12
14
19
23
28
31
35
38
41
44
46
48
49
51
50
50
49
49
50
51
54
54
55
56
57
55
55
55
55
53
54
52
52
50
47
45
41
39
35
32
27
24
19
17
12
9
5
-1
-4
-10
-14
-17
-19
-22
-25
-27
-31
-33
-34
-36
-37
-39
-41
-42
-42
-42
-43
-43
-42
-41
-41
-40
-41
-40
-40
-39
-40
-41
-41
-40
-40
-40
-42
-42
-41
-41
-42
-40
-38
-34
-31
-28
-24
-21
-19
-15
-12
-11
-9
-9
-6
-3
1
5
8
8
10
11
13
15
16
19
18
20
21
22
25
26
28
30
33
36
39
41
41
42
41
41
43
44
45
48
49
48
48
47
45
43
41
41
41
39
36
34
31
27
24
21
17
15
12
10
8
4
1
-3
-5
-8
-12
-13
-16
-19
-21
-24
-27
-29
-32
-33
-34
-35
-35
-35
-37
-37
-40
-42
-43
-43
-43
-43
-43
-42
-41
-41
-43
-43
-43
-41
-37
-35
-30
-27
-24
-21
-18
-16
-14
-15
-15
-15
-11
-10
-8
-5
-4
-3
-2
1
3
4
6
7
9
10
12
14
17
19
21
23
24
25
27
27
28
30
29
30
31
31
33
35
36
36
38
37
37
35
34
35
35
35
34
34
33
35
33
31
29
27
24
21
20
18
15
12
11
8
6
3
-1
-2
-4
-7
-10
-12
-14
-17
-18
-20
-23
-26
-27
-29
-30
-32
-32
-32
-32
-33
-34
-33
-34
-34
-33
-33
-31
-30
-29
-27
-25
-24
-22
-21
-19
-19
-18
-17
-16
-15
-13
-11
-10
-7
-6
-6
-5
-5
-6
-5
-4
-5
-4
-3
-2
0
1
1
3
3
5
6
6
9
9
10
12
12
12
11
11
11
11
12
12
13
15
15
16
16
16
17
17
17
17
17
17
16
16
14
15
14
16
17
17
16
16
16
15
16
15
14
12
12
10
11
10
8
6
5
1
1
0
-1
0
0
-1
-3
-6
-6
-8
-9
-11
-12
-14
-14
-15
-15
-14
-14
-14
-16
-15
-16
-14
-13
-14
-15
-15
-16
-15
-15
-13
-14
-14
-13
-13
-13
-11
-10
-11
-10
-9
-8
-7
-4
-3
-2
-2
-2
-3
-1
0
1
2
2
3
3
5
6
6
7
7
8
7
7
8
8
8
10
8
8
7
6
7
8
9
10
10
9
10
8
9
10
10
12
11
12
11
13
13
13
12
11
11
10
10
9
9
8
7
7
7
7
7
6
6
5
4
3
2
2
0
-2
-3
-3
-5
-5
-5
-7
-8
-9
-10
-11
-13
-13
-12
-13
-14
-14
-16
-15
-14
-13
-13
-13
-15
-14
-14
-15
-16
-17
-19
-17
-18
-16
-14
-13
-13
-13
-14
-15
-13
-13
-10
-9
-8
-6
-6
-3
-1
0
0
1
0
1
0
0
3
2
3
2
3
5
5
5
6
7
8
11
10
13
15
14
16
17
18
17
18
16
16
15
14
16
16
16
16
16
15
13
13
13
12
12
12
13
13
13
13
10
10
7
7
7
6
6
6
6
5
3
1
1
1
-1
0
-1
-1
1
-1
-3
-4
-4
-6
-7
-8
-6
-5
-6
-7
-9
-9
-11
-10
-13
-12
-12
-13
-13
-13
-13
-12
-11
-11
-11
-12
-11
-10
-10
-10
-11
-10
-11
-12
-11
-10
-12
-12
-13
-13
-13
-12
-12
-11
-9
-7
-7
-6
-4
-4
-3
-1
1
0
1
2
3
3
2
3
3
4
4
5
6
9
7
8
7
8
8
9
10
11
11
11
11
11
11
12
12
12
11
11
10
9
9
9
8
7
8
8
7
7
7
6
5
5
4
4
5
5
4
3
1
-1
-1
-2
-1
-1
-2
-2
-4
-5
-7
-8
-8
-5
-7
-8
-6
-6
-7
-8
-8
-8
-8
-9
-10
-8
-9
-8
-8
-7
-8
-8
-7
-8
-9
-10
-10
-10
-10
-9
-10
-9
-6
-7
-6
-7
-6
-6
-6
-4
-3
-2
0
0
-1
1
2
2
3
3
2
2
4
4
5
6
6
8
9
9
11
12
14
15
15
15
16
16
17
16
16
15
15
15
13
12
