-2
-2
-2
-3
-3
-2
-2
-2
-2
-2
0
1
0
2
2
2
2
1
2
3
3
3
3
3
2
2
3
2
3
2
2
3
2
2
2
2
1
1
0
0
-2
-2
-3
-1
-2
-2
-2
-2
-3
-2
-1
0
-1
0
-1
-2
-2
-1
-1
-2
-1
-1
0
0
0
0
-1
0
0
0
-1
0
-1
-1
-1
-1
-1
-2
-3
-3
-2
-1
-1
-1
1
1
2
0
1
1
0
1
0
1
2
1
2
3
1
1
1
0
0
0
1
0
1
1
1
0
1
2
0
2
3
3
3
2
1
1
1
0
2
3
2
3
2
2
1
1
1
0
-1
0
0
1
1
0
0
-1
-2
-1
-2
-2
-2
-3
-2
-4
-4
-3
-4
-2
-1
-2
-1
-2
-1
0
0
-1
-2
-2
-2
-2
-2
-2
-3
-3
-2
-2
-2
-1
-1
0
-1
0
1
0
1
0
0
1
1
2
2
2
3
3
2
3
1
2
2
2
2
1
1
1
1
1
3
2
3
1
1
1
1
0
-1
0
0
0
-1
-1
-1
0
0
-1
-2
-2
-1
0
0
0
1
2
3
0
0
0
-1
-2
-2
-2
-2
-2
-3
-3
-2
-3
-3
-4
-4
-5
-5
-4
-4
-3
-1
0
-1
-1
-1
1
1
2
3
4
4
3
4
3
3
4
4
4
3
2
4
3
3
3
4
4
4
3
3
2
0
-1
-3
-1
0
-1
-1
-1
1
1
2
2
1
0
0
-1
-2
-3
-2
-2
-1
-1
-1
0
0
0
1
1
1
1
1
0
0
0
-1
-1
-2
-4
-4
-4
-4
-4
-4
-4
-5
-4
-4
-4
-2
-2
-2
-2
-1
-1
-1
0
0
0
0
-2
-3
-2
-1
-1
0
0
2
2
3
3
4
6
5
6
4
4
3
3
1
1
2
1
2
2
1
3
3
3
3
3
3
3
3
3
2
2
2
2
1
2
1
1
0
-1
-2
-2
-3
-3
-3
-2
-3
-3
-4
-5
-4
-3
-2
-2
-2
-1
-1
-1
0
0
0
-1
-1
0
1
0
0
0
0
0
-1
0
-2
-3
-3
-3
-2
-3
-1
0
0
0
0
-1
-1
-1
0
-1
0
2
2
2
2
2
2
2
2
3
3
2
3
2
2
1
0
0
0
-1
-1
-2
0
-1
-1
-1
-1
-1
-1
0
-1
0
-1
1
1
0
-1
-2
-2
-2
-1
-1
-1
0
0
0
0
0
-1
-1
-2
0
0
-1
-1
0
0
0
-1
0
-1
0
1
3
4
5
4
5
5
3
3
2
3
2
2
2
0
-1
-1
-2
-3
-4
-3
-2
-3
-2
-2
-1
-2
-1
-2
-2
-2
-2
0
0
0
-1
0
-1
0
-1
0
1
2
1
1
3
2
2
2
2
1
0
0
-1
-1
-1
-1
-1
-1
-1
0
-1
-1
-1
0
2
2
1
2
2
3
3
4
2
2
3
3
2
2
2
1
1
3
2
1
0
1
0
-1
-1
-1
-2
-1
1
1
0
-1
-1
0
0
-1
-1
-2
-1
-1
-1
-2
-3
-3
-4
-4
-4
-4
-4
-3
-3
-4
-2
-2
-2
-2
-1
1
0
1
1
1
1
2
2
0
0
2
3
2
2
2
2
2
0
2
1
0
0
0
0
0
1
1
0
-2
-3
-3
-3
-2
-3
-2
-2
-1
-2
-2
-3
-2
-1
0
1
1
2
3
3
3
3
2
2
4
3
3
4
2
3
2
0
0
-2
-1
0
-1
-1
-1
-2
-2
-1
-2
-2
-1
-1
-3
-1
-1
0
1
1
0
0
1
1
0
0
0
-1
0
0
0
1
0
1
2
1
0
1
1
0
1
0
1
2
1
0
0
1
0
1
0
0
0
-1
1
2
0
-1
1
0
2
2
2
1
1
1
0
1
1
1
-1
-1
0
-1
0
-2
-1
0
-1
-1
0
-2
-2
-1
0
-1
-1
0
-1
0
-1
-1
-2
-1
-2
-2
-1
-1
0
-1
-1
-1
-1
-2
-1
0
-1
0
1
2
2
1
2
2
1
1
1
1
0
1
1
0
1
-1
-1
-1
-2
-1
-1
1
-1
1
0
-1
-1
-2
-1
-2
-2
-2
-3
-2
-1
-2
-2
-2
-1
-1
0
0
0
3
1
1
-1
-1
0
-1
-1
0
0
0
0
0
-1
-2
-3
-1
-1
-2
-2
0
0
0
1
1
0
0
2
2
2
2
3
2
2
1
1
0
0
1
2
2
3
4
5
4
5
4
5
4
4
2
1
0
0
1
-1
-1
-1
-2
-2
-2
-3
-3
-3
-2
-1
0
0
0
1
1
0
0
-1
-1
-1
-1
0
0
0
0
0
-1
-1
-1
-1
0
0
1
-2
-1
-2
-3
-2
-3
-2
-3
-1
-1
-1
1
1
0
2
1
0
0
0
1
2
1
1
2
1
2
1
2
3
1
1
1
2
1
1
0
0
-1
-1
-1
-1
-2
-2
-2
-3
-3
-3
-4
-2
-1
-1
-1
-2
-1
0
-1
0
0
-1
-1
-2
-3
-2
-1
-2
-1
-1
-2
0
-1
-1
-1
0
1
0
1
1
2
3
2
1
2
4
2
2
1
3
1
3
2
1
1
0
0
1
1
1
2
2
2
1
1
1
1
1
2
2
1
3
0
0
0
0
1
0
0
0
-1
0
0
-2
-3
-3
-4
-2
-3
-2
-2
-2
-1
1
2
1
2
1
2
3
2
4
5
5
5
5
4
2
2
1
1
0
0
-2
-3
-2
-2
-4
-3
-4
-4
-4
-4
-3
-4
-3
-2
-2
-2
-2
-1
0
0
-1
0
2
2
4
4
3
3
3
3
4
4
4
3
3
4
1
1
-3
-2
-3
-4
-4
-5
-6
-6
-7
-6
-6
-6
-6
-5
-4
-3
-4
-3
-4
-3
-3
-2
0
1
3
3
4
6
5
6
5
5
5
5
6
4
2
1
1
-1
-2
-2
-2
-2
-2
-1
-1
-2
-4
-5
-4
-4
-4
-2
-4
-4
-2
-1
-1
-1
0
1
1
1
0
1
-1
0
1
2
3
3
4
5
4
4
5
6
4
4
5
6
4
4
3
3
3
1
1
1
0
-2
-2
-2
-2
-2
-3
-2
-3
-2
-1
-1
-3
0
-2
-3
-3
-3
-3
-3
-1
0
0
-1
-1
1
1
2
3
4
4
4
5
4
4
4
4
4
5
4
3
3
3
1
2
0
0
-1
-2
-2
-3
-2
-2
-3
-4
-4
-2
-2
-2
-2
-4
-4
-3
-1
0
-2
-2
0
1
-1
0
1
0
-2
-3
-2
-1
-1
-1
-3
-2
-4
-4
-4
-7
-7
-6
-4
-3
-4
-3
-2
1
0
-1
0
1
-1
-1
1
2
1
2
2
3
3
2
4
4
2
2
2
2
2
1
2
1
0
1
0
-1
-2
-1
0
0
-2
-2
0
1
1
1
0
1
0
1
0
-1
0
-2
-1
1
0
-1
-1
0
-1
-1
-2
-1
-1
-3
-2
-2
-1
-1
-1
2
2
1
2
3
4
4
5
6
7
8
6
6
8
7
5
5
6
3
2
4
5
4
1
1
2
-2
-3
-1
-2
-5
-5
-4
-3
-6
-7
-6
-6
-7
-7
-4
-4
-3
-3
-3
-2
-3
-3
-5
-4
-3
-2
1
1
1
0
2
4
2
0
1
3
3
3
4
4
3
1
3
3
1
1
4
4
1
3
4
2
0
0
1
0
-3
-3
-4
-3
-3
-4
-1
-3
-4
-3
-3
-2
-4
-6
-4
-5
-5
-3
0
0
-1
1
4
3
-3
-4
1
-5
-5
-1
0
2
-1
3
-2
-3
1
-1
-1
5
6
6
8
11
4
3
10
11
11
11
15
19
13
12
13
15
14
13
16
16
16
12
6
3
0
-5
-12
-9
-4
-6
-9
-10
-15
-25
-32
-28
-25
-34
-36
-24
-18
-25
-27
-23
-30
-31
-25
-22
-21
-16
-10
-17
-25
-18
-14
-17
-9
-1
-9
0
19
4
-9
7
12
2
10
27
33
24
29
40
37
25
27
45
57
49
49
69
74
59
59
68
65
64
62
60
61
55
43
28
25
30
14
1
13
9
-18
-30
-35
-44
-55
-65
-72
-71
-72
-77
-82
-85
-91
-99
-96
-92
-86
-89
-88
-83
-71
-67
-88
-76
-62
-67
-70
-62
-50
-53
-62
-62
-47
-46
-63
-44
-15
-30
-19
3
15
21
17
33
61
80
86
104
127
139
149
151
165
184
172
182
208
211
215
217
225
223
203
194
186
171
153
144
132
117
89
57
43
12
-34
-48
-70
-101
-119
-147
-162
-172
-205
-233
-232
-229
-247
-262
-237
-200
-243
-250
-182
-178
-222
-205
-157
-154
-170
-163
-141
-140
-149
-133
-142
-131
-109
-137
-113
-68
-83
-92
-60
-41
-33
-25
-21
34
84
49
83
154
176
181
198
248
267
253
281
317
319
328
355
362
360
365
349
328
312
291
269
254
256
249
204
185
179
115
58
45
24
-23
-66
-69
-85
-138
-189
-212
-240
-283
-295
-278
-278
-278
-295
-280
-276
-311
-298
-291
-267
-255
-213
-201
-225
-183
-188
-249
-267
-217
-194
-233
-197
-138
-175
-189
-136
-144
-171
-136
-74
-61
-35
5
27
24
11
67
100
98
165
261
255
248
288
332
294
241
325
384
378
406
476
464
404
414
387
343
348
345
348
355
372
350
256
241
216
128
92
98
91
26
-14
-27
-105
-205
-271
-275
-319
-364
-316
-291
-332
-370
-372
-390
-434
-433
-406
-398
-365
-302
-324
-314
-317
-334
-356
-362
-298
-326
-277
-253
-224
-238
-307
-184
-193
-289
-183
-79
-56
-112
-36
77
-3
-45
56
120
81
84
220
230
245
272
245
339
312
284
342
373
410
430
421
478
522
483
453
507
532
491
473
521
549
453
410
490
427
310
333
317
248
174
168
142
0
-72
-94
-198
-271
-296
-331
-392
-391
-394
-462
-452
-448
-452
-552
-552
-407
-460
-580
-473
-318
-452
-547
-347
-292
-500
-500
-297
-314
-421
-368
-266
-275
-308
-318
-185
-144
-244
-116
-54
-39
-43
-11
3
35
109
45
98
215
214
151
172
312
303
207
289
441
363
288
374
447
386
347
491
532
481
533
585
548
524
520
495
495
523
505
470
440
425
356
227
184
187
105
26
20
32
-76
-198
-212
-254
-370
-411
-380
-380
-419
-429
-386
-408
-480
-442
-474
-550
-412
-367
-531
-432
-253
-407
-454
-362
-375
-345
-399
-360
-207
-287
-368
-232
-192
-290
-285
-216
-113
-56
-94
-16
49
82
-31
-66
77
117
50
68
230
214
108
165
195
166
92
146
324
331
291
342
345
321
265
298
407
352
455
591
549
547
580
507
397
407
444
394
413
467
496
370
237
253
113
-24
17
22
33
-7
-38
-53
-184
-279
-336
-345
-364
-358
-273
-259
-244
-282
-384
-415
-464
-425
-385
-474
-218
-218
-368
-227
-262
-389
-515
-356
-341
-307
-304
-258
-78
-290
-368
-161
-254
-354
-133
-100
-95
-56
-106
-17
-96
-208
-123
1
-22
-37
166
81
103
101
50
77
55
90
177
124
250
206
129
224
254
280
190
284
362
280
277
337
425
343
278
490
495
418
428
450
400
324
380
412
338
355
307
261
248
217
193
77
70
124
63
28
16
0
-123
-191
-138
-141
-184
-205
-143
-108
-262
-243
-199
-329
-364
-397
-230
-276
-323
-260
-292
-287
-400
-369
-365
-373
-400
-385
-192
-313
-392
-225
-315
-298
-260
-332
-176
-175
-286
-162
-204
-163
-186
-271
-150
-5
-136
-197
119
-27
-215
-32
6
-5
-63
-76
143
98
-4
124
106
96
217
197
312
381
275
324
410
372
392
458
437
544
628
573
620
583
468
450
434
512
482
441
494
439
362
313
323
231
99
137
135
149
126
36
-11
-74
-106
-172
-160
-119
-265
-132
-46
-330
-147
-189
-455
-287
-367
-365
-337
-192
-421
-388
-190
-515
-474
-368
-557
-438
-448
-471
-432
-417
-387
-704
-402
-262
-628
-554
-394
-239
-487
-575
-239
-349
-422
-506
-152
-100
-395
-189
-22
-48
-60
-123
174
135
-48
281
351
292
317
425
387
440
692
584
514
640
615
614
586
679
671
573
707
822
761
712
652
629
517
483
568
577
485
441
506
412
303
267
172
64
60
106
84
30
22
-85
-182
-178
-164
-204
-403
-295
-153
-250
-390
-381
-254
-562
-719
-353
-403
-751
-550
-421
-466
-825
-683
-544
-790
-805
-849
-511
-526
-878
-723
-532
-632
-849
-548
-483
-575
-538
-312
-289
-247
-233
-378
-45
-54
-26
-14
154
315
133
254
481
341
295
424
533
552
516
582
648
607
559
638
843
702
619
623
693
675
560
665
601
526
654
711
659
615
513
388
299
470
453
302
386
374
270
156
152
178
-18
-83
31
91
16
-74
-68
-199
-322
-432
-335
-316
-560
-433
-274
-508
-484
-472
-681
-726
-570
-838
-700
-361
-850
-703
-464
-796
-698
-728
-864
-459
-611
-657
-442
-430
-454
-572
-351
-439
-262
-245
-531
270
-40
-213
46
-67
296
-175
7
602
176
97
446
553
317
267
567
359
331
566
490
605
577
484
536
364
509
558
481
500
496
679
519
373
593
482
275
388
536
495
356
445
480
258
233
342
289
158
278
269
127
164
86
49
-94
-165
-66
-87
-251
-91
-112
-375
-258
-386
-433
-500
-443
-475
-439
-401
-530
-310
-561
-658
-495
-468
-766
-434
-338
-575
-531
-424
-339
-567
-602
-278
-380
-426
-260
-276
-181
-270
-401
-79
-251
-297
-101
2
-80
-239
254
-63
-198
123
106
-69
121
225
238
237
210
275
247
206
301
304
402
362
372
353
338
441
182
371
542
273
430
576
368
439
364
361
386
299
411
530
527
427
402
404
318
207
216
354
269
176
250
242
145
34
4
-36
-92
-88
-31
-33
-63
-111
-226
-205
-330
-351
-317
-267
-439
-241
-121
-386
-291
-398
-295
-377
-459
-292
-231
-237
-460
-322
-154
-562
-516
-288
-331
-532
-378
-237
-332
-532
-301
-400
-546
-261
-428
-197
-151
-314
-87
-194
-254
-261
-29
-74
-242
171
75
54
252
58
146
216
-18
266
315
317
417
304
342
339
359
247
391
520
354
398
487
444
466
220
271
498
238
379
554
537
442
360
448
335
310
343
324
352
353
439
281
212
307
97
-2
120
108
162
97
-7
82
7
-189
-281
-59
-154
-318
-176
-128
-103
-411
-397
-234
-524
-550
-369
-495
-323
-547
-357
-500
-553
-517
-702
-508
-570
-566
-460
-557
-460
-650
-557
-335
-736
-427
-136
-666
-299
-99
-456
-116
-331
-193
-127
-62
-59
64
230
109
113
232
9
329
177
128
412
169
469
377
200
476
482
236
420
607
486
396
587
593
474
445
546
556
542
670
678
530
751
614
387
500
569
519
383
487
528
466
314
262
314
237
-30
127
216
8
31
-121
-34
-183
-389
-196
-401
-373
-286
-371
-377
-359
-484
-568
-533
-441
-614
-687
-178
-613
-645
-558
-315
-689
-984
-347
-560
-715
-654
-419
-375
-696
-672
-373
-427
-733
-269
-482
-412
-91
-446
-279
-204
-139
-287
-325
-95
216
-138
-102
293
230
12
64
224
354
395
75
494
693
223
387
553
397
612
542
393
718
716
469
620
495
595
695
377
662
909
498
552
706
490
494
432
476
477
414
395
441
357
240
223
176
113
142
204
33
-8
173
-94
-201
-129
-101
-351
-257
-128
-457
-30
-462
-588
-235
-568
-602
-476
-552
-450
-482
-621
-533
-361
-855
-707
-370
-805
-564
-591
-524
-587
-729
-531
-503
-697
-494
-486
-579
-174
-332
-676
-97
-163
-623
-71
61
-352
52
68
-135
168
197
-15
227
155
171
429
138
465
396
203
464
505
505
611
422
499
721
475
419
574
741
436
640
776
721
704
479
691
534
534
695
524
526
681
462
406
547
390
175
258
361
235
189
228
132
-45
61
-69
-153
-134
-127
-254
-93
-44
-449
-166
-291
-652
-422
-394
-495
-440
-521
-558
-506
-500
-806
-603
-691
-798
-552
-884
-422
-702
-984
-669
-634
-652
-984
-405
-606
-727
-376
-759
-325
-376
-674
-492
-166
-205
-332
-157
-10
-83
-188
47
155
24
66
159
329
360
246
156
453
502
231
504
709
557
471
625
724
714
507
693
889
674
811
1014
935
822
815
720
748
876
766
723
709
736
650
480
537
436
297
326
328
383
259
132
169
-76
-94
5
-304
-108
-218
-237
-209
-172
-259
-674
-104
-672
-778
-316
-356
-828
-750
-341
-638
-1086
-628
-444
-1302
-527
-552
-1257
-472
-750
-1128
-925
-533
-905
-850
-573
-648
-586
-597
-561
-443
-728
-451
-154
-1113
398
-8
-972
458
14
-217
-86
270
148
18
253
253
689
102
361
750
254
546
942
447
905
734
467
1072
632
807
909
832
1027
1096
912
868
1078
843
650
891
1018
854
523
643
942
438
157
660
427
114
251
295
393
-31
50
-57
-264
215
-533
-149
-5
-417
-298
-270
-303
-768
-241
-621
-785
-293
-493
-1044
-403
-719
-1032
-701
-815
-1004
-682
-1025
-919
-639
-938
-1258
-596
-1026
-1179
-408
-882
-965
-441
-621
-763
-452
-641
-375
-493
-344
-170
-100
-317
78
-61
-103
67
106
-26
421
166
31
808
328
165
577
644
474
657
894
685
665
868
770
1004
851
950
949
959
1154
977
855
1085
884
668
979
1109
821
776
842
662
644
448
505
541
261
282
476
276
162
97
20
-128
-72
-138
-283
-34
-414
-315
-139
-650
-379
-259
-944
-585
-292
-843
-769
-667
-693
-1001
-847
-659
-1177
-760
-1011
-986
-758
-966
-903
-1104
-974
-492
-1264
-739
-661
-1082
-578
-644
-623
-709
-230
-600
-921
-101
-176
-602
-287
264
-324
-213
297
64
-3
-12
314
110
479
482
484
578
603
599
590
824
714
857
1029
1070
937
1206
1194
983
1117
1227
966
1026
1333
1090
1093
1119
979
829
627
805
646
456
714
544
395
386
405
190
-90
72
84
-21
-48
-137
94
-264
-536
-140
-456
-593
-365
-545
-618
-292
-800
-817
-579
-892
-1179
-793
-830
-1025
-788
-1057
-857
-1028
-1231
-1065
-1094
-1024
-1094
-865
-942
-774
-1001
-1068
-274
-1241
-1005
-244
-656
-911
-47
-481
-649
-55
-176
-480
-200
191
-22
60
311
308
439
227
664
734
533
750
716
942
987
917
1183
1347
872
1170
1303
1334
1041
1379
1250
857
1231
1284
1138
942
999
1124
770
711
976
804
486
413
642
356
203
394
173
-2
49
158
24
-210
-83
-234
-387
-372
-383
-408
-434
-673
-673
-408
-800
-855
-808
-766
-1166
-975
-547
-1374
-1117
-588
-1388
-1593
-908
-620
-1846
-1213
-404
-1303
-1281
-855
-658
-1385
-987
-804
-614
-718
-748
-524
-375
-321
-654
-319
-50
-391
-238
69
145
185
452
175
276
790
644
490
813
1196
698
849
1275
1486
1024
1071
1461
1486
1358
1354
1365
1291
1278
1142
1107
1294
1204
938
768
918
957
641
448
507
536
311
187
214
323
-31
-213
-26
40
-36
-229
-227
-65
-195
-568
-339
-252
-571
-674
-549
-496
-526
-756
-945
-859
-845
-1154
-1082
-705
-1162
-1222
-855
-1044
-1153
-1199
-890
-1121
-1102
-857
-748
-890
-1037
-624
-967
-888
-537
-416
-849
-676
-138
-580
-500
-350
-122
-151
-541
238
477
-52
142
536
532
482
682
869
739
811
886
1047
1263
1182
1437
1215
1292
1669
1284
996
1272
1359
1103
1068
1390
1365
840
723
857
702
430
453
555
387
177
248
173
-108
-329
-290
-202
-286
-190
-84
-199
-351
-420
-490
-521
-475
-674
-410
-423
-376
-297
-682
-712
-692
-724
-979
-894
-442
-661
-1032
-475
-806
-1012
-795
-1168
-769
-631
-969
-717
-604
-832
-915
-660
-897
-828
-280
-857
-771
12
-344
-597
-403
-190
-143
-482
59
407
51
233
666
507
640
637
476
692
929
924
1092
1311
1219
1386
1316
1174
1280
1241
1027
1152
1229
1303
1212
900
818
679
448
448
600
398
245
369
150
7
-52
-224
-445
-445
-274
-228
-214
-207
-274
-445
-597
-435
-395
-558
-360
-322
-81
-179
-445
-279
-474
-695
-721
-447
-435
-511
-471
-554
-765
-840
-978
-674
-706
-1068
-504
-544
-750
-627
-558
-809
-1015
-588
-440
-675
-396
-319
-362
-478
-517
-359
-322
-367
61
-88
159
241
417
631
271
508
554
643
891
1078
1207
1188
1202
1394
1313
1256
1234
1230
1181
1108
1288
1203
1051
1059
552
416
510
528
302
124
253
115
-211
-232
-128
-412
-653
-612
-427
-203
-386
-487
-332
-465
-676
-573
-298
-367
-443
-265
-163
-48
-180
-387
-421
-467
-470
-390
-328
-168
-413
-575
-646
-724
-627
-869
-947
-617
-572
-588
-537
-637
-814
-846
-833
-676
-576
-428
-420
-593
-390
-257
-268
-602
-255
-187
-94
217
386
695
528
187
389
721
744
809
1051
1168
1223
1429
1494
1488
1387
1154
1083
1217
1418
1521
1216
1206
998
733
668
597
460
362
262
173
180
85
-254
-642
-818
-830
-641
-601
-613
-591
-620
-793
-930
-806
-755
-863
-825
-553
-258
-306
-345
-367
-513
-538
-519
-352
-94
-76
-298
-458
-241
-291
-760
-720
-573
-589
-481
-566
-493
-489
-949
-1044
-846
-585
-529
-870
-556
-274
-573
-465
-225
-178
-373
-237
-15
397
945
454
299
659
560
782
1017
1135
1378
1246
1279
1740
1897
1707
1377
1188
1379
1533
1626
1694
1692
1172
805
786
740
737
508
311
264
209
137
-133
-468
-726
-952
-977
-726
-466
-596
-962
-1005
-1093
-1273
-1156
-1114
-1058
-976
-826
-640
-614
-590
-825
-1033
-950
-661
-302
-447
-391
-344
-476
-655
-973
-616
-401
-916
-635
-189
-375
-523
-828
-863
-813
-682
-769
-753
-306
-276
-727
-764
-99
-168
-702
-407
172
705
741
341
485
1019
649
560
1389
1700
1649
1505
1712
2297
2377
1734
1535
1665
1859
1823
1831
2182
2237
1350
671
1015
1263
898
379
519
777
413
-96
-206
-354
-859
-1137
-980
-552
-385
-762
-1059
-1159
-1229
-1329
-1353
-1228
-1017
-984
-1085
-909
-654
-908
-1351
-1397
-1007
-853
-828
-492
-579
-802
-976
-1178
-1055
-888
-937
-681
-692
-792
-408
-794
-1370
-885
-715
-1163
-754
-282
-607
-439
-477
-616
-269
-535
-452
218
439
688
735
325
581
963
855
1089
1679
1837
1858
1868
2163
2521
1933
1481
1969
2143
2068
2438
2526
2099
1564
1272
1338
1239
1158
1145
985
812
729
495
-53
-394
-671
-841
-538
-259
-406
-680
-981
-1273
-1538
-1514
-1281
-1209
-1274
-1216
-873
-913
-1292
-1438
-1532
-1516
-1314
-1027
-686
-631
-945
-1179
-1217
-1456
-1314
-956
-1127
-1016
-371
-812
-1393
-1023
-1188
-1464
-1325
-1154
-551
-372
-857
-944
-465
-668
-1146
-669
146
738
496
86
596
883
558
697
1172
1723
1813
1543
2141
2825
2314
1587
1616
2089
2334
2362
2568
2846
2381
1505
1380
1676
1778
1637
1158
1177
1494
1191
648
225
86
-204
-510
-198
286
164
-575
-1051
-1137
-1278
-1187
-1102
-1146
-1117
-1149
-1106
-1206
-1381
-1397
-1550
-1656
-1383
-936
-753
-1020
-1242
-1307
-1577
-1519
-1255
-1115
-1046
-961
-937
-1316
-1277
-1099
-1505
-1483
-1303
-1105
-968
-1021
-621
-804
-1137
-1060
-835
-416
142
486
192
-119
141
485
800
945
1276
1594
1346
1570
2432
2509
1900
1472
1705
2168
2241
2540
2884
2383
1567
1386
1719
1941
1806
1462
1209
1281
1206
1064
716
282
99
-250
-74
533
431
-187
-743
-956
-1027
-989
-688
-630
-928
-1100
-943
-889
-1172
-1269
-1330
-1466
-1374
-1003
-535
-707
-1365
-1517
-1419
-1584
-1283
-872
-1014
-1128
-1086
-1141
-1361
-1448
-1324
-1410
-1511
-1078
-606
-791
-929
-783
-1121
-1275
-764
-35
556
299
-253
-66
229
240
537
905
1193
1343
1240
1478
2118
2049
1337
1020
1373
1945
2202
2242
2461
2008
1055
931
1581
1853
1509
1214
1253
1266
910
650
540
137
-147
-58
262
561
360
-291
-768
-986
-982
-700
-361
-358
-614
-840
-857
-746
-867
-969
-921
-877
-831
-641
-374
-425
-1014
-1409
-1232
-984
-889
-721
-556
-815
-1134
-1343
-1398
-1190
-1201
-1342
-1413
-1121
-750
-839
-1077
-950
-869
-1050
-668
367
851
297
-281
-74
454
611
805
1360
1535
1326
1318
1715
2064
1771
1204
1008
1330
1763
1991
1948
1688
1138
515
492
1153
1444
966
518
608
631
252
90
89
-210
-489
-197
304
238
-197
-563
-819
-1006
-896
-413
-233
-644
-884
-721
-584
-735
-865
-784
-836
-841
-615
-360
-261
-562
-1028
-1146
-851
-598
-677
-721
-594
-625
-925
-1053
-781
-863
-1287
-1312
-996
-637
-609
-773
-747
-641
-671
-499
217
736
507
60
129
740
1190
1180
1288
1618
1651
1533
1757
2341
2365
1626
1231
1525
1860
1925
1791
1602
1203
645
492
869
1054
655
113
-29
65
-78
-403
-601
-704
-943
-943
-534
-345
-645
-1100
-1301
-1233
-1062
-746
-547
-801
-1140
-1083
-745
-652
-789
-792
-780
-871
-803
-385
-148
-512
-955
-1002
-743
-541
-538
-584
-649
-746
-853
-851
-715
-757
-1026
-1178
-958
-490
-276
-343
-402
-538
-463
106
961
1253
690
340
781
1375
1662
1818
2023
1975
1732
1864
2443
2791
2396
1706
1487
1735
2084
2182
1924
1415
821
466
687
1093
1034
317
-341
-312
-155
-302
-616
-902
-1144
-1369
-1224
-852
-853
-1298
-1770
-1882
-1696
-1337
-976
-1052
-1466
-1667
-1406
-1083
-998
-918
-928
-1114
-1146
-797
-390
-371
-753
-1013
-915
-635
-412
-407
-549
-746
-913
-939
-761
-604
-745
-1070
-1208
-940
-531
-424
-429
-419
-400
-104
642
1260
1102
587
686
1356
1962
2259
2572
2700
2426
2280
2603
3099
3035
2420
2066
2248
2529
2589
2279
1745
1156
699
704
1097
1328
817
-82
-586
-587
-521
-748
-957
-1065
-1285
-1351
-1230
-1203
-1473
-1919
-2070
-1939
-1604
-1137
-1013
-1421
-1891
-1855
-1489
-1236
-1079
-1007
-1035
-1161
-1167
-869
-743
-943
-1183
-1192
-910
-644
-584
-682
-950
-1192
-1241
-1135
-899
-776
-909
-1157
-1111
-769
-525
-466
-531
-346
280
944
1142
829
651
1024
1634
2139
2545
2922
2959
2636
2569
3032
3460
3215
2613
2460
2713
2954
2853
2438
1888
1262
935
1100
1404
1357
685
-120
-521
-600
-678
-883
-1002
-1149
-1398
-1530
-1519
-1546
-1855
-2218
-2254
-2039
-1661
-1355
-1410
-1713
-1983
-1921
-1607
-1261
-990
-898
-990
-1147
-1093
-798
-615
-703
-906
-970
-791
-583
-542
-717
-949
-1069
-1145
-1164
-1065
-1006
-1136
-1338
-1308
-1039
-710
-587
-632
-413
261
896
889
475
520
1187
1908
2343
2700
3020
2967
2649
2690
3284
3727
3389
2803
2696
2987
3164
2848
2326
1829
1411
1194
1257
1520
1373
521
-418
-782
-657
-667
-914
-1100
-1247
-1455
-1733
-1878
-1879
-2004
-2230
-2390
-2240
-1798
-1510
-1656
-2052
-2240
-2070
-1754
-1406
-1029
-822
-995
-1274
-1154
-723
-480
-577
-764
-739
-528
-334
-301
-409
-552
-788
-1054
-1060
-804
-683
-988
-1306
-1202
-819
-616
-671
-484
88
554
517
251
401
1008
1630
1983
2290
2773
3010
2835
2723
3090
3563
3477
3034
2938
3193
3379
3112
2596
2135
1801
1637
1544
1578
1487
948
115
-540
-704
-685
-829
-1068
-1301
-1512
-1837
-2178
-2327
-2360
-2411
-2549
-2608
-2431
-2194
-2125
-2328
-2524
-2462
-2249
-1946
-1568
-1199
-1126
-1365
-1416
-1090
-676
-512
-548
-520
-434
-380
-316
-209
-105
-223
-560
-745
-623
-419
-546
-848
-897
-626
-383
-397
-226
330
781
655
202
258
1001
1802
2200
2311
2633
2924
2822
2676
2972
3539
3587
3103
2887
3142
3440
3209
2620
2127
1907
1896
1812
1758
1707
1263
438
-317
-530
-412
-513
-835
-1152
-1395
-1752
-2189
-2468
-2531
-2559
-2693
-2846
-2849
-2723
-2656
-2834
-3054
-2996
-2733
-2508
-2243
-1882
-1697
-1822
-1913
-1613
-1117
-823
-752
-733
-660
-561
-424
-259
-80
-13
-228
-481
-510
-309
-264
-478
-616
-402
-101
-53
100
600
987
795
320
420
1181
2028
2469
2578
2827
3044
2995
2894
3177
3746
3815
3379
3142
3299
3547
3302
2784
2284
2100
2135
2092
1991
1767
1321
626
-62
-334
-294
-263
-548
-988
-1333
-1654
-1973
-2306
-2473
-2487
-2574
-2759
-2931
-2927
-2860
-3042
-3299
-3331
-3092
-2870
-2666
-2404
-2280
-2343
-2315
-2063
-1704
-1388
-1202
-1167
-1217
-1134
-904
-632
-410
-340
-434
-627
-674
-535
-494
-496
-498
-251
-13
37
288
774
1110
912
508
682
1371
2206
2635
2769
3013
3121
3051
2991
3388
3987
3985
3580
3364
3468
3642
3465
3115
2605
2290
2259
2302
2254
1951
1444
817
208
-78
-114
-51
-261
-744
-1219
-1574
-1801
-2009
-2189
-2299
-2437
-2649
-2818
-2841
-2803
-2970
-3204
-3262
-3122
-2971
-2785
-2540
-2458
-2510
-2401
-2088
-1775
-1566
-1410
-1352
-1397
-1355
-1107
-793
-591
-575
-701
-852
-871
-769
-780
-805
-757
-508
-266
-203
36
503
821
671
314
507
1223
2016
2443
2589
2898
3120
3026
2923
3296
3925
3968
3540
3342
3482
3662
3476
3150
2752
2463
2374
2320
2284
2135
1697
1060
424
112
90
134
-43
-458
-912
-1307
-1586
-1797
-1933
-1984
-2119
-2410
-2673
-2728
-2659
-2759
-2984
-3079
-3003
-2917
-2730
-2453
-2327
-2394
-2362
-2086
-1756
-1502
-1288
-1204
-1258
-1265
-1064
-745
-478
-409
-575
-775
-854
-792
-774
-824
-802
-683
-516
-432
-209
197
521
474
149
138
719
1551
2117
2273
2486
2737
2746
2669
2986
3606
3797
3449
3178
3258
3470
3422
3143
2738
2421
2346
2306
2235
2052
1681
1106
465
107
62
106
-41
-448
-896
-1289
-1540
-1699
-1822
-1903
-2030
-2277
-2519
-2611
-2551
-2609
-2813
-2960
-2941
-2808
-2602
-2340
-2221
-2283
-2260
-2019
-1664
-1335
-1079
-968
-1009
-1015
-812
-473
-185
-76
-164
-308
-408
-425
-441
-512
-580
-572
-401
-178
-24
147
404
603
483
217
400
1127
1840
2083
2188
2516
2710
2593
2575
3007
3456
3415
3105
2994
3094
3148
2935
2609
2308
2165
2052
1908
1817
1637
1169
478
-29
-193
-237
-352
-578
-874
-1284
-1727
-1989
-2107
-2157
-2211
-2365
-2600
-2772
-2751
-2696
-2793
-2902
-2908
-2858
-2785
-2530
-2177
-2029
-2098
-2058
-1744
-1341
-1056
-860
-737
-699
-654
-436
-48
278
331
158
-16
-58
-30
-56
-183
-272
-207
33
282
376
460
704
924
829
627
892
1607
2168
2289
2376
2729
2955
2866
2844
3175
3547
3482
3116
2933
2975
2954
2661
2337
2152
2009
1758
1476
1319
1100
594
-24
-409
-507
-638
-890
-1173
-1468
-1812
-2175
-2415
-2511
-2523
-2566
-2748
-3008
-3163
-3151
-3099
-3113
-3102
-3056
-3014
-2917
-2661
-2332
-2164
-2131
-1936
-1488
-1076
-883
-777
-620
-503
-448
-222
223
586
580
328
179
186
195
112
9
-27
16
220
500
621
601
722
1059
1228
1141
1256
1810
2407
2598
2645
2999
3401
3454
3321
3494
3880
3909
3548
3275
3250
3159
2819
2525
2376
2137
1705
1297
1146
973
474
-159
-589
-771
-1027
-1399
-1661
-1835
-2080
-2477
-2843
-3028
-3083
-3080
-3168
-3380
-3550
-3550
-3424
-3417
-3459
-3403
-3271
-3139
-2941
-2571
-2233
-2114
-1987
-1654
-1259
-1048
-894
-582
-300
-218
-164
121
490
568
390
282
333
336
194
89
77
63
97
306
556
650
737
1114
1539
1565
1369
1567
2227
2778
2963
3192
3658
3922
3816
3737
4022
4300
4165
3804
3569
3451
3254
2986
2781
2467
1961
1461
1196
1081
750
166
-403
-856
-1244
-1628
-1828
-1877
-2074
-2513
-3022
-3327
-3390
-3356
-3377
-3559
-3776
-3821
-3733
-3653
-3649
-3543
-3367
-3305
-3224
-2880
-2349
-2030
-2018
-1879
-1436
-997
-814
-675
-327
-17
-7
-73
141
535
646
417
226
254
280
137
23
11
-70
-155
-14
338
543
601
905
1446
1706
1562
1586
2110
2708
2983
3164
3637
4121
4161
3954
3987
4270
4357
4078
3743
3544
3366
3104
2828
2545
2083
1533
1139
964
755
284
-290
-800
-1284
-1723
-2016
-2080
-2194
-2537
-2977
-3326
-3494
-3572
-3614
-3695
-3851
-3895
-3770
-3645
-3632
-3589
-3319
-3041
-2928
-2762
-2311
-1773
-1565
-1553
-1284
-781
-424
-341
-191
122
287
205
173
403
609
467
201
121
195
105
-120
-229
-256
-333
-360
-108
280
408
443
799
1427
1770
1685
1722
2155
2677
2997
3286
3753
4094
4072
3907
3959
4206
4246
3956
3542
3206
3006
2855
2705
2421
1867
1233
753
531
369
52
-408
-936
-1474
-1983
-2342
-2414
-2401
-2560
-2988
-3472
-3684
-3636
-3568
-3656
-3775
-3710
-3597
-3563
-3451
-3080
-2633
-2483
-2539
-2389
-1877
-1298
-991
-825
-553
-257
-86
24
263
530
597
501
430
471
486
364
226
158
91
-100
-299
-335
-307
-372
-484
-407
-74
232
382
606
1133
1688
1841
1714
1792
2206
2698
3073
3413
3714
3815
3733
3659
3728
3803
3695
3404
3047
2723
2525
2463
2328
1829
1080
507
283
195
-25
-414
-869
-1410
-2011
-2507
-2689
-2649
-2710
-2977
-3339
-3640
-3755
-3701
-3604
-3608
-3645
-3539
-3311
-3049
-2790
-2522
-2252
-2027
-1810
-1527
-1102
-599
-215
11
152
312
535
739
843
839
812
807
756
686
618
512
363
213
78
-51
-177
-314
-451
-513
-473
-335
-99
178
372
545
866
1340
1707
1781
1695
1775
2166
2671
2992
3120
3240
3411
3523
3486
3380
3295
3155
2852
2423
2131
2104
2111
1818
1175
475
34
-127
-213
-505
-1017
-1593
-2146
-2565
-2814
-2917
-2970
-3092
-3319
-3628
-3828
-3762
-3546
-3348
-3274
-3243
-3109
-2811
-2386
-2016
-1779
-1604
-1375
-1010
-594
-196
162
459
651
717
777
938
1112
1163
1067
946
894
858
773
635
502
353
165
22
-30
-76
-208
-384
-497
-509
-408
-203
76
307
458
594
879
1258
1528
1558
1508
1625
1947
2306
2590
2818
3060
3234
3216
3027
2820
2663
2483
2220
1963
1784
1640
1400
997
503
10
-401
-704
-932
-1225
-1629
-2070
-2429
-2730
-2990
-3169
-3225
-3214
-3222
-3279
-3307
-3223
-3030
-2834
-2680
-2513
-2268
-1949
-1602
-1274
-970
-690
-418
-141
133
367
565
762
958
1087
1141
1163
1175
1155
1081
985
916
859
736
536
357
298
281
183
5
-162
-274
-362
-421
-413
-338
-227
-129
-40
101
331
667
983
1185
1222
1194
1245
1450
1778
2096
2286
2380
2472
2594
2638
2537
2315
2005
1657
1357
1172
1085
953
679
269
-176
-523
-761
-921
-1109
-1377
-1732
-2095
-2392
-2553
-2583
-2530
-2485
-2476
-2493
-2497
-2438
-2292
-2094
-1890
-1731
-1605
-1455
-1187
-830
-526
-361
-268
-125
81
293
475
628
764
836
815
780
797
848
865
825
755
685
606
504
398
339
302
249
206
167
149
112
51
9
-19
-9
-20
-27
-20
36
187
414
698
944
1020
921
741
647
665
752
846
949
1067
1185
1269
1322
1286
1102
761
376
131
81
143
149
40
-127
-253
-296
-280
-314
-477
-768
-1060
-1236
-1242
-1135
-1022
-982
-1013
-1071
-1064
-973
-833
-737
-747
-818
-846
-749
-568
-383
-237
-156
-134
-139
-116
-22
81
159
189
194
208
248
344
455
535
548
496
443
413
421
446
465
463
421
352
284
232
204
154
66
-17
-93
-160
-243
-331
-397
-456
-502
-526
-511
-442
-357
-282
-253
-275
-357
-466
-526
-497
-397
-261
-128
49
253
457
635
733
722
595
417
320
370
569
817
1007
1106
1121
1079
981
846
696
527
343
165
60
65
123
159
110
-13
-157
-301
-423
-504
-559
-624
-713
-770
-735
-604
-443
-333
-293
-297
-294
-266
-214
-137
-53
13
74
143
241
339
385
377
349
346
365
372
350
273
150
1
-141
-219
-263
-318
-421
-551
-681
-820
-961
-1118
-1258
-1393
-1516
-1607
-1675
-1688
-1603
-1435
-1217
-1019
-864
-747
-652
-558
-432
-229
65
404
779
1169
1585
1957
2215
2316
2270
2156
2061
2034
2071
2112
2105
2051
1956
1831
1668
1456
1178
840
486
168
-95
-319
-522
-703
-852
-957
-1014
-1039
-1055
-1091
-1165
-1259
-1309
-1259
-1109
-892
-655
-427
-219
-56
62
153
216
266
309
380
503
648
761
806
781
702
570
412
251
94
-99
-350
-619
-881
-1097
-1267
-1417
-1554
-1669
-1776
-1904
-2076
-2273
-2433
-2552
-2617
-2607
-2504
-2304
-2025
-1700
-1345
-976
-595
-198
202
565
878
1153
1426
1731
2071
2441
2840
3206
3497
3684
3749
3691
3498
3192
2841
2519
2238
1997
1764
1533
1296
1043
753
422
49
-357
-777
-1159
-1465
-1674
-1806
-1852
-1808
-1695
-1553
-1410
-1262
-1116
-989
-880
-751
-567
-328
-63
210
486
733
926
1050
1107
1108
1054
955
834
705
566
397
196
-18
-236
-470
-727
-1001
-1290
-1588
-1892
-2178
-2425
-2632
-2810
-2940
-2992
-2941
-2806
-2615
-2408
-2215
-2050
-1924
-1808
-1660
-1456
-1185
-860
-472
-18
493
1057
1644
2193
2624
2866
2933
2896
2849
2853
2929
3070
3243
3419
3583
3680
3635
3374
2875
2216
1535
955
533
234
15
-166
-317
-438
-538
-635
-768
-976
-1258
-1559
-1773
-1846
-1789
-1646
-1438
-1167
-834
-460
-96
211
423
530
559
560
591
675
790
885
931
936
903
819
668
449
160
-183
-544
-888
-1204
-1495
-1766
-2008
-2201
-2331
-2420
-2500
-2591
-2706
-2825
-2907
-2894
-2768
-2559
-2308
-2034
-1742
-1433
-1111
-785
-469
-193
37
228
397
541
661
775
936
1203
1603
2123
2665
3089
3279
3217
2970
2657
2378
2183
2117
2200
2406
2657
2829
2812
2550
2084
1517
972
526
191
-78
-327
-544
-671
-668
-548
-393
-294
-302
-412
-585
-770
-941
-1081
-1162
-1159
-1054
-838
-530
-187
99
262
293
216
64
-134
-340
-513
-622
-662
-645
-590
-512
-446
-428
-488
-615
-796
-1023
-1282
-1532
-1738
-1860
-1889
-1823
-1701
-1569
-1474
-1429
-1419
-1419
-1409
-1388
-1353
-1286
-1156
-949
-661
-297
100
450
693
823
867
873
855
793
649
449
285
290
578
1147
1842
2431
2750
2782
2625
2374
2091
1809
1585
1505
1663
2055
2533
2873
2910
2618
2122
1583
1134
742
301
-252
-829
-1246
-1357
-1173
-841
-574
-490
-590
-801
-1062
-1354
-1675
-2007
-2284
-2409
-2304
-1961
-1476
-989
-609
-359
-210
-125
-91
-137
-297
-559
-838
-1011
-980
-733
-338
72
400
607
685
626
434
128
-244
-605
-872
-988
-966
-861
-729
-602
-488
-393
-325
-320
-402
-565
-759
-912
-978
-922
-745
-467
-135
204
504
729
856
874
772
557
270
16
-86
114
634
1349
2019
2489
2726
2807
2772
2626
2329
1925
1558
1404
1515
1775
1945
1857
1505
1049
653
358
44
-440
-1123
-1852
-2410
-2650
-2590
-2372
-2167
-2027
-1905
-1762
-1613
-1530
-1551
-1657
-1760
-1766
-1615
-1318
-917
-464
11
478
898
1220
1420
1468
1370
1162
902
641
429
305
276
308
388
497
609
671
662
579
417
190
-76
-373
-686
-989
-1221
-1319
-1254
-1065
-836
-637
-493
-377
-265
-151
-59
-9
-3
-12
22
151
375
639
870
1020
1077
1053
944
717
359
-61
-413
-524
-324
85
474
690
726
692
671
672
622
487
313
217
270
402
443
287
-39
-370
-568
-593
-561
-622
-838
-1140
-1378
-1426
-1279
-1047
-868
-782
-724
-627
-475
-300
-140
-30
22
63
148
303
521
766
999
1184
1321
1429
1502
1499
1390
1185
934
688
486
312
128
-89
-285
-403
-436
-421
-397
-402
-440
-490
-523
-549
-579
-608
-614
-582
-512
-418
-311
-190
-52
100
244
350
415
461
505
542
554
521
434
327
240
183
112
-16
-211
-449
-704
-981
-1314
-1703
-2093
-2365
-2402
-2190
-1827
-1436
-1077
-747
-438
-170
12
100
162
300
554
871
1160
1368
1496
1584
1661
1723
1747
1680
1494
1191
835
527
347
291
293
301
325
383
485
599
657
580
354
67
-161
-265
-255
-188
-102
6
169
399
634
791
805
682
475
266
107
-13
-138
-289
-433
-522
-531
-476
-416
-416
-507
-662
-826
-947
-1011
-1028
-1034
-1045
-1043
-995
-885
-729
-570
-464
-425
-395
-293
-87
160
345
406
369
293
233
207
182
115
-6
-153
-291
-409
-524
-670
-861
-1072
-1274
-1465
-1653
-1835
-1993
-2083
-2019
-1737
-1260
-677
-74
500
1022
1475
1855
2172
2455
2717
2946
3113
3188
3168
3088
2977
2839
2684
2510
2292
2001
1631
1196
730
290
-92
-427
-735
-1006
-1215
-1353
-1431
-1469
-1487
-1497
-1498
-1486
-1474
-1482
-1497
-1484
-1411
-1261
-1033
-746
-444
-163
59
198
233
182
73
-102
-331
-578
-788
-920
-961
-913
-807
-678
-546
-426
-333
-295
-310
-372
-472
-585
-675
-691
-583
-333
14
374
688
945
1169
1370
1524
1588
1536
1398
1230
1082
964
860
752
620
456
253
22
-225
-460
-653
-794
-888
-949
-976
-963
-913
-833
-740
-654
-583
-541
-533
-541
-534
-453
-239
116
561
1033
1489
1881
2164
2305
2311
2219
2070
1881
1649
1365
1040
709
396
114
-130
-347
-570
-842
-1184
-1579
-1970
-2284
-2484
-2579
-2588
-2486
-2253
-1914
-1524
-1135
-793
-515
-299
-134
-8
92
187
305
456
645
876
1131
1381
1584
1702
1696
1570
1370
1124
832
515
222
7
-104
-121
-82
-26
34
112
209
302
366
377
318
196
44
-94
-196
-263
-301
-314
-294
-241
-168
-94
-39
-1
26
45
48
19
-31
-80
-96
-77
-51
-40
-53
-90
-150
-236
-350
-496
-661
-827
-975
-1097
-1183
-1221
-1209
-1163
-1104
-1045
-984
-907
-810
-704
-601
-504
-406
-301
-188
-89
-15
38
95
182
334
544
770
976
1165
1354
1549
1723
1849
1930
1976
2002
1999
1945
1831
1658
1430
1163
888
631
401
180
-46
-268
-465
-593
-641
-645
-640
-628
-592
-534
-475
-430
-407
-403
-408
-400
-376
-327
-246
-152
-77
-30
-8
2
-5
-37
-107
-223
-379
-547
-716
-891
-1071
-1242
-1379
-1476
-1534
-1562
-1570
-1536
-1450
-1316
-1160
-991
-815
-639
-473
-335
-228
-140
-57
19
91
164
256
375
517
673
845
1021
1190
1331
1438
1501
1525
1515
1494
1477
1463
1449
1434
1419
1406
1389
1362
1309
1217
1078
895
698
510
335
163
-21
-205
-359
-461
-516
-541
-547
-537
-522
-512
-529
-573
-632
-695
-769
-859
-950
-1020
-1058
-1072
-1070
-1056
-1030
-982
-905
-796
-660
-513
-369
-242
-137
-53
11
51
61
35
-31
-125
-223
-315
-402
-487
-569
-632
-683
-723
-758
-783
-796
-796
-783
-751
-687
-584
-444
-272
-85
105
295
486
682
870
1037
1177
1294
1398
1489
1566
1630
1671
1687
1681
1660
1628
1581
1518
1440
1351
1249
1135
1006
875
757
657
566
475
375
261
134
-5
-146
-276
-392
-497
-599
-694
-773
-834
-873
-892
-896
-894
-892
-902
-921
-947
-984
-1025
-1060
-1081
-1088
-1079
-1056
-1021
-980
-943
-922
-915
-919
-928
-934
-937
-936
-928
-918
-907
-888
-841
-762
-652
-527
-401
-276
-152
-37
62
144
219
296
373
444
502
548
592
637
689
749
813
875
935
997
1064
1143
1231
1324
1418
1502
1570
1619
1648
1659
1643
1595
1509
1397
1268
1133
998
866
748
644
551
460
362
250
127
-8
-153
-309
-468
-621
-766
-898
-1018
-1117
-1189
-1234
-1255
-1258
-1253
-1246
-1240
-1235
-1225
-1207
-1186
-1154
-1108
-1042
-961
-871
-775
-676
-573
-477
-396
-337
-297
-277
-272
-285
-304
-328
-353
-378
-398
-410
-411
-405
-389
-363
-324
-265
-183
-82
34
161
287
400
505
606
705
798
879
955
1032
1110
1185
1259
1332
1398
1455
1494
1504
1477
1410
1307
1178
1034
884
731
576
427
295
179
76
-12
-85
-144
-196
-245
-292
-335
-370
-394
-411
-417
-417
-416
-415
-418
-422
-424
-430
-444
-468
-505
-552
-607
-668
-732
-803
-879
-960
-1044
-1125
-1201
-1265
-1314
-1341
-1342
-1314
-1255
-1163
-1042
-892
-722
-535
-339
-139
59
252
432
593
738
871
992
1093
1172
1225
1254
1254
1226
1173
1108
1035
953
859
759
663
573
486
399
324
265
220
185
158
146
148
158
167
183
207
233
257
279
297
307
303
286
257
223
188
147
97
36
-26
-91
-158
-232
-313
-396
-482
-572
-670
-768
-863
-948
-1016
-1061
-1084
-1086
-1068
-1038
-991
-925
-855
-790
-727
-660
-587
-512
-438
-363
-282
-195
-104
-10
84
178
264
341
413
489
573
663
753
842
928
1005
1073
1129
1166
1183
1177
1143
1082
1001
905
799
685
560
423
277
128
-23
-171
-316
-454
-582
-692
-774
-820
-835
-819
-777
-706
-605
-484
-352
-220
-94
21
129
222
296
351
387
411
422
417
399
364
314
249
169
75
-34
-153
-278
-405
-530
-653
-766
-868
-951
-1016
-1058
-1078
-1077
-1060
-1025
-969
-892
-789
-666
-527
-382
-231
-75
80
233
379
513
631
738
838
932
1021
1097
1156
1200
1226
1231
1210
1162
1091
999
890
764
635
509
391
279
177
85
9
-56
-112
-162
-208
-252
-299
-344
-385
-418
-441
-455
-460
-455
-446
-435
-425
-418
-415
-412
-408
-403
-397
-385
-363
-327
-280
-226
-176
-134
-96
-62
-33
-12
-2
-5
-18
-35
-54
-77
-103
-130
-155
-175
-197
-221
-245
-266
-282
-293
-295
-281
-249
-204
-151
-93
-29
39
107
171
232
283
323
355
384
417
447
472
492
507
519
524
519
505
482
453
417
378
336
294
251
207
165
129
98
71
46
21
-6
-29
-47
-59
-66
-66
-65
-65
-62
-56
-47
-46
-54
-68
-85
-103
-119
-142
-171
-206
-247
-287
-326
-370
-412
-451
-485
-511
-526
-532
-529
-517
-491
-455
-407
-352
-286
-210
-129
-47
31
109
191
272
349
412
457
486
498
499
494
480
450
404
341
270
196
125
61
1
-51
-102
-148
-187
-216
-230
-237
-239
-233
-221
-195
-158
-116
-72
-28
11
50
85
111
126
132
127
117
99
72
42
8
-24
-56
-84
-106
-121
-135
-149
-164
-175
-180
-175
-160
-140
-112
-78
-42
-2
39
79
123
170
218
265
307
343
373
399
417
423
416
394
363
324
278
227
173
119
70
27
-6
-30
-47
-60
-69
-75
-82
-91
-98
-100
-98
-98
-101
-103
-100
-91
-84
-80
-80
-80
-84
-89
-97
-108
-122
-141
-161
-184
-207
-229
-250
-266
-280
-293
-307
-319
-323
-323
-321
-323
-325
-322
-317
-308
-296
-277
-254
-223
-189
-150
-107
-61
-12
37
83
124
163
194
220
242
257
267
274
282
288
295
303
311
318
327
334
337
340
340
336
332
324
314
306
299
297
299
301
302
305
308
313
315
316
313
306
297
290
280
267
245
210
169
123
76
25
-33
-92
-153
-214
-276
-338
-398
-458
-519
-578
-631
-680
-720
-754
-781
-803
-822
-833
-836
-827
-808
-782
-749
-710
-661
-603
-536
-465
-390
-310
-231
-151
-75
0
72
138
200
257
309
359
405
447
485
520
551
581
611
640
658
672
679
686
690
689
682
671
655
636
614
586
558
522
483
442
400
356
314
278
244
212
182
156
135
115
94
68
40
11
-21
-55
-94
-133
-169
-205
-240
-279
-317
-357
-396
-435
-473
-512
-553
-593
-628
-659
-687
-714
-737
-753
-765
-775
-780
-775
-761
-740
-710
-672
-626
-574
-516
-450
-378
-299
-215
-127
-39
45
131
212
289
364
431
493
548
595
637
668
692
706
712
709
698
682
661
635
608
580
549
518
487
456
428
398
370
344
325
309
294
282
273
269
269
271
271
268
255
235
204
165
122
72
21
-34
-89
-146
-206
-266
-328
-389
-452
-516
-577
-636
-692
-741
-783
-816
-842
-858
-864
-860
-848
-830
-804
-773
-737
-693
-648
-604
-554
-496
-430
-363
-294
-230
-163
-96
-27
37
98
153
203
248
289
327
364
399
434
468
498
528
555
582
607
627
647
663
677
689
695
697
694
687
673
656
636
612
584
551
513
471
433
398
364
331
294
258
221
185
150
112
72
32
-11
-54
-99
-141
-179
-217
-256
-298
-338
-374
-408
-443
-482
-521
-556
-586
-611
-632
-650
-667
-680
-685
-685
-683
-678
-670
-659
-640
-616
-584
-542
-497
-448
-398
-347
-295
-244
-193
-146
-103
-65
-28
7
38
67
93
117
139
159
179
200
219
240
261
282
304
326
350
379
413
448
480
513
543
574
603
630
653
672
687
696
702
702
693
673
639
595
549
495
433
365
290
214
138
62
-15
-91
-164
-233
-298
-358
-408
-448
-481
-511
-534
-548
-552
-545
-531
-514
-494
-469
-440
-411
-381
-352
-323
-296
-270
-248
-229
-217
-208
-198
-191
-187
-189
-191
-190
-190
-191
-193
-194
-196
-196
-195
-193
-185
-171
-153
-131
-105
-70
-30
15
65
112
159
203
248
293
334
371
404
428
450
467
481
488
489
485
473
456
434
409
379
348
319
285
249
213
175
139
100
61
23
-11
-41
-72
-103
-132
-157
-175
-190
-201
-205
-206
-204
-200
-192
-182
-172
-161
-150
-140
-132
-127
-122
-117
-112
-112
-113
-118
-123
-127
-133
-140
-142
-144
-144
-145
-145
-143
-142
-140
-138
-135
-131
-122
-111
-98
-79
-59
-38
-20
3
29
56
82
109
135
159
183
205
221
233
241
247
249
251
247
236
222
209
194
176
157
137
115
92
69
49
28
6
-15
-33
-52
-70
-90
-109
-127
-141
-153
-162
-167
-171
-172
-174
-176
-178
-178
-177
-178
-181
-180
-174
-170
-163
-156
-144
-131
-114
-95
-75
-58
-41
-25
-9
8
24
38
54
75
96
116
134
150
168
182
196
205
213
221
225
225
223
219
213
206
200
195
187
179
168
157
145
130
111
91
69
46
21
-5
-30
-51
-67
-82
-96
-107
-117
-123
-127
-132
-137
-140
-141
-143
-144
-149
-153
-158
-164
-168
-170
-172
-176
-180
-184
-187
-187
-187
-188
-189
-190
-192
-191
-188
-182
-173
-160
-144
-126
-106
-83
-55
-25
3
32
64
96
128
162
193
222
249
274
298
319
336
349
358
361
357
347
333
314
292
266
237
207
178
148
120
94
69
44
22
2
-13
-27
-39
-44
-47
-49
-45
-41
-34
-25
-17
-9
-3
2
7
10
7
2
-6
-19
-35
-54
-74
-97
-124
-156
-191
-227
-265
-303
-339
-374
-403
-428
-449
-464
-471
-467
-460
-446
-424
-394
-358
-318
-274
-230
-185
-137
-89
-42
5
48
90
129
166
203
236
264
286
303
314
323
329
330
328
323
320
315
308
299
291
284
277
271
267
263
261
259
255
252
249
246
243
241
235
231
223
215
206
195
182
165
144
122
97
72
42
10
-24
-55
-86
-116
-146
-176
-204
-232
-257
-282
-307
-328
-349
-369
-384
-396
-405
-411
-414
-414
-409
-400
-388
-376
-362
-348
-333
-315
-295
-274
-254
-230
-203
-172
-141
-108
-74
-37
-2
30
62
92
124
154
184
214
242
270
295
319
338
355
368
374
377
377
372
364
353
337
321
303
284
264
244
222
201
178
160
142
125
109
92
76
60
44
29
15
-1
-16
-31
-45
-59
-74
-87
-101
-114
-129
-144
-159
-175
-192
-211
-231
-250
-266
-281
-292
-301
-309
-312
-312
-308
-299
-286
-272
-255
-238
-216
-191
-164
-136
-108
-78
-46
-14
18
51
83
113
140
166
188
208
221
231
239
242
239
234
225
215
203
189
172
155
140
126
113
100
87
77
70
64
58
53
49
44
41
39
36
38
41
47
51
53
56
57
56
53
43
30
15
0
-16
-31
-50
-68
-85
-104
-121
-138
-154
-172
-187
-204
-217
-226
-235
-237
-235
-232
-227
-218
-209
-198
-184
-172
-158
-142
-124
-102
-78
-50
-23
3
32
60
86
105
119
131
141
148
152
155
157
158
157
156
156
156
154
152
148
147
143
139
135
133
131
130
129
130
131
130
128
124
122
116
111
103
93
85
77
69
62
54
46
34
19
3
-15
-37
-60
-86
-108
-131
-153
-174
-194
-210
-224
-236
-247
-255
-259
-261
-260
-255
-247
-236
-220
-203
-185
-165
-144
-126
-110
-93
-77
-61
-47
-31
-13
5
24
43
62
79
93
103
112
116
118
119
117
115
114
112
112
113
115
118
121
123
126
130
136
140
145
151
156
163
171
180
186
189
192
192
190
181
168
153
138
120
100
79
56
30
1
-30
-63
-94
-128
-162
-195
-227
-256
-283
-306
-325
-337
-347
-351
-352
-349
-343
-332
-316
-295
-271
-247
-220
-190
-160
-128
-96
-64
-34
-6
23
49
74
99
123
146
167
186
204
219
231
236
241
243
244
245
244
242
239
236
235
233
231
230
227
225
221
217
207
198
188
178
167
154
140
127
112
95
78
56
32
7
-21
-49
-75
-101
-125
-150
-170
-188
-204
-218
-232
-243
-253
-262
-269
-273
-276
-274
-272
-270
-265
-260
-253
-245
-237
-228
-218
-208
-197
-188
-177
-165
-155
-145
-134
-123
-112
-104
-98
-87
-77
-67
-56
-45
-31
-17
-1
18
39
59
80
104
128
153
178
203
229
255
281
306
329
348
365
381
392
402
411
413
413
407
399
388
375
356
336
311
284
256
224
193
157
120
87
52
18
-17
-49
-81
-111
-138
-164
-188
-210
-232
-251
-267
-282
-295
-305
-313
-320
-325
-331
-332
-333
-333
-330
-326
-323
-318
-311
-307
-300
-293
-287
-279
-270
-260
-251
-239
-226
-214
-200
-185
-165
-145
-126
-103
-81
-54
-28
0
31
62
95
125
158
189
220
251
280
305
330
353
372
387
402
413
420
422
420
415
407
397
383
366
345
324
301
277
252
224
196
168
139
112
85
60
34
10
-13
-33
-52
-70
-87
-102
-116
-128
-141
-152
-162
-173
-182
-194
-206
-219
-231
-243
-256
-268
-279
-291
-302
-312
-322
-329
-337
-340
-343
-341
-335
-329
-320
-308
-294
-275
-254
-230
-205
-179
-150
-120
-89
-56
-23
8
38
71
103
133
161
185
209
229
248
263
276
286
295
301
305
308
309
310
310
309
305
302
295
287
280
271
261
250
238
225
212
197
181
165
147
129
111
91
71
51
29
7
-15
-36
-58
-79
-99
-120
-139
-158
-175
-191
-205
-219
-233
-244
-252
-259
-263
-268
-271
-271
-268
-262
-256
-248
-236
-225
-212
-200
-186
-174
-162
-150
-136
-123
-109
-94
-79
-64
-49
-34
-20
-5
9
24
36
48
59
69
79
88
96
106
114
121
128
134
140
146
152
155
159
160
162
165
166
167
167
165
162
161
159
153
149
144
138
131
124
118
112
104
95
87
79
70
61
47
33
20
5
-11
-28
-43
-59
-75
-90
-105
-117
-130
-143
-152
-163
-172
-179
-185
-186
-185
-184
-179
-172
-163
-154
-143
-131
-116
-101
-84
-69
-50
-33
-14
3
19
34
48
60
70
76
81
83
84
81
78
72
64
56
48
41
32
23
15
6
-1
-7
-10
-12
-14
-13
-10
-5
0
6
12
20
27
34
41
47
52
55
57
60
59
58
57
53
48
41
33
23
14
3
-10
-24
-36
-47
-56
-65
-72
-75
-76
-74
-72
-66
-58
-49
-37
-25
-10
5
20
33
46
58
69
78
86
93
96
99
99
96
93
87
80
70
59
48
37
26
13
0
-12
-24
-34
-44
-52
-57
-63
-67
-67
-68
-67
-67
-64
-60
-57
-52
-47
-42
-35
-31
-26
-22
-18
-15
-12
-14
-15
-17
-22
-26
-33
-40
-47
-54
-62
-69
-76
-83
-88
-92
-94
-97
-97
-94
-89
-83
-74
-63
-52
-37
-22
-7
8
24
40
55
72
87
101
112
123
135
144
152
158
162
164
162
159
154
149
142
133
123
114
104
92
82
71
61
51
41
30
19
9
0
-6
-13
-20
-25
-32
-38
-43
-49
-54
-57
-61
-66
-70
-76
-82
-86
-91
-96
-101
-106
-111
-113
-118
-121
-124
-124
-125
-123
-121
-118
-114
-107
-100
-91
-80
-69
-58
-47
-35
-22
-10
3
15
25
37
47
57
67
76
83
89
95
100
105
107
111
113
114
113
111
109
107
104
102
98
94
89
84
80
74
70
65
58
53
49
41
36
31
25
18
12
5
-1
-10
-18
-27
-33
-41
-49
-56
-66
-73
-82
-91
-98
-104
-110
-114
-119
-121
-124
-127
-129
-130
-129
-127
-124
-119
-113
-106
-99
-92
-84
-74
-65
-54
-43
-32
-22
-11
0
10
22
32
42
52
61
68
77
82
88
92
97
101
105
108
111
113
115
117
118
119
120
119
116
113
110
107
104
99
94
89
83
76
68
61
52
44
34
24
14
4
-8
-19
-31
-41
-51
-59
-67
-75
-82
-90
-95
-101
-105
-108
-110
-111
-111
-112
-111
-110
-108
-107
-105
-103
-101
-97
-93
-88
-83
-76
-69
-61
-54
-47
-38
-30
-24
-16
-11
-4
3
10
16
23
29
36
43
49
54
60
67
69
72
76
76
78
81
83
84
87
89
91
91
90
89
88
86
84
80
77
75
71
66
62
57
52
48
41
34
27
21
13
7
0
-7
-14
-21
-28
-35
-43
-48
-55
-61
-66
-71
-76
-80
-84
-86
-88
-89
-90
-90
-91
-90
-90
-89
-87
-85
-81
-78
-74
-70
-64
-59
-51
-46
-41
-33
-28
-20
-13
-7
0
7
14
19
25
31
36
41
45
50
53
58
59
63
67
69
71
72
74
76
77
77
76
76
75
73
72
71
70
68
66
63
59
55
50
45
38
33
25
18
11
5
-2
-9
-17
-25
-32
-38
-46
-51
-59
-64
-70
-75
-80
-81
-84
-87
-86
-86
-85
-84
-82
-80
-77
-76
-74
-69
-65
-60
-54
-48
-43
-38
-33
-27
-21
-16
-10
-4
1
5
11
16
20
25
32
36
41
47
53
58
62
68
73
79
84
88
92
97
99
102
101
102
102
100
98
94
90
84
80
74
67
58
50
42
31
22
13
4
-7
-14
-23
-31
-41
-48
-56
-63
-68
-74
-80
-85
-90
-95
-100
-101
-101
-101
-102
-101
-100
-100
-97
-95
-91
-89
-87
-83
-77
-74
-69
-63
-60
-54
-50
-43
-40
-33
-27
-21
-16
-10
-3
3
11
16
21
28
34
40
46
52
59
65
70
76
82
86
91
96
98
102
105
105
106
106
105
105
102
101
97
93
88
84
78
72
65
57
49
41
34
27
18
9
3
-4
-10
-17
-24
-30
-36
-42
-47
-55
-60
-65
-70
-73
-76
-79
-80
-80
-81
-81
-82
-83
-82
-83
-81
-81
-80
-77
-73
-70
-67
-64
-62
-57
-53
-49
-45
-42
-39
-33
-30
-23
-19
-12
-7
-1
5
9
15
20
24
28
33
38
42
45
50
55
58
62
66
70
71
74
75
76
76
76
75
75
73
71
68
65
62
59
57
50
46
41
35
29
25
18
13
8
2
-4
-9
-14
-19
-23
-27
-32
-35
-38
-40
-42
-44
-44
-47
-47
-50
-52
-54
-56
-57
-57
-57
-55
-55
-53
-51
-49
-47
-44
-42
-40
-39
-37
-35
-32
-29
-27
-24
-19
-16
-12
-8
-5
-2
1
6
9
13
15
18
22
24
27
30
35
39
41
43
45
45
47
49
49
49
49
49
50
51
50
48
47
45
40
37
34
30
26
22
19
16
14
11
8
5
2
-1
-4
-8
-13
-16
-17
-20
-22
-23
-25
-28
-29
-32
-33
-33
-37
-40
-43
-43
-43
-43
-45
-45
-44
-43
-42
-40
-36
-36
-33
-29
-26
-23
-21
-17
-13
-9
-5
-2
3
7
12
15
17
21
23
26
27
28
29
30
30
31
29
27
27
26
22
19
18
16
15
13
11
11
11
11
10
8
8
9
9
9
9
8
9
9
8
7
8
9
8
7
4
3
1
0
-2
-4
-5
-5
-5
-7
-8
-10
-11
-12
-13
-14
-15
-16
-16
-16
-15
-16
-16
-16
-16
-16
-15
-14
-15
-14
-12
-10
-9
-6
-5
-4
-2
-2
1
2
4
5
7
8
9
10
12
12
14
13
15
14
13
13
12
9
8
8
7
7
6
4
3
2
0
-1
-2
-3
-4
-5
-6
-8
-8
-9
-10
-11
-12
-13
-14
-12
-15
-15
-15
-15
-14
-15
-14
-13
-13
-12
-10
-10
-8
-6
-5
-4
-4
-3
-1
0
1
4
7
9
11
12
13
14
15
16
18
17
19
21
22
21
22
23
24
24
24
25
25
26
25
24
22
22
21
20
20
18
15
13
12
10
6
4
2
-1
-4
-6
-9
-12
-13
-15
-18
-19
-22
-24
-26
-27
-29
-29
-31
-33
-32
-33
-34
-34
-35
-34
-33
-33
-33
-33
-30
-30
-29
-27
-24
-24
-22
-19
-17
-15
-13
-11
-7
-4
-1
1
5
9
12
16
19
21
25
28
30
32
33
34
35
37
39
39
38
37
37
36
36
34
30
29
30
30
29
28
28
26
23
21
20
18
18
16
13
11
10
8
6
4
2
-2
-5
-7
-10
-13
-17
-23
-26
-30
-34
-35
-36
-38
-40
-40
-41
-40
-40
-40
-38
-38
-35
-34
-33
-31
-29
-28
-24
-22
-19
-18
-16
-12
-12
-10
-7
-6
-4
-1
0
2
5
7
9
11
14
16
17
19
21
22
24
25
28
30
32
32
32
31
31
31
31
30
29
29
27
26
25
22
21
19
18
17
14
14
11
9
6
4
3
1
0
-2
-4
-6
-7
-8
-11
-11
-14
-15
-17
-19
-20
-23
-24
-25
-27
-28
-29
-31
-32
-33
-33
-32
-31
-30
-30
-29
-30
-29
-27
-25
-23
-20
-19
-16
-13
-12
-9
-7
-4
0
3
6
8
11
13
14
17
19
21
24
26
28
30
31
32
34
35
37
36
36
36
37
35
34
32
32
29
27
26
25
22
20
18
15
12
10
7
3
2
-1
-3
-5
-8
-9
-9
-11
-13
-15
-17
-17
-18
-18
-18
-19
-20
-21
-22
-22
-22
-22
-22
-22
-24
-25
-25
-27
-27
-27
-26
-26
-27
-24
-23
-23
-21
-20
-20
-18
-16
-15
-14
-12
-11
-9
-7
-6
-3
-1
1
3
6
9
12
14
17
18
20
22
22
23
22
23
24
23
25
25
24
25
25
24
23
22
20
17
16
15
12
11
9
7
6
6
6
6
4
4
4
4
3
1
0
-2
-2
-3
-5
-7
-7
-9
-10
-12
-15
-15
-15
-17
-18
-20
-20
-20
-19
-19
-19
-20
-19
-18
-17
-16
-15
-12
-10
-8
-7
-4
-1
2
3
4
6
7
10
11
12
11
13
15
14
16
17
18
17
16
16
16
14
14
14
13
12
11
9
10
8
7
5
4
3
3
1
1
-1
-2
-5
-7
-8
-9
-10
-10
-10
-11
-10
-11
-13
-14
-13
-14
-16
-15
-14
-12
-11
-11
-11
-11
-11
-10
-7
-6
-5
-4
-4
-3
-3
-1
-1
-2
-2
-1
0
1
2
2
4
4
4
5
5
7
10
11
12
11
14
13
14
16
15
15
16
17
16
15
16
15
14
13
11
10
9
8
8
6
2
-1
-2
-4
-5
-6
-6
-7
-7
-10
-11
-12
-13
-13
-14
-15
-16
-17
-18
-18
-18
-18
-17
-16
-16
-16
-16
-14
-13
-12
-13
-13
-13
-10
-8
-8
-9
-9
-9
-7
-6
-5
-5
-3
-1
2
3
4
6
9
12
14
14
14
16
17
20
19
19
20
21
21
22
22
20
20
19
17
18
18
17
17
16
15
12
11
10
10
8
7
6
6
6
4
4
2
3
2
2
3
3
3
1
-1
-3
-4
-4
-6
-9
-12
-14
-15
-16
-18
-21
-22
-23
-25
-28
-31
-31
-32
-32
-31
-32
-31
-30
-27
-26
-26
-23
-21
-18
-15
-9
-7
-5
-1
2
4
6
8
8
10
11
12
12
13
13
15
15
14
16
17
18
19
19
19
21
21
20
21
21
20
21
21
20
22
21
21
20
20
18
15
14
13
11
10
8
7
6
5
3
1
0
0
-2
-4
-7
-8
-10
-11
-12
-14
-15
-15
-15
-18
-19
-20
-20
-18
-21
-23
-22
-23
-25
-24
-25
-25
-24
-22
-22
-22
-20
-20
-18
-16
-16
-13
-11
-9
-8
-5
-4
-1
2
3
6
9
12
13
15
17
18
19
22
23
24
24
26
25
26
24
23
21
19
19
19
17
16
14
12
11
10
8
6
7
5
5
5
2
3
3
4
4
3
3
2
2
1
-1
-1
-2
-3
-5
-6
-7
-8
-9
-11
-12
-13
-15
-15
-17
-17
-19
-19
-19
-20
-18
-18
-17
-14
-13
-13
-12
-11
-10
-9
-7
-7
-5
-4
-4
-1
0
0
0
2
2
3
4
4
4
6
6
6
6
5
7
7
8
9
10
11
10
11
11
11
13
13
13
14
14
14
12
11
11
10
8
7
7
7
6
5
4
2
-2
-3
-2
-2
-5
-6
-6
-7
-7
-8
-8
-9
-9
-9
-10
-10
-9
-9
-8
-8
-7
-7
-8
-7
-7
-6
-5
-4
-4
-3
-3
-2
-2
-2
-2
-2
-2
-2
-1
0
-1
0
-1
1
2
2
3
4
4
6
5
6
6
7
8
9
10
9
9
9
9
8
7
8
7
4
3
2
0
-2
-2
-3
-4
-5
-5
-6
-6
-7
-8
-10
-11
-12
-12
-12
-11
-10
-10
-9
-10
-11
-12
-11
-9
-9
-9
-9
-7
-5
-5
-4
-3
-1
2
4
5
8
10
12
13
13
15
15
17
18
16
17
17
19
17
17
18
18
15
15
12
13
11
10
10
8
7
6
6
6
5
5
3
3
1
0
-2
-2
-2
-2
-5
-7
-7
-8
-9
-10
-11
-12
-13
-15
-15
-17
-17
-19
-21
-21
-22
-22
-21
-21
-21
-20
-21
-19
-19
-19
-17
-18
-16
-14
-13
-11
-9
-7
-5
-4
-3
0
2
4
6
7
9
10
10
12
15
15
17
18
20
20
20
20
20
19
19
17
16
16
16
15
15
15
14
15
13
12
11
10
11
11
9
9
9
10
10
9
9
7
7
5
4
3
1
-2
-4
-6
-8
-9
-12
-12
-15
-17
-18
-20
-22
-22
-23
-24
-23
-24
-23
-23
-25
-24
-22
-21
-21
-22
-19
-18
-16
-14
-13
-10
-9
-6
-5
-4
-3
1
3
4
9
8
9
11
13
13
14
14
15
17
19
20
21
22
22
23
23
23
23
23
22
22
20
19
18
18
17
14
14
11
11
9
8
6
5
4
2
1
0
-2
-4
-5
-7
-7
-8
-10
-12
-12
-16
-17
-19
-20
-21
-22
-24
-26
-26
-26
-26
-25
-25
-22
-21
-21
-18
-17
-15
-12
-9
-8
-8
-4
-3
-2
-1
0
3
3
5
5
6
7
9
10
10
10
11
12
12
12
14
14
15
15
16
16
17
18
19
19
19
19
19
20
19
17
17
16
15
13
12
10
9
7
6
4
2
0
-1
-3
-6
-8
-9
-11
-13
-15
-16
-16
-15
-16
-17
-17
-18
-17
-19
-18
-18
-17
-17
-16
-15
-14
-13
-13
-12
-12
-12
-11
-10
-9
-9
-9
-8
-6
-5
-4
-5
-4
-3
-4
-1
1
3
5
5
6
6
8
9
10
11
12
12
13
14
14
15
16
17
17
16
17
16
16
16
14
14
12
10
9
9
9
9
9
8
8
7
7
7
5
4
3
0
-1
-1
-3
-3
-5
-6
-8
-7
-7
-8
-10
-11
-13
-14
-15
-16
-16
-15
-15
-17
-17
-17
-18
-18
-17
-17
-16
-15
-13
-13
-13
-11
-9
-6
-3
-2
0
2
3
5
8
9
12
13
15
15
16
17
17
17
17
16
17
17
17
16
14
14
13
11
11
9
10
10
8
8
7
5
5
3
2
2
1
2
0
0
0
0
-1
-1
-3
-4
-5
-5
-5
-7
-8
-11
-12
-13
-14
-15
-16
-17
-16
-16
-15
-16
-17
-17
-18
-18
-19
-17
-17
-16
-16
-16
-14
-11
-9
-8
-8
-5
-3
-3
-1
0
2
3
5
7
9
12
15
17
17
18
18
19
20
21
22
22
24
22
22
21
22
20
19
19
18
17
17
15
13
9
8
7
5
3
2
1
1
0
-1
-4
-6
-5
-6
-8
-11
-11
-12
-12
-13
-14
-14
-15
-15
-16
-17
-18
-18
-19
-19
-20
-20
-20
-19
-19
-19
-19
-18
-17
-17
-16
-17
-15
-14
-12
-9
-8
-7
-4
-3
0
1
4
8
8
10
12
13
14
15
17
18
19
21
23
22
24
25
24
24
25
23
22
20
20
20
19
17
17
18
17
15
12
11
9
9
9
7
5
6
4
2
1
0
-1
-2
-3
-3
-5
-7
-9
-9
-10
-12
-14
-14
-16
-16
-16
-18
-18
-19
-19
-19
-21
-22
-22
-21
-23
-22
-20
-20
-19
-18
-18
-17
-17
-16
-16
-15
-14
-12
-10
-9
-7
-7
-7
-4
-2
-1
1
3
6
8
11
12
12
14
14
16
16
17
18
20
21
21
23
20
21
19
19
19
19
19
19
19
18
17
14
12
10
9
8
7
6
5
3
2
0
-2
-4
-5
-6
-8
-8
-9
-10
-11
-11
-11
-12
-11
-12
-10
-10
-10
-11
-12
-10
-10
-10
-9
-10
-10
-10
-10
-10
-11
-11
-11
-9
-8
-8
-7
-6
-7
-6
-6
-4
-2
-1
0
2
1
4
4
5
5
6
6
6
8
9
7
6
7
7
9
9
9
10
9
10
11
11
9
9
10
10
9
10
10
10
11
10
9
7
7
6
4
4
2
2
1
-1
-2
-3
-3
-3
-4
-6
-7
-7
-7
-9
-10
-10
-8
-8
-7
-7
-7
-5
-5
-5
-6
-5
-6
-6
-6
-6
-5
-6
-7
-5
-6
-5
-4
-2
-1
0
0
1
1
1
2
1
1
0
1
-1
0
-1
-1
1
-1
-3
-3
-4
-3
-3
-3
-4
-4
-3
-4
-4
-4
-3
-2
0
1
1
3
2
4
6
5
4
5
4
3
2
3
2
1
1
1
1
0
1
2
3
3
2
2
2
2
2
1
1
2
2
4
4
4
5
4
4
4
3
3
4
4
5
6
6
5
6
6
7
7
7
6
6
5
4
3
2
2
0
-1
-3
-6
-6
-7
-8
-11
-12
-11
-12
-11
-9
-7
-7
-7
-8
-8
-6
-7
-6
-6
-6
-4
-2
0
0
1
0
0
0
-1
0
0
1
1
1
0
-1
-1
-2
-1
-1
-2
-2
-2
-3
-2
-2
-2
-1
1
3
3
4
6
6
8
8
10
10
10
9
9
9
8
8
8
9
7
8
6
5
3
2
3
1
0
0
0
0
1
0
1
0
2
0
-2
-3
-3
-1
-3
-3
-4
-6
-6
-5
-7
-6
-6
-4
-5
-6
-5
-6
-6
-6
-6
-7
-7
-6
-6
-6
-6
-8
-7
-9
-9
-10
-10
-9
-9
-9
-9
-9
-7
-5
-5
-5
-4
-2
0
2
5
6
7
8
8
7
7
9
8
9
7
8
8
7
7
8
7
7
8
8
7
6
8
8
8
8
8
7
8
7
8
7
6
6
4
4
3
3
2
1
-1
-3
-3
-2
-3
-3
-4
-4
-6
-7
-7
-8
-9
-8
-8
-9
-8
-7
-5
-5
-5
-5
-6
-5
-6
-4
-4
-3
-3
-2
-2
-1
0
0
1
1
0
0
1
0
0
2
1
0
0
2
1
1
0
0
0
0
1
1
1
2
3
3
3
4
4
3
3
2
3
3
2
5
4
5
6
4
4
3
2
2
