-3
-2
-3
-2
-1
-3
-3
-3
-1
0
1
3
3
4
4
4
5
4
7
9
7
6
6
4
2
1
4
6
7
7
8
8
7
7
8
7
8
6
3
4
7
5
4
4
2
-1
-2
-1
-3
-3
-1
-1
0
0
-1
-3
-5
-7
-8
-9
-6
-5
-3
-5
-6
-7
-9
-11
-9
-6
-5
-4
-6
-8
-8
-6
-6
-3
-2
-2
-3
-2
0
0
-2
-2
-2
-1
-1
0
-1
-2
-4
-3
-1
4
6
4
2
3
5
5
6
5
3
2
4
7
9
6
5
5
6
5
2
2
2
5
4
4
2
3
-3
-3
0
2
3
1
1
-3
-7
-6
-5
-2
-1
-4
-1
-3
-4
-5
-7
-7
-6
-5
-3
-3
-4
-3
-3
-5
-2
1
1
1
4
2
-1
-1
-4
-4
0
1
-1
0
0
0
1
0
1
5
8
6
-1
0
2
1
2
0
4
2
3
6
3
1
-2
-3
0
-1
0
0
-2
-3
-6
-5
-4
3
4
0
-2
-2
-3
0
5
5
4
6
2
1
1
-1
-4
-2
4
3
3
7
6
7
8
3
2
4
7
3
6
8
5
1
1
5
6
5
2
4
7
3
3
3
4
4
-6
-7
-5
-5
-4
-4
-5
-5
0
-5
-11
-2
-2
-4
-3
-7
-6
-2
-3
-5
-2
-7
-15
-12
-5
1
-3
-6
1
-1
-3
-10
-5
-3
-9
-8
-7
-3
5
0
-1
0
-8
-5
-3
-1
0
-3
-1
4
8
10
-1
-4
3
2
6
2
3
11
14
9
1
3
10
2
-3
1
-1
-2
1
3
2
-2
-4
2
-2
-3
-6
-7
0
-2
-4
-9
-6
0
-2
0
-3
-3
0
-2
-5
0
4
5
8
2
4
8
0
6
7
0
-5
-2
10
2
4
2
-4
7
0
1
8
7
10
-2
0
7
1
-2
-2
5
2
-4
-5
-2
13
18
-2
-1
7
4
4
4
0
5
6
-4
-1
13
12
1
-5
-7
-6
-5
-2
2
6
-9
-13
-7
-1
5
-3
-11
3
1
-10
-12
-1
-3
-7
-6
-12
-8
-1
-1
-4
0
2
-2
0
2
5
12
7
7
5
6
4
0
8
11
1
-8
-5
8
7
1
5
4
0
-4
1
4
4
0
-8
-3
-1
-3
7
6
-1
-11
-9
0
4
0
-8
-3
5
-10
-10
-8
-13
-3
-11
-20
-15
-9
-6
3
-2
-4
-3
-11
-10
2
6
-3
-4
1
-6
-8
-6
-10
4
-10
-22
-1
6
15
10
-4
-3
1
6
0
14
26
11
9
14
11
18
13
11
15
17
11
6
23
25
0
-10
-6
2
4
11
15
13
5
-12
-12
-9
-6
-6
-10
-2
-9
-7
-10
-14
-3
-23
-15
-11
-8
-1
-8
-4
-17
-14
-14
-20
-7
-6
-3
0
-12
-4
2
12
7
8
10
12
19
7
11
-1
-3
5
6
12
9
17
15
7
14
0
11
21
13
16
22
29
16
3
-1
-4
2
16
13
15
5
-2
-7
-2
11
3
-4
-6
-6
-9
-5
-11
-13
-17
-23
-27
-16
-7
-6
-19
-35
-32
-25
-18
-21
-15
-13
-11
-13
-26
-23
-8
-7
-21
-7
4
8
2
14
9
-6
-5
-15
13
26
16
13
16
12
0
-3
9
15
22
9
4
22
19
14
9
13
14
19
9
15
38
11
11
3
-5
9
8
17
8
14
-2
-27
2
-7
-5
-7
-24
-1
0
-8
-11
1
0
-26
-13
-20
-4
1
-28
-19
-16
-10
-17
-2
4
-12
2
-15
-17
-13
-21
-16
-7
4
-3
-5
1
-4
-4
-13
-7
13
11
17
18
16
7
-4
6
8
16
14
17
18
14
15
12
15
-1
7
7
5
20
22
3
-7
-12
-10
-7
8
9
-1
8
-7
0
2
-3
-4
-7
4
9
20
14
12
6
-16
-14
-10
-1
20
2
-7
-13
-3
8
-11
-14
-31
-20
-17
2
10
-5
-10
-10
-2
5
1
2
-10
-4
-12
-10
8
4
18
-7
-8
-6
0
4
-6
0
-7
-6
4
0
0
-1
-3
-6
-7
4
-4
10
16
13
4
-9
7
12
17
13
7
0
-15
-4
-14
-5
1
-11
-9
-11
10
-4
4
-10
-3
10
8
10
19
15
15
-1
-7
-7
-4
10
-3
12
2
3
-3
-3
-7
-14
-5
16
13
6
-4
-4
-5
0
0
-13
4
19
26
9
6
3
-1
0
-11
-11
-13
17
15
4
-8
-9
-12
-17
-27
-23
-8
22
25
6
-20
-48
-26
-9
6
6
-9
5
0
14
-3
-14
-10
-22
-10
-6
14
31
20
-12
-36
-38
-11
1
26
8
15
2
-3
9
0
1
-17
4
16
24
36
22
32
14
-4
-16
-18
16
13
8
30
20
31
11
10
2
-8
-3
-12
18
17
10
12
7
22
1
-11
-29
-10
-3
-11
4
-2
4
-8
-37
-22
-23
-31
-16
-2
9
-8
8
-9
-1
-21
-46
-38
-13
5
6
15
6
-6
7
-15
6
1
5
2
-17
0
-7
-9
-7
-1
4
-10
12
22
1
-7
-29
-12
-14
-6
10
24
37
21
16
13
11
19
2
15
2
-4
2
-5
6
1
33
28
32
31
5
-15
-14
-10
-5
-14
-14
0
2
13
1
17
-2
0
-18
-22
0
-8
-16
-23
-18
-15
9
39
9
19
1
-17
-6
-25
-17
-19
-9
-3
-10
7
1
-1
9
-10
15
-9
-1
-1
-17
-12
-10
16
0
0
-14
-31
-2
8
38
8
-1
10
-2
10
7
9
2
-32
-11
-7
16
34
0
7
-16
-15
-21
18
22
2
2
-16
-6
-3
-7
5
6
11
13
17
15
5
16
-21
-18
8
18
37
22
34
15
14
-15
-26
-19
-34
6
14
39
36
-14
-20
-16
-19
-7
3
10
11
0
-9
-35
-5
-4
-29
-2
-2
41
23
34
-16
-33
-56
-67
-29
20
41
31
34
25
5
-39
-46
-45
-26
-44
-5
20
25
0
-20
-33
-32
-17
-1
17
12
4
19
-10
-12
-6
-19
-10
21
47
47
57
-2
-14
-17
-21
-16
26
40
37
16
12
-5
-18
-15
-22
8
5
50
37
20
4
-28
-48
-33
-14
8
35
52
32
26
15
-21
-25
-13
-3
24
41
43
37
10
-22
-35
-11
-21
12
16
-2
1
6
-16
-10
-22
-41
-50
-33
-16
14
25
5
-12
-18
-36
-27
0
-12
-6
-57
-32
-10
9
26
41
34
-9
-5
-5
9
11
5
-27
-4
5
27
25
21
4
-27
-6
-28
17
33
29
-15
-6
14
8
27
2
17
10
-3
-9
-10
-11
-29
-11
7
24
37
14
-13
-15
-25
-23
-19
-7
25
12
21
14
31
-9
-31
-56
-56
-8
2
26
-6
-9
-28
-7
-14
21
0
-22
-37
-29
0
3
19
-13
-8
-20
-14
-15
52
27
-10
-28
9
-3
32
27
7
-36
-24
-5
40
60
53
30
0
11
-13
15
8
44
9
25
9
30
18
18
-27
-63
-18
-10
14
20
18
-5
-26
-29
-24
-10
-16
-9
-11
31
13
6
-1
14
-2
-2
-7
-13
13
11
6
-18
-8
10
-11
10
14
36
10
-2
-8
-21
-33
-26
14
31
26
7
-2
3
-19
-17
-7
-10
-22
-4
5
10
2
-5
-17
-3
-17
4
-21
-9
16
-5
-21
-19
34
43
44
15
-7
-7
-24
-51
-16
26
13
27
37
-4
-40
-37
-25
-23
-27
9
15
38
10
-10
-46
-54
6
22
39
43
22
8
8
3
-33
-30
-1
-13
30
24
-2
-27
-14
-48
-53
-11
67
78
34
-11
-27
-56
-17
19
22
14
18
12
-2
8
-41
-36
-25
-19
23
42
7
-57
-30
-21
-35
-1
40
82
56
1
-39
-19
-35
-7
-7
24
57
68
39
3
-44
-80
-44
24
51
44
20
-27
-35
-11
-48
-50
-25
57
35
32
20
32
-4
-44
-58
-19
36
67
104
43
11
-75
-52
-48
31
32
29
17
40
12
-10
-43
-29
38
22
10
5
61
16
-6
-28
-40
-35
-41
-21
23
30
5
-9
-18
4
-63
-74
-10
48
27
27
25
-4
17
32
-10
-62
-13
-25
-6
46
48
63
44
-21
-78
-113
-40
72
70
25
24
-50
-58
-4
-5
-64
-5
11
-5
52
108
3
-7
-60
-132
-65
5
82
73
41
-25
-56
-36
8
24
1
-77
10
11
92
59
-12
-10
-30
-66
-15
84
71
7
8
1
-39
-12
-34
-27
-5
-30
-6
-1
28
29
-51
-36
-7
-25
-19
-5
29
32
37
59
0
-11
-66
-77
23
34
35
27
45
6
-14
-6
10
-15
-64
-16
-15
54
38
48
7
-34
-73
-73
-26
33
31
43
21
-52
-55
-35
28
-9
29
22
5
-15
20
26
32
2
-27
-51
-4
49
43
79
13
-40
-74
0
97
67
27
48
11
-7
-33
18
-21
5
-22
-32
9
34
-18
2
25
-6
-24
-17
1
-1
-30
-62
7
7
59
-33
-16
46
66
66
6
46
-52
-42
13
15
70
-19
-76
-33
18
55
22
-10
-24
-62
-46
-76
44
22
-5
-25
-86
-5
67
28
-52
-38
-28
-49
41
71
-2
41
-20
-1
17
-35
-29
-21
18
11
24
-1
20
17
-57
-69
-42
-25
45
35
-14
-10
-25
-52
-35
27
-16
24
63
13
-17
3
19
-18
-37
-66
-16
63
-41
49
22
-17
-29
-58
50
96
-21
-9
-1
5
-50
-39
40
95
72
-36
-29
3
22
-10
7
46
136
107
57
-6
-72
-167
-112
-85
-18
50
13
-34
99
48
-95
-79
-114
-96
-16
3
52
88
55
32
-38
-41
60
169
60
9
-13
-23
-24
5
8
46
9
-80
-27
65
40
-14
41
23
43
-75
-91
30
63
-34
-9
4
40
112
-35
-5
108
54
-75
-59
-7
-56
-73
-28
-11
102
75
-68
48
99
-37
-151
-91
36
13
-4
20
96
67
-20
-82
-83
-59
-29
-2
62
98
87
-7
-65
10
-36
-138
-103
-8
13
9
-10
12
73
44
-57
-89
38
35
-10
24
14
73
15
-15
15
-28
-62
-51
36
84
37
-21
-122
-83
-65
-54
69
102
53
-71
-157
-21
72
36
4
-12
5
-25
85
131
92
-32
-142
-106
14
102
136
138
19
-43
-150
-119
50
60
-20
1
-3
-35
20
13
39
20
-93
-138
-40
56
100
162
59
-6
-36
-76
-74
-4
33
7
-29
-8
113
95
54
48
12
-114
-162
-114
44
137
23
-131
-101
-28
-7
-18
33
74
-8
-113
28
108
-9
-45
-22
11
53
-16
-70
81
19
-102
-104
-17
47
68
-3
-55
16
-39
-90
8
121
117
106
94
69
20
-74
-97
-93
-44
30
54
125
243
183
44
-40
-113
-182
-178
-49
40
102
92
7
23
51
30
-19
-148
-112
-75
-41
62
101
37
21
-56
-29
124
165
30
-111
-67
-2
-6
-6
104
87
-31
-148
-57
20
-9
-149
-166
-42
-23
15
134
189
27
-72
-149
-150
-93
-25
-21
-22
31
46
103
151
175
84
-60
-132
-105
-105
-50
32
22
-3
-24
-4
8
-48
-63
-14
-15
-34
-42
46
225
123
-52
-118
-96
-64
8
200
264
205
124
39
-41
-129
-214
-198
-206
-87
67
129
157
105
67
-65
-150
-76
-24
-55
-47
59
137
145
127
50
-8
-40
-41
34
56
38
9
-29
-43
-71
-16
-51
-65
-38
-47
-14
-67
-16
60
-54
-129
-49
80
123
17
47
111
-8
-101
-52
11
-81
-88
45
121
145
96
-8
-32
-95
-193
-153
-97
13
63
103
122
80
61
41
-23
-1
55
21
3
48
50
-70
-72
-32
-32
-22
11
59
79
26
-62
-100
-123
-117
-53
65
182
196
174
128
51
-35
-50
-37
-62
-56
-32
-88
-130
-41
25
-4
-61
-26
-21
-89
-84
-43
-56
-87
-116
-75
84
198
243
245
189
72
-29
-28
40
60
9
-47
-66
-23
15
27
3
-24
-56
-109
-84
-31
-2
-29
-36
13
89
121
134
157
91
-13
-57
-8
42
-7
-85
-128
-131
-125
-125
-113
-131
-154
-133
-81
-9
53
50
37
34
94
152
164
140
91
40
9
-6
47
94
54
-12
-40
-23
-9
3
-23
-107
-166
-196
-181
-95
-22
23
-2
-40
-19
42
115
125
49
-9
-30
1
82
183
233
193
137
75
33
29
4
-81
-164
-220
-239
-249
-225
-160
-88
-21
11
29
44
84
111
84
46
23
15
41
108
182
198
140
15
-100
-150
-128
-73
-33
-15
-34
-62
-31
57
140
169
125
28
-61
-96
-95
-49
-10
-39
-77
-54
35
156
220
184
89
-7
-78
-93
-31
1
-7
-19
-32
-31
-22
3
41
21
-59
-128
-138
-75
15
99
133
136
116
84
88
89
62
28
-16
-60
-111
-143
-124
-68
-14
-9
-23
-4
61
121
156
160
101
2
-87
-103
-36
20
64
50
-47
-140
-181
-135
-44
1
-43
-125
-158
-127
-59
-55
-130
-198
-237
-228
-161
-32
63
37
-91
-236
-243
-130
-3
86
59
-28
-76
-72
12
112
134
90
69
157
305
448
509
489
430
329
288
344
438
496
397
228
106
40
51
79
77
21
-58
-77
-67
-55
-68
-107
-155
-196
-172
-96
9
87
87
30
-37
-76
-72
-32
-48
-144
-277
-404
-438
-410
-395
-410
-453
-466
-433
-386
-305
-192
-164
-297
-462
-566
-598
-548
-498
-483
-464
-428
-293
-51
178
298
277
163
51
-27
-43
17
65
65
106
234
456
783
1100
1267
1258
1119
966
888
858
833
776
657
555
524
517
557
552
380
90
-237
-488
-579
-549
-491
-450
-426
-364
-187
100
388
575
568
418
260
92
-23
-77
-169
-310
-497
-678
-758
-751
-744
-791
-916
-1094
-1215
-1211
-1058
-816
-629
-531
-481
-443
-382
-288
-202
-169
-196
-279
-314
-195
-17
136
143
0
-168
-302
-333
-258
-192
-192
-204
-165
-60
126
358
582
731
772
810
948
1162
1328
1388
1362
1309
1283
1280
1373
1477
1435
1243
906
577
333
131
-40
-231
-428
-569
-578
-433
-209
5
92
75
67
101
201
317
351
278
133
-14
-82
-105
-172
-302
-512
-780
-1023
-1178
-1247
-1323
-1437
-1547
-1566
-1492
-1369
-1161
-930
-734
-590
-523
-470
-397
-332
-273
-204
-166
-158
-143
-103
-33
44
45
-42
-177
-335
-419
-443
-472
-446
-417
-340
-127
181
546
820
974
1008
948
901
802
746
699
713
1125
1654
2141
2513
2596
2596
2312
1817
1308
721
167
-419
-791
-804
-603
-279
-157
-87
-9
-17
70
119
148
115
-75
-167
-32
287
590
749
719
512
215
-217
-646
-1032
-1476
-1870
-2136
-2204
-2026
-1685
-1303
-981
-827
-811
-809
-820
-815
-742
-648
-564
-492
-403
-283
-140
-81
-146
-277
-501
-702
-781
-744
-564
-423
-437
-460
-479
-463
-409
-384
-361
-342
-302
-192
63
419
697
899
945
910
961
1113
1559
2169
2761
3287
3578
3669
3465
2954
2222
1284
342
-564
-1185
-1393
-1335
-1018
-708
-430
-172
-43
95
169
152
25
-194
-293
-201
104
506
935
1308
1505
1585
1478
1213
771
35
-833
-1656
-2304
-2683
-2775
-2593
-2197
-1700
-1279
-946
-739
-770
-950
-1194
-1379
-1361
-1173
-815
-259
318
751
1001
1029
855
537
102
-350
-731
-1070
-1339
-1478
-1483
-1310
-1031
-818
-710
-682
-701
-650
-541
-444
-286
-88
141
443
815
1186
1430
1456
1258
995
762
519
589
1065
1797
2647
3206
3529
3661
3338
2590
1515
433
-542
-1360
-1739
-1576
-856
-121
265
385
211
16
-177
-380
-473
-635
-781
-695
-153
731
1546
2024
2024
1790
1374
792
229
-378
-1006
-1649
-2200
-2382
-2111
-1597
-1181
-964
-950
-965
-901
-893
-897
-947
-1022
-984
-818
-488
-60
330
538
535
350
14
-279
-475
-567
-584
-674
-794
-859
-853
-832
-905
-1032
-1143
-1217
-1273
-1257
-1038
-688
-360
-58
278
715
1148
1399
1502
1457
1243
942
690
693
847
936
1125
1643
2413
2977
2994
2617
2051
1338
472
-335
-799
-1008
-1133
-1128
-812
-137
447
564
337
-9
-278
-360
-266
-31
187
232
288
616
1169
1683
1858
1599
1070
441
-157
-566
-784
-1008
-1265
-1434
-1425
-1152
-807
-643
-716
-1051
-1428
-1551
-1406
-1074
-673
-348
-103
107
260
433
605
572
290
-136
-594
-921
-1057
-1063
-977
-955
-1080
-1181
-1173
-1091
-1031
-1126
-1317
-1482
-1562
-1441
-1028
-417
179
625
939
1240
1512
1594
1461
1116
649
234
26
150
393
682
1237
2040
2832
3178
3092
2857
2360
1520
473
-339
-764
-1087
-1240
-1088
-505
178
406
298
7
-298
-499
-570
-372
-97
154
432
954
1791
2481
2744
2529
1949
1134
113
-839
-1477
-1815
-2049
-2184
-1998
-1485
-795
-221
20
-60
-341
-568
-590
-427
-232
-62
91
82
-42
-179
-299
-428
-793
-1377
-1913
-2224
-2207
-1908
-1558
-1326
-1165
-1022
-824
-547
-430
-532
-759
-1025
-1094
-903
-585
-182
164
296
349
433
513
581
473
162
-85
-147
144
842
1522
1931
2346
3047
3864
4232
3849
3101
2258
1124
-124
-959
-1193
-1097
-1033
-924
-449
167
425
258
-144
-573
-882
-984
-696
-46
637
1183
1736
2375
2879
2992
2666
2137
1438
398
-760
-1649
-2062
-2124
-2049
-1692
-1060
-463
-75
83
17
-287
-798
-1320
-1618
-1688
-1523
-1046
-494
-153
-84
-233
-456
-731
-1160
-1654
-2049
-2275
-2211
-1873
-1438
-977
-590
-368
-253
-215
-271
-409
-640
-888
-1010
-1022
-916
-619
-263
88
430
725
961
1027
889
647
447
474
805
1369
1923
2563
3706
4947
5443
4851
3545
2214
761
-904
-2090
-2437
-2221
-1906
-1396
-329
913
1550
1174
245
-628
-1290
-1515
-1238
-579
225
868
1597
2677
3789
4345
4002
2981
1657
195
-1319
-2504
-3066
-3310
-3432
-3184
-2313
-983
218
839
857
331
-582
-1421
-1914
-2122
-2045
-1757
-1296
-693
-143
349
674
525
-102
-986
-1834
-2335
-2358
-2017
-1540
-1126
-810
-470
-88
242
397
239
-167
-622
-945
-1010
-830
-494
-155
53
195
428
721
875
806
543
185
-88
-35
634
1673
2644
3773
5109
6014
5797
4490
2917
1362
-449
-2243
-3244
-3131
-2462
-1579
-373
967
1815
1483
319
-818
-1647
-2052
-1994
-1425
-396
746
1872
3124
4375
5020
4610
3291
1576
-107
-1727
-3074
-3765
-3856
-3622
-3162
-2261
-927
281
868
786
249
-486
-1176
-1611
-1699
-1522
-1231
-845
-420
7
435
653
448
-168
-1011
-1764
-2227
-2345
-2067
-1528
-990
-541
-152
209
529
658
467
50
-353
-539
-522
-479
-428
-303
-239
-324
-350
-170
106
207
47
-54
58
219
501
1120
2049
3070
4126
5236
5974
5712
4363
2525
684
-1143
-2730
-3581
-3437
-2576
-1522
-393
725
1348
1065
30
-1082
-1789
-2061
-1896
-1205
-28
1327
2588
3718
4638
4999
4448
3050
1202
-689
-2413
-3790
-4512
-4527
-4049
-3247
-2231
-1027
153
922
1109
816
301
-180
-491
-622
-556
-329
-160
-118
-93
3
127
-14
-505
-1068
-1554
-1891
-1959
-1711
-1218
-737
-475
-281
16
285
380
289
68
-123
-228
-283
-262
-221
-213
-236
-350
-491
-482
-388
-381
-416
-340
-74
222
407
833
1797
3049
4312
5377
5892
5468
4019
2007
41
-1663
-3076
-3906
-3893
-3075
-1687
-139
1131
1644
1111
-137
-1399
-2136
-2204
-1744
-956
67
1320
2714
4101
5212
5569
4844
3108
874
-1253
-2948
-4039
-4488
-4426
-3950
-3066
-1736
-221
968
1578
1533
978
329
-109
-152
57
175
210
194
80
2
-6
-108
-492
-1144
-1774
-2105
-2111
-1841
-1328
-837
-590
-438
-220
75
302
254
13
-240
-458
-481
-237
34
169
103
-206
-451
-530
-599
-555
-519
-551
-422
-186
113
415
464
503
1098
2245
3548
4695
5219
4856
3640
1757
-43
-1401
-2557
-3302
-3333
-2590
-1280
73
990
1173
530
-675
-1696
-2029
-1794
-1179
-415
474
1704
3132
4489
5435
5502
4511
2662
474
-1472
-2930
-3980
-4573
-4600
-4082
-3066
-1721
-265
926
1471
1506
1277
1001
852
735
657
548
326
79
-202
-443
-614
-855
-1258
-1755
-2082
-2177
-2087
-1784
-1343
-875
-585
-444
-193
112
279
268
184
156
173
259
473
643
546
226
-181
-533
-782
-1037
-1248
-1248
-1016
-590
-71
300
411
253
55
626
2145
3795
4987
5296
4717
3530
1772
27
-1282
-2432
-3334
-3510
-2581
-821
945
1909
1665
523
-986
-2110
-2349
-2049
-1468
-776
8
1341
3196
5007
6066
5807
4298
2058
-313
-2265
-3517
-4273
-4718
-4663
-3961
-2660
-1074
400
1407
1673
1455
1154
941
902
938
966
876
541
88
-345
-826
-1363
-1813
-2193
-2517
-2528
-2141
-1467
-684
-22
464
604
336
34
-81
-118
-176
-248
-274
-191
13
325
615
556
132
-394
-960
-1370
-1458
-1333
-971
-458
74
636
935
759
325
-203
-260
922
2784
4288
5091
5019
4318
3007
1031
-720
-1998
-3131
-3701
-3118
-1404
562
1812
1825
828
-560
-1965
-2701
-2705
-2469
-1872
-977
442
2664
4954
6443
6602
5410
3352
919
-1374
-3029
-4012
-4750
-5121
-4644
-3400
-1813
-366
757
1491
1617
1410
1260
1195
1162
1100
988
799
495
90
-435
-1094
-1704
-2048
-2272
-2445
-2278
-1729
-1024
-376
142
463
336
-147
-471
-424
-215
19
318
600
761
806
804
702
261
-385
-968
-1514
-1812
-1755
-1427
-760
-4
603
945
749
188
-495
-1032
-350
1898
4257
5434
5394
4819
3980
2257
-128
-1983
-3206
-4202
-4305
-2662
198
2603
3142
1864
-73
-1981
-3406
-3813
-3505
-2840
-1807
-362
1987
5053
7466
8145
6914
4366
1376
-1524
-3783
-4860
-5193
-5459
-5250
-4017
-2022
-10
1391
2228
2463
1917
1225
937
923
997
974
862
680
268
-252
-764
-1353
-1906
-2346
-2773
-2947
-2437
-1403
-379
346
719
759
389
-167
-245
174
518
686
773
738
577
306
50
-248
-809
-1382
-1633
-1612
-1314
-754
-114
454
786
857
708
177
-670
-1537
-2065
-1269
1209
4006
5761
6164
5627
4451
2287
-391
-2393
-3594
-4272
-3963
-2076
813
3171
3724
2322
-84
-2701
-4771
-5438
-4884
-3502
-1535
695
3417
6371
8433
8830
7397
4532
1028
-2380
-4938
-5977
-5867
-5407
-4533
-3041
-1196
572
1927
2763
2847
2004
851
251
232
454
830
1190
1305
967
247
-471
-1185
-1988
-2749
-3354
-3513
-2956
-1819
-546
481
1107
1257
914
320
-15
117
364
497
513
330
-21
-478
-929
-1219
-1426
-1602
-1666
-1530
-965
17
927
1318
1181
724
52
-777
-1605
-2155
-2321
-1820
171
3397
6136
7173
6521
4887
2612
-215
-2587
-3572
-3468
-2849
-1535
728
3084
4010
2649
-353
-3540
-5957
-6890
-5930
-3494
-417
2418
4763
6897
8500
8692
7029
4035
568
-2715
-5174
-6164
-5500
-4068
-2879
-1863
-737
353
1107
1379
1317
920
274
-117
166
985
1829
2387
2389
1590
244
-1196
-2344
-3014
-3298
-3220
-2817
-2137
-1124
51
944
1254
1045
453
-295
-743
-628
-27
700
1053
885
280
-560
-1286
-1708
-1808
-1711
-1520
-1133
-412
663
1644
1929
1404
398
-536
-1184
-1646
-1867
-1891
-1809
-1201
779
3801
6205
6904
5875
3848
1412
-1027
-2402
-2478
-2082
-1657
-917
557
2024
2259
722
-2076
-4839
-6716
-6782
-4583
-1116
2389
4913
6366
7301
7520
6647
4688
2044
-813
-3384
-4915
-4944
-3578
-1877
-887
-467
-320
-309
-304
-291
-98
192
285
366
915
1907
2802
3083
2432
1020
-666
-2213
-3139
-3200
-2641
-1917
-1364
-981
-482
121
439
370
-4
-593
-1084
-1148
-618
322
1048
1085
435
-587
-1523
-2023
-2011
-1603
-1000
-401
269
1154
1940
2111
1399
-8
-1400
-2207
-2439
-2256
-1915
-1632
-1410
-1022
411
3208
5802
6622
5576
3611
1640
-185
-1510
-1801
-1475
-1280
-1176
-398
987
1770
911
-1579
-4309
-5969
-5922
-3683
-38
3407
5536
6181
6216
6062
5329
3851
1860
-378
-2534
-3801
-3545
-1997
-271
328
-197
-1070
-1831
-2139
-1900
-1184
-262
397
843
1572
2579
3187
2901
1676
-84
-1685
-2692
-2804
-2031
-930
-123
57
-256
-562
-594
-587
-679
-776
-931
-1013
-847
-443
70
261
-125
-895
-1732
-2278
-2185
-1425
-372
632
1346
1719
1956
1840
1170
206
-919
-1902
-2379
-2299
-1740
-1074
-809
-1104
-1624
-1800
-855
1506
3978
5416
5645
4667
3208
1624
118
-678
-1101
-1495
-1592
-952
430
1473
1148
-706
-2946
-4355
-4557
-2944
-53
2721
4502
4855
4627
4470
4075
3345
2232
811
-635
-1501
-1375
-544
272
149
-920
-2308
-3550
-3983
-3422
-2205
-747
495
1404
2114
2648
2811
2365
1192
-376
-1673
-2238
-1779
-586
588
1166
828
-169
-1305
-2153
-2468
-2463
-2444
-2494
-2331
-1816
-1154
-434
-32
-140
-486
-852
-774
-120
780
1602
1925
1728
1364
1091
800
252
-371
-1044
-1718
-2095
-2031
-1473
-1013
-1232
-1847
-2469
-2721
-2030
307
3801
6563
7452
6556
4827
2992
996
-539
-1242
-1503
-1452
-930
457
2113
2601
1109
-1787
-4306
-5378
-4596
-1918
1434
4013
4814
4206
3639
3401
2966
2184
1306
528
-146
-431
-215
139
-213
-1786
-3775
-5152
-5376
-4321
-2515
-571
1063
1972
2122
1883
1424
731
-21
-703
-1081
-711
342
1568
2535
2628
1438
-600
-2799
-4333
-4659
-4216
-3433
-2551
-1940
-1406
-679
64
561
701
498
211
319
869
1698
2558
2743
2243
1611
1057
766
465
-267
-1161
-1973
-2784
-3273
-3078
-2522
-2091
-2056
-2315
-2176
-1403
-287
1661
4576
7086
8064
7336
5452
3394
1268
-783
-1760
-1589
-915
-95
772
1637
1886
553
-2295
-4935
-5991
-5329
-3035
107
2949
4521
4161
2880
2045
1687
1455
1198
937
796
722
512
209
-266
-1507
-3280
-4598
-4846
-3810
-2010
-216
1197
1806
1353
292
-681
-1204
-1119
-655
-10
1063
2319
3183
3387
2665
978
-1374
-3752
-5232
-5238
-4025
-2362
-890
-29
230
274
164
-49
-128
-77
200
847
1845
2995
3671
3370
2278
975
59
-367
-673
-1174
-1901
-2652
-3286
-3614
-3340
-2538
-1642
-1090
-869
-644
-342
-5
390
1346
3357
5516
6751
6807
5711
3898
1706
-342
-1412
-1545
-1198
-603
209
1063
1338
486
-1595
-3945
-5369
-5545
-4239
-1796
642
2163
2315
1763
1517
1673
1981
2330
2653
2802
2696
2328
1695
874
-449
-2268
-3677
-4078
-3485
-2319
-1251
-639
-737
-1624
-2678
-3098
-2520
-983
1031
2925
4399
5209
5000
3710
1738
-449
-2509
-4015
-4426
-3538
-1906
-425
259
-87
-1156
-2291
-2867
-2533
-1296
514
2286
3527
4122
4001
3057
1539
50
-965
-1309
-1075
-771
-791
-1309
-2291
-3244
-3693
-3465
-2573
-1365
-272
456
568
36
-652
-1068
-797
1073
4207
6916
8196
7616
5397
2459
-438
-2203
-2302
-1441
-220
1088
2119
2393
1401
-1217
-4768
-7583
-8702
-7632
-4355
-279
2959
4313
3816
2799
2163
2064
2681
3705
4551
5018
4964
4242
2872
705
-2208
-4975
-6605
-6784
-5606
-3714
-2079
-1328
-1717
-2607
-2824
-2068
-396
1967
4181
5535
5838
5180
3761
1946
57
-1674
-2850
-3240
-2753
-1629
-767
-725
-1557
-2996
-4082
-3974
-2651
-522
1730
3260
3695
3252
2253
1077
12
-780
-967
-489
331
1110
1115
59
-1538
-3162
-4117
-3858
-2651
-1090
121
546
248
-619
-1675
-2316
-2243
-1107
1629
5125
7845
8935
7876
5037
1704
-969
-2026
-1443
-79
1384
2367
2266
998
-1288
-4552
-7784
-9546
-9166
-6367
-1909
2312
4938
5441
4263
2800
2109
2590
4185
5912
6891
6940
5766
3379
317
-3009
-5963
-7684
-7812
-6471
-4260
-2211
-1153
-1312
-2346
-3259
-3127
-1768
627
3458
5770
6801
6418
4972
2854
697
-929
-1919
-2194
-1870
-1306
-891
-1098
-2024
-3305
-4432
-4787
-4003
-2305
-291
1410
2252
2087
1402
655
90
-6
452
1280
2183
2733
2605
1554
-249
-2124
-3431
-3691
-2906
-1656
-647
-365
-858
-1950
-3243
-4096
-4157
-3197
-1089
2305
6248
9041
9820
8382
5216
1809
-577
-1165
-140
1345
2367
2448
1543
-246
-2701
-5473
-7889
-8881
-7973
-5071
-775
3225
5402
5242
3450
1540
767
1644
3806
6210
7630
7422
5675
2824
-395
-3389
-5594
-6480
-6006
-4575
-2907
-1685
-1349
-2011
-3227
-4111
-3856
-2235
401
3246
5321
6018
5170
3272
1265
-218
-763
-460
149
658
655
-131
-1459
-2925
-4249
-5036
-4960
-4068
-2535
-788
563
1236
1187
694
293
297
877
1933
2976
3522
3322
2256
573
-1133
-2404
-3023
-2954
-2376
-1708
-1481
-1887
-2593
-3316
-3773
-3688
-3025
-1822
-147
1696
3690
5925
7422
7490
6229
4196
2312
1094
544
788
1373
1532
1105
250
-908
-2204
-3641
-5055
-5457
-4465
-2470
63
2252
3139
2559
1043
-276
-316
919
2848
4888
6192
6138
4749
2340
-255
-2167
-3232
-3307
-2400
-1141
-214
-143
-1095
-2537
-3858
-4611
-4304
-2937
-1074
685
1871
2111
1473
372
-513
-590
148
1408
2555
2874
2195
737
-1120
-2751
-3584
-3513
-2758
-1622
-532
129
175
-269
-810
-1351
-1693
-1424
-563
541
1510
1946
1684
900
-203
-1178
-1602
-1455
-872
-228
130
90
-460
-1354
-2154
-2567
-2600
-2276
-1561
-715
74
644
1390
2894
4304
4929
4701
3756
2599
1699
1236
1432
2158
2856
3005
2634
1915
923
-398
-2040
-3155
-3378
-2940
-1829
-506
92
-372
-1623
-2860
-2915
-1386
1200
4008
6037
6605
5636
3537
1405
221
8
409
1009
1217
727
-327
-1858
-3503
-4709
-5352
-5368
-4766
-3824
-2859
-2266
-2160
-2276
-2278
-1823
-514
1472
3369
4445
4262
3013
1440
210
-187
274
1032
1543
1474
742
-436
-1636
-2645
-3346
-3698
-3697
-3256
-2450
-1584
-1039
-1106
-1559
-1787
-1439
-465
1085
2686
3615
3705
3123
2190
1107
87
-641
-1066
-1275
-1253
-1127
-1109
-1348
-1731
-2175
-1832
-152
1824
3313
3923
3711
3099
2596
2654
3428
4475
5170
5176
4423
3017
1363
-403
-2132
-3154
-3465
-3289
-2636
-1933
-1857
-2523
-3510
-4020
-3301
-1374
1211
3647
4993
4893
3641
1862
644
659
1459
2527
3334
3174
1937
-52
-2323
-4236
-5468
-6020
-5832
-5163
-4402
-3668
-3201
-3172
-3172
-3071
-2659
-1454
323
2124
3451
3894
3741
3712
3979
4487
4944
4712
3683
2066
-7
-1990
-3315
-4144
-4619
-4733
-4715
-4600
-4401
-4233
-3834
-3118
-2180
-727
1094
2802
4132
4759
4441
3546
2548
1672
1267
1305
1440
1352
826
-22
-962
-1993
-2900
-3331
-3322
-2900
-1724
455
2650
3825
3637
2630
1574
993
1246
2413
4063
5355
5668
5078
4044
2735
1222
-390
-1608
-2251
-2532
-2460
-2106
-2012
-2647
-3775
-4807
-5017
-4060
-2251
-134
1598
2318
1919
1045
543
931
1998
3097
3789
3689
2634
1114
-331
-1488
-2322
-3012
-3585
-4026
-4495
-4924
-5109
-4973
-4555
-3560
-2034
-157
1771
3134
3594
3196
2374
1811
1857
2349
2993
3308
2873
1798
443
-940
-1842
-2183
-2153
-1798
-1394
-1302
-1589
-1976
-2284
-2306
-1993
-1414
-589
85
410
476
425
535
983
1739
2481
2968
2884
2162
1289
561
182
80
-14
-247
-766
-1483
-2045
-1670
-478
344
503
558
972
1548
2208
3178
4183
4678
4411
3779
3130
2324
1345
238
-665
-1019
-1163
-1374
-1539
-1782
-2684
-4029
-4949
-5027
-4170
-2649
-841
750
1448
1090
198
-449
-318
525
1542
2322
2664
2273
1312
543
148
-112
-303
-470
-598
-908
-1539
-2239
-2808
-3289
-3598
-3413
-2789
-1966
-1121
-661
-573
-579
-314
477
1527
2470
3119
3287
2898
2335
1972
1717
1500
1179
596
-95
-903
-1826
-2599
-2986
-2982
-2654
-2097
-1449
-866
-529
-325
33
389
765
1285
1733
1805
1496
905
264
-13
69
341
575
537
210
-249
-265
785
2113
2612
2403
2185
1946
1540
1457
1796
2182
2185
1892
1696
1450
845
-35
-905
-1352
-1349
-1334
-1387
-1302
-1391
-2021
-2653
-2887
-2892
-2762
-2430
-1805
-1132
-748
-683
-541
53
1107
2258
3049
3360
3095
2143
940
196
-107
-402
-740
-1059
-1433
-2030
-2861
-3516
-3751
-3609
-3117
-2104
-892
-35
424
494
408
587
1133
1809
2272
2392
2229
1916
1550
1185
862
506
215
-8
-280
-404
-432
-697
-1091
-1178
-968
-695
-384
-213
-300
-468
-481
-224
73
287
384
280
60
-186
-460
-585
-254
338
685
734
558
120
-369
-273
1033
2715
3382
2891
2149
1673
1216
951
1263
1987
2504
2515
2390
2046
976
-711
-2337
-3117
-3024
-2723
-2537
-2378
-2400
-2933
-3510
-3486
-2944
-2224
-1448
-440
689
1412
1464
1179
1061
1308
1738
2033
2115
1883
1211
380
-134
-287
-469
-864
-1303
-1536
-1644
-1833
-1922
-1710
-1350
-979
-564
-86
92
-102
-436
-678
-526
181
1126
1768
2014
1974
1676
1300
1058
939
801
639
633
726
727
551
166
-323
-606
-586
-509
-398
-300
-400
-528
-522
-464
-552
-773
-1037
-1196
-1152
-1048
-882
-649
-311
131
432
433
87
-450
-749
-566
386
2210
3833
3947
2874
2073
1805
1551
1475
1797
2086
1840
1276
774
46
-1087
-2327
-3216
-3202
-2513
-2023
-2057
-2216
-2488
-3046
-3197
-2470
-1362
-477
63
531
986
1199
1087
921
1142
1797
2332
2423
2227
1765
944
163
-151
-242
-396
-609
-744
-742
-866
-1296
-1796
-2028
-1999
-1747
-1113
-304
214
313
216
132
244
709
1216
1347
1283
1257
1148
931
844
792
448
48
6
189
301
257
53
-190
-201
-17
62
25
-111
-357
-447
-248
-52
-179
-511
-828
-1173
-1536
-1748
-1784
-1749
-1561
-1082
-628
-509
-631
-791
-651
-206
735
2405
3841
3828
2729
2152
2387
2535
2396
2303
2211
1742
1028
568
115
-689
-1785
-2754
-2929
-2515
-2355
-2699
-2882
-2797
-2937
-2883
-2158
-1080
-226
239
681
1241
1633
1611
1400
1558
2114
2436
2237
1852
1399
673
46
-92
-125
-350
-637
-865
-964
-1030
-1209
-1376
-1277
-890
-427
44
564
768
487
31
-168
34
500
912
817
395
-6
-395
-571
-304
95
86
-140
96
653
1027
1054
846
587
517
767
980
960
801
458
180
89
-145
-766
-1521
-2048
-2424
-2657
-2621
-2387
-2255
-2218
-1966
-1577
-1378
-1356
-1203
-607
245
1177
2705
4269
4189
2522
1576
2201
2788
2608
2438
2527
2173
1318
708
311
-437
-1543
-2540
-2675
-1919
-1444
-1817
-2157
-2028
-2286
-2794
-2464
-1462
-691
-391
-70
572
1121
1096
638
424
867
1395
1539
1735
1991
1688
983
705
732
424
44
-75
22
175
161
35
-80
-156
-331
-503
-317
-165
-400
-889
-1305
-1387
-1116
-619
-416
-522
-562
-617
-565
-58
711
912
574
793
1532
2011
2040
1751
1318
1003
1051
1049
821
560
109
-312
-428
-561
-1172
-2060
-2656
-3021
-3284
-3143
-2614
-2213
-2112
-1892
-1588
-1462
-1446
-1396
-1023
-147
595
1463
3196
4307
3346
1761
1883
2931
2986
2610
2731
2903
2373
1555
1218
760
-109
-1164
-2040
-1773
-1077
-1252
-1913
-1996
-1876
-2560
-2961
-2341
-1581
-1233
-1238
-840
83
777
768
287
330
1021
1490
1670
1953
2023
1509
1137
1402
1577
1378
1135
1000
1019
970
625
180
-152
-472
-825
-968
-915
-901
-1141
-1639
-2073
-2020
-1362
-758
-707
-854
-941
-1059
-843
16
619
366
233
817
1556
1930
1874
1635
1526
1705
1752
1398
1045
706
174
-319
-559
-947
-1854
-2658
-3000
-3279
-3355
-3064
-2827
-2822
-2739
-2316
-1830
-1417
-1002
-622
-64
404
734
1901
3263
3195
1843
1452
2617
3203
2847
2718
2919
2755
2127
1951
2094
1802
1009
-190
-732
-408
-510
-1315
-1914
-1930
-2397
-3148
-2921
-2109
-1594
-1590
-1617
-1159
-584
-419
-650
-619
208
1182
1756
2138
2227
1751
1159
1254
1809
1992
1818
1590
1470
1422
1099
628
305
49
-251
-426
-419
-641
-1221
-1889
-2517
-2729
-2239
-1620
-1524
-1722
-1737
-1778
-1663
-731
435
725
555
1027
1839
2197
2073
1676
1291
1331
1588
1380
888
599
178
-469
-816
-930
-1410
-2067
-2194
-2023
-1958
-1827
-1764
-2012
-2372
-2377
-2077
-1793
-1444
-1126
-889
-658
-505
444
2092
2748
1823
1049
1975
3117
3280
3267
3439
3389
2806
2368
2477
2383
1779
676
-61
276
529
-84
-890
-1143
-1537
-2506
-2874
-2404
-1861
-1775
-2024
-1911
-1385
-1189
-1591
-1787
-1028
132
848
1256
1535
1405
1054
1097
1668
2088
2033
1811
1616
1480
1109
545
257
98
-150
-395
-636
-998
-1418
-1586
-1819
-2070
-1668
-1151
-1206
-1554
-1479
-1210
-1215
-766
124
505
279
179
506
735
785
778
766
1118
1556
1554
1239
1054
853
253
-224
-265
-349
-750
-1042
-1042
-1179
-1562
-1939
-2002
-1912
-1880
-1849
-1848
-1647
-1371
-1187
-939
-703
-489
-472
471
2307
2810
1627
684
1560
2709
2740
2859
3306
3374
2852
2567
2921
2814
1981
601
-413
-101
385
-108
-1203
-1752
-1894
-2386
-2577
-2112
-1618
-1638
-1835
-1443
-568
-298
-993
-1595
-1095
101
663
524
529
743
807
632
744
1110
1105
826
675
1024
1431
1269
837
257
-306
-700
-982
-986
-655
-286
-462
-1088
-1221
-1048
-1249
-1527
-1395
-944
-546
-57
366
268
122
308
469
457
567
851
924
897
941
784
569
487
371
104
-33
-41
-367
-730
-747
-765
-1114
-1401
-1374
-1311
-1300
-1247
-1255
-1321
-1276
-1102
-1058
-1032
-804
-436
-93
683
2061
2621
1772
807
1038
1860
2112
2114
2188
2098
1829
1721
2021
2066
1484
519
-259
13
733
682
-181
-972
-1298
-1723
-2020
-1785
-1442
-1450
-1762
-1647
-942
-554
-1013
-1670
-1514
-584
223
498
571
656
600
402
419
724
810
473
118
189
552
628
415
103
-211
-250
-83
1
-99
-252
-364
-518
-341
106
164
-192
-517
-462
-243
-66
87
113
310
771
1022
823
451
248
117
67
315
589
578
376
220
174
35
-296
-665
-796
-667
-571
-643
-785
-987
-1270
-1416
-1249
-885
-646
-669
-757
-752
-697
-674
-644
-496
-370
8
1125
2026
1600
458
293
1168
1715
1777
1792
1699
1348
939
984
1274
1317
880
89
-121
408
712
214
-542
-780
-813
-902
-806
-595
-598
-1023
-1419
-1204
-687
-664
-1171
-1525
-1280
-775
-499
-433
-405
-222
103
425
808
1090
1052
643
240
374
730
913
843
535
242
42
-8
22
65
105
-105
-305
-161
63
57
-83
-77
-9
79
305
529
605
575
486
302
178
224
207
-25
-216
-138
-32
-45
-90
-204
-369
-568
-756
-961
-1176
-1227
-1062
-781
-596
-579
-549
-494
-455
-466
-535
-586
-545
-358
-158
-30
-36
-278
-688
-547
301
793
356
-138
177
722
876
963
1140
1247
1242
1389
1857
2256
2159
1268
167
-97
374
726
412
-230
-774
-1179
-1283
-1164
-988
-993
-1234
-1274
-793
-195
-156
-673
-1065
-852
-243
304
494
321
75
-48
81
417
668
601
222
-5
266
839
1224
941
273
-117
-3
380
687
779
501
27
-70
289
632
596
286
-36
-163
60
463
613
384
21
-267
-411
-433
-443
-571
-707
-647
-485
-412
-476
-600
-698
-686
-474
-194
-100
-230
-406
-453
-403
-350
-337
-414
-561
-690
-704
-645
-689
-859
-959
-841
-600
-451
-461
-454
-309
137
728
960
636
222
330
783
1118
1262
1157
849
569
640
1081
1417
1373
916
351
189
466
775
625
97
-406
-694
-654
-389
-171
-282
-756
-1140
-1006
-535
-258
-442
-847
-984
-636
-43
339
318
145
55
141
375
603
645
431
213
298
693
1135
1168
705
196
71
370
725
810
579
264
188
317
414
380
174
-188
-518
-486
-123
69
-197
-659
-904
-786
-533
-438
-550
-706
-721
-631
-516
-392
-353
-443
-567
-519
-236
39
92
-57
-226
-254
-169
-89
-145
-348
-542
-586
-445
-235
-160
-306
-573
-746
-705
-555
-462
-516
-608
-374
251
749
650
180
-2
199
480
708
856
882
727
595
754
1141
1436
1275
738
322
365
693
797
519
69
-319
-467
-291
78
218
-120
-614
-770
-556
-315
-272
-430
-622
-649
-437
-146
24
91
108
112
201
438
714
781
675
651
843
1151
1310
1202
904
614
503
572
684
625
355
19
-197
-234
-247
-409
-733
-1007
-1045
-896
-767
-789
-896
-959
-910
-763
-584
-454
-440
-518
-594
-576
-447
-293
-186
-164
-152
-71
27
65
24
-20
-60
-84
-61
-30
-63
-213
-402
-522
-511
-398
-332
-412
-606
-807
-943
-965
-836
-641
-501
-408
-180
156
328
242
124
205
411
638
893
1102
1164
1080
1033
1164
1436
1645
1473
956
515
491
757
859
601
133
-282
-472
-435
-271
-207
-358
-614
-749
-610
-253
106
214
73
-42
100
453
800
978
911
700
591
716
925
956
761
489
342
396
504
497
320
68
-134
-250
-326
-449
-599
-716
-821
-936
-1012
-982
-954
-1046
-1174
-1192
-1063
-879
-721
-615
-530
-421
-305
-238
-213
-161
-74
-15
4
27
45
36
26
32
-2
-107
-216
-261
-248
-213
-181
-210
-313
-418
-459
-440
-430
-461
-517
-560
-539
-483
-426
-372
-330
-306
-280
-198
-46
176
460
684
722
635
632
765
893
958
1001
1035
1025
965
910
896
914
866
677
431
287
323
470
585
571
426
246
156
203
327
411
397
305
213
209
326
501
597
534
370
231
193
262
376
416
325
158
-2
-114
-212
-320
-446
-570
-662
-717
-753
-828
-956
-1074
-1119
-1078
-1029
-1014
-1026
-1028
-983
-898
-808
-763
-742
-695
-590
-438
-292
-194
-132
-55
51
161
256
321
335
286
223
215
263
310
275
135
-61
-234
-302
-271
-205
-183
-212
-244
-259
-231
-143
-37
-1
-52
-88
-40
79
176
196
162
132
149
188
221
231
190
109
109
263
453
489
363
234
194
232
334
472
591
627
586
547
575
693
812
816
706
597
608
718
833
882
828
697
561
503
513
505
447
357
258
171
131
147
150
67
-97
-270
-382
-409
-387
-380
-452
-631
-849
-1033
-1142
-1185
-1187
-1190
-1242
-1307
-1323
-1279
-1209
-1130
-1036
-945
-866
-761
-600
-385
-159
14
89
99
143
242
335
371
379
391
383
347
318
335
357
328
256
169
112
94
93
44
-60
-139
-135
-66
13
88
146
168
161
159
211
312
407
445
433
424
418
383
334
275
198
70
-110
-298
-445
-534
-573
-572
-539
-491
-435
-348
-213
-73
15
54
87
148
254
409
583
745
873
963
1038
1123
1214
1261
1225
1147
1106
1142
1202
1199
1086
885
655
461
331
226
87
-114
-355
-610
-830
-949
-968
-975
-1027
-1101
-1144
-1148
-1134
-1118
-1093
-1049
-1009
-994
-998
-990
-937
-839
-725
-625
-558
-517
-473
-404
-307
-205
-118
-33
61
133
149
126
87
45
26
60
145
234
275
253
191
147
167
253
363
459
525
561
568
568
588
621
617
553
458
375
310
270
248
239
215
171
126
87
52
5
-64
-143
-218
-276
-325
-382
-457
-556
-657
-719
-715
-655
-574
-497
-424
-345
-261
-171
-80
31
191
392
574
698
792
887
959
982
971
967
983
1009
1032
1046
1051
1050
1004
883
713
557
430
284
100
-90
-255
-396
-530
-648
-744
-814
-878
-953
-1025
-1060
-1019
-910
-775
-670
-622
-611
-594
-541
-469
-411
-382
-377
-381
-400
-418
-409
-379
-353
-327
-269
-192
-148
-127
-77
3
63
70
50
31
27
42
73
104
138
185
250
324
388
421
408
376
355
363
402
472
536
547
487
390
287
192
109
49
17
-2
-31
-74
-116
-144
-171
-206
-250
-299
-347
-381
-394
-385
-368
-354
-352
-356
-337
-297
-237
-156
-44
90
209
315
422
520
593
629
647
663
686
732
792
833
825
764
673
565
473
416
374
312
238
177
136
111
95
61
-28
-173
-323
-423
-465
-483
-509
-550
-588
-598
-574
-532
-507
-510
-521
-523
-499
-436
-344
-255
-195
-175
-186
-209
-224
-224
-216
-210
-211
-227
-258
-294
-316
-322
-324
-329
-327
-307
-274
-244
-208
-160
-120
-94
-74
-43
-1
42
95
170
262
353
425
479
511
518
497
453
404
360
333
326
322
295
238
173
119
69
10
-42
-69
-73
-63
-35
15
70
103
107
101
110
136
174
213
259
307
342
358
363
371
383
396
416
433
433
420
396
356
304
241
168
75
-37
-150
-249
-310
-320
-292
-281
-329
-428
-530
-605
-637
-623
-570
-490
-410
-348
-306
-275
-246
-219
-194
-155
-94
-22
32
61
85
123
163
182
167
122
59
-1
-47
-79
-95
-90
-82
-98
-168
-284
-404
-487
-512
-494
-445
-390
-355
-356
-386
-413
-404
-354
-292
-236
-188
-142
-90
-24
59
145
205
232
236
244
273
326
391
453
501
537
565
582
584
573
549
514
479
460
461
471
473
452
402
340
295
281
288
307
326
340
344
347
355
355
329
277
216
162
119
93
79
65
41
2
-57
-123
-200
-287
-371
-452
-520
-576
-623
-657
-685
-715
-757
-805
-834
-835
-797
-725
-633
-526
-426
-344
-275
-218
-158
-88
-15
46
102
168
243
311
363
392
393
369
335
304
286
270
243
201
153
107
64
15
-39
-103
-175
-246
-304
-345
-371
-378
-375
-372
-376
-384
-382
-353
-296
-228
-155
-98
-54
-17
25
80
148
221
287
340
383
409
427
440
444
436
431
445
471
493
504
509
511
508
504
504
513
521
520
512
496
482
470
460
442
413
369
310
240
166
94
32
-18
-62
-125
-205
-292
-382
-481
-587
-669
-726
-759
-769
-764
-738
-704
-669
-635
-600
-572
-549
-527
-501
-473
-437
-406
-375
-351
-342
-351
-361
-364
-367
-354
-318
-246
-144
-40
60
139
185
199
202
220
246
272
288
297
319
354
389
410
411
394
352
288
222
180
168
168
170
164
144
109
72
48
34
23
24
29
43
74
122
168
189
184
160
133
116
117
136
166
197
222
229
221
215
216
221
216
207
211
236
273
314
348
367
375
371
359
341
317
288
247
197
144
94
44
-4
-54
-119
-193
-272
-338
-386
-423
-456
-494
-546
-605
-650
-667
-664
-645
-618
-589
-556
-525
-500
-482
-461
-444
-421
-376
-312
-234
-161
-99
-47
-12
11
19
21
22
19
14
-4
-26
-49
-71
-82
-94
-115
-139
-153
-152
-138
-112
-69
-10
49
90
121
154
195
240
289
348
410
471
523
561
582
583
568
533
488
444
411
391
376
356
319
267
205
142
83
35
6
-10
-17
-16
2
31
58
70
67
61
63
74
88
108
130
155
173
175
157
129
101
77
50
22
-12
-50
-92
-135
-176
-220
-264
-303
-329
-337
-328
-311
-296
-300
-315
-329
-330
-324
-315
-310
-311
-314
-306
-284
-253
-222
-192
-168
-159
-157
-153
-142
-123
-97
-75
-62
-48
-36
-22
-18
-22
-29
-40
-45
-51
-47
-43
-38
-31
-31
-30
-33
-39
-46
-48
-35
-17
1
18
33
52
75
106
137
164
196
242
299
339
355
357
355
353
349
346
340
333
331
337
341
337
319
277
222
169
134
122
123
126
126
115
89
52
28
19
18
18
7
-10
-32
-41
-38
-32
-31
-39
-57
-82
-103
-119
-135
-155
-172
-185
-200
-219
-236
-244
-243
-236
-223
-215
-218
-226
-232
-236
-239
-235
-222
-203
-178
-151
-126
-109
-93
-73
-46
-19
-1
4
-6
-25
-38
-39
-23
-6
7
13
8
-4
-20
-29
-35
-37
-38
-35
-31
-36
-45
-60
-63
-59
-55
-50
-43
-35
-23
-2
24
50
66
68
62
54
53
60
71
86
102
115
122
125
125
122
124
131
138
142
147
162
181
181
159
131
113
101
101
107
117
131
147
162
170
170
159
133
101
75
62
62
65
70
73
72
68
63
59
52
40
28
13
-6
-19
-17
-6
2
-5
-32
-71
-106
-130
-138
-138
-136
-140
-153
-167
-176
-178
-176
-176
-178
-173
-163
-150
-138
-121
-105
-94
-87
-83
-80
-68
-44
-17
3
12
12
6
1
-2
-5
-17
-33
-44
-53
-55
-53
-50
-55
-72
-94
-120
-142
-159
-164
-156
-141
-127
-112
-94
-78
-65
-56
-48
-33
-7
26
66
107
141
165
174
177
177
178
173
165
157
147
131
112
94
76
59
41
15
-16
-46
-64
-65
-53
-31
-7
3
-3
-13
-21
-18
-1
29
64
104
151
201
247
292
330
352
353
340
332
333
339
344
340
324
293
257
213
157
98
46
0
-48
-92
-130
-170
-217
-269
-316
-352
-376
-387
-395
-408
-422
-437
-446
-446
-431
-401
-364
-331
-299
-269
-233
-193
-146
-103
-69
-46
-30
-14
3
23
43
59
65
57
44
31
22
17
11
2
-9
-16
-21
-22
-17
-6
6
17
23
28
39
62
97
135
168
190
204
214
228
246
267
286
295
297
292
284
269
250
224
194
163
130
92
53
14
-14
-38
-55
-68
-77
-87
-100
-114
-127
-140
-148
-147
-132
-102
-65
-20
36
93
141
171
194
210
221
231
244
257
271
277
271
254
226
182
118
41
-35
-100
-151
-189
-221
-251
-280
-308
-336
-358
-378
-394
-408
-419
-429
-430
-418
-394
-367
-342
-320
-303
-283
-258
-227
-196
-161
-125
-93
-69
-45
-19
6
29
46
66
87
106
122
133
144
145
144
143
144
149
158
170
181
194
209
220
228
228
226
223
219
216
214
210
207
203
200
195
190
185
171
151
123
94
64
32
5
-17
-33
-41
-41
-42
-42
-37
-31
-25
-13
1
16
29
42
53
60
63
64
63
58
53
45
33
16
1
-12
-27
-44
-65
-84
-101
-117
-127
-130
-129
-126
-128
-141
-160
-179
-195
-206
-205
-194
-178
-159
-141
-129
-127
-127
-130
-132
-129
-121
-106
-89
-78
-73
-73
-75
-73
-66
-63
-66
-75
-81
-80
-71
-57
-40
-27
-17
-10
0
22
52
82
113
141
166
188
208
226
245
265
285
297
303
307
307
302
287
265
235
203
175
151
128
103
73
43
14
-7
-20
-32
-44
-55
-64
-69
-71
-71
-68
-61
-50
-40
-32
-24
-14
-4
9
20
28
38
46
49
49
43
38
27
12
-4
-22
-43
-64
-89
-114
-136
-157
-174
-196
-222
-248
-276
-301
-316
-316
-306
-292
-279
-264
-251
-236
-220
-202
-183
-165
-141
-117
-96
-71
-44
-23
-9
-1
7
13
20
24
33
46
63
80
92
99
99
96
96
94
95
101
111
123
136
149
158
164
171
179
190
207
223
236
244
251
259
266
271
271
266
261
253
241
229
212
193
168
141
110
79
49
22
1
-17
-33
-48
-64
-80
-86
-90
-92
-92
-89
-83
-75
-65
-55
-42
-34
-29
-28
-29
-31
-32
-37
-46
-62
-85
-109
-132
-152
-169
-185
-203
-217
-231
-243
-250
-256
-255
-250
-247
-241
-235
-227
-219
-210
-200
-187
-172
-155
-139
-120
-99
-80
-62
-43
-25
-11
4
18
31
44
52
61
71
77
83
86
87
84
85
88
92
94
94
90
83
77
73
77
85
99
114
134
158
182
207
225
240
255
267
278
286
293
297
296
286
267
243
216
191
166
137
110
78
45
15
-12
-31
-46
-57
-67
-74
-77
-79
-78
-75
-69
-64
-60
-55
-54
-54
-55
-55
-55
-54
-56
-63
-75
-88
-105
-123
-138
-154
-171
-185
-203
-222
-243
-262
-280
-297
-311
-320
-325
-324
-320
-314
-306
-291
-269
-243
-216
-190
-164
-134
-102
-68
-35
-5
21
45
69
94
118
138
159
178
189
196
203
206
206
206
202
200
196
191
183
178
171
165
164
167
173
177
184
191
199
206
211
216
218
221
221
220
217
210
198
185
167
149
132
115
99
82
69
54
34
11
-15
-45
-69
-94
-114
-136
-151
-168
-183
-197
-202
-210
-215
-220
-223
-216
-205
-185
-168
-152
-134
-119
-105
-97
-87
-73
-62
-49
-37
-29
-24
-18
-13
-16
-17
-25
-43
-58
-76
-91
-105
-118
-127
-137
-143
-148
-157
-161
-162
-156
-147
-131
-109
-88
-70
-50
-27
-3
23
43
62
81
97
110
121
133
146
157
165
172
175
174
171
168
167
169
167
161
151
143
135
130
125
122
117
112
106
98
94
90
86
79
69
60
46
31
18
6
-5
-12
-21
-30
-44
-59
-71
-82
-96
-109
-115
-122
-126
-130
-130
-130
-130
-128
-125
-120
-117
-113
-110
-105
-97
-86
-76
-69
-60
-47
-37
-24
-12
1
11
23
37
48
58
70
79
89
99
106
109
113
117
123
129
135
139
140
135
127
121
113
106
96
84
67
49
29
8
-11
-26
-39
-54
-71
-87
-98
-111
-119
-128
-134
-142
-151
-156
-161
-163
-159
-158
-155
-149
-139
-128
-119
-103
-86
-69
-52
-38
-20
-4
10
24
41
58
67
76
84
87
88
92
89
88
85
82
75
71
64
54
45
34
28
21
15
10
7
4
6
13
11
12
11
12
17
23
26
29
32
33
34
38
41
40
38
37
40
42
43
42
42
40
31
26
26
20
14
10
9
6
6
6
5
6
2
1
1
-1
-3
-2
-4
-2
1
4
6
5
8
13
15
11
11
9
4
-4
-8
-15
-22
-26
-34
-45
-58
-72
-86
-99
-112
-127
-135
-146
-156
-163
-166
-165
-162
-158
-156
-154
-149
-135
-123
-107
-94
-79
-62
-42
-22
-2
18
35
54
69
85
95
106
114
118
125
132
135
134
135
133
131
128
127
126
120
112
99
94
84
80
78
75
74
73
71
63
56
52
51
48
47
44
38
34
31
29
29
29
28
23
18
11
1
-6
-13
-23
-25
-32
-37
-44
-51
-54
-56
-57
-59
-62
-64
-65
-67
-65
-60
-53
-47
-43
-41
-40
-38
-38
-35
-28
-21
-18
-17
-17
-19
-16
-17
-17
-18
-19
-24
-26
-29
-31
-35
-41
-49
-57
-62
-64
-69
-74
-74
-77
-76
-78
-80
-83
-82
-79
-74
-67
-58
-55
-53
-49
-39
-28
-21
-10
-2
6
15
25
37
49
63
75
86
92
96
103
108
110
113
117
117
116
113
114
117
119
122
125
125
125
126
126
127
124
118
115
110
103
99
89
76
68
59
51
39
28
11
-4
-15
-28
-40
-56
-72
-87
-103
-120
-131
-141
-149
-151
-154
-159
-160
-162
-160
-152
-148
-142
-136
-131
-127
-120
-108
-101
-96
-90
-80
-72
-61
-50
-40
-32
-25
-20
-13
-3
2
5
9
17
22
30
38
45
47
54
59
61
60
68
70
66
70
73
70
74
79
79
78
80
76
71
71
69
66
63
60
58
58
57
54
49
46
44
40
34
34
34
32
26
24
24
24
26
22
24
23
20
16
16
16
17
17
16
13
11
13
9
9
7
0
-4
-4
-8
-13
-15
-26
-36
-42
-48
-56
-56
-64
-71
-75
-78
-84
-91
-98
-105
-106
-111
-114
-115
-114
-118
-117
-116
-116
-119
-116
-110
-108
-103
-95
-86
-79
-65
-53
-43
-35
-22
-12
-3
7
20
30
39
50
62
70
76
82
85
92
95
99
105
107
104
108
110
108
109
114
111
112
113
115
119
118
114
115
114
110
107
102
96
93
86
76
68
55
43
40
35
22
13
9
-9
-24
-26
-35
-44
-50
-53
-59
-68
-69
-72
-76
-81
-82
-79
-82
-84
-81
-75
-74
-67
-63
-65
-64
-61
-61
-59
-59
-59
-57
-53
-56
-61
-59
-64
-62
-57
-58
-52
-47
-50
-52
-52
-53
-52
-50
-52
-51
-48
-47
-47
-42
-40
-38
-33
-30
-27
-22
-16
-13
-5
3
6
13
20
28
32
38
43
45
47
55
60
64
71
76
77
82
83
84
87
91
91
92
96
97
98
101
101
96
96
96
92
95
102
98
94
87
82
77
73
70
62
57
56
52
47
43
37
26
12
6
-2
-8
-9
-15
-26
-32
-39
-51
-60
-67
-75
-87
-93
-96
-107
-114
-119
-125
-130
-131
-128
-129
-128
-124
-122
-119
-115
-115
-110
-106
-99
-91
-83
-75
-73
-70
-64
-59
-54
-48
-40
-34
-29
-24
-19
-15
-10
-4
-2
3
9
13
16
19
25
29
35
40
43
48
52
53
57
62
68
68
70
76
80
87
93
96
95
96
98
95
97
100
102
99
96
91
88
84
80
74
68
66
62
55
48
46
38
34
32
30
29
28
27
19
16
14
11
6
1
-5
-11
-17
-18
-23
-29
-37
-44
-47
-52
-52
-56
-62
-69
-75
-78
-79
-84
-86
-88
-88
-90
-93
-90
-90
-93
-93
-92
-94
-93
-89
-87
-85
-79
-74
-70
-65
-62
-57
-51
-44
-38
-35
-26
-18
-11
-4
8
15
20
26
30
32
39
47
52
57
60
58
56
57
57
57
56
58
58
60
63
63
62
65
68
66
67
68
67
62
62
61
58
55
53
49
44
44
37
31
29
28
25
23
23
22
22
18
12
6
5
1
-2
-5
-6
-10
-13
-11
-15
-15
-17
-18
-18
-16
-15
-15
-15
-13
-14
-16
-17
-19
-22
-22
-25
-28
-27
-31
-36
-41
-43
-42
-46
-47
-47
-47
-51
-52
-51
-54
-54
-51
-50
-49
-43
-37
-36
-35
-33
-30
-32
-32
-27
-29
-31
-28
-27
-25
-24
-23
-24
-23
-20
-19
-10
-6
-3
5
7
11
16
24
33
30
39
46
48
55
57
59
61
61
64
61
61
61
55
52
49
48
50
42
39
39
34
28
25
22
22
14
7
6
3
4
-2
-2
0
-7
-4
-5
-8
-4
-3
-6
-11
-6
-4
-7
-6
1
-2
-3
-3
-2
-2
1
2
-3
1
1
-3
-7
-4
-4
-11
-8
-8
-11
-11
-10
-18
-18
-12
-12
-12
-13
-8
-9
-7
-7
-13
-14
-13
-15
-17
-18
-18
-19
-23
-22
-20
-20
-22
-26
-26
-23
-23
-24
-22
-19
-24
-24
-22
-22
-23
-25
-24
-27
-30
-22
-19
-26
-13
-7
-12
-8
7
10
3
13
20
17
23
31
24
30
35
32
29
34
38
31
35
39
33
33
37
28
24
26
26
20
18
23
18
19
20
20
21
18
17
18
16
17
19
16
17
13
12
7
10
8
7
2
-3
-2
-5
-8
-12
-10
-5
-9
-17
-13
-15
-17
-22
-19
-19
-21
-15
-19
-22
-18
-18
-23
-22
-13
-14
-16
-11
-10
-8
-8
-6
-6
-7
-2
-3
-11
-9
-10
-15
-15
-20
-21
-20
-24
-28
-30
-28
-28
-33
-31
-25
-24
-19
-21
-19
-13
-20
-15
-13
-16
-13
-15
-14
-10
-8
-5
-10
-6
2
2
5
6
11
13
8
8
11
10
18
15
18
26
26
34
37
36
42
50
47
44
49
53
49
50
55
58
61
59
60
59
58
53
51
50
44
41
34
26
28
23
19
14
5
2
-8
-16
-22
-24
-24
-29
-33
-37
-38
-41
-46
-39
-39
-40
-35
-34
-34
-39
-42
-42
-50
-41
-39
-45
-39
-36
-37
-38
-38
-32
-28
-29
-24
-23
-22
-12
-19
-17
-12
-17
-6
-9
-4
2
0
5
4
4
13
7
10
12
12
19
19
17
20
15
13
14
14
17
17
13
10
7
7
4
0
0
2
1
-1
1
2
-1
0
-3
-5
-5
-3
-5
-6
5
1
0
6
4
11
16
13
15
16
19
17
15
23
26
25
28
29
30
27
29
32
27
28
31
23
20
19
10
5
-3
-10
-9
-10
-12
-8
-11
-19
-20
-23
-23
-25
-29
-27
-24
-27
-30
-26
-28
-31
-31
-30
-38
-37
-35
-38
-38
-36
-40
-37
-37
-37
-29
-32
-27
-23
-23
-16
-13
-16
-10
-7
-2
4
9
18
24
26
29
26
30
38
37
44
50
52
57
56
57
61
57
60
59
56
59
54
47
45
39
35
30
26
26
24
24
22
15
17
11
5
7
3
3
0
-3
1
2
3
-1
-6
-7
-13
-17
-19
-21
-23
-27
-29
-29
-27
-30
-32
-33
-34
-32
-30
-31
-30
-28
-30
-39
-42
-41
-44
-43
-39
-38
-37
-30
-31
-33
-29
-27
-26
-23
-23
-25
-23
-24
-23
-23
-21
-21
-24
-21
-21
-22
-21
-22
-19
-18
-14
-14
-14
-11
-11
-11
-5
0
5
11
14
18
19
20
23
31
32
36
39
42
48
48
49
48
49
51
49
52
52
51
49
45
41
44
42
41
42
42
43
42
44
41
41
40
36
33
29
26
23
16
10
9
2
-2
-3
-6
-7
-8
-14
-19
-21
-23
-30
-33
-36
-41
-41
-45
-47
-48
-49
-52
-56
-55
-54
-54
-53
-53
-49
-46
-44
-42
-39
-34
-32
-31
-27
-23
-22
-21
-18
-15
-14
-13
-9
-7
-5
-3
-1
1
3
7
9
10
11
15
15
15
20
18
19
26
27
27
32
31
30
29
30
30
31
35
35
36
37
37
39
41
41
39
40
39
38
35
32
32
33
30
26
26
22
20
15
11
8
6
2
-2
-4
-4
-4
-5
-7
-8
-9
-8
-8
-7
-7
-7
-7
-10
-12
-14
-17
-18
-22
-24
-24
-26
-31
-34
-36
-41
-43
-41
-45
-45
-45
-48
-53
-53
-55
-55
-54
-50
-48
-46
-43
-42
-40
-38
-34
-32
-29
-25
-25
-25
-19
-18
-17
-16
-13
-8
-8
-3
-2
1
3
5
5
8
13
17
20
21
25
28
34
39
41
45
47
48
51
52
55
57
58
59
58
57
57
55
53
54
52
49
46
46
44
38
35
34
31
30
29
27
25
23
20
19
14
12
11
8
7
7
4
5
4
3
2
-3
-4
-6
-8
-8
-9
-10
-10
-11
-12
-15
-17
-20
-22
-25
-28
-32
-35
-39
-43
-47
-48
-51
-53
-52
-50
-48
-46
-45
-44
-43
-46
-44
-47
-44
-43
-44
-44
-44
-43
-42
-41
-41
-38
-36
-35
-34
-30
-24
-21
-17
-14
-9
-6
-2
2
7
10
13
17
21
24
27
30
34
38
40
44
46
49
52
54
55
59
59
58
57
56
54
52
46
42
38
33
26
21
17
12
8
4
1
-3
-8
-13
-13
-15
-15
-12
-11
-12
-8
-6
-5
-5
-4
-3
-2
0
1
0
0
-1
-2
-2
-2
-3
-1
-1
-1
-3
-3
-5
-6
-4
-5
-5
-5
-4
-4
-5
-4
-3
-1
-2
-3
-2
-1
-2
-2
-1
-1
-2
-4
-7
-10
-11
-13
-14
-13
-14
-16
-18
-21
-23
-24
-25
-26
-25
-25
-23
-23
-23
-22
-22
-20
-20
-18
-14
-10
-6
-1
3
6
7
11
13
17
20
20
22
23
24
23
22
19
18
15
13
11
11
11
9
9
7
6
6
3
1
1
2
1
0
-1
-2
-3
-4
-4
-4
-4
-3
-3
-3
-1
3
4
6
8
8
11
15
16
16
17
16
15
13
12
11
10
12
13
15
18
20
22
23
24
25
26
26
23
20
20
20
18
16
12
10
7
3
1
-4
-7
-9
-14
-18
-21
-26
-28
-31
-34
-37
-39
-42
-44
-45
-45
-47
-48
-49
-48
-47
-47
-45
-45
-45
-44
-43
-42
-38
-36
-34
-30
-27
-23
-21
-16
-12
-8
-5
-2
2
5
7
10
14
16
18
20
23
26
29
29
30
32
33
36
37
38
38
40
40
40
40
40
40
41
39
37
36
33
30
28
24
21
20
17
18
17
17
18
17
18
18
18
19
21
21
21
21
21
20
18
15
12
10
6
2
0
-3
-6
-9
-11
-12
-15
-16
-16
-18
-19
-20
-21
-23
-25
-26
-28
-29
-29
-29
-31
-32
-35
-38
-40
-42
-45
-48
-48
-48
-48
-47
-44
-42
-41
-38
-35
-32
-28
-25
-23
-21
-19
-18
-16
-13
-10
-8
-6
-2
1
5
8
9
12
16
19
24
26
30
32
33
36
37
39
38
38
38
38
35
35
35
35
35
35
34
33
32
31
29
28
26
23
22
20
18
16
15
13
11
10
8
7
4
3
2
0
-1
-2
-4
-5
-7
-8
-9
-9
-8
-10
-9
-7
-8
-9
-9
-8
-9
-10
-10
-12
-12
-12
-13
-15
-17
-19
-22
-24
-25
-26
-25
-24
-24
-24
-26
-26
-26
-26
-27
-27
-25
-24
-23
-23
-23
-22
-22
-19
-17
-15
-13
-11
-9
-6
-4
0
2
5
9
10
11
13
14
15
17
16
16
18
19
19
20
21
22
23
23
24
25
26
25
25
25
25
25
26
25
25
24
23
22
21
22
20
19
19
17
17
17
17
15
12
11
9
6
4
2
0
-2
-3
-3
-3
-4
-6
-9
-11
-10
-11
-10
-11
-12
-13
-15
-17
-18
-18
-18
-18
-20
-20
-22
-23
-23
-23
-23
-24
-25
-27
-28
-27
-27
-28
-27
-26
-25
-25
-25
-24
-21
-20
-18
-16
-14
-13
-10
-9
-6
-1
1
3
4
6
8
10
13
15
19
21
24
25
25
25
27
28
28
28
29
28
27
27
26
24
23
23
22
20
18
17
14
12
10
9
7
5
5
5
4
2
1
0
-2
-4
-3
-4
-5
-6
-6
-6
-6
-6
-7
-6
-7
-8
-7
-7
-8
-9
-9
-9
-9
-10
-10
-10
-11
-11
-10
-10
-10
-9
-9
-8
-8
-9
-8
-7
-7
-7
-7
-8
-9
-10
-10
-10
-10
-8
-9
-9
-10
-10
-8
-8
-8
-7
-8
-7
-7
-6
-5
-3
-2
-3
-2
-1
0
3
6
7
9
10
13
14
15
16
17
16
16
17
17
17
16
15
15
16
16
16
16
17
16
17
16
16
15
14
12
10
8
6
5
5
4
2
1
0
-1
-1
-2
-3
-3
-5
-6
-6
-5
-6
-7
-9
-10
-10
-10
-11
-11
-10
-11
-9
-8
-10
-9
-8
-8
-9
-8
-8
-8
-9
-10
-9
-9
-10
-9
-10
-9
-10
-10
-10
-10
-10
-9
-9
-9
-9
-9
-9
-10
-9
-10
-10
-10
-9
-9
-8
-9
-9
-8
-7
-7
-6
-5
-4
-2
-2
-1
0
1
1
3
5
6
5
7
8
10
11
13
14
16
16
17
18
18
21
21
23
22
21
21
21
22
22
21
19
17
16
14
14
14
13
12
12
11
10
9
8
8
6
4
3
1
-1
0
-2
-4
-6
-7
-9
-9
-9
-10
-10
-11
-12
-12
-11
-12
-13
-13
-14
-15
-14
-15
-16
-16
-19
-17
-18
-18
-17
-17
-16
-15
-14
-13
-13
-11
-10
-9
-7
-7
-8
-6
-6
-5
-3
-4
-3
-2
-3
-1
-1
-1
-1
0
3
4
5
5
7
7
9
10
11
9
10
10
10
12
11
11
12
11
12
13
13
13
11
11
10
10
9
9
9
9
9
9
9
8
8
6
5
5
5
4
4
4
5
3
2
1
-1
-2
-2
-2
-2
-4
-6
-7
-8
-9
-10
-12
-12
-12
-10
-12
-13
-13
-14
-13
-13
-13
-11
-12
-10
-9
-9
-9
-7
-7
-6
-4
-3
-5
-2
-1
-1
0
1
1
1
1
1
1
1
0
0
0
0
0
1
2
3
5
5
5
5
4
4
3
2
4
2
3
3
4
5
3
3
4
2
3
4
5
6
5
4
3
4
4
3
3
2
3
2
2
2
1
-1
0
2
0
0
1
2
2
1
1
3
4
3
3
2
3
4
5
6
5
5
4
6
7
6
6
5
6
3
5
5
4
5
5
5
5
6
5
5
5
4
2
2
2
2
1
2
1
2
1
0
-1
-3
-4
-5
-6
-6
-8
-9
-9
-10
-12
-13
-12
-13
-14
-14
-15
-15
-15
-15
-16
-17
-18
-17
-16
-16
-16
-15
-14
-14
-14
-12
-11
-10
-9
-10
-7
-5
-5
-4
-4
-2
-2
-1
0
0
2
2
2
5
6
7
8
10
10
9
12
12
13
13
12
14
15
16
15
14
15
15
14
13
13
15
15
14
13
12
11
10
11
10
9
10
8
8
7
6
7
6
5
5
3
3
3
2
2
1
0
2
2
2
1
0
0
1
0
-1
-1
-2
-3
-4
-4
-4
-4
-6
-6
-8
-9
-10
-11
-12
-11
-13
-15
-15
-15
-16
-15
-16
-15
-13
-12
-11
-11
-8
-8
-7
-6
-7
-6
-6
-6
-6
-5
-3
-3
-2
-2
-1
0
0
1
1
1
2
2
3
3
2
2
3
3
3
4
5
6
7
6
8
9
8
7
7
7
7
7
7
6
6
7
6
6
5
6
4
5
6
6
5
5
5
4
3
1
0
0
-1
-1
-2
-1
-1
0
0
0
1
1
1
1
1
2
2
4
4
5
4
3
2
3
3
2
3
2
0
-1
-2
-2
-2
-3
-3
-4
-3
-5
-5
-5
-6
-7
-6
-7
-7
-7
-8
-9
-9
-9
-10
-11
-10
-11
-11
-11
-12
-10
-9
-9
-8
-7
-8
-7
-8
-8
-8
-6
-6
-7
-6
-6
-5
-3
-2
-2
-2
-1
1
1
2
2
1
3
5
6
7
9
10
12
10
11
13
14
14
14
15
16
15
14
16
16
16
16
15
15
14
13
12
12
11
10
9
9
8
8
7
6
6
4
5
4
3
3
2
1
1
-1
-3
-4
-4
-5
-7
