2
-3
-2
-2
-2
-3
-5
-3
-1
-2
-1
1
2
1
2
2
0
-1
1
2
2
2
2
4
3
3
4
3
2
3
3
4
4
4
4
7
7
6
7
6
5
5
5
6
8
8
7
6
5
5
6
7
5
3
3
1
0
0
0
-1
-1
-3
-3
-4
-1
0
0
-3
-4
-5
-6
-5
-5
-4
-4
-5
-5
-6
-6
-5
-3
-3
-4
-5
-6
-6
-6
-7
-8
-6
-4
-3
-4
-3
-2
-2
0
0
-1
1
3
2
1
3
4
5
4
4
4
4
5
4
4
5
4
2
1
2
3
2
2
2
2
3
1
0
-1
0
0
-2
0
1
2
1
0
-1
-3
-3
-3
-2
-3
-5
-4
-3
-3
-3
-3
-3
-4
-4
-4
-5
-5
-5
-5
-4
-4
-5
-5
-6
-3
-3
-5
-6
-5
-5
-4
-3
-3
-2
-1
-1
-2
-2
-2
-4
-3
1
3
2
1
0
2
2
3
2
0
0
0
2
4
4
4
4
3
2
2
4
5
4
3
2
4
6
8
10
8
7
9
9
10
10
11
12
12
11
9
7
6
5
5
5
5
5
6
4
1
0
1
2
2
-1
-2
-2
-5
-6
-5
-5
-6
-6
-5
-5
-4
-5
-7
-7
-6
-6
-7
-7
-4
-4
-4
-3
-2
-5
-6
-5
-2
-1
-3
-4
-3
-3
-1
-1
2
-1
-1
0
-1
-1
0
-1
-4
-2
0
1
1
0
2
2
3
1
2
1
1
0
1
2
0
0
0
1
0
0
0
0
1
2
0
-2
0
-1
-1
0
0
-2
-2
-2
-2
-3
-1
0
-2
-3
-3
-1
-1
-3
-6
-5
-3
-1
-1
-2
-1
-3
-3
-1
-1
0
2
1
0
-1
-2
-1
1
1
-1
-1
-1
-1
-3
-1
0
-3
-4
-3
-2
-2
-3
-4
-2
-2
-3
0
2
3
2
1
2
2
2
2
3
4
7
7
8
10
7
4
4
7
9
7
7
6
6
6
4
3
3
2
1
1
1
1
0
0
2
2
1
-1
0
0
1
2
0
0
2
1
1
2
3
2
2
2
2
2
0
0
-1
-2
-2
-2
1
1
2
2
1
0
-1
-2
0
-2
-3
-2
-2
-2
-3
-5
-5
-4
-7
-6
-5
-3
-3
-3
-3
-4
-3
-1
1
0
-1
-1
-1
0
-2
-4
-3
-1
1
-1
-3
-4
-5
-3
-6
-7
-7
-6
-5
-3
-2
-2
-1
0
3
3
3
3
4
6
5
3
4
4
3
3
2
1
2
2
0
-1
-1
-2
-4
-4
-4
-3
-4
-3
-2
-3
-3
-2
-1
1
0
1
1
3
5
6
4
3
2
1
-1
-2
-3
-4
-4
-4
-5
-3
-4
-6
-6
-4
-5
-6
-5
-1
1
1
-1
-2
-1
0
2
3
1
2
3
4
6
5
3
4
5
6
5
6
8
9
8
6
6
7
8
7
9
9
10
11
9
8
8
9
6
4
4
4
3
1
-2
-2
-3
-3
-4
-6
-5
-4
-6
-7
-7
-4
-5
-8
-7
-7
-5
-5
-2
-1
-2
-2
-3
0
2
2
3
3
3
4
5
3
3
4
4
5
4
6
5
3
3
-1
-1
-2
0
0
-1
-2
-5
-8
-10
-11
-11
-12
-15
-15
-15
-12
-11
-13
-14
-13
-12
-12
-12
-11
-9
-6
-3
-3
-4
-6
-3
0
3
2
1
1
3
6
7
9
9
11
14
13
11
13
13
14
15
13
11
11
10
9
9
10
11
12
13
10
3
-1
1
4
2
0
-4
-7
-12
-12
-10
-9
-14
-19
-25
-22
-16
-9
-9
-18
-25
-29
-27
-21
-14
-11
-10
-6
-3
0
1
2
4
7
12
17
22
23
20
16
14
15
20
24
25
23
20
19
17
15
13
7
6
9
13
18
20
14
2
-9
-14
-9
1
9
10
2
-9
-16
-15
-11
-8
-13
-22
-28
-26
-19
-12
-13
-22
-29
-31
-26
-16
-9
-8
-7
-4
5
14
19
23
30
40
55
63
65
60
55
52
49
45
40
33
24
13
2
-8
-21
-37
-54
-65
-68
-62
-52
-49
-53
-60
-58
-49
-39
-33
-28
-19
-9
-1
-4
-18
-33
-43
-46
-49
-58
-74
-90
-102
-107
-108
-107
-110
-109
-105
-85
-44
23
98
166
215
244
267
290
317
338
341
323
291
250
212
178
141
90
19
-63
-139
-194
-228
-257
-286
-310
-321
-308
-270
-221
-167
-107
-36
35
91
126
148
175
206
227
223
190
135
68
-2
-78
-157
-220
-262
-290
-327
-383
-441
-471
-473
-470
-465
-435
-338
-143
109
323
406
375
324
336
417
524
609
653
657
622
546
421
260
92
-61
-178
-250
-281
-311
-378
-479
-579
-634
-622
-549
-429
-286
-138
2
123
216
290
357
432
520
612
689
720
681
586
468
358
262
165
51
-84
-223
-358
-483
-586
-653
-663
-636
-600
-567
-528
-464
-371
-246
-102
27
122
201
291
396
485
531
533
510
479
438
375
276
163
71
6
-60
-161
-298
-429
-494
-488
-457
-455
-477
-468
-407
-322
-246
-174
-89
10
100
175
234
284
323
344
354
350
341
335
311
256
172
84
8
-66
-147
-226
-284
-303
-301
-304
-323
-344
-341
-307
-241
-166
-94
-50
-23
18
94
188
265
318
366
428
485
513
492
433
357
293
256
243
240
213
162
101
53
9
-51
-129
-201
-248
-274
-283
-276
-252
-224
-207
-210
-216
-197
-149
-92
-59
-57
-62
-59
-58
-62
-68
-75
-100
-148
-203
-249
-285
-310
-316
-311
-308
-326
-361
-418
-484
-548
-581
-537
-308
168
736
1052
921
574
375
461
648
790
884
973
1031
1011
874
619
306
-1
-247
-409
-444
-384
-373
-525
-779
-975
-1040
-1006
-892
-685
-392
-78
168
297
331
349
431
587
773
977
1155
1214
1091
836
598
428
291
135
-45
-241
-445
-653
-840
-987
-1055
-1036
-1021
-1055
-1088
-1011
-813
-566
-320
-114
18
82
173
368
621
830
958
1007
976
886
748
578
383
219
130
61
-71
-290
-549
-787
-952
-1027
-1025
-992
-947
-894
-839
-776
-685
-539
-349
-155
0
107
209
414
738
1077
1276
1280
1188
1088
1033
976
885
778
713
676
583
382
125
-105
-319
-535
-717
-793
-777
-746
-728
-701
-652
-591
-532
-467
-358
-146
163
461
646
714
738
737
701
666
682
739
748
652
463
234
20
-176
-372
-557
-713
-830
-943
-1072
-1182
-1237
-1215
-1159
-1106
-1059
-984
-845
-640
-418
-239
-108
-14
66
142
215
272
276
267
404
760
1254
1574
1504
1142
770
634
676
789
883
876
738
588
488
379
153
-140
-351
-528
-657
-716
-714
-727
-811
-887
-968
-1016
-914
-644
-324
-76
132
306
409
468
583
760
932
1102
1234
1251
1122
938
800
649
460
272
68
-159
-444
-745
-1019
-1217
-1264
-1218
-1194
-1206
-1182
-1116
-1036
-879
-535
-139
87
143
216
483
865
1175
1299
1223
1080
955
844
699
510
314
118
-126
-437
-760
-1040
-1295
-1555
-1733
-1754
-1718
-1740
-1818
-1866
-1834
-1699
-1459
-1037
-123
1370
2600
2523
1462
910
1443
2198
2515
2725
3019
3039
2730
2341
1854
1126
395
-122
-665
-1176
-1290
-1176
-1452
-2181
-2717
-2876
-2957
-2943
-2519
-1768
-1091
-613
-217
102
337
709
1275
1834
2280
2713
3025
2897
2416
2077
2049
1958
1529
937
369
-233
-895
-1470
-1883
-2157
-2248
-2264
-2482
-2893
-3043
-2585
-1896
-1372
-945
-502
-245
-187
207
1074
1857
2127
2141
2194
2202
2100
1947
1631
1086
690
644
523
-18
-701
-1178
-1567
-1944
-2129
-2122
-2111
-2115
-2057
-2010
-1987
-1819
-1448
-1063
-785
-515
-199
-15
213
908
2475
3979
4034
2608
1366
1570
2296
2471
2242
2210
2177
1815
1278
700
-29
-718
-1150
-1605
-2087
-2121
-1699
-1620
-2257
-2813
-2854
-2619
-2305
-1724
-890
-149
375
697
776
759
1036
1710
2429
2969
3386
3521
3069
2159
1516
1426
1489
1228
593
-78
-765
-1541
-2263
-2737
-2768
-2537
-2226
-2137
-2483
-2944
-2982
-2358
-1464
-715
-154
208
403
756
1448
2133
2373
2251
2097
1946
1837
1870
1722
1031
211
-32
24
-388
-1238
-1963
-2457
-2834
-2946
-2772
-2599
-2538
-2546
-2649
-2765
-2532
-1594
37
2070
3316
2878
1628
1449
2591
3458
3554
3780
4314
4240
3508
2895
2395
1525
560
-130
-805
-1441
-1626
-1657
-2257
-3213
-3686
-3723
-3843
-3853
-3136
-1971
-1134
-760
-448
-105
202
784
1773
2803
3560
3997
3969
3355
2606
2443
2753
2816
2306
1463
492
-661
-1784
-2549
-2933
-2963
-2724
-2489
-2729
-3431
-3929
-3807
-3236
-2470
-1495
-539
-53
72
477
1317
2020
2274
2415
2694
2875
2820
2612
2159
1507
1111
1057
703
-201
-1099
-1669
-2175
-2638
-2738
-2658
-2836
-3182
-3311
-3368
-3494
-3227
-2394
-1653
-776
1380
3877
4036
1821
695
2172
3869
4061
3981
4589
4807
4095
3439
3043
2145
1022
297
-521
-1694
-2101
-1446
-1329
-2463
-3640
-4035
-4200
-4340
-3782
-2561
-1481
-843
-311
-4
-100
83
1094
2323
3058
3591
4174
4179
3463
3019
3298
3397
2579
1399
530
-148
-860
-1470
-1937
-2373
-2718
-2891
-3219
-3958
-4644
-4495
-3515
-2536
-1975
-1631
-1348
-1154
-780
172
1390
2166
2382
2476
2602
2500
2361
2380
2138
1597
1356
1366
736
-569
-1501
-1630
-1550
-1714
-2005
-2449
-3159
-3759
-3825
-3496
-3132
-1935
733
3107
2816
480
-467
1106
2753
2930
3013
4133
5024
4608
3834
3404
2762
1848
1042
159
-774
-823
-41
-143
-1575
-2805
-3236
-3746
-4417
-4114
-2820
-1810
-1575
-1471
-1326
-1296
-921
37
1020
1708
2510
3307
3275
2643
2554
3181
3632
3299
2560
1807
1083
502
42
-427
-772
-987
-1380
-2319
-3568
-4367
-4249
-3449
-2720
-2472
-2438
-2400
-2410
-2250
-1485
-175
790
963
1022
1409
1750
1808
1743
1581
1433
1629
1846
1289
247
-276
-269
-416
-730
-724
-905
-1890
-2938
-3056
-2686
-2030
35
2627
2764
-4
-1670
-83
1914
1937
1616
2718
3905
3688
3122
3076
2813
2084
1320
507
-391
-357
678
861
-599
-2028
-2435
-2693
-3363
-3286
-2120
-1083
-987
-1250
-1499
-1806
-1652
-590
647
1239
1565
2055
2014
1311
1136
1918
2624
2449
2074
1904
1335
431
-118
-170
18
162
47
-843
-2147
-2945
-3031
-2720
-2310
-1798
-1464
-1703
-2109
-2083
-1498
-702
-306
-435
-402
390
1210
1109
470
94
147
487
850
682
-186
-747
-557
-360
-679
-785
-465
-704
-1658
-2075
-1614
-7
2581
4290
2809
-265
-639
1689
2909
2125
2031
3260
3540
2441
1889
1892
1463
724
16
-1130
-2124
-1678
-588
-872
-2306
-3067
-2915
-3012
-3253
-2531
-1065
-78
61
52
63
141
648
1616
2499
2886
3054
3106
2474
1549
1390
2054
2337
1641
883
470
-125
-993
-1608
-1574
-1138
-828
-1082
-2086
-3104
-3417
-3041
-2468
-1910
-1407
-1217
-1268
-1202
-849
-182
546
803
455
376
1065
1632
1305
583
191
69
3
26
-239
-1042
-1543
-1345
-1310
-1913
-2152
-1624
-1419
-1866
-2008
-1437
280
2902
4457
2819
-16
31
2616
3921
3237
3264
4376
4293
2943
2284
2322
1953
1232
369
-1086
-2301
-1969
-1035
-1541
-3135
-3928
-3803
-3889
-3940
-2982
-1515
-809
-947
-996
-701
-106
920
2271
3293
3608
3620
3543
2970
2321
2437
3142
3286
2580
1763
908
-245
-1256
-1575
-1466
-1383
-1375
-1697
-2708
-3765
-3990
-3538
-3075
-2533
-1912
-1779
-2018
-1783
-927
12
712
941
579
434
1182
1976
1700
886
661
822
561
-23
-606
-1206
-1445
-1162
-1305
-2219
-2598
-2005
-1899
-2639
-2725
-1676
265
2650
3997
2446
-243
-137
2672
4239
3713
3853
5058
4855
3281
2668
2902
2618
1976
1275
-204
-1720
-1649
-806
-1452
-3211
-4036
-3902
-4113
-4227
-3209
-1858
-1513
-1853
-1870
-1545
-867
560
2331
3373
3506
3471
3422
2835
2383
2911
3839
3909
3199
2496
1563
156
-903
-1155
-1115
-1138
-1103
-1520
-2906
-4256
-4484
-4018
-3611
-2976
-2131
-2016
-2566
-2490
-1547
-589
123
632
586
442
1090
1938
1715
905
853
1367
1343
655
-211
-1088
-1493
-1108
-884
-1549
-2063
-1782
-1950
-2897
-3049
-1778
509
2854
3580
1447
-1052
-288
2682
3848
3175
3599
4924
4481
2842
2427
2790
2570
2101
1556
92
-1278
-935
-90
-944
-2690
-3361
-3303
-3703
-3742
-2656
-1616
-1653
-2035
-2074
-1997
-1441
141
1952
2764
2777
2896
2910
2251
1847
2618
3785
4041
3515
2827
1754
340
-501
-532
-408
-339
-217
-846
-2669
-4309
-4525
-3964
-3527
-2902
-2215
-2416
-3184
-3068
-2083
-1286
-650
88
288
113
630
1421
1178
526
986
2023
2096
1234
306
-586
-1058
-559
-47
-706
-1449
-1144
-1129
-2341
-3015
-2064
36
2272
3195
1364
-1420
-1377
1432
3163
2768
2892
4059
3890
2385
1995
2627
2749
2373
1805
409
-912
-555
501
60
-1532
-2422
-2532
-2891
-3081
-2345
-1451
-1361
-1757
-2000
-2128
-1763
-509
1007
1767
1803
1882
2082
1774
1370
1868
3078
3713
3382
2695
1788
620
-140
-5
366
417
400
-38
-1692
-3698
-4319
-3685
-3089
-2568
-1969
-2154
-3174
-3522
-2649
-1719
-1051
-255
41
-431
-371
560
787
167
444
1655
2070
1351
562
-60
-614
-439
231
156
-428
-385
-302
-1399
-2348
-1733
-68
1904
3245
2314
-653
-1973
52
2448
2680
2386
3032
3207
1931
1168
1773
2357
2318
1887
635
-1042
-1247
-55
349
-700
-1706
-2017
-2301
-2608
-2156
-1260
-814
-1030
-1331
-1608
-1585
-719
797
1872
1951
1608
1511
1353
904
991
2073
3123
3112
2406
1460
214
-777
-636
171
596
675
544
-656
-2835
-4063
-3520
-2584
-1972
-1249
-1066
-2114
-3154
-2747
-1722
-1096
-477
76
-167
-605
-192
283
-122
-247
728
1410
857
-45
-495
-799
-787
-242
115
-121
-259
-248
-898
-1803
-1524
-191
1730
3539
3599
1000
-1422
-592
2113
3359
3125
3159
3223
2189
1026
1223
1961
2276
2050
950
-1035
-2043
-1155
-116
-510
-1469
-2000
-2351
-2840
-2795
-1968
-1119
-827
-845
-1012
-1302
-1013
237
1558
2001
1875
1868
1787
1121
672
1450
2763
3163
2633
1786
603
-565
-710
-41
348
412
551
-112
-2069
-3705
-3518
-2525
-1989
-1433
-952
-1611
-2804
-2809
-1785
-1071
-511
146
51
-669
-613
203
309
-102
349
1109
785
-201
-697
-826
-1050
-826
-192
29
-178
-350
-780
-1716
-2003
-913
774
2585
3642
2640
-49
-1250
531
3027
3783
3453
3160
2637
1500
1074
1900
2762
2742
1798
138
-1478
-1707
-762
-209
-729
-1502
-2154
-2763
-3290
-3038
-2126
-1271
-1007
-1029
-1229
-1379
-829
529
1679
1902
1768
1863
1759
1178
1225
2451
3533
3294
2313
1249
61
-648
-152
656
701
373
-2
-1241
-3187
-4004
-3050
-2025
-1753
-1544
-1629
-2601
-3445
-2822
-1529
-723
-173
123
-320
-906
-513
411
655
577
962
1187
582
-196
-440
-513
-599
-225
364
446
-63
-732
-1445
-1946
-1507
-267
1567
3193
3108
683
-1599
-897
1930
3708
3674
3121
2564
1632
971
1603
2800
3373
2890
1384
-669
-1637
-881
90
-135
-929
-1636
-2441
-3297
-3330
-2564
-1849
-1596
-1506
-1584
-1984
-1821
-508
957
1434
1325
1410
1520
1183
1115
2115
3471
3816
3132
2092
903
-38
159
1063
1351
977
652
-200
-2054
-3604
-3377
-2186
-1628
-1585
-1757
-2667
-3826
-3703
-2373
-1356
-832
-302
-439
-1300
-1473
-436
480
603
780
1136
859
137
-219
-233
-382
-236
402
698
250
-385
-959
-1614
-1719
-926
342
1970
3121
2197
-535
-1809
146
2896
3700
3198
2769
2278
1440
1434
2594
3565
3492
2542
782
-955
-1071
159
771
29
-990
-1921
-2937
-3533
-3000
-2056
-1691
-1927
-2115
-2402
-2722
-2060
-367
889
992
797
954
923
636
1240
2915
4116
3869
2915
1896
792
281
1141
2210
2100
1424
803
-595
-2631
-3498
-2464
-1344
-1310
-1611
-2186
-3498
-4428
-3641
-2057
-1238
-916
-704
-1243
-2074
-1712
-304
585
599
670
824
444
-106
-144
146
289
438
674
650
190
-405
-891
-1177
-993
-517
415
2019
2842
1299
-1154
-1286
1082
2968
2971
2407
2091
1696
1447
2047
3033
3402
2960
1875
139
-964
-293
999
1063
10
-1078
-2115
-3091
-3210
-2344
-1619
-1618
-1960
-2297
-2824
-2969
-1835
-77
645
361
229
472
359
284
1469
3379
4138
3490
2542
1586
628
663
1992
2968
2505
1738
931
-840
-2782
-2899
-1422
-635
-1051
-1621
-2551
-4093
-4631
-3280
-1726
-1348
-1383
-1441
-2124
-2692
-1786
-173
526
340
302
296
-147
-430
58
721
911
826
799
642
269
-71
-285
-518
-584
-418
324
1845
2689
1408
-793
-1078
850
2524
2548
1979
1756
1679
1688
2170
2888
3110
2642
1669
289
-498
163
1293
1279
82
-1124
-1933
-2532
-2684
-2170
-1609
-1568
-1950
-2385
-2805
-2850
-1915
-430
180
-162
-393
-153
-82
46
1339
3285
3988
3176
2140
1297
641
970
2457
3431
2821
1784
858
-774
-2418
-2290
-761
-104
-854
-1823
-2852
-4097
-4255
-2771
-1367
-1299
-1740
-2087
-2671
-2811
-1490
177
558
2
-214
-162
-478
-585
235
1151
1220
737
409
287
269
352
267
-234
-699
-682
-231
999
2394
2388
602
-901
-274
1488
2231
1975
1957
2187
2091
2093
2576
2841
2319
1661
1146
510
254
730
1084
276
-992
-1609
-1917
-2565
-2811
-2128
-1533
-1867
-2370
-2391
-2429
-2456
-1566
-332
-56
-485
-418
63
274
915
2567
3715
3152
2042
1499
1186
1122
2050
3165
2825
1450
642
-16
-1269
-1978
-1133
-158
-649
-1810
-2520
-3131
-3522
-2753
-1385
-1033
-1695
-2154
-2197
-2093
-1272
161
787
92
-683
-566
-206
-214
56
796
1069
522
-88
-157
84
213
38
-449
-1060
-1281
-1039
-133
1504
2676
2049
42
-1068
-51
1655
2470
2665
2808
2619
2189
2191
2656
2761
2418
2170
1651
706
177
420
542
-125
-805
-1203
-2161
-3374
-3294
-2161
-1670
-2052
-2126
-2043
-2697
-3031
-1798
-420
-301
-474
85
472
309
1118
2808
3271
2342
1877
1919
1412
1175
2202
2910
1847
660
602
122
-1274
-1756
-894
-527
-1203
-1584
-1741
-2699
-3422
-2526
-1178
-1042
-1518
-1463
-1320
-1413
-790
360
504
-407
-745
-50
352
87
200
649
389
-287
-204
346
184
-445
-613
-705
-1263
-1541
-988
-277
660
2137
2711
797
-1654
-1215
1445
2960
2836
2915
3001
2082
1376
2043
2861
2736
2601
2398
960
-592
-279
881
559
-600
-971
-1443
-2961
-3620
-2320
-1141
-1385
-1705
-1652
-2472
-3487
-2551
-526
139
-111
449
971
179
-289
1173
2702
2501
1903
1950
1510
543
765
1808
1598
517
577
925
-324
-1940
-1831
-823
-653
-782
-591
-1326
-2932
-3126
-1443
-132
-107
-148
-42
-701
-1451
-921
164
406
221
467
522
-223
-836
-628
-290
-135
289
560
-290
-1708
-2039
-1146
-451
-476
-662
-695
-738
11
1669
2284
703
-932
-182
1753
2558
2504
2780
2673
1742
1406
2177
2670
2325
2152
1894
566
-535
84
1012
352
-836
-1010
-1086
-1986
-2384
-1502
-785
-1020
-1297
-1407
-2076
-2716
-1822
-30
719
517
481
248
-735
-967
783
2686
2536
1237
492
71
-451
-211
819
1159
430
-11
-13
-813
-1887
-1578
-292
185
-215
-448
-811
-1750
-1908
-341
1376
1525
545
-331
-1021
-1397
-523
1060
1473
432
-524
-842
-1331
-1808
-1175
31
295
-503
-1434
-2168
-2598
-2011
-395
612
53
-909
-1236
-1367
-1346
261
3072
3980
1726
-802
-682
1165
2563
3197
3418
2623
1124
560
1125
1628
1834
2270
2003
237
-1274
-792
517
689
176
156
11
-1055
-1980
-1633
-703
-58
340
280
-768
-1902
-1466
87
735
308
173
275
-393
-1045
-272
967
789
-320
-728
-688
-985
-1003
-317
-21
-620
-816
-291
-362
-1157
-1156
2
805
658
480
543
292
109
757
1619
1469
592
250
443
390
245
384
167
-864
-1539
-963
-451
-1230
-2197
-2032
-1540
-1780
-2054
-1634
-1256
-1302
-1003
-462
-712
-1249
-777
296
527
639
2109
3296
1952
-395
-478
1492
2707
2468
2048
1467
378
-41
788
1499
1255
1097
1263
357
-990
-542
1339
1989
988
296
208
-449
-1026
-72
1445
1719
1052
418
-530
-1748
-1525
386
1509
689
-415
-919
-1783
-2659
-1973
-278
142
-877
-1628
-1897
-2386
-2384
-1269
-270
-412
-631
-232
-302
-946
-630
846
1891
1812
1411
1100
649
490
1176
2041
2179
1634
892
131
-468
-474
-45
71
-412
-1096
-1574
-1878
-2177
-2297
-1916
-1194
-787
-1052
-1636
-1946
-1708
-919
101
775
723
206
-186
-196
90
719
1920
2866
2152
113
-1095
-338
927
1204
969
907
486
-356
-563
194
998
1372
1601
1305
322
-2
1135
2255
2060
1542
1674
1560
714
450
1263
1734
1218
636
242
-601
-1359
-957
-257
-708
-1620
-1733
-1719
-2423
-2827
-2033
-1233
-1478
-1900
-1871
-2025
-2245
-1519
-186
340
92
208
519
294
221
1087
2034
2034
1591
1466
1304
874
842
1353
1562
1104
498
49
-436
-822
-852
-802
-1004
-1220
-1271
-1407
-1690
-1751
-1432
-1094
-1047
-1102
-974
-645
-303
-113
-14
180
426
375
45
-106
82
146
164
682
1128
358
-1164
-1595
-582
358
450
381
297
-233
-628
-43
1036
1679
2029
2238
1722
914
1270
2628
3202
2588
2116
2101
1671
1034
1187
1651
1296
434
-124
-696
-1576
-1830
-1117
-781
-1464
-2090
-2204
-2583
-3095
-2590
-1317
-791
-1254
-1679
-1832
-1911
-1352
-5
959
798
385
447
439
197
488
1361
1877
1628
1115
690
292
132
461
879
821
314
-284
-804
-1146
-992
-371
19
-280
-881
-1215
-1199
-942
-414
145
200
-262
-598
-475
-162
98
348
506
368
8
-390
-742
-877
-662
-416
-448
-385
-105
-340
-1318
-1860
-1070
82
380
125
76
109
131
603
1501
2185
2489
2606
2269
1570
1510
2431
3236
3051
2411
1866
1128
336
253
788
955
443
-279
-1048
-1837
-2072
-1462
-881
-1087
-1618
-1864
-2013
-2146
-1769
-953
-528
-717
-930
-938
-914
-651
17
561
517
244
133
-23
-254
-140
376
782
737
357
-231
-754
-747
-173
395
502
221
-250
-645
-634
-172
291
430
393
301
67
-136
0
377
584
473
202
-84
-264
-233
-129
-183
-327
-434
-596
-902
-1165
-1215
-1152
-1170
-1293
-1366
-1014
-312
-55
-699
-1401
-1042
93
856
941
899
885
823
1019
1707
2453
2707
2491
1979
1346
1140
1756
2539
2436
1485
602
235
144
245
514
556
82
-572
-950
-1020
-858
-499
-264
-510
-908
-900
-626
-552
-605
-481
-287
-307
-486
-619
-670
-632
-520
-509
-650
-709
-622
-702
-1064
-1280
-1044
-607
-338
-336
-540
-784
-785
-400
157
570
727
617
368
296
605
1053
1292
1248
1021
680
419
495
767
805
440
-67
-396
-426
-249
-151
-382
-818
-1126
-1211
-1163
-998
-792
-820
-1200
-1586
-1592
-1217
-542
221
452
-233
-1124
-1069
-103
723
927
909
804
450
232
646
1392
1725
1543
1188
808
605
908
1512
1723
1379
1012
864
729
680
975
1334
1305
968
672
447
245
280
548
675
537
316
-48
-652
-1108
-987
-582
-488
-806
-1287
-1802
-2130
-2010
-1620
-1389
-1386
-1416
-1563
-1888
-1976
-1495
-763
-288
-164
-257
-436
-449
-76
516
959
1137
1106
870
574
547
904
1327
1424
1133
695
423
453
604
604
431
206
-40
-319
-492
-409
-184
-125
-378
-787
-1037
-960
-728
-657
-786
-875
-823
-842
-995
-951
-614
-400
-611
-895
-783
-384
-159
-229
-331
-234
83
474
743
822
844
972
1145
1253
1394
1703
2076
2215
2014
1739
1728
1995
2248
2240
2012
1740
1487
1216
942
749
670
581
320
-144
-664
-1043
-1190
-1196
-1211
-1350
-1624
-1932
-2160
-2239
-2156
-1950
-1722
-1644
-1763
-1866
-1749
-1466
-1186
-947
-739
-646
-674
-661
-487
-209
86
379
566
530
378
381
629
969
1224
1280
1122
881
790
902
1044
1084
1020
849
593
392
344
357
297
168
-25
-296
-548
-659
-711
-862
-1053
-1158
-1228
-1347
-1431
-1418
-1360
-1269
-1168
-1201
-1379
-1384
-999
-492
-232
-170
-88
62
287
686
1217
1614
1744
1754
1810
1960
2208
2522
2755
2747
2512
2212
2007
1949
1980
1954
1763
1406
973
548
224
74
49
-33
-307
-721
-1127
-1393
-1467
-1391
-1313
-1384
-1586
-1776
-1857
-1845
-1760
-1627
-1529
-1538
-1611
-1648
-1616
-1528
-1372
-1178
-1028
-962
-908
-800
-659
-502
-261
67
346
466
489
553
718
971
1243
1410
1409
1342
1325
1312
1212
1132
1193
1255
1090
730
408
233
140
44
-129
-408
-728
-973
-1149
-1306
-1389
-1371
-1364
-1465
-1580
-1568
-1404
-1156
-947
-884
-915
-810
-460
-27
297
517
709
874
1045
1290
1588
1823
1932
1948
1914
1882
1901
1945
1911
1780
1648
1564
1455
1257
1020
815
676
589
493
312
55
-170
-293
-356
-426
-522
-649
-790
-922
-1031
-1135
-1227
-1267
-1269
-1314
-1414
-1496
-1520
-1528
-1542
-1532
-1498
-1462
-1411
-1316
-1197
-1065
-885
-651
-454
-322
-143
154
461
643
731
828
977
1155
1326
1422
1383
1253
1147
1094
1044
971
873
697
411
110
-93
-228
-390
-594
-775
-931
-1091
-1222
-1287
-1305
-1300
-1260
-1189
-1114
-1021
-886
-715
-546
-369
-174
8
145
281
476
705
888
1001
1070
1119
1165
1234
1344
1445
1484
1447
1349
1234
1177
1210
1255
1216
1101
969
838
711
626
600
570
471
304
106
-77
-194
-232
-272
-396
-585
-751
-868
-960
-1042
-1113
-1179
-1241
-1298
-1359
-1416
-1423
-1362
-1270
-1174
-1069
-956
-850
-735
-567
-345
-113
79
212
295
375
507
687
836
884
844
777
729
707
695
645
525
356
184
34
-91
-199
-294
-411
-563
-709
-817
-888
-928
-935
-909
-872
-846
-830
-810
-763
-661
-515
-365
-256
-180
-107
-26
60
161
289
420
511
566
631
725
827
909
990
1075
1143
1179
1192
1201
1223
1277
1341
1356
1287
1189
1124
1078
1005
905
796
680
559
441
316
159
-26
-208
-375
-518
-626
-719
-841
-1002
-1151
-1244
-1285
-1297
-1299
-1302
-1311
-1303
-1248
-1144
-1020
-906
-802
-694
-572
-441
-301
-159
-25
90
186
259
311
357
416
468
484
466
437
404
360
317
279
224
142
60
0
-47
-100
-167
-240
-304
-340
-351
-361
-391
-412
-395
-365
-350
-337
-295
-235
-196
-180
-156
-100
-21
62
138
202
249
282
315
375
472
582
671
708
702
692
717
780
848
896
908
879
821
765
732
736
756
756
696
577
443
339
268
203
138
53
-80
-260
-437
-566
-648
-697
-737
-794
-893
-1007
-1085
-1096
-1040
-956
-894
-871
-866
-831
-746
-627
-496
-379
-287
-218
-162
-92
10
136
237
285
297
297
303
326
368
404
404
357
281
211
189
210
222
185
111
31
-48
-111
-146
-155
-161
-190
-243
-302
-347
-360
-342
-318
-301
-285
-267
-253
-242
-205
-124
-23
50
89
121
173
246
334
423
488
537
578
604
609
621
662
707
717
689
651
616
581
551
522
479
420
350
264
167
88
40
-12
-104
-213
-297
-368
-442
-517
-579
-622
-658
-686
-709
-737
-756
-745
-711
-668
-625
-579
-531
-480
-411
-323
-230
-144
-61
20
88
151
227
315
393
446
482
503
520
536
548
551
540
518
489
442
373
307
253
199
127
51
-19
-90
-166
-239
-302
-358
-408
-446
-473
-493
-506
-501
-487
-474
-453
-406
-342
-286
-239
-184
-118
-46
25
96
162
223
284
340
379
410
450
504
544
563
568
567
557
541
527
509
488
455
406
334
256
194
140
68
-25
-113
-188
-265
-343
-415
-486
-550
-600
-636
-668
-693
-700
-693
-684
-672
-646
-609
-571
-528
-465
-384
-302
-233
-176
-119
-44
51
142
214
268
319
367
409
448
493
539
570
572
547
516
491
480
470
449
413
362
295
215
143
103
86
57
-1
-74
-142
-191
-220
-230
-236
-255
-276
-295
-308
-308
-286
-254
-234
-220
-194
-161
-133
-102
-57
-6
41
77
109
143
176
216
262
302
326
333
337
344
353
362
362
345
314
278
241
203
160
115
72
15
-60
-133
-186
-229
-270
-313
-360
-409
-448
-473
-486
-494
-499
-499
-494
-491
-479
-455
-421
-376
-331
-295
-269
-240
-198
-142
-85
-29
19
55
82
112
154
202
247
282
305
319
338
359
372
373
374
375
373
368
357
331
298
277
263
238
206
176
145
106
70
51
37
12
-21
-53
-79
-98
-103
-100
-109
-119
-119
-111
-100
-88
-69
-48
-27
-6
10
17
33
64
99
119
123
120
121
126
131
131
124
112
97
77
50
18
-7
-31
-64
-101
-130
-154
-183
-216
-244
-268
-289
-306
-315
-326
-338
-343
-343
-345
-347
-340
-331
-318
-299
-281
-271
-265
-247
-211
-176
-151
-130
-107
-79
-48
-14
23
62
104
145
178
200
218
242
277
318
351
367
368
363
364
376
382
378
364
342
323
306
290
273
250
220
193
167
137
113
95
74
53
38
29
20
10
6
3
-6
-14
-20
-15
-8
-7
-9
-14
-24
-32
-34
-35
-34
-38
-44
-50
-59
-73
-86
-93
-98
-101
-105
-112
-127
-140
-147
-150
-155
-159
-160
-164
-171
-178
-177
-174
-171
-166
-163
-168
-175
-179
-182
-180
-178
-177
-182
-194
-200
-197
-195
-195
-194
-190
-181
-168
-151
-134
-120
-105
-79
-48
-28
-7
25
65
102
132
154
167
177
193
217
240
262
277
282
274
262
260
264
271
273
270
261
246
233
228
226
229
232
228
215
198
187
183
179
170
155
137
117
98
74
50
27
4
-22
-45
-64
-86
-112
-139
-159
-172
-180
-186
-190
-199
-204
-201
-194
-192
-182
-162
-142
-127
-113
-102
-95
-85
-62
-37
-20
-13
-9
-11
-15
-13
-6
-4
-10
-19
-35
-58
-79
-88
-90
-98
-107
-114
-125
-139
-150
-150
-146
-145
-147
-148
-146
-137
-127
-118
-112
-107
-99
-92
-85
-75
-56
-40
-29
-21
-8
1
11
25
45
69
92
114
130
141
158
183
210
234
258
276
284
290
303
316
326
328
324
311
290
276
268
254
227
198
166
130
93
62
32
-1
-26
-50
-83
-115
-133
-140
-153
-170
-182
-186
-189
-184
-173
-166
-165
-159
-145
-131
-118
-102
-84
-69
-60
-54
-44
-36
-31
-23
-15
-10
-6
-6
-12
-18
-19
-11
-2
-2
-9
-18
-23
-25
-24
-25
-23
-25
-35
-48
-59
-71
-79
-89
-94
-96
-102
-117
-131
-144
-150
-148
-148
-149
-147
-138
-128
-120
-111
-93
-73
-53
-34
-11
16
40
63
85
107
128
152
173
188
203
217
229
233
231
230
229
227
221
210
194
180
164
146
122
104
93
82
65
44
26
7
-6
-15
-29
-40
-49
-54
-60
-67
-75
-83
-89
-93
-91
-84
-78
-77
-82
-89
-95
-95
-85
-72
-57
-44
-39
-42
-40
-28
-10
8
22
30
30
31
43
57
62
63
63
61
51
42
39
37
31
24
11
-7
-26
-37
-43
-54
-59
-70
-83
-99
-107
-107
-111
-120
-120
-116
-113
-114
-109
-96
-87
-82
-75
-73
-66
-54
-37
-24
-16
-6
4
10
15
25
37
42
41
42
50
61
72
76
72
66
65
73
79
82
81
80
77
72
71
68
62
60
59
52
40
28
24
17
11
7
1
-8
-17
-24
-24
-19
-16
-18
-21
-23
-14
1
11
16
21
30
38
43
47
58
72
80
81
74
69
66
66
64
64
65
59
45
28
17
14
13
11
2
-11
-23
-31
-36
-42
-50
-56
-66
-74
-81
-81
-83
-91
-101
-105
-109
-111
-110
-111
-111
-107
-103
-101
-107
-108
-101
-92
-84
-79
-74
-72
-68
-57
-42
-32
-28
-22
-13
-7
2
13
27
35
41
47
53
57
62
63
61
62
65
65
60
52
47
46
46
45
45
41
40
41
42
40
41
44
51
59
64
69
71
70
72
75
81
86
85
82
76
72
71
70
69
62
51
45
42
39
36
28
24
22
17
12
8
3
1
-2
-8
-20
-32
-37
-38
-42
-47
-51
-57
-65
-77
-88
-90
-83
-73
-73
-86
-99
-102
-100
-95
-91
-86
-82
-85
-91
-94
-90
-79
-71
-67
-65
-64
-61
-56
-50
-44
-37
-31
-28
-28
-26
-17
-10
-9
-13
-11
-5
-2
-1
-4
-5
-2
3
7
8
14
23
30
33
37
44
57
67
79
90
92
93
98
102
106
111
112
112
112
110
109
103
93
87
86
85
81
75
69
65
64
65
62
56
50
48
46
43
40
33
25
18
9
1
-7
-14
-22
-32
-42
-50
-54
-57
-61
-66
-71
-75
-78
-81
-82
-81
-77
-75
-77
-83
-84
-78
-69
-64
-64
-65
-65
-62
-60
-59
-54
-49
-46
-45
-46
-48
-51
-52
-51
-49
-50
-53
-57
-63
-64
-62
-61
-62
-63
-60
-59
-56
-49
-40
-34
-27
-15
-3
8
18
29
35
43
52
60
68
71
78
82
83
83
88
90
92
93
97
99
100
99
99
101
104
111
119
121
113
106
102
101
103
103
99
89
74
63
56
49
41
32
22
10
-3
-15
-25
-33
-37
-41
-44
-51
-56
-59
-64
-66
-65
-62
-63
-67
-69
-68
-63
-60
-57
-54
-54
-54
-54
-54
-53
-50
-49
-51
-56
-58
-58
-59
-60
-61
-65
-66
-67
-67
-71
-73
-70
-66
-67
-68
-69
-65
-61
-56
-48
-43
-38
-31
-28
-26
-21
-12
-3
4
6
6
7
10
18
25
32
39
46
51
51
55
65
72
78
87
96
99
100
102
105
109
113
116
111
107
104
104
102
95
88
81
77
70
64
57
49
41
33
29
22
17
12
8
0
-10
-17
-21
-22
-23
-23
-25
-34
-42
-46
-47
-50
-50
-46
-45
-45
-48
-51
-55
-59
-59
-59
-60
-62
-64
-66
-66
-69
-72
-72
-71
-68
-68
-70
-71
-68
-65
-61
-58
-55
-52
-49
-48
-47
-43
-38
-34
-33
-34
-33
-34
-30
-28
-24
-20
-18
-15
-9
-3
-1
1
9
17
26
32
40
47
51
56
65
73
80
84
87
91
92
94
94
94
94
94
93
92
88
86
84
80
77
72
69
64
59
52
46
38
32
31
28
23
17
11
4
0
-2
-1
-4
-13
-18
-22
-23
-21
-20
-23
-28
-35
-39
-41
-39
-37
-39
-41
-46
-53
-54
-56
-54
-53
-52
-52
-57
-62
-63
-60
-55
-50
-48
-52
-57
-58
-54
-50
-47
-50
-52
-56
-59
-61
-61
-56
-53
-55
-55
-55
-51
-47
-41
-36
-32
-26
-21
-14
-9
-2
7
18
26
32
38
44
48
54
63
72
78
79
80
84
91
96
99
98
95
96
97
94
89
88
87
83
80
75
68
62
58
55
50
44
40
34
25
16
12
5
-3
-14
-21
-25
-30
-32
-38
-43
-47
-48
-49
-50
-48
-45
-40
-40
-42
-42
-39
-37
-35
-31
-29
-26
-25
-22
-19
-17
-15
-14
-16
-15
-18
-23
-26
-27
-27
-27
-33
-41
-47
-48
-51
-51
-52
-53
-56
-58
-61
-63
-65
-64
-60
-57
-60
-61
-59
-55
-49
-42
-35
-32
-26
-20
-13
-7
-1
6
15
26
34
43
51
58
65
71
78
84
87
92
97
103
107
109
109
108
106
103
101
100
98
90
81
71
63
56
49
41
35
26
20
13
7
1
-5
-7
-10
-13
-20
-26
-31
-34
-34
-33
-34
-34
-34
-34
-31
-31
-30
-31
-31
-32
-28
-25
-23
-25
-27
-25
-25
-24
-19
-12
-10
-9
-9
-8
-9
-11
-10
-8
-9
-15
-20
-26
-30
-35
-35
-35
-37
-41
-47
-55
-59
-61
-59
-58
-58
-59
-60
-60
-57
-51
-45
-39
-36
-37
-35
-30
-22
-15
-9
-1
6
13
20
25
28
38
48
56
59
61
63
68
76
80
80
77
74
70
68
67
69
66
61
55
51
48
43
39
33
30
26
18
11
6
1
-2
-3
-8
-14
-19
-23
-25
-26
-24
-24
-28
-33
-31
-27
-25
-26
-25
-23
-19
-13
-8
-3
1
4
7
9
6
4
7
6
7
10
12
10
5
-1
-4
-11
-14
-15
-19
-25
-29
-29
-30
-32
-33
-33
-36
-40
-41
-39
-40
-43
-43
-44
-44
-41
-37
-31
-28
-20
-14
-11
-8
0
7
14
19
26
29
33
37
40
42
44
49
52
50
47
45
44
42
38
35
31
27
27
24
19
13
8
6
5
0
-4
-7
-10
-14
-17
-20
-21
-22
-24
-26
-25
-25
-27
-26
-23
-18
-15
-15
-11
-9
-5
1
8
15
19
22
25
29
34
40
45
45
47
47
48
45
44
45
44
42
36
27
20
14
10
6
1
-10
-17
-24
-34
-42
-46
-47
-50
-55
-63
-68
-72
-72
-69
-66
-65
-66
-66
-63
-58
-51
-45
-39
-36
-30
-21
-12
-6
1
5
9
12
15
19
21
26
32
33
30
30
30
29
27
27
28
28
23
18
15
14
9
8
4
0
-4
-7
-9
-13
-17
-23
-27
-27
-27
-28
-28
-26
-24
-22
-17
-9
-4
3
9
17
24
30
36
42
50
57
63
68
72
77
83
88
89
87
85
84
83
84
84
79
73
65
54
44
36
28
21
11
-1
-11
-23
-30
-40
-48
-55
-61
-68
-77
-84
-91
-92
-92
-93
-95
-95
-94
-91
-89
-86
-82
-77
-72
-67
-62
-58
-55
-51
-44
-37
-32
-28
-24
-21
-16
-10
-6
-4
-3
0
4
7
10
13
14
14
15
16
16
15
14
12
8
5
1
1
3
4
3
4
3
4
6
8
13
20
27
31
34
40
47
58
66
73
80
88
91
92
97
104
112
116
113
109
105
102
100
96
93
88
82
71
61
51
45
37
29
19
7
-4
-14
-23
-31
-38
-49
-58
-68
-74
-80
-84
-87
-91
-97
-101
-102
-101
-99
-100
-101
-104
-106
-107
-103
-99
-94
-93
-92
-86
-81
-77
-74
-69
-65
-60
-56
-50
-48
-47
-43
-35
-30
-26
-23
-20
-18
-14
-12
-12
-13
-12
-10
-10
-8
-7
-6
-6
-4
1
7
10
15
20
26
29
34
42
51
60
68
75
81
87
93
99
106
109
114
118
119
118
116
117
117
118
118
116
111
106
101
95
92
86
80
72
64
56
49
41
36
32
22
13
4
-3
-10
-17
-21
-25
-31
-42
-53
-60
-64
-69
-73
-78
-80
-80
-84
-88
-90
-92
-94
-94
-93
-93
-93
-89
-87
-86
-84
-82
-76
-71
-67
-64
-60
-55
-55
-52
-49
-47
-47
-45
-42
-39
-39
-39
-38
-33
-28
-27
-24
-22
-19
-14
-9
-5
0
7
13
18
22
26
31
35
38
44
49
55
58
60
64
68
71
73
74
75
77
76
75
74
73
74
76
75
72
68
63
61
60
59
57
55
50
44
37
35
35
31
24
14
8
5
2
-3
-10
-12
-17
-19
-22
-29
-35
-38
-40
-42
-44
-49
-54
-55
-57
-60
-60
-60
-57
-57
-59
-60
-58
-57
-56
-52
-50
-48
-47
-45
-43
-44
-43
-37
-32
-30
-30
-30
-29
-27
-22
-15
-11
-11
-10
-8
-3
1
6
10
13
16
18
19
21
24
28
32
33
34
35
34
35
35
34
34
35
34
35
35
37
37
37
35
36
37
38
37
36
38
37
37
35
34
34
32
33
30
27
28
26
24
22
19
15
11
11
11
8
3
1
-2
-6
-10
-12
-14
-15
-17
-21
-25
-26
-29
-30
-31
-34
-38
-39
-40
-42
-43
-42
-41
-42
-41
-41
-42
-41
-38
-36
-34
-31
-30
-30
-29
-25
-19
-15
-14
-13
-12
-11
-7
-1
3
5
8
11
11
9
12
14
16
16
17
16
13
14
14
12
10
6
5
4
2
1
0
1
2
3
2
3
4
6
7
8
6
6
6
8
10
12
15
17
17
17
20
20
21
21
21
20
20
23
25
25
23
25
26
25
24
22
20
18
17
17
14
11
9
8
6
2
-4
-9
-11
-13
-16
-18
-20
-21
-23
-24
-27
-30
-29
-28
-27
-27
-26
-27
-25
-23
-20
-16
-13
-11
-10
-8
-3
1
5
8
9
10
9
11
13
15
14
13
10
8
7
8
9
7
3
0
-2
-6
-7
-8
-10
-11
-13
-14
-16
-16
-14
-11
-11
-11
-12
-13
-11
-8
-7
-5
-4
-3
-3
-2
0
1
1
3
7
9
10
10
12
16
18
18
17
20
21
22
21
21
20
20
18
16
13
13
15
12
8
4
1
-1
0
-4
-5
-8
-10
-11
-14
-13
-14
-16
-14
-12
-12
-11
-12
-12
-12
-10
-7
-4
-1
0
1
0
2
4
7
9
10
12
12
11
10
8
9
8
7
7
6
3
2
1
-3
-5
-7
-8
-7
-10
-13
-14
-14
-15
-17
-18
-19
-21
-23
-22
-19
-20
-23
-22
-20
-19
-20
-19
-17
-18
-16
-12
-9
-6
-2
2
5
7
8
10
12
11
10
13
17
18
17
18
21
22
21
20
21
20
18
15
13
12
12
13
10
5
5
5
1
-3
-2
-1
-5
-7
-6
-4
-2
-1
1
3
3
4
6
8
11
15
19
20
20
19
20
22
26
29
29
29
27
25
23
22
22
21
23
22
20
17
15
15
14
12
10
6
-1
-5
-9
-13
-20
-24
-28
-32
-36
-40
-42
-45
-46
-48
-51
-55
-56
-57
-56
-55
-54
-52
-50
-45
-43
-41
-39
-34
-30
-27
-25
-20
-15
-12
-10
-5
-2
1
5
8
10
12
11
13
12
11
9
7
8
7
7
7
7
5
5
2
3
4
4
5
5
8
10
13
16
19
24
26
26
26
28
30
33
34
39
43
46
48
51
51
55
62
68
68
67
65
64
63
64
64
63
59
53
48
41
34
29
24
16
9
4
-3
-10
-20
-29
-36
-41
-46
-50
-54
-56
-59
-65
-71
-77
-79
-81
-85
-85
-85
-85
-86
-85
-81
-77
-75
-71
-65
-59
-50
-45
-40
-38
-35
-27
-18
-11
-7
-7
-6
-5
-3
-3
-1
1
3
5
4
4
4
5
7
9
12
15
17
19
20
22
24
25
22
21
22
24
26
27
29
30
29
32
38
44
50
54
55
58
62
67
73
76
77
81
80
79
79
77
76
74
72
71
65
59
56
53
47
42
33
26
19
14
10
3
-6
-14
-24
-31
-34
-39
-50
-63
-71
-74
-78
-84
-89
-91
-88
-95
-101
-104
-102
-98
-92
-87
-87
-85
-81
-77
-75
-70
-59
-51
-52
-53
-47
-40
-38
-30
-22
-18
-18
-12
-3
1
4
7
13
14
19
30
36
36
36
29
23
27
32
34
29
21
26
27
22
19
20
24
26
26
27
35
41
39
44
45
47
57
60
62
63
56
61
76
78
68
62
52
42
49
67
69
67
63
54
48
45
42
40
42
39
30
24
23
23
4
-13
-7
0
-16
-38
-44
-56
-76
-88
-81
-66
-79
-95
-92
-99
-115
-121
-98
-74
-84
-107
-105
-86
-87
-96
-81
-58
-63
-82
-73
-43
-35
-52
-40
-16
-11
-16
-3
23
20
7
21
49
47
18
15
39
60
63
63
62
53
31
13
40
82
84
54
23
33
71
83
85
184
252
63
-236
-312
-101
128
126
28
83
159
31
-157
-172
-37
45
-25
-132
-145
-45
76
140
110
43
20
46
75
76
69
100
128
107
60
48
89
138
119
62
73
147
156
34
-48
-6
43
-1
-100
-150
-170
-198
-150
-20
24
-82
-165
-140
-168
-298
-315
-68
108
-37
-215
-163
-46
-50
-91
-77
4
56
34
15
-65
-134
-1
193
142
-13
26
118
20
-183
-178
69
223
115
-16
-38
-61
-62
-1
92
110
-21
-78
69
177
49
-19
104
98
-84
-173
-38
153
146
-11
-84
-49
-9
18
59
68
25
-108
-195
-102
31
35
21
1
-31
50
73
4
57
155
145
100
4
-59
108
262
115
-56
42
218
162
-21
-12
159
164
-50
-158
-72
29
8
-29
34
-16
-217
-197
18
-50
-235
-67
187
58
-296
-363
-54
137
-87
-215
23
28
-204
-127
83
23
-155
-74
146
86
-246
-172
279
265
-100
-74
115
37
-26
59
121
89
-26
54
269
39
-326
-82
341
132
-273
-128
238
180
-208
-237
99
170
-62
-130
38
86
-101
-130
167
175
-194
-205
205
309
-71
-340
-72
366
255
-325
-357
255
409
-58
-253
91
295
-36
-318
-13
348
182
-135
-118
123
222
-61
-236
183
465
-72
-475
-24
381
149
-195
-108
187
134
-266
-312
124
265
-90
-236
-11
59
-95
-127
-70
-102
-124
-8
81
-31
-156
-116
14
-16
-215
-200
132
282
-50
-318
-67
202
-19
-269
-69
231
218
-86
-247
48
331
37
-412
-218
347
443
23
-287
-178
97
172
-48
-222
-10
336
234
-229
-385
-60
298
198
-239
-318
149
442
89
-350
-279
131
354
110
-202
-99
169
108
-147
-210
-7
264
285
55
-181
-176
97
281
50
-270
-110
300
343
-12
-271
-72
281
244
-104
-180
136
346
155
-189
-214
26
154
98
-9
-22
55
31
-154
-244
-125
69
180
107
-87
-192
-163
-117
-73
-47
-49
49
118
-20
-145
-130
-57
-36
-66
-62
35
140
120
35
-42
-91
-61
17
81
142
159
37
-116
-120
32
126
25
-51
39
139
56
-98
-100
-4
38
-28
-63
17
51
-6
-65
-132
-161
-78
59
126
64
-73
-130
-79
-22
2
17
44
65
35
-58
-79
11
41
-23
-35
38
74
42
12
-3
-11
-15
23
101
88
-1
2
91
57
-65
-56
89
158
27
-136
-109
36
51
-47
-72
17
100
45
-76
-77
-7
-38
-110
-51
59
101
50
-70
-136
-103
-50
-18
10
30
32
9
-41
-77
-61
-19
3
-4
-5
31
82
63
-13
-54
-19
53
68
45
53
78
67
37
27
8
11
28
37
57
68
37
-12
-56
-85
-59
1
35
16
-55
-105
-75
-23
-29
-42
-15
-6
-10
-9
-12
1
24
41
28
-6
-30
-2
66
83
47
14
15
22
3
-19
7
48
50
26
8
-1
-17
-35
-40
-36
-25
3
37
29
-33
-67
-35
7
9
-14
-4
35
59
49
23
0
-19
-7
11
3
-12
3
48
54
-18
-90
-69
-16
-13
-28
-1
42
27
-35
-71
-53
-8
34
53
41
19
17
34
34
4
-5
15
22
-10
-35
9
79
60
-19
-44
-5
22
0
-26
-7
26
27
-15
-53
-57
-40
-22
-18
-17
-5
7
-14
-55
-72
-52
-26
-5
9
0
-17
-7
9
-14
-55
-56
-11
19
-1
-34
-25
8
4
-42
-56
-2
41
27
4
7
6
-12
-20
-18
-10
24
54
37
-3
-19
-5
19
18
-11
-12
21
30
0
-24
-14
9
15
0
-5
16
30
1
-32
-18
21
43
42
38
36
46
59
54
45
46
59
71
62
39
25
30
44
43
32
36
47
33
-3
-28
-18
2
14
18
15
8
-12
-38
-48
-31
-10
6
7
-15
-42
-51
-46
-43
-39
-31
-15
-5
-19
-40
-46
-33
-16
-13
-22
-33
-31
-19
-12
-20
-34
-36
-31
-29
-20
-9
2
4
-8
-27
-30
-11
9
19
13
-5
-15
-16
-15
-19
-12
8
20
9
-7
-13
-11
-1
6
7
8
16
18
4
-10
-4
18
35
28
15
10
20
31
30
26
25
38
46
33
15
18
37
47
31
12
18
34
35
22
13
19
30
21
3
2
15
25
25
11
-7
-14
-7
-2
-7
-13
-12
-13
-30
-55
-50
-22
-16
-33
-36
-25
-29
-55
-71
-55
-37
-32
-35
-38
-36
-42
-53
-50
-35
-25
-14
-3
-10
-15
-4
7
0
-19
-29
-7
20
24
16
13
10
1
-8
-9
2
20
24
17
15
15
21
22
9
0
5
13
12
7
3
8
15
17
21
27
31
31
23
18
26
40
53
50
37
28
25
22
17
22
34
46
50
38
23
18
19
23
23
18
20
33
37
22
2
0
14
24
16
2
-1
1
-4
-15
-22
-20
-13
-17
-30
-41
-37
-24
-18
-28
-38
-38
-34
-41
-54
-55
-42
-30
-32
-44
-45
-34
-29
-36
-45
-40
-23
-7
-9
-20
-19
-16
-17
-21
-23
-20
-10
-8
-17
-23
-19
-7
1
1
-1
5
14
14
8
6
4
6
9
14
13
12
13
14
7
-3
1
13
24
23
16
16
16
11
9
15
24
31
35
32
25
20
18
23
30
34
30
25
26
28
25
15
11
19
33
37
29
20
18
16
5
-1
10
18
9
-5
-10
-6
-3
-8
-13
-14
-16
-22
-23
-16
-17
-29
-38
-35
-34
-37
-34
-30
-30
-33
-35
-33
-29
-24
-22
-21
-23
-29
-27
-14
-8
-15
-21
-14
3
11
0
-4
5
10
2
-9
6
31
37
21
11
16
18
9
3
6
7
10
12
19
17
8
3
-1
-3
-7
1
18
24
13
1
-1
2
3
3
13
24
25
17
15
18
18
11
8
7
9
17
21
17
8
-1
-5
-2
1
1
-1
-2
1
-2
-7
-6
-3
-6
-7
-7
-7
-10
-15
-15
-12
-7
-3
-1
-1
-5
-15
-21
-23
-22
-18
-15
-18
-22
-25
-30
-37
-36
-29
-17
-11
-15
-20
-19
-14
-10
-9
-2
11
16
9
0
-1
9
19
23
28
32
26
20
19
20
18
18
22
29
25
14
0
-7
-6
-2
0
5
14
16
8
-5
-11
-7
3
11
15
13
9
8
7
3
-2
0
11
16
8
0
3
8
6
-2
-3
6
11
6
-4
-10
-3
3
4
-2
-7
-5
2
0
-6
-7
-1
7
4
-7
-14
-8
-4
-11
-19
-16
-7
-6
-11
-16
-18
-19
-18
-17
-16
-12
-8
-7
-9
-14
-17
-9
-5
-2
-3
-3
0
-3
-6
-2
7
13
14
18
21
13
2
0
6
7
3
5
11
13
6
-4
-5
-1
2
1
0
0
-2
-5
-11
-15
-14
-12
-10
-8
-7
-5
-3
-4
-6
-4
0
6
7
7
7
5
2
2
5
10
9
7
6
4
-1
0
5
9
12
11
11
5
1
2
6
6
7
8
9
4
-3
-2
2
6
3
3
10
9
2
-2
-2
1
3
5
6
4
1
-1
-4
-5
-2
3
6
7
5
2
3
1
-2
-2
1
9
10
7
3
2
2
-1
-2
1
6
7
3
-3
-7
-9
-9
-7
-3
-1
-3
-6
-9
-9
-10
-11
-13
-12
-12
-9
-8
-9
-11
-9
-5
-5
-5
-4
-7
-7
-6
-7
-6
-2
0
-2
-6
-8
-8
-6
-5
-5
-2
3
5
2
-3
-5
-2
1
4
4
5
5
3
0
-2
0
4
6
6
3
3
3
2
1
3
6
9
7
2
-1
-2
0
2
7
8
8
8
5
8
9
8
7
10
12
10
7
6
8
5
-1
-1
5
7
5
2
1
-1
-3
-6
-5
-1
1
-2
-8
-10
-11
-11
-7
-5
-4
-5
-5
-6
-8
-10
-8
-1
3
2
0
0
1
2
1
2
5
6
4
1
-2
-4
-4
-2
0
1
-1
-3
-1
0
-4
-2
1
7
8
5
3
5
4
0
-1
2
5
5
5
2
0
-3
-2
1
-2
-3
1
6
4
0
-4
-1
0
-3
-6
-3
2
-5
-11
-11
-7
-3
0
1
1
1
0
-2
-3
-2
-1
3
5
2
0
-1
0
1
0
1
7
12
7
4
1
5
6
3
5
7
7
3
2
1
0
1
1
-2
-4
-5
-5
-8
-9
-9
-6
-3
-3
-5
-8
-7
-6
-5
-5
-6
-3
-1
-1
-3
-1
3
1
-4
-4
-1
2
1
-3
-6
-6
-7
-11
-11
-8
-6
-4
-5
-7
-5
-3
0
1
0
-3
-1
1
2
0
-2
1
1
2
2
1
0
2
1
1
3
2
3
2
1
3
6
7
6
7
8
11
10
8
7
10
11
14
13
11
12
14
12
12
15
13
12
8
6
5
5
6
5
4
2
4
6
4
3
4
3
1
2
1
1
-1
-3
-6
-7
-7
-7
-5
-3
-3
-5
-7
-8
-8
-8
-9
-11
-10
-11
-13
-12
-13
-12
-14
-13
-10
-9
-11
-10
-11
-10
-7
-8
-5
-3
-1
-2
-3
-3
0
0
-3
-6
-4
-4
-4
-6
-5
-2
0
1
-2
-2
-1
2
1
1
2
4
5
2
3
5
7
6
8
8
9
8
6
4
5
8
7
5
5
6
7
7
5
2
5
4
3
3
3
5
6
4
0
2
4
3
-1
-2
2
5
3
-1
-1
2
3
1
-4
-1
2
1
-3
-5
-3
-1
-3
-5
-5
-1
0
-2
-7
-9
-5
-1
-3
-10
-10
-2
1
-1
-5
-4
1
-1
-3
-5
-1
2
-1
-4
-2
0
1
0
-3
-3
-2
0
-3
-1
1
3
3
3
3
6
6
8
9
8
7
7
7
6
3
4
6
8
