-5
-7
-7
-6
-6
-6
-7
-10
-9
-7
-8
-11
-12
-12
-9
-8
-8
-6
-4
-3
-1
3
3
3
4
4
2
1
4
3
1
0
0
1
-1
-1
-3
-3
0
-1
-1
0
-2
-1
0
-1
-2
-3
-2
-1
0
-1
2
4
4
4
6
7
8
5
4
3
3
3
3
3
4
5
3
2
2
2
1
0
-1
0
3
4
5
3
3
5
3
1
2
2
0
-1
-1
-1
1
3
1
-3
-5
-6
-6
-3
1
2
2
-2
-6
-7
-7
-6
-6
-5
-5
-4
-2
0
-1
-1
0
-2
-4
-5
-3
-4
-4
-4
-4
-3
-3
-2
-1
-1
0
0
-1
3
4
4
3
4
3
0
2
4
6
8
8
5
2
2
4
4
4
4
6
5
5
4
4
6
6
7
7
5
3
4
3
4
4
4
1
1
-2
-2
-2
-4
-5
-5
-4
-5
-6
-8
-11
-9
-7
-5
-7
-9
-7
-3
-1
0
1
1
4
2
3
4
2
-1
-3
-2
-4
-4
-5
-7
-6
-5
-5
-8
-12
-11
-11
-14
-13
-10
-9
-9
-8
-8
-4
-2
-2
0
2
4
5
4
8
12
14
13
10
10
11
11
11
8
5
5
5
2
0
-1
-2
-1
0
1
2
2
1
3
4
1
1
4
6
7
9
9
9
8
8
8
10
7
5
2
-1
1
0
0
-1
0
0
0
-2
-1
1
-2
-5
-5
-5
-4
-5
-4
-5
-6
-3
-3
-5
-5
-4
-3
-2
-4
-5
-3
0
2
3
0
-1
0
2
0
-1
2
4
5
3
5
6
6
4
3
3
2
0
0
0
-4
-3
-2
-2
-2
-2
-2
-1
-2
-3
-2
0
-1
-2
-4
-5
-6
-5
-5
-1
1
0
-2
-2
-3
-3
-4
-5
-7
-7
-3
-3
-4
-4
-4
-4
-2
-2
-2
-3
-3
-1
0
0
0
1
1
-3
-5
-7
-5
0
-1
-2
-4
-2
-2
-4
-4
-2
-2
-1
-1
-2
-1
0
1
2
2
3
4
5
5
4
4
2
1
1
2
3
2
3
4
6
4
3
4
2
1
-1
0
-1
1
6
9
9
7
9
10
10
13
10
6
5
7
5
6
6
4
5
5
4
4
5
4
4
4
2
-1
-1
-1
-2
-1
0
1
0
0
2
3
1
-4
-5
-4
-5
-1
0
-1
1
-2
-2
-2
-2
-1
-2
-5
-5
-3
-4
-4
-3
-4
-3
-3
-3
-3
-2
-2
-2
-3
-3
-4
-1
0
-3
-4
-3
-3
-5
-6
-7
-8
-7
-7
-6
-4
-3
-3
1
1
1
-1
0
-1
-4
-3
-2
1
3
1
2
4
5
2
1
-1
-2
-1
-4
-6
-7
-7
-7
-4
-2
-4
-4
-4
-7
-8
-5
-4
-4
-2
-4
-1
1
3
3
3
3
3
1
3
4
3
1
2
4
6
7
6
3
3
5
4
1
6
5
3
1
-1
-1
0
1
4
4
2
2
3
3
1
1
3
5
6
6
4
3
5
7
6
7
5
5
5
3
3
2
4
5
3
2
0
1
2
0
-2
-4
-4
-3
-2
-1
-1
0
0
0
-1
-3
1
2
1
2
2
1
-2
-3
2
2
1
-1
-4
-2
1
2
2
1
1
1
0
-3
-2
-3
-2
-2
-2
-2
-2
-2
-4
-4
-5
-5
-4
-2
-2
-3
-1
-1
-5
-3
-5
-6
-7
-7
-6
-4
-4
-2
-3
-3
-3
-1
1
-1
0
0
0
-2
-1
-2
-2
-1
-1
0
0
0
3
4
2
1
4
4
3
1
1
1
2
1
1
2
1
1
0
-2
-2
0
1
1
0
2
4
1
3
4
0
0
2
-1
-2
-3
-3
-2
-4
-4
-3
-3
-4
-3
-3
-3
-4
-4
-1
1
-1
-5
-8
-10
-5
0
0
1
3
2
-2
-1
-1
0
1
0
-3
-2
1
3
2
3
3
4
5
5
2
2
5
5
4
3
5
6
8
8
5
4
3
1
3
2
2
3
4
2
2
3
4
3
3
2
1
0
-1
1
3
2
2
2
1
-1
0
2
2
2
0
-1
-3
-2
0
2
3
-1
-3
-4
-6
-5
-4
-1
-1
-2
-2
-1
1
-1
-5
-3
0
-1
-2
-1
0
0
-5
-6
-6
-5
-2
-2
0
3
1
0
0
0
-1
-2
-3
-2
-4
-6
-5
-3
-1
1
3
1
-2
-3
-3
-1
0
0
2
3
2
1
3
3
1
-1
-2
-3
-4
-2
-2
-2
-1
2
2
1
1
2
0
0
-1
-3
-3
-1
4
4
2
1
-1
-2
-3
-3
0
0
-1
1
-1
-2
-1
-1
-2
-4
-4
-3
-3
-3
-3
-1
2
2
2
0
1
2
5
4
5
5
-1
-1
-1
1
3
4
3
2
2
4
5
6
2
0
0
1
1
1
3
4
3
1
-3
-3
-2
-1
0
1
1
1
2
3
3
4
7
5
4
3
0
0
1
2
0
-1
-2
-3
-2
-1
-3
-4
-1
-1
1
0
-2
-3
-3
-1
2
2
2
-1
-1
2
2
0
-1
3
2
0
1
0
0
-2
-1
-1
-3
-3
-2
-3
-4
-2
0
2
0
-1
-1
-2
0
3
-1
-4
-2
-1
-1
0
0
0
1
0
-1
-2
0
2
2
1
2
2
1
0
-1
-3
-6
-6
-3
-1
-3
-3
-3
-4
-5
-4
-3
-3
-1
1
1
1
1
0
1
0
2
0
1
1
3
5
6
5
5
6
4
3
2
2
3
1
0
-1
-3
-4
-4
-4
-2
-3
0
1
-2
-1
-4
-3
-1
-1
-2
-2
-2
0
0
0
1
2
3
4
4
1
0
2
2
2
1
-2
-1
2
4
3
1
-2
-5
-5
-3
-3
-3
-2
-3
-2
-1
5
5
3
2
0
0
1
1
4
3
0
-1
1
2
3
3
3
2
1
1
0
1
2
3
5
6
5
5
2
0
0
-3
-2
-3
-5
-6
-6
-4
-3
-3
-3
-3
-3
-2
-1
-1
-1
-1
1
2
4
7
8
10
13
15
13
10
6
4
5
9
5
-2
-6
-6
-5
-2
-1
-3
-2
-4
-4
-1
1
3
2
0
1
5
8
6
-3
-8
-10
-7
-2
0
-3
-12
-17
-12
-6
-1
-1
-9
-20
-27
-23
-15
-11
-12
-19
-22
-20
-7
6
7
3
-7
-12
-10
-2
1
-1
-4
-5
-4
3
13
15
13
10
11
14
18
18
15
10
8
13
22
32
37
41
39
36
31
26
22
16
17
19
23
26
25
20
16
14
15
12
9
7
5
3
0
-7
-15
-21
-21
-14
-10
-9
-10
-15
-20
-21
-20
-21
-25
-32
-33
-26
-25
-29
-38
-54
-69
-73
-68
-61
-56
-56
-59
-61
-58
-56
-57
-65
-68
-65
-56
-49
-51
-59
-73
-77
-72
-62
-48
-44
-49
-51
-52
-43
-28
-21
-20
-12
10
44
86
124
145
152
152
157
169
190
210
224
240
257
280
301
311
305
287
260
243
238
229
210
181
145
112
86
64
37
9
-17
-40
-55
-64
-80
-111
-147
-185
-215
-227
-227
-219
-215
-220
-234
-245
-249
-251
-257
-268
-280
-291
-294
-289
-278
-274
-288
-312
-342
-364
-368
-356
-332
-313
-307
-310
-310
-290
-251
-214
-197
-194
-187
-140
-37
102
238
322
332
322
354
437
539
612
627
601
590
639
726
788
770
678
573
524
546
589
589
510
367
211
111
72
62
47
14
-30
-59
-53
-27
-26
-79
-164
-237
-254
-206
-123
-51
-31
-62
-110
-151
-175
-195
-222
-252
-280
-290
-295
-307
-345
-413
-494
-558
-586
-577
-544
-507
-483
-481
-488
-486
-474
-456
-434
-405
-363
-303
-228
-153
-109
-110
-136
-157
-149
-116
-68
-23
2
11
16
20
17
4
-20
-44
-52
-18
68
210
372
504
547
504
452
456
543
667
755
762
726
728
805
917
968
890
713
561
530
613
715
724
583
341
112
-14
-41
-33
-48
-97
-144
-145
-96
-47
-72
-189
-354
-481
-503
-419
-287
-182
-146
-173
-218
-251
-271
-289
-305
-315
-318
-312
-304
-312
-346
-406
-483
-564
-623
-625
-558
-444
-340
-306
-355
-449
-530
-550
-515
-460
-416
-366
-290
-190
-104
-64
-85
-134
-159
-132
-61
14
74
115
151
172
160
108
41
17
60
145
209
192
113
50
89
239
424
521
470
367
341
451
635
755
723
570
444
479
672
874
920
759
516
369
409
561
661
587
343
57
-118
-134
-68
-29
-71
-172
-243
-224
-127
-43
-67
-213
-400
-494
-426
-235
-36
46
-19
-152
-235
-226
-162
-125
-169
-260
-316
-274
-173
-116
-169
-318
-487
-572
-520
-382
-265
-234
-291
-377
-433
-438
-421
-412
-422
-422
-370
-248
-106
-22
-38
-132
-238
-286
-244
-128
-3
83
123
124
95
57
20
-11
-42
-70
-81
-68
-32
1
-25
-147
-328
-461
-433
-200
163
436
456
296
151
169
347
533
568
448
355
495
870
1251
1369
1134
732
466
504
759
993
1000
762
430
195
117
120
99
12
-105
-163
-87
92
245
237
29
-286
-538
-575
-383
-95
98
106
-12
-132
-181
-187
-221
-333
-481
-551
-471
-295
-162
-173
-332
-566
-752
-798
-713
-571
-448
-396
-416
-469
-499
-499
-505
-549
-610
-606
-458
-188
63
155
55
-142
-280
-254
-102
36
69
41
44
106
167
138
-4
-198
-317
-289
-150
-10
41
-24
-179
-366
-487
-456
-234
115
380
412
298
224
332
580
776
739
523
408
629
1127
1578
1648
1293
810
570
702
1007
1179
1055
712
380
227
213
202
102
-57
-176
-174
-47
115
196
122
-100
-378
-575
-589
-422
-197
-68
-94
-191
-250
-241
-223
-280
-440
-611
-661
-549
-383
-325
-425
-615
-791
-872
-846
-752
-653
-568
-507
-505
-547
-570
-542
-486
-450
-453
-435
-309
-66
174
262
155
-45
-157
-79
116
241
202
95
73
166
279
280
123
-100
-219
-156
-1
96
60
-79
-242
-375
-444
-420
-270
22
359
545
502
374
354
512
736
837
728
558
585
914
1351
1571
1390
960
614
558
741
934
948
750
454
209
57
-60
-173
-260
-293
-279
-234
-157
-69
-29
-103
-299
-548
-701
-654
-435
-187
-51
-64
-141
-179
-176
-197
-295
-432
-503
-451
-338
-280
-323
-438
-560
-657
-714
-726
-691
-590
-432
-294
-275
-366
-475
-515
-488
-452
-418
-323
-120
135
311
307
149
-19
-47
81
217
227
141
113
210
338
344
178
-67
-234
-235
-128
-44
-63
-159
-271
-361
-458
-547
-535
-295
131
446
459
292
187
290
523
679
604
365
257
526
1054
1438
1370
939
534
429
597
810
872
724
461
242
124
26
-105
-203
-194
-113
-42
18
94
180
205
86
-182
-459
-552
-395
-98
137
197
119
24
-23
-57
-153
-324
-461
-455
-341
-255
-277
-371
-470
-566
-646
-703
-722
-654
-479
-271
-177
-271
-446
-539
-516
-460
-430
-373
-203
58
292
368
234
-24
-196
-158
-15
25
-77
-157
-89
68
138
12
-260
-498
-550
-431
-301
-283
-356
-423
-442
-482
-593
-685
-572
-162
340
589
512
337
320
538
799
855
660
437
523
1000
1568
1799
1525
1026
713
739
959
1125
1102
889
604
386
252
137
19
-52
-58
-66
-77
-10
145
279
237
-31
-420
-692
-667
-377
-36
128
83
-34
-96
-109
-170
-324
-522
-643
-618
-523
-467
-488
-561
-663
-806
-969
-1088
-1078
-903
-630
-418
-409
-567
-702
-699
-609
-553
-554
-491
-274
54
328
389
227
-22
-150
-93
17
37
2
40
171
283
258
71
-185
-349
-341
-245
-178
-155
-130
-96
-117
-235
-392
-440
-233
232
682
826
696
549
599
812
968
907
703
584
769
1237
1690
1787
1459
1002
733
727
855
962
944
757
491
274
129
3
-111
-176
-207
-247
-241
-131
34
123
22
-269
-622
-832
-769
-506
-237
-107
-121
-193
-269
-335
-415
-532
-658
-727
-700
-643
-606
-594
-600
-664
-825
-1000
-1083
-1009
-796
-550
-406
-429
-557
-634
-590
-503
-455
-435
-337
-124
139
336
377
276
120
35
56
92
79
83
176
294
333
261
104
-64
-153
-128
-72
-65
-86
-85
-91
-144
-213
-250
-191
51
423
689
709
613
582
673
811
871
813
723
755
1009
1391
1637
1560
1219
876
726
767
870
923
851
640
380
181
38
-95
-207
-269
-304
-317
-261
-159
-98
-164
-376
-672
-923
-1002
-863
-607
-392
-304
-299
-330
-403
-497
-589
-673
-731
-727
-656
-587
-563
-561
-586
-678
-806
-894
-896
-780
-560
-338
-236
-290
-397
-442
-418
-363
-280
-171
-39
124
297
409
410
320
210
149
145
151
147
174
257
314
278
161
18
-92
-130
-102
-74
-100
-134
-127
-127
-161
-189
-175
-90
143
513
780
790
684
629
661
734
801
834
838
896
1089
1345
1486
1392
1104
800
631
643
736
775
708
533
299
68
-122
-270
-374
-420
-410
-336
-207
-98
-83
-175
-371
-623
-846
-919
-795
-560
-351
-261
-256
-301
-407
-532
-635
-708
-761
-772
-711
-627
-564
-543
-602
-747
-910
-972
-914
-775
-569
-372
-293
-356
-437
-433
-379
-338
-301
-225
-86
100
292
408
398
298
156
61
65
121
160
176
222
271
251
162
46
-50
-107
-143
-155
-142
-108
-80
-92
-135
-149
-105
-2
233
604
870
857
713
655
737
878
996
1050
1056
1082
1218
1459
1634
1590
1320
974
748
732
837
913
873
693
414
123
-101
-247
-339
-383
-382
-342
-273
-240
-275
-382
-561
-778
-981
-1069
-991
-794
-598
-504
-504
-565
-672
-788
-863
-884
-889
-894
-866
-797
-715
-641
-627
-723
-865
-903
-814
-666
-487
-333
-273
-320
-385
-358
-273
-217
-212
-196
-103
73
280
401
380
279
162
99
131
219
270
246
227
269
308
284
194
108
52
4
-22
-15
13
27
-13
-97
-143
-93
28
227
555
878
978
857
717
718
819
908
965
1027
1104
1228
1438
1658
1721
1532
1155
779
601
630
731
788
752
584
294
-32
-306
-501
-615
-634
-570
-481
-442
-442
-451
-508
-668
-916
-1152
-1270
-1201
-960
-689
-511
-466
-538
-667
-798
-871
-890
-890
-861
-784
-669
-570
-512
-535
-681
-834
-877
-801
-643
-451
-285
-209
-231
-277
-263
-219
-211
-223
-156
37
297
483
506
419
297
176
113
151
251
286
253
261
335
364
233
48
-68
-139
-214
-268
-228
-121
-35
-12
-67
-101
-61
118
534
1127
1636
1684
1320
1007
966
1069
1062
995
1045
1129
1267
1569
1986
2156
1692
817
13
-408
-422
-199
191
496
469
147
-287
-604
-847
-1021
-1014
-889
-689
-427
-35
378
478
164
-416
-944
-1204
-1108
-676
-190
84
85
-129
-470
-830
-1121
-1289
-1297
-1180
-1003
-847
-704
-602
-754
-1176
-1615
-1744
-1542
-1185
-689
-176
98
8
-233
-339
-383
-416
-333
-1
521
925
1077
1004
788
473
133
-81
-118
1
113
143
169
112
-141
-577
-899
-987
-932
-783
-607
-283
100
325
388
327
356
516
982
2062
3413
4394
4324
3547
2880
2257
1526
792
460
595
681
794
1068
1272
852
-567
-2278
-3478
-3752
-3129
-1968
-455
748
1022
549
-7
-123
-103
-5
590
1556
2402
2831
3034
2927
1979
314
-1366
-2477
-2861
-2629
-1936
-1329
-1309
-1823
-2707
-3674
-4325
-4338
-3567
-2221
-675
658
1412
1625
1447
863
6
-528
-213
583
1415
2183
2548
2106
756
-817
-1958
-2644
-2761
-2193
-1106
-128
272
172
-360
-1006
-1429
-1523
-1161
-339
824
1771
2123
2039
1602
838
-49
-582
-554
-276
5
262
470
432
112
-334
-824
-1212
-1222
-508
1100
3424
5350
5798
4702
3001
1651
470
-350
-355
384
1281
1645
1909
2125
1538
-136
-2534
-4346
-4913
-4245
-2429
-175
1901
2716
2005
735
-309
-665
-659
-74
1326
2710
3357
3097
2407
1237
-728
-2792
-4170
-4465
-3856
-2754
-1541
-891
-1085
-1984
-3257
-4228
-4367
-3386
-1492
805
2914
4114
4087
2986
1401
-270
-1520
-1688
-905
274
1374
2045
1885
605
-1243
-2861
-3746
-3768
-2910
-1164
680
1859
2146
1629
697
-328
-908
-822
-51
1180
2168
2523
2091
1147
-83
-1460
-2469
-2885
-2696
-2139
-1393
-539
-81
-132
-556
-911
-1027
-781
463
2843
5988
8220
8457
6848
4359
2085
65
-1174
-1321
-594
477
1067
1443
1570
667
-1426
-4248
-6163
-6513
-5437
-2886
345
3390
4733
4079
2658
1266
494
230
679
1975
3175
3579
3047
2051
647
-1590
-4063
-5891
-6438
-5746
-4403
-2669
-1195
-678
-1311
-2684
-3730
-3980
-3128
-1131
1525
4155
5706
5713
4309
2107
-156
-2022
-2800
-2395
-1301
40
1060
1432
796
-811
-2697
-4094
-4458
-3715
-1950
367
2326
3297
3154
2139
843
-167
-572
-265
584
1576
2198
2142
1474
313
-1097
-2415
-3412
-3714
-3390
-2533
-1292
-143
604
624
282
65
14
628
2293
4896
7498
8607
7991
5823
3251
944
-1097
-2168
-2327
-1613
-685
-83
486
603
-291
-2334
-4725
-6009
-5975
-4451
-1620
1735
4612
5613
4981
3561
2110
1029
233
200
787
1427
1675
1414
907
-127
-1956
-4286
-6128
-6637
-5998
-4521
-2508
-584
452
221
-716
-1612
-2002
-1586
-226
2015
4267
5510
5251
3656
1443
-851
-2607
-3494
-3409
-2417
-1062
273
1132
1024
-70
-1665
-3003
-3577
-3121
-1584
684
2887
4043
3922
2921
1485
-19
-1136
-1365
-797
119
839
1039
772
26
-1102
-2446
-3602
-4073
-3822
-2741
-1118
482
1592
1951
1973
1753
1477
1837
3231
5508
7103
7127
5711
3688
1658
-546
-2264
-2985
-2729
-2063
-1534
-783
213
580
-404
-2401
-3994
-4637
-4262
-2645
163
3482
5594
5860
4930
3668
2268
576
-727
-1167
-1018
-843
-811
-534
-178
-607
-2200
-4104
-5268
-5599
-5142
-3789
-1645
494
1599
1567
995
390
-116
-249
644
2259
3650
4106
3506
2226
568
-1080
-2599
-3504
-3448
-2729
-1452
61
1096
1239
491
-808
-2083
-2721
-2510
-1325
674
2416
3316
3386
2679
1387
-41
-1044
-1438
-1249
-840
-477
-97
80
-180
-944
-2020
-3125
-3909
-3884
-3072
-1724
-194
949
1663
2006
2041
2187
3039
4823
6383
6634
5457
3792
2261
634
-824
-1500
-1369
-1109
-1035
-805
-17
671
157
-1510
-3230
-4231
-4352
-3458
-1341
1635
4151
5026
4543
3799
3059
1843
389
-570
-970
-1266
-1468
-1045
63
787
141
-1432
-2909
-4013
-4718
-4551
-3243
-1305
303
945
989
919
713
221
123
941
1981
2544
2405
1809
953
24
-1125
-2157
-2495
-2398
-1978
-1082
-88
479
546
-38
-1181
-2185
-2673
-2492
-1286
328
1621
2401
2538
1960
968
79
-629
-1018
-1212
-1293
-1011
-507
-125
-203
-701
-1561
-2766
-3666
-3697
-2896
-1718
-498
741
1794
2654
3427
4518
6158
7238
6847
5213
3405
1808
312
-897
-1352
-871
-211
-26
-8
343
483
-486
-2287
-3828
-4466
-4177
-3119
-1096
1603
3879
4778
4566
4090
3328
1976
423
-718
-1282
-1641
-1799
-1317
-234
549
285
-728
-1939
-3214
-4302
-4700
-4093
-2642
-1097
-22
695
1176
1238
982
817
1009
1362
1486
1216
795
474
107
-360
-765
-1117
-1411
-1537
-1361
-946
-556
-395
-530
-911
-1443
-1886
-1821
-1111
-99
950
1842
2416
2559
2230
1549
755
-2
-746
-1328
-1490
-1223
-718
-325
-443
-1071
-2079
-3166
-3921
-3988
-3271
-2063
-586
990
2886
4907
6530
7631
8053
7358
5414
2847
597
-663
-1052
-897
-276
631
1091
769
-61
-1140
-2364
-3730
-4976
-5423
-4470
-2499
-244
1903
3753
4936
4973
4076
2939
1979
1001
-242
-1211
-1504
-1374
-1170
-858
-394
-210
-678
-1754
-2973
-3848
-4259
-4181
-3475
-2229
-811
379
1112
1437
1591
1656
1659
1669
1699
1546
1019
306
-212
-393
-480
-657
-908
-1180
-1381
-1446
-1377
-1168
-963
-987
-1230
-1536
-1616
-1132
-100
1087
2071
2689
2814
2440
1699
821
-31
-753
-1368
-1728
-1661
-1297
-906
-792
-1170
-2086
-3105
-3812
-4031
-3618
-2485
-703
1610
4180
6582
8576
9724
9279
7026
3785
669
-1511
-2544
-2539
-1549
152
1630
2003
1415
260
-1400
-3549
-5680
-6714
-5949
-3740
-1015
1748
4298
5905
6018
4964
3614
2456
1188
-291
-1453
-1783
-1607
-1460
-1225
-713
-276
-518
-1401
-2299
-2867
-3249
-3575
-3489
-2682
-1462
-360
407
1039
1645
2035
2093
1998
1979
1759
956
-163
-941
-1093
-842
-559
-352
-224
-335
-750
-1192
-1405
-1470
-1568
-1779
-1952
-1820
-1234
-325
708
1628
2226
2361
2030
1452
913
474
2
-486
-852
-990
-977
-912
-900
-1048
-1533
-2294
-3077
-3550
-3604
-3280
-2440
-937
1426
4224
6884
8921
9924
9327
7002
3582
206
-2161
-3295
-3300
-2196
-155
1844
2830
2482
1089
-997
-3509
-5972
-7296
-6607
-4234
-1171
1826
4459
6241
6583
5472
3697
2022
394
-1327
-2582
-2754
-2071
-1257
-567
98
583
396
-631
-1917
-2802
-3281
-3588
-3594
-2997
-1840
-628
195
790
1516
2190
2337
1967
1466
870
-17
-1015
-1543
-1230
-385
418
935
1167
964
253
-674
-1517
-2126
-2446
-2492
-2233
-1569
-579
456
1289
1764
1844
1590
1102
548
181
34
-62
-151
-176
-198
-312
-537
-853
-1312
-1919
-2536
-3063
-3347
-3336
-2850
-1672
258
2711
5389
7852
9437
9543
8050
5302
2009
-989
-3091
-3877
-3293
-1645
415
2144
2887
2334
589
-1935
-4546
-6417
-6873
-5742
-3324
-194
2916
5297
6500
6491
5506
3812
1702
-393
-2035
-2958
-3138
-2605
-1493
-230
631
767
249
-703
-1841
-2923
-3725
-4051
-3801
-3060
-2023
-868
290
1324
2053
2280
2036
1469
622
-398
-1262
-1603
-1308
-520
508
1524
2173
2118
1314
99
-1149
-2152
-2750
-2873
-2488
-1684
-671
243
892
1226
1227
935
491
147
63
180
308
384
466
461
255
-95
-504
-985
-1570
-2162
-2597
-2838
-2892
-2606
-1707
-101
2040
4476
6922
8781
9281
8078
5538
2417
-569
-2918
-4216
-4091
-2635
-545
1354
2544
2710
1642
-621
-3433
-5670
-6509
-5907
-4141
-1396
1824
4610
6212
6575
6080
4858
2850
413
-1705
-3023
-3562
-3408
-2486
-984
435
1095
858
49
-1038
-2301
-3528
-4265
-4189
-3438
-2337
-1001
565
2090
3019
3049
2355
1280
-62
-1516
-2555
-2659
-1839
-474
1083
2544
3503
3489
2354
488
-1480
-3104
-4057
-4095
-3244
-1814
-312
788
1308
1296
828
20
-812
-1334
-1363
-950
-280
524
1342
1902
1907
1335
398
-723
-1841
-2725
-3243
-3237
-2513
-1083
891
3201
5494
7387
8344
7791
5774
3047
319
-1967
-3418
-3722
-2804
-1030
832
2208
2913
2725
1429
-779
-3193
-4885
-5268
-4414
-2671
-293
2274
4283
5217
5179
4576
3511
1868
-115
-1774
-2719
-3167
-3270
-2805
-1748
-625
-20
-16
-306
-733
-1408
-2256
-2807
-2790
-2358
-1784
-1204
-469
517
1420
1807
1720
1352
592
-588
-1794
-2441
-2245
-1463
-486
668
1968
2855
2869
2166
964
-606
-2236
-3500
-3946
-3340
-1999
-516
755
1555
1689
1217
302
-779
-1568
-1832
-1667
-1076
-38
1179
2138
2508
2229
1351
10
-1504
-2841
-3624
-3571
-2511
-362
2573
5667
8332
9839
9450
7102
3631
109
-2732
-4523
-4952
-3816
-1527
974
2946
4019
3902
2480
18
-2746
-4830
-5548
-4847
-3061
-603
1994
4095
5191
5203
4502
3326
1635
-418
-2239
-3359
-3848
-3849
-3277
-2191
-1024
-256
-14
-150
-578
-1342
-2262
-2864
-2878
-2346
-1393
-219
916
1870
2442
2249
1234
-202
-1742
-3132
-3955
-3919
-2925
-1178
678
2157
3227
3599
2978
1727
261
-1174
-2166
-2478
-2218
-1404
-248
729
1281
1335
837
65
-750
-1666
-2422
-2635
-2333
-1631
-523
775
1833
2320
2065
1221
177
-901
-1879
-2307
-1925
-750
1342
4200
7110
9179
9587
8000
4983
1399
-2029
-4514
-5489
-4915
-3015
-358
2161
3914
4479
3492
1172
-1642
-4000
-5161
-4836
-3249
-829
1793
3812
4843
5005
4443
3232
1574
-202
-1781
-2969
-3681
-3794
-3221
-2301
-1536
-1111
-957
-1011
-1287
-1736
-2186
-2376
-2206
-1792
-1170
-334
576
1359
1843
1889
1487
612
-732
-2242
-3405
-3913
-3733
-2907
-1554
61
1583
2613
2979
2804
2169
1153
32
-865
-1271
-1056
-357
455
1068
1313
1100
502
-344
-1259
-2052
-2583
-2801
-2657
-2049
-962
326
1427
2044
2045
1517
645
-424
-1463
-1981
-1726
-477
2006
5345
8488
10232
9864
7594
4208
355
-3255
-5652
-6243
-5228
-3064
-313
2438
4471
4935
3508
769
-2214
-4507
-5469
-4875
-2870
10
2781
4620
5392
5399
4764
3370
1411
-568
-2198
-3457
-4282
-4329
-3513
-2396
-1547
-1040
-769
-831
-1340
-2087
-2667
-2797
-2545
-2010
-1113
81
1269
2195
2554
2264
1536
275
-1541
-3356
-4499
-4643
-3856
-2508
-889
891
2284
2728
2507
2001
1190
187
-714
-1254
-1157
-473
397
1264
1912
1920
1311
348
-817
-1877
-2581
-3009
-3159
-2791
-1925
-878
127
840
1170
1189
773
-50
-872
-1324
-1231
-182
2189
5500
8830
10903
10707
8404
4826
733
-3034
-5632
-6605
-5856
-3720
-992
1707
3831
4559
3485
1047
-1835
-4059
-4827
-4040
-1927
1005
3754
5479
6012
5582
4523
3023
1199
-600
-2030
-3096
-3871
-4134
-3711
-2910
-2230
-1878
-1704
-1613
-1721
-2052
-2316
-2188
-1715
-1115
-420
371
1149
1805
2148
1990
1416
428
-1063
-2784
-4188
-4819
-4509
-3468
-2057
-426
1089
1933
2076
1903
1496
786
-83
-824
-1132
-849
-149
729
1590
2080
1975
1361
378
-826
-1921
-2643
-3060
-3128
-2640
-1706
-710
33
410
473
349
-29
-632
-996
-830
49
2086
5186
8492
10864
11257
9333
5773
1576
-2346
-5063
-6062
-5411
-3467
-885
1549
3311
3884
2789
276
-2640
-4839
-5454
-4250
-1603
1819
4967
6800
7004
5965
4255
2258
335
-1115
-1944
-2355
-2638
-2782
-2659
-2470
-2542
-2870
-3154
-3274
-3317
-3260
-2913
-2155
-1195
-341
337
923
1390
1675
1729
1551
1194
520
-660
-2173
-3512
-4276
-4358
-3803
-2711
-1258
129
978
1336
1484
1367
882
222
-325
-587
-526
-172
467
1225
1697
1724
1461
997
353
-379
-1107
-1770
-2249
-2430
-2245
-1750
-1184
-770
-559
-528
-621
-835
-1130
-1131
-329
1571
4487
7917
10880
12118
10820
7277
2715
-1556
-4694
-6222
-5862
-3836
-989
1696
3562
4170
3167
559
-2880
-5748
-6785
-5582
-2591
1365
5237
7869
8497
7260
5023
2629
451
-1277
-2210
-2285
-1994
-1862
-1908
-1950
-2147
-2776
-3648
-4289
-4471
-4257
-3684
-2692
-1381
-125
725
1181
1443
1639
1786
1779
1540
1063
182
-1258
-2930
-4195
-4676
-4385
-3487
-2140
-575
669
1195
1274
1213
873
194
-551
-1043
-1072
-598
241
1209
1967
2168
1805
1119
271
-514
-1028
-1368
-1630
-1679
-1457
-1127
-895
-873
-1059
-1403
-1823
-2150
-2239
-1998
-1216
490
3356
6936
10284
12230
11785
8922
4632
203
-3311
-5319
-5570
-4140
-1637
996
3022
4009
3434
1118
-2213
-5304
-6941
-6386
-3757
210
4422
7563
8775
8082
6099
3636
1375
-350
-1368
-1621
-1397
-1223
-1327
-1622
-2150
-3059
-4211
-5114
-5382
-5013
-4145
-2807
-1163
303
1163
1478
1528
1470
1410
1384
1324
1135
578
-571
-2118
-3607
-4619
-4885
-4393
-3310
-1815
-274
822
1406
1694
1585
1002
175
-601
-1032
-922
-366
414
1124
1405
1179
691
100
-501
-891
-1027
-1086
-1066
-903
-683
-559
-647
-983
-1470
-1946
-2330
-2540
-2402
-1742
-322
2162
5616
9350
12159
12628
10218
5912
1319
-2439
-4761
-5316
-4106
-1718
837
2724
3638
3266
1189
-2205
-5590
-7504
-7085
-4366
-105
4584
8258
9628
8475
5826
3048
920
-375
-764
-249
612
857
128
-1093
-2445
-4106
-6008
-7367
-7454
-6367
-4638
-2520
-184
1759
2558
2177
1321
646
369
471
869
1467
1837
1319
-263
-2321
-4132
-5337
-5810
-5412
-4030
-2026
-224
1037
2023
2619
2391
1381
72
-971
-1381
-1149
-405
604
1350
1427
965
262
-445
-911
-1071
-1044
-837
-436
-24
207
133
-301
-1035
-1919
-2696
-3166
-3264
-2848
-1667
457
3601
7466
11146
13053
11893
7989
3111
-1080
-3837
-4877
-4048
-1723
978
2965
3827
3557
1826
-1525
-5535
-8420
-8762
-6323
-1928
3232
7827
10252
9539
6427
2874
380
-788
-821
276
2100
3357
2927
1083
-1196
-3612
-6279
-8591
-9416
-8388
-6147
-3453
-689
1673
2840
2374
906
-346
-691
-195
782
1977
3101
3432
2227
-265
-2924
-4914
-6036
-6156
-5093
-3055
-871
655
1518
1999
1885
991
-256
-1248
-1616
-1200
-117
1188
2144
2271
1514
275
-922
-1683
-1790
-1328
-613
136
724
898
538
-222
-1255
-2440
-3343
-3622
-3400
-2796
-1709
-50
2298
5321
8591
11130
11482
8966
4766
843
-1834
-3145
-3007
-1524
595
2366
3154
2962
1838
-588
-4116
-7360
-8649
-7197
-3426
1420
5976
8895
9025
6381
2698
126
-577
94
1636
3686
5304
5206
3031
-251
-3592
-6712
-9301
-10386
-9336
-6696
-3549
-681
1352
2003
1100
-723
-2207
-2337
-957
1296
3562
5261
5793
4467
1350
-2398
-5395
-6956
-7030
-5706
-3198
-430
1341
1806
1481
598
-725
-1921
-2442
-2033
-724
1031
2547
3257
2819
1397
-335
-1769
-2439
-2003
-719
697
1804
2332
1925
643
-968
-2477
-3687
-4279
-3997
-3001
-1722
-585
472
1803
3588
5856
8350
9870
9109
6371
3135
450
-1307
-1888
-1270
169
1640
2485
2624
2046
319
-2615
-5853
-8012
-7953
-5414
-1198
3423
7081
8326
6527
2915
-125
-1112
-231
1789
4435
6741
7230
5211
1550
-2416
-6093
-9124
-10677
-10032
-7531
-4296
-1328
736
1343
268
-1903
-3801
-4034
-2095
1247
4513
6731
7398
5974
2521
-1722
-5128
-6833
-6807
-5298
-2650
251
2020
2077
987
-617
-2315
-3457
-3494
-2361
-325
1928
3473
3736
2704
798
-1232
-2608
-2808
-1652
344
2189
3288
3460
2470
469
-1709
-3395
-4490
-4806
-4021
-2416
-775
230
553
706
1133
2328
4702
7671
9401
8659
6044
2924
373
-1031
-1276
-635
587
1836
2577
2530
1561
-499
-3495
-6564
-8235
-7340
-4056
326
4425
6893
6556
3607
83
-1705
-1041
1324
4390
7187
8531
7507
4252
-106
-4431
-7945
-9985
-10080
-8268
-5282
-2231
-87
497
-619
-2850
-5020
-5671
-3860
74
4451
7531
8559
7314
4072
-67
-3661
-5690
-5843
-4429
-2048
499
2133
2077
618
-1472
-3507
-4650
-4305
-2681
-330
2037
3447
3281
1744
-369
-2108
-2716
-1952
-80
2251
4047
4547
3730
1928
-443
-2619
-3850
-4105
-3707
-2835
-1656
-722
-417
-813
-1619
-1989
-1085
1567
5664
9562
10941
9093
5346
1600
-853
-1599
-983
518
2403
3773
3947
2955
921
-2108
-5556
-8160
-8479
-5971
-1644
2722
5648
6044
3536
-546
-3488
-3378
-397
3856
7751
10147
10115
7277
2500
-2533
-6523
-8844
-9199
-7629
-4825
-1983
-320
-506
-2344
-5035
-7399
-8051
-6093
-1726
3446
7201
8368
7176
4335
680
-2581
-4290
-4081
-2359
24
2165
3258
2552
130
-2831
-5088
-5836
-4778
-2403
233
2264
3084
2286
168
-2186
-3671
-3629
-2031
644
3655
5918
6393
5019
2605
-74
-2474
-3872
-3808
-2818
-1721
-933
-617
-792
-1463
-2528
-3337
-2926
-556
3495
7843
10442
9826
6458
2238
-800
-1469
-87
1996
3731
4607
4342
2940
783
-1725
-4316
-6421
-7129
-5741
-2458
1363
4046
4409
2081
-1894
-5100
-5237
-1856
3487
8503
11345
11128
8045
3205
-1656
-5094
-6605
-6321
-4785
-2762
-1147
-776
-1945
-4283
-6970
-8939
-9179
-6956
-2544
2556
6315
7300
5692
2700
-390
-2403
-2704
-1523
419
2267
3321
3184
1772
-657
-3254
-4895
-4988
-3579
-1240
883
1798
1339
-260
-2428
-4191
-4693
-3618
-1239
1618
4031
5437
5456
4116
2167
435
-720
-1096
-768
-240
-72
-492
-1389
-2394
-3092
-3358
-3154
-2388
-909
1504
4524
6915
7360
5605
2846
814
527
1766
3521
4797
5006
4003
2209
416
-865
-1789
-2756
-3518
-3431
-2399
-1013
75
457
-284
-2306
-4512
-4924
-2522
1743
5869
8405
8865
7244
4103
754
-1485
-2254
-2141
-1784
-1490
-1376
-1727
-2890
-4644
-6266
-7269
-7469
-6644
-4470
-1318
1557
2873
2456
1268
126
-600
-494
469
1623
2417
2687
2368
1533
444
-716
-1660
-2023
-1721
-912
-92
54
-508
-1372
-2492
-3696
-4288
-3845
-2512
-611
1404
3038
3952
3885
3007
1973
1171
666
557
626
455
-43
-716
-1396
-1804
-1851
-1842
-1975
-2028
-1673
-461
1678
4231
5967
5529
3318
1344
1035
2014
3261
4323
4910
4423
2733
833
-127
-324
-835
-1787
-2329
-1972
-1131
-564
-539
-1112
-2736
-5016
-5964
-3873
633
5128
7708
7953
6221
3204
22
-1889
-1840
-627
484
747
229
-749
-2256
-4213
-5960
-6845
-6818
-6096
-4487
-2144
-3
845
145
-1023
-1617
-1460
-546
856
1958
2426
2471
2055
1243
545
248
208
296
497
810
980
368
-983
-2249
-3297
-4257
-4575
-3861
-2378
-667
830
1872
2395
2339
1766
1269
1250
1425
1623
1640
1244
557
-174
-664
-781
-626
-477
-741
-1293
-1572
-1089
219
2003
3823
4570
3601
1991
1325
1827
2585
3047
3358
3454
2811
1637
990
1136
1201
534
-498
-1227
-1406
-1265
-1346
-1802
-2668
-3948
-4788
-3897
-1004
2592
5003
5296
3874
1755
-243
-1411
-1102
407
1904
2231
1164
-498
-1974
-3207
-4151
-4527
-4346
-3955
-3486
-2804
-1972
-1471
-1800
-2538
-2733
-2088
-903
422
1206
1290
1169
905
469
363
914
1774
2354
2362
2010
1522
658
-644
-1755
-2545
-3383
-3870
-3557
-2513
-1003
375
1134
1260
953
395
-51
82
625
1207
1581
1394
970
677
460
490
631
507
36
-573
-999
-919
15
1266
2410
3377
3465
2583
1617
1425
1778
2018
1982
1942
2115
2026
1708
1824
1978
1495
479
-518
-1147
-1236
-1028
-1259
-1867
-2499
-2940
-2820
-1746
309
2319
2965
2040
586
-415
-895
-767
155
1334
1859
1265
-134
-1493
-2220
-2438
-2473
-2419
-2291
-2263
-2528
-2703
-2464
-2224
-2246
-2312
-2011
-1435
-848
-460
-450
-451
-294
-119
141
617
1540
2553
2922
2536
1882
1206
260
-657
-1236
-1717
-2110
-2173
-1733
-839
168
788
764
164
-726
-1348
-1358
-838
7
819
1074
727
390
255
395
828
1084
987
645
261
-36
84
1081
2251
3056
3314
2873
2114
1316
1004
1211
1441
1563
1683
1827
1771
1695
1677
1267
516
-126
-413
-515
-416
-289
-718
-1555
-2238
-2304
-1719
-697
651
1591
1346
218
-882
-1282
-952
-153
775
1278
1050
133
-1053
-1772
-1752
-1338
-1028
-1083
-1318
-1725
-2310
-2551
-2412
-2213
-2078
-1971
-1757
-1519
-1266
-1154
-1201
-1096
-778
-206
404
958
1668
2236
2193
1652
1114
630
121
-151
-349
-619
-761
-579
-125
293
505
351
-205
-1000
-1652
-1697
-1256
-672
-60
321
152
-297
-473
-315
93
659
1106
1281
1190
951
660
627
1186
2074
3172
3850
3395
2176
1175
1101
1511
1763
1860
1932
1811
1260
649
393
291
71
-151
-155
-44
28
-283
-930
-1348
-1485
-1498
-1334
-655
422
896
374
-489
-882
-600
-76
349
645
700
298
-507
-1225
-1339
-945
-644
-684
-888
-1111
-1515
-2094
-2248
-1980
-1859
-1983
-2146
-2073
-1744
-1397
-1357
-1525
-1278
-504
279
724
1036
1328
1260
826
545
729
910
777
671
494
129
-96
-4
290
476
359
-188
-1033
-1631
-1721
-1392
-873
-356
-119
-310
-809
-1210
-1140
-742
-90
726
1329
1556
1388
1069
741
537
888
1618
2695
3726
3669
2585
1548
1429
1867
2033
1982
1982
1787
1114
371
116
241
378
434
446
323
147
-252
-995
-1447
-1393
-1311
-1347
-1090
-359
86
-305
-881
-882
-327
273
553
572
397
43
-357
-664
-609
-161
105
-138
-560
-834
-1150
-1737
-2082
-1937
-1926
-2221
-2463
-2405
-2059
-1784
-1847
-2038
-1785
-909
56
577
690
659
450
106
159
892
1604
1721
1601
1398
962
561
453
586
654
373
-233
-983
-1492
-1566
-1403
-1193
-1138
-1237
-1428
-1695
-1667
-1213
-718
-173
591
1309
1626
1465
1130
947
911
1226
1959
2967
4040
4239
3298
2089
1506
1740
1981
1880
1800
1552
812
15
-202
183
656
757
587
314
2
-334
-891
-1243
-1009
-834
-1041
-1243
-970
-496
-601
-972
-861
-413
-79
-56
-197
-222
-213
-245
-284
-221
114
323
33
-388
-571
-727
-1237
-1750
-1750
-1640
-1870
-2164
-2243
-2165
-2054
-2106
-2243
-2052
-1369
-518
-62
-51
-83
-93
-126
215
1161
2037
2180
1911
1686
1411
1103
1023
1133
1162
923
399
-309
-942
-1284
-1499
-1783
-2030
-2079
-2018
-2001
-1809
-1232
-684
-325
117
604
878
892
911
1051
1177
1498
2198
3044
3880
4226
3548
2303
1544
1710
2116
2029
1667
1271
692
132
33
395
708
641
327
-48
-372
-546
-756
-934
-823
-760
-1077
-1439
-1328
-790
-496
-612
-637
-478
-361
-333
-286
-69
161
215
128
23
125
283
184
-17
-134
-333
-836
-1467
-1682
-1485
-1477
-1797
-2165
-2381
-2382
-2265
-2107
-1876
-1499
-993
-626
-527
-414
-103
279
684
1317
2046
2259
1891
1549
1459
1480
1521
1533
1469
1197
643
-101
-929
-1619
-1997
-2153
-2202
-2174
-2029
-1882
-1758
-1405
-918
-631
-513
-337
35
492
892
1289
1689
1886
1966
2241
2661
3178
3419
2967
2078
1433
1489
1792
1762
1551
1278
880
456
275
397
483
369
184
-55
-289
-317
-336
-556
-803
-1126
-1571
-1811
-1576
-1026
-680
-590
-475
-409
-441
-377
-164
41
193
342
396
356
375
450
415
294
124
-236
-722
-1134
-1316
-1421
-1714
-2087
-2361
-2505
-2421
-2118
-1849
-1798
-1721
-1367
-842
-388
-57
233
515
854
1327
1803
2075
2167
2234
2197
1946
1715
1560
1192
586
-52
-683
-1345
-1840
-1936
-1771
-1658
-1696
-1817
-1965
-1942
-1621
-1201
-882
-584
-238
157
616
1090
1432
1562
1602
1573
1619
1863
2205
2632
2824
2456
1807
1475
1770
2101
1923
1440
935
483
161
208
629
1029
1073
703
97
-393
-586
-879
-1414
-1676
-1642
-1609
-1574
-1336
-853
-570
-597
-691
-703
-429
34
384
569
721
797
640
381
424
722
740
475
146
-289
-870
-1555
-2042
-2229
-2266
-2266
-2374
-2468
-2316
-1998
-1787
-1695
-1379
-827
-404
-201
111
613
1060
1505
2045
2548
2776
2652
2363
1876
1236
767
415
-53
-502
-775
-1036
-1358
-1539
-1555
-1670
-1900
-1935
-1841
-1758
-1529
-1050
-523
-180
144
514
732
841
1013
1113
980
831
688
551
937
1764
2440
2461
1921
1407
1133
1228
1570
1695
1455
1040
765
811
1175
1711
1895
1378
512
-175
-735
-1086
-1057
-1035
-1286
-1797
-2226
-2148
-1726
-1203
-814
-740
-698
-499
-218
171
607
955
1111
988
886
1037
1194
1278
1152
700
50
-827
-1651
-2077
-2180
-2025
-1904
-2025
-2197
-2324
-2359
-2254
-1974
-1469
-917
-532
-186
219
694
1302
1919
2358
2540
2467
2229
1787
1236
922
765
543
311
15
-430
-915
-1268
-1420
-1489
-1490
-1422
-1442
-1468
-1246
-828
-496
-291
-96
58
79
17
54
168
240
311
288
169
150
202
167
416
1056
1702
1884
1412
873
866
1488
2405
2838
2568
2006
1432
1138
1217
1565
1671
1050
21
-728
-1082
-1272
-1359
-1558
-1869
-2166
-2508
-2523
-2021
-1215
-498
-345
-390
-222
100
554
1030
1522
1893
1848
1434
979
701
581
409
52
-295
-644
-1151
-1695
-2150
-2269
-2117
-2075
-2147
-2201
-2034
-1602
-1107
-613
-128
268
472
562
715
1020
1370
1551
1582
1479
1226
909
579
411
363
236
-27
-418
-800
-976
-936
-856
-764
-614
-466
-346
-287
-258
-276
-402
-504
-557
-597
-554
-420
-291
-221
-171
-136
-205
-311
-278
-200
-306
-286
257
1069
1852
2342
2430
2301
2255
2477
2603
2327
1954
1704
1469
1274
1185
1017
494
-218
-745
-1072
-1314
-1357
-1374
-1653
-1964
-2115
-2097
-1803
-1217
-502
-59
82
325
625
841
1052
1207
1203
1013
766
587
488
515
574
353
-182
-746
-1253
-1642
-1794
-1735
-1581
-1494
-1446
-1300
-1120
-911
-657
-442
-255
-82
44
113
169
321
536
684
761
828
798
645
448
292
233
181
144
99
-50
-172
-135
-3
90
100
27
-124
-323
-532
-692
-762
-705
-577
-596
-767
-877
-867
-842
-845
-769
-664
-672
-671
-511
-260
-30
255
786
1491
2164
2478
2259
1899
1939
2384
2622
2334
1849
1375
878
520
447
519
388
-2
-455
-848
-1110
-1218
-1294
-1428
-1494
-1532
-1609
-1506
-1023
-322
133
175
108
123
316
667
993
1165
1066
717
343
152
194
296
279
179
-12
-403
-840
-1091
-1086
-921
-780
-739
-790
-842
-820
-841
-894
-782
-522
-343
-344
-386
-343
-253
-132
148
533
746
730
619
559
618
748
893
920
778
592
428
278
168
134
109
-17
-210
-384
-586
-861
-1067
-1158
-1273
-1421
-1491
-1426
-1299
-1151
-919
-686
-582
-586
-578
-424
-119
217
549
1057
1716
2282
2469
2213
1822
1677
1893
2133
1985
1492
960
565
421
526
681
549
86
-412
-747
-919
-951
-910
-990
-1238
-1541
-1736
-1590
-1022
-279
201
195
-12
-86
82
471
876
1079
1023
829
710
781
950
1030
922
679
404
72
-333
-648
-796
-854
-918
-1058
-1239
-1381
-1418
-1369
-1344
-1330
-1244
-1081
-881
-666
-406
-91
246
583
894
1089
1113
1038
976
1010
1120
1200
1145
892
570
371
311
259
93
-193
-580
-994
-1284
-1389
-1399
-1397
-1414
-1485
-1576
-1580
-1470
-1306
-1119
-910
-706
-557
-414
-219
-17
137
257
389
657
1174
1706
1992
2010
1877
1726
1693
1857
1992
1798
1357
952
707
609
616
592
381
33
-274
-527
-758
-888
-941
-1099
-1332
-1458
-1406
-1176
-806
-396
-113
17
176
466
840
1197
1397
1387
1263
1185
1220
1273
1233
1048
747
397
51
-271
-551
-806
-1107
-1442
-1701
-1854
-1927
-1927
-1842
-1717
-1582
-1392
-1118
-793
-481
-221
5
254
572
932
1233
1400
1428
1398
1400
1479
1535
1431
1136
724
347
113
-28
-200
-481
-847
-1213
-1484
-1586
-1554
-1522
-1560
-1610
-1613
-1539
-1374
-1170
-1017
-961
-946
-863
-673
-357
5
260
328
296
329
588
1107
1684
2054
2072
1841
1653
1719
1976
2078
1795
1287
819
548
486
518
451
170
-248
-596
-792
-833
-790
-827
-1049
-1297
-1378
-1218
-805
-237
283
563
637
739
975
1287
1564
1651
1505
1237
1022
918
873
789
601
279
-117
-478
-780
-1051
-1322
-1583
-1776
-1868
-1857
-1769
-1674
-1582
-1485
-1328
-1050
-658
-253
68
264
406
603
882
1207
1473
1587
1528
1370
1224
1171
1146
1029
753
332
-113
-438
-616
-743
-918
-1146
-1375
-1530
-1569
-1542
-1549
-1606
-1643
-1606
-1517
-1392
-1234
-1069
-926
-800
-642
-448
-214
43
258
387
490
629
882
1246
1629
1886
1904
1719
1557
1589
1733
1739
1472
1045
627
349
255
308
346
234
-34
-329
-526
-552
-437
-314
-313
-417
-508
-478
-234
188
630
905
963
933
944
1015
1118
1163
1098
908
668
464
340
268
181
21
-236
-561
-912
-1245
-1520
-1686
-1720
-1656
-1568
-1491
-1406
-1260
-1045
-764
-448
-160
54
183
266
378
581
857
1112
1251
1254
1160
1042
949
879
770
563
256
-107
-436
-651
-778
-911
-1084
-1258
-1373
-1411
-1395
-1383
-1423
-1519
-1611
-1637
-1557
-1361
-1100
-849
-655
-506
-356
-173
32
222
342
378
356
366
463
711
1048
1378
1564
1556
1404
1288
1310
1386
1335
1115
815
527
368
405
612
786
793
622
394
215
161
177
151
26
-140
-280
-310
-138
191
520
678
662
572
504
511
601
706
720
592
368
143
-9
-68
-68
-87
-191
-401
-704
-1021
-1240
-1298
-1243
-1147
-1056
-970
-896
-808
-682
-508
-300
-104
31
114
184
285
417
571
742
857
849
731
586
457
328
174
-14
-265
-551
-809
-1008
-1153
-1249
-1300
-1332
-1370
-1368
-1310
-1245
-1209
-1155
-1062
-955
-839
-719
-597
-479
-361
-248
-155
-82
7
94
129
115
96
137
239
452
731
1013
1195
1250
1235
1263
1364
1480
1498
1398
1230
1057
971
1019
1149
1217
1133
880
575
323
170
85
4
-127
-294
-443
-470
-321
-72
158
265
242
175
141
175
271
380
444
426
356
281
235
237
262
245
132
-75
-322
-548
-715
-793
-799
-770
-724
-672
-630
-585
-520
-424
-297
-171
-79
-33
-21
9
92
237
397
481
444
311
129
-42
-185
-309
-439
-607
-789
-940
-1033
-1051
-1010
-955
-920
-931
-964
-1015
-1054
-1052
-1018
-962
-898
-830
-765
-709
-654
-585
-519
-456
-392
-332
-295
-292
-288
-209
-25
267
635
995
1273
1445
1535
1601
1684
1775
1809
1723
1546
1359
1233
1205
1252
1289
1219
1011
727
472
296
186
73
-100
-324
-527
-623
-556
-361
-131
46
122
132
143
202
299
403
487
527
516
488
484
511
531
498
387
206
-18
-229
-402
-528
-616
-668
-682
-665
-628
-584
-544
-493
-417
-336
-278
-265
-305
-360
-385
-363
-292
-196
-120
-100
-133
-210
-306
-411
-518
-622
-737
-852
-929
-954
-930
-872
-808
-755
-723
-714
-734
-783
-854
-912
-933
-905
-826
-721
-635
-593
-578
-549
-472
-356
-242
-175
-155
-139
-64
118
418
783
1122
1368
1510
1591
1668
1762
1843
1847
1748
1587
1424
1323
1305
1334
1319
1192
974
725
518
377
276
151
-31
-247
-423
-498
-444
-287
-110
30
111
146
171
219
295
377
431
442
433
425
434
455
474
459
397
289
149
-3
-147
-270
-364
-438
-497
-552
-612
-665
-701
-710
-694
-662
-636
-627
-642
-663
-670
-645
-600
-553
-527
-523
-535
-548
-558
-575
-601
-630
-659
-671
-659
-637
-617
-611
-603
-593
-575
-569
-587
-642
-721
-784
-807
-789
-741
-684
-633
-592
-547
-488
-402
-293
-189
-110
-59
-2
89
225
393
573
757
944
1124
1292
1434
1536
1564
1520
1430
1329
1242
1177
1136
1111
1075
1005
904
798
716
654
600
534
434
299
165
75
45
74
126
165
179
183
190
213
258
314
353
365
356
344
354
386
433
468
463
398
281
153
37
-59
-142
-226
-312
-389
-444
-485
-521
-562
-620
-694
-780
-855
-915
-959
-994
-1032
-1068
-1098
-1101
-1063
-986
-891
-808
-754
-717
-687
-648
-600
-555
-523
-512
-506
-489
-455
-421
-399
-396
-410
-431
-454
-480
-504
-523
-539
-545
-530
-492
-444
-402
-366
-326
-271
-187
-74
59
188
303
402
508
646
824
1023
1200
1316
1356
1351
1331
1317
1316
1319
1300
1260
1218
1175
1143
1119
1087
1021
924
810
689
571
449
323
211
128
89
73
79
114
157
208
268
317
347
368
374
374
377
388
407
420
411
376
326
257
181
97
-7
-128
-262
-395
-514
-613
-704
-796
-899
-1009
-1107
-1182
-1230
-1253
-1278
-1314
-1352
-1386
-1395
-1369
-1311
-1231
-1139
-1051
-972
-900
-822
-739
-662
-598
-540
-485
-430
-377
-339
-315
-305
-301
-304
-301
-305
-327
-363
-401
-416
-404
-369
-320
-273
-240
-208
-158
-82
16
128
233
328
418
518
641
801
988
1170
1315
1411
1457
1482
1504
1525
1541
1526
1480
1419
1367
1321
1266
1186
1075
943
817
709
618
539
455
367
288
232
209
212
233
256
276
298
326
354
383
400
399
385
369
354
343
325
284
222
139
38
-77
-195
-316
-435
-551
-659
-755
-837
-910
-985
-1068
-1158
-1247
-1321
-1371
-1396
-1413
-1434
-1455
-1467
-1452
-1405
-1328
-1232
-1135
-1040
-951
-858
-766
-685
-611
-547
-488
-433
-388
-359
-341
-327
-309
-290
-270
-259
-264
-272
-280
-281
-264
-234
-206
-187
-166
-136
-91
-25
60
163
276
387
500
615
739
876
1022
1170
1300
1397
1446
1469
1479
1481
1477
1447
1383
1308
1243
1198
1171
1138
1078
990
884
781
693
622
552
482
409
345
303
280
274
281
290
300
306
307
300
289
269
241
211
182
156
133
116
93
48
-15
-83
-157
-249
-358
-483
-608
-721
-812
-887
-960
-1041
-1136
-1236
-1324
-1391
-1437
-1467
-1490
-1506
-1512
-1494
-1445
-1368
-1273
-1168
-1070
-985
-903
-812
-718
-632
-561
-513
-471
-422
-369
-316
-273
-241
-220
-211
-214
-231
-259
-288
-297
-278
-236
-183
-132
-87
-39
25
114
219
319
410
492
573
672
795
938
1092
1234
1348
1424
1480
1522
1550
1563
1551
1507
1433
1362
1315
1298
1291
1271
1208
1104
983
869
781
701
610
498
387
295
231
196
184
181
176
163
153
154
166
180
185
171
149
131
130
145
151
127
77
12
-57
-128
-213
-325
-467
-622
-767
-885
-982
-1069
-1161
-1262
-1358
-1436
-1495
-1542
-1582
-1609
-1627
-1622
-1585
-1519
-1421
-1305
-1190
-1081
-973
-857
-742
-645
-569
-515
-479
-436
-384
-326
-280
-253
-244
-238
-225
-204
-202
-228
-264
-287
-274
-220
-141
-69
-20
15
59
136
242
350
434
490
532
593
707
879
1076
1244
1356
1416
1452
1502
1577
1642
1643
1572
1461
1371
1345
1373
1389
1347
1243
1097
956
847
768
671
533
375
235
138
98
106
128
135
121
88
67
74
111
157
185
181
157
148
166
199
212
185
119
35
-48
-122
-204
-304
-437
-590
-738
-865
-971
-1061
-1141
-1219
-1297
-1370
-1426
-1464
-1484
-1490
-1488
-1479
-1459
-1413
-1333
-1234
-1131
-1030
-931
-832
-736
-649
-580
-534
-496
-455
-414
-369
-331
-303
-275
-242
-205
-172
-155
-156
-166
-170
-159
-136
-102
-62
-31
2
48
103
176
257
324
373
428
500
621
806
1018
1188
1292
1352
1397
1458
1555
1630
1608
1507
1389
1304
1295
1334
1335
1266
1145
1008
885
804
739
636
490
340
213
127
111
140
165
177
166
135
126
155
201
238
245
222
188
184
208
232
237
196
120
29
-63
-152
-243
-351
-475
-610
-736
-847
-943
-1019
-1091
-1165
-1238
-1308
-1366
-1399
-1415
-1431
-1438
-1426
-1403
-1363
-1299
-1225
-1154
-1074
-976
-881
-800
-729
-675
-627
-562
-485
-414
-356
-314
-292
-265
-225
-182
-145
-120
-104
-96
-93
-81
-64
-46
-28
-7
15
48
97
158
233
305
365
422
489
586
720
884
1040
1149
1217
1273
1328
1387
1446
1451
1399
1329
1269
1237
1250
1262
1217
1128
1025
921
842
791
718
606
473
353
261
206
202
211
197
178
153
134
146
169
192
201
194
174
166
187
208
206
178
118
38
-46
-129
-221
-331
-455
-583
-699
-793
-880
-966
-1049
-1144
-1233
-1303
-1354
-1379
-1381
-1383
-1387
-1376
-1342
-1294
-1217
-1121
-1028
-946
-862
-775
-694
-609
-525
-464
-416
-372
-335
-298
-258
-221
-203
-193
-189
-195
-188
-168
-140
-112
-83
-59
-47
-35
-17
2
21
45
84
141
208
281
356
431
510
599
698
804
920
1020
1080
1113
1143
1159
1174
1210
1227
1203
1172
1149
1125
1119
1115
1069
996
928
848
768
718
655
554
443
369
307
254
251
250
227
228
230
230
245
268
281
267
252
225
188
174
157
113
52
-25
-111
-207
-303
-403
-525
-649
-774
-884
-971
-1058
-1150
-1235
-1314
-1376
-1415
-1434
-1433
-1417
-1399
-1373
-1325
-1255
-1174
-1076
-965
-868
-794
-725
-654
-590
-526
-469
-426
-384
-318
-248
-184
-124
-78
-51
-29
-6
3
5
10
20
25
40
63
80
95
115
140
169
204
244
289
340
388
435
479
527
575
625
675
716
745
774
801
832
879
924
946
956
961
948
941
945
928
889
849
812
785
782
788
767
737
705
651
603
571
531
474
425
393
358
341
350
339
311
279
231
179
133
82
20
-50
-111
-180
-245
-298
-360
-430
-506
-582
-658
-738
-816
-898
-979
-1038
-1091
-1125
-1141
-1150
-1152
-1153
-1156
-1157
-1163
-1164
-1152
-1135
-1104
-1058
-991
-921
-849
-767
-686
-619
-555
-491
-440
-397
-350
-310
-267
-206
-139
-82
-23
41
93
139
191
239
271
298
332
363
400
450
499
539
582
628
667
710
749
772
776
781
787
789
789
778
749
715
682
652
625
601
578
548
520
497
477
460
431
396
356
310
273
251
234
211
186
170
163
178
231
285
304
316
318
292
285
299
279
236
204
169
135
145
153
112
67
20
-62
-135
-176
-241
-337
-412
-471
-548
-592
-591
-616
-646
-662
-707
-761
-787
-798
-820
-835
-834
-846
-845
-803
-768
-757
-741
-724
-716
-699
-659
-635
-626
-610
-601
-591
-558
-507
-448
-393
-348
-311
-294
-273
-237
-197
-157
-117
-76
-35
16
87
159
223
285
351
413
472
530
574
598
623
658
695
739
788
821
842
867
882
891
901
915
910
892
883
872
857
847
828
795
756
715
679
647
625
597
553
510
469
431
405
383
354
313
267
224
176
129
81
28
-27
-78
-120
-155
-190
-226
-272
-325
-380
-436
-487
-531
-578
-629
-673
-714
-745
-771
-788
-812
-834
-847
-857
-869
-877
-884
-893
-902
-901
-896
-888
-873
-856
-844
-827
-800
-769
-733
-693
-658
-626
-596
-572
-554
-531
-500
-461
-409
-347
-288
-232
-170
-103
-30
38
104
165
217
265
325
392
464
545
645
742
821
895
957
999
1040
1079
1086
1085
1090
1081
1077
1098
1101
1073
1055
1032
980
940
912
854
779
713
646
571
524
496
453
427
413
368
318
287
248
193
149
112
53
11
-15
-54
-95
-129
-172
-217
-254
-290
-344
-400
-443
-492
-531
-555
-584
-613
-636
-659
-686
-713
-730
-743
-761
-773
-775
-780
-782
-775
-763
-765
-768
-762
-756
-740
-709
-676
-647
-616
-582
-555
-527
-493
-471
-452
-419
-385
-359
-333
-297
-260
-223
-167
-107
-57
-12
29
56
71
96
127
153
187
233
270
305
349
396
439
485
526
556
581
605
621
638
661
689
710
736
771
797
812
822
817
803
785
765
742
719
700
675
643
608
567
523
483
445
403
357
309
260
215
175
136
96
61
31
0
-31
-59
-89
-118
-142
-162
-186
-212
-235
-262
-296
-326
-352
-381
-405
-424
-445
-469
-493
-511
-529
-548
-566
-581
-596
-611
-624
-639
-657
-665
-668
-672
-665
-653
-643
-627
-598
-571
-543
-511
-491
-478
-454
-428
-406
-384
-360
-340
-319
-288
-259
-228
-193
-161
-135
-103
-67
-37
-9
29
66
100
141
176
211
253
299
339
375
418
465
507
554
596
628
664
702
738
767
787
805
822
831
835
826
813
801
783
763
744
725
698
660
618
564
508
459
413
365
312
259
208
163
127
94
61
22
-14
-45
-69
-90
-109
-132
-159
-186
-215
-246
-275
-305
-338
-371
-404
-431
-459
-481
-504
-526
-553
-587
-620
-654
-685
-711
-737
-760
-776
-787
-789
-787
-783
-782
-780
-769
-753
-737
-714
-685
-655
-617
-573
-521
-468
-416
-361
-308
-255
-203
-151
-94
-39
13
69
121
167
215
260
300
336
369
401
435
462
481
499
515
532
551
571
589
602
622
639
652
663
672
676
680
690
691
692
697
697
692
686
674
649
623
599
568
532
497
460
418
378
335
293
254
216
173
126
84
45
4
-31
-65
-103
-138
-172
-199
-223
-243
-261
-286
-305
-323
-341
-359
-377
-396
-424
-452
-470
-485
-498
-507
-513
-524
-531
-535
-541
-545
-552
-570
-582
-590
-601
-610
-611
-609
-602
-591
-575
-560
-542
-516
-488
-463
-435
-408
-383
-351
-318
-286
-258
-227
-199
-165
-127
-86
-45
-2
41
81
121
160
201
239
276
307
333
357
383
412
442
468
492
519
548
580
607
633
650
661
668
673
676
675
675
672
665
655
645
636
621
601
571
535
500
465
430
393
355
318
283
252
222
188
154
116
83
53
22
-5
-31
-56
-78
-103
-125
-146
-170
-194
-220
-247
-278
-307
-331
-354
-380
-402
-422
-443
-461
-477
-493
-513
-537
-558
-579
-594
-609
-622
-634
-641
-647
-646
-640
-628
-614
-601
-584
-565
-545
-520
-490
-460
-431
-399
-362
-321
-283
-247
-207
-169
-132
-93
-52
-10
30
73
114
150
184
216
246
273
300
324
351
381
408
432
454
472
486
506
526
544
560
575
586
599
611
619
620
622
620
614
605
594
582
566
543
519
491
460
429
397
364
327
290
253
215
182
149
111
75
40
6
-26
-51
-80
-112
-136
-156
-177
-196
-211
-226
-247
-262
-283
-305
-324
-344
-361
-374
-389
-408
-427
-441
-454
-468
-477
-486
-493
-500
-508
-513
-515
-517
-519
-513
-502
-488
-473
-457
-438
-414
-391
-365
-344
-326
-304
-281
-255
-224
-197
-170
-142
-120
-96
-76
-56
-33
-6
22
47
69
93
120
149
176
199
221
242
259
279
300
318
336
352
370
386
404
426
446
462
474
485
493
498
497
496
489
482
474
470
461
449
440
432
422
405
383
358
332
303
279
256
227
200
178
158
136
116
95
72
51
31
9
-9
-25
-42
-59
-75
-90
-108
-126
-149
-175
-202
-226
-252
-276
-299
-317
-335
-352
-371
-389
-403
-414
-425
-436
-444
-454
-465
-469
-471
-472
-471
-465
-456
-444
-428
-412
-394
-374
-357
-346
-334
-316
-301
-287
-270
-255
-239
-220
-202
-184
-166
-148
-130
-111
-84
-56
-31
-9
15
41
71
103
130
155
181
208
238
271
299
322
347
370
391
415
432
443
451
456
464
473
480
486
489
489
485
476
471
466
457
444
431
416
407
400
384
367
349
323
301
284
263
234
208
182
154
131
112
85
58
32
-1
-33
-62
-93
-125
-155
-187
-223
-252
-277
-301
-317
-331
-352
-371
-386
-397
-408
-419
-435
-453
-465
-473
-478
-483
-490
-498
-503
-501
-498
-496
-491
-484
-478
-467
-449
-428
-405
-383
-362
-338
-318
-297
-274
-247
-220
-191
-164
-137
-109
-78
-47
-17
15
45
77
108
138
168
192
218
246
277
306
336
361
387
411
437
464
488
513
537
556
568
574
582
586
590
590
582
565
547
533
518
503
488
465
440
414
386
362
337
309
275
241
208
176
147
118
82
48
14
-14
-40
-66
-93
-125
-154
-178
-199
-217
-233
-250
-271
-290
-308
-324
-340
-357
-372
-385
-399
-408
-413
-417
-418
-422
-424
-428
-434
-439
-445
-449
-450
-449
-448
-444
-438
-430
-418
-404
-395
-387
-372
-357
-342
-327
-312
-296
-279
-261
-240
-218
-198
-180
-163
-143
-122
-98
-71
-45
-15
16
42
65
93
122
154
183
213
242
271
302
330
357
384
410
435
459
478
496
513
524
531
536
539
542
544
541
540
536
526
517
501
481
464
445
424
399
371
347
321
296
270
240
214
186
158
134
107
83
63
45
26
3
-20
-42
-67
-88
-106
-120
-136
-158
-178
-196
-213
-231
-247
-261
-275
-289
-305
-323
-344
-365
-380
-391
-405
-419
-435
-447
-456
-462
-471
-479
-481
-484
-489
-490
-486
-483
-481
-471
-463
-454
-437
-415
-396
-377
-356
-335
-315
-291
-266
-242
-215
-187
-157
-124
-88
-55
-20
14
42
73
105
137
168
198
229
257
287
320
355
389
417
441
467
490
509
527
541
554
566
575
581
586
586
585
581
571
559
543
520
499
474
447
419
390
360
331
304
275
241
209
179
146
116
82
51
21
-7
-30
-53
-76
-99
-122
-146
-173
-196
-219
-238
-260
-279
-298
-314
-330
-347
-361
-377
-394
-406
-417
-427
-432
-440
-448
-455
-462
-465
-463
-462
-460
-460
-454
-444
-434
-422
-413
-400
-386
-367
-347
-326
-305
-284
-262
-238
-212
-189
-166
-142
-118
-93
-65
-37
-8
20
47
75
96
120
147
174
204
231
254
279
307
333
359
380
395
412
429
443
461
475
487
496
500
506
509
510
511
508
499
490
478
466
451
434
411
388
365
340
313
284
253
222
191
159
128
96
64
31
1
-28
-58
-83
-103
-123
-145
-166
-186
-208
-230
-247
-262
-276
-288
-296
-305
-313
-320
-326
-335
-345
-356
-361
-363
-364
-370
-377
-381
-382
-382
-382
-379
-378
-375
-371
-365
-354
-345
-334
-321
-308
-292
-277
-261
-245
-230
-217
-198
-179
-159
-137
-117
-100
-80
-61
-43
-23
-3
15
34
52
69
86
104
123
141
155
171
189
208
228
245
263
277
292
307
325
338
349
357
364
372
381
390
397
404
403
406
408
410
408
403
395
386
373
365
355
340
324
305
287
267
244
222
203
184
161
137
114
92
69
46
21
-5
-28
-47
-67
-89
-113
-136
-156
-175
-195
-218
-238
-255
-273
-292
-309
-329
-351
-369
-385
-400
-411
-420
-431
-439
-444
-444
-445
-441
-437
-437
-435
-428
-419
-406
-392
-378
-363
-347
-329
-309
-286
-260
-238
-217
-192
-168
-144
-119
-91
-64
-40
-16
4
27
50
72
95
120
138
153
173
197
217
237
255
270
289
306
323
340
355
368
380
395
404
415
421
426
430
430
430
429
426
424
421
414
401
387
372
356
341
327
311
294
273
250
230
208
185
159
136
113
89
67
46
20
-2
-21
-42
-67
-91
-116
-142
-165
-186
-207
-227
-245
-262
-280
-293
-310
-325
-339
-354
-368
-381
-394
-405
-412
-421
-429
-431
-434
-437
-435
-431
-428
-426
-426
-424
-418
-404
-387
-368
-349
-328
-305
-279
-252
-230
-206
-177
-149
-122
-94
-68
-46
-19
12
39
62
89
114
138
166
193
214
232
247
262
282
304
323
340
356
368
380
390
395
400
406
409
412
413
411
407
406
408
407
398
387
379
371
365
353
337
319
299
280
263
245
225
202
180
153
128
106
87
62
37
14
-10
-34
-58
-77
-99
-119
-135
-153
-171
-189
-207
-224
-240
-253
-261
-272
-281
-293
-305
-317
-331
-342
-353
-364
-368
-372
-382
-389
-393
-394
-392
-389
-387
-383
-379
-373
-361
-352
-342
-325
-309
-293
-275
-256
-238
-219
-202
-185
-162
-139
-117
-93
-70
-46
-22
2
26
46
67
90
114
138
161
179
195
212
231
251
272
290
307
323
338
351
364
376
386
394
402
410
416
423
428
430
431
428
425
420
414
407
396
384
368
350
334
315
293
271
248
225
199
171
144
115
86
60
35
9
-19
-45
-69
-94
-116
-139
-159
-179
-198
-218
-238
-254
-273
-288
-302
-314
-328
-341
-355
-364
-372
-380
-389
-396
-403
-407
-407
-409
-410
-410
-407
-400
-397
-392
-381
-368
-357
-345
-332
-318
-299
-277
-258
-237
-215
-194
-173
-152
-130
-108
-84
-62
-41
-16
7
29
53
77
102
127
150
170
188
208
228
250
270
284
300
315
330
345
355
364
374
380
385
396
402
402
405
400
398
396
393
387
378
373
366
352
339
324
312
296
279
258
235
216
197
176
160
136
108
82
58
36
13
-11
-33
-56
-79
-98
-118
-137
-157
-179
-198
-217
-234
-247
-261
-277
-293
-307
-319
-327
-333
-339
-349
-361
-369
-379
-383
-385
-381
-378
-379
-380
-379
-372
-366
-353
-342
-335
-326
-314
-298
-281
-260
-241
-221
-201
-181
-159
-137
-118
-97
-76
-55
-34
-9
17
39
58
78
96
116
139
159
178
197
216
232
249
263
278
295
309
321
332
341
346
354
361
365
370
375
375
372
371
368
365
361
356
347
340
333
325
314
301
284
266
250
234
219
201
182
161
142
124
105
83
59
33
4
-19
-40
-65
-90
-114
-141
-164
-184
-204
-225
-238
-253
-270
-284
-299
-312
-324
-333
-344
-349
-351
-357
-361
-365
-370
-375
-377
-376
-373
-368
-364
-362
-356
-349
-340
-329
-318
-304
-290
-273
-257
-238
-216
-194
-168
-145
-123
-101
-78
-50
-22
3
29
52
77
104
129
151
174
195
213
226
243
256
270
284
294
304
310
314
318
325
332
331
330
332
330
325
323
318
310
302
296
292
285
277
266
255
246
233
219
205
191
175
161
146
128
110
90
75
58
41
27
10
-8
-25
-41
-55
-71
-86
-100
-114
-125
-134
-145
-156
-168
-176
-183
-192
-201
-207
-214
-219
-225
-230
-233
-235
-238
-241
-243
-244
-250
-254
-252
-249
-245
-243
-242
-242
-236
-226
-216
-205
-193
-182
-178
-167
-155
-141
-127
-111
-96
-86
-73
-59
-40
-22
-6
8
23
41
58
77
92
107
120
131
144
157
168
177
183
187
190
194
196
199
201
204
203
203
201
201
201
199
194
191
187
184
184
182
178
172
161
154
151
147
137
127
121
107
96
85
73
63
52
39
25
14
4
-2
-12
-25
-38
-47
-53
-60
-67
-73
-80
-88
-92
-95
-102
-109
-113
-114
-114
-112
-115
-124
-128
-129
-131
-131
-131
-132
-131
-132
-133
-133
-131
-130
-131
-133
-136
-136
-134
-130
-127
-126
-124
-124
-123
-116
-111
-106
-99
-93
-85
-78
-70
-63
-52
-44
-37
-29
-17
-6
3
13
24
36
46
58
70
80
90
99
105
111
114
117
125
132
135
136
138
141
144
148
152
152
150
146
146
148
154
151
148
149
146
142
137
130
126
120
115
110
102
93
84
78
74
71
65
57
47
40
29
16
2
-12
-22
-30
-36
-43
-54
-63
-71
-79
-88
-96
-104
-109
-113
-121
-125
-130
-133
-132
-134
-137
-137
-137
-138
-139
-141
-142
-144
-146
-146
-143
-142
-140
-136
-131
-129
-124
-120
-118
-117
-115
-111
-104
-96
-90
-80
-72
-64
-56
-47
-37
-26
-17
-11
-3
3
14
27
41
52
58
65
73
77
81
86
89
96
104
112
117
119
122
126
127
130
132
133
135
136
138
141
139
139
140
141
136
133
130
127
122
119
116
112
107
104
99
96
90
81
71
66
59
49
42
33
22
13
6
-5
-12
-19
-26
-31
-38
-45
-52
-61
-68
-74
-80
-89
-95
-96
-98
-106
-112
-117
-124
-130
-135
-138
-142
-142
-141
-139
-138
-142
-148
-149
-145
-139
-133
-128
-125
-123
-118
-113
-109
-105
-97
-89
-83
-72
-66
-62
-58
-49
-41
-33
-22
-11
-5
-3
-1
8
17
27
36
44
50
54
60
69
76
79
85
93
100
106
110
114
119
123
127
129
129
131
137
139
141
138
138
139
141
144
143
137
131
128
123
119
116
112
107
100
91
84
78
71
63
56
48
42
34
25
19
11
1
-7
-17
-26
-34
-42
-48
-53
-60
-70
-79
-87
-95
-101
-104
-107
-114
-122
-127
-132
-141
-144
-146
-148
-151
-149
-147
-143
-139
-138
-142
-142
-137
-131
-126
-121
-117
-112
-107
-101
-97
-91
-81
-75
-69
-62
-57
-46
-36
-29
-20
-12
-6
2
13
28
39
47
50
55
57
63
72
80
86
88
93
98
101
104
109
111
114
117
118
120
123
123
122
119
116
116
117
118
116
116
112
105
98
91
86
85
82
76
66
59
54
51
47
44
42
37
31
20
11
5
1
0
-4
-9
-14
-23
-28
-30
-32
-35
-40
-46
-52
-60
-66
-70
-70
-71
-74
-77
-76
-78
-80
-85
-88
-91
-95
-97
-99
-98
-98
-99
-99
-97
-98
-100
-99
-92
-91
-90
-90
-89
-86
-78
-70
-62
-56
-51
-47
-44
-38
-33
-29
-24
-15
-9
-8
-5
3
13
18
23
28
34
40
47
52
53
53
59
65
68
73
78
83
87
90
89
87
86
88
91
98
101
103
106
105
101
100
96
92
87
84
83
82
80
76
73
67
63
57
56
52
48
40
33
25
17
8
1
-4
-12
-20
-25
-29
-32
-34
-37
-40
-41
-47
-54
-60
-65
-68
-68
-68
-69
-74
-79
-80
-83
-89
-94
-97
-97
-97
-95
-96
-100
-104
-103
-100
-98
-98
-96
-95
-95
-93
-93
-90
-83
-79
-76
-72
-64
-56
-51
-43
-33
-21
-12
-7
-2
1
6
11
18
23
30
37
42
46
49
55
61
65
68
73
76
83
91
93
96
102
105
107
109
110
111
115
115
116
117
118
119
118
118
112
108
104
103
102
96
90
86
83
79
72
66
61
56
46
34
24
15
10
4
0
-4
-11
-19
-26
-36
-47
-55
-62
-66
-68
-73
-79
-87
-94
-101
-108
-113
-116
-118
-121
-122
-124
-125
-127
-129
-131
-132
-129
-129
-127
-123
-120
-117
-114
-115
-113
-112
-108
-102
-98
-92
-84
-73
-62
-51
-40
-31
-23
-17
-11
-7
-2
6
14
22
32
43
52
58
66
73
79
84
91
97
106
114
121
124
122
124
128
131
131
129
128
129
126
120
115
114
111
110
107
103
99
94
91
89
84
78
74
73
68
58
49
40
34
29
23
17
10
6
3
1
-4
-8
-14
-22
-30
-37
-44
-53
-59
-62
-62
-65
-71
-78
-88
-89
-90
-96
-99
-98
-99
-104
-107
-108
-108
-106
-104
-104
-106
-105
-106
-109
-109
-108
-108
-105
-101
-94
-85
-78
-75
-73
-74
-77
-79
-73
-69
-68
-61
-52
-43
-35
-27
-21
-14
-11
-4
1
7
17
26
36
46
55
63
68
74
80
86
93
99
109
114
116
119
124
132
134
134
133
133
129
129
128
128
131
133
133
132
128
124
117
113
109
104
99
91
82
76
73
64
58
54
48
42
36
29
21
12
4
-6
-12
-22
-34
-45
-57
-67
-73
-80
-88
-94
-98
-101
-107
-113
-116
-119
-125
-128
-132
-137
-141
-143
-144
-146
-147
-148
-149
-148
-145
-143
-139
-132
-123
-114
-107
-105
-102
-94
-89
-84
-78
-73
-66
-56
-47
-41
-37
-29
-18
-5
6
16
25
34
43
51
59
67
72
82
91
99
106
112
116
120
121
123
127
129
132
135
141
144
146
146
143
140
138
133
126
120
114
111
110
107
105
98
90
82
73
65
59
51
44
36
27
20
13
4
-4
-16
-23
-25
-30
-39
-48
-53
-56
-62
-68
-73
-80
-88
-96
-100
-101
-102
-105
-108
-112
-115
-116
-117
-117
-114
-113
-113
-110
-107
-106
-101
-100
-102
-105
-106
-101
-96
-89
-81
-75
-68
-61
-57
-52
-49
-45
-40
-35
-31
-24
-16
-7
3
12
19
25
32
39
45
49
52
55
61
68
76
82
83
84
88
94
97
96
93
94
96
95
100
105
104
101
100
101
101
97
94
94
94
89
83
77
75
71
68
66
60
55
54
50
46
40
34
30
21
12
9
8
5
-1
-6
-10
-16
-19
-25
-32
-37
-46
-50
-54
-63
-69
-70
-71
-73
-74
-77
-80
-84
-87
-85
-84
-86
-90
-92
-95
-95
-94
-92
-88
-88
-91
-92
-91
-91
-91
-90
-90
-90
-89
-87
-84
-78
-71
-64
-58
-51
-45
-37
-31
-26
-23
-19
-19
-14
-7
1
12
20
27
30
37
43
47
53
63
69
71
74
81
84
87
91
94
97
99
105
110
111
110
108
106
107
106
106
104
105
103
101
99
96
96
94
91
87
85
80
73
67
62
56
51
44
37
28
18
10
3
-5
-11
-16
-24
-30
-34
-41
-48
-56
-61
-62
-64
-69
-77
-80
-83
-85
-88
-92
-94
-96
-95
-95
-102
-105
-106
-110
-109
-106
-106
-103
-101
-98
-96
-97
-98
-93
-87
-81
-79
-75
-69
-62
-56
-50
-48
-43
-36
-27
-18
-12
-6
0
7
11
16
21
28
35
43
53
61
62
67
71
72
79
86
89
91
93
95
94
97
96
93
94
96
98
97
93
89
88
84
80
78
75
74
70
69
65
60
57
50
45
38
33
30
25
22
16
10
4
-1
-7
-12
-15
-20
-24
-27
-31
-34
-37
-40
-43
-48
-52
-55
-56
-59
-60
-59
-64
-71
-74
-72
-72
-72
-74
-75
-76
-77
-78
-81
-81
-81
-80
-79
-77
-74
-69
-66
-63
-60
-58
-54
-50
-45
-40
-36
-32
-30
-26
-22
-19
-17
-12
-7
-1
4
9
11
14
19
23
27
31
36
38
42
49
52
56
63
66
71
73
74
77
81
83
83
83
82
83
84
85
87
88
87
87
84
79
74
71
67
63
60
58
52
47
46
43
39
33
26
19
16
12
7
2
1
-2
-8
-12
-17
-23
-28
-32
-37
-41
-42
-42
-44
-47
-49
-53
-58
-63
-66
-67
-68
-72
-75
-77
-78
-78
-80
-83
-84
-86
-87
-87
-86
-86
-84
-83
-82
-80
-75
-73
-72
-68
-63
-59
-52
-45
-41
-38
-35
-32
-27
-22
-17
-11
-5
3
8
12
15
19
27
33
39
43
47
55
57
60
65
68
72
74
75
77
78
79
83
88
89
89
89
91
93
92
93
91
88
86
80
76
72
70
63
59
57
52
48
44
39
34
27
21
16
11
6
5
2
0
-6
-13
-19
-22
-24
-28
-30
-33
-39
-41
-41
-41
-45
-51
-58
-61
-63
-66
-66
-64
-62
-66
-68
-71
-73
-70
-67
-67
-67
-68
-68
-69
-66
-64
-62
-65
-65
-62
-58
-54
-50
-49
-47
-43
-39
-37
-33
-31
-31
-28
-23
-18
-9
-3
2
4
7
9
12
15
16
18
21
26
34
38
43
47
50
52
53
54
55
57
64
69
70
70
73
74
70
70
71
72
72
72
73
72
68
66
62
59
56
52
48
42
39
34
33
32
29
26
25
22
18
15
13
9
6
2
-3
-8
-13
-18
-23
-26
-28
-30
-31
-36
-40
-42
-46
-50
-53
-56
-60
-63
-65
-67
-64
-61
-62
-63
-65
-64
-63
-63
-62
-66
-68
-64
-61
-58
-56
-55
-55
-56
-56
-54
-52
-48
-43
-39
-36
-32
-30
-23
-18
-17
-14
-14
-13
-10
-3
2
7
11
17
21
25
30
34
39
44
47
50
57
62
64
66
62
63
65
66
69
70
68
68
67
65
65
68
68
64
63
64
67
69
65
62
60
59
56
52
50
47
44
41
38
35
32
29
25
21
16
11
7
2
-1
-6
-13
-21
-27
-33
-37
-36
-38
-44
-48
-52
-59
-63
-64
-69
-70
-71
-73
-74
-73
-74
-77
-79
-81
-79
-75
-74
-72
-70
-66
-66
-63
-61
-63
-61
-58
-54
-52
-51
-46
-42
-42
-40
-35
-28
-26
-22
-16
-10
-7
-1
2
3
5
8
11
17
22
26
30
34
39
42
44
46
52
57
60
62
63
63
64
66
67
67
68
67
64
63
65
66
66
63
63
60
55
54
53
51
51
49
46
44
42
39
37
36
32
24
19
15
13
11
8
7
8
5
2
-2
-7
-11
-14
-16
-20
-23
-25
-25
-25
-30
-36
-41
-43
-49
-53
-57
-60
-59
-58
-58
-59
-59
-61
-62
-61
-58
-57
-54
-53
-52
-50
-51
-54
-55
-53
-47
-40
-37
-36
-35
-32
-28
-25
-22
-19
-16
-13
-8
-3
0
4
9
12
12
14
17
20
24
26
28
32
35
37
39
43
46
45
42
40
42
45
50
51
53
53
52
52
51
50
48
47
44
43
42
42
39
36
34
31
25
19
15
14
14
11
9
8
7
4
1
-2
-5
-4
-3
-5
-9
-10
-12
-13
-14
-15
-18
-20
-23
-26
-29
-29
-29
-32
-34
-35
-39
-43
-44
-45
-44
-41
-42
-42
-40
-39
-37
-38
-40
-39
-36
-35
-33
-34
-33
-31
-28
-26
-28
-29
-25
-19
-19
-19
-18
-16
-13
-9
-3
0
-1
0
6
11
14
14
14
17
18
21
20
21
24
27
30
33
33
36
40
42
43
44
47
47
49
51
51
51
48
46
43
42
44
47
45
39
35
34
33
32
30
27
22
16
15
15
13
9
7
6
4
3
0
-4
-3
-3
-5
-9
-10
-11
-13
-16
-17
-21
-24
-24
-24
-25
-26
-27
-28
-28
-30
-32
-34
-38
-38
-39
-38
-39
-42
-40
-40
-39
-39
-41
-43
-45
-45
-41
-39
-39
-37
-36
-33
-32
-30
-26
-22
-21
-19
-17
-18
-20
-21
-18
-14
-13
-15
-14
-11
-6
-4
-1
2
2
5
11
14
20
23
27
29
32
36
37
37
36
34
37
43
44
44
49
51
48
44
41
39
41
42
41
44
46
46
44
43
41
40
37
35
34
32
32
32
28
25
23
22
20
16
10
5
2
1
0
1
-1
-3
-5
-6
-6
-10
-14
-17
-23
-24
-26
-25
-27
-33
-37
-37
-37
-37
-38
-40
-44
-43
-40
-40
-42
-44
-44
-43
-43
-40
-40
-39
-36
-36
-35
-33
-31
-29
-28
-26
-26
-27
-27
-25
-24
-21
-19
-17
-16
-16
-13
-7
-3
1
3
2
2
3
7
12
16
17
22
26
27
28
30
29
28
31
31
30
32
36
36
34
31
30
30
29
29
28
27
27
27
28
31
32
31
30
30
26
21
22
19
18
17
15
16
17
16
15
15
13
6
5
3
0
-2
-4
-7
-9
-9
-11
-13
-13
-15
-18
-17
-15
-18
-22
-26
-28
-26
-23
-24
-23
-24
-26
-29
-29
-28
-29
-29
-25
-24
-24
-26
-28
-30
-29
-30
-30
-28
-24
-18
-16
-14
-15
-13
-11
-11
-10
-7
-4
-1
-2
0
3
1
0
3
5
8
11
11
12
16
21
22
20
22
24
23
24
22
19
20
23
25
26
26
26
27
28
28
25
23
26
26
24
23
21
19
19
19
19
18
16
13
11
9
8
9
10
9
9
9
5
0
-1
-3
-1
-1
-3
-8
-11
-12
-12
-13
-15
-15
-14
-18
-20
-19
-21
-22
-22
-23
-23
-23
-24
-24
-21
-21
-23
-24
-26
-29
-32
-33
-30
-29
-27
-25
-25
-24
-24
-23
-23
-23
-18
-15
-15
-16
-14
-11
-10
-10
-9
-7
-7
-3
-1
1
1
3
6
9
10
11
12
13
14
14
15
18
21
20
20
22
25
26
27
28
28
28
26
31
36
36
34
34
33
31
30
29
29
30
31
30
29
27
25
24
23
20
17
14
11
10
8
5
6
5
3
2
2
3
0
1
-2
-5
-7
-9
-12
-11
-13
-12
-14
-17
-20
-20
-21
-25
-29
-31
-32
-36
-37
-35
-34
-35
-37
-36
-34
-31
-32
-31
-30
-29
-28
-27
-26
-23
-21
-18
-20
-22
-20
-15
-13
-11
-9
-9
-10
-8
-4
-3
-3
-3
-1
1
5
6
6
9
13
12
13
15
16
16
19
20
18
17
18
18
18
21
24
24
25
25
27
28
27
27
25
24
22
21
21
22
19
16
16
17
16
17
19
18
17
16
16
13
8
8
10
9
5
2
1
-2
-3
-4
-5
-5
-5
-4
-4
-4
-5
-8
-10
-14
-14
-14
-14
-14
-15
-17
-20
-22
-19
-18
-19
-20
-21
-19
-15
-12
-15
-19
-21
-19
-17
-17
-17
-20
-20
-20
-19
-15
-13
-11
-8
-5
-6
-6
-6
-5
-7
-10
-13
-10
-7
-3
-1
-4
-6
-4
-4
-4
-4
-3
1
6
8
10
13
16
17
16
14
14
13
16
17
17
19
24
24
24
21
19
18
21
23
20
18
20
22
25
22
17
17
20
22
22
21
17
16
13
11
12
10
11
13
13
12
11
10
9
4
-2
-5
-4
-5
-9
-10
-9
-8
-9
-13
-17
-22
-23
-22
-23
-23
-24
-23
-23
-25
-26
-25
-25
-24
-24
-27
-27
-29
-30
-30
-30
-32
-31
-26
-25
-24
-25
-24
-24
-24
-24
-22
-20
-17
-15
-14
-13
-9
-4
-2
1
3
2
1
2
3
5
7
11
13
15
18
18
18
19
22
22
25
28
29
30
32
32
32
30
29
30
33
36
37
37
36
33
30
27
26
28
26
23
23
22
21
21
20
21
20
17
17
17
14
13
12
11
7
4
1
-3
-7
-9
-12
-12
-12
-14
-16
-19
-22
-24
-25
-26
-27
-30
-32
-32
-33
-31
-32
-32
-31
-32
-33
-32
-30
-28
-29
-32
-30
-28
-30
-30
-32
-30
-27
-25
-25
-24
-21
-18
-18
-17
-16
-19
-18
-11
-7
-6
-4
3
3
3
6
8
7
9
12
15
16
16
17
17
16
17
19
22
25
28
28
28
27
27
25
26
27
29
31
33
31
31
30
28
26
27
23
19
22
22
23
25
25
22
15
10
7
4
4
5
3
-1
-2
-2
-3
-6
-6
-7
-8
-10
-9
-9
-13
-14
-14
-12
-11
-13
-12
-14
-17
-19
-19
-18
-17
-16
-15
-17
-19
-21
-20
-18
-20
-21
-23
-22
-17
-17
-17
-16
-16
-17
-16
-18
-17
-12
-9
-4
-2
-7
-10
-10
-11
-10
-9
-6
-3
-1
1
2
1
0
-1
0
3
4
7
9
8
12
12
11
12
15
16
18
23
23
19
16
16
19
21
21
20
20
19
18
20
21
23
25
25
23
19
16
14
15
17
15
14
9
8
7
5
1
-3
-5
-4
-3
-4
-4
-6
-7
-9
-11
-14
-17
-15
-13
-11
-10
-11
-14
-17
-19
-19
-21
-19
-17
-18
-18
-20
-21
-21
-20
-19
-18
-17
-16
-15
-15
-18
-19
-17
-18
-18
-19
-17
-16
-16
-13
-11
-12
-11
-10
-9
-9
-5
-3
1
3
3
2
3
4
7
8
8
6
8
10
9
13
14
16
18
18
16
17
18
18
19
20
19
20
21
25
26
22
20
23
23
25
25
24
25
24
25
25
24
23
20
18
18
19
17
15
15
13
10
7
7
7
7
5
3
-2
-5
-6
-5
-4
-7
-10
-10
-8
-10
-10
-12
-10
-9
-9
-8
-8
-9
-11
-14
-16
-17
-15
-16
-17
-20
-22
-23
-25
-27
-25
-27
-29
-30
-27
-26
-28
-29
-29
-28
-29
-29
-30
-28
-29
-27
-22
-20
-17
-18
-17
-12
-9
-9
-10
-9
-5
0
3
7
6
4
3
6
8
8
9
11
13
14
16
15
17
19
22
23
24
25
25
25
24
23
23
24
26
30
33
33
30
27
24
20
20
22
23
20
22
23
24
20
13
9
6
2
4
3
4
6
6
3
-2
-5
-6
-7
-7
-5
-6
-8
-8
-11
-11
-11
-13
-15
-16
-16
-12
-12
-12
-10
-14
-17
-19
-23
-22
-22
-22
-20
-16
-18
-20
-21
-19
-18
-16
-12
-11
-11
-12
-11
-12
-10
-7
-6
-5
-3
-1
2
1
-1
-4
-4
-4
1
2
3
5
4
6
6
4
5
8
11
12
14
14
14
14
16
17
18
20
21
19
18
19
19
18
16
15
15
14
14
15
12
12
10
8
9
10
12
10
8
5
4
1
1
0
0
2
2
0
0
-2
-1
-3
-6
-7
-8
-10
-9
-10
-11
-13
-17
-20
-21
-22
-20
-18
-19
-22
-21
-20
-19
-21
-20
-17
-20
-20
-17
-13
-12
-11
-12
-11
-10
-12
-12
-15
-14
-11
-11
-10
-6
-6
-5
-9
-10
-7
-5
0
4
4
3
2
3
6
8
7
6
6
4
5
10
11
11
10
7
8
10
10
12
14
13
10
9
9
10
13
14
16
18
15
14
16
14
11
10
12
14
16
18
18
16
12
12
10
10
13
18
17
14
13
12
11
11
7
7
6
4
3
3
2
1
2
3
2
0
-1
-3
-4
-6
-7
-8
-7
-5
-5
-8
-9
-11
-15
-16
-14
-11
-11
-12
-9
-8
-8
-10
-11
-11
-12
-12
-10
-9
-8
-10
-12
-12
-13
-14
-14
-15
-14
-12
-13
-13
-12
-13
-11
-11
-11
-11
-11
-9
-8
-7
-7
-7
-6
-3
1
4
3
-1
0
2
3
2
1
2
3
2
2
2
2
3
3
4
3
2
4
6
4
6
7
6
7
7
9
11
11
12
13
12
12
11
9
11
12
14
16
11
8
10
11
9
7
3
4
6
8
7
7
6
5
4
5
3
2
3
4
4
1
-1
-1
0
0
-1
-3
-7
-8
-8
-6
-4
-5
-6
-5
-6
-7
-7
-10
-8
-6
-7
-8
-5
-8
-9
-10
-10
-9
-8
-9
-8
-6
-6
-4
-5
-7
-8
-8
-10
-9
-8
-9
-9
-7
-4
-3
-4
-5
-3
-2
-2
-2
-2
0
0
4
6
5
4
5
9
10
8
8
7
9
11
13
14
15
13
14
11
10
11
12
14
12
12
11
9
10
11
12
10
7
9
7
5
6
8
9
7
7
5
2
2
2
1
0
-1
-1
2
2
0
0
-4
-7
-11
-11
-12
-12
-10
-10
-14
-15
-13
-16
-16
-15
-14
-15
-15
-15
-14
-12
-11
-13
-14
-15
-15
-13
-10
-8
-7
-9
-13
-14
-14
-11
-10
-8
-11
-12
-10
-7
-7
-6
-2
-1
-4
-5
0
2
2
0
1
3
5
8
12
14
13
14
15
16
16
16
14
13
16
17
16
15
16
18
20
16
14
14
13
14
17
15
12
13
15
17
17
17
16
16
15
11
8
7
5
4
3
2
0
-2
-5
-4
-3
-3
-5
-5
-7
-10
-12
-12
-12
-11
-10
-9
-7
-8
-9
-13
-13
-13
-11
-8
-7
-7
-6
-7
-7
-7
-8
-10
-11
-13
-13
-11
-12
-12
-14
-12
-11
-10
-9
-11
-13
-16
-16
-15
-11
-7
-7
-6
-9
-7
-5
-1
1
3
3
3
5
3
3
3
4
6
7
11
12
9
9
9
8
7
8
10
11
11
14
11
7
6
10
15
15
11
10
9
7
9
10
9
10
10
14
12
10
9
11
10
7
4
4
4
3
3
3
2
0
-1
-3
-5
-6
-4
-4
-5
-6
-8
-6
-5
-7
-9
-8
-9
-9
-7
-5
-4
-5
-6
-4
-6
-9
-6
-3
-1
-2
-5
-8
-7
-7
-6
-6
-5
-3
-4
-3
-5
-5
-3
-3
-4
-5
-7
-7
-6
-6
-5
-4
-4
-6
-3
-2
-2
-3
-3
-1
0
1
0
0
0
-1
-3
-1
1
1
4
2
-1
-1
-2
3
4
4
8
10
10
9
11
14
12
10
13
15
14
12
11
11
11
12
10
8
8
6
7
7
6
4
3
6
5
4
3
2
1
1
2
2
4
3
0
0
-1
-1
-1
-1
-5
-5
-4
-4
-5
-7
-6
-6
-8
-12
-9
-9
-7
-8
-11
-11
-12
-13
-11
-11
-9
-7
-8
-11
-11
-10
-10
-8
-6
-6
-8
-8
-7
-4
-4
-5
-3
0
0
-5
-4
-6
-6
-5
-3
2
4
4
4
5
3
4
3
-1
1
6
7
5
4
2
4
7
9
9
9
9
10
10
11
12
13
11
7
2
4
8
13
15
14
12
11
11
11
11
13
13
11
8
9
11
10
9
8
7
1
-2
-1
2
4
3
2
-2
-4
-6
-5
-5
-5
-7
-10
-7
-5
-8
-10
-8
-9
-11
-15
-13
-10
-9
-10
-11
-12
-13
-13
-12
-11
