-1
-2
-1
-1
-2
-2
-1
-1
-2
-1
0
0
0
-1
-1
-2
-2
0
-1
1
1
0
-1
0
0
0
0
1
2
2
2
2
1
2
0
1
1
1
1
2
1
1
0
0
0
-1
-1
-2
-1
-2
-2
-1
-3
-2
-3
-3
-1
-2
-2
-2
-1
-1
0
0
0
1
1
2
3
2
3
2
3
2
0
0
0
0
0
0
1
2
1
2
2
3
2
1
2
2
2
1
1
1
1
1
0
0
0
-1
0
0
-1
1
1
1
2
2
2
3
4
5
5
6
4
3
3
3
2
1
0
1
1
0
0
-1
-1
-1
0
0
0
0
1
1
1
1
1
1
1
2
0
1
1
0
-1
-1
-2
-2
-3
-4
-3
-4
-3
-4
-3
-4
-2
-2
-4
-4
-4
-3
-2
-2
-3
-3
-2
-2
-2
-2
-2
-1
-1
-3
-1
-1
-2
-2
-2
-1
-1
-2
-1
-1
-2
-2
-1
-1
0
-1
1
1
0
0
-1
0
0
0
0
1
0
0
0
-1
0
0
1
0
1
1
1
0
1
0
0
0
0
2
2
2
2
1
1
1
-1
1
1
1
0
0
2
1
1
1
2
1
2
2
0
1
2
1
1
2
2
3
2
1
0
0
0
0
0
1
0
1
2
3
2
1
1
-1
-1
-1
-3
-3
-3
-1
-2
-2
-1
0
-1
-2
-1
-1
-2
-1
0
0
-1
-1
0
0
0
2
2
1
2
2
2
2
3
4
2
2
4
5
4
4
4
3
4
5
4
2
2
2
0
1
1
0
0
0
-1
-2
-3
-2
-1
-2
-3
-3
-4
-3
-4
-4
-4
-4
-5
-6
-6
-5
-6
-4
-4
-4
-4
-3
-2
-2
-2
-1
-2
-2
-2
-1
-1
-1
-1
0
0
-1
-1
0
-2
-1
-3
-3
-2
-3
0
2
1
0
1
0
-2
-1
-2
-1
1
0
3
4
5
6
4
4
2
2
4
3
5
2
3
4
4
3
-1
1
1
0
1
-1
0
-2
-1
-1
-1
-1
-2
1
1
1
4
2
6
8
5
7
6
6
6
5
2
0
4
-1
-2
-4
-6
-5
-7
-7
-7
-6
-5
-6
-6
-9
-7
-5
-7
-5
-3
1
2
0
2
0
1
5
2
0
-1
5
4
1
1
-2
-3
-1
-2
-4
-4
-2
1
0
-4
-2
3
1
4
8
3
6
10
11
13
7
-1
3
5
-1
0
3
2
2
3
4
7
2
1
3
2
-1
-6
-3
0
-5
-7
-6
-5
-6
-5
-9
-13
-9
-7
-6
-7
-5
-4
-9
-6
-7
-8
1
1
2
5
1
-1
-2
-5
-8
-8
-9
-7
-2
0
4
5
-2
-4
1
4
3
10
14
8
9
12
12
15
14
15
10
10
15
12
5
-1
-4
0
2
-3
-1
3
0
-6
-7
-7
-9
-13
-11
-4
-5
-1
5
-1
-10
-11
-5
-1
3
-2
-3
8
11
8
5
0
-2
-4
-14
-13
-9
-14
-18
-13
-5
-12
-8
0
-1
-5
-1
9
-4
-6
-2
-2
-3
-4
0
-4
-1
5
7
12
6
3
11
4
5
8
4
4
4
9
0
-1
3
1
4
-4
1
3
-2
-1
-5
-2
1
1
11
26
19
17
121
105
20
20
23
-1
-27
-36
-45
-38
-23
-19
-2
16
-23
-27
-49
-88
-77
-53
-29
-27
-16
-17
-8
26
28
40
41
31
12
11
23
-1
-13
-17
-26
-10
9
9
14
32
31
4
4
-7
-12
-9
-15
-4
15
27
44
35
23
36
43
13
-4
6
-1
3
5
-7
-14
-12
-15
-26
-23
-19
-21
-5
-12
-25
-10
-8
-29
-12
-8
-24
-2
11
4
2
4
-7
-6
-10
-4
-5
-12
-22
-17
3
1
-18
3
20
-14
4
11
19
45
27
17
38
28
1
15
9
10
19
16
26
21
10
22
5
-20
-4
-31
-40
7
17
8
18
26
7
10
4
-15
-13
15
-15
-51
41
37
-13
13
-10
-19
1
-12
-35
-24
-28
-63
-48
-9
-25
-18
8
-6
-30
6
-7
-39
1
-22
-23
10
-18
-7
25
20
9
20
48
38
44
28
13
67
96
21
-39
-40
9
38
-12
-42
-30
-48
-51
-35
-41
-32
-38
-40
-42
-28
15
-10
3
24
-20
1
22
18
52
64
38
14
-3
16
3
-13
26
12
-1
28
5
18
25
-3
10
1
-1
-15
-13
12
-19
4
47
-16
-24
-5
-9
11
8
-28
-38
0
23
31
58
77
55
122
94
-66
-36
6
-21
69
83
80
122
34
34
87
7
-166
-245
-224
-209
-202
-82
-36
-75
-90
-113
-61
-13
-64
-62
-11
-55
-30
2
66
117
91
87
132
177
154
164
178
24
-78
-73
-100
-32
44
64
50
47
77
47
-5
-29
-74
-85
-32
-19
26
62
84
118
106
20
-16
-59
-39
13
-19
-19
-54
-43
-2
-1
29
68
21
-3
-43
-73
-83
-106
-123
-92
-62
-56
-60
-32
37
61
50
-21
-83
-56
-51
-60
30
99
102
64
71
88
65
86
49
9
-13
-43
-42
-4
5
-40
-84
-83
-76
-110
-64
2
-22
-62
-27
-19
28
44
19
23
23
24
35
72
97
68
42
63
62
57
-1
-22
-7
7
21
-14
-31
-5
-23
-36
18
35
7
-44
-57
-22
0
19
-10
-32
-10
-28
-59
-22
12
11
-10
6
67
58
16
32
26
-20
-61
-57
-5
19
27
5
37
73
16
-86
-59
3
-35
-58
4
37
-14
-55
-67
-2
45
-35
-69
-9
49
39
33
65
82
25
-25
29
43
48
-2
9
27
14
7
-3
29
64
9
-15
41
25
-28
-76
3
-22
-61
-2
42
53
90
97
19
-3
4
-34
-61
-14
-10
-3
11
25
-35
-29
41
-8
-51
-4
31
-48
-93
-53
-87
-171
-116
-28
34
67
34
-13
29
10
-106
-125
-78
-18
-33
9
89
36
-54
-75
-18
21
8
32
69
70
50
0
36
73
3
-34
18
116
101
66
63
25
-37
-102
-81
-26
27
7
-38
7
28
-56
-124
-45
-20
-77
-55
11
37
17
-19
-13
34
52
38
6
51
65
17
22
52
19
-51
-21
44
48
-10
-30
-31
-45
-17
-23
-57
-27
4
-4
20
66
54
4
4
10
29
59
41
-4
6
36
26
7
12
-7
-37
9
69
86
57
21
-48
-65
-46
-33
12
38
37
30
50
35
5
-11
-22
-22
16
75
108
92
59
28
-25
-27
-2
-25
-39
-32
-48
-83
-86
-98
-132
-127
-77
-54
-68
-78
-104
-117
-95
-36
-2
15
26
28
41
93
101
26
-8
10
48
99
133
98
23
-39
-57
-28
19
47
41
26
20
27
24
13
-3
-38
-56
-40
-4
16
17
-16
-48
-34
-11
1
-2
-33
-55
-30
18
47
28
-15
-39
-26
13
42
41
26
23
18
0
-11
-32
-59
-71
-50
-4
40
51
17
-28
-47
-43
-33
-2
38
50
39
40
35
10
-26
-48
-17
19
58
77
48
0
-45
-63
-58
-22
8
8
30
51
26
-19
-48
-70
-54
14
79
116
123
100
46
14
31
48
49
63
75
60
39
-5
-39
-52
-32
-13
6
21
-37
-98
-124
-127
-135
-103
-41
5
31
37
7
-29
-33
-43
-28
23
62
54
22
-2
-31
-57
-62
-56
-48
-18
14
8
-2
-32
-84
-110
-63
-5
0
12
34
12
-16
7
28
32
21
12
11
34
50
13
-20
-13
16
25
55
77
37
-15
-21
27
78
96
74
48
63
102
135
153
148
101
48
47
77
87
73
71
87
99
91
53
-6
-66
-120
-138
-103
-51
-30
-38
-38
-49
-72
-88
-108
-94
-52
0
27
20
-15
-89
-139
-127
-95
-88
-91
-101
-133
-168
-189
-221
-256
-279
-281
-256
-200
-153
-187
-263
-273
-194
-93
-10
48
21
-40
-16
42
83
140
157
104
95
190
242
181
118
96
118
194
310
359
312
235
198
241
344
448
463
424
424
488
531
536
509
434
347
319
374
394
322
190
61
-27
-65
-66
-87
-131
-190
-252
-285
-307
-343
-420
-489
-502
-447
-390
-367
-365
-390
-439
-453
-394
-356
-364
-388
-389
-368
-327
-335
-421
-496
-505
-486
-467
-427
-398
-420
-438
-381
-307
-297
-334
-343
-302
-216
-116
-60
-65
-64
-45
-20
38
93
110
101
153
269
356
365
354
365
392
473
595
713
834
983
1147
1311
1432
1395
1191
1032
1072
1207
1336
1410
1376
1215
987
809
663
511
325
122
-28
-77
-99
-234
-493
-778
-995
-1100
-1044
-862
-730
-763
-876
-944
-967
-971
-950
-896
-822
-704
-564
-488
-509
-601
-704
-738
-649
-511
-458
-504
-552
-585
-622
-671
-710
-758
-778
-722
-631
-584
-604
-654
-717
-685
-540
-397
-351
-362
-358
-311
-162
57
207
182
118
127
202
288
392
596
885
1289
1652
1839
1801
1657
1489
1442
1646
1997
2279
2366
2333
2197
2002
1754
1474
1160
908
810
828
848
717
335
-248
-779
-1023
-1000
-870
-768
-755
-843
-961
-1051
-1155
-1260
-1293
-1187
-966
-698
-490
-457
-571
-714
-782
-740
-589
-427
-378
-451
-545
-609
-687
-794
-899
-950
-934
-887
-875
-933
-1063
-1201
-1260
-1205
-1038
-854
-776
-818
-854
-745
-564
-454
-422
-342
-177
-35
6
22
111
237
307
378
525
665
646
510
400
440
700
1063
1429
1665
1822
1863
1810
1696
1629
1652
1793
2013
2258
2447
2462
2276
1935
1600
1328
1157
1048
968
879
699
365
-82
-536
-903
-1152
-1247
-1225
-1172
-1151
-1209
-1350
-1531
-1654
-1666
-1543
-1329
-1099
-888
-723
-619
-584
-557
-501
-424
-325
-208
-141
-143
-212
-278
-330
-432
-564
-629
-613
-650
-799
-953
-1020
-1061
-1098
-1061
-949
-902
-923
-874
-761
-685
-555
-417
-331
-225
-100
8
78
185
301
380
488
520
565
697
746
697
656
730
838
892
847
722
661
731
847
948
1022
1137
1286
1309
1114
858
756
816
905
947
997
1097
1134
1006
759
523
357
250
194
177
203
178
12
-234
-467
-632
-702
-630
-477
-366
-331
-379
-464
-541
-571
-592
-617
-565
-389
-176
-86
-192
-329
-362
-346
-352
-352
-298
-272
-319
-383
-441
-467
-474
-478
-549
-657
-673
-615
-577
-622
-682
-703
-642
-551
-563
-657
-746
-747
-625
-433
-289
-263
-279
-253
-218
-154
-47
73
212
370
507
587
621
628
605
553
543
608
732
822
786
648
500
393
281
134
8
-51
-68
-25
64
130
62
-100
-227
-271
-230
-146
-24
142
325
498
675
831
932
994
1013
1012
1062
1198
1328
1367
1323
1242
1134
980
784
618
506
394
239
72
-91
-268
-489
-735
-919
-995
-997
-983
-924
-830
-806
-866
-985
-1111
-1100
-914
-749
-774
-831
-750
-634
-634
-782
-902
-823
-678
-682
-770
-758
-712
-833
-1018
-998
-869
-714
-577
-495
-472
-452
-363
-304
-237
-57
179
283
289
371
615
703
436
175
332
772
841
513
335
469
503
195
-119
-5
431
705
645
564
728
821
588
338
512
1051
1499
1622
1616
1690
1781
1659
1392
1307
1426
1505
1478
1477
1489
1299
799
238
-24
54
163
111
-22
-161
-370
-692
-979
-1098
-1121
-1127
-1128
-1116
-1075
-1011
-1052
-1245
-1441
-1460
-1252
-1005
-934
-1062
-1194
-1211
-1161
-1068
-947
-860
-851
-886
-919
-966
-997
-990
-978
-899
-728
-615
-583
-595
-602
-551
-556
-541
-281
74
191
5
-57
213
431
281
19
142
549
747
633
514
576
730
633
384
390
574
594
428
497
927
1430
1599
1426
1167
1022
975
1036
1276
1624
1899
1977
1945
1932
1909
1657
1204
876
925
1247
1504
1417
978
396
-165
-648
-903
-831
-603
-505
-625
-866
-1134
-1404
-1704
-1967
-1990
-1654
-1170
-904
-947
-1123
-1280
-1370
-1345
-1141
-786
-486
-424
-514
-577
-594
-646
-726
-675
-431
-167
-87
-229
-471
-685
-806
-765
-535
-269
-240
-436
-585
-615
-598
-456
-307
-351
-395
-196
51
121
5
-223
-257
135
531
589
692
904
811
530
526
791
985
952
797
711
764
828
917
1159
1479
1657
1555
1253
1052
1055
1088
1128
1300
1572
1776
1755
1479
1115
818
528
279
291
525
656
470
-3
-614
-1192
-1600
-1710
-1485
-1125
-953
-1026
-1239
-1549
-1829
-1930
-1857
-1635
-1257
-797
-382
-156
-206
-417
-506
-319
39
396
683
831
724
438
267
236
158
100
168
197
47
-190
-447
-769
-1103
-1284
-1239
-1069
-988
-1152
-1432
-1535
-1389
-1204
-1075
-909
-728
-641
-523
-254
-149
-205
34
502
784
981
1218
1248
1042
821
755
959
1329
1497
1326
976
591
354
464
777
1023
1132
1116
934
598
291
237
378
499
640
931
1220
1249
996
581
186
16
128
416
720
834
589
73
-483
-857
-897
-643
-335
-106
11
-65
-335
-684
-1002
-1095
-825
-390
-2
320
459
245
-163
-416
-352
-65
250
431
417
257
30
-215
-465
-657
-672
-508
-333
-320
-546
-953
-1352
-1564
-1531
-1317
-1068
-977
-1091
-1285
-1438
-1427
-1222
-1023
-900
-673
-401
-336
-421
-447
-401
-308
-86
316
751
916
654
237
111
327
594
727
793
818
706
446
154
47
255
691
1126
1361
1286
969
581
328
361
689
1153
1556
1814
1878
1719
1385
990
689
642
910
1368
1729
1711
1233
451
-291
-620
-410
121
558
603
300
-112
-489
-822
-1068
-1087
-826
-441
-161
-69
-189
-551
-1007
-1238
-1045
-532
-48
74
-190
-571
-834
-911
-844
-693
-538
-429
-392
-493
-782
-1175
-1503
-1633
-1477
-1126
-892
-1001
-1380
-1756
-1873
-1680
-1321
-990
-783
-704
-697
-722
-729
-659
-471
-191
158
543
869
915
591
139
-24
243
732
1115
1181
937
544
188
55
296
840
1408
1662
1562
1291
1056
929
938
1094
1419
1897
2412
2702
2590
2138
1572
1151
1076
1393
1883
2181
2019
1385
523
-233
-667
-731
-500
-172
-4
-113
-484
-1022
-1585
-1976
-2011
-1686
-1155
-659
-413
-496
-789
-1088
-1233
-1096
-679
-141
259
346
117
-248
-528
-609
-507
-299
-73
47
-68
-454
-975
-1423
-1637
-1586
-1417
-1338
-1442
-1681
-1945
-2120
-2134
-1989
-1751
-1493
-1241
-1026
-887
-831
-774
-578
-190
327
842
1198
1274
1115
918
849
976
1213
1408
1484
1439
1263
939
538
205
181
582
1268
1798
1779
1227
550
224
405
931
1513
1943
2143
2162
2073
1930
1706
1408
1148
1113
1376
1732
1802
1332
425
-495
-1002
-966
-584
-192
-93
-376
-879
-1326
-1570
-1672
-1680
-1528
-1166
-689
-345
-322
-614
-959
-1070
-805
-253
306
562
399
-17
-394
-520
-389
-179
-64
-68
-140
-294
-611
-1094
-1572
-1814
-1720
-1428
-1209
-1285
-1644
-2022
-2153
-1978
-1642
-1332
-1131
-1001
-885
-764
-650
-527
-367
-89
334
820
1173
1252
1060
788
652
763
1053
1311
1365
1183
891
576
261
-33
-69
336
1017
1516
1456
912
246
-99
81
691
1394
1866
2000
1938
1868
1852
1812
1658
1450
1361
1526
1825
1922
1542
731
-117
-581
-513
-146
151
107
-291
-784
-1135
-1274
-1304
-1326
-1322
-1187
-890
-596
-520
-741
-1067
-1171
-864
-295
180
300
66
-277
-453
-338
-45
202
238
109
-31
-125
-302
-646
-1046
-1294
-1282
-1097
-1001
-1213
-1699
-2167
-2321
-2113
-1751
-1496
-1450
-1510
-1499
-1333
-1090
-896
-768
-574
-186
353
808
943
751
473
406
654
1057
1320
1265
991
713
555
445
252
10
-11
385
1047
1550
1503
939
263
8
374
1148
1870
2172
2075
1883
1886
2096
2278
2196
1891
1638
1661
1885
1974
1639
903
123
-284
-192
133
290
58
-453
-918
-1120
-1107
-1088
-1179
-1284
-1257
-1049
-827
-789
-996
-1246
-1250
-900
-360
18
6
-330
-642
-640
-329
33
176
56
-167
-309
-366
-478
-744
-1075
-1274
-1239
-1088
-1071
-1352
-1842
-2232
-2281
-1984
-1576
-1338
-1376
-1543
-1590
-1402
-1065
-736
-489
-230
126
547
843
863
664
490
558
875
1241
1386
1204
806
440
237
185
107
-25
-58
242
796
1274
1286
820
280
142
602
1397
2089
2358
2258
2076
2100
2370
2679
2739
2447
2024
1770
1769
1809
1586
1033
377
-69
-187
-116
-130
-392
-847
-1244
-1372
-1271
-1163
-1255
-1488
-1649
-1606
-1398
-1196
-1127
-1170
-1183
-1061
-788
-487
-326
-371
-482
-450
-216
76
210
98
-153
-362
-455
-474
-522
-647
-829
-1006
-1147
-1280
-1467
-1696
-1860
-1852
-1677
-1472
-1387
-1453
-1542
-1480
-1205
-819
-461
-197
23
286
591
848
957
929
890
971
1180
1389
1428
1222
866
562
421
386
288
87
-82
31
452
944
1162
905
384
62
310
1014
1741
2120
2124
1985
1956
2139
2436
2600
2419
1994
1650
1598
1710
1653
1218
563
-4
-278
-280
-236
-373
-767
-1226
-1467
-1416
-1256
-1267
-1514
-1780
-1831
-1614
-1288
-1053
-1037
-1151
-1230
-1113
-795
-467
-314
-347
-384
-282
-70
102
84
-110
-341
-464
-471
-449
-538
-761
-996
-1150
-1238
-1347
-1509
-1675
-1748
-1678
-1523
-1387
-1360
-1412
-1367
-1090
-659
-246
34
213
417
707
1019
1221
1259
1178
1134
1214
1377
1424
1250
888
523
311
222
148
-55
-318
-449
-201
315
773
817
416
-28
-52
502
1305
1913
2105
2007
1909
2045
2372
2665
2662
2314
1893
1689
1752
1821
1607
1051
405
-30
-173
-140
-209
-518
-988
-1339
-1386
-1272
-1232
-1432
-1747
-1909
-1769
-1405
-1075
-1005
-1214
-1446
-1449
-1130
-661
-342
-302
-406
-420
-275
-83
-7
-118
-306
-416
-408
-366
-412
-621
-906
-1108
-1178
-1188
-1269
-1440
-1604
-1642
-1534
-1364
-1232
-1201
-1195
-1048
-700
-274
74
268
415
652
963
1207
1285
1229
1159
1174
1264
1329
1248
1013
677
414
284
212
52
-189
-389
-313
72
536
765
570
180
18
395
1113
1759
2042
2010
1906
1968
2257
2579
2709
2488
2067
1761
1704
1753
1624
1225
659
158
-159
-301
-382
-602
-991
-1383
-1551
-1523
-1506
-1655
-1929
-2113
-2066
-1811
-1530
-1382
-1447
-1595
-1606
-1358
-918
-519
-331
-316
-298
-183
-18
91
79
-18
-103
-113
-93
-133
-306
-566
-769
-866
-930
-1071
-1286
-1484
-1559
-1497
-1356
-1230
-1182
-1191
-1128
-878
-493
-130
102
242
440
744
1024
1141
1090
1013
1044
1179
1297
1280
1101
822
548
379
303
197
-40
-294
-364
-103
287
562
548
280
34
146
712
1387
1782
1805
1725
1784
2041
2359
2565
2546
2281
1981
1838
1876
1871
1621
1140
646
315
108
-57
-280
-591
-946
-1201
-1276
-1298
-1419
-1688
-1931
-1973
-1809
-1582
-1466
-1498
-1591
-1579
-1410
-1113
-790
-552
-444
-390
-284
-151
-63
-69
-127
-165
-163
-163
-241
-404
-609
-783
-903
-1005
-1158
-1385
-1600
-1686
-1599
-1434
-1305
-1244
-1222
-1142
-918
-560
-207
28
169
347
635
950
1139
1136
1034
992
1067
1172
1192
1082
857
589
376
255
126
-128
-434
-593
-422
-22
347
482
340
113
100
509
1150
1663
1850
1866
1972
2217
2512
2722
2794
2670
2422
2231
2192
2199
2042
1662
1173
760
446
190
-44
-292
-583
-895
-1122
-1262
-1419
-1683
-1948
-2033
-1920
-1768
-1726
-1761
-1814
-1801
-1698
-1486
-1188
-936
-819
-789
-683
-502
-374
-373
-434
-457
-458
-491
-587
-703
-839
-991
-1110
-1177
-1265
-1458
-1680
-1753
-1597
-1344
-1160
-1065
-998
-898
-730
-453
-120
170
374
536
756
1020
1214
1242
1147
1054
1055
1114
1170
1150
1020
778
499
282
126
-26
-205
-299
-252
-27
264
543
647
519
345
498
1087
1730
2065
2119
2220
2443
2677
2842
2986
3046
2865
2541
2319
2303
2245
1934
1438
975
621
263
-77
-344
-569
-877
-1238
-1502
-1663
-1832
-2091
-2296
-2301
-2132
-1984
-1974
-2064
-2142
-2108
-1977
-1759
-1507
-1304
-1215
-1197
-1134
-1000
-862
-807
-842
-898
-912
-903
-920
-953
-1002
-1060
-1132
-1198
-1256
-1324
-1357
-1289
-1082
-820
-606
-489
-427
-335
-139
163
475
734
921
1082
1264
1427
1498
1430
1314
1238
1236
1266
1282
1213
993
664
368
188
52
-112
-227
-188
-52
111
285
544
706
646
531
791
1436
2009
2196
2179
2311
2557
2746
2836
2936
2925
2637
2221
2004
2047
1984
1577
982
515
179
-196
-583
-862
-1055
-1360
-1744
-2033
-2165
-2286
-2503
-2662
-2607
-2382
-2232
-2245
-2319
-2301
-2166
-1969
-1718
-1458
-1259
-1162
-1091
-981
-847
-742
-700
-699
-707
-703
-700
-701
-713
-761
-825
-878
-903
-943
-990
-965
-818
-592
-387
-228
-124
-72
-9
170
486
813
1034
1121
1187
1310
1450
1488
1402
1289
1231
1226
1214
1155
991
720
431
251
146
-4
-227
-354
-317
-144
62
322
581
638
488
448
854
1475
1867
1926
1997
2261
2539
2653
2677
2706
2574
2221
1888
1836
1899
1703
1177
629
282
-13
-380
-733
-946
-1131
-1432
-1743
-1936
-2026
-2178
-2363
-2409
-2247
-2056
-2016
-2078
-2112
-2019
-1847
-1631
-1420
-1271
-1190
-1134
-1029
-904
-809
-762
-733
-709
-699
-699
-708
-701
-727
-784
-810
-786
-771
-830
-858
-755
-541
-334
-176
-46
38
82
155
364
675
956
1091
1113
1143
1227
1294
1257
1149
1033
965
920
889
806
632
392
171
0
-159
-337
-450
-420
-285
-67
182
468
571
457
361
643
1239
1724
1896
1947
2138
2371
2519
2583
2650
2614
2344
2012
1875
1943
1875
1480
927
512
233
-77
-399
-656
-845
-1133
-1473
-1716
-1817
-1903
-2083
-2224
-2211
-2071
-2005
-2038
-2089
-2057
-1949
-1802
-1617
-1448
-1345
-1329
-1290
-1173
-1023
-928
-913
-910
-899
-871
-840
-782
-729
-753
-811
-815
-738
-695
-711
-677
-518
-288
-109
3
81
152
235
372
603
897
1144
1232
1204
1206
1295
1352
1282
1120
991
940
936
905
790
598
349
113
-98
-249
-354
-366
-333
-173
77
377
567
531
418
495
933
1470
1847
1984
2088
2233
2386
2522
2637
2682
2501
2150
1860
1806
1822
1631
1174
646
247
-79
-365
-623
-855
-1126
-1472
-1748
-1912
-1995
-2135
-2298
-2380
-2323
-2200
-2134
-2117
-2130
-2075
-1963
-1778
-1595
-1471
-1411
-1361
-1253
-1104
-937
-818
-771
-800
-844
-817
-720
-597
-560
-603
-642
-615
-553
-538
-513
-406
-214
-24
116
227
324
406
487
637
878
1145
1300
1298
1263
1309
1389
1366
1234
1078
978
922
891
850
737
528
252
11
-172
-299
-385
-395
-341
-165
107
425
551
406
229
385
899
1411
1679
1762
1867
1980
2092
2226
2380
2378
2094
1709
1526
1600
1618
1347
839
357
-6
-302
-530
-696
-864
-1162
-1516
-1744
-1813
-1855
-2011
-2177
-2206
-2077
-1954
-1923
-1949
-1956
-1883
-1749
-1557
-1384
-1274
-1252
-1234
-1128
-930
-749
-688
-713
-754
-749
-690
-571
-460
-468
-565
-618
-541
-428
-377
-341
-241
-63
124
257
329
390
485
615
794
1018
1224
1298
1242
1204
1273
1350
1284
1100
929
859
838
806
697
500
249
0
-185
-324
-431
-513
-545
-497
-307
16
348
404
184
19
286
872
1356
1539
1606
1751
1907
2030
2175
2346
2311
1961
1575
1493
1650
1637
1269
753
354
46
-260
-506
-632
-759
-1070
-1449
-1664
-1679
-1724
-1936
-2130
-2101
-1902
-1796
-1841
-1908
-1874
-1766
-1637
-1458
-1253
-1100
-1073
-1074
-971
-763
-590
-543
-571
-578
-517
-429
-350
-323
-377
-450
-467
-389
-301
-249
-219
-151
-23
138
278
341
363
421
572
780
954
1024
985
944
994
1116
1167
1059
851
655
546
520
548
525
381
116
-149
-306
-397
-500
-611
-627
-532
-338
-48
320
517
353
77
187
772
1367
1614
1651
1755
1910
1992
2081
2267
2347
2082
1638
1448
1580
1638
1312
780
364
87
-207
-493
-635
-707
-944
-1323
-1585
-1602
-1598
-1777
-2008
-2033
-1854
-1726
-1776
-1901
-1929
-1834
-1647
-1422
-1222
-1118
-1141
-1204
-1158
-948
-715
-615
-650
-690
-653
-539
-408
-351
-406
-500
-499
-378
-231
-125
-58
-2
74
216
407
542
562
555
647
835
1012
1057
982
930
1008
1140
1145
973
735
559
468
458
518
568
459
155
-189
-381
-398
-365
-378
-392
-361
-260
-82
231
564
643
427
297
639
1260
1678
1732
1696
1779
1902
1998
2127
2249
2140
1758
1398
1319
1395
1284
888
423
81
-187
-475
-721
-856
-987
-1242
-1519
-1652
-1662
-1744
-1943
-2096
-2078
-1968
-1909
-1922
-1938
-1876
-1740
-1569
-1407
-1265
-1162
-1128
-1118
-1049
-882
-697
-588
-573
-585
-546
-448
-356
-339
-388
-412
-344
-202
-64
30
94
165
284
445
578
630
641
704
863
1048
1140
1102
1043
1090
1209
1230
1061
817
658
613
608
602
569
441
182
-105
-275
-317
-340
-391
-412
-372
-278
-141
100
413
563
450
330
554
1045
1425
1519
1510
1574
1683
1778
1890
1987
1897
1579
1237
1100
1120
1043
763
387
54
-261
-593
-856
-965
-1015
-1179
-1417
-1585
-1641
-1701
-1835
-1953
-1968
-1893
-1809
-1752
-1724
-1681
-1597
-1468
-1308
-1144
-1015
-958
-942
-905
-803
-662
-524
-439
-430
-437
-399
-310
-249
-260
-278
-217
-69
73
167
219
265
346
483
631
728
780
850
992
1157
1240
1194
1105
1112
1210
1247
1101
840
619
520
508
514
474
310
34
-244
-397
-435
-464
-536
-596
-585
-528
-413
-171
209
477
433
254
358
818
1283
1489
1512
1524
1533
1548
1652
1816
1808
1494
1077
854
864
863
659
304
-47
-352
-645
-867
-949
-976
-1126
-1370
-1516
-1491
-1435
-1495
-1617
-1671
-1605
-1485
-1375
-1292
-1230
-1177
-1115
-1009
-846
-679
-614
-666
-718
-668
-538
-418
-360
-384
-452
-490
-438
-341
-301
-323
-329
-268
-171
-79
-2
59
134
259
422
543
597
652
782
968
1106
1111
1036
1029
1133
1206
1102
865
662
580
570
558
508
364
107
-172
-329
-352
-384
-524
-693
-742
-645
-501
-366
-172
90
263
255
256
512
953
1298
1431
1479
1557
1631
1676
1735
1788
1713
1459
1159
989
956
881
639
272
-81
-374
-626
-822
-927
-1005
-1147
-1334
-1454
-1472
-1476
-1531
-1602
-1599
-1505
-1371
-1264
-1201
-1137
-1031
-899
-784
-688
-600
-555
-582
-633
-608
-500
-396
-390
-474
-559
-568
-524
-498
-497
-478
-425
-382
-346
-265
-133
-8
86
191
330
470
582
694
843
1007
1104
1093
1063
1120
1227
1234
1085
906
817
794
738
610
434
243
68
-63
-166
-298
-485
-683
-783
-731
-584
-484
-478
-458
-289
41
360
516
551
680
980
1312
1523
1623
1675
1673
1626
1617
1689
1705
1504
1147
871
783
740
535
155
-237
-538
-763
-938
-1023
-1049
-1149
-1364
-1557
-1593
-1532
-1520
-1568
-1543
-1375
-1175
-1079
-1081
-1054
-944
-820
-723
-612
-497
-484
-586
-647
-546
-383
-346
-452
-545
-512
-407
-339
-335
-361
-382
-373
-290
-129
33
102
92
117
249
449
616
713
772
835
889
923
947
970
965
924
883
862
819
706
537
355
214
143
114
46
-115
-342
-546
-641
-611
-529
-475
-459
-452
-417
-301
-23
355
599
607
598
806
1127
1342
1425
1484
1518
1481
1435
1473
1534
1435
1127
778
601
569
470
186
-178
-480
-731
-956
-1088
-1080
-1081
-1240
-1464
-1563
-1501
-1407
-1363
-1320
-1200
-1026
-901
-861
-830
-731
-601
-500
-409
-288
-203
-244
-350
-374
-284
-189
-164
-194
-239
-270
-280
-278
-278
-268
-243
-225
-199
-126
-15
52
62
98
216
372
496
575
611
610
596
599
633
691
737
715
605
471
388
339
255
137
50
16
-41
-167
-327
-465
-535
-516
-421
-333
-312
-339
-325
-220
-1
352
706
860
806
810
1019
1294
1453
1486
1469
1429
1395
1376
1360
1285
1085
776
505
426
440
295
-71
-428
-624
-739
-860
-937
-952
-1023
-1171
-1281
-1244
-1100
-995
-983
-972
-833
-638
-548
-585
-592
-499
-395
-343
-309
-274
-308
-418
-508
-470
-346
-283
-347
-455
-495
-474
-458
-463
-454
-423
-392
-358
-303
-209
-108
-48
-15
75
238
362
383
357
373
419
463
506
551
572
537
447
341
282
278
252
159
43
-41
-116
-201
-267
-300
-333
-363
-344
-276
-217
-198
-179
-94
69
272
509
780
971
997
972
1098
1333
1494
1523
1498
1444
1346
1264
1225
1186
1063
848
603
427
341
229
-4
-273
-447
-571
-719
-836
-866
-898
-994
-1060
-1019
-909
-817
-781
-776
-735
-642
-571
-567
-557
-492
-449
-458
-470
-462
-487
-542
-553
-505
-448
-442
-492
-560
-583
-556
-525
-500
-463
-420
-401
-362
-261
-142
-56
-4
41
99
184
259
273
240
250
315
378
417
431
396
313
246
243
270
268
201
76
-53
-103
-89
-82
-93
-101
-118
-151
-143
-66
21
58
76
127
246
402
548
677
828
973
1052
1078
1153
1270
1323
1303
1259
1216
1139
1036
925
819
699
543
352
166
52
-47
-197
-386
-536
-654
-779
-867
-877
-844
-830
-820
-803
-774
-727
-663
-610
-577
-524
-471
-451
-457
-461
-469
-480
-464
-434
-414
-420
-436
-460
-484
-485
-474
-478
-502
-515
-515
-486
-417
-334
-262
-202
-135
-81
-35
7
42
72
107
155
185
198
223
255
263
255
267
270
251
224
209
190
156
116
65
42
70
123
128
91
78
93
116
150
216
261
264
251
265
321
428
536
613
681
784
880
894
869
887
951
974
932
860
782
683
570
478
429
395
301
144
2
-69
-129
-237
-369
-469
-540
-608
-646
-647
-621
-623
-666
-704
-678
-608
-570
-573
-577
-560
-574
-612
-620
-575
-506
-469
-460
-469
-473
-479
-491
-482
-425
-360
-359
-404
-425
-385
-313
-233
-163
-124
-119
-130
-130
-103
-43
18
40
39
48
78
101
134
181
222
246
254
253
241
226
221
227
236
251
257
237
221
227
256
289
328
355
347
320
308
316
321
314
297
289
316
379
450
509
569
607
597
578
603
645
646
607
562
519
482
455
435
407
383
325
231
147
114
79
-9
-120
-215
-301
-389
-453
-492
-526
-567
-618
-669
-690
-670
-656
-682
-705
-693
-670
-650
-603
-537
-491
-473
-450
-417
-379
-328
-285
-261
-244
-217
-205
-202
-178
-137
-115
-112
-106
-125
-166
-192
-179
-155
-147
-159
-202
-245
-244
-192
-134
-84
-42
-20
-20
-5
52
119
156
175
190
212
253
303
339
367
412
461
490
498
492
460
417
398
403
389
333
263
206
193
231
286
316
311
292
266
264
300
360
395
396
387
395
421
456
494
512
496
460
427
408
373
310
223
127
27
-70
-169
-260
-335
-410
-485
-550
-586
-617
-647
-666
-657
-626
-599
-576
-551
-511
-460
-405
-346
-288
-240
-220
-211
-198
-169
-142
-130
-138
-158
-182
-215
-245
-270
-283
-297
-326
-369
-406
-427
-442
-453
-449
-421
-376
-321
-267
-221
-168
-96
-6
83
166
231
280
320
365
429
496
550
587
604
611
620
626
611
564
496
427
371
329
283
220
147
73
27
15
35
66
81
90
109
158
223
292
355
416
468
513
555
606
657
655
618
588
587
561
485
386
277
165
49
-65
-182
-293
-409
-539
-650
-705
-722
-748
-787
-801
-784
-760
-722
-658
-576
-502
-443
-381
-306
-216
-148
-121
-106
-75
-47
-56
-81
-100
-129
-183
-231
-268
-308
-362
-424
-482
-518
-533
-548
-568
-573
-543
-498
-443
-367
-277
-194
-112
-17
88
187
274
351
418
492
572
634
671
697
716
716
697
680
659
616
547
465
385
309
239
173
111
57
11
-30
-53
-46
-31
-13
15
66
127
191
255
317
384
449
502
534
564
599
610
588
548
508
449
371
287
203
107
1
-111
-228
-332
-421
-498
-571
-616
-642
-669
-693
-688
-648
-597
-538
-469
-398
-333
-266
-196
-128
-66
-19
6
15
18
12
-12
-46
-76
-112
-163
-224
-287
-347
-398
-445
-486
-520
-543
-554
-554
-530
-480
-420
-358
-291
-219
-145
-66
26
120
207
286
352
408
463
518
561
584
599
604
590
561
529
493
438
371
305
244
182
124
71
18
-15
-32
-42
-48
-40
-21
2
29
61
95
130
174
222
271
314
353
381
398
405
404
385
349
303
247
183
117
48
-29
-105
-171
-230
-281
-326
-365
-406
-440
-462
-469
-460
-438
-405
-369
-327
-278
-223
-170
-116
-64
-24
0
11
10
-2
-17
-35
-61
-94
-131
-172
-217
-258
-290
-312
-331
-345
-356
-363
-359
-344
-315
-279
-235
-187
-137
-78
-11
57
120
177
227
272
311
345
373
393
403
406
402
396
386
368
340
307
272
235
193
151
109
70
40
19
11
7
6
8
16
27
47
73
94
115
135
153
172
194
213
222
220
218
212
192
168
138
98
49
-1
-50
-96
-136
-176
-219
-261
-293
-317
-332
-338
-340
-337
-328
-306
-283
-256
-229
-194
-155
-116
-72
-30
2
21
34
45
49
51
41
17
-16
-51
-84
-114
-137
-160
-181
-193
-193
-186
-178
-165
-149
-125
-94
-62
-27
8
44
82
121
158
192
220
242
261
272
278
276
273
262
247
234
216
191
164
137
110
87
68
52
34
19
9
-2
-7
-4
-1
2
6
12
18
23
33
43
50
54
60
61
58
52
46
31
10
-12
-38
-72
-106
-139
-169
-196
-219
-239
-259
-276
-286
-288
-285
-278
-263
-241
-219
-195
-167
-135
-106
-74
-40
-6
22
48
72
90
103
113
120
122
114
95
71
48
29
12
-6
-26
-41
-53
-57
-52
-37
-18
7
34
65
100
136
167
200
231
260
284
300
307
307
303
293
278
256
226
193
158
125
91
55
20
-18
-54
-82
-101
-114
-124
-128
-132
-130
-118
-101
-81
-62
-47
-35
-25
-11
3
14
18
18
13
1
-14
-31
-51
-76
-101
-126
-153
-183
-211
-240
-269
-289
-299
-305
-310
-309
-304
-293
-276
-247
-214
-183
-151
-120
-85
-49
-8
30
58
83
107
128
145
159
168
169
169
165
152
136
120
101
80
67
56
43
27
17
12
16
31
50
65
82
104
132
163
197
226
250
268
291
311
320
322
315
301
280
257
229
198
160
120
79
39
6
-27
-61
-93
-119
-139
-153
-158
-162
-163
-162
-153
-138
-120
-102
-86
-72
-59
-44
-30
-19
-12
-13
-21
-34
-45
-57
-78
-100
-128
-153
-178
-201
-224
-248
-268
-284
-293
-299
-301
-304
-301
-289
-271
-251
-229
-202
-174
-144
-115
-85
-54
-22
6
29
49
71
89
103
113
121
121
117
112
108
105
101
96
88
78
69
67
66
68
76
86
96
108
124
145
169
194
216
239
263
284
301
313
327
335
335
325
310
292
273
249
220
186
154
120
85
51
22
-3
-30
-56
-75
-87
-94
-101
-105
-107
-104
-99
-94
-85
-74
-65
-62
-55
-48
-44
-44
-49
-54
-66
-77
-91
-109
-130
-150
-174
-200
-226
-246
-260
-274
-285
-297
-307
-311
-309
-305
-298
-282
-264
-248
-227
-202
-174
-145
-120
-98
-76
-53
-30
-12
1
17
29
38
45
52
57
61
67
72
74
71
68
68
72
82
91
98
107
117
128
145
166
184
203
223
240
252
265
278
285
291
294
293
287
277
266
251
233
213
187
160
134
111
87
64
46
28
8
-9
-19
-27
-31
-34
-37
-41
-46
-46
-44
-46
-45
-43
-45
-46
-48
-51
-54
-55
-62
-74
-85
-95
-107
-121
-135
-149
-163
-178
-191
-203
-216
-226
-234
-240
-243
-245
-245
-244
-237
-226
-218
-206
-187
-172
-158
-142
-124
-105
-89
-74
-61
-45
-30
-17
-8
3
16
27
34
41
52
61
67
72
79
88
96
100
107
116
125
133
140
152
164
175
184
193
202
210
216
222
225
229
227
222
216
210
202
190
179
164
149
131
115
101
86
71
55
39
27
14
2
-6
-15
-23
-31
-36
-42
-48
-53
-55
-57
-59
-61
-64
-62
-65
-69
-72
-75
-77
-81
-90
-98
-102
-106
-114
-123
-133
-143
-155
-163
-170
-175
-181
-189
-196
-199
-196
-192
-185
-178
-172
-163
-153
-144
-132
-115
-100
-85
-71
-57
-42
-31
-19
-6
7
18
26
33
41
48
55
59
63
67
70
72
78
85
90
94
97
101
106
110
115
121
128
136
140
146
152
160
164
166
165
167
166
162
157
151
144
135
123
114
107
96
83
72
66
57
47
37
26
15
8
0
-6
-8
-10
-17
-25
-27
-27
-30
-34
-37
-41
-43
-46
-46
-45
-45
-48
-54
-58
-59
-61
-69
-78
-84
-90
-96
-103
-109
-116
-126
-135
-142
-145
-148
-152
-154
-153
-149
-145
-143
-136
-125
-115
-109
-102
-93
-82
-74
-66
-56
-45
-34
-29
-24
-19
-10
-3
2
7
13
16
17
21
25
30
34
35
39
48
58
66
73
79
83
87
95
102
109
116
120
124
126
130
133
133
132
129
124
121
122
117
112
110
107
100
91
84
80
75
68
62
57
52
43
33
26
22
19
15
7
1
-5
-10
-14
-13
-10
-12
-19
-23
-25
-26
-30
-36
-45
-52
-54
-58
-63
-69
-75
-85
-95
-102
-109
-115
-121
-126
-127
-127
-126
-128
-128
-125
-118
-111
-108
-103
-94
-86
-78
-70
-66
-60
-57
-52
-44
-36
-29
-26
-23
-22
-19
-17
-15
-12
-8
-4
-2
0
2
6
12
18
24
29
34
41
49
57
62
68
73
77
82
89
98
105
109
111
111
109
109
108
107
107
108
103
96
92
88
82
76
71
67
62
59
53
48
42
37
33
28
24
22
21
20
20
20
16
12
8
4
2
-1
-5
-9
-10
-11
-17
-24
-31
-38
-45
-51
-55
-60
-67
-72
-76
-82
-89
-91
-93
-94
-94
-94
-96
-96
-94
-92
-90
-86
-81
-77
-74
-67
-63
-62
-62
-59
-53
-48
-43
-39
-37
-35
-35
-34
-29
-25
-24
-26
-24
-20
-17
-14
-10
-7
-3
-2
1
5
13
19
22
24
26
29
35
38
41
46
52
59
63
67
70
72
70
71
73
77
79
79
79
78
77
74
75
75
77
75
75
74
71
70
71
70
66
64
63
63
62
60
56
51
46
39
34
28
25
21
16
9
4
1
-4
-8
-13
-16
-21
-25
-30
-35
-40
-48
-51
-53
-58
-60
-63
-65
-69
-72
-75
-79
-83
-84
-86
-87
-88
-85
-86
-87
-88
-88
-88
-87
-86
-83
-80
-78
-77
-74
-71
-66
-63
-61
-57
-54
-53
-52
-46
-41
-39
-34
-29
-26
-23
-19
-14
-7
0
6
11
13
19
25
32
38
44
51
56
63
68
75
79
83
85
89
93
96
100
99
101
102
103
102
102
104
104
101
97
95
96
91
88
84
80
76
74
70
66
64
60
55
48
42
38
34
30
27
23
18
10
1
-5
-10
-16
-23
-28
-34
-40
-47
-54
-61
-69
-75
-79
-85
-88
-93
-97
-102
-106
-106
-108
-111
-111
-112
-113
-112
-111
-110
-110
-109
-108
-103
-102
-100
-97
-92
-87
-83
-79
-76
-73
-68
-65
-58
-53
-46
-39
-33
-26
-20
-14
-9
2
12
22
31
39
48
57
64
73
82
90
96
103
106
112
117
120
122
124
126
125
126
128
130
129
127
122
118
113
109
106
102
98
93
86
82
79
74
68
61
55
49
43
36
30
25
18
11
3
-3
-9
-15
-20
-26
-33
-41
-46
-55
-61
-67
-72
-75
-78
-84
-89
-95
-96
-96
-98
-100
-101
-102
-101
-102
-103
-104
-103
-103
-102
-99
-97
-96
-94
-91
-91
-89
-86
-85
-82
-80
-75
-71
-68
-64
-60
-57
-53
-47
-40
-32
-22
-17
-11
-1
5
12
21
30
39
46
54
63
69
76
82
85
88
92
96
99
102
104
103
103
102
103
103
104
104
102
99
98
96
90
88
86
84
81
80
78
75
71
65
62
56
54
51
46
39
34
28
21
17
13
6
0
-5
-11
-20
-23
-28
-35
-41
-46
-51
-56
-59
-61
-64
-68
-72
-76
-80
-82
-82
-85
-85
-86
-85
-85
-85
-87
-84
-84
-86
-86
-86
-85
-83
-83
-81
-79
-78
-75
-75
-71
-65
-62
-59
-55
-51
-47
-41
-35
-28
-19
-12
-6
2
10
17
22
30
39
46
52
57
61
65
68
74
76
78
80
81
82
83
87
87
86
86
85
83
82
82
82
80
81
79
74
72
69
68
66
63
61
59
56
51
48
43
37
33
28
25
21
14
8
2
-3
-9
-15
-21
-25
-28
-35
-40
-44
-49
-54
-57
-61
-62
-64
-67
-68
-69
-71
-72
-72
-72
-72
-73
-73
-74
-77
-77
-75
-75
-76
-74
-72
-72
-72
-72
-68
-65
-60
-57
-55
-54
-50
-46
-40
-33
-26
-20
-16
-14
-8
1
9
16
21
28
32
37
42
46
51
54
56
57
58
63
67
70
70
71
72
73
74
75
76
78
76
75
74
73
72
70
67
66
64
62
59
57
54
53
50
45
40
35
30
26
21
16
11
6
1
-6
-11
-16
-19
-24
-29
-32
-36
-40
-43
-46
-48
-49
-51
-53
-54
-56
-58
-60
-59
-60
-60
-60
-60
-60
-62
-63
-62
-60
-61
-60
-59
-59
-56
-55
-53
-52
-48
-46
-44
-40
-37
-32
-27
-25
-21
-16
-13
-11
-7
0
6
10
12
17
20
24
29
33
36
39
41
42
45
48
49
51
51
51
51
51
52
53
53
53
52
52
52
50
47
47
47
45
42
40
38
36
34
31
29
26
24
21
18
16
14
11
8
6
4
2
-2
-4
-6
-10
-13
-16
-20
-21
-22
-24
-27
-30
-31
-31
-34
-36
-34
-34
-33
-35
-36
-39
-38
-37
-36
-35
-35
-36
-39
-39
-37
-35
-34
-31
-30
-30
-30
-29
-29
-28
-27
-26
-25
-24
-22
-20
-18
-14
-9
-5
-2
-1
1
1
4
8
13
16
18
21
21
22
24
26
27
29
31
33
34
35
36
35
34
36
37
37
39
39
39
38
37
37
36
36
33
32
28
26
25
24
23
21
19
13
10
8
7
5
2
0
-2
-2
-4
-7
-8
-10
-13
-14
-17
-17
-18
-20
-21
-22
-23
-25
-26
-25
-24
-24
-27
-29
-29
-28
-27
-27
-25
-25
-27
-27
-26
-25
-24
-25
-26
-25
-23
-21
-21
-20
-20
-20
-20
-18
-16
-15
-15
-14
-11
-8
-7
-5
-3
0
2
3
6
7
5
7
11
12
14
15
15
17
19
21
23
23
25
27
26
27
27
28
29
29
30
29
27
25
22
21
20
19
19
19
18
16
13
10
8
7
6
3
2
3
5
3
3
3
4
3
0
0
2
4
2
-2
-4
-5
-5
-6
-6
-6
-9
-11
-13
-13
-13
-14
-15
-14
-13
-12
-14
-13
-11
-8
-7
-9
-10
-9
-8
-6
-4
-3
-4
-5
-5
-6
-4
-2
-4
-5
-7
-9
-11
-15
-15
-15
-13
-12
-12
-11
-12
-14
-14
-13
-11
-10
-10
-8
-7
-5
-4
-3
-1
0
0
1
0
1
2
3
5
6
4
3
2
0
0
0
2
1
0
-3
-4
-4
-4
-6
-7
-7
-9
-8
-7
-7
-5
-4
-3
-1
2
3
5
8
10
10
11
12
15
17
20
21
22
22
20
19
20
22
23
25
23
24
25
25
24
26
27
28
28
28
29
29
30
31
31
32
30
29
28
27
24
22
18
16
13
10
8
4
2
-1
-3
-4
-8
-11
-16
-20
-21
-23
-25
-27
-30
-33
-37
-39
-39
-39
-38
-38
-36
-35
-36
-36
-36
-36
-37
-40
-40
-40
-42
-43
-45
-46
-46
-46
-46
-45
-44
-41
-39
-40
-40
-38
-37
-36
-34
-32
-27
-24
-20
-16
-12
-10
-6
-1
3
6
10
17
21
25
27
29
31
32
35
38
40
44
46
49
51
51
53
53
54
56
58
60
59
60
62
63
64
64
65
67
67
67
66
66
64
60
56
54
49
45
40
36
31
26
18
10
5
1
-4
-11
-15
-19
-24
-29
-33
-36
-40
-43
-45
-47
-48
-49
-51
-52
-53
-52
-52
-52
-52
-53
-55
-55
-56
-55
-54
-55
-55
-56
-54
-53
-53
-54
-54
-55
-55
-56
-54
-51
-50
-48
-45
-42
-39
-36
-32
-29
-24
-21
-18
-15
-8
-2
0
4
8
11
14
17
23
28
31
33
38
43
45
49
50
54
56
58
58
59
60
64
65
66
68
71
72
72
73
76
74
73
71
68
67
63
59
56
51
48
45
39
34
28
23
20
16
12
8
4
-1
-4
-7
-10
-15
-19
-22
-26
-30
-34
-39
-42
-46
-49
-51
-52
-53
-56
-59
-60
-61
-62
-64
-67
-68
-67
-67
-67
-68
-67
-69
-68
-67
-64
-63
-62
-60
-58
-55
-54
-51
-49
-46
-43
-40
-37
-33
-29
-25
-20
-15
-11
-8
-5
0
3
7
12
18
23
26
30
34
37
41
43
48
52
55
58
62
65
69
74
74
76
76
77
77
78
80
80
79
77
75
72
70
68
66
63
60
56
52
49
45
41
38
33
30
25
20
16
12
5
0
-6
-9
-14
-17
-21
-23
-26
-30
-34
-38
-42
-45
-47
-51
-51
-53
-57
-60
-62
-63
-65
-67
-67
-65
-64
-65
-66
-67
-69
-69
-70
-70
-68
-66
-63
-60
-56
-51
-48
-46
-43
-41
-38
-35
-31
-25
-21
-17
-14
-8
-2
1
2
5
10
15
20
24
28
32
35
38
41
47
49
50
52
54
57
58
59
60
59
60
58
59
59
62
63
64
63
62
59
54
53
50
49
46
45
42
39
36
31
28
24
21
18
16
14
9
5
0
-4
-8
-12
-16
-20
-22
-25
-30
-31
-33
-35
-39
-43
-45
-45
-47
-48
-48
-46
-46
-48
-51
-51
-50
-50
-49
-46
-45
-44
-43
-43
-44
-42
-43
-43
-42
-40
-39
-37
-36
-35
-32
-29
-27
-24
-20
-17
-16
-15
-10
-7
-4
-1
4
9
14
17
19
23
28
31
33
37
41
42
43
43
46
48
49
50
50
48
49
46
46
46
47
47
47
45
43
40
39
36
36
34
33
33
33
33
30
28
25
24
21
17
15
14
12
10
10
7
2
-2
-7
-12
-15
-19
-21
-23
-26
-27
-28
-29
-30
-32
-34
-36
-39
-38
-39
-37
-37
-36
-37
-37
-36
-34
-33
-33
-33
-34
-32
-34
-33
-33
-32
-31
-31
-29
-28
-25
-24
-23
-22
-21
-18
-16
-15
-12
-11
-9
-6
-3
0
2
3
5
5
7
10
11
16
18
21
20
19
22
22
24
24
25
25
25
26
26
27
27
26
25
26
28
31
32
32
31
29
29
27
26
25
24
23
21
21
20
20
19
16
12
10
8
6
4
3
0
-2
-5
-6
-8
-9
-10
-12
-14
-15
-15
-17
-18
-19
-18
-18
-17
-16
-14
-13
-13
-15
-14
-13
-14
-14
-15
-14
-12
-12
-12
-12
-13
-15
-16
-16
-17
-16
-17
-17
-18
-16
-16
-16
-16
-15
-15
-15
-14
-11
-8
-6
-4
-1
-1
0
-1
0
1
4
6
5
5
6
7
10
10
10
9
9
9
9
10
11
11
11
11
12
12
15
15
16
17
19
19
19
19
18
17
14
13
15
14
13
12
11
11
9
8
8
7
8
7
4
3
2
1
-1
0
-1
-2
-3
-3
-3
-2
-2
-2
-1
-1
-2
-2
-3
-4
-4
-3
-4
-5
-4
-3
-5
-5
-6
-6
-7
-9
-11
-11
-11
-13
-14
-16
-17
-16
-18
-19
-18
-17
-16
-15
-15
-14
-13
-14
-12
-9
-8
-8
-8
-9
-8
-7
-6
-7
-7
-7
-7
-5
-3
-2
-3
-1
-2
-2
-1
0
2
3
4
4
4
4
5
8
9
9
9
10
10
11
12
12
13
16
18
18
19
19
20
18
17
16
14
13
13
11
11
13
12
11
10
9
7
6
5
5
4
4
4
4
5
4
3
1
1
1
0
-1
-1
-1
-2
-2
-4
-4
-5
-6
-6
-6
-5
-6
-8
-10
-11
-12
-13
-13
-14
-14
-13
-15
-16
-15
-17
-17
-17
-18
-15
-14
-15
-14
-14
-13
-13
-13
-13
-11
-12
-9
-9
-9
-7
-5
-4
-2
0
0
1
2
4
4
5
5
6
6
7
6
9
11
11
12
13
15
15
15
15
13
13
13
13
13
15
15
14
14
13
13
11
11
11
10
10
9
8
10
9
10
11
10
9
10
9
9
10
10
8
8
8
7
7
5
5
4
3
0
-1
-2
-2
-3
-5
-6
-9
-10
-12
-13
-12
-14
-15
-16
-17
-19
-18
-18
-19
-19
-18
-19
-20
-21
-20
-20
-19
-19
-19
-17
-17
-15
-16
-15
-14
-15
-13
-13
-11
-10
-10
-7
-7
-6
-6
-5
-5
-3
-3
-1
1
3
3
4
5
5
5
6
6
7
9
9
10
9
8
8
9
9
10
10
10
10
11
10
11
13
14
15
14
14
15
14
16
16
14
12
12
11
14
15
15
15
15
13
14
12
11
11
9
9
9
9
8
8
7
6
3
3
3
1
3
2
2
1
1
-2
-2
-4
-4
-5
-7
-6
-7
-6
-5
-7
-9
-10
-10
-10
-9
-10
-10
-13
-15
-15
-16
-16
-15
-13
-13
-12
-12
-13
-12
-12
-11
-9
-8
-8
-8
-7
-8
-8
-8
-7
-7
-6
-5
-4
-5
-3
-3
-3
-3
-2
-1
-1
-1
0
0
0
1
2
2
2
3
3
5
5
6
7
9
9
9
9
11
10
11
10
9
10
10
10
6
7
8
9
9
8
8
9
9
8
9
8
8
8
8
9
8
8
7
5
3
2
2
2
2
2
-1
-1
-3
-6
-7
-7
-8
-8
-8
-10
-11
-12
-13
-15
-15
-15
-15
-15
-15
-14
-14
-15
-15
-15
-13
-10
-8
-6
-6
-5
-6
-7
-7
-7
-6
-6
-5
-4
-3
-2
-2
-1
-1
0
0
0
0
-1
0
-1
