-4
-4
-3
1
1
-1
-1
-2
-2
0
0
-2
-4
-4
-3
-3
-1
-1
-2
-3
-5
-3
-3
-3
-5
-7
-5
-4
-4
-3
-3
-4
-3
-1
0
1
-1
-1
1
2
3
4
4
5
6
6
5
3
3
2
1
2
3
2
2
2
1
3
5
5
4
3
5
5
6
6
7
5
4
2
3
3
3
3
4
4
4
1
-1
-2
0
0
-1
0
1
-1
-5
-6
-8
-5
-4
-3
-3
-1
0
0
3
3
3
4
4
3
4
4
3
0
-1
-3
-4
-7
-10
-11
-12
-9
-8
-6
-3
-5
-5
-5
-3
-3
0
3
4
3
4
8
8
8
7
11
11
14
12
15
14
20
21
19
14
4
2
-7
-6
-13
-9
-15
-16
-22
-27
-27
-27
-22
-27
-21
-25
-21
-20
-13
-11
-2
0
5
11
14
19
18
22
21
21
21
17
16
14
6
-1
-3
-8
-14
-19
-24
-31
-34
-33
-35
-33
-32
-27
-26
-22
-17
-10
-1
10
18
25
31
36
44
46
49
51
50
48
46
40
34
25
19
13
6
-3
-11
-16
-21
-25
-31
-33
-36
-35
-34
-30
-25
-19
-12
-7
-1
4
6
14
22
29
34
36
38
37
39
40
36
33
31
25
19
11
3
-3
-10
-15
-22
-26
-30
-34
-34
-34
-35
-31
-28
-24
-20
-17
-11
-3
3
11
15
19
24
25
25
21
22
22
20
16
11
8
1
-7
-14
-19
-25
-31
-39
-43
-48
-49
-48
-46
-46
-42
-37
-31
-24
-18
-10
-1
6
12
20
26
33
37
40
41
43
42
40
38
33
26
20
13
6
-3
-9
-14
-21
-27
-32
-34
-37
-37
-36
-34
-33
-29
-23
-17
-9
-3
6
17
24
30
36
42
46
47
47
47
45
42
34
27
18
10
2
-4
-11
-19
-24
-30
-36
-40
-43
-44
-43
-40
-36
-33
-29
-28
-24
-16
-10
-2
7
13
21
24
28
32
34
35
32
31
27
21
18
14
10
5
-1
-7
-13
-17
-19
-22
-24
-25
-24
-21
-19
-16
-14
-8
-1
5
9
13
18
22
27
30
33
34
38
38
36
33
30
25
20
14
9
4
-2
-8
-13
-19
-24
-27
-30
-32
-33
-32
-32
-30
-26
-19
-13
-8
-3
2
8
10
14
17
18
20
20
20
18
16
14
12
9
8
4
-1
-6
-8
-9
-8
-9
-15
-18
-21
-19
-19
-21
-20
-20
-18
-18
-17
-12
-7
-3
2
3
4
4
5
4
6
9
9
9
7
5
4
2
0
-1
-3
-6
-8
-7
-6
-8
-7
-8
-6
-7
-6
-5
-5
-6
-4
-2
-3
1
2
6
7
8
8
8
9
10
12
10
9
9
8
7
8
7
5
5
5
2
0
-1
-2
-1
-2
-1
-1
0
-1
-2
-2
-3
-3
0
-1
0
-2
-1
-2
-2
-3
0
1
0
0
0
3
5
6
6
9
7
6
3
1
3
5
3
2
2
3
2
3
1
3
4
8
6
3
2
1
1
-2
-5
-7
-10
-10
-9
-7
-8
-9
-5
-1
-2
-4
-4
-3
0
5
11
13
11
7
3
3
4
8
11
11
9
6
1
-1
1
5
7
1
-3
-3
1
0
-5
-8
-3
0
-3
-6
-7
-4
-6
-10
-12
-9
-5
-5
-9
-9
-7
-8
-8
-12
-12
-14
-14
-14
-15
-13
-15
-16
-16
-13
-6
-2
0
-2
-3
-1
3
6
8
8
12
13
12
11
13
15
12
8
0
0
5
11
9
5
6
12
17
13
5
-4
-9
-19
-25
-23
-8
0
1
-3
-5
-6
-8
-6
-2
3
11
7
2
4
8
15
23
28
33
30
21
16
13
12
9
12
13
11
4
-2
-7
-13
-21
-23
-17
-12
-15
-20
-20
-14
-7
-1
5
4
0
-6
-1
15
29
30
19
9
10
19
22
21
18
11
-3
-18
-25
-17
-13
-17
-27
-34
-37
-39
-31
-11
9
10
-3
-16
-13
-2
6
7
6
11
17
19
15
6
2
1
6
13
22
17
7
-3
-7
-9
-6
9
23
15
-13
-36
-35
-14
-4
-9
-19
-15
-10
-15
-18
-5
14
7
-21
-34
-9
23
21
-12
-28
-15
2
3
5
21
28
14
-6
1
18
21
6
-8
2
7
-6
-22
-15
11
20
3
-13
-16
-17
-23
-19
-12
-7
-4
3
8
3
-8
-6
5
8
-5
-13
-3
16
22
14
-2
-9
1
13
4
-17
-20
-5
11
4
-11
-26
-15
14
49
63
58
40
24
-2
-14
21
77
101
64
15
4
26
38
34
26
42
39
-3
-55
-59
-8
33
16
-30
-45
-17
-4
-24
-47
-32
-9
-18
-55
-68
-42
-26
-37
-44
-23
14
11
-16
-42
-53
-52
-41
-26
-19
-15
-25
-37
-55
-50
-39
-16
-7
-37
-114
-138
-8
207
264
78
-132
-104
89
160
93
67
166
198
65
-53
11
167
228
125
-22
-91
-63
-9
-13
-79
-116
-97
-96
-150
-182
-117
-41
-52
-84
-37
58
89
31
-6
15
83
147
164
137
128
155
156
71
-11
28
117
117
12
-96
-139
-154
-150
-121
-118
-156
-208
-222
-207
-178
-116
-57
-79
-124
-64
119
232
187
74
58
127
190
217
191
156
98
89
72
35
-10
11
36
-37
-189
-251
-171
-96
-139
-257
-284
-226
-130
-111
-122
-123
-60
5
11
-2
44
152
175
99
42
119
225
219
135
119
133
101
7
-18
-2
-16
-60
-109
-189
-219
-37
248
268
-129
-391
-167
258
305
83
59
272
283
60
-23
185
431
410
179
-83
-163
-16
131
48
-118
-156
-95
-182
-348
-346
-191
-125
-186
-216
-145
-101
-109
-98
-69
-19
110
247
232
92
64
196
252
171
144
217
260
192
112
50
-22
-65
-35
-12
-91
-201
-272
-270
-282
-267
-232
-206
-252
-303
-276
-198
-159
-186
-200
-136
-12
81
83
65
94
174
227
242
247
237
212
170
113
52
41
57
69
-7
-165
-437
-479
-2
611
515
-362
-879
-393
358
371
-35
-8
410
407
-56
-189
253
701
675
313
-28
-149
41
281
174
-68
-57
71
-135
-502
-463
-141
-88
-281
-319
-133
-47
-165
-293
-291
-154
120
344
281
52
-22
141
206
85
66
220
302
198
18
-105
-185
-130
48
158
113
13
-36
-104
-173
-147
8
87
-47
-230
-215
-7
32
-148
-264
-118
45
-52
-278
-362
-265
-152
-85
-27
18
-20
-105
-103
-21
75
168
304
406
340
224
132
27
-47
19
126
94
-152
-424
-622
-393
415
961
389
-786
-975
-33
604
204
-105
389
873
456
-239
-113
535
855
632
237
-74
-127
114
265
-103
-435
-221
-24
-382
-695
-400
-64
-320
-600
-326
100
180
-15
-170
-197
-80
242
542
541
406
354
332
108
-88
89
400
389
138
-27
-90
-127
-68
26
-87
-261
-314
-390
-545
-524
-272
-131
-265
-476
-558
-416
-142
-84
-318
-435
-146
163
135
-47
38
271
341
206
92
202
437
656
684
434
112
21
111
-13
-324
-420
-328
-613
-1198
-1006
284
1231
360
-1393
-1714
-330
750
484
78
536
1016
709
194
323
996
1654
1673
887
-10
-42
570
612
-32
-314
-98
-281
-978
-1228
-770
-491
-730
-910
-748
-508
-352
-258
-386
-630
-338
515
994
716
470
674
699
275
225
710
931
661
397
170
-298
-637
-452
-86
119
150
-167
-696
-977
-705
-318
-164
-248
-435
-480
-282
-51
-116
-141
-26
116
122
117
79
-74
-59
115
192
33
-245
-325
-132
38
-128
-320
-167
-30
-190
-419
-524
-704
-876
-1091
-1253
-335
1668
2398
357
-1709
-877
1180
1581
835
946
1668
1679
917
340
591
1543
2220
1560
16
-858
-383
308
-8
-787
-937
-818
-1309
-1870
-1435
-682
-744
-1055
-799
-396
-206
43
126
-181
-60
951
1688
1351
899
1098
1286
928
613
775
839
543
256
-91
-692
-1150
-1083
-801
-608
-472
-715
-1478
-2050
-1713
-815
-124
-8
-388
-834
-759
-91
441
485
480
713
838
557
122
51
515
1038
1002
405
-318
-781
-678
-211
-65
-387
-599
-632
-876
-1169
-1306
-1345
-1331
-1211
-1373
-912
997
2584
1282
-1286
-1186
1219
2464
1836
1656
2409
2678
1865
946
900
1916
2978
2501
465
-1182
-1066
-32
74
-827
-1423
-1512
-2068
-2891
-2618
-1420
-880
-1135
-1192
-969
-755
-349
141
264
521
1481
2377
2129
1500
1672
2286
2217
1498
1092
1043
828
509
220
-228
-711
-981
-1251
-1686
-1833
-1758
-2070
-2572
-2505
-1908
-1411
-1188
-1250
-1504
-1416
-600
188
220
146
551
986
986
721
523
692
1298
1712
1366
561
-54
-163
105
214
-146
-537
-750
-1095
-1615
-2012
-1807
-65
2236
2242
-745
-2697
-1075
1287
1584
1229
2073
2675
1872
693
584
1487
2770
3105
1630
-284
-653
208
599
-5
-509
-523
-890
-1945
-2597
-1961
-1106
-1063
-1108
-718
-589
-752
-646
-443
-378
96
1040
1583
1523
1704
2053
1853
1122
746
979
1211
1127
1004
686
62
-598
-938
-1057
-1112
-1050
-1278
-1915
-2382
-2136
-1666
-1448
-1399
-1471
-1763
-1711
-1017
-615
-783
-502
323
637
229
-126
-212
-109
368
892
948
845
867
711
195
-224
-39
314
255
-310
-798
-1028
-587
1235
3142
2460
-620
-1812
97
1665
1072
789
2068
2531
1281
41
131
888
1639
1620
383
-847
-722
112
134
-648
-1014
-940
-1176
-1660
-1470
-484
0
-409
-649
-411
-341
-202
457
898
639
514
946
1296
1286
1474
1712
1560
964
369
47
-90
69
481
535
-216
-1117
-1414
-1465
-1720
-1873
-1759
-1664
-1697
-1562
-1357
-1318
-1304
-1340
-1586
-1404
-477
85
-281
-411
145
302
-129
-262
-53
117
444
695
531
317
346
313
40
-72
53
-15
-371
-653
-568
-448
446
2425
3664
1920
-999
-1081
1238
2247
1354
1488
2776
2572
727
-227
494
1439
1821
1230
-251
-1239
-901
-244
-643
-1411
-1379
-1096
-1536
-2128
-1722
-603
-82
-142
-21
-17
-406
-224
736
1237
995
1054
1600
1680
1408
1589
1921
1707
979
348
57
104
341
495
-18
-970
-1413
-1225
-1380
-2135
-2411
-2044
-1848
-2109
-2060
-1712
-1479
-1487
-1691
-1944
-1598
-492
105
-311
-427
71
85
-453
-472
56
465
794
901
668
442
422
202
26
339
768
447
-342
-681
-476
-182
1229
3423
3908
1146
-1571
-772
1676
2254
1343
1635
2527
1952
219
-349
345
1135
1461
791
-757
-1644
-1057
-171
-579
-1412
-1392
-1127
-1520
-1820
-1014
92
262
43
153
66
-164
477
1486
1504
939
1065
1663
1462
1047
1344
1824
1546
586
-191
-406
-188
186
272
-372
-1412
-1786
-1372
-1425
-2231
-2468
-1849
-1569
-1906
-1851
-1363
-1112
-1228
-1396
-1573
-1312
-298
374
9
-334
-94
-145
-620
-477
167
451
467
424
183
-104
-52
111
293
468
410
-109
-647
-759
-485
-224
1182
3625
4426
1630
-1647
-1147
1813
2997
1983
1823
2697
2326
474
-342
496
1510
1976
1356
-530
-2104
-1775
-395
-342
-1327
-1471
-874
-1260
-2335
-2194
-676
347
317
267
279
68
359
1071
1167
851
1311
2323
2280
1343
999
1419
1571
899
74
-179
-59
-40
-233
-606
-1291
-1775
-1559
-1269
-1926
-2710
-2438
-1910
-1969
-1936
-1327
-984
-1402
-1754
-1614
-1163
-297
337
76
-295
-13
149
-373
-582
12
526
715
784
578
-2
-415
-256
304
866
828
79
-855
-1213
-1024
-513
-79
1241
3393
3924
869
-2741
-2056
1799
3568
2343
1765
2402
1946
211
-356
735
2086
3001
2419
-79
-2158
-1747
-82
150
-632
-524
-234
-1427
-2839
-2393
-699
95
-58
97
171
-233
-270
74
27
94
1121
2379
2357
1418
847
884
1007
866
597
552
704
603
84
-683
-1374
-1519
-979
-487
-1040
-2079
-2480
-2386
-2153
-1557
-881
-926
-1546
-1920
-1858
-1414
-513
148
-103
-354
-63
-146
-729
-657
267
762
727
951
888
96
-427
119
900
934
603
278
-261
-1014
-1283
-727
5
282
1316
2781
2158
-1137
-3117
-985
2351
3139
2136
1758
1499
659
88
817
2153
3206
3336
1616
-877
-1559
-309
893
887
431
-70
-975
-2129
-2522
-1780
-652
-22
-20
-165
-515
-1127
-1412
-1022
-256
547
1366
2015
1707
654
36
423
1157
1367
983
844
972
406
-643
-988
-621
-320
-239
-212
-796
-1988
-2619
-2259
-1615
-1209
-912
-1067
-1821
-2381
-2052
-1320
-843
-575
-531
-591
-661
-895
-938
-427
217
540
1005
1413
857
-133
-103
817
1377
1207
908
523
-76
-515
-567
-459
-224
50
804
1768
1610
-699
-2837
-1603
1640
2859
1669
906
987
827
436
990
2226
3051
3165
2110
119
-979
-193
1229
1522
980
374
-484
-1698
-2280
-1564
-452
-133
-426
-526
-702
-1443
-1782
-1223
-561
-75
677
1553
1426
416
-182
194
863
1074
989
996
1031
687
18
-335
-388
-305
74
573
151
-1225
-2073
-2035
-1812
-1295
-424
-395
-1676
-2622
-2323
-1750
-1542
-1209
-767
-775
-1043
-1256
-1358
-1034
-121
668
1054
1236
930
63
-174
756
1741
1856
1465
924
309
-148
-207
-146
-75
-84
96
915
1574
435
-2144
-2538
250
2502
1749
433
521
841
588
727
1764
2754
3280
2847
1013
-779
-676
929
2078
1952
1023
-301
-1603
-2257
-1907
-989
-144
47
-441
-1132
-1886
-2249
-1709
-785
-151
383
1060
1156
268
-490
-240
569
1121
1398
1488
1360
873
81
-403
-303
93
488
861
771
-515
-2075
-2438
-1855
-1186
-567
-241
-1139
-2675
-3308
-2819
-2104
-1382
-620
-571
-1204
-1646
-1643
-1350
-467
907
1697
1544
1041
389
73
766
2018
2517
2063
1401
732
2
-382
-208
42
95
-337
-1029
-562
705
476
-1747
-2468
-77
1871
1058
-90
377
1218
1580
1808
2145
2456
2958
3006
1576
25
468
2120
2776
1737
130
-1039
-1635
-1850
-1563
-722
65
-311
-1748
-2823
-2789
-1919
-764
-205
-410
-381
147
219
-468
-462
760
1879
1909
1379
841
631
741
828
804
945
1093
734
111
-144
-405
-1066
-1395
-1139
-898
-985
-1285
-2142
-3268
-3490
-2493
-1498
-1175
-1256
-1722
-2290
-2179
-1400
-743
-206
768
1576
1401
700
330
634
1617
2790
3112
2355
1352
822
584
431
244
-90
-412
-661
-1263
-1384
-187
684
-937
-3139
-2337
265
905
-168
-51
1130
1647
1396
1284
1729
2771
3822
3358
1395
482
1535
2682
2337
1134
130
-502
-1070
-1457
-1161
-378
-227
-1278
-2330
-2314
-1852
-1529
-1262
-1169
-1058
-594
-78
-234
-501
131
1120
1288
811
625
831
1153
1279
1109
984
1080
1004
627
571
704
108
-792
-989
-970
-1367
-1676
-1662
-2147
-2970
-3005
-2291
-1918
-2084
-2332
-2549
-2450
-1831
-1147
-724
-57
903
1219
779
547
958
1825
2880
3419
2836
1727
1189
1247
1163
899
570
30
-718
-1378
-2071
-1955
-487
577
-920
-3331
-3054
-702
362
-166
128
1441
2015
1382
1046
2055
3684
4483
3644
1942
1295
2151
3165
2934
1595
385
-89
-499
-1191
-1211
-346
-151
-1482
-2885
-3077
-2545
-1938
-1406
-1215
-1272
-1160
-1021
-1114
-832
293
1366
1383
685
285
579
1279
1702
1538
1446
1698
1526
763
490
732
292
-688
-1035
-952
-1275
-1692
-1876
-2393
-3148
-3255
-2676
-2283
-2270
-2297
-2342
-2419
-2173
-1447
-527
397
1070
1221
1018
944
1250
2015
2920
3193
2551
1828
1631
1457
939
533
276
-347
-1180
-1766
-2226
-2615
-1797
-92
26
-2234
-3818
-2367
86
889
649
1195
2063
2030
1525
1909
3353
4717
4974
3793
1979
1239
2044
2890
2362
1161
512
-36
-1301
-2320
-1861
-896
-1029
-2063
-2788
-2877
-2601
-1973
-1381
-1263
-1210
-829
-398
-131
312
929
1285
1218
995
900
1148
1733
1974
1546
1100
904
544
94
144
241
-420
-1339
-1718
-1873
-2169
-2218
-2096
-2371
-2813
-2681
-2146
-1987
-2122
-1997
-1613
-1274
-968
-410
462
1196
1257
876
804
1226
1704
2132
2529
2427
1736
1090
736
376
134
231
41
-990
-2131
-2559
-2563
-2373
-1178
444
376
-1776
-3251
-1917
510
1622
1730
2259
2825
2424
1697
2130
3711
5095
5247
3768
1506
475
1405
2592
2190
793
-168
-893
-2027
-2758
-2154
-982
-757
-1789
-2988
-3257
-2484
-1359
-703
-588
-498
-299
-112
61
402
987
1647
1848
1328
685
746
1314
1374
869
552
403
-38
-471
-470
-573
-1159
-1598
-1633
-1810
-2098
-1838
-1473
-1848
-2506
-2423
-1792
-1489
-1392
-1057
-768
-886
-1013
-618
184
836
1062
995
860
802
935
1263
1615
1722
1528
1069
443
4
18
102
-368
-1276
-1859
-1792
-1561
-1461
-772
388
471
-1238
-2640
-1391
1286
2470
1911
1653
2057
2012
1558
2041
3728
5083
4708
2530
69
-492
1113
2726
2375
723
-516
-1136
-1957
-2542
-1735
-146
341
-968
-2537
-2752
-1788
-620
102
227
24
-155
-261
-314
31
884
1658
1451
352
-448
-191
624
808
214
-228
-266
-470
-781
-558
-223
-560
-1207
-1350
-1300
-1427
-1136
-629
-964
-1837
-1960
-1366
-1108
-1112
-815
-729
-1299
-1692
-1115
-102
499
529
281
-32
-203
-17
614
1450
1825
1383
663
238
98
120
368
521
65
-750
-1194
-1271
-1322
-575
1084
1727
-7
-2112
-1655
688
1897
1484
1387
1965
1909
1103
1049
2367
3728
3816
2473
544
-289
670
2034
2080
1014
203
-151
-880
-1551
-966
339
738
-299
-1642
-1995
-1319
-335
282
180
-335
-741
-951
-907
-418
285
686
340
-556
-1171
-950
-87
502
302
-82
-220
-558
-938
-581
211
383
-248
-773
-905
-1032
-878
-353
-339
-1109
-1730
-1672
-1426
-1380
-1256
-1053
-1276
-1739
-1742
-1080
-290
53
51
37
-14
-78
273
1144
1862
1823
1322
966
793
741
924
1040
639
-99
-550
-650
-822
-822
40
1019
449
-1452
-2302
-854
911
1073
552
798
1273
1044
721
1410
2903
3851
3391
1714
247
574
2229
3156
2530
1470
874
277
-623
-892
-15
913
640
-742
-1942
-2043
-1459
-978
-838
-900
-1102
-1554
-2042
-1917
-1110
-319
-71
-453
-1018
-1118
-575
101
359
364
509
385
-253
-464
289
1032
869
146
-461
-878
-1005
-585
-270
-739
-1413
-1645
-1762
-2014
-1972
-1420
-1000
-1224
-1620
-1559
-959
-161
321
363
300
382
635
1058
1591
2010
2028
1614
1130
910
1041
1165
773
18
-492
-625
-824
-1284
-1503
-853
78
-139
-1605
-2535
-1477
357
944
471
576
1426
1832
1524
1571
2689
4015
4192
2970
1585
1489
2484
3107
2721
2041
1518
665
-621
-1300
-638
329
165
-1124
-2324
-2632
-2339
-1947
-1643
-1412
-1335
-1573
-2129
-2484
-1932
-633
397
348
-412
-834
-469
209
605
720
810
767
372
-94
-136
213
534
383
-340
-1175
-1414
-957
-604
-933
-1526
-1757
-1705
-1664
-1555
-1212
-740
-504
-608
-726
-454
147
643
883
1060
1173
1059
902
1058
1503
1854
1727
1088
318
-68
-42
-78
-387
-741
-1065
-1559
-2175
-2504
-2157
-1026
130
32
-1343
-2199
-1116
797
1738
1762
2035
2553
2482
1950
2095
3405
4794
4886
3546
1982
1416
1840
2471
2688
2289
1245
-267
-1618
-1995
-1231
-290
-268
-1290
-2511
-3056
-2819
-2203
-1633
-1273
-1184
-1480
-2088
-2339
-1549
-78
913
668
-338
-987
-750
-20
555
780
682
148
-683
-1115
-694
56
361
25
-685
-1402
-1699
-1341
-705
-403
-488
-658
-826
-931
-650
69
708
813
497
237
242
508
964
1390
1459
1029
375
-49
69
586
989
760
-101
-1014
-1431
-1341
-1106
-1007
-1075
-1365
-1872
-2333
-2380
-1838
-741
550
1048
208
-1015
-888
835
2560
3161
3019
2830
2510
2122
2260
3238
4371
4548
3524
1972
950
945
1645
2257
2083
1034
-486
-1757
-2170
-1443
-193
274
-671
-2230
-3009
-2663
-1780
-931
-402
-506
-1309
-2162
-2292
-1485
-284
534
462
-491
-1595
-1950
-1324
-416
23
-142
-731
-1456
-1865
-1511
-689
-151
-174
-515
-905
-1130
-758
216
1037
1048
547
304
527
952
1340
1660
1760
1411
725
202
294
803
1151
867
-1
-933
-1321
-1054
-603
-404
-512
-885
-1536
-2185
-2262
-1647
-880
-593
-883
-1390
-1684
-1481
-859
-84
572
1154
1477
1113
300
162
1456
3041
3360
2530
1969
2087
2149
2048
2424
3346
3770
3020
1606
584
636
1460
2122
1861
861
-208
-930
-1230
-970
-111
544
81
-1302
-2327
-2177
-1369
-823
-801
-1014
-1385
-1915
-2325
-2177
-1470
-852
-898
-1614
-2432
-2689
-2192
-1436
-1076
-1208
-1482
-1631
-1630
-1286
-531
180
346
110
37
364
957
1579
2011
2000
1609
1310
1407
1737
1935
1900
1635
1076
340
-145
-94
158
166
-239
-892
-1560
-1881
-1617
-1070
-803
-1019
-1415
-1694
-1723
-1437
-891
-383
-238
-483
-794
-823
-473
84
541
719
726
874
1140
1154
892
948
1627
2200
2042
1605
1706
2140
2186
1886
1896
2371
2639
2284
1599
1159
1150
1319
1384
1187
797
333
-99
-451
-553
-287
-24
-287
-1048
-1626
-1663
-1506
-1557
-1681
-1667
-1767
-2184
-2634
-2647
-2302
-2046
-2084
-2292
-2435
-2366
-2059
-1694
-1416
-1204
-978
-786
-659
-373
177
727
963
1023
1214
1527
1708
1732
1820
1924
1830
1613
1560
1625
1484
1118
809
602
271
-119
-329
-373
-481
-717
-955
-1166
-1305
-1285
-1144
-1071
-1109
-1092
-977
-871
-829
-738
-562
-420
-360
-282
-123
1
58
191
433
613
725
991
1256
1159
792
785
1315
1841
1974
1927
1943
1804
1465
1327
1749
2379
2508
1962
1228
852
930
1238
1429
1258
713
28
-499
-740
-618
-289
-183
-689
-1622
-2355
-2459
-2079
-1738
-1739
-2108
-2629
-3021
-3033
-2616
-2060
-1701
-1702
-1963
-2218
-2090
-1433
-650
-237
-302
-469
-427
-135
354
911
1312
1365
1153
976
1111
1540
1980
2113
1831
1375
1074
1069
1240
1383
1319
952
324
-243
-343
-19
217
-44
-662
-1218
-1460
-1370
-1037
-679
-583
-847
-1272
-1479
-1203
-555
38
156
-209
-607
-613
-220
289
694
892
716
208
-142
251
1185
1735
1405
700
471
781
1139
1288
1463
1730
1684
1171
726
1038
1875
2297
1839
1021
623
715
881
852
697
439
-26
-641
-1093
-1082
-772
-677
-1122
-1824
-2209
-2106
-1875
-1841
-1925
-1973
-2057
-2255
-2355
-2095
-1575
-1210
-1250
-1504
-1549
-1186
-634
-215
-39
-34
-69
15
336
819
1226
1343
1190
998
1038
1398
1835
2006
1786
1364
992
823
901
1143
1298
1059
430
-241
-516
-318
9
82
-208
-711
-1189
-1371
-1107
-537
-94
-131
-562
-955
-934
-510
24
360
392
154
-196
-397
-252
171
520
528
240
-124
-338
-265
128
673
948
650
-27
-414
-85
652
1110
1006
695
521
515
586
841
1304
1597
1346
685
210
265
655
913
760
251
-371
-794
-886
-690
-413
-371
-756
-1425
-1916
-1864
-1390
-1004
-1066
-1445
-1747
-1727
-1454
-1094
-749
-514
-513
-686
-755
-480
39
496
667
538
293
196
419
840
1162
1126
769
384
283
532
870
991
774
370
40
16
287
593
641
379
37
-157
-136
31
228
324
215
-35
-246
-265
-99
128
233
109
-162
-355
-282
-20
194
186
-6
-217
-330
-302
-181
-59
-68
-234
-438
-501
-390
-286
-299
-370
-327
-182
-111
-219
-380
-335
-56
246
347
314
346
474
558
547
619
866
1095
1033
704
406
339
467
592
565
325
-68
-421
-533
-349
-86
-12
-219
-557
-810
-838
-618
-308
-139
-228
-438
-524
-384
-131
63
130
78
-72
-253
-321
-174
85
224
90
-233
-509
-533
-302
-15
78
-60
-241
-254
-89
117
251
294
284
265
318
469
652
722
625
488
453
527
605
630
579
435
214
31
-2
101
194
130
-125
-447
-623
-541
-314
-182
-260
-483
-708
-815
-749
-582
-480
-552
-722
-839
-821
-727
-652
-657
-711
-733
-628
-421
-258
-252
-355
-368
-171
153
386
435
383
367
417
495
638
859
1037
974
664
385
413
741
1055
1066
768
417
277
408
664
813
739
493
217
21
-4
159
373
391
100
-304
-521
-437
-221
-91
-133
-314
-561
-771
-800
-607
-310
-141
-226
-458
-609
-511
-213
107
245
140
-65
-129
45
329
523
529
411
295
260
315
435
546
542
370
114
-51
-27
110
183
71
-184
-430
-536
-481
-349
-241
-236
-367
-575
-721
-674
-469
-291
-281
-422
-584
-686
-694
-603
-458
-354
-363
-466
-579
-609
-539
-429
-342
-312
-336
-386
-393
-282
-95
23
-13
-112
-81
135
397
548
564
545
586
693
843
1038
1228
1317
1249
1102
1022
1082
1238
1347
1291
1067
793
602
539
550
545
455
262
8
-220
-340
-327
-258
-254
-375
-556
-667
-648
-520
-373
-299
-323
-385
-395
-313
-180
-56
12
-8
-102
-201
-200
-86
40
67
-19
-141
-225
-236
-203
-187
-237
-331
-406
-441
-463
-494
-525
-555
-597
-628
-612
-556
-514
-522
-563
-600
-595
-535
-425
-309
-258
-281
-329
-331
-238
-72
82
141
85
-23
-95
-76
16
121
162
106
-3
-87
-90
-13
82
134
124
104
135
222
316
373
405
443
507
595
711
848
952
970
932
932
1007
1091
1107
1031
889
726
603
539
504
451
350
199
33
-93
-140
-114
-83
-114
-195
-256
-255
-204
-148
-114
-90
-56
-19
3
22
73
136
143
79
11
-8
11
29
17
-45
-153
-268
-339
-356
-355
-385
-468
-573
-653
-681
-681
-697
-741
-794
-840
-861
-833
-756
-681
-663
-708
-743
-693
-554
-390
-279
-253
-285
-317
-286
-164
7
147
185
112
-10
-93
-70
44
155
185
119
8
-80
-84
15
153
239
227
173
154
202
303
428
542
611
618
602
623
707
804
844
802
714
638
596
575
548
488
392
274
170
120
119
124
88
17
-59
-98
-89
-44
4
30
32
20
14
35
94
184
251
258
228
213
237
284
315
309
262
183
101
60
53
46
-2
-91
-192
-276
-341
-388
-421
-449
-493
-559
-633
-681
-681
-659
-649
-663
-677
-665
-632
-604
-578
-531
-471
-431
-414
-395
-357
-305
-278
-281
-286
-272
-254
-257
-261
-240
-203
-182
-187
-191
-179
-137
-72
-5
39
63
99
165
259
362
454
513
551
585
628
694
772
836
855
821
766
723
721
743
751
712
620
503
400
339
319
307
269
188
77
-22
-75
-76
-61
-61
-90
-135
-179
-202
-190
-147
-92
-67
-79
-103
-105
-85
-60
-35
-20
-29
-60
-93
-96
-85
-98
-136
-177
-203
-219
-232
-240
-253
-271
-288
-292
-277
-250
-220
-199
-190
-180
-151
-111
-74
-55
-62
-81
-101
-115
-117
-119
-135
-172
-229
-288
-333
-357
-364
-371
-394
-432
-469
-481
-452
-395
-345
-314
-291
-256
-212
-160
-98
-20
62
127
175
211
253
306
374
437
475
484
486
495
504
508
515
527
521
487
443
410
394
389
378
355
314
257
201
164
152
149
134
97
50
11
-12
-17
-14
-9
-11
-24
-57
-92
-108
-100
-93
-103
-119
-138
-158
-180
-194
-193
-191
-198
-213
-218
-211
-195
-176
-158
-134
-98
-61
-22
27
80
119
139
153
182
222
258
276
271
246
216
187
158
137
125
99
37
-41
-103
-138
-154
-173
-200
-232
-273
-307
-326
-328
-315
-304
-312
-333
-344
-332
-303
-276
-257
-236
-216
-202
-192
-171
-129
-81
-49
-35
-26
-6
22
52
79
101
116
119
117
118
128
145
163
172
171
170
171
174
169
172
185
196
191
175
159
151
147
143
130
116
96
71
41
15
-5
-21
-40
-65
-88
-107
-125
-144
-150
-138
-123
-117
-113
-102
-78
-49
-19
6
36
67
97
121
148
173
194
214
233
249
261
265
260
254
256
259
252
235
211
185
165
141
112
85
60
28
-17
-61
-95
-121
-144
-170
-197
-230
-265
-298
-313
-316
-320
-330
-339
-343
-344
-343
-334
-315
-293
-274
-262
-255
-247
-227
-195
-166
-145
-134
-124
-108
-90
-64
-31
4
29
38
50
75
109
140
164
177
182
188
190
190
194
201
205
193
165
137
121
120
119
105
80
57
39
25
15
17
26
31
29
19
19
31
52
70
83
87
86
85
89
100
114
128
133
132
133
138
146
154
160
168
176
179
177
178
179
181
180
174
165
152
135
118
101
78
56
38
17
-12
-46
-73
-95
-119
-137
-157
-181
-207
-229
-241
-254
-268
-282
-294
-306
-316
-322
-330
-335
-338
-336
-331
-331
-334
-331
-320
-300
-276
-251
-228
-207
-183
-157
-129
-97
-66
-35
-7
24
45
55
66
85
108
128
138
135
125
119
127
131
130
130
133
125
101
87
92
110
122
124
127
134
137
139
142
155
172
186
194
193
191
189
191
195
196
194
194
198
196
186
174
171
175
170
162
156
151
147
140
128
117
113
109
100
84
71
63
51
34
23
15
5
-11
-31
-50
-67
-79
-90
-106
-125
-146
-163
-179
-201
-226
-243
-256
-272
-295
-315
-324
-329
-340
-351
-352
-347
-340
-334
-328
-316
-296
-270
-247
-224
-197
-167
-144
-127
-103
-74
-48
-28
-12
3
18
33
48
62
75
85
89
93
103
116
128
132
130
135
151
172
187
195
200
203
207
214
223
235
246
248
240
223
211
213
221
221
211
192
179
168
154
146
139
131
118
109
103
94
84
84
82
75
67
66
63
56
54
56
54
45
39
37
33
23
9
-1
-10
-20
-37
-58
-81
-100
-117
-134
-154
-179
-208
-238
-261
-276
-289
-304
-315
-320
-327
-339
-347
-343
-327
-310
-297
-286
-276
-260
-241
-218
-200
-180
-161
-143
-128
-113
-93
-76
-58
-39
-24
-13
-2
10
26
44
57
73
97
116
129
145
164
184
199
216
237
253
264
273
279
279
277
279
282
275
261
249
243
236
229
219
203
183
166
154
149
139
128
120
111
97
81
79
86
93
89
80
71
69
68
69
78
87
81
64
49
43
41
39
30
16
-3
-25
-45
-63
-79
-90
-101
-120
-152
-183
-201
-210
-220
-236
-252
-265
-280
-294
-302
-303
-302
-304
-309
-316
-318
-313
-303
-298
-298
-300
-295
-288
-282
-272
-256
-241
-234
-228
-217
-192
-161
-138
-121
-103
-77
-47
-20
13
51
87
115
138
162
188
218
247
271
286
294
300
307
315
321
322
318
313
303
293
276
267
265
262
248
228
216
210
203
195
192
191
189
183
172
162
160
163
163
155
144
139
133
119
105
94
88
80
67
49
30
14
2
-10
-22
-29
-34
-45
-66
-82
-89
-89
-92
-98
-104
-113
-125
-137
-144
-147
-148
-155
-168
-189
-209
-226
-237
-241
-245
-259
-278
-298
-310
-316
-317
-317
-318
-322
-326
-329
-325
-310
-285
-269
-263
-255
-237
-212
-178
-143
-113
-88
-63
-37
-9
26
65
97
115
130
148
165
181
196
213
226
227
226
226
230
234
238
242
244
238
228
219
218
219
219
215
210
208
203
197
188
176
171
169
162
147
131
119
107
91
72
59
49
34
20
8
-3
-14
-25
-29
-28
-28
-22
-18
-16
-18
-18
-11
-2
5
8
6
3
-2
-3
-3
-6
-10
-19
-36
-51
-69
-80
-88
-99
-113
-133
-154
-170
-176
-182
-195
-209
-219
-220
-220
-220
-211
-206
-208
-210
-203
-188
-171
-155
-142
-133
-128
-119
-104
-84
-62
-44
-34
-31
-24
-5
19
38
47
55
65
70
77
92
112
125
129
134
138
145
156
169
179
182
179
177
177
178
173
169
165
157
146
133
118
105
93
80
64
48
34
19
7
-5
-15
-22
-27
-30
-35
-37
-37
-36
-33
-24
-13
-7
-4
2
9
18
26
34
36
32
31
32
28
23
19
15
9
-1
-11
-22
-30
-33
-35
-39
-50
-63
-70
-75
-77
-78
-79
-80
-84
-91
-98
-100
-97
-96
-97
-104
-114
-122
-122
-118
-116
-114
-116
-120
-125
-123
-112
-100
-93
-88
-81
-74
-64
-47
-28
-11
1
14
27
41
57
76
94
107
114
120
128
133
135
139
140
137
131
122
118
111
101
90
77
69
62
49
38
26
16
12
14
10
1
-6
-10
-10
-7
-5
0
5
9
12
12
12
15
27
36
37
37
39
43
44
46
51
55
57
57
56
55
56
55
57
53
49
44
41
37
33
30
24
14
3
-5
-12
-19
-33
-47
-62
-79
-98
-110
-119
-126
-133
-142
-157
-174
-181
-177
-169
-164
-161
-155
-151
-152
-144
-127
-107
-87
-73
-65
-60
-49
-30
-6
16
30
42
49
53
58
65
77
87
89
84
77
69
58
50
47
44
38
30
18
7
0
-2
-6
-8
-7
-9
-13
-19
-20
-15
-11
-4
1
2
7
14
24
33
45
54
60
68
79
89
98
104
111
121
130
135
140
148
157
162
166
165
163
162
162
159
152
141
129
117
102
81
63
49
35
12
-12
-34
-54
-78
-99
-109
-117
-135
-158
-173
-180
-183
-187
-195
-203
-206
-206
-202
-199
-190
-178
-167
-156
-146
-131
-112
-92
-78
-65
-51
-38
-25
-12
2
12
14
16
16
19
22
23
18
12
5
-1
-7
-18
-27
-32
-35
-44
-53
-62
-71
-73
-73
-70
-70
-67
-63
-60
-55
-48
-30
-11
5
21
38
55
73
92
113
135
159
179
194
205
219
236
254
267
273
274
275
270
266
262
258
250
238
222
205
187
165
143
123
101
78
53
27
2
-24
-47
-70
-92
-111
-131
-150
-171
-189
-205
-215
-219
-225
-230
-236
-238
-237
-231
-226
-221
-215
-205
-195
-183
-169
-153
-137
-124
-113
-101
-87
-72
-57
-41
-27
-20
-16
-13
-11
-8
-4
0
-3
-12
-22
-29
-34
-34
-36
-38
-48
-60
-67
-72
-70
-66
-61
-60
-57
-57
-55
-43
-30
-16
3
20
34
47
63
86
111
135
156
174
190
204
221
235
246
258
268
274
276
276
280
279
277
273
267
259
247
233
218
204
188
169
149
128
102
78
57
40
17
-10
-38
-67
-90
-109
-125
-143
-162
-182
-198
-210
-218
-227
-232
-234
-238
-241
-242
-235
-228
-218
-209
-202
-194
-181
-164
-147
-133
-121
-110
-103
-94
-83
-71
-61
-54
-49
-45
-43
-42
-40
-36
-36
-37
-38
-40
-41
-42
-42
-42
-42
-40
-36
-37
-36
-31
-23
-16
-10
-6
2
11
19
25
35
48
61
69
76
83
95
107
116
125
133
143
153
160
166
173
181
186
188
194
197
202
202
203
202
199
194
187
180
166
154
143
132
119
104
83
63
44
26
7
-12
-29
-44
-64
-84
-103
-118
-128
-137
-149
-157
-164
-169
-172
-173
-172
-170
-170
-170
-167
-163
-158
-151
-144
-138
-130
-122
-115
-111
-107
-99
-91
-85
-82
-77
-73
-66
-61
-53
-44
-36
-33
-33
-30
-24
-18
-12
-6
-3
1
6
8
11
17
27
30
29
29
32
38
41
42
46
46
48
53
59
64
66
69
73
79
84
90
96
102
108
114
119
126
131
138
143
146
147
145
142
140
137
134
130
121
111
102
89
78
67
55
43
30
14
0
-11
-25
-41
-53
-63
-73
-79
-88
-98
-106
-111
-115
-118
-122
-121
-121
-122
-124
-121
-117
-114
-113
-109
-104
-98
-96
-93
-85
-78
-76
-75
-68
-62
-57
-51
-46
-38
-30
-24
-19
-17
-13
-7
1
6
6
7
11
16
18
18
17
15
13
11
9
8
5
4
2
-1
-3
-5
-5
-3
-1
-2
0
2
6
10
14
21
31
36
42
49
57
68
73
78
85
94
99
100
102
104
107
107
104
100
101
99
97
91
84
79
71
65
57
49
40
29
20
12
4
-6
-15
-24
-34
-46
-50
-55
-58
-59
-63
-69
-76
-80
-80
-79
-80
-81
-81
-82
-83
-82
-75
-72
-69
-64
-58
-51
-46
-40
-34
-26
-19
-13
-9
-3
-1
4
9
15
15
14
16
17
18
16
16
16
12
7
1
-2
-7
-11
-19
-23
-27
-32
-35
-38
-39
-41
-39
-39
-39
-38
-36
-32
-26
-22
-15
-8
-3
2
9
16
22
29
35
38
45
52
58
63
67
73
75
77
79
82
82
83
81
77
73
69
67
63
57
51
44
39
32
25
17
11
6
-1
-10
-17
-26
-33
-39
-43
-48
-52
-53
-55
-60
-64
-65
-64
-60
-57
-54
-52
-48
-45
-43
-39
-31
-22
-17
-15
-11
-5
4
10
16
18
19
23
26
30
34
34
34
32
27
22
21
20
13
4
-5
-9
-14
-17
-20
-26
-31
-38
-44
-44
-44
-45
-47
-46
-44
-42
-38
-31
-24
-18
-14
-13
-12
-3
3
9
14
19
23
29
33
38
42
46
47
47
49
51
52
50
50
49
50
48
47
45
41
37
33
30
25
25
23
19
11
3
-2
-8
-10
-12
-15
-18
-25
-31
-36
-36
-38
-39
-39
-40
-40
-38
-38
-39
-34
-27
-22
-22
-21
-16
-9
-3
3
9
14
17
21
25
31
34
33
31
28
29
29
27
25
23
18
10
5
1
-2
-5
-12
-20
-27
-31
-33
-35
-36
-38
-40
-43
-49
-50
-49
-47
-46
-46
-46
-44
-42
-40
-37
-31
-24
-21
-16
-19
-17
-12
-7
-1
6
10
15
16
16
20
25
33
39
41
42
43
48
48
47
45
47
47
45
45
44
40
39
35
30
25
21
16
11
7
4
0
-4
-4
-5
-8
-12
-15
-14
-8
-5
-7
-7
-5
-3
-1
4
9
19
21
20
21
19
21
25
30
32
29
23
18
19
19
20
21
19
14
9
7
4
1
-2
-5
-8
-14
-21
-26
-27
-29
-32
-35
-39
-42
-50
-56
-60
-61
-58
-62
-67
-69
-69
-68
-64
-59
-55
-55
-53
-51
-43
-39
-33
-27
-21
-15
-9
-4
1
5
10
18
24
22
21
23
30
36
38
39
35
35
35
36
38
39
38
34
33
29
25
26
27
26
25
22
20
19
21
25
26
27
28
29
26
26
27
29
31
31
27
25
25
24
24
23
22
22
18
16
18
16
12
11
11
9
5
5
3
2
0
-3
-3
-5
-8
-10
-11
-13
-15
-19
-22
-24
-28
-31
-34
-35
-37
-40
-44
-47
-49
-50
-52
-54
-57
-58
-57
-56
-55
-54
-50
-48
-45
-43
-41
-37
-34
-32
-27
-19
-17
-13
-7
-2
1
1
4
9
14
18
22
26
26
26
28
28
31
33
34
36
35
34
35
38
39
41
39
38
40
42
45
44
42
41
41
42
39
40
41
37
36
31
27
28
30
31
28
23
20
20
17
16
15
11
10
7
1
-2
-3
-6
-9
-13
-19
-21
-22
-26
-27
-28
-34
-37
-38
-39
-39
-40
-42
-44
-48
-51
-51
-50
-49
-50
-48
-47
-48
-47
-46
-43
-41
-41
-42
-39
-37
-35
-32
-29
-25
-21
-18
-18
-18
-14
-11
-7
-5
-2
2
3
5
9
12
16
19
23
22
20
20
23
29
33
36
36
37
39
40
44
51
53
53
52
51
54
56
58
60
60
58
57
55
54
53
55
55
54
50
47
49
48
49
46
43
40
40
36
30
22
16
10
5
-1
-5
-8
-15
-25
-29
-31
-32
-35
-42
-50
-57
-63
-68
-70
-69
-68
-72
-78
-83
-85
-84
-84
-85
-87
-87
-85
-82
-84
-84
-82
-79
-76
-75
-74
-67
-59
-55
-52
-48
-41
-34
-31
-28
-23
-16
-10
-2
3
5
4
3
5
13
20
19
17
17
27
36
41
43
45
49
53
54
56
61
71
77
77
77
84
90
91
88
85
85
91
97
96
91
90
96
99
97
92
89
84
77
69
65
64
64
59
51
46
43
36
26
16
10
5
-3
-12
-18
-21
-26
-32
-41
-48
-52
-52
-53
-59
-71
-80
-81
-79
-79
-84
-94
-101
-107
-109
-111
-108
-101
-94
-96
-105
-108
-100
-87
-76
-73
-73
-69
-59
-48
-41
-32
-25
-22
-25
-28
-26
-17
-6
-3
-6
-4
2
9
12
9
8
10
10
10
13
21
30
39
42
43
46
53
54
53
50
50
55
60
65
70
68
67
67
68
66
63
61
61
63
64
64
63
65
70
69
63
52
47
48
47
43
40
39
37
33
25
15
13
18
13
2
-5
-5
-5
-6
-14
-24
-28
-36
-47
-55
-56
-61
-69
-78
-85
-87
-83
-82
-89
-96
-95
-92
-92
-87
-79
-64
-59
-62
-60
-55
-45
-36
-28
-27
-30
-28
-15
-1
2
-5
-5
1
-4
-17
-23
-19
-8
-2
-4
-4
7
13
7
7
14
18
22
20
13
15
24
33
37
36
38
36
25
22
38
43
30
22
27
35
45
45
37
37
49
53
43
39
47
54
43
31
45
64
65
56
49
46
43
41
52
66
67
74
78
55
43
62
63
43
33
30
13
-9
-9
11
9
-11
-28
-40
-45
-47
-56
-54
-47
-62
-73
-65
-58
-57
-47
-37
-30
-36
-44
-9
35
6
-73
-83
-14
19
-23
-67
-66
-54
-59
-81
-73
-27
-3
-28
-76
-63
43
86
-69
-216
-146
3
19
-47
-26
83
97
-41
-123
-11
111
43
-123
-188
-112
10
57
0
-43
4
37
-14
-74
-51
42
65
-42
-97
-9
76
72
44
53
64
18
-20
47
130
92
22
86
151
46
-67
7
132
98
-2
-34
20
99
87
4
8
46
-7
-30
-12
-2
51
92
43
20
49
31
21
63
50
-31
-50
55
170
112
-87
-125
36
66
-125
-240
-60
185
158
-109
-229
-71
86
-3
-186
-174
14
143
40
-187
-202
72
215
5
-217
-89
214
236
-71
-227
52
310
110
-222
-185
140
218
-103
-308
-36
254
60
-279
-203
130
133
-197
-283
30
202
-38
-257
-95
157
66
-184
-127
178
231
-75
-246
31
300
92
-213
-73
255
215
-99
-151
137
272
18
-193
7
278
167
-165
-213
69
216
1
-214
-69
182
124
-134
-167
81
200
-3
-202
-84
161
167
-42
-118
56
168
14
-145
-29
188
158
-94
-179
30
166
24
-144
-83
77
67
-106
-148
25
124
0
-144
-89
86
111
-52
-115
21
96
-6
-93
-14
93
48
-72
-59
68
79
-27
-84
-53
-19
-49
-88
-56
9
-1
-88
-148
-100
-39
-65
-102
-72
-4
7
-53
-84
-44
-12
-32
-56
-26
31
45
0
-35
-8
41
42
7
13
64
62
1
-11
47
65
18
-11
10
29
13
-25
-18
39
65
12
-46
-3
77
69
-3
-9
71
106
37
-11
69
153
90
-31
-25
94
146
61
-30
3
91
76
-19
-38
38
76
0
-79
-25
80
75
-28
-65
21
88
33
-45
-22
65
87
13
-30
42
124
77
-32
-50
21
46
-19
-52
9
63
0
-87
-80
-21
-7
-63
-113
-77
-9
-21
-106
-136
-73
-30
-80
-118
-69
-4
-36
-112
-99
-15
17
-35
-72
-35
16
1
-51
-48
18
44
-18
-71
-32
20
-5
-64
-59
12
30
-39
-78
-31
17
-5
-57
-48
19
55
26
-6
22
72
58
3
13
86
111
54
4
43
110
98
34
31
79
84
38
16
53
89
59
-1
-7
34
56
28
-10
1
30
29
22
39
52
36
13
11
29
40
29
20
33
39
16
0
15
23
-4
-28
-12
17
6
-42
-75
-59
-30
-49
-88
-80
-45
-41
-73
-95
-74
-47
-63
-91
-88
-52
-36
-58
-82
-57
-9
-5
-44
-66
-40
-18
-30
-46
-33
0
3
-30
-46
-20
1
-20
-52
-38
18
42
8
-21
7
45
25
-8
13
67
71
25
5
52
90
63
18
36
96
101
45
18
58
92
64
18
30
76
76
27
9
56
96
65
15
24
66
71
30
11
45
76
56
19
27
63
67
21
-8
12
36
15
-27
-33
-7
2
-27
-53
-44
-28
-44
-76
-80
-56
-50
-70
-91
-76
-52
-57
-85
-89
-62
-48
-64
-74
-55
-41
-56
-74
-59
-32
-31
-51
-58
-41
-29
-39
-60
-59
-36
-19
-28
-35
-26
-12
-13
-18
-12
7
21
12
7
21
38
40
34
30
38
46
47
45
47
51
57
58
50
42
50
59
54
41
40
55
62
52
34
32
41
44
41
41
46
50
46
41
37
42
45
40
33
30
31
32
28
20
18
20
18
18
17
13
6
-3
-15
-24
-25
-25
-28
-33
-41
-45
-47
-46
-44
-40
-39
-43
-48
-50
-55
-59
-59
-55
-51
-57
-65
-65
-56
-49
-52
-56
-53
-47
-50
-53
-46
-35
-36
-44
-43
-33
-23
-23
-26
-21
-10
-2
-1
-1
8
14
15
18
24
31
37
40
33
30
30
31
38
45
49
49
48
47
47
45
46
49
50
46
37
39
45
41
33
31
36
34
19
11
19
27
23
17
18
22
23
11
4
12
20
11
-2
1
15
20
4
-10
-14
-11
-13
-16
-13
-7
-9
-21
-25
-18
-14
-20
-30
-30
-24
-23
-32
-39
-33
-26
-24
-29
-32
-28
-24
-28
-33
-32
-26
-27
-34
-37
-30
-20
-23
-30
-29
-21
-19
-22
-21
-17
-13
-13
-14
-2
14
19
11
4
3
11
16
12
13
22
25
18
12
17
23
17
6
5
16
24
18
12
13
16
15
16
19
21
20
17
14
18
23
25
24
18
17
19
17
15
16
18
17
18
20
19
15
10
5
5
7
5
0
0
2
2
-5
-12
-14
-9
-3
-7
-12
-15
-15
-13
-15
-9
-1
-1
-8
-12
-8
-4
-6
-9
-9
-5
-6
-10
-10
-8
-10
-13
-11
-8
-6
-5
-7
-13
-12
-9
-9
-12
-14
-11
-10
-14
-17
-13
-5
-5
-8
-5
0
-3
-11
-12
-4
2
1
0
4
7
5
-1
-5
-1
4
3
-1
-2
-3
-4
-9
-10
-3
2
2
-6
-8
-7
-7
-11
-7
3
6
2
1
4
11
10
8
11
19
24
22
20
19
19
14
10
11
18
18
13
8
6
4
0
-2
1
3
0
-5
-7
-3
0
0
2
8
12
10
3
3
9
13
12
8
9
11
9
5
6
7
9
10
8
5
1
-4
-10
-12
-10
-5
-4
-8
-9
-8
-7
-11
-14
-12
-10
-10
-10
-11
-9
-9
-9
-4
0
4
-1
-8
-9
-7
-6
-10
-11
-7
-9
-15
-22
-23
-20
-18
-17
-17
-16
-12
-11
-16
-17
-11
-4
-5
-5
0
7
10
8
7
10
14
15
14
14
15
16
16
18
21
23
23
19
12
10
10
9
10
15
16
16
13
9
11
12
11
9
11
16
17
15
13
13
10
7
7
8
7
4
1
-2
-5
-8
-8
-7
-5
-4
-6
-8
-10
-15
-15
-12
-8
-6
-6
-7
-9
-9
-10
-10
-8
-4
-1
-1
-4
-6
-8
-9
-9
-8
-7
-10
-12
-12
-11
-10
-10
-13
-13
-14
-13
-11
-9
-11
-12
-9
-6
-5
-7
-7
-8
-7
-7
-5
-3
-3
-2
-1
-1
-3
-3
-1
1
-2
-1
-1
0
-2
-5
-5
-2
2
1
1
4
5
8
7
8
9
12
16
16
17
18
17
14
12
14
18
18
18
16
15
14
10
9
8
6
7
7
7
7
6
5
7
7
7
8
8
5
2
3
4
5
5
7
8
6
3
4
3
0
-3
-2
1
3
-1
-5
-7
-7
-8
-10
-9
-8
-9
-14
-16
-16
-12
-8
-6
-8
-7
-7
-8
-9
-8
-3
-1
-5
-8
-10
-9
-11
-15
-17
-15
-14
-12
-12
-10
-8
-8
-11
-13
-11
-7
-5
-7
-7
-2
2
0
3
5
6
6
5
9
7
7
6
8
8
9
9
8
7
6
5
3
1
2
4
3
1
2
3
1
0
0
3
8
7
6
9
12
12
6
5
7
9
10
9
10
11
12
11
7
7
7
8
5
4
3
2
0
0
-2
-4
-4
-3
-2
-1
-4
-8
-7
-4
-5
-3
-2
-3
-5
-4
-5
-7
-6
-7
-8
-9
-10
-11
-10
-11
-13
-11
-11
-12
-13
-14
-14
-12
-10
-10
-11
-13
-11
-10
-10
-9
-8
-4
-4
-4
-4
-2
-2
-1
-1
1
2
2
5
5
4
3
6
8
9
10
11
13
15
13
13
12
15
17
16
17
18
19
16
14
17
18
20
20
19
19
17
16
13
13
14
15
14
12
10
7
8
7
6
5
3
1
1
1
0
-4
-3
-3
-4
-7
-12
-12
-12
-11
-11
-12
-11
-13
-15
-18
-19
-15
-15
-17
-20
-20
-20
-19
-18
-17
-16
-17
-18
-19
-20
-16
-13
-13
-14
-15
-11
-9
-12
-14
-13
-11
-8
-10
-10
-7
-5
-6
-7
-6
-5
-5
-3
-4
-2
1
1
2
3
7
7
5
6
8
11
13
13
15
17
17
17
17
16
17
20
22
20
18
20
22
22
20
21
22
20
19
19
20
19
18
18
19
18
13
8
7
6
3
2
1
-3
-5
-5
-3
-5
-11
-12
-11
-11
-14
-13
-12
-12
-14
-15
-16
-15
-15
-16
-13
-9
-7
-9
-13
-14
-14
-13
-16
-16
-15
-14
-14
-17
-16
-13
-11
-12
-13
-11
-11
-8
-10
-12
-8
-5
-5
-6
-5
-2
0
1
3
5
8
8
7
6
6
9
13
13
11
12
13
11
12
16
16
15
13
13
15
17
15
14
15
16
15
15
17
16
16
12
13
14
14
13
13
16
16
13
10
9
10
8
6
1
0
-1
0
0
-3
-4
-6
-7
-10
-11
-11
-11
-13
-16
-18
-18
-19
-20
-21
-18
-19
-18
-18
-16
-18
-21
-19
-17
-14
-15
-18
-16
-13
-13
-16
-17
-14
-12
-12
-11
-9
-7
-9
-11
-9
-5
-3
-4
-5
-4
-3
-1
-2
2
5
8
8
7
5
5
7
9
11
11
10
9
8
9
10
10
11
8
7
11
10
7
8
8
7
5
8
10
10
10
10
11
9
8
9
11
9
8
9
10
10
10
7
10
12
10
7
4
4
4
4
3
1
2
2
-3
-5
-4
-2
-1
-3
-3
-3
-3
-5
-5
-5
-3
-2
-6
-6
-4
-3
-5
-7
-5
-5
-5
-6
-8
-5
-5
-5
-6
-4
-4
-4
-1
0
0
3
2
0
2
2
1
-1
-2
0
2
3
2
1
5
3
-1
-2
-2
1
-1
-4
-3
-1
1
-3
-3
-4
-3
-4
-7
-7
-4
-3
-4
-4
-2
-2
-4
-5
-6
-7
