-2
0
2
-3
0
3
-1
-1
4
3
1
4
5
3
3
4
1
3
4
3
3
5
4
2
6
1
-1
2
5
3
3
4
0
-1
0
1
-2
-2
0
-1
-2
-3
-4
-6
-4
-5
-5
-4
-3
-1
0
-1
-2
-3
-3
-5
-3
0
0
-2
-2
-1
-4
-4
-2
-5
-4
-2
-3
-3
0
-1
-4
-2
-2
-1
-2
0
-1
1
3
4
4
5
4
4
8
6
5
5
8
5
3
3
3
2
4
6
6
5
4
3
3
4
4
3
5
7
5
3
3
1
2
3
3
3
2
2
-1
-1
1
-2
-3
-2
-2
-3
-1
-1
-5
-3
-4
-7
-3
-1
-2
-3
-3
-2
-2
-2
-3
-3
-4
-2
-2
-2
-1
-3
-4
-4
-6
-8
-8
-9
-9
-8
-8
-8
-8
-7
-11
-10
-8
-6
-6
-5
-2
-2
-1
1
0
-1
0
3
4
6
7
4
3
4
3
5
6
7
5
5
4
4
6
6
6
6
4
2
5
4
4
2
2
2
2
3
4
2
2
4
5
5
6
6
4
5
5
5
4
6
6
3
3
-1
-4
-3
-5
-1
4
-2
-8
-9
-6
-5
-8
-7
-6
-6
-7
-6
-5
-8
-6
-8
-9
-8
-4
-3
-3
-4
-5
-5
-1
-1
1
3
-1
-3
-1
-2
-2
-2
0
1
2
3
4
1
2
4
4
3
3
6
6
7
6
5
6
7
4
5
7
7
10
6
3
7
6
9
6
5
7
7
7
8
4
6
3
1
0
1
4
4
4
6
1
0
-1
-5
-4
-5
-4
-7
-5
-6
-6
-8
-11
-11
-11
-11
-13
-13
-10
-12
-14
-13
-14
-12
-9
-9
-8
-7
-5
-3
-6
-7
-4
-5
-5
-7
-5
-1
0
1
0
2
2
4
2
1
2
4
4
3
-1
1
3
6
1
-2
2
4
4
4
5
6
5
4
7
10
12
11
8
9
8
11
10
6
10
11
8
5
4
8
7
2
2
5
7
1
-3
-2
-1
-5
-6
-5
-2
-1
-7
-8
-7
-5
-6
-8
-10
-4
-6
-7
-8
-4
-4
-7
-4
-4
-2
-2
-5
-3
1
-2
-4
-3
-1
1
1
3
4
6
6
2
4
7
3
0
1
5
2
6
6
6
3
0
2
2
1
1
-1
1
2
2
1
0
1
2
2
2
2
0
0
4
4
2
1
2
6
2
1
3
5
6
3
4
2
-3
-4
-5
-9
-3
-3
-2
0
0
-1
-3
-2
-2
-4
-7
-5
-3
-3
-6
-9
-4
-2
-1
-2
-3
-1
-3
-4
-2
-2
-3
-2
2
1
0
1
0
-1
0
-1
-1
-2
-4
0
-5
-11
-2
0
-3
-6
-5
-4
-10
-4
1
-4
0
4
6
6
6
10
4
4
9
10
9
6
5
5
-1
3
-2
1
4
3
5
3
6
9
5
-2
-3
-1
1
-2
-1
2
4
4
4
5
9
0
-9
0
0
-6
-3
0
2
3
1
-3
-6
-6
0
-1
0
5
3
-3
-7
-7
-7
-10
-7
-4
-2
-6
-7
2
-2
-7
-1
-1
-4
-3
-1
1
-3
4
5
-1
3
6
4
4
1
3
-1
-3
1
6
5
4
3
8
10
3
8
7
5
4
7
2
1
3
4
8
7
1
2
0
-4
-7
-3
-2
-1
4
5
2
-3
2
2
-6
-1
-2
-2
-2
-6
-6
-14
-7
-1
-13
-12
-7
-1
5
-2
-2
0
-6
-3
-2
-3
-7
-3
6
1
7
6
8
6
-2
4
-6
-20
-11
-7
1
7
5
7
1
-2
-2
-3
3
6
1
-2
-5
-8
3
2
-7
-10
-12
0
3
2
5
-3
-9
-8
-9
-7
-5
10
7
-5
-2
8
14
6
0
7
0
5
9
4
8
0
3
0
2
12
8
-2
-1
0
3
-5
-7
0
-11
-7
1
8
20
21
17
4
-1
-3
-10
-3
-1
-11
-4
5
14
10
14
12
-10
-7
-8
-12
-6
3
3
-4
-6
-6
-12
3
-3
-15
2
3
6
13
9
-6
-4
-19
-15
3
17
10
2
19
19
15
-8
-3
4
-7
-8
-13
-9
4
7
-2
11
13
6
5
-2
-7
6
12
-8
-13
1
-5
-4
9
0
-6
-6
-9
-1
21
28
-10
-27
-35
-29
-7
16
18
13
6
-4
-18
-24
-1
-15
-26
-13
13
14
8
12
8
-7
-11
-11
2
12
-6
-5
12
16
-12
-35
-31
-5
15
10
11
13
6
-28
-25
1
19
4
-12
-17
-11
26
42
24
13
2
-29
-17
0
6
19
23
-8
-27
16
41
20
9
1
-13
14
22
-8
-25
-16
-16
-21
3
22
22
7
-4
-2
6
23
1
-5
5
0
0
28
35
-2
-27
-34
-18
17
32
16
9
-3
-17
-31
-15
-18
-14
6
-24
-6
42
18
-7
-2
-21
-24
-11
-4
6
3
-25
-15
-6
20
23
-26
-14
-6
-11
2
11
-6
-19
-28
-14
-9
23
39
-4
-23
-26
-8
15
42
32
14
8
-2
13
22
25
17
-1
14
44
20
12
-2
-58
-59
-19
13
30
21
-6
4
6
6
-14
16
33
-8
0
-10
4
34
-2
-26
-5
-4
14
41
30
-20
-60
-45
-51
-25
13
14
34
17
-34
-55
-25
-22
-26
1
50
24
-33
-9
0
-5
-10
-19
-32
6
60
21
24
58
30
-44
-106
-79
-2
55
18
-15
-7
27
6
8
28
-11
-30
-62
-40
15
39
70
61
11
-33
-13
28
38
-3
-23
-42
-54
10
72
25
-4
9
-5
41
71
30
-26
-52
-13
19
6
40
43
2
-9
-9
-18
28
54
17
-44
-35
-5
5
65
11
-78
-78
-13
7
15
44
45
2
-37
-55
-39
-36
16
-3
-70
-55
2
9
57
80
-30
-66
-49
-52
-21
-9
21
31
32
-12
-38
39
56
-12
-16
7
-9
-4
9
1
-59
-69
12
29
-19
20
38
25
4
16
31
25
-58
-101
66
129
80
86
26
-44
-46
-30
31
108
79
-8
-52
-28
59
31
-42
-116
-160
-87
-38
83
186
234
82
-133
-143
-100
-56
-52
-27
-57
78
171
95
53
-22
-148
-231
-142
-8
141
200
97
-15
-94
-157
-167
-111
-27
63
122
146
158
108
-1
-157
-349
-243
13
154
159
168
159
-8
-61
-92
-127
-69
-47
-20
54
142
151
89
-8
-96
-89
-47
1
61
106
102
62
18
-58
-69
-120
-80
35
35
73
72
153
65
-14
10
-52
-135
-157
20
143
171
126
55
-20
-29
-2
-101
-109
-23
-35
32
0
-22
22
-16
-109
-132
2
26
17
53
46
-53
-33
5
-79
-55
-38
10
32
119
140
-38
-83
-166
-87
55
67
-3
-52
-4
9
-17
5
19
26
58
24
-13
38
85
26
-134
-148
-5
44
25
51
83
51
-20
-20
-11
2
1
-32
10
-12
2
23
14
87
84
26
11
26
25
34
-96
-185
-93
-69
-105
-83
167
259
134
98
-54
-122
-85
-150
-101
11
103
68
23
134
117
16
-168
-221
-59
-5
94
121
76
95
-41
-249
-173
-73
25
73
116
253
244
224
-15
-218
-258
-221
-165
-137
-36
123
175
155
14
-69
-9
-56
-118
-154
5
147
166
132
33
26
24
-67
-214
-122
68
93
119
57
67
-75
-256
-207
-194
-151
-68
-50
106
370
423
205
-5
-90
-211
-147
70
179
257
281
146
29
-114
-178
-162
-188
-73
22
90
201
107
-115
-278
-128
-69
-140
-36
105
250
346
150
-20
-89
-213
-178
-132
42
168
105
-52
-132
1
19
-17
16
-138
-146
-76
-50
165
327
141
-96
-175
-151
-80
36
176
86
-51
1
18
-16
-67
31
47
-31
14
10
-19
39
23
-86
-105
-142
-177
-74
77
158
251
312
157
42
35
-76
-231
-299
-194
-56
39
220
240
169
60
-119
-244
-233
-118
-77
-66
-1
55
88
201
208
130
61
-79
-58
17
-12
-90
-125
-56
-59
-32
112
175
156
-18
-85
-120
-121
64
-21
-100
-57
62
17
-43
35
45
9
-79
-146
-94
-55
-15
5
100
208
67
-6
50
124
178
187
-1
-188
-157
-7
-46
-66
70
-22
-119
-71
75
218
173
30
-227
-330
-247
-81
168
206
92
23
11
55
68
117
106
-64
-121
-32
83
92
-47
-140
-191
-78
137
222
297
254
58
-138
-352
-384
-291
-150
-26
79
283
302
114
-32
-122
-113
-132
-151
-69
55
162
261
293
173
92
-35
-229
-280
-142
-66
7
98
122
251
358
203
-52
-174
-349
-444
-359
-218
87
317
282
238
235
149
-6
-163
-250
-226
-156
-178
-111
51
65
83
100
151
203
131
104
80
43
-112
-290
-375
-367
-136
99
162
260
289
220
280
175
-42
-172
-362
-432
-293
-131
40
197
238
146
126
175
89
21
-92
-234
-250
-202
-74
75
132
152
158
122
198
174
48
32
20
-133
-223
-180
-253
-246
-38
169
288
311
248
104
-58
-215
-348
-375
-351
-285
-118
124
399
476
294
128
-62
-234
-143
4
-33
10
117
138
209
297
249
59
-81
-245
-411
-309
-118
-4
42
5
-111
-250
-292
-264
-159
2
61
95
209
282
212
47
-41
-161
-253
-123
153
421
548
510
328
63
-99
-201
-260
-167
-72
3
67
112
147
27
-180
-314
-347
-207
-68
74
151
88
67
64
54
66
51
50
67
129
243
289
230
73
-69
-148
-173
-110
-48
-3
52
38
6
2
-6
-61
-154
-185
-155
-55
64
119
172
198
151
-53
-238
-253
-215
-183
-117
8
40
11
-44
-77
-13
-8
-68
-80
-84
-51
-28
-40
-47
-94
-107
-129
-44
164
321
402
308
140
27
-79
-114
-116
-100
-38
-11
30
83
144
138
71
-44
-225
-298
-284
-233
-133
-25
55
48
48
119
205
265
213
186
155
122
123
91
76
24
-81
-182
-204
-131
-55
18
39
-19
-69
-145
-197
-175
-165
-145
-115
-2
117
155
179
132
90
39
3
51
92
174
200
82
36
39
-30
-103
-154
-166
-116
-121
-185
-156
-86
-107
-176
-156
-128
-120
-92
-32
75
175
242
231
181
152
199
220
196
189
149
77
35
20
-12
-75
-165
-253
-274
-217
-140
0
53
-20
-67
-89
-71
-45
-16
25
34
71
134
223
255
200
147
47
-39
-37
-12
38
59
33
1
-63
-86
-92
-92
-50
6
78
129
145
177
193
188
160
131
147
165
175
225
293
271
211
113
22
-10
-56
-91
-97
-106
-131
-178
-229
-274
-306
-356
-417
-404
-369
-347
-303
-246
-179
-130
-117
-113
-118
-129
-155
-180
-193
-221
-230
-243
-246
-190
-128
-65
-10
8
2
-55
-134
-180
-223
-240
-210
-157
-106
-50
9
51
79
82
75
86
144
210
305
449
590
718
849
960
1057
1147
1210
1212
1133
1026
878
700
512
349
231
127
35
-63
-139
-173
-209
-269
-316
-381
-455
-523
-593
-622
-630
-592
-545
-489
-413
-314
-213
-177
-190
-262
-369
-485
-591
-680
-729
-728
-713
-673
-593
-510
-472
-479
-535
-615
-656
-668
-648
-575
-505
-443
-392
-357
-321
-285
-233
-188
-162
-123
-67
-13
2
-36
-46
15
183
463
802
1203
1606
1938
2178
2333
2415
2402
2306
2146
1966
1788
1570
1305
990
659
336
54
-160
-334
-469
-572
-667
-725
-757
-757
-729
-706
-659
-574
-445
-310
-160
-35
32
52
31
14
-24
-77
-177
-310
-460
-620
-743
-873
-1003
-1129
-1250
-1338
-1394
-1443
-1478
-1532
-1599
-1639
-1646
-1602
-1508
-1353
-1193
-1031
-825
-586
-342
-141
6
71
66
35
-12
-60
-131
-217
-283
-259
-57
294
720
1172
1608
2034
2461
2850
3117
3230
3186
2994
2729
2438
2157
1878
1535
1128
703
356
123
-63
-261
-498
-752
-964
-1098
-1109
-1006
-833
-643
-454
-213
93
413
689
862
923
920
884
811
704
553
328
44
-245
-487
-698
-901
-1126
-1398
-1676
-1916
-2111
-2275
-2417
-2528
-2593
-2585
-2495
-2316
-2049
-1727
-1394
-1067
-721
-367
-35
226
366
398
338
217
68
-84
-219
-344
-470
-581
-673
-727
-740
-725
-611
-332
77
580
1128
1700
2279
2806
3238
3532
3696
3753
3692
3528
3297
3023
2687
2252
1739
1217
739
343
-28
-405
-755
-1087
-1366
-1570
-1685
-1718
-1684
-1588
-1428
-1167
-817
-423
-61
226
450
653
862
1071
1234
1299
1272
1160
978
764
534
243
-130
-560
-1018
-1446
-1829
-2197
-2566
-2909
-3198
-3368
-3376
-3231
-2959
-2614
-2230
-1830
-1395
-915
-418
31
370
601
753
848
871
801
614
327
-14
-350
-618
-792
-907
-1011
-1152
-1305
-1377
-1305
-998
-470
197
940
1675
2391
3098
3756
4263
4538
4574
4438
4215
3978
3712
3361
2878
2244
1542
875
335
-98
-530
-1031
-1599
-2131
-2528
-2743
-2799
-2744
-2593
-2344
-1980
-1453
-823
-213
283
600
784
937
1111
1293
1414
1421
1346
1246
1177
1131
1069
933
666
298
-134
-587
-1038
-1521
-2057
-2607
-3085
-3402
-3520
-3476
-3302
-3033
-2682
-2265
-1792
-1278
-779
-347
-17
220
414
564
645
642
537
381
223
69
-58
-179
-320
-505
-749
-1012
-1229
-1342
-1331
-1134
-718
-96
704
1594
2470
3309
4049
4606
4930
5000
4862
4575
4164
3642
3046
2389
1675
922
172
-513
-1076
-1567
-2032
-2466
-2846
-3110
-3225
-3188
-3002
-2673
-2243
-1750
-1180
-541
117
731
1213
1534
1748
1897
1991
2018
1950
1798
1591
1354
1137
959
788
593
324
-42
-461
-877
-1311
-1765
-2226
-2671
-3030
-3253
-3315
-3213
-2950
-2574
-2141
-1653
-1114
-552
-35
361
591
664
621
487
297
74
-139
-331
-502
-606
-642
-631
-603
-629
-736
-898
-1086
-1258
-1332
-1229
-931
-448
183
927
1770
2637
3435
4094
4563
4836
4913
4795
4520
4104
3543
2810
1937
1003
106
-690
-1405
-2050
-2618
-3080
-3405
-3569
-3562
-3392
-3084
-2682
-2196
-1602
-887
-105
646
1290
1815
2252
2599
2835
2935
2888
2712
2421
2038
1616
1198
794
407
48
-239
-415
-493
-535
-609
-750
-955
-1233
-1602
-2026
-2457
-2836
-3112
-3256
-3228
-3001
-2593
-2091
-1564
-1047
-550
-118
189
340
365
312
201
40
-137
-272
-336
-362
-405
-465
-542
-655
-837
-1109
-1396
-1610
-1684
-1610
-1361
-851
-68
924
1969
2949
3846
4622
5168
5390
5292
4970
4463
3745
2848
1877
965
116
-693
-1447
-2026
-2357
-2514
-2603
-2652
-2594
-2416
-2170
-1913
-1610
-1199
-720
-258
171
623
1130
1622
1976
2177
2302
2396
2415
2299
2079
1838
1615
1374
1103
843
653
517
370
200
60
-44
-205
-515
-960
-1464
-1975
-2516
-3085
-3573
-3869
-3957
-3879
-3677
-3345
-2887
-2365
-1850
-1368
-911
-489
-180
-9
78
157
256
316
310
267
238
218
165
59
-117
-357
-662
-998
-1273
-1373
-1260
-971
-474
256
1186
2184
3088
3806
4335
4638
4665
4420
3977
3430
2801
2107
1405
785
270
-183
-595
-933
-1144
-1269
-1393
-1565
-1735
-1844
-1882
-1856
-1754
-1517
-1114
-602
-35
577
1224
1855
2360
2681
2865
2954
2963
2859
2635
2334
2007
1661
1255
790
303
-179
-681
-1209
-1712
-2129
-2450
-2752
-3076
-3385
-3620
-3776
-3885
-3945
-3902
-3720
-3418
-3034
-2590
-2067
-1506
-984
-549
-174
198
543
787
918
993
1078
1154
1166
1116
1049
980
863
679
461
234
-45
-416
-834
-1148
-1249
-1181
-1036
-757
-235
530
1352
2027
2549
3000
3374
3559
3536
3402
3239
2998
2611
2146
1746
1438
1073
558
-4
-430
-702
-960
-1288
-1604
-1772
-1792
-1734
-1621
-1369
-947
-478
-63
322
757
1226
1578
1713
1720
1731
1759
1697
1489
1205
930
647
274
-186
-640
-1043
-1446
-1901
-2337
-2624
-2744
-2814
-2921
-3006
-2984
-2854
-2713
-2600
-2442
-2179
-1843
-1528
-1230
-861
-415
-3
273
464
698
989
1222
1306
1291
1291
1320
1290
1161
995
866
761
608
390
164
-57
-349
-758
-1199
-1507
-1605
-1557
-1449
-1188
-641
173
1054
1785
2354
2861
3315
3601
3669
3589
3448
3216
2834
2350
1887
1473
987
362
-293
-786
-1081
-1314
-1605
-1914
-2093
-2112
-2040
-1931
-1738
-1418
-1030
-653
-290
110
519
825
945
963
1003
1081
1128
1084
986
883
762
555
238
-130
-511
-929
-1388
-1808
-2086
-2198
-2222
-2232
-2195
-2040
-1778
-1500
-1272
-1090
-906
-718
-568
-476
-400
-319
-262
-237
-199
-65
170
416
585
684
809
981
1127
1167
1085
965
858
758
608
390
130
-157
-461
-762
-992
-1110
-1136
-1075
-883
-499
69
682
1198
1612
1985
2334
2597
2711
2660
2498
2267
1994
1700
1382
1027
603
149
-251
-542
-750
-964
-1222
-1483
-1664
-1726
-1698
-1629
-1527
-1385
-1193
-940
-640
-306
14
264
453
631
831
1034
1182
1231
1197
1111
995
822
572
258
-103
-463
-793
-1038
-1178
-1227
-1220
-1180
-1088
-944
-782
-664
-623
-665
-763
-875
-984
-1075
-1139
-1181
-1186
-1115
-921
-607
-227
146
469
750
1009
1229
1377
1415
1343
1187
982
759
522
255
-53
-374
-665
-879
-1017
-1105
-1135
-1044
-777
-354
135
571
909
1205
1488
1717
1850
1861
1764
1577
1350
1138
969
796
526
159
-200
-430
-522
-575
-688
-870
-1031
-1106
-1090
-1010
-916
-814
-711
-587
-376
-71
282
581
772
914
1081
1292
1491
1600
1608
1531
1394
1207
962
646
250
-221
-720
-1167
-1483
-1659
-1763
-1830
-1832
-1735
-1553
-1344
-1166
-1018
-890
-795
-733
-665
-570
-463
-372
-306
-218
-46
201
441
613
733
835
914
921
833
669
481
278
51
-178
-389
-585
-795
-1028
-1245
-1399
-1489
-1552
-1591
-1506
-1206
-695
-68
540
1070
1569
2050
2465
2743
2857
2789
2559
2225
1865
1546
1249
887
410
-86
-460
-650
-755
-909
-1142
-1374
-1517
-1555
-1496
-1364
-1190
-990
-761
-456
-16
522
1026
1385
1607
1785
1964
2107
2121
1982
1740
1435
1097
722
316
-128
-619
-1137
-1611
-1944
-2107
-2163
-2179
-2136
-1972
-1677
-1338
-1034
-802
-618
-455
-334
-252
-176
-106
-69
-59
-23
95
289
472
575
621
674
731
725
605
365
64
-235
-508
-749
-971
-1181
-1374
-1525
-1590
-1556
-1443
-1311
-1183
-990
-625
-72
587
1210
1666
2000
2303
2587
2783
2803
2613
2267
1847
1446
1110
841
554
154
-303
-665
-816
-802
-801
-930
-1139
-1271
-1252
-1128
-966
-813
-668
-517
-329
-33
392
853
1181
1321
1401
1552
1755
1878
1812
1593
1322
1041
744
416
47
-365
-814
-1262
-1616
-1812
-1890
-1932
-1965
-1925
-1746
-1448
-1134
-883
-708
-567
-432
-296
-177
-99
-53
-33
-18
14
89
203
288
296
278
314
419
490
432
267
95
-15
-84
-179
-321
-492
-661
-807
-925
-1004
-1065
-1136
-1215
-1217
-1027
-580
14
512
816
1077
1442
1848
2113
2157
2061
1922
1757
1579
1441
1354
1173
779
278
-89
-183
-163
-275
-594
-930
-1089
-1076
-1007
-954
-898
-795
-655
-456
-122
321
714
881
865
885
1051
1272
1337
1200
1002
860
768
640
449
226
-27
-326
-648
-885
-990
-1072
-1249
-1465
-1529
-1365
-1114
-955
-902
-834
-703
-579
-495
-436
-388
-359
-340
-276
-115
108
264
296
277
324
463
596
603
456
236
42
-99
-238
-419
-639
-866
-1057
-1164
-1152
-1094
-1106
-1228
-1365
-1378
-1209
-874
-430
15
351
647
1052
1584
2044
2224
2163
2066
2058
2076
2037
1941
1763
1429
969
564
371
301
103
-331
-831
-1152
-1250
-1280
-1375
-1508
-1542
-1424
-1172
-790
-291
219
574
758
948
1267
1628
1819
1781
1652
1561
1523
1448
1279
1013
673
288
-103
-423
-653
-877
-1184
-1548
-1802
-1830
-1715
-1662
-1711
-1716
-1580
-1367
-1178
-1021
-847
-666
-525
-359
-75
286
579
716
761
842
1004
1148
1160
1022
813
615
436
225
-65
-416
-790
-1167
-1486
-1680
-1772
-1864
-2035
-2233
-2311
-2199
-1976
-1754
-1476
-1010
-410
192
792
1442
2076
2531
2769
2937
3164
3376
3401
3238
3023
2794
2484
2022
1486
988
514
-32
-660
-1229
-1659
-2003
-2324
-2612
-2759
-2667
-2378
-2006
-1596
-1091
-463
183
749
1226
1671
2086
2388
2546
2609
2639
2632
2505
2215
1822
1445
1083
620
20
-611
-1174
-1692
-2229
-2737
-3117
-3357
-3521
-3610
-3534
-3242
-2790
-2291
-1832
-1343
-708
25
684
1172
1581
2004
2377
2594
2649
2624
2511
2228
1789
1342
973
582
18
-684
-1305
-1720
-2034
-2397
-2782
-3051
-3161
-3187
-3176
-3114
-2979
-2816
-2667
-2446
-1931
-1047
-86
658
1296
2126
3169
4113
4716
5055
5296
5441
5387
5154
4843
4365
3539
2382
1201
283
-441
-1258
-2271
-3251
-3905
-4188
-4261
-4263
-4175
-3884
-3387
-2743
-1949
-983
33
854
1434
1989
2706
3464
3943
4043
3958
3889
3824
3619
3204
2621
1924
1123
256
-569
-1312
-2079
-2969
-3888
-4585
-4918
-4999
-5016
-4978
-4732
-4158
-3296
-2296
-1289
-324
593
1452
2220
2887
3437
3758
3742
3465
3129
2812
2449
1929
1221
481
-135
-627
-1085
-1581
-2095
-2580
-2995
-3301
-3487
-3563
-3596
-3633
-3628
-3500
-3199
-2763
-2319
-1903
-1390
-543
663
1898
2912
3822
4804
5780
6498
6839
6884
6717
6275
5508
4593
3708
2735
1448
-102
-1528
-2534
-3239
-3922
-4648
-5201
-5388
-5255
-4925
-4452
-3822
-3069
-2282
-1442
-451
712
1844
2662
3191
3683
4262
4768
4941
4774
4431
4028
3551
2931
2195
1378
467
-572
-1660
-2602
-3331
-4017
-4812
-5570
-5967
-5907
-5614
-5264
-4789
-4051
-3087
-2019
-889
281
1386
2282
2930
3442
3908
4240
4253
3910
3371
2836
2357
1855
1260
580
-115
-737
-1243
-1653
-2015
-2384
-2801
-3214
-3466
-3486
-3377
-3287
-3219
-3016
-2597
-2048
-1473
-872
-221
449
1143
1997
3067
4081
4762
5176
5538
5897
6036
5746
5096
4287
3383
2347
1314
421
-436
-1412
-2450
-3234
-3561
-3596
-3641
-3804
-3894
-3719
-3294
-2744
-2179
-1602
-1007
-427
180
891
1715
2439
2831
2980
3098
3287
3429
3317
2924
2362
1772
1207
627
4
-686
-1445
-2242
-2972
-3470
-3742
-3947
-4205
-4420
-4351
-3945
-3388
-2842
-2278
-1622
-911
-171
607
1391
2044
2449
2670
2857
3066
3204
3121
2795
2335
1911
1621
1403
1094
609
57
-399
-722
-978
-1249
-1564
-1923
-2281
-2522
-2558
-2426
-2290
-2247
-2172
-1893
-1398
-835
-336
73
421
788
1279
1961
2662
3078
3200
3287
3497
3704
3653
3296
2771
2187
1578
1030
651
302
-254
-1018
-1701
-2007
-2041
-2144
-2466
-2850
-3062
-3040
-2814
-2455
-2068
-1695
-1343
-923
-309
474
1210
1637
1805
1956
2205
2484
2579
2407
2073
1713
1393
1110
842
505
35
-537
-1106
-1518
-1733
-1928
-2271
-2710
-2993
-2981
-2801
-2629
-2488
-2278
-1934
-1455
-827
-68
692
1305
1776
2240
2799
3357
3709
3760
3599
3385
3194
2983
2631
2045
1279
473
-256
-873
-1426
-2002
-2640
-3260
-3715
-3883
-3794
-3659
-3614
-3551
-3293
-2806
-2179
-1531
-967
-509
-80
411
1086
1977
2775
3167
3292
3499
3876
4171
4108
3692
3114
2547
1995
1487
1096
653
-32
-890
-1613
-1964
-2084
-2289
-2735
-3232
-3456
-3333
-2978
-2574
-2207
-1822
-1353
-722
79
949
1698
2155
2396
2625
2967
3334
3475
3303
2934
2542
2252
1979
1549
884
74
-727
-1441
-2018
-2502
-2987
-3483
-3921
-4143
-4028
-3666
-3264
-2904
-2454
-1775
-871
140
1062
1798
2451
3080
3605
3969
4162
4123
3820
3306
2695
2117
1558
839
-86
-1018
-1766
-2314
-2759
-3195
-3620
-3951
-4146
-4208
-4099
-3819
-3466
-3108
-2735
-2259
-1567
-717
70
660
1152
1678
2218
2677
3036
3409
3798
3965
3870
3755
3751
3677
3283
2605
1868
1264
753
181
-382
-822
-1223
-1670
-2082
-2267
-2196
-2057
-2060
-2163
-2089
-1743
-1306
-956
-686
-342
126
628
1091
1558
2085
2507
2680
2698
2720
2775
2668
2243
1620
1033
559
49
-599
-1297
-1935
-2464
-2938
-3350
-3580
-3626
-3631
-3638
-3483
-3017
-2334
-1694
-1213
-731
-67
729
1443
1957
2330
2618
2827
2921
2879
2774
2560
2128
1522
936
484
64
-491
-1196
-1867
-2302
-2537
-2722
-2914
-3058
-3073
-2922
-2622
-2186
-1649
-1118
-678
-255
255
849
1423
1828
2037
2155
2293
2441
2469
2310
2016
1733
1612
1558
1403
1201
1060
979
891
765
654
582
492
314
158
181
265
174
-122
-419
-529
-490
-500
-657
-812
-839
-778
-696
-603
-462
-317
-259
-258
-196
12
236
263
122
5
19
84
41
-125
-309
-422
-500
-603
-686
-724
-766
-883
-1037
-1080
-977
-877
-903
-982
-948
-762
-577
-525
-533
-463
-338
-248
-189
-64
148
366
522
646
825
1031
1130
1073
935
818
722
558
313
72
-92
-210
-355
-490
-513
-424
-315
-253
-184
-42
116
154
60
-31
-17
25
-27
-131
-149
-51
72
131
168
236
290
290
298
489
863
1160
1249
1302
1507
1833
2078
2127
2058
1968
1862
1694
1502
1297
952
385
-307
-921
-1346
-1684
-2108
-2651
-3144
-3417
-3448
-3339
-3179
-2960
-2659
-2252
-1702
-1012
-255
419
928
1333
1736
2169
2538
2711
2648
2438
2207
1974
1669
1236
688
77
-523
-1063
-1527
-1932
-2321
-2707
-3016
-3162
-3120
-2969
-2804
-2604
-2287
-1798
-1160
-471
210
879
1545
2162
2694
3152
3516
3735
3743
3557
3283
2983
2608
2099
1491
899
388
-66
-510
-934
-1299
-1605
-1876
-2105
-2241
-2256
-2193
-2095
-1948
-1691
-1289
-813
-376
-3
365
755
1105
1338
1450
1503
1516
1448
1318
1235
1318
1506
1576
1463
1352
1364
1368
1160
739
251
-232
-748
-1303
-1775
-2104
-2409
-2801
-3179
-3297
-3087
-2730
-2444
-2232
-1915
-1401
-807
-280
179
636
1067
1404
1670
1949
2246
2395
2287
2042
1829
1668
1446
1069
587
145
-207
-522
-853
-1167
-1430
-1672
-1897
-2041
-2043
-1943
-1856
-1806
-1664
-1313
-805
-310
101
521
1016
1557
2049
2438
2707
2840
2864
2821
2745
2625
2390
1988
1477
984
594
271
-101
-565
-1025
-1363
-1555
-1656
-1738
-1814
-1850
-1817
-1686
-1430
-1093
-760
-508
-309
-58
302
698
993
1125
1156
1179
1230
1250
1167
957
630
239
-130
-454
-774
-1139
-1583
-2033
-2344
-2428
-2294
-2083
-1932
-1783
-1496
-1034
-512
-73
248
483
682
887
1124
1390
1577
1578
1407
1214
1125
1086
942
607
165
-214
-452
-595
-715
-825
-926
-1007
-1000
-839
-532
-197
34
160
318
579
882
1100
1166
1129
1080
1066
1072
1055
983
820
587
366
225
164
93
-54
-223
-310
-257
-134
-39
-3
-1
2
37
125
239
298
256
147
66
79
152
189
144
71
48
100
172
203
163
51
-107
-274
-416
-528
-653
-821
-1010
-1138
-1160
-1118
-1091
-1119
-1144
-1105
-1004
-875
-739
-603
-466
-334
-210
-87
38
122
127
67
-19
-106
-203
-331
-491
-644
-753
-820
-853
-830
-711
-468
-118
260
618
984
1367
1697
1899
1969
1949
1855
1682
1444
1195
960
699
385
67
-172
-286
-341
-413
-501
-519
-420
-264
-123
-6
119
255
367
471
595
724
800
792
758
755
764
719
586
416
284
195
97
-50
-218
-358
-466
-566
-667
-745
-792
-841
-891
-899
-839
-755
-721
-729
-712
-625
-500
-403
-339
-274
-174
-48
63
142
204
252
277
274
263
237
159
18
-159
-315
-424
-525
-651
-788
-892
-940
-941
-913
-865
-792
-697
-580
-429
-239
-19
201
402
595
800
1000
1166
1272
1310
1290
1206
1051
834
573
278
-39
-355
-642
-871
-1024
-1114
-1152
-1146
-1095
-985
-809
-558
-231
132
477
804
1148
1513
1847
2086
2214
2242
2191
2087
1939
1734
1428
1008
522
52
-348
-687
-1007
-1333
-1628
-1822
-1883
-1836
-1734
-1600
-1417
-1177
-859
-465
-32
381
722
1000
1243
1452
1591
1601
1455
1186
868
552
222
-142
-526
-902
-1220
-1468
-1640
-1745
-1814
-1868
-1890
-1837
-1682
-1469
-1256
-1064
-859
-597
-281
58
378
659
906
1123
1307
1447
1529
1540
1465
1312
1128
949
778
594
389
183
8
-121
-213
-294
-379
-478
-577
-664
-726
-752
-766
-777
-786
-764
-677
-538
-371
-192
2
220
450
673
861
992
1063
1076
1048
990
896
757
575
362
158
-18
-173
-331
-499
-653
-753
-778
-720
-613
-504
-395
-257
-67
157
363
526
635
705
767
844
934
980
933
819
703
637
601
542
427
256
76
-75
-189
-292
-418
-579
-758
-906
-981
-995
-1001
-1048
-1111
-1126
-1067
-957
-844
-750
-667
-586
-479
-341
-178
-20
91
153
204
275
361
401
369
285
212
192
194
174
125
76
42
33
54
99
141
151
130
111
116
127
105
31
-78
-172
-213
-212
-191
-146
-64
67
234
419
607
778
899
956
958
922
856
739
569
371
176
5
-147
-293
-426
-528
-594
-641
-675
-693
-695
-689
-686
-674
-625
-547
-455
-364
-274
-162
-27
110
220
300
361
405
439
464
500
573
683
779
832
867
905
919
848
680
466
231
-22
-287
-537
-742
-923
-1097
-1242
-1315
-1283
-1182
-1068
-958
-824
-624
-392
-176
9
185
358
504
624
730
834
905
897
831
743
653
540
369
170
-9
-141
-238
-336
-423
-488
-537
-586
-637
-661
-650
-630
-602
-542
-418
-235
-44
138
321
527
758
978
1165
1311
1415
1472
1462
1385
1245
1046
777
441
75
-284
-613
-919
-1203
-1437
-1598
-1677
-1688
-1634
-1524
-1363
-1164
-939
-693
-428
-162
75
265
417
553
671
762
820
850
861
856
841
818
790
741
662
552
423
274
101
-100
-328
-573
-806
-1005
-1157
-1262
-1329
-1348
-1314
-1219
-1067
-874
-655
-428
-193
58
336
650
979
1282
1535
1746
1933
2076
2133
2084
1943
1724
1443
1118
775
426
62
-319
-695
-1022
-1278
-1478
-1644
-1790
-1882
-1893
-1825
-1690
-1503
-1265
-989
-687
-356
4
375
715
992
1216
1398
1537
1620
1624
1560
1445
1292
1105
886
632
336
1
-359
-723
-1064
-1381
-1673
-1922
-2094
-2162
-2123
-1999
-1798
-1528
-1199
-825
-419
-2
398
752
1041
1274
1464
1602
1674
1667
1591
1479
1352
1213
1055
877
684
478
272
78
-101
-282
-486
-706
-911
-1076
-1194
-1274
-1322
-1317
-1250
-1111
-904
-647
-366
-89
175
428
666
881
1044
1143
1187
1191
1169
1111
1006
851
649
412
158
-91
-322
-532
-704
-813
-833
-783
-691
-566
-423
-267
-115
20
130
199
227
223
206
187
153
96
14
-66
-118
-139
-143
-153
-170
-175
-167
-138
-88
-20
44
90
131
172
224
262
263
215
121
11
-99
-210
-323
-432
-534
-616
-661
-662
-639
-610
-582
-550
-493
-416
-325
-226
-119
1
134
282
452
627
790
921
1014
1076
1103
1076
987
842
661
459
255
60
-120
-273
-398
-488
-543
-562
-554
-535
-514
-484
-434
-358
-267
-170
-66
44
165
285
398
496
572
623
645
652
648
621
562
461
332
189
36
-128
-299
-467
-613
-727
-812
-859
-876
-866
-842
-805
-745
-655
-542
-419
-296
-166
-33
103
230
347
460
586
732
871
976
1043
1064
1023
902
704
451
155
-158
-462
-721
-913
-1048
-1146
-1219
-1257
-1243
-1181
-1087
-983
-869
-727
-561
-367
-143
110
375
631
876
1105
1313
1473
1549
1523
1396
1193
936
641
335
44
-208
-401
-523
-566
-540
-472
-392
-319
-246
-175
-118
-87
-83
-75
-46
7
84
177
285
401
511
610
689
726
705
624
495
342
182
23
-137
-279
-381
-423
-413
-375
-324
-280
-254
-243
-246
-260
-290
-341
-406
-463
-480
-452
-395
-329
-258
-180
-97
-13
56
97
100
64
5
-53
-94
-126
-163
-199
-228
-239
-240
-248
-268
-297
-338
-385
-423
-436
-421
-388
-335
-253
-136
7
151
276
366
419
428
388
302
181
53
-56
-126
-133
-81
13
126
245
357
461
547
591
587
551
502
455
410
368
326
283
248
227
226
238
244
228
188
141
104
83
74
69
74
104
167
254
341
413
454
461
441
393
328
243
137
9
-121
-226
-303
-366
-423
-476
-523
-553
-561
-554
-533
-508
-480
-442
-400
-352
-298
-249
-209
-177
-140
-95
-51
-31
-42
-76
-139
-224
-328
-449
-572
-689
-788
-861
-896
-895
-863
-803
-716
-597
-451
-293
-130
27
175
311
427
516
585
633
672
704
752
820
875
903
903
884
835
745
626
481
324
176
48
-44
-109
-152
-183
-203
-211
-200
-177
-157
-147
-135
-105
-45
47
171
316
466
618
774
911
1009
1052
1031
936
777
578
353
113
-126
-350
-539
-680
-766
-808
-819
-814
-802
-787
-767
-742
-707
-667
-619
-541
-429
-286
-124
42
201
341
459
545
581
561
486
367
208
25
-152
-315
-466
-606
-722
-804
-854
-880
-895
-909
-914
-899
-860
-796
-704
-580
-423
-232
-2
261
535
794
1022
1204
1333
1401
1399
1333
1205
1034
839
644
467
311
171
46
-68
-170
-260
-351
-442
-533
-614
-670
-691
-673
-613
-514
-376
-208
-18
187
393
579
726
824
871
871
825
741
626
499
377
268
170
86
12
-61
-142
-235
-337
-444
-556
-668
-768
-844
-886
-889
-849
-770
-657
-521
-369
-215
-68
61
158
216
238
235
213
176
137
109
109
138
194
262
333
393
425
418
373
300
215
125
35
-42
-96
-122
-129
-128
-126
-130
-143
-167
-189
-205
-219
-231
-237
-225
-189
-128
-53
25
110
199
279
341
383
407
405
372
319
256
194
137
84
38
3
-23
-43
-65
-90
-125
-165
-210
-257
-295
-325
-347
-357
-350
-327
-294
-255
-210
-158
-102
-48
7
53
95
131
156
168
165
151
119
71
15
-44
-104
-160
-210
-243
-266
-270
-251
-213
-159
-86
5
108
214
317
412
494
556
601
624
621
596
556
496
422
335
241
143
39
-67
-167
-259
-340
-408
-462
-501
-525
-533
-531
-518
-491
-457
-418
-367
-301
-220
-124
-17
100
219
335
445
540
616
670
695
688
650
585
497
383
249
107
-35
-171
-299
-414
-513
-594
-652
-682
-692
-684
-653
-602
-534
-449
-349
-240
-128
-22
80
168
240
294
334
360
374
378
373
368
359
346
324
293
257
213
157
91
20
-52
-124
-194
-256
-308
-344
-364
-362
-341
-299
-237
-161
-79
8
93
169
231
273
295
302
296
285
269
251
235
219
202
187
169
148
121
87
49
12
-24
-53
-80
-107
-130
-145
-150
-152
-150
-149
-150
-159
-176
-200
-231
-263
-297
-319
-322
-300
-252
-180
-88
20
134
238
326
390
422
418
380
312
221
111
-7
-123
-227
-308
-364
-395
-403
-388
-353
-306
-255
-200
-146
-93
-44
10
73
146
232
327
416
497
565
615
635
618
560
479
388
284
174
70
-25
-123
-220
-315
-405
-492
-578
-658
-717
-748
-747
-710
-635
-522
-379
-212
-28
162
346
508
635
726
786
806
784
725
644
546
430
297
158
17
-129
-277
-421
-552
-659
-738
-788
-803
-769
-685
-566
-417
-246
-61
122
288
432
549
631
674
686
673
639
592
530
454
367
276
181
81
-27
-138
-251
-361
-457
-533
-594
-634
-652
-644
-608
-544
-452
-343
-222
-95
34
160
276
374
450
496
520
522
501
452
375
273
150
12
-129
-268
-400
-512
-597
-645
-657
-631
-568
-472
-350
-212
-62
86
228
361
475
568
641
696
726
730
707
658
585
487
371
241
102
-44
-182
-309
-418
-504
-563
-593
-599
-579
-533
-469
-394
-310
-222
-133
-44
45
132
216
297
372
432
473
488
478
440
373
281
170
51
-70
-186
-286
-370
-431
-472
-490
-488
-465
-426
-374
-309
-232
-147
-57
37
135
238
335
419
491
550
589
597
573
521
439
330
199
59
-82
-217
-337
-434
-501
-534
-537
-515
-475
-421
-356
-289
-223
-155
-87
-19
50
121
197
273
344
407
451
477
480
458
411
339
251
149
41
-63
-156
-230
-283
-312
-320
-312
-291
-259
-226
-192
-154
-111
-61
-7
57
128
199
264
316
349
360
343
298
231
148
55
-45
-144
-231
-302
-354
-386
-404
-405
-394
-377
-353
-322
-287
-250
-211
-171
-124
-70
-12
46
101
154
201
238
263
277
277
268
247
224
200
182
171
168
180
203
223
236
239
231
211
174
129
81
38
2
-23
-31
-32
-27
-23
-24
-35
-52
-74
-102
-134
-160
-181
-187
-178
-157
-121
-79
-38
0
23
32
28
15
-14
-54
-94
-132
-162
-183
-196
-208
-220
-236
-254
-278
-307
-331
-350
-358
-350
-319
-261
-179
-80
28
135
236
328
404
462
499
517
520
514
499
477
447
409
361
302
233
152
68
-16
-99
-172
-230
-270
-284
-277
-254
-217
-168
-114
-63
-13
32
71
99
120
139
153
166
174
178
174
156
128
87
31
-37
-108
-183
-255
-313
-351
-362
-346
-303
-236
-147
-51
45
128
196
242
264
259
232
195
153
103
47
-16
-82
-152
-230
-318
-408
-493
-565
-618
-644
-632
-580
-489
-371
-232
-79
72
210
321
401
449
472
476
469
455
444
437
432
423
404
368
313
233
129
12
-114
-232
-329
-399
-434
-432
-395
-329
-241
-145
-49
40
120
187
245
296
345
393
438
475
500
511
498
460
392
302
194
74
-48
-163
-266
-348
-411
-452
-476
-485
-478
-458
-426
-381
-323
-247
-146
-29
92
207
307
394
457
487
479
434
366
277
173
62
-54
-170
-286
-403
-515
-616
-708
-784
-845
-881
-881
-839
-756
-636
-487
-313
-126
59
230
380
507
606
679
726
750
756
744
715
663
586
484
357
203
36
-132
-288
-422
-524
-590
-611
-589
-527
-433
-316
-189
-63
62
182
301
414
519
615
701
774
827
852
841
789
692
556
382
185
-21
-220
-403
-561
-682
-762
-803
-811
-797
-766
-721
-665
-595
-510
-410
-294
-161
-18
132
278
415
530
613
658
664
636
580
503
408
308
206
107
12
-78
-166
-253
-337
-414
-482
-536
-572
-581
-560
-509
-433
-336
-229
-121
-21
69
141
197
238
268
292
308
324
333
328
305
267
217
155
87
17
-45
-94
-127
-146
-152
-149
-143
-135
-129
-124
-118
-105
-85
-55
-15
42
108
182
251
309
348
362
353
324
278
224
167
117
77
48
29
12
-8
-42
-92
-158
-234
-314
-390
-453
-493
-499
-467
-406
-323
-228
-135
-54
6
43
57
55
44
32
29
38
62
96
133
162
177
176
157
120
68
12
-36
-72
-87
-82
-59
-24
16
52
77
86
83
69
49
30
19
22
41
73
115
157
198
228
243
240
222
189
153
116
84
58
38
24
9
-7
-28
-54
-92
-139
-187
-232
-265
-287
-295
-290
-270
-237
-201
-162
-126
-95
-66
-42
-20
10
43
78
117
155
191
216
226
223
202
171
128
79
31
-10
-43
-63
-78
-89
-97
-107
-117
-132
-146
-158
-161
-150
-124
-84
-35
24
87
145
190
218
227
219
194
160
116
70
29
-8
-37
-62
-80
-95
-109
-122
-135
-147
-152
-151
-141
-123
-92
-50
-4
48
100
146
179
198
205
198
182
155
122
89
55
25
-3
-31
-57
-86
-114
-142
-168
-189
-204
-211
-202
-181
-149
-106
-55
-3
46
89
125
151
170
181
185
184
179
168
158
143
125
104
76
43
8
-26
-61
-94
-123
-143
-153
-155
-148
-134
-118
-95
-69
-42
-17
8
29
42
52
57
58
55
46
33
17
1
-17
-39
-59
-80
-102
-123
-140
-156
-170
-180
-184
-182
-172
-156
-135
-110
-81
-49
-13
22
54
85
113
138
162
183
202
219
230
235
237
231
217
195
166
133
96
57
19
-17
-45
-67
-85
-99
-106
-104
-95
-86
-75
-63
-46
-26
-5
19
47
78
113
143
169
187
196
192
172
139
101
59
14
-30
-70
-102
-125
-141
-153
-159
-165
-168
-170
-169
-168
-162
-153
-135
-113
-86
-53
-18
19
52
82
106
120
125
120
109
94
73
51
27
3
-20
-40
-60
-80
-101
-120
-139
-155
-167
-175
-178
-176
-167
-153
-131
-108
-82
-54
-25
3
28
51
72
92
107
119
130
140
149
155
157
158
159
156
149
139
132
122
109
94
78
64
48
30
15
3
-7
-12
-15
-15
-16
-18
-19
-22
-24
-29
-34
-38
-37
-34
-27
-17
-7
4
13
21
22
18
10
1
-9
-23
-35
-47
-55
-60
-65
-67
-69
-72
-75
-79
-84
-87
-92
-95
-95
-92
-85
-75
-63
-53
-42
-31
-22
-17
-14
-14
-12
-10
-6
1
10
24
38
51
64
74
82
86
85
81
75
71
66
62
61
57
57
56
53
48
41
33
25
17
10
6
5
6
12
19
29
36
39
45
49
50
50
49
48
46
43
39
33
28
21
14
6
-3
-13
-23
-34
-46
-56
-67
-78
-86
-93
-93
-93
-92
-89
-83
-74
-62
-53
-46
-36
-27
-19
-15
-10
-5
-2
-2
-5
-8
-10
-14
-20
-28
-34
-39
-43
-47
-47
-46
-41
-38
-34
-30
-26
-22
-20
-17
-16
-12
-7
0
8
19
31
43
54
64
73
76
77
75
68
62
54
51
47
46
47
46
45
45
41
37
30
21
13
8
8
10
17
26
40
49
60
66
70
72
67
59
48
37
27
19
9
1
-5
-10
-14
-20
-25
-32
-39
-50
-59
-67
-72
-79
-83
-83
-79
-71
-64
-52
-42
-33
-25
-18
-13
-8
-4
-2
2
2
3
5
4
1
-4
-9
-15
-22
-31
-37
-40
-42
-45
-46
-47
-44
-44
-42
-40
-35
-32
-26
-23
-19
-13
-10
-4
2
8
12
17
22
27
30
33
34
32
32
31
31
33
35
34
37
38
41
44
47
48
47
44
42
38
34
29
22
14
13
13
17
19
20
24
27
29
28
26
22
18
14
9
5
4
4
5
6
6
7
9
8
6
3
1
-3
-6
-6
-7
-6
-2
-3
-7
-10
-12
-15
-20
-27
-34
-39
-41
-42
-41
-40
-37
-35
-33
-31
-31
-32
-35
-38
-41
-42
-44
-43
-40
-38
-34
-30
-24
-22
-18
-19
-18
-18
-18
-16
-14
-13
-11
-10
-5
-1
3
5
6
10
15
16
18
20
22
25
28
32
37
40
41
41
40
36
30
24
20
16
17
17
16
18
23
27
30
32
33
33
32
31
33
34
35
36
38
37
38
37
36
31
27
23
18
11
4
-2
-8
-13
-19
-24
-27
-29
-31
-33
-35
-37
-36
-34
-32
-30
-32
-30
-28
-27
-23
-19
-14
-9
-7
-7
-6
-7
-10
-15
-20
-26
-31
-33
-35
-36
-39
-40
-40
-42
-43
-46
-48
-53
-54
-57
-58
-56
-52
-47
-41
-33
-23
-14
-5
4
15
23
30
37
44
49
53
59
63
66
68
66
65
63
59
54
47
40
32
30
28
29
30
31
34
36
40
44
47
47
47
47
46
48
47
44
41
39
35
29
23
15
8
0
-9
-17
-22
-27
-32
-39
-44
-50
-57
-61
-67
-69
-71
-70
-66
-62
-57
-51
-45
-40
-36
-33
-29
-25
-22
-20
-22
-23
-25
-27
-30
-32
-35
-37
-41
-42
-42
-41
-38
-36
-32
-26
-18
-11
-3
5
11
16
22
28
32
36
39
43
45
47
49
52
54
54
53
53
51
49
45
42
36
33
30
26
25
26
27
28
30
34
40
46
51
57
61
62
61
57
52
47
40
33
26
18
11
3
-5
-14
-23
-32
-42
-52
-59
-66
-72
-77
-81
-82
-82
-83
-82
-82
-79
-77
-76
-74
-71
-70
-66
-63
-60
-55
-50
-45
-38
-31
-24
-17
-10
-5
-2
0
1
4
7
7
10
11
17
24
31
37
44
53
59
67
70
72
74
75
73
70
67
66
66
64
61
56
52
48
43
37
31
26
20
14
10
7
4
1
-1
-2
-4
-7
-9
-11
-13
-15
-17
-20
-19
-18
-17
-17
-16
-15
-14
-13
-13
-14
-17
-20
-23
-25
-29
-33
-37
-39
-41
-42
-41
-39
-39
-38
-37
-38
-36
-37
-35
-34
-30
-29
-26
-25
-23
-20
-18
-19
-19
-16
-13
-12
-8
-3
1
5
8
12
15
17
17
18
17
17
19
18
18
20
23
25
28
30
32
36
40
43
48
51
54
58
61
64
67
68
70
69
67
63
57
50
43
37
30
21
13
4
-4
-11
-19
-29
-37
-45
-50
-53
-58
-60
-61
-57
-53
-47
-41
-35
-30
-24
-21
-17
-15
-13
-14
-14
-13
-13
-14
-15
-17
-18
-21
-25
-30
-34
-37
-40
-40
-40
-36
-34
-29
-25
-20
-13
-9
-7
-5
-5
-5
-4
-4
-5
-4
-1
1
4
7
11
12
13
12
12
13
14
15
15
16
18
22
24
25
25
23
24
23
22
20
18
18
21
25
27
31
35
38
42
42
42
40
38
36
33
32
29
26
25
24
23
22
19
18
15
14
13
9
8
4
0
-2
-3
-6
-9
-10
-10
-11
-14
-16
-18
-20
-23
-23
-25
-27
-28
-28
-27
-28
-30
-32
-34
-34
-34
-34
-36
-38
-39
-40
-42
-44
-47
-48
-51
-52
-51
-48
-47
-45
-41
-36
-31
-27
-21
-15
-9
-3
5
11
16
20
22
23
25
25
24
24
23
22
18
18
15
13
12
12
10
9
7
7
6
7
10
14
18
21
28
35
41
47
51
55
59
65
67
66
64
61
58
53
48
44
38
33
26
22
19
17
13
9
6
5
3
0
-4
-7
-10
-12
-15
-18
-19
-20
-20
-19
-21
-22
-26
-29
-31
-35
-40
-44
-49
-53
-56
-58
-62
-63
-64
-64
-64
-65
-64
-65
-64
-63
-60
-54
-48
-43
-37
-29
-21
-12
-6
1
7
12
16
21
25
29
31
31
33
33
32
29
27
26
27
26
27
30
33
38
44
49
54
58
62
65
64
63
60
56
50
45
40
37
34
29
26
20
16
11
5
-1
-8
-14
-19
-22
-25
-24
-23
-23
-21
-20
-22
-23
-21
-21
-21
-20
-19
-19
-18
-17
-16
-16
-18
-21
-22
-24
-26
-30
-30
-31
-30
-28
-26
-23
-22
-20
-19
-18
-17
-18
-18
-19
-19
-17
-17
-17
-17
-16
-16
-15
-15
-16
-16
-15
-11
-7
-2
2
7
12
19
23
26
28
29
31
34
35
35
34
34
35
33
31
28
24
23
22
19
17
17
16
16
17
19
22
23
25
27
29
29
29
29
29
30
30
29
28
25
22
21
16
11
4
-3
-11
-18
-23
-28
-33
-38
-39
-42
-43
-45
-48
-49
-49
-48
-46
-42
-40
-39
-37
-35
-33
-31
-30
-29
-25
-23
-20
-18
-16
-16
-13
-10
-10
-9
-9
-8
-8
-10
-11
-12
-8
-7
-5
-3
0
4
6
8
10
12
14
15
19
22
23
24
24
25
24
23
21
20
19
17
14
14
12
10
7
6
5
4
5
4
4
6
9
11
16
20
24
26
29
33
37
39
40
40
38
37
33
28
22
16
11
7
2
-2
-3
-4
-4
-3
-3
-2
1
3
5
8
10
11
12
10
9
7
3
1
-2
-6
-10
-12
-16
-19
-24
-27
-30
-34
-38
-42
-44
-46
-48
-51
-52
-51
-50
-48
-46
-42
-38
-34
-30
-27
-25
-24
-24
-24
-23
-20
-19
-20
-18
-16
-14
-13
-10
-7
-5
-4
-2
-2
0
1
3
4
7
11
14
16
19
22
24
29
31
34
36
38
40
40
42
43
44
45
43
42
42
42
43
41
39
36
34
29
24
19
16
14
14
14
13
14
13
11
8
5
4
2
2
2
1
2
4
5
3
3
1
-2
-4
-9
-13
-17
-18
-22
-27
-30
-31
-33
-36
-41
-43
-46
-46
-46
-45
-44
-41
-39
-36
-33
-29
-28
-26
-21
-17
-11
-8
-4
-3
-2
-2
-2
-2
-3
-3
-2
-1
1
1
0
1
1
2
4
6
8
10
14
16
18
20
21
20
21
23
25
28
30
34
37
41
43
43
42
41
37
35
31
27
22
17
15
13
9
3
0
-3
-6
-9
-12
-14
-16
-17
-17
-17
-17
-14
-13
-14
-15
-14
-14
-15
-16
-18
-17
-16
-17
-17
-17
-14
-14
-14
-15
-12
-13
-14
-16
-18
-16
-16
-15
-14
-10
-7
-5
-2
0
3
4
5
4
6
7
10
11
14
16
16
17
14
11
7
3
0
-3
-5
-7
-6
-6
-6
-5
-3
0
2
2
4
6
7
8
10
11
13
15
17
17
18
18
17
15
16
14
12
8
5
4
2
-2
-4
-6
-9
-10
-13
-15
-15
-18
-20
-20
-21
-17
-16
-15
-12
-8
-5
-3
-2
0
0
0
-2
-4
-5
-4
-3
-1
-1
-1
0
0
0
-2
-3
-4
-5
-5
-5
-4
-2
-3
0
0
1
1
1
1
1
1
2
3
4
7
10
13
17
21
23
23
23
22
21
19
18
16
16
14
14
13
11
8
6
6
6
5
1
-1
-3
-4
-7
-10
-11
-12
-15
-16
-16
-15
-13
-13
-13
-10
-8
-6
-6
-5
-4
-4
-4
-5
-3
-7
-7
-9
-7
-6
-7
-6
-5
-5
-6
-9
-9
-8
-6
-4
-2
-2
0
1
3
2
0
0
-3
-4
-4
-2
0
1
3
3
3
2
1
-1
-2
-4
-2
-2
1
2
3
3
3
2
2
-3
-6
-5
-5
-5
-6
-6
-3
0
1
2
2
2
1
-1
-3
-5
-6
-7
-5
-2
1
2
5
6
9
11
11
11
9
10
11
10
11
12
14
15
17
16
16
16
14
13
12
12
11
13
12
12
12
11
9
7
4
-2
-5
-8
-11
-11
-12
-12
-11
-9
-9
-9
-10
-12
-14
-16
-17
-15
-14
-13
-12
-11
-10
-8
-9
-11
-13
-17
-18
-19
-22
-22
-22
-20
-18
-16
-12
-9
-5
-2
1
2
4
5
5
5
5
6
6
8
9
10
11
12
11
9
6
6
6
8
11
14
17
21
23
26
28
27
27
27
25
22
