-1
-2
-3
0
1
1
1
1
1
1
1
2
2
2
2
2
1
2
1
1
1
1
2
2
2
2
2
1
1
0
-1
0
0
1
1
0
0
0
0
-1
0
0
-3
-4
-3
-1
-2
-1
-1
-1
1
1
2
3
3
2
2
2
2
2
4
4
3
3
5
5
4
3
3
3
4
3
2
1
2
2
3
4
2
0
-1
-1
0
0
1
1
1
0
0
0
-1
0
0
0
-1
-1
0
0
-1
0
0
-2
-2
-1
-2
-3
-3
-2
-3
-6
-6
-4
-4
-4
-4
-4
-3
-3
-3
-2
-3
-3
-3
-2
-3
-3
-1
0
-1
0
0
0
-1
-2
-3
-4
-2
-2
-3
-2
-2
-3
-4
-3
-2
-1
-2
0
0
0
1
2
4
3
4
4
3
4
4
3
2
1
0
1
2
4
3
5
5
3
2
1
0
-3
-2
-1
-2
-2
-2
-1
0
-2
-2
-3
-2
-2
-1
0
0
-1
-2
-2
-2
-1
-1
-2
-3
-2
-1
0
0
1
-2
-2
-1
-1
0
0
0
0
0
0
0
2
1
3
3
2
3
2
3
2
1
3
2
2
2
3
2
2
2
2
2
3
3
4
4
4
5
5
4
2
3
3
5
6
6
5
3
3
2
1
2
1
-2
-2
-2
-2
-3
-3
-2
-1
-2
-4
-3
-2
-4
-5
-5
-6
-4
-4
-3
-3
-3
-2
0
-2
-2
-1
-2
-2
-1
-2
-3
-2
0
-1
0
0
-1
-2
-2
-2
-3
-2
-2
-2
0
0
1
2
1
1
2
3
2
2
0
-1
-1
0
1
0
0
2
3
2
3
1
0
-1
-3
-1
-1
0
-1
0
0
-2
-2
-2
-2
-2
1
0
0
-3
-2
-1
0
-1
-3
-1
-1
-1
-1
-2
-3
-1
-1
-2
-3
-2
0
0
-2
-1
0
-1
0
0
-2
1
1
2
1
1
2
1
0
0
0
2
1
0
0
1
1
-1
-1
1
3
0
2
1
1
0
1
0
0
1
2
3
4
4
3
1
2
2
2
2
3
4
3
3
3
2
3
3
4
3
2
1
0
0
1
2
1
0
0
-1
0
0
2
4
2
2
2
0
0
0
1
1
0
0
-1
2
3
3
3
1
2
-2
-3
-1
0
0
-1
-3
-2
-1
-1
-2
-1
-1
-2
-3
-4
-3
-3
-2
-2
-1
-1
-2
-3
-3
-3
-4
-5
-3
-1
-1
-1
-3
-2
-1
-1
-3
-2
-2
-6
-6
-5
-4
-4
-6
-4
-3
-4
-5
-4
-3
-1
0
-2
-2
-1
0
0
0
1
3
2
2
3
4
7
6
5
3
4
5
5
5
3
1
2
3
4
2
4
3
1
1
2
3
4
2
3
3
3
5
3
3
1
0
0
0
0
-1
1
2
2
2
0
-1
-3
-1
1
-1
-1
-2
-1
1
3
2
0
1
0
-2
-3
-5
-4
-3
-3
-5
-7
-7
-8
-9
-8
-8
-6
-5
-4
-2
-2
-1
-1
0
1
2
3
2
2
2
2
3
2
3
5
6
6
7
6
5
4
4
4
4
3
1
1
0
1
2
2
3
3
3
2
1
2
3
4
3
3
3
4
2
0
-1
1
2
2
1
1
0
0
1
0
-3
-2
-3
-2
-4
-5
-4
-5
-4
-6
-6
-4
-3
-3
-4
-4
-4
-5
-5
-4
-5
-6
-6
-5
-5
-3
-2
-2
-2
-2
-1
0
-1
-2
-3
-2
-1
-2
1
0
1
2
2
2
1
1
1
1
0
3
5
5
2
1
2
4
2
2
3
3
4
4
4
2
3
4
5
5
6
5
5
7
5
5
3
4
1
-2
-2
-1
-2
-2
-3
-2
-3
-3
-1
-1
-1
-2
-1
-3
-5
-6
-6
-5
-5
-4
-1
0
1
1
2
3
2
1
0
-2
-2
-2
-2
-1
-1
0
1
2
2
2
0
-1
-1
1
2
4
4
4
2
2
1
-1
-1
0
1
2
0
-1
0
0
1
1
1
1
2
0
-1
-4
-3
-2
-2
-2
-4
-3
-1
0
1
2
2
1
0
-2
-2
-3
-4
-3
-4
-2
-1
0
1
3
2
1
0
-1
-2
-3
-2
0
-1
0
1
2
0
1
2
3
4
1
-1
0
-1
-3
-4
-4
-6
-4
-3
-3
-1
3
3
4
5
6
4
1
1
0
0
-1
-2
2
1
2
5
7
6
6
4
2
2
-1
-3
-1
-2
3
4
2
5
6
1
0
1
-3
-3
-1
0
-1
0
0
1
0
-2
-1
-2
-4
-1
2
1
3
3
-5
-6
-5
-5
-2
0
-2
1
1
-2
-2
-5
-5
-3
-5
-4
0
0
1
5
3
2
2
2
-1
-4
-3
-3
-7
-7
-3
2
2
-1
1
-1
-4
1
0
-5
-2
-4
-5
3
7
6
6
2
2
2
-2
-1
-5
-8
-1
3
2
6
4
-1
-3
0
1
-3
-2
1
2
5
7
4
-1
-8
-7
-3
-8
-2
7
5
10
14
3
3
3
-8
-9
0
3
6
8
9
8
1
-2
-3
-2
-1
4
9
6
6
5
-5
-10
-5
-7
0
7
3
7
10
4
4
4
-8
-9
-5
-8
-3
3
2
8
8
-4
-2
1
-7
-9
-1
0
4
10
5
3
0
-15
-13
-2
-11
-5
15
5
2
8
-6
-8
-2
-10
-9
4
10
10
5
-4
-5
-7
-16
-7
0
-3
3
9
-2
-6
-3
-12
-12
-2
-7
-5
4
-4
-3
6
-3
-7
-12
-13
0
-3
-7
7
12
3
0
5
6
5
3
-5
-3
3
-5
-12
-1
6
7
6
-1
0
3
-5
-4
11
5
-9
-9
0
4
4
6
3
6
12
9
8
5
-5
-7
-5
-8
8
22
7
-1
15
1
-10
2
1
-3
2
7
13
14
3
-4
-10
0
5
-6
-5
7
1
-15
-6
9
-10
-24
6
9
-2
15
-1
-8
1
-10
4
20
-9
-6
3
-12
2
10
1
3
4
-17
-5
14
-10
-20
15
13
-5
17
17
-15
-4
-1
-16
17
19
-2
14
10
-4
4
-22
-23
18
-5
-22
15
8
-17
-4
-13
-17
5
6
-10
5
26
0
-12
11
14
0
-26
-12
42
1
-24
45
21
-34
-3
5
-17
5
-4
-13
4
-11
1
19
-21
-10
9
-26
-30
3
6
0
30
-9
-26
44
-13
-38
45
7
-41
11
41
6
-1
20
-11
10
-9
-41
39
20
-23
16
-3
-4
16
-25
-19
4
-18
-40
13
15
-40
4
15
-50
-48
9
13
-1
3
9
9
-19
-1
31
-9
-21
29
24
16
28
20
5
9
-11
-32
52
18
-40
31
28
-55
-18
39
-11
-33
5
7
-19
-18
-15
16
-2
-29
3
21
5
-30
-11
32
3
-25
11
32
-3
5
37
-20
-22
21
9
28
24
-3
0
36
-25
-52
55
14
-61
8
28
15
-19
-37
55
11
-58
20
68
-38
-59
65
8
-38
30
9
-9
5
1
9
8
-20
-33
31
43
-50
-24
50
9
-57
-29
47
10
-50
22
71
-4
-16
-9
-15
-7
-31
16
52
-41
-22
24
-58
-10
0
-58
12
11
-66
26
71
-97
-22
75
-66
-81
73
62
-41
1
92
28
-49
24
5
30
38
-27
6
49
-5
-34
34
40
-14
-65
-36
31
-32
-49
57
32
-39
-46
-34
9
-73
-1
62
-98
38
113
-60
10
114
-74
-85
86
-7
-60
144
75
-66
48
60
-76
-43
115
-7
-81
54
27
-76
-10
23
19
-116
-74
23
-95
-14
70
-101
-36
102
-150
-56
173
-18
-106
86
53
-71
19
92
35
54
-16
-79
112
22
-106
107
81
-93
-49
46
-28
-26
42
-55
-28
57
-66
9
45
-48
-12
5
51
-50
-16
70
6
15
-6
90
108
-160
7
147
-47
-14
83
78
20
42
11
-12
43
-120
-95
53
-54
-11
46
58
100
-117
-49
24
-111
-133
28
127
-58
-13
170
-72
-84
153
-72
-98
42
31
-27
36
135
14
-69
35
-81
-67
60
-78
-36
34
4
-52
-54
95
-57
-121
60
-78
-29
89
-68
-13
53
-6
-69
0
29
-72
134
55
-122
167
-49
-148
84
15
-46
-31
78
-89
-109
154
-74
-102
215
-122
-78
139
-59
-55
68
114
-176
44
180
-227
93
233
-252
82
142
-228
85
81
-90
23
21
-40
-29
93
-56
-47
192
-173
-33
236
-153
72
126
-165
141
55
-66
88
131
-115
-64
192
-151
-89
233
-181
49
201
-305
14
86
-139
-10
111
6
-159
44
13
-70
208
-110
-178
326
-65
-318
393
157
-298
121
213
-227
-20
182
-134
-57
176
-166
-237
302
-67
-161
105
-98
-86
-4
-87
59
49
-81
-75
176
58
-143
278
-103
-81
331
-153
-125
316
-83
-113
60
20
-97
-64
124
-99
39
64
-104
-75
6
-10
66
-133
-89
196
-155
-27
281
-268
-85
347
-227
-197
369
-36
-276
103
286
-261
-28
360
-266
-2
158
-156
-71
244
-48
-187
275
80
-436
172
275
-301
-3
148
63
-204
-88
273
-204
-141
134
-74
-77
61
35
-117
94
84
-269
22
145
-111
-12
102
141
-49
-116
245
-19
-199
118
15
-37
-100
124
98
-255
204
91
-357
123
42
-203
156
103
-137
44
202
-129
-124
287
-95
-39
-23
-72
291
-97
-79
241
-143
-144
135
38
-123
43
379
-365
-47
572
-464
-35
380
-215
-82
216
70
-185
-11
201
-281
-109
253
-233
-107
166
3
-296
146
141
-393
52
183
-126
-91
199
67
-186
231
99
-219
315
79
-273
101
213
-63
-162
199
-26
-142
3
57
-191
-75
104
-77
-273
244
19
-265
162
-99
-45
111
-3
-32
149
68
-35
68
118
-5
1
-2
117
103
-166
-64
205
-118
-246
222
12
-384
190
-57
-214
197
-184
-29
29
-94
35
34
-45
20
75
-123
40
302
-195
-92
571
-240
-206
377
88
-290
79
324
-326
-197
424
-135
-416
296
81
-428
57
279
-279
-155
232
-140
-335
300
149
-320
76
430
-224
-270
579
-40
-258
306
104
-110
30
145
79
-321
135
171
-511
231
196
-441
-51
298
-225
-352
313
166
-465
48
339
-182
-217
387
54
-343
446
84
-453
477
205
-478
249
356
-262
-214
321
-140
-207
279
-188
116
-164
31
-45
-38
49
-196
82
-116
17
331
-395
71
693
-1029
406
449
-610
376
217
-207
-151
427
-131
-520
599
80
-791
653
145
-769
613
-43
-516
221
197
-435
185
330
-438
189
134
-152
-12
121
-168
212
57
-151
135
60
-76
148
-161
-52
211
-10
-304
50
393
-258
-232
341
-186
46
99
-191
215
-193
36
35
-178
255
30
-426
251
172
-263
-277
668
-235
-453
501
-148
-263
315
-165
-104
112
65
-72
-208
387
-193
-150
293
-51
-104
30
79
-138
-114
258
-162
-221
247
43
-191
71
197
-123
-163
399
-370
82
353
-346
11
202
7
-203
254
57
-108
42
167
-316
190
98
-312
225
-34
-68
-272
281
164
-462
135
195
-162
-245
267
127
-339
166
319
-493
116
638
-694
81
682
-482
-292
705
-500
-227
738
-355
-246
532
-39
-558
222
238
-447
-50
472
-392
172
339
-365
-2
277
-156
-191
390
-14
-285
348
150
-629
375
139
-527
224
282
-423
-45
521
-639
-25
668
-827
43
520
-334
-272
479
38
-363
428
-125
-252
582
-109
-284
663
-288
-49
56
-77
14
-224
139
-213
34
-15
-317
542
-461
-277
649
-575
-96
498
-477
-26
307
209
-429
318
381
-544
518
131
-534
615
134
-584
490
120
-209
-370
346
-102
-398
96
137
-216
-1
111
-246
259
35
-443
132
191
-73
-246
360
286
-392
352
503
-539
187
356
-231
224
-151
14
-130
-23
-208
-64
41
-166
-419
454
-296
4
-135
-33
325
-466
-94
279
26
-295
149
217
234
-329
355
231
-135
280
-192
-101
266
-387
-90
280
-149
-363
159
-28
-396
32
53
-226
214
26
89
225
-159
29
207
94
-345
514
-103
-115
512
-162
-229
603
-466
-64
425
-30
-378
84
657
-842
8
468
-419
-441
429
-64
-119
-69
238
-65
-123
539
-406
154
376
-190
-124
200
376
-224
-166
472
-269
-258
367
-116
-104
-223
190
-162
-420
346
-24
-276
-14
31
-276
31
142
-194
16
578
-308
-304
620
-211
44
-33
187
144
-343
-46
148
-132
296
-429
-68
428
-639
255
156
-465
223
-81
-479
272
251
-293
18
603
-362
-180
763
-255
-411
615
143
-539
297
317
-15
-132
146
-96
-159
209
-352
-133
198
333
-743
48
696
-515
-340
797
-283
-223
77
77
287
-429
250
492
-396
129
182
-168
444
-433
-62
53
119
-296
-540
723
144
-1091
574
487
-676
8
152
185
-360
32
114
-152
85
-148
-117
319
77
-611
328
671
-717
-252
748
-49
-787
454
267
4
-330
75
103
37
-374
33
502
-571
-39
-34
237
151
-352
-33
865
-432
-590
435
371
-566
-168
537
86
-190
-62
-21
479
-347
-234
652
-110
-98
-58
286
163
1
-591
338
217
-945
294
882
-407
-369
446
220
-214
-324
459
-263
235
138
-940
1317
-163
-1036
767
50
-518
-230
364
262
-520
394
26
-286
510
-1022
582
266
-1027
527
123
-173
50
-35
650
-467
107
73
-368
938
-766
164
917
-962
139
49
-76
271
-957
344
337
-604
-38
461
333
-948
152
678
-802
294
260
-395
439
-135
-22
436
273
-258
-372
560
-211
-324
291
184
-427
-453
165
257
-454
-2
517
-305
-53
-57
21
-44
297
-272
54
451
-574
131
460
-104
-24
123
-109
-149
-189
-50
261
35
-300
-169
420
-253
-19
349
89
-204
-46
85
-116
188
148
-237
-98
100
-91
-32
316
-215
-340
419
-420
-194
770
-249
-111
163
-129
428
-481
10
305
-548
196
125
-58
212
-151
-17
10
222
-163
-194
669
-308
-269
512
-83
-176
46
230
-379
-4
307
-546
404
456
-1316
386
480
-979
277
362
46
-194
-124
496
-142
133
718
-230
66
27
-125
146
-214
637
-400
-331
974
-1253
-111
1189
-1316
71
356
-667
373
-380
339
-21
-548
510
-566
464
411
-182
542
-125
99
-212
-180
466
-677
392
-86
-338
559
-779
498
128
-681
464
-364
-33
246
-22
634
-520
-117
200
-245
72
317
-51
166
49
-274
-69
483
-513
-371
450
-489
156
-152
374
58
-777
464
83
-378
608
-494
208
615
-734
502
235
-1
-197
-402
830
-119
-565
535
144
-598
-43
289
-310
152
-230
-215
436
-101
-127
90
22
273
-541
290
814
-1161
373
395
-636
256
-65
189
-98
-419
665
98
-534
240
-272
39
-12
-105
134
174
-8
-663
852
332
-632
155
332
-17
-496
245
477
-350
-176
-263
-53
709
-837
-8
652
-413
-270
486
22
-337
51
-119
242
-43
-160
284
348
-534
177
555
-34
-285
-98
409
-285
-152
-63
206
125
-563
-2
505
-462
-492
143
-1
-275
-40
387
-173
337
-424
87
877
-597
34
717
140
178
43
255
-14
-438
-183
176
181
-512
52
439
-643
-445
261
-300
-456
-184
-83
240
465
-640
186
686
-496
-326
965
292
-234
295
480
316
-312
-118
5
536
-480
-104
615
-546
-126
-201
-525
369
-342
-836
551
181
-581
-131
582
-312
-315
631
89
112
241
182
-89
171
-36
-50
183
119
-283
64
-20
-25
-85
-527
122
-255
-229
500
-128
-470
360
-326
228
111
-165
724
-106
-46
182
193
77
-236
30
157
2
127
-242
44
194
-713
-158
268
-219
-481
305
6
-471
329
-391
-176
797
-388
-118
1164
-412
-83
368
74
217
-257
112
264
-153
78
-180
35
-80
-706
0
136
-81
-9
-169
-66
21
-509
223
467
-376
108
693
-112
163
353
53
-68
56
-69
310
468
-444
-35
383
-422
-318
77
-112
-53
-309
-199
19
-107
-310
-255
386
-49
-288
507
57
183
338
-160
524
113
-275
541
252
8
107
239
-164
-368
308
-274
-122
118
-821
132
-3
-1014
256
319
-392
-355
49
287
-248
-53
-76
155
372
-602
219
1019
-381
-223
253
-85
31
-33
-22
180
273
-293
-319
613
-329
-659
482
-53
-179
78
-200
124
138
-398
-39
314
-77
-355
241
429
-307
178
266
-292
68
6
-60
293
-41
-81
134
14
14
-90
263
204
-401
163
504
-194
-75
438
-176
-383
56
-132
36
135
-266
84
349
-52
-263
112
145
-312
-213
86
185
-123
-266
189
105
-246
-39
-75
-3
14
-178
-1
341
22
-536
379
455
-495
219
302
-520
133
229
-281
105
190
-251
-235
330
-203
-325
381
-200
-126
287
-33
127
25
-128
110
-118
-23
135
64
71
20
217
-123
-137
123
-283
69
225
-195
353
249
-287
-50
227
3
-102
121
96
60
176
-148
-123
54
-420
-322
62
90
-66
12
87
133
-64
-204
-43
124
-209
-117
236
100
95
124
14
55
193
-197
-115
214
-171
-157
311
-75
-267
68
28
-139
-245
-24
43
-27
-144
-37
294
-7
-228
2
131
17
-80
21
297
106
-109
-39
208
-48
-408
33
128
-51
-20
15
147
26
-172
65
12
-22
-95
-105
232
-7
-146
102
59
-102
-42
105
81
-152
-112
27
27
-58
-170
19
9
-205
-114
40
96
15
42
244
203
85
74
84
65
-2
13
154
173
127
52
202
238
-104
-139
78
-80
-196
54
69
-46
-40
-81
-22
-11
-166
-155
-59
-45
-71
48
34
28
-14
-75
77
120
-83
-64
42
-79
-43
201
74
-102
27
-11
-152
-110
-114
-138
-66
-92
-23
80
50
-72
-105
7
26
-125
-62
95
93
0
134
132
-63
-99
-83
-8
100
142
25
30
93
-62
-48
159
21
-112
66
164
109
163
177
-12
-34
-3
10
91
16
-59
-66
0
-7
-75
-33
-33
-152
-161
-19
-17
-92
-93
-5
20
85
110
-17
-1
-40
-112
33
150
121
55
101
70
-85
-83
-118
-153
-117
-101
65
89
-14
-97
-200
-153
-184
-187
23
67
33
67
110
88
-91
-143
-27
11
56
116
211
196
16
15
24
12
-8
-116
-9
45
-24
-59
-73
-95
-250
-277
-106
-112
-92
-7
49
93
54
67
26
-14
-47
-78
-11
69
84
134
187
185
113
103
138
74
45
149
168
96
134
230
190
134
198
160
143
185
105
157
239
166
166
234
157
72
37
55
50
-14
-13
-30
-75
-100
-105
-86
-99
-172
-234
-242
-239
-222
-202
-189
-190
-242
-262
-184
-162
-200
-235
-317
-328
-310
-283
-227
-231
-266
-295
-322
-373
-390
-477
-527
-497
-443
-394
-331
-316
-380
-434
-436
-417
-347
-238
-140
-5
49
13
28
167
434
859
1416
1809
2005
2051
1810
1580
1543
1411
1385
1500
1597
1681
1620
1327
802
220
-388
-802
-821
-732
-712
-691
-841
-1110
-1385
-1602
-1634
-1539
-1271
-960
-602
-208
-75
-72
-57
-91
-24
119
352
549
532
418
164
-96
-388
-681
-799
-859
-993
-1199
-1376
-1563
-1788
-1932
-1917
-1786
-1697
-1675
-1588
-1470
-1373
-1266
-1096
-807
-491
-192
235
877
1688
2365
2797
3128
3267
3198
3029
2952
2839
2601
2467
2409
2502
2444
2003
1451
688
-179
-887
-1240
-1287
-1386
-1433
-1403
-1459
-1468
-1511
-1514
-1387
-1162
-677
-36
693
1237
1492
1578
1497
1457
1518
1600
1623
1484
1281
1020
623
137
-419
-968
-1471
-1872
-2127
-2338
-2575
-2791
-2938
-2955
-2905
-2893
-2819
-2604
-2301
-1949
-1549
-1211
-944
-639
-329
14
323
500
564
551
591
635
613
444
153
25
192
641
1273
2079
2536
2449
2051
1712
1583
1275
1018
1096
1363
1751
2033
2294
2195
1304
250
-567
-864
-890
-816
-470
-257
-287
-454
-686
-788
-974
-953
-463
273
1111
1692
1969
2096
2028
1947
1866
1844
1827
1691
1602
1338
870
192
-746
-1524
-2093
-2511
-2761
-2997
-3222
-3454
-3557
-3494
-3350
-3115
-2956
-2784
-2413
-1911
-1304
-757
-321
50
396
792
1134
1366
1340
1081
858
673
451
77
-414
-853
-1353
-1785
-2077
-2095
-1891
-1533
-801
454
1630
2038
1868
1742
1817
1841
2070
2678
3361
3824
4135
4530
4686
3951
2501
1146
320
-136
-230
-16
67
-338
-1156
-1861
-2281
-2647
-2905
-2811
-2085
-968
43
819
1192
1074
661
439
836
1578
2242
2716
2963
2929
2439
1475
345
-757
-1613
-1982
-1977
-1919
-2099
-2574
-3146
-3594
-3865
-3978
-3924
-3696
-3184
-2363
-1570
-1092
-943
-876
-678
-272
397
1053
1393
1382
1158
964
800
447
-88
-616
-966
-1246
-1455
-1615
-1741
-1730
-1487
-696
805
2329
2980
2778
2469
2440
2407
2407
2810
3581
4299
4728
5069
5060
3960
2026
253
-739
-1114
-1202
-952
-655
-897
-1713
-2658
-3312
-3793
-4036
-3616
-2404
-729
690
1534
1881
1699
1159
716
793
1446
2273
3036
3650
3889
3463
2268
746
-607
-1674
-2279
-2435
-2289
-2223
-2455
-2793
-3280
-3839
-4335
-4605
-4365
-3598
-2473
-1277
-441
-45
-15
-38
113
440
883
1244
1494
1699
1761
1479
863
19
-904
-1661
-2036
-2021
-1904
-1913
-2058
-2105
-1930
-1404
-321
1243
2489
2865
2802
2874
3091
3224
3380
3770
4262
4627
4954
5234
4981
3621
1650
33
-978
-1537
-1736
-1674
-1687
-2179
-3042
-3805
-4209
-4318
-4080
-3213
-1798
-309
821
1460
1721
1635
1356
1304
1804
2659
3409
3950
4244
4015
3012
1445
-116
-1220
-1856
-2182
-2238
-2262
-2601
-3163
-3676
-4017
-4297
-4552
-4511
-3902
-2736
-1463
-487
75
278
288
432
905
1562
2046
2162
2136
2120
1943
1388
533
-370
-1190
-1843
-2286
-2515
-2720
-3120
-3498
-3492
-3032
-2369
-1472
-39
1896
3510
4109
4074
4087
4141
4086
4205
4880
5666
5854
5615
5329
4715
3087
704
-1370
-2693
-3422
-3608
-3270
-2909
-3328
-4379
-5172
-5268
-5013
-4677
-3845
-2304
-537
968
2031
2655
2726
2439
2503
3222
4214
4905
5149
5152
4850
4051
2694
1049
-577
-1937
-2711
-2898
-2939
-3280
-4029
-4766
-4997
-4800
-4525
-4275
-3861
-3082
-1958
-735
274
862
1003
959
1195
1809
2386
2573
2408
2118
1815
1401
742
-128
-1063
-1966
-2671
-3017
-3107
-3291
-3651
-3875
-3567
-2684
-1742
-745
742
2674
4108
4404
4121
3970
3905
3846
4203
5227
6145
6129
5522
4888
3836
1732
-888
-2857
-3790
-4062
-3891
-3363
-3003
-3557
-4801
-5679
-5626
-5058
-4278
-2969
-917
1256
2820
3676
4026
3895
3400
3213
3880
4913
5496
5466
5066
4222
2737
839
-974
-2394
-3379
-3815
-3769
-3628
-3831
-4336
-4714
-4687
-4289
-3745
-3136
-2310
-1179
46
1034
1651
1912
1932
1928
2152
2544
2745
2496
1950
1276
419
-646
-1778
-2769
-3482
-3836
-3927
-3965
-4180
-4426
-4512
-4318
-3808
-2881
-1677
-427
1142
3351
5577
6502
5934
5106
4959
5168
5363
5742
6246
6174
5301
4264
3287
1550
-1282
-4011
-5398
-5460
-5010
-4512
-4096
-4185
-4948
-5711
-5556
-4511
-3263
-1948
-37
2473
4641
5678
5699
5207
4545
4098
4276
5021
5590
5487
4860
3934
2560
597
-1566
-3295
-4141
-4146
-3698
-3254
-3183
-3579
-4139
-4409
-4171
-3613
-3004
-2255
-1055
431
1575
1984
1761
1234
744
670
1077
1512
1408
752
-49
-843
-1762
-2791
-3652
-4187
-4393
-4146
-3631
-3351
-3651
-4174
-4254
-3765
-2999
-1923
-397
1329
3088
5030
7024
7933
7189
5877
5404
5737
5985
6006
6088
5798
4662
3063
1609
-67
-2531
-4968
-6138
-5856
-5097
-4638
-4404
-4421
-4848
-5298
-5090
-3909
-2343
-718
1260
3656
5743
6606
6294
5509
4764
4393
4584
5284
5898
5757
4872
3559
1925
-103
-2240
-3825
-4526
-4407
-3835
-3412
-3468
-4041
-4787
-5240
-5136
-4510
-3626
-2604
-1438
-248
641
877
509
-16
-278
-20
657
1322
1474
994
177
-720
-1580
-2358
-2922
-3141
-3091
-2823
-2404
-2222
-2611
-3254
-3503
-3059
-2173
-1037
486
2138
3464
4560
5889
7188
7247
6110
5168
5196
5514
5226
4706
4290
3481
2076
726
-150
-1348
-3374
-5140
-5593
-5026
-4525
-4355
-3982
-3571
-3504
-3454
-2651
-1068
403
1651
3245
5211
6689
6908
6336
5628
4855
4108
3706
3803
3812
3092
1892
610
-676
-2231
-3888
-4970
-5217
-4856
-4353
-4015
-3964
-4307
-4747
-4811
-4197
-3114
-2119
-1231
-233
781
1396
1313
824
313
49
139
555
974
759
-82
-1036
-1771
-2368
-2958
-3300
-3205
-2872
-2489
-2076
-1740
-1815
-2288
-2493
-1945
-874
341
1628
2976
3990
4619
5370
6496
7121
6461
5233
4574
4500
4137
3349
2683
2099
1134
87
-442
-818
-2071
-4001
-5302
-5328
-4698
-4160
-3478
-2530
-1901
-1748
-1480
-444
839
1791
2718
4059
5546
6281
6095
5550
4803
3782
2779
2339
2409
2179
1326
209
-775
-1895
-3349
-4686
-5307
-5268
-4979
-4636
-4211
-3948
-4132
-4385
-4112
-3178
-2221
-1579
-928
-72
677
866
677
488
310
132
248
848
1303
994
170
-495
-817
-1108
-1454
-1598
-1542
-1451
-1337
-1082
-740
-754
-1135
-1380
-1023
-107
854
1484
1996
2336
2749
3419
4536
5580
5440
4409
3335
2922
2859
2495
2006
1619
1375
1188
868
459
-568
-2330
-3995
-4727
-4154
-3064
-2135
-1264
-720
-522
-755
-784
-133
653
1516
2604
3996
5164
5246
4448
3295
2157
1271
629
608
852
832
313
-661
-1796
-3189
-4687
-5560
-5546
-4782
-3908
-3241
-2721
-2661
-2768
-2822
-2523
-1964
-1555
-976
-11
1079
1762
1751
1356
800
384
387
714
1137
1147
653
66
-357
-677
-1082
-1574
-1941
-2066
-1991
-1727
-1381
-1065
-1152
-1494
-1564
-1077
-292
389
838
1329
1948
2699
3674
4860
6056
6123
5175
4085
3503
3088
2236
1551
1398
1392
1072
510
27
-882
-2668
-4453
-5293
-4958
-3977
-2924
-1744
-869
-646
-999
-1218
-618
278
1197
2261
3669
4997
5394
4965
4189
3165
2019
1062
840
1059
1046
513
-517
-1681
-2937
-4211
-5068
-5225
-4765
-4141
-3604
-3075
-2745
-2687
-2834
-2765
-2165
-1352
-516
441
1544
2399
2579
2330
1978
1775
1693
1641
1703
1618
1127
272
-539
-1112
-1621
-2254
-2782
-2975
-2903
-2745
-2567
-2222
-1972
-1942
-1825
-1245
-236
651
1221
1605
1827
2285
2872
3895
4967
5924
6222
5548
4417
3290
2401
1404
549
102
106
136
86
-260
-1034
-2488
-4108
-5048
-4979
-4059
-2823
-1621
-613
33
326
272
375
769
1386
2353
3632
4999
5794
5644
4741
3371
1932
708
-169
-574
-740
-812
-1135
-1784
-2634
-3753
-4947
-5727
-5708
-4913
-3889
-2968
-2283
-1821
-1543
-1492
-1319
-959
-377
507
1649
2801
3433
3332
2594
1693
964
474
268
182
54
-135
-415
-815
-1429
-2166
-2919
-3430
-3408
-2858
-2081
-1452
-1042
-727
-466
-271
-34
247
642
1181
1775
2381
2929
3476
3968
4303
4582
4314
3447
2189
1189
724
249
-68
-154
2
111
-37
-197
-625
-1531
-2542
-3136
-2781
-1691
-429
694
1327
1512
1244
777
701
860
1178
1566
2222
3115
3466
2999
1785
265
-1014
-1904
-2049
-1614
-1027
-585
-726
-1157
-1873
-2858
-3799
-4252
-3634
-2418
-1271
-425
-15
113
-155
-563
-689
-543
-100
514
1302
2072
2205
1552
359
-676
-1210
-1370
-1106
-649
-328
-413
-871
-1430
-1967
-2422
-2630
-2390
-1645
-655
200
651
765
733
604
395
427
774
1244
1656
1945
1943
1646
1209
1205
1573
2230
2805
2793
2239
1365
786
388
42
-51
191
693
1299
1755
1918
1223
-164
-1550
-2318
-2021
-1132
-125
611
735
559
-125
-819
-1198
-1394
-1197
-704
431
1682
2263
2036
1059
21
-744
-1131
-846
-215
599
1086
1039
705
-75
-1206
-2343
-2876
-2516
-1868
-1283
-853
-678
-754
-1298
-1813
-2075
-2130
-1877
-1355
-461
359
662
427
-96
-421
-516
-385
10
448
749
796
681
483
162
-261
-617
-745
-575
-223
93
313
312
103
-323
-762
-856
-675
-363
19
316
454
371
362
903
1595
2340
2797
2916
2736
2298
2132
1960
1728
1447
1226
1349
1662
1878
1682
741
-557
-1800
-2565
-2529
-2057
-1397
-1073
-1086
-1133
-1346
-1476
-1691
-1729
-1320
-579
595
1759
2600
2894
2461
1758
1068
724
743
882
1270
1534
1433
928
-2
-1004
-1965
-2675
-2910
-2797
-2416
-2127
-1934
-1801
-1908
-2037
-2206
-2158
-1718
-965
53
857
1319
1375
1080
691
365
389
656
935
1198
1289
1099
557
-249
-957
-1441
-1529
-1329
-1026
-667
-490
-503
-785
-1171
-1421
-1537
-1331
-816
-120
515
658
446
73
93
769
1682
2778
3525
3744
3360
2647
2107
1521
932
519
595
1291
2024
2363
2004
709
-954
-2510
-3225
-2829
-1959
-1025
-610
-450
-528
-1036
-1465
-1793
-1664
-1059
-46
1455
2841
3620
3477
2510
1429
568
278
471
872
1420
1600
1305
593
-497
-1658
-2814
-3514
-3550
-3127
-2437
-1994
-1694
-1611
-1752
-1904
-2002
-1790
-1327
-625
310
1081
1497
1415
993
571
361
524
828
1043
1061
772
325
-149
-584
-930
-1203
-1243
-1123
-841
-504
-307
-404
-861
-1286
-1400
-1174
-689
-89
374
526
385
143
-62
10
576
1287
2194
2932
3280
3057
2378
1766
1172
830
793
1126
1710
2170
2324
2022
1083
-200
-1464
-2283
-2367
-1894
-1220
-851
-818
-1039
-1531
-1885
-2026
-1838
-1325
-569
496
1553
2381
2714
2449
1881
1297
1080
1264
1604
2002
2153
1935
1379
544
-333
-1231
-2018
-2477
-2636
-2408
-2110
-1839
-1702
-1812
-1987
-2244
-2344
-2208
-1840
-1201
-536
69
492
692
692
575
558
616
666
685
670
655
632
552
412
199
-32
-279
-492
-590
-656
-792
-999
-1223
-1285
-1229
-1173
-1104
-1066
-1050
-1061
-1134
-1158
-1120
-793
-139
768
1882
2669
2969
2746
2368
2076
1857
1847
1993
2302
2701
3067
3225
2954
2041
675
-793
-1899
-2287
-2171
-1757
-1470
-1362
-1426
-1645
-1745
-1876
-1888
-1736
-1267
-301
941
2240
3089
3298
3053
2564
2218
2064
2100
2252
2289
2186
1887
1272
369
-819
-2003
-2920
-3412
-3386
-3110
-2731
-2486
-2484
-2670
-2998
-3248
-3302
-2966
-2208
-1206
-131
724
1231
1333
1194
998
872
914
1120
1427
1733
1910
1797
1392
731
14
-585
-1009
-1181
-1243
-1308
-1472
-1726
-1957
-2205
-2422
-2539
-2508
-2291
-1918
-1565
-1341
-1253
-1074
-567
276
1501
2673
3509
3804
3719
3573
3338
3158
2989
2930
3036
3308
3660
3795
3364
2263
677
-924
-2010
-2421
-2269
-1983
-1763
-1679
-1782
-1866
-1988
-2057
-2070
-1876
-1200
-78
1387
2712
3487
3578
3131
2569
2149
2001
2103
2238
2255
2076
1678
1043
123
-987
-2086
-2977
-3448
-3512
-3300
-3070
-3024
-3170
-3486
-3736
-3800
-3549
-2998
-2264
-1395
-585
79
489
657
700
721
806
974
1200
1429
1534
1464
1217
771
224
-294
-646
-828
-952
-1106
-1349
-1648
-1903
-2065
-2060
-1948
-1789
-1581
-1378
-1134
-940
-850
-795
-643
-58
881
2105
3317
4160
4507
4354
4081
3799
3585
3477
3443
3568
3836
4098
4136
3616
2457
877
-751
-1905
-2410
-2371
-2068
-1859
-1702
-1719
-1806
-1918
-2131
-2265
-2243
-1762
-790
481
1738
2524
2715
2408
1890
1492
1268
1222
1235
1170
1038
812
449
-111
-928
-1849
-2750
-3411
-3663
-3603
-3338
-3153
-3125
-3232
-3376
-3398
-3232
-2811
-2229
-1558
-839
-147
483
942
1156
1134
990
879
922
1128
1366
1509
1407
1094
661
240
-104
-397
-634
-858
-1005
-1059
-995
-898
-836
-826
-870
-859
-724
-445
-142
73
181
282
522
1090
1958
2923
3783
4268
4330
4002
3545
3106
2692
2356
2130
2090
2175
2242
2066
1514
537
-657
-1768
-2523
-2718
-2486
-2016
-1592
-1263
-1051
-998
-1003
-1059
-1044
-907
-551
37
702
1308
1618
1564
1222
714
237
-149
-395
-541
-622
-681
-738
-836
-978
-1194
-1478
-1795
-2090
-2231
-2214
-2021
-1753
-1516
-1370
-1305
-1266
-1227
-1135
-1022
-928
-850
-755
-555
-281
12
233
341
336
321
347
439
565
669
753
800
924
1052
1108
1042
835
606
430
404
515
653
750
745
635
456
252
11
-267
-555
-735
-710
-486
-44
469
952
1348
1538
1510
1259
998
817
752
871
1131
1536
1944
2230
2274
2051
1603
1023
424
-32
-202
-125
42
85
-2
-286
-736
-1239
-1723
-2038
-2161
-2058
-1783
-1392
-976
-703
-628
-735
-888
-953
-854
-585
-164
334
823
1225
1442
1445
1196
752
187
-341
-699
-892
-933
-966
-1057
-1269
-1616
-2052
-2510
-2829
-2973
-2881
-2533
-1994
-1344
-741
-248
128
415
707
1080
1530
2001
2445
2787
2937
2881
2687
2328
1853
1354
880
478
123
-189
-514
-878
-1283
-1670
-1990
-2239
-2387
-2420
-2356
-2216
-1977
-1643
-1176
-565
204
1018
1835
2546
3017
3222
3180
3066
2921
2795
2740
2736
2773
2745
2582
2222
1600
810
-64
-889
-1491
-1812
-1904
-1899
-1914
-1954
-2066
-2172
-2170
-2043
-1758
-1380
-894
-349
160
629
963
1118
1130
1088
1095
1119
1171
1208
1176
1057
817
498
83
-448
-1056
-1694
-2263
-2659
-2837
-2818
-2695
-2518
-2343
-2213
-2068
-1858
-1525
-1061
-492
178
906
1607
2182
2560
2697
2608
2374
2054
1731
1439
1170
873
512
85
-436
-1008
-1555
-1995
-2270
-2368
-2328
-2178
-1969
-1745
-1495
-1260
-1043
-771
-429
-46
323
701
1056
1362
1627
1960
2359
2726
3012
3102
2941
2507
1984
1479
1007
703
589
617
707
796
809
618
200
-350
-924
-1335
-1449
-1256
-867
-472
-128
70
67
-19
-130
-203
-198
-84
134
365
590
721
639
381
43
-281
-505
-610
-579
-484
-415
-418
-522
-724
-994
-1282
-1545
-1751
-1811
-1711
-1510
-1253
-1022
-841
-726
-633
-521
-330
-45
257
524
737
856
865
799
662
470
237
6
-191
-378
-529
-655
-768
-863
-894
-834
-770
-706
-618
-536
-474
-418
-324
-216
-82
99
268
438
589
682
666
502
305
176
162
416
934
1548
2111
2375
2323
1892
1367
977
669
647
871
1325
1802
2130
2245
2004
1434
719
-13
-540
-701
-534
-172
82
222
185
-147
-521
-884
-1081
-1104
-998
-706
-435
-167
-27
-139
-387
-710
-946
-1063
-1017
-773
-508
-311
-221
-222
-329
-551
-816
-1075
-1284
-1329
-1194
-917
-586
-337
-241
-323
-446
-553
-563
-451
-297
-110
13
85
71
-51
-209
-404
-581
-672
-636
-492
-330
-198
-142
-186
-249
-317
-397
-449
-442
-355
-198
-13
183
305
332
334
298
265
287
352
408
351
213
99
75
266
767
1353
1971
2349
2445
2242
1830
1568
1315
1216
1306
1600
2040
2372
2508
2353
1755
918
-10
-758
-1064
-1011
-632
-300
-185
-243
-678
-1230
-1719
-2014
-1958
-1705
-1185
-589
-114
167
38
-325
-679
-907
-860
-627
-240
187
431
507
350
15
-401
-871
-1178
-1267
-1096
-772
-529
-412
-511
-812
-1236
-1623
-1776
-1658
-1306
-860
-479
-245
-172
-294
-489
-608
-568
-375
-82
277
585
747
723
555
336
184
141
126
126
128
100
61
36
58
34
-33
-88
-163
-191
-124
7
54
-33
-199
-275
-141
410
1324
2252
3097
3558
3667
3328
2916
2626
2267
2087
2033
2194
2370
2438
2289
1716
779
-283
-1305
-2046
-2285
-2132
-1769
-1505
-1349
-1380
-1692
-1959
-2126
-2027
-1680
-1107
-375
226
716
837
510
3
-437
-624
-612
-402
-72
103
86
-158
-579
-1036
-1518
-1943
-2202
-2204
-1860
-1455
-1099
-892
-936
-1110
-1409
-1518
-1386
-980
-382
124
558
815
886
712
395
154
71
185
493
885
1177
1271
1050
650
202
-142
-301
-359
-212
30
281
422
416
353
203
82
-10
58
238
477
712
801
737
530
218
12
-9
577
1485
2328
3152
3512
3490
2858
2135
1633
1103
932
945
1170
1517
1600
1422
726
-372
-1402
-2408
-2911
-2764
-2322
-1698
-1525
-1495
-1719
-2260
-2420
-2487
-2106
-1364
-538
414
955
1334
1350
803
355
-61
-213
-134
29
406
440
178
-312
-1122
-1812
-2376
-2681
-2600
-2409
-1948
-1595
-1261
-908
-771
-598
-527
-346
18
545
1207
1640
1859
1865
1639
1316
1053
986
1013
1006
939
776
521
326
99
-122
-286
-362
-382
-404
-248
-12
201
388
442
438
442
468
515
443
398
282
64
-141
-294
-344
-471
-635
-742
-706
-407
365
1067
1964
2648
2891
2603
1927
1746
1421
1208
1192
1231
1462
1477
1250
796
-217
-1315
-2629
-3696
-3909
-3684
-3086
-2619
-2361
-2047
-2227
-2184
-1925
-1527
-710
6
1009
1864
2514
2917
2501
1874
1209
606
391
363
669
744
406
-137
-1027
-1906
-2697
-3333
-3452
-3239
-2600
-1806
-1107
-400
-85
217
474
799
1329
1859
2532
2911
3034
2962
2556
2048
1474
1047
760
463
303
101
-202
-530
-939
-1253
-1517
-1636
-1513
-1330
-930
-555
-289
-54
97
350
483
595
686
611
532
319
147
6
-244
-429
-751
-1018
-1249
-1414
-1392
-1282
-943
-199
428
1373
2150
2446
2250
1600
1510
1249
1215
1471
1641
1855
1633
1183
553
-619
-1690
-2822
-3551
-3391
-2895
-2075
-1545
-1338
-1240
-1752
-1897
-1678
-1206
-246
621
1818
2740
3151
3174
2440
1757
1207
776
953
1221
1593
1401
603
-241
-1433
-2455
-3194
-3517
-3124
-2603
-1845
-1168
-795
-459
-543
-447
-157
334
1159
1922
2762
3215
3185
2839
2096
1407
925
612
528
436
295
-114
-739
-1202
-1692
-2122
-2342
-2248
-1807
-1334
-761
-311
-184
-146
-146
67
456
838
1103
1039
911
769
529
342
83
-274
-752
-1091
-1220
-1352
-1568
-1837
-2055
-1993
-1347
-92
1288
2593
3220
3012
2311
1717
1636
1486
1530
1701
1812
1779
1384
700
-344
-1819
-3128
-4005
-4023
-3193
-2306
-1488
-1216
-1352
-1607
-1905
-1457
-602
551
1893
2956
3947
4401
4275
3628
2503
1651
1050
748
909
992
838
52
-1204
-2446
-3678
-4371
-4519
-4146
-3245
-2366
-1489
-829
-420
-90
98
542
1217
2048
3157
4105
4615
4420
3613
2555
1361
426
-78
-324
-442
-649
-969
-1376
-1950
-2549
-3111
-3348
-3075
-2383
-1347
-294
515
895
872
743
588
605
839
1233
1661
1876
1766
1279
491
-439
-1354
-2080
-2443
-2561
-2493
-2427
-2422
-2484
-2648
-2701
-2620
-2334
-1760
-444
1807
3969
4919
4628
3919
3152
2282
1768
1873
2144
2013
1601
1329
993
59
-1635
-3540
-4755
-4886
-4089
-2646
-943
212
199
-517
-982
-779
-106
894
2188
3644
4908
5501
5264
4344
2976
1342
-44
-454
-33
447
443
-91
-1031
-2407
-3851
-4779
-4899
-4275
-3235
-2007
-778
111
465
551
670
964
1354
1947
2759
3427
3834
3856
3323
2262
1013
35
-624
-939
-950
-993
-1245
-1786
-2521
-3238
-3673
-3642
-3264
-2628
-1839
-1039
-377
110
443
564
603
738
985
1338
1703
1898
1763
1243
552
-149
-781
-1206
-1592
-1836
-1976
-2092
-2096
-2177
-2112
-2030
-2052
-1850
-1522
-1001
-446
425
2676
4673
5254
4444
3463
3130
2117
1473
1595
1781
1642
822
602
812
129
-1210
-3109
-4049
-3802
-3247
-1746
-167
874
668
-580
-811
-400
367
1346
2168
3417
4198
4425
4227
3371
2491
1042
-354
-551
-104
450
188
-523
-1355
-2798
-4016
-4627
-4337
-3382
-2598
-1665
-880
-388
-233
-308
85
439
652
1103
1864
2719
2945
2734
2129
1061
12
-545
-369
-4
-35
-579
-1370
-2068
-2559
-2892
-2830
-2385
-1793
-1103
-389
251
450
221
52
69
408
962
1567
2072
2124
1768
1081
298
-268
-725
-1084
-1262
-1349
-1364
-1459
-1634
-1806
-2032
-2170
-2062
-1676
-1080
-487
-208
-87
-83
782
2751
4140
4436
3737
3278
2769
1756
1568
1646
1436
790
152
519
728
153
-1067
-2711
-3461
-3637
-3123
-1608
-300
419
74
-339
101
535
1193
1842
2501
3356
3737
3950
3853
3197
2195
537
-621
-927
-915
-746
-1042
-1465
-2288
-3505
-4219
-4447
-3864
-2975
-2136
-1053
-285
288
591
969
1388
1231
1070
1287
1888
2382
2490
2280
1459
271
-763
-1140
-971
-823
-850
-1105
-1297
-1438
-1600
-1606
-1556
-1473
-1382
-1072
-455
67
261
195
70
41
105
357
815
1094
910
357
-193
-375
-435
-516
-639
-778
-804
-783
-572
-247
-214
-591
-1131
-1228
-758
-160
281
439
148
-406
-748
-58
1937
3329
3305
2362
1713
1542
865
649
812
576
56
-298
573
1630
1424
318
-1316
-2156
-2238
-1799
-183
1363
2067
1492
554
486
313
137
233
773
1683
2107
2318
2341
1802
738
-875
-1937
-1912
-1467
-893
-521
-322
-663
-1710
-2414
-2449
-1922
-1268
-849
-158
457
870
970
785
556
-224
-999
-1094
-376
625
917
696
154
-550
-1086
-1397
-1164
-774
-649
-523
-250
198
325
-88
-545
-878
-938
-654
-139
500
717
404
-84
-475
-492
-420
-272
75
377
566
578
626
615
244
-227
-453
-253
257
662
881
815
331
-453
-1267
-1450
-1163
-867
-746
-772
-932
-1332
-1690
-1208
452
1885
2429
2326
2499
2680
2053
1697
1712
1601
1270
1130
1904
2501
1902
472
-1339
-2482
-2927
-2719
-1506
-309
168
-319
-939
-897
-901
-851
-408
471
1596
2417
3050
3365
2916
1892
534
-312
-338
-42
344
499
361
-340
-1463
-2232
-2560
-2634
-2634
-2503
-1951
-1414
-1073
-963
-943
-1015
-1412
-1512
-928
120
871
1040
1044
962
774
569
504
584
524
268
272
537
687
399
-247
-685
-1038
-1252
-1098
-638
-123
-87
-342
-438
-356
-107
144
485
934
1134
1093
974
973
968
654
269
42
-39
-143
-373
-562
-701
-985
-1374
-1608
-1470
-1092
-838
-739
-881
-1158
-1532
-1647
-1060
874
2957
3845
3662
3087
2619
1435
425
491
684
620
429
742
1452
918
-382
-1913
-3017
-3015
-2631
-1160
701
1648
1689
852
485
327
128
696
1587
2751
3530
3632
3599
2937
1758
188
-1309
-1780
-1812
-1599
-1201
-1000
-1188
-2202
-3277
-3745
-3765
-3252
-2658
-1772
-736
-87
334
538
809
787
422
466
957
1516
1730
1793
1841
1425
553
-317
-837
-1099
-1308
-1376
-1253
-1077
-1066
-1180
-1244
-1226
-1301
-1383
-1122
-566
81
535
869
1101
1096
1099
1130
1288
1471
1491
1453
1219
950
591
72
-258
-554
-833
-1157
-1531
-1649
-1851
-1954
-1861
-1840
-1740
-1852
-1748
-1418
-1296
-1052
-1036
-858
-251
561
2548
4242
4996
4834
3789
3160
2060
1443
1759
1665
1553
1011
830
1132
491
-201
-1328
-2370
-2548
-2421
-950
656
1406
1377
324
-210
-452
-281
722
1474
2212
2480
2379
2362
1690
863
-322
-1543
-1875
-1713
-917
-233
-109
-500
-1710
-2797
-3430
-3425
-2804
-2152
-1334
-734
-489
-533
-796
-863
-981
-961
-666
-165
540
971
1218
1073
413
-340
-1038
-1136
-772
-360
151
258
60
-367
-830
-819
-807
-614
-184
237
748
948
1060
999
640
459
398
697
1161
1407
1484
1172
650
9
-564
-723
-741
-685
-610
-576
-605
-876
-1090
-1218
-1241
-1017
-668
-137
219
397
496
314
231
208
373
878
1453
2846
4020
4259
3828
2691
1842
719
70
522
651
691
378
158
331
-297
-777
-1386
-2061
-2015
-1809
-638
563
874
796
45
-460
-767
-763
205
1016
1579
1795
1485
1173
390
-336
-894
-1546
-1656
-1575
-1160
-732
-873
-1366
-2405
-3335
-3738
-3516
-2582
-1688
-942
-596
-679
-822
-962
-775
-537
-277
217
763
1342
1652
1698
1433
748
28
-360
-184
401
964
1320
1246
659
-66
-630
-808
-698
-504
-204
50
256
488
607
614
425
239
321
681
1293
1777
1940
1699
1174
658
271
186
226
226
131
-66
-237
-466
-739
-982
-1143
-1060
-837
-502
-102
30
11
-102
-149
10
43
254
538
870
1804
2539
2877
2550
1598
906
29
-308
-64
-127
-117
-381
-375
-112
-331
-372
-910
-1672
-1987
-2003
-999
-84
302
446
-80
-447
-809
-820
-135
247
641
939
1049
1174
786
413
-145
-982
-1384
-1544
-1235
-790
-632
-685
-1313
-2013
-2515
-2691
-2304
-1817
-1235
-779
-557
-322
-132
178
297
213
310
520
961
1432
1853
2049
1647
1062
586
405
625
920
1268
1351
1067
756
393
65
-344
-778
-894
-772
-359
272
773
923
634
269
139
243
602
1006
1247
1224
1026
892
682
330
-88
-448
-597
-566
-292
-21
-81
-430
-971
-1327
-1402
-1228
-823
-602
-480
-390
-337
-200
-284
-370
-346
-318
413
1391
2161
2336
1616
952
135
-540
-483
-406
-98
39
23
476
437
213
-391
-1390
-1725
-1878
-1260
-148
497
895
380
-317
-825
-1215
-739
-157
516
1182
1371
1525
1228
780
234
-689
-1246
-1450
-1082
-350
63
169
-461
-1428
-2215
-2571
-2062
-1372
-666
-74
158
319
246
297
333
31
-51
147
751
1463
1865
2007
1459
588
12
-71
481
1063
1408
1360
876
400
11
-233
-442
-732
-846
-667
-195
407
824
844
470
23
-104
157
621
1084
1299
1147
799
490
242
-31
-320
-543
-675
-707
-573
-443
-519
-834
-1340
-1699
-1793
-1566
-1079
-741
-524
-478
-517
-327
-239
-201
-177
-333
-2
633
1416
1959
1569
1115
465
-278
-302
-131
353
599
407
672
643
511
278
-467
-919
-1441
-1431
-609
101
782
786
351
-111
-783
-763
-332
98
510
564
721
699
529
495
41
-609
-1194
-1292
-746
-143
403
485
-55
-858
-1535
-1556
-1187
-712
-216
80
208
127
144
201
-22
-310
-429
-106
435
988
1584
1716
1325
703
272
302
419
729
1076
1126
1029
717
506
266
-194
-388
-419
-203
212
525
814
603
88
-231
-488
-475
-369
-138
252
297
314
312
54
-248
-616
-707
-594
-562
-347
-204
-303
-598
-985
-1111
-1125
-1107
-901
-626
-401
-296
-209
-104
-269
-659
-941
-1034
-850
-339
412
964
839
455
160
-159
-171
122
472
660
518
602
873
969
947
553
90
-222
-348
129
762
1130
1105
600
87
-409
-680
-443
-190
-64
-48
-75
-3
-37
-67
-147
-460
-735
-761
-437
33
333
392
182
-174
-434
-395
-110
141
230
194
103
13
-32
-9
-30
-173
-272
-169
98
393
591
631
445
95
-97
29
350
664
831
869
777
616
525
497
441
317
215
233
274
278
218
58
-172
-418
-537
-503
-442
-411
-417
-423
-424
-456
-499
-564
-645
-729
-776
-748
-681
-604
-558
-546
-545
-552
-503
-414
-312
-228
-251
-329
-413
-470
-452
-434
-446
-473
-504
-428
-261
-3
352
546
544
494
437
475
581
689
764
727
693
768
892
1005
997
879
774
686
638
654
668
577
340
76
-148
-357
-493
-519
-472
-408
-336
-219
-116
-59
-20
-1
2
-15
4
75
143
182
193
224
246
198
146
99
3
-106
-199
-243
-287
-364
-369
-345
-312
-279
-281
-272
-303
-332
-282
-212
-94
55
215
380
468
498
484
396
293
232
216
225
186
99
-2
-136
-285
-420
-508
-537
-550
-523
-449
-394
-367
-359
-358
-350
-346
-288
-170
-67
21
84
103
93
56
34
5
-61
-96
-99
-78
-60
-88
-148
-264
-411
-512
-555
-594
-614
-573
-474
-341
-173
69
316
454
554
678
750
813
921
983
958
853
750
722
715
726
701
590
450
295
167
94
-8
-182
-373
-566
-744
-842
-774
-573
-378
-219
-79
27
113
222
332
383
327
232
186
195
268
339
398
437
370
277
210
133
26
-114
-232
-311
-388
-424
-427
-425
-411
-425
-431
-399
-349
-240
-79
84
210
271
299
294
251
207
162
143
163
206
248
241
179
58
-105
-257
-394
-483
-513
-515
-502
-487
-464
-459
-471
-439
-379
-311
-238
-168
-103
-88
-113
-143
-162
-128
-62
18
88
88
50
-3
-57
-112
-191
-266
-313
-346
-376
-386
-392
-444
-488
-457
-343
-178
48
354
570
633
644
601
527
520
591
660
672
656
651
664
689
689
610
511
436
375
396
480
498
424
317
198
66
6
76
154
157
138
92
27
-6
32
114
146
120
83
61
79
89
81
68
1
-96
-165
-186
-218
-299
-399
-506
-614
-686
-663
-552
-438
-383
-378
-404
-457
-489
-444
-348
-259
-191
-127
-70
-37
-29
-46
-89
-149
-203
-226
-211
-188
-185
-199
-246
-350
-458
-496
-450
-341
-201
-59
21
23
15
3
-5
0
18
61
100
127
150
157
154
120
59
7
-22
-6
47
104
142
131
68
-5
-29
15
104
229
332
366
347
308
273
285
387
498
527
516
469
393
368
404
419
362
308
333
426
575
704
707
587
400
215
109
120
174
196
187
119
-23
-157
-212
-209
-203
-188
-157
-131
-81
-17
2
-60
-183
-310
-391
-402
-355
-289
-240
-245
-325
-435
-529
-597
-617
-581
-525
-484
-471
-467
-439
-394
-359
-356
-369
-374
-370
-339
-304
-302
-317
-330
-311
-245
-164
-87
-30
6
31
37
40
51
58
79
124
163
189
210
222
217
212
231
276
345
428
483
486
453
395
342
308
292
273
246
239
242
236
212
167
114
60
30
33
58
91
114
106
62
-2
-56
-85
-80
-70
-87
-106
-111
-83
0
122
237
281
249
183
124
118
161
198
195
163
139
138
162
189
174
114
53
26
54
136
221
249
195
78
-74
-213
-283
-287
-263
-249
-259
-285
-316
-348
-379
-421
-471
-510
-515
-469
-393
-322
-284
-287
-324
-365
-371
-327
-248
-159
-90
-61
-68
-84
-88
-70
-46
-35
-30
-28
-13
28
71
92
92
83
77
75
85
99
116
127
130
133
133
140
167
207
252
283
308
349
406
461
494
495
481
458
432
411
375
318
239
154
72
2
-36
-60
-82
-113
-158
-220
-297
-370
-420
-449
-461
-447
-412
-364
-316
-279
-251
-236
-227
-202
-153
-77
5
93
173
207
194
141
74
33
40
104
188
267
325
355
357
340
312
278
245
232
247
271
276
255
198
101
-21
-135
-209
-235
-216
-179
-164
-188
-253
-325
-376
-398
-395
-381
-358
-336
-313
-277
-224
-169
-131
-104
-80
-59
-20
39
101
144
161
164
153
146
159
185
207
207
184
154
115
77
50
17
-29
-87
-134
-152
-143
-119
-78
-39
-12
1
15
49
91
134
173
196
200
199
210
221
210
178
137
98
68
45
16
-34
-101
-169
-222
-254
-272
-283
-300
-328
-360
-381
-379
-355
-314
-265
-222
-186
-155
-119
-77
-34
3
34
57
91
147
212
268
302
318
325
341
373
409
435
449
456
459
465
461
440
403
345
275
206
158
134
115
84
31
-49
-144
-234
-304
-343
-354
-349
-344
-342
-332
-334
-347
-366
-379
-377
-359
-313
-247
-178
-119
-80
-57
-50
-53
-47
-26
9
49
84
124
162
178
166
136
96
63
42
37
33
19
-5
-29
-47
-57
-63
-66
-68
-61
-40
-11
18
38
44
42
30
21
29
46
71
98
120
134
137
137
131
110
78
44
22
9
3
-3
-14
-25
-44
-68
-87
-103
-112
-123
-130
-129
-135
-137
-141
-146
-151
-160
-157
-134
-99
-49
6
58
101
137
163
182
198
207
219
240
262
274
273
257
229
211
208
209
204
188
161
130
94
57
21
-23
-69
-113
-156
-195
-233
-258
-272
-282
-285
-280
-266
-245
-225
-203
-194
-193
-187
-166
-130
-87
-44
-14
3
18
29
40
43
35
24
21
20
26
30
28
14
-10
-23
-22
-11
10
36
66
98
130
166
199
223
234
237
240
241
242
245
239
221
188
149
104
65
40
22
2
-21
-42
-58
-69
-82
-100
-119
-136
-152
-156
-157
-158
-164
-172
-174
-178
-185
-193
-207
-226
-244
-254
-255
-249
-237
-225
-210
-193
-180
-161
-139
-117
-88
-49
-4
41
76
97
107
126
160
208
263
313
353
381
397
400
395
392
382
362
334
301
260
216
170
117
61
5
-42
-76
-99
-119
-138
-163
-192
-215
-226
-223
-212
-196
-174
-147
-115
-87
-61
-47
-46
-48
-50
-50
-46
-45
-54
-71
-93
-107
-111
-107
-96
-78
-57
-33
-5
24
51
72
94
118
148
180
209
230
240
241
233
223
209
189
162
130
93
51
7
-39
-83
-123
-158
-188
-209
-226
-236
-245
-249
-247
-242
-232
-219
-204
-183
-161
-141
-127
-116
-105
-90
-75
-63
-56
-58
-66
-77
-83
-85
-86
-84
-85
-88
-93
-91
-76
-51
-17
17
54
91
124
162
210
258
299
329
351
360
364
368
373
373
360
332
294
250
209
173
138
98
49
-1
-48
-89
-120
-137
-149
-158
-160
-154
-144
-129
-112
-91
-70
-49
-31
-11
9
22
29
28
19
2
-13
-16
-14
-18
-20
-25
-29
-30
-34
-31
-25
-13
6
25
47
66
82
97
112
127
136
142
144
134
120
97
65
26
-19
-66
-111
-151
-186
-214
-246
-275
-300
-324
-341
-353
-359
-363
-364
-356
-341
-322
-303
-284
-267
-252
-234
-206
-171
-135
-106
-77
-54
-38
-26
-15
-1
15
34
54
71
81
91
110
136
161
183
202
222
242
259
275
292
304
313
321
333
345
354
361
364
362
358
354
349
340
331
310
284
253
218
184
157
137
121
104
85
68
49
28
9
-10
-25
-38
-53
-63
-68
-73
-79
-95
-118
-142
-166
-186
-200
-216
-232
-248
-259
-263
-268
-274
-281
-288
-288
-272
-243
-212
-181
-162
-148
-136
-129
-117
-103
-86
-72
-64
-63
-65
-69
-78
-92
-108
-128
-144
-155
-160
-160
-160
-165
-174
-183
-183
-180
-170
-150
-125
-100
-77
-58
-40
-21
-1
23
50
72
90
110
129
148
163
178
196
212
226
240
247
254
261
265
263
257
252
249
245
241
238
238
238
236
238
238
243
250
254
254
249
239
230
223
216
209
197
179
159
136
113
88
64
38
11
-14
-35
-52
-69
-91
-114
-134
-151
-170
-186
-203
-222
-240
-255
-269
-284
-300
-311
-318
-325
-333
-337
-338
-334
-327
-317
-307
-295
-282
-265
-244
-221
-201
-177
-153
-130
-104
-80
-59
-41
-27
-15
-4
2
8
13
16
16
19
23
23
22
21
21
21
26
39
56
72
88
102
106
103
102
105
112
116
118
121
127
130
134
138
140
140
145
158
174
185
192
195
194
189
190
193
196
198
199
200
201
195
188
176
160
147
142
139
136
129
121
110
95
84
75
68
63
56
51
41
27
12
-1
-12
-25
-37
-48
-60
-71
-81
-92
-108
-127
-144
-159
-170
-180
-192
-210
-235
-264
-291
-311
-328
-342
-348
-350
-351
-351
-348
-342
-332
-320
-303
-282
-257
-228
-196
-166
-139
-116
-93
-68
-37
-5
24
51
74
93
104
107
108
112
118
121
127
132
138
143
146
150
154
156
163
170
179
186
189
190
192
195
198
199
195
190
185
182
178
171
163
151
138
132
128
121
114
108
102
90
75
62
53
48
48
45
37
28
23
20
14
5
-5
-15
-21
-23
-23
-24
-28
-39
-51
-64
-73
-77
-78
-77
-79
-83
-90
-95
-100
-103
-104
-105
-104
-99
-92
-86
-87
-94
-99
-103
-106
-109
-114
-120
-130
-138
-145
-154
-165
-178
-189
-194
-199
-200
-197
-189
-180
-172
-164
-151
-137
-119
-97
-72
-50
-30
-9
16
44
70
91
110
128
144
158
172
186
196
207
215
224
231
238
244
246
244
242
237
235
233
229
219
208
197
184
170
157
143
125
104
82
64
45
20
-6
-30
-50
-67
-83
-95
-109
-122
-132
-140
-146
-151
-152
-153
-154
-152
-148
-143
-136
-125
-114
-103
-92
-80
-70
-62
-53
-47
-42
-37
-34
-33
-31
-31
-33
-33
-32
-26
-21
-13
-5
5
13
22
29
31
33
33
32
33
38
37
34
29
21
12
3
-2
-7
-15
-28
-44
-57
-67
-76
-88
-100
-110
-115
-116
-113
-103
-94
-85
-76
-64
-53
-39
-27
-14
-1
12
25
37
49
61
69
73
75
79
87
97
107
114
118
123
127
132
137
142
146
151
156
159
162
163
164
163
159
153
143
133
124
110
94
74
53
35
21
5
-12
-32
-50
-63
-72
-82
-93
-104
-110
-114
-117
-121
-126
-129
-129
-125
-122
-123
-121
-116
-109
-105
-103
-99
-94
-90
-82
-75
-72
-70
-68
-66
-62
-59
-54
-49
-41
-34
-28
-24
-21
-17
-14
-11
-9
-6
-7
-5
-4
-7
-4
-5
-3
-3
-3
-6
-8
-9
-13
-15
-20
-23
-22
-21
-17
-13
-10
-7
-4
2
7
13
19
24
29
35
39
43
45
50
57
63
69
74
77
81
85
89
93
97
102
109
115
123
126
131
136
141
142
142
144
149
150
148
143
139
132
121
108
93
79
64
49
32
13
-8
-30
-49
-64
-77
-89
-99
-110
-121
-132
-138
-143
-147
-151
-156
-156
-153
-147
-145
-146
-146
-146
-145
-141
-141
-138
-133
-130
-126
-124
-121
-119
-113
-104
-97
-90
-80
-67
-52
-36
-22
-8
6
18
30
44
54
62
70
78
86
89
90
88
84
81
79
75
68
64
60
55
51
44
40
37
37
36
36
36
38
41
43
41
39
36
36
36
34
32
25
19
15
12
11
8
8
10
9
10
10
11
14
19
26
32
38
45
53
60
66
72
75
81
85
91
97
100
101
99
94
88
80
69
60
48
35
21
8
-6
-22
-37
-52
-61
-71
-82
-94
-102
-109
-114
-117
-120
-122
-123
-127
-126
-126
-126
-126
-128
-129
-130
-127
-125
-122
-122
-122
-120
-118
-112
-106
-96
-89
-80
-69
-59
-49
-36
-20
-5
6
15
25
34
42
50
58
64
68
73
74
76
78
80
80
81
82
85
86
86
84
84
83
85
85
85
83
83
84
84
81
78
75
72
70
69
65
62
58
56
54
53
51
48
47
45
43
42
40
37
33
29
23
23
24
26
26
22
20
22
26
27
28
30
31
30
27
26
25
20
13
3
-9
-20
-29
-40
-50
-61
-74
-89
-101
-112
-121
-129
-137
-144
-149
-152
-156
-159
-159
-160
-161
-159
-158
-156
-153
-150
-147
-144
-144
-141
-136
-128
-120
-113
-106
-98
-84
-72
-58
-44
-30
-14
4
20
37
56
70
85
95
104
112
120
127
131
132
134
139
140
142
141
141
141
139
139
141
141
138
134
132
130
130
126
124
124
122
120
115
108
103
96
88
81
75
68
58
48
37
24
10
2
-6
-13
-20
-28
-34
-41
-49
-55
-61
-64
-66
-64
-61
-60
-60
-60
-58
-57
-55
-56
-53
-51
-50
-50
-53
-54
-57
-59
-62
-67
-75
-80
-84
-87
-88
-89
-91
-92
-94
-92
-87
-83
-80
-74
-71
-70
-71
-69
-70
-69
-65
-64
-62
-63
-62
-58
-53
-52
-51
-47
-42
-33
-26
-19
-11
-3
5
13
20
32
46
59
71
81
87
90
95
97
101
102
104
105
105
105
102
98
97
97
98
98
100
100
100
100
98
94
89
84
82
80
78
72
68
61
54
47
38
29
21
11
0
-8
-15
-22
-30
-36
-42
-51
-57
-62
-64
-66
-68
-69
-70
-70
-72
-71
-68
-64
-63
-64
-63
-63
-62
-62
-60
-58
-56
-54
-54
-55
-53
-52
-50
-50
-49
-50
-54
-52
-46
-40
-36
-33
-30
-27
-23
-22
-19
-16
-14
-12
-11
-8
-6
-6
-4
-4
-2
-2
0
1
3
2
5
8
10
16
23
26
29
34
38
44
48
52
56
59
64
70
76
78
78
80
80
79
77
74
74
71
66
61
57
55
53
50
48
46
46
47
47
46
44
39
35
32
27
19
14
7
1
-5
-10
-19
-27
-37
-46
-54
-59
-62
-65
-66
-68
-70
-69
-70
-70
-68
-67
-67
-65
-61
-57
-54
-50
-47
-47
-47
-43
-40
-37
-37
-37
-37
-37
-38
-36
-35
-32
-29
-26
-24
-21
-20
-17
-12
-7
0
6
10
13
17
18
22
26
30
32
33
34
35
36
32
29
25
23
21
19
19
15
14
12
12
11
8
6
5
9
11
12
14
16
18
19
18
19
21
24
27
29
27
26
26
27
24
21
18
15
13
13
13
10
5
1
1
2
1
3
5
6
8
9
10
9
9
7
5
1
-1
-3
-5
-5
-9
-13
-16
-17
-15
-13
-13
-14
-15
-14
-13
-14
-14
-14
-15
-15
-12
-8
-6
-6
-7
-6
-6
-6
-6
-3
-6
-5
-7
-7
-6
-6
-4
-4
-6
-6
-7
-6
-4
-3
-5
-7
-7
-7
-6
-4
-2
-2
-4
-3
-1
1
1
4
5
4
4
5
5
8
8
8
7
3
2
1
1
-1
-2
-5
-5
-4
-4
-4
-5
-8
-7
-7
-5
-5
-4
-3
-2
-1
1
6
6
5
4
5
6
5
6
9
10
10
6
5
5
8
10
11
12
13
12
12
11
9
8
7
5
7
7
4
2
1
0
-3
-2
-3
-5
-8
-9
-7
-8
-9
-11
-11
-10
-10
-11
-10
-11
-12
-13
-13
-11
-9
-9
-8
-8
-11
-11
-9
-6
-5
-5
-6
-5
-3
-3
-3
-3
-5
-6
-8
-8
-4
-3
0
-1
-3
-3
0
4
10
13
15
16
20
23
26
27
25
22
21
22
23
24
21
21
19
18
17
16
14
11
8
6
5
5
2
1
2
1
-1
0
2
1
-1
-3
-3
-3
-4
-3
-2
-3
-5
-7
-7
-6
-8
-11
-10
-11
-14
-15
-15
-15
-14
-17
-20
-21
-19
-17
-16
-17
-18
-19
-19
-17
-15
-12
-10
-6
-4
-3
-1
-1
-2
-2
-4
-5
-6
-4
-2
-2
-1
-2
-3
-5
-8
-10
-9
-7
-7
-7
-4
-3
-1
-1
2
4
5
5
5
8
9
10
8
7
7
7
6
9
10
9
11
10
11
11
14
15
15
15
16
17
19
20
23
25
26
27
29
31
32
30
28
28
27
26
24
18
15
15
13
12
8
4
2
-3
-6
-10
-12
-13
-13
-17
-21
-23
-25
-23
-25
-25
-25
-25
-25
-25
-26
-28
-30
-30
-30
-31
-33
-34
-34
-32
-33
-33
-32
-31
-30
-28
-25
-23
-23
-22
-18
-14
-13
-9
-6
-4
-1
2
4
6
9
11
13
13
15
17
17
18
16
15
15
18
20
19
19
18
20
21
22
22
21
21
21
19
19
18
18
18
19
20
18
19
18
19
20
20
21
23
23
21
19
17
16
16
17
20
18
15
13
14
16
17
16
12
11
8
7
5
6
5
4
2
0
-3
-7
-10
-9
-10
-11
-12
-16
-19
-21
-23
-27
-28
-28
-30
-33
-36
-38
-41
-44
-45
-45
-45
-46
-46
-47
-49
-48
-46
-46
-43
-42
-42
-39
-34
-28
-24
-21
-20
-17
-13
-7
-3
0
3
5
7
10
13
14
17
18
19
21
22
24
26
28
29
32
34
36
38
40
41
42
43
45
46
45
45
44
40
38
36
36
32
30
29
26
24
21
17
14
13
10
10
11
10
10
9
8
4
3
2
2
0
-1
0
-1
0
-1
-2
-2
-5
-7
-8
-9
-10
-12
-13
-14
-16
-19
-21
-22
-21
-19
-20
-19
-20
-21
-22
-24
-24
-24
-22
-21
-22
-22
-23
-24
-24
-27
-26
-28
-29
-30
-30
-29
-30
-30
-28
-30
-30
-28
-27
-23
-22
-23
-22
-20
-19
-18
-17
-14
-11
-6
-2
0
5
8
11
13
15
17
20
23
23
23
23
23
28
30
32
35
38
41
41
40
42
43
41
38
37
37
37
34
34
34
31
27
25
24
24
22
21
20
17
14
13
12
9
6
6
7
7
5
1
-4
-6
-6
-8
-6
-7
-8
-9
-12
-12
-13
-12
-13
-15
-18
-18
-18
-18
-19
-19
-19
-20
-21
-19
-18
-18
-22
-22
-21
-20
-20
-18
-19
-20
-21
-19
-18
-20
-20
-21
-22
-23
-25
-23
-23
-24
-25
-25
-23
-21
-20
-20
-20
-18
-17
-17
-16
-15
-13
-11
-12
-11
-9
-7
-3
1
5
8
10
12
14
16
20
20
23
23
22
25
27
29
29
31
33
35
34
35
34
35
33
33
32
30
28
27
28
26
25
24
22
21
21
21
18
16
15
15
14
11
9
7
5
2
-1
-2
-3
-7
-10
-10
-11
-12
-12
-11
-13
-13
-12
-11
-11
-15
-18
-20
-18
-18
-19
-19
-21
-20
-20
-21
-20
-18
-16
-15
-16
-15
-13
-12
-13
-12
-13
-13
-13
-13
-13
-12
-12
-9
-8
-5
-4
-2
-3
-3
-2
-2
-4
-3
-1
-2
0
-1
-4
-4
-2
-2
-3
-4
-4
-2
-1
-1
-2
-2
0
2
4
6
10
12
13
15
15
16
16
20
21
22
21
19
19
17
18
18
16
13
10
11
13
15
15
12
11
9
10
11
10
10
10
10
7
5
4
1
1
-2
-3
-3
-4
-4
-6
-5
-7
-8
-7
-8
-9
-11
-12
-14
-15
-16
-15
-15
-17
-19
-21
-21
-21
-22
-23
-23
-23
-20
-20
-19
-15
-13
-12
-11
-10
-6
-5
-3
-5
-5
-5
-5
-4
-3
-3
-2
-1
-1
0
1
2
3
4
4
4
2
1
3
2
3
6
5
7
7
9
9
9
8
8
9
10
10
11
9
8
6
6
6
7
9
7
9
11
11
10
13
14
17
17
16
17
16
15
14
16
15
13
12
12
13
12
11
12
11
10
11
10
10
11
11
9
8
8
6
4
0
1
-2
-4
-6
-7
-7
-6
-6
-6
-9
-10
-11
-14
-14
-14
-17
-17
-18
-17
-19
-19
-17
-18
-19
-21
-20
-17
-17
-19
-18
-18
-20
-19
-18
-15
-14
-14
-14
-15
-16
-14
-12
-9
-8
-7
-6
-5
-3
-2
-2
0
2
2
2
3
4
3
3
3
3
4
5
4
5
7
7
3
0
1
1
1
1
3
3
1
2
4
3
3
2
4
6
8
10
12
14
12
12
10
11
10
11
13
12
12
11
10
8
6
8
9
10
7
8
8
8
10
10
9
7
6
6
7
7
5
3
2
0
-2
-3
-2
-3
-4
-5
-7
-8
-10
-11
-10
-9
-10
-13
-13
-14
-14
-14
-14
-12
-13
-12
-10
-12
-12
-10
-7
-7
-8
-6
-4
-4
-3
-3
-1
-1
0
2
5
7
9
11
12
13
14
15
18
17
