4
5
3
3
1
2
4
4
3
2
0
3
4
4
2
2
1
1
2
-1
-2
-3
-1
0
0
-2
-2
-1
-1
-2
-3
-2
-4
-5
-6
-3
-2
-3
-3
-2
-2
-2
-3
-5
-5
-6
-6
-6
-4
-2
-2
0
-2
-2
-2
-1
-2
-1
0
-1
0
4
5
6
4
4
2
0
0
4
5
5
5
5
2
1
3
4
4
3
4
4
2
1
2
4
2
0
1
3
5
3
2
3
1
3
4
3
1
1
0
1
2
1
1
2
2
-2
-2
-3
-5
-5
-4
-4
-3
-3
-3
-3
-4
-3
-3
-3
-4
-5
-4
-4
-2
0
0
-2
-2
-1
-2
-1
-2
-3
-3
-2
0
-1
-3
-3
-1
0
1
2
0
0
-1
-1
-1
-1
-1
1
-1
-1
0
-1
0
1
1
3
2
2
2
2
2
2
2
1
0
0
0
-1
-1
-4
-2
-1
0
0
0
1
0
0
-1
0
0
-1
-1
0
0
0
-1
-1
-2
-1
0
1
2
1
0
2
3
3
0
-1
0
0
-1
1
1
0
-3
-2
-1
1
1
0
-1
1
2
1
1
1
2
2
2
0
0
1
2
4
3
2
2
2
3
1
0
2
2
3
3
4
3
1
2
1
1
0
1
1
1
0
1
3
3
2
1
1
0
1
2
1
-2
-2
1
2
2
1
2
3
2
0
0
-1
-2
-1
0
-2
-3
-3
-3
-2
-1
0
1
-1
-3
-3
-2
-3
-2
-3
-4
-4
-3
-3
-2
-1
-1
-1
0
-1
-4
-3
-1
-2
-1
0
0
-2
-2
-2
-1
-4
-5
-4
-4
-2
-1
0
0
-1
-1
0
2
3
1
0
-1
-2
-2
-2
-4
-3
-3
-2
-3
-2
-1
0
1
3
2
0
0
-1
0
2
2
-1
-2
-2
0
1
4
3
2
2
2
1
1
1
2
1
2
1
2
4
2
3
3
5
5
6
3
1
2
2
3
3
1
0
0
1
2
3
2
1
-1
0
1
1
0
-1
-2
0
0
0
1
2
4
3
2
3
2
0
-1
-2
-2
-3
-2
-2
-1
-1
-1
-1
-3
-2
-1
0
-1
-3
-2
-4
-4
-3
-4
-1
0
1
1
0
0
1
2
-1
2
4
5
3
2
1
0
0
-1
0
0
-1
-2
0
1
1
3
2
-1
-2
-1
1
3
1
1
2
3
1
0
1
2
3
2
1
0
-3
0
1
-2
-1
1
0
-4
-3
-2
0
0
-2
-2
-3
-1
1
2
0
-2
0
1
0
-2
-4
-5
-6
-4
-1
-1
-2
-2
-4
-5
-2
-3
-3
-3
-1
-1
0
1
2
0
-1
-1
-1
2
0
1
0
-2
-2
-3
-4
-3
0
0
0
1
0
-2
-1
1
2
0
-1
-1
0
1
2
3
0
0
3
3
2
3
0
-1
0
2
0
-1
1
2
5
4
4
5
4
4
2
2
3
2
1
-2
-2
0
-1
-1
-2
-2
-3
-3
-1
3
2
2
4
6
5
3
3
3
2
1
-2
-4
-3
-1
-1
0
0
1
0
0
1
3
5
5
3
1
0
0
-1
-1
0
-1
1
-1
-3
-3
-1
0
0
1
-4
-4
-4
-4
-4
-2
0
-1
1
1
0
-1
-1
-1
-2
0
0
0
0
1
1
0
1
2
2
1
0
1
2
2
0
1
1
-1
-2
-4
-4
-4
-4
-4
-3
-2
-2
-2
-1
0
0
3
3
3
3
3
0
1
0
0
0
1
3
3
2
2
0
1
0
0
-3
-5
-5
-6
-5
-6
-8
-6
-5
-3
-2
-1
0
2
1
1
2
-1
-2
0
1
1
3
0
-2
-2
-5
-8
-7
-8
-8
-8
-7
-5
-1
-1
-1
-3
-2
-2
-3
-2
1
1
3
5
5
8
10
11
11
6
3
-1
-2
-3
-2
-2
-1
-2
-3
-2
-1
3
6
7
7
6
3
1
-2
-5
-6
-4
2
7
7
8
11
10
10
7
5
11
16
20
24
28
27
25
19
13
7
-4
-12
-13
-10
-8
-5
-2
2
5
5
3
1
-2
-4
-5
-9
-13
-13
-13
-14
-14
-13
-13
-9
-7
-4
-1
2
5
8
3
-1
-3
-6
-9
-13
-13
-10
-7
-4
-2
-5
-9
-12
-16
-14
-9
-5
2
9
13
14
14
9
4
-1
-4
-3
-3
0
1
1
0
-4
-7
-7
-7
-7
-5
-3
-2
-5
-6
-7
-12
-13
-11
-9
-7
-4
-7
-6
-8
-10
-11
-12
-10
-5
-1
5
11
9
4
-1
-7
-9
-8
-10
-6
-3
0
3
4
6
4
0
-1
3
5
7
9
8
6
5
6
6
6
8
7
9
7
5
5
2
-1
-4
-5
-4
-1
-1
-2
-1
-1
3
11
18
27
33
41
46
52
43
30
11
-7
-13
-4
6
17
19
12
4
-12
-28
-47
-58
-65
-54
-38
-24
-22
-32
-45
-33
-16
16
34
80
109
137
110
75
36
19
20
30
54
64
74
42
12
-48
-84
-141
-166
-189
-167
-140
-112
-99
-95
-99
-93
-78
-61
-17
30
81
111
138
134
140
120
119
119
131
146
149
129
85
51
9
-34
-92
-125
-142
-123
-124
-119
-148
-164
-190
-180
-169
-131
-95
-41
22
70
117
130
149
134
159
180
242
261
260
196
144
88
44
-1
-46
-63
-48
-32
-50
-109
-191
-251
-278
-294
-305
-311
-262
-135
21
163
241
255
198
127
89
151
239
310
326
335
341
324
227
67
-99
-211
-245
-236
-210
-218
-301
-442
-579
-626
-560
-451
-338
-244
-144
-38
39
59
67
112
220
348
447
494
494
452
412
385
376
363
327
260
159
49
-62
-149
-209
-224
-209
-186
-189
-228
-297
-361
-372
-297
-175
-67
-22
-35
-69
-60
3
80
129
135
135
147
139
88
21
-8
-4
-2
-35
-87
-146
-224
-320
-351
-295
-227
-260
-386
-482
-477
-413
-380
-294
-49
325
603
629
490
385
414
543
704
865
1018
1121
1094
939
730
540
362
158
-21
-84
-85
-155
-376
-666
-879
-962
-958
-920
-839
-687
-514
-403
-364
-316
-193
-23
128
255
377
522
630
670
660
680
718
656
427
97
-152
-256
-254
-286
-385
-532
-681
-841
-1000
-1079
-1042
-945
-874
-815
-692
-518
-426
-488
-616
-623
-441
-206
-62
90
457
1030
1479
1517
1189
844
785
1011
1283
1425
1450
1446
1401
1241
1006
753
438
17
-404
-625
-598
-521
-665
-1088
-1561
-1818
-1791
-1600
-1370
-1111
-836
-564
-309
-84
100
302
599
976
1310
1535
1688
1771
1752
1652
1574
1523
1361
984
460
-27
-358
-604
-879
-1207
-1488
-1626
-1699
-1866
-2136
-2341
-2281
-1918
-1403
-940
-625
-445
-320
-161
112
492
885
1172
1280
1228
1056
802
500
178
-104
-232
-299
-519
-974
-1205
-750
183
672
203
-621
-849
-323
263
499
667
1179
1777
2012
1825
1600
1480
1226
725
372
571
1042
1066
365
-518
-973
-1033
-1096
-1250
-1218
-885
-491
-354
-522
-743
-743
-494
-149
206
587
929
1013
834
727
948
1283
1300
897
383
97
66
44
-177
-514
-714
-654
-561
-683
-1065
-1490
-1659
-1453
-974
-504
-249
-250
-362
-426
-337
-112
146
366
609
869
935
671
189
-205
-307
-187
-59
-99
-355
-748
-1123
-1353
-1415
-1455
-1664
-1906
-1922
-1664
-1408
-1074
-237
1146
2069
1747
800
608
1428
2294
2605
2765
3276
3740
3638
3021
2408
1919
1344
510
-240
-399
-53
-30
-950
-2360
-3326
-3501
-3309
-3104
-2814
-2345
-1839
-1519
-1428
-1341
-933
-172
657
1272
1767
2300
2709
2732
2555
2654
3075
3260
2700
1656
864
626
450
-153
-934
-1310
-1345
-1621
-2333
-3021
-3333
-3313
-3082
-2593
-1883
-1267
-1102
-1369
-1576
-1144
-81
922
1372
1521
1770
1956
1779
1379
1112
1093
1165
1167
931
390
-270
-840
-1288
-1684
-1900
-1987
-2136
-2453
-2488
-1694
-218
841
597
-329
-510
518
1598
1911
1943
2512
3269
3541
3352
3139
2897
2304
1369
514
283
643
818
48
-1295
-2180
-2377
-2566
-2954
-2970
-2411
-1799
-1595
-1664
-1679
-1466
-972
-301
329
905
1507
1913
1874
1773
2126
2744
2994
2641
1992
1484
1285
1139
607
-204
-600
-414
-426
-1164
-2075
-2563
-2706
-2748
-2538
-2060
-1616
-1468
-1595
-1824
-1774
-1111
-247
112
148
528
1056
1038
588
445
760
1042
1049
800
322
-180
-369
-409
-654
-945
-968
-935
-1259
-1702
-1598
-526
1041
1819
1098
-91
-15
1199
1889
1606
1622
2456
3057
2871
2519
2390
2085
1392
456
-380
-573
9
300
-668
-2091
-2608
-2446
-2626
-2939
-2542
-1668
-1125
-1045
-1084
-1096
-834
-80
709
1064
1429
2182
2666
2372
2021
2359
2945
3034
2530
1731
1040
819
752
62
-997
-1289
-873
-1069
-2091
-2841
-2955
-3065
-3242
-2970
-2349
-1821
-1513
-1449
-1630
-1407
-391
543
599
572
1247
1810
1440
780
712
958
1025
886
466
-238
-678
-668
-900
-1549
-1860
-1574
-1462
-1910
-2292
-1804
-169
1528
1748
374
-411
759
2305
2335
1786
2513
3838
4084
3362
2954
2898
2639
1838
634
-333
-173
611
157
-1766
-3128
-2933
-2706
-3371
-3729
-2976
-2017
-1725
-1843
-1940
-1778
-977
261
1005
1250
1935
2898
2935
2295
2453
3474
4090
3806
3074
2165
1455
1261
976
-106
-1096
-920
-555
-1412
-2818
-3432
-3547
-3873
-3913
-3259
-2553
-2194
-1974
-2042
-2282
-1737
-333
477
326
614
1674
2099
1373
747
873
1183
1335
1338
830
-30
-389
-298
-773
-1607
-1767
-1330
-1393
-2022
-2346
-1654
120
1777
1700
-27
-663
1002
2787
2522
1743
2466
3783
3817
2941
2524
2504
2282
1457
183
-799
-453
420
-211
-2225
-3296
-2746
-2448
-3089
-3277
-2418
-1479
-1066
-992
-1196
-1288
-399
1122
1861
1883
2472
3346
3046
2098
2265
3348
3776
3252
2344
1214
356
263
93
-1097
-2121
-1652
-1003
-1910
-3498
-4103
-4021
-3965
-3570
-2757
-2270
-2049
-1573
-1315
-1540
-1150
238
1094
881
1093
2188
2628
1808
963
812
980
1217
1304
679
-456
-1061
-973
-1167
-1811
-2079
-1939
-1972
-2288
-2381
-2223
-1091
1010
2301
1241
-235
577
2613
3171
2385
2666
4017
4654
3993
3279
2962
2834
2432
1273
-251
-644
346
505
-1316
-3216
-3363
-2808
-2975
-3328
-3062
-2516
-1961
-1317
-1114
-1505
-1330
109
1470
1738
1856
2573
2908
2323
2028
2812
3793
3912
3017
1415
63
-57
459
-13
-1336
-1802
-1288
-1446
-2683
-3829
-4202
-3987
-3273
-2475
-2245
-2300
-1740
-973
-1018
-1274
-477
748
1004
833
1421
2233
2164
1383
691
412
647
1088
926
-94
-1032
-1208
-1142
-1420
-1783
-1956
-2177
-2235
-2081
-1992
-1961
-584
1708
2629
1259
168
1141
2633
2894
2596
3191
4137
4459
3879
3135
2660
2649
2243
765
-695
-495
590
195
-1783
-3241
-3280
-2974
-2944
-2956
-2961
-2843
-2131
-1224
-1146
-1559
-1102
302
1277
1451
1670
2163
2215
1898
2089
3003
3800
3633
2378
727
-127
234
737
270
-722
-1092
-901
-1189
-2219
-3356
-3769
-3283
-2368
-1861
-1907
-1895
-1460
-1203
-1444
-1443
-649
264
552
643
1023
1357
1200
638
133
82
552
968
812
205
-417
-839
-932
-702
-552
-919
-1465
-1444
-1240
-1513
-1722
-245
2167
2975
1298
-437
-95
1429
2146
1826
1941
2891
3661
3221
2289
1822
1877
1478
360
-363
260
1412
1213
-591
-2362
-2648
-1881
-1302
-1466
-1928
-1968
-1330
-682
-886
-1643
-1651
-412
754
790
381
596
979
851
838
1734
2812
2778
1551
99
-494
137
1097
985
-108
-561
92
227
-1075
-2534
-2773
-2048
-1304
-893
-870
-1092
-1249
-1385
-1786
-2010
-1280
-99
256
-193
-271
130
192
-410
-965
-945
-377
332
711
392
-427
-945
-663
-9
225
-39
-281
-213
-393
-920
-663
1525
3907
3695
946
-843
177
1983
2104
1106
1063
2144
2859
2275
1157
490
484
218
-682
-1121
-43
1262
641
-1563
-2921
-2334
-1122
-614
-856
-1226
-1087
-213
514
-31
-1139
-935
686
1667
1171
591
864
1012
553
517
1528
2528
2332
982
-565
-1153
-410
564
362
-570
-713
-40
-106
-1362
-2624
-2840
-2078
-1003
-290
-342
-776
-1026
-1222
-1632
-1584
-536
637
769
167
-75
164
293
-135
-781
-998
-391
438
645
33
-782
-1210
-1046
-480
-92
-221
-587
-683
-979
-1611
-1433
924
3663
3742
1013
-1010
-236
1595
2061
1347
1392
2589
3609
3137
1819
950
1045
1077
365
-200
493
1491
881
-1203
-2739
-2502
-1394
-885
-1305
-1893
-1741
-865
-385
-1118
-2081
-1694
-80
942
594
26
273
684
575
629
1666
2934
3007
1718
202
-340
341
1350
1421
539
12
471
659
-534
-2226
-2808
-2021
-947
-529
-821
-1363
-1777
-2118
-2533
-2506
-1478
-106
233
-563
-1080
-642
-88
-410
-1161
-1207
-196
880
1137
550
-293
-660
-209
584
851
459
58
-25
-482
-1261
-1013
1362
3808
3606
865
-1188
-592
1052
1475
788
899
2246
3302
2614
1033
218
688
1150
631
-138
239
1191
878
-874
-2240
-1956
-825
-320
-760
-1356
-1361
-748
-347
-864
-1612
-1294
7
679
17
-670
-307
368
423
437
1268
2272
2325
1305
55
-496
43
1188
1623
881
169
360
506
-403
-1644
-2061
-1488
-581
-88
-357
-1201
-1837
-1894
-1824
-1785
-1204
-197
132
-564
-1233
-1157
-766
-760
-1088
-1207
-665
92
397
28
-595
-765
-166
692
954
416
-201
-251
-185
-515
-622
801
3221
4118
2300
-367
-997
398
1648
1532
1287
1991
2943
2719
1311
178
204
948
1140
438
-135
228
433
-607
-2070
-2313
-1294
-412
-632
-1365
-1721
-1331
-615
-458
-1016
-1264
-462
550
456
-369
-502
262
816
855
1209
2003
2333
1658
594
-94
-3
768
1471
1165
232
-110
230
7
-1042
-1899
-1809
-1113
-557
-491
-951
-1664
-2032
-1868
-1527
-1064
-422
23
-180
-730
-946
-730
-555
-623
-727
-508
-18
336
207
-293
-626
-291
505
853
268
-635
-928
-676
-582
-608
-79
1374
2819
2745
942
-930
-916
650
1975
2161
2096
2386
2546
2032
1288
939
1079
1518
1637
948
127
33
87
-707
-1837
-1851
-934
-606
-1347
-2072
-2137
-1703
-1131
-845
-1084
-1350
-907
-189
-257
-691
-258
794
1217
1149
1632
2333
2219
1366
799
816
1136
1574
1585
838
110
230
536
-84
-1144
-1617
-1529
-1310
-1061
-906
-1349
-2155
-2485
-2076
-1420
-854
-568
-755
-1135
-1140
-696
-434
-577
-656
-433
-28
337
432
152
-144
71
696
1052
700
-67
-701
-974
-735
-87
405
364
157
778
1718
1551
32
-1120
-484
1130
2174
2154
1761
1481
1420
1427
1440
1463
1670
1742
1116
135
-65
448
388
-617
-1326
-1001
-546
-761
-1412
-1862
-1915
-1433
-679
-492
-1087
-1536
-1090
-439
-299
-138
465
889
769
865
1596
2101
1740
1036
705
770
1022
1231
991
414
243
622
644
-191
-1107
-1295
-959
-628
-527
-769
-1368
-1851
-1692
-1060
-649
-662
-909
-1214
-1314
-1094
-778
-756
-1047
-1183
-867
-315
-72
-335
-687
-606
-116
296
253
-175
-628
-770
-405
343
825
536
-96
141
1554
2591
1868
78
-593
499
1952
2391
2002
1548
1340
1336
1391
1403
1345
1245
836
42
-394
144
706
21
-1397
-1848
-1132
-499
-703
-1319
-1753
-1704
-1003
-301
-432
-1120
-1175
-427
63
127
482
982
804
407
907
1927
2116
1265
378
94
341
889
1108
557
-102
7
416
29
-941
-1410
-1221
-930
-625
-310
-379
-932
-1375
-1266
-833
-404
-158
-398
-926
-1081
-659
-315
-584
-1026
-1005
-597
-249
-266
-583
-911
-909
-506
-48
49
-205
-375
-305
-130
45
150
84
-73
351
1636
2515
1763
65
-494
587
1817
2112
1851
1571
1251
1070
1125
1137
959
921
892
338
-239
27
496
-133
-1327
-1412
-519
-113
-556
-1038
-1306
-1417
-915
-71
31
-611
-717
-19
288
53
238
817
868
623
1013
1541
1155
222
-189
-12
327
798
949
221
-694
-627
-14
-174
-901
-964
-347
-1
-40
-9
-89
-493
-779
-565
-119
154
167
-215
-814
-1054
-747
-519
-835
-1347
-1424
-1106
-919
-1201
-1640
-1744
-1350
-804
-437
-286
-267
-293
-398
-473
-341
127
715
968
801
1061
1912
2104
944
-79
564
1938
2307
1632
957
559
435
704
1100
1051
798
874
665
-328
-876
-50
791
352
-385
-328
-175
-587
-893
-606
-315
-89
470
700
-194
-1167
-787
169
261
22
413
687
115
-350
-79
136
-89
-42
280
96
-252
14
220
-535
-1129
-302
761
580
-61
60
498
458
311
391
343
141
269
500
153
-447
-503
-323
-688
-1247
-1257
-1035
-1366
-1955
-2035
-1729
-1660
-1734
-1543
-1179
-1026
-774
-237
-32
-356
-298
472
951
724
647
1058
1116
510
467
1611
2428
1780
533
4
153
414
537
395
26
99
820
1075
274
-358
250
1045
755
265
826
1588
1300
587
414
348
185
473
1041
952
362
272
316
-461
-1331
-934
37
-47
-866
-1196
-1166
-1452
-1543
-911
-371
-434
-528
-491
-886
-1384
-887
261
631
226
440
1237
1265
546
317
842
1361
1609
1642
1117
126
-395
-81
163
-181
-388
-289
-787
-1921
-2471
-2093
-1803
-2054
-2075
-1636
-1518
-1856
-1934
-1593
-1208
-707
173
792
505
109
585
1223
964
398
605
1189
1154
700
829
1428
1334
338
-700
-939
-325
545
778
120
-527
-202
592
664
260
631
1748
2215
1535
873
1094
1589
1712
1676
1687
1514
1208
877
378
-146
-91
513
500
-641
-1760
-1783
-1365
-1617
-2108
-1866
-1150
-955
-1358
-1703
-1735
-1439
-815
-254
-264
-493
-46
800
900
395
588
1580
2016
1511
1068
1250
1527
1410
1001
504
118
123
352
118
-709
-1272
-1130
-1073
-1763
-2425
-2125
-1409
-1380
-1857
-1923
-1618
-1483
-1293
-689
-21
354
682
802
242
-294
348
1552
1695
870
474
636
292
-568
-928
-218
876
1171
72
-1691
-2331
-1213
145
292
-148
89
852
1166
860
699
1316
2441
3015
2483
1801
2098
2791
2557
1628
1204
1400
1404
854
49
-631
-768
-425
-596
-1803
-2794
-2304
-1380
-1622
-2401
-2319
-1745
-1753
-1925
-1384
-623
-355
-308
-248
-463
-458
481
1491
1318
749
1208
1967
1499
378
200
960
1545
1530
974
-27
-826
-765
-302
-341
-698
-686
-586
-1092
-1901
-2158
-1685
-1023
-703
-713
-724
-638
-577
-582
-504
-237
186
639
820
477
-6
23
404
352
-210
-494
-241
-199
-732
-1090
-573
187
142
-724
-1466
-1204
-137
799
995
714
677
1176
1729
1889
2035
2664
3315
3007
1920
1445
2064
2635
2259
1483
973
602
166
-294
-804
-1207
-973
-355
-646
-2043
-2913
-2243
-1254
-1147
-1357
-1149
-1002
-1276
-1268
-692
-209
-58
112
173
-100
-71
623
995
391
-170
261
872
665
19
-276
-183
97
440
373
-324
-884
-638
-80
37
-134
-175
-205
-440
-673
-599
-163
379
527
97
-435
-497
-234
-168
-344
-388
-149
85
-75
-675
-1194
-1007
-369
-196
-758
-1281
-1197
-1002
-1220
-1492
-1135
-112
720
520
-573
-1323
-674
824
1764
1730
1517
1652
1857
1807
1776
2167
2799
3020
2366
1377
1117
1692
1976
1289
376
125
367
287
-379
-1084
-1178
-572
-56
-470
-1490
-1915
-1326
-627
-558
-790
-806
-766
-907
-924
-600
-181
20
-89
-462
-812
-673
-158
7
-392
-613
-196
231
16
-526
-679
-280
270
538
354
-49
-200
69
409
502
472
567
652
426
47
-24
250
354
30
-265
-212
-103
-278
-638
-870
-845
-596
-346
-446
-858
-1027
-776
-647
-946
-1162
-869
-469
-458
-721
-911
-786
-151
617
654
-142
-689
-167
739
1071
1004
1018
1031
986
1182
1571
1807
1874
1862
1552
1030
988
1573
1858
1380
902
961
1095
834
404
141
111
381
751
562
-331
-1029
-838
-312
-194
-402
-614
-920
-1331
-1444
-1185
-983
-1013
-1094
-1233
-1475
-1523
-1217
-949
-1014
-1100
-861
-529
-449
-529
-470
-156
288
612
625
431
370
618
977
1127
970
694
558
539
452
328
349
437
327
42
-201
-395
-579
-609
-460
-407
-572
-737
-837
-996
-1057
-761
-390
-455
-837
-994
-854
-735
-728
-757
-799
-632
-101
227
-297
-1173
-1176
-206
607
683
493
409
391
575
1077
1558
1758
1904
2021
1762
1391
1655
2383
2600
2221
2038
2142
1901
1308
989
1080
1255
1395
1258
444
-687
-1073
-566
-191
-517
-1078
-1504
-1946
-2245
-2037
-1617
-1550
-1808
-2032
-2180
-2219
-1913
-1408
-1211
-1305
-1120
-615
-337
-398
-295
135
540
712
731
612
411
422
773
1126
1155
954
768
591
388
341
518
674
536
188
-77
-140
-120
-121
-180
-302
-426
-453
-378
-344
-416
-475
-495
-634
-891
-1027
-942
-875
-986
-1188
-1384
-1525
-1385
-893
-578
-848
-1300
-1245
-769
-384
-111
275
628
787
1002
1411
1782
2040
2380
2684
2706
2732
3110
3462
3264
2827
2702
2733
2524
2178
1902
1536
1062
758
547
47
-649
-1010
-980
-1048
-1394
-1829
-2278
-2700
-2771
-2340
-1889
-1921
-2279
-2488
-2415
-2128
-1649
-1168
-1007
-1116
-1122
-918
-739
-641
-424
-121
48
80
97
45
-75
31
517
1028
1110
769
414
367
665
1127
1427
1314
894
590
682
968
1064
883
586
304
108
54
37
-176
-541
-748
-753
-896
-1322
-1745
-1936
-1968
-1933
-1891
-2004
-2300
-2387
-1955
-1373
-1163
-1253
-1212
-913
-484
96
779
1301
1569
1843
2245
2623
2960
3377
3692
3630
3441
3561
3839
3746
3256
2832
2597
2323
1969
1611
1178
683
341
130
-285
-945
-1404
-1461
-1475
-1699
-1948
-2093
-2275
-2474
-2430
-2142
-1936
-1977
-2100
-2186
-2209
-2073
-1767
-1522
-1524
-1598
-1510
-1331
-1248
-1200
-1003
-690
-457
-342
-234
-78
130
451
888
1260
1393
1390
1458
1631
1836
2042
2162
2037
1740
1582
1604
1501
1153
801
561
278
-65
-323
-546
-909
-1304
-1537
-1718
-2019
-2294
-2379
-2413
-2527
-2568
-2439
-2324
-2302
-2112
-1589
-1007
-684
-580
-443
-105
463
1159
1762
2104
2266
2467
2757
3025
3249
3480
3625
3531
3308
3207
3208
3031
2628
2267
2046
1817
1484
1097
685
264
-30
-163
-360
-759
-1155
-1346
-1469
-1698
-1938
-2066
-2171
-2334
-2419
-2358
-2313
-2410
-2556
-2634
-2625
-2511
-2302
-2134
-2099
-2053
-1853
-1593
-1422
-1256
-920
-459
-77
181
432
739
1077
1441
1810
2081
2205
2251
2317
2367
2361
2356
2348
2177
1801
1435
1222
1012
658
267
-47
-348
-693
-1011
-1295
-1585
-1838
-1982
-2094
-2263
-2397
-2379
-2286
-2227
-2140
-1950
-1745
-1613
-1454
-1098
-550
-69
131
129
253
704
1305
1764
2017
2171
2307
2457
2634
2819
2982
3136
3213
3068
2762
2592
2628
2573
2276
1977
1819
1619
1233
800
466
226
55
-129
-491
-1004
-1362
-1449
-1565
-1886
-2181
-2297
-2431
-2698
-2896
-2904
-2856
-2863
-2885
-2918
-2928
-2775
-2453
-2180
-2045
-1852
-1483
-1108
-863
-617
-215
285
735
1029
1194
1371
1663
1986
2182
2257
2308
2334
2265
2139
2021
1920
1809
1629
1323
934
623
448
251
-75
-405
-621
-806
-1035
-1262
-1431
-1538
-1591
-1627
-1738
-1910
-1952
-1784
-1611
-1589
-1584
-1456
-1284
-1154
-965
-614
-226
11
111
226
495
913
1357
1685
1885
2046
2248
2456
2610
2756
2935
3067
3019
2813
2632
2581
2552
2389
2097
1771
1473
1182
863
506
143
-180
-474
-820
-1257
-1669
-1928
-2085
-2291
-2567
-2802
-2939
-3026
-3080
-3053
-2959
-2863
-2789
-2708
-2586
-2370
-2033
-1635
-1295
-1062
-852
-574
-260
32
341
697
1037
1268
1387
1472
1585
1744
1922
2055
2060
1967
1872
1804
1702
1550
1414
1308
1165
948
702
455
212
-14
-212
-401
-607
-799
-964
-1140
-1337
-1499
-1596
-1652
-1681
-1667
-1633
-1607
-1583
-1518
-1395
-1218
-984
-718
-439
-138
146
359
515
743
1120
1547
1863
2024
2100
2175
2300
2468
2627
2733
2764
2685
2469
2192
1994
1914
1828
1616
1268
860
481
178
-72
-343
-663
-989
-1287
-1567
-1846
-2086
-2239
-2333
-2423
-2539
-2649
-2710
-2695
-2606
-2467
-2317
-2182
-2077
-1985
-1827
-1555
-1213
-912
-710
-556
-368
-106
187
453
672
881
1101
1279
1387
1469
1595
1755
1861
1882
1852
1802
1745
1680
1597
1490
1364
1199
970
694
459
310
159
-82
-372
-616
-779
-903
-1028
-1170
-1331
-1464
-1512
-1506
-1493
-1457
-1369
-1262
-1187
-1107
-951
-739
-527
-314
-60
223
445
565
645
820
1137
1486
1713
1769
1751
1764
1839
1954
2057
2091
2017
1842
1614
1417
1302
1223
1079
824
509
203
-66
-309
-528
-728
-906
-1086
-1297
-1531
-1728
-1827
-1854
-1896
-1989
-2086
-2132
-2117
-2052
-1944
-1818
-1701
-1615
-1539
-1422
-1226
-974
-731
-534
-350
-136
90
278
432
608
825
1050
1221
1314
1371
1450
1553
1629
1645
1610
1553
1484
1401
1310
1216
1103
951
757
543
352
214
98
-57
-254
-432
-551
-640
-738
-842
-933
-1010
-1072
-1105
-1104
-1068
-1006
-940
-888
-837
-763
-648
-510
-364
-197
1
205
347
411
483
652
889
1074
1150
1172
1203
1239
1271
1302
1327
1327
1281
1149
950
777
703
675
578
380
135
-89
-267
-393
-485
-583
-708
-859
-1023
-1185
-1295
-1319
-1304
-1325
-1376
-1411
-1424
-1432
-1410
-1318
-1167
-1025
-930
-869
-798
-668
-459
-220
-29
106
232
356
455
537
644
775
889
967
1013
1034
1041
1048
1046
1035
1024
1003
948
853
750
679
625
549
442
322
209
109
10
-108
-222
-292
-322
-370
-458
-557
-627
-669
-694
-703
-689
-655
-623
-622
-642
-619
-519
-376
-264
-206
-159
-91
23
153
238
267
305
402
507
548
536
538
573
618
652
661
632
573
505
443
387
357
341
294
186
48
-76
-167
-221
-251
-295
-387
-497
-569
-600
-624
-649
-658
-671
-705
-729
-715
-681
-639
-563
-455
-371
-332
-296
-233
-156
-75
13
89
129
164
210
247
264
277
303
323
333
359
412
455
463
439
408
399
428
461
459
424
394
384
375
346
301
267
256
241
188
114
68
56
43
-1
-61
-120
-177
-232
-275
-302
-306
-296
-303
-350
-396
-386
-329
-272
-239
-220
-214
-203
-166
-120
-93
-96
-104
-99
-87
-68
-37
-4
13
23
45
76
100
110
110
110
111
107
89
58
29
9
-23
-72
-126
-149
-150
-155
-168
-171
-151
-125
-113
-107
-92
-62
-18
24
54
79
112
161
212
240
243
234
219
211
218
241
266
268
231
167
100
62
63
90
116
115
98
75
50
34
52
97
133
137
120
90
57
41
50
69
71
58
28
-23
-72
-86
-65
-59
-91
-141
-185
-215
-228
-221
-200
-187
-188
-204
-229
-237
-214
-177
-154
-157
-169
-184
-206
-232
-250
-248
-240
-253
-290
-325
-328
-295
-247
-213
-195
-187
-173
-141
-93
-46
-12
7
11
7
15
37
56
56
45
40
33
29
38
63
82
95
117
144
170
202
244
279
301
331
383
431
458
483
514
532
532
521
512
506
514
525
513
471
427
394
361
324
300
288
272
242
204
155
108
83
79
66
22
-30
-78
-129
-183
-235
-280
-323
-359
-394
-434
-471
-489
-489
-492
-504
-507
-502
-490
-477
-462
-447
-435
-416
-402
-398
-389
-369
-353
-351
-343
-329
-317
-313
-303
-289
-287
-291
-286
-285
-288
-284
-264
-232
-199
-159
-114
-78
-44
4
65
123
169
215
250
275
289
300
309
314
315
313
304
284
269
274
297
329
357
380
397
418
449
480
510
546
584
618
640
644
636
624
616
616
620
617
591
550
497
442
388
335
290
240
175
95
21
-50
-130
-215
-284
-341
-404
-475
-545
-605
-646
-661
-673
-695
-716
-716
-708
-711
-705
-676
-638
-613
-596
-585
-580
-568
-532
-484
-449
-424
-397
-369
-343
-302
-245
-198
-173
-152
-124
-103
-94
-78
-50
-19
6
30
43
41
43
68
101
125
147
173
190
199
214
239
260
278
296
310
314
313
319
330
347
373
403
422
423
422
437
479
523
556
571
576
575
577
593
612
623
626
622
610
587
562
537
509
475
441
406
353
272
190
122
60
-5
-74
-153
-241
-323
-384
-437
-493
-548
-591
-631
-668
-699
-718
-733
-739
-734
-720
-707
-691
-673
-651
-629
-606
-580
-562
-547
-522
-480
-441
-410
-379
-341
-298
-256
-208
-155
-101
-57
-23
5
35
76
119
152
165
170
177
182
179
168
159
148
132
106
70
31
-2
-26
-47
-66
-76
-73
-57
-39
-20
10
55
103
156
214
278
344
406
461
498
526
557
590
618
640
652
650
633
605
577
548
523
508
489
454
409
365
329
297
268
239
209
176
132
83
39
10
-10
-37
-74
-113
-152
-190
-221
-251
-285
-330
-376
-419
-462
-502
-537
-572
-611
-648
-670
-680
-690
-695
-685
-666
-648
-622
-574
-513
-450
-385
-320
-258
-188
-106
-25
38
90
146
196
227
248
272
292
300
295
278
249
211
171
125
77
39
13
-14
-47
-84
-120
-141
-148
-143
-140
-137
-128
-107
-86
-63
-37
-8
26
66
103
138
174
214
250
277
304
339
378
409
433
448
455
452
452
461
466
464
459
453
436
419
403
383
358
333
321
303
266
217
172
132
91
58
21
-28
-90
-142
-192
-251
-307
-354
-398
-449
-494
-531
-569
-608
-636
-647
-653
-654
-647
-637
-626
-597
-543
-484
-438
-392
-332
-262
-194
-129
-70
-17
37
89
132
157
177
198
215
217
212
207
195
170
149
140
135
127
111
93
74
65
67
68
50
28
19
17
9
-4
-18
-28
-30
-30
-34
-50
-58
-52
-37
-16
11
31
40
43
60
89
123
158
184
197
209
230
250
262
279
308
335
346
345
343
342
345
348
344
328
308
287
254
215
180
153
126
89
43
-8
-53
-94
-130
-166
-199
-226
-259
-298
-331
-350
-355
-354
-358
-363
-367
-356
-334
-313
-292
-264
-232
-202
-178
-157
-128
-93
-59
-31
-7
21
51
80
103
119
138
158
168
170
165
166
171
173
165
146
122
98
79
62
46
26
-2
-36
-71
-101
-123
-143
-162
-176
-187
-196
-210
-222
-227
-215
-199
-188
-183
-176
-165
-149
-132
-111
-88
-65
-44
-21
-8
5
31
62
82
89
102
123
138
147
158
168
174
179
181
179
175
174
178
174
160
145
138
131
119
103
92
79
61
37
12
-6
-14
-22
-33
-48
-65
-73
-71
-75
-83
-84
-80
-79
-78
-73
-64
-57
-43
-17
7
18
29
43
61
82
110
137
149
154
163
168
164
160
162
166
154
132
112
89
66
48
33
9
-19
-39
-55
-79
-105
-120
-124
-134
-147
-157
-162
-167
-164
-152
-145
-151
-153
-144
-139
-141
-137
-122
-115
-121
-123
-120
-119
-115
-106
-97
-92
-86
-78
-75
-74
-67
-47
-27
-13
-2
10
16
23
33
44
58
71
80
84
84
87
96
105
110
112
107
97
86
79
72
67
62
55
45
34
27
24
22
19
21
24
27
31
36
39
44
54
63
65
68
78
91
97
100
106
110
114
121
124
123
116
112
109
104
97
90
84
74
67
57
40
21
8
0
-11
-24
-32
-38
-46
-62
-76
-88
-99
-107
-109
-115
-125
-141
-155
-163
-175
-185
-190
-193
-195
-200
-207
-216
-225
-228
-221
-213
-209
-204
-194
-185
-175
-163
-146
-123
-99
-78
-68
-59
-44
-22
-1
17
36
54
64
67
68
73
83
94
102
104
101
98
100
100
104
115
128
136
135
129
128
139
149
157
159
166
173
173
170
173
179
185
186
179
171
167
170
171
166
162
158
154
149
142
139
135
127
120
113
105
95
88
83
79
73
58
41
27
22
17
5
-13
-37
-58
-75
-89
-101
-120
-141
-160
-180
-202
-224
-242
-254
-265
-274
-282
-292
-306
-316
-315
-312
-309
-307
-302
-303
-300
-290
-276
-258
-247
-235
-225
-215
-202
-182
-163
-147
-133
-117
-103
-89
-75
-58
-39
-20
-5
6
20
43
67
88
109
128
147
167
189
209
228
247
262
269
275
284
299
312
319
320
318
314
311
310
309
304
301
298
290
278
266
259
249
241
234
227
217
206
197
188
176
163
157
153
139
121
105
89
69
50
29
5
-21
-44
-71
-104
-135
-157
-173
-195
-222
-244
-264
-286
-305
-315
-323
-335
-344
-352
-361
-368
-369
-367
-370
-376
-371
-361
-357
-352
-346
-340
-331
-319
-302
-289
-279
-265
-247
-233
-221
-207
-188
-168
-145
-126
-109
-94
-73
-48
-21
6
39
69
91
110
132
166
203
237
260
279
297
314
331
348
366
384
398
403
400
393
391
391
392
388
378
363
346
334
324
317
311
300
282
266
250
234
222
215
207
189
168
145
123
103
87
74
55
23
-8
-33
-52
-69
-86
-106
-131
-154
-175
-195
-210
-220
-226
-236
-256
-274
-286
-293
-295
-292
-289
-291
-299
-308
-310
-309
-302
-291
-284
-292
-301
-297
-285
-274
-265
-253
-244
-243
-243
-238
-227
-208
-189
-175
-170
-169
-156
-136
-113
-90
-70
-54
-42
-30
-13
10
40
72
103
125
138
149
165
188
209
232
250
257
257
261
274
291
302
306
306
305
303
299
301
309
313
312
308
302
289
280
274
271
263
249
230
208
190
177
165
147
122
99
73
45
21
3
-12
-32
-55
-76
-96
-117
-131
-142
-154
-166
-176
-186
-197
-201
-201
-202
-207
-213
-216
-214
-212
-209
-205
-202
-199
-194
-192
-193
-192
-186
-180
-173
-167
-163
-163
-161
-157
-151
-145
-137
-130
-122
-116
-112
-110
-103
-94
-85
-78
-71
-67
-61
-48
-30
-16
-9
-4
3
9
16
27
42
55
64
73
83
92
101
109
119
133
148
161
173
184
197
209
219
227
236
241
246
252
257
256
253
249
244
237
224
213
200
184
166
149
129
109
91
71
53
34
16
-2
-24
-38
-47
-57
-72
-90
-105
-114
-118
-119
-121
-124
-126
-127
-130
-135
-134
-134
-136
-139
-138
-134
-131
-125
-118
-116
-118
-116
-113
-113
-111
-105
-98
-93
-90
-88
-86
-85
-82
-78
-77
-76
-73
-74
-81
-84
-82
-78
-77
-76
-77
-80
-81
-77
-74
-73
-66
-58
-52
-48
-46
-37
-25
-12
5
23
33
41
53
68
86
107
129
146
159
167
173
181
192
200
213
222
221
217
212
206
201
196
191
180
167
151
136
124
113
99
83
68
51
36
19
7
-5
-18
-27
-35
-41
-52
-62
-73
-82
-88
-91
-95
-100
-102
-100
-102
-105
-104
-99
-94
-90
-84
-76
-71
-66
-60
-51
-44
-37
-27
-20
-18
-15
-9
-8
-9
-9
-12
-17
-24
-30
-36
-47
-58
-62
-69
-79
-90
-101
-113
-123
-128
-127
-130
-137
-138
-134
-131
-129
-121
-112
-104
-96
-85
-69
-56
-45
-30
-15
1
20
41
62
78
94
110
124
135
145
157
167
176
181
182
180
178
177
177
178
177
173
162
152
143
133
126
117
113
107
93
75
60
49
43
34
23
10
-2
-12
-19
-24
-29
-33
-35
-39
-41
-42
-39
-35
-33
-31
-27
-23
-18
-11
-6
2
9
11
12
14
13
13
14
10
4
-6
-15
-23
-31
-42
-54
-65
-77
-90
-101
-113
-126
-135
-140
-147
-155
-164
-169
-174
-175
-175
-174
-172
-172
-169
-165
-159
-151
-139
-126
-116
-106
-97
-86
-70
-55
-38
-23
-7
7
20
33
47
61
76
89
99
106
111
119
126
129
132
138
141
139
136
133
128
126
123
116
108
102
96
91
81
73
64
57
53
50
46
39
40
47
50
51
50
52
54
58
65
72
75
79
82
85
82
82
85
90
90
85
82
77
73
72
71
64
53
44
33
21
7
0
-7
-20
-35
-50
-65
-78
-87
-94
-102
-111
-126
-141
-153
-157
-159
-162
-168
-171
-175
-177
-179
-179
-176
-174
-168
-162
-154
-145
-132
-122
-113
-100
-87
-74
-62
-50
-35
-20
-10
2
12
22
34
46
52
55
55
60
64
68
70
71
69
67
62
56
53
54
56
56
50
44
44
45
46
48
49
49
49
49
52
54
58
61
64
66
67
67
68
70
74
79
82
81
80
78
81
84
87
90
88
86
85
83
82
78
74
68
61
56
49
44
36
28
13
-3
-17
-27
-36
-48
-61
-73
-87
-99
-108
-118
-128
-137
-142
-147
-155
-161
-163
-161
-159
-155
-151
-149
-147
-144
-137
-125
-116
-109
-103
-92
-80
-68
-58
-49
-36
-28
-22
-17
-9
-3
7
17
23
27
30
33
39
42
47
52
58
60
60
60
65
73
76
81
81
79
79
79
82
84
82
79
76
76
71
70
73
76
72
69
71
73
75
78
84
89
91
91
93
96
101
106
107
106
106
104
102
101
97
94
87
80
69
60
49
39
30
18
6
-6
-21
-35
-47
-58
-73
-84
-92
-101
-111
-122
-132
-141
-150
-156
-159
-162
-166
-171
-170
-169
-170
-170
-167
-163
-156
-150
-146
-145
-141
-134
-128
-117
-105
-96
-87
-77
-67
-58
-47
-37
-27
-17
-7
1
10
15
22
33
43
50
55
61
65
70
69
68
70
73
74
73
71
68
65
65
67
67
66
65
68
67
66
69
78
83
87
91
96
99
99
106
111
112
112
111
112
113
115
116
112
107
103
98
92
87
85
79
71
60
49
39
30
20
11
3
-9
-23
-34
-43
-53
-64
-74
-84
-96
-105
-111
-117
-125
-132
-138
-144
-148
-150
-149
-148
-150
-149
-146
-140
-135
-127
-121
-115
-107
-98
-90
-83
-73
-60
-49
-39
-29
-18
-10
-4
4
15
23
30
35
39
44
48
52
54
51
53
55
56
55
54
52
49
47
46
49
48
45
44
43
44
46
47
51
54
57
60
60
63
66
71
73
75
77
79
79
78
79
77
78
78
77
77
73
72
71
66
60
53
47
40
32
26
18
7
-3
-12
-23
-32
-42
-49
-58
-67
-75
-81
-91
-100
-105
-109
-114
-117
-117
-121
-127
-130
-128
-125
-123
-120
-115
-111
-104
-96
-90
-85
-76
-68
-60
-52
-43
-34
-26
-17
-9
-2
7
15
21
28
32
35
38
42
45
45
45
45
46
44
42
41
40
35
33
34
32
27
27
26
27
26
27
29
29
30
31
34
34
37
39
43
48
53
56
57
61
67
71
74
75
78
80
82
85
85
84
82
81
79
77
73
70
65
58
55
51
44
36
26
14
4
-7
-17
-25
-34
-44
-54
-61
-68
-76
-83
-90
-92
-95
-100
-107
-113
-117
-116
-113
-114
-115
-114
-110
-103
-95
-91
-86
-79
-71
-62
-57
-51
-45
-38
-31
-25
-21
-14
-3
4
8
9
10
12
12
14
18
20
20
19
16
15
13
13
14
13
9
8
7
5
7
5
6
8
10
13
15
15
17
20
25
29
34
39
40
43
46
50
53
58
64
68
70
71
75
77
78
78
78
77
76
76
76
74
70
64
58
53
48
43
36
29
23
14
5
1
-5
-14
-22
-30
-36
-44
-51
-56
-60
-64
-70
-74
-76
-79
-78
-77
-77
-73
-71
-67
-63
-59
-54
-47
-40
-34
-27
-22
-19
-18
-11
-5
1
5
8
10
12
11
10
10
10
10
9
5
1
-3
-4
-5
-7
-10
-11
-11
-11
-15
-17
-17
-16
-18
-20
-21
-20
-18
-16
-16
-15
-15
-13
-10
-5
-2
2
5
10
13
18
23
28
33
36
39
42
45
47
50
54
56
58
60
61
60
60
59
60
57
53
51
48
41
32
28
24
18
13
7
-1
-8
-12
-18
-24
-31
-35
-39
-42
-45
-47
-46
-43
-41
-38
-36
-35
-32
-28
-27
-27
-25
-22
-20
-19
-16
-11
-10
-12
-12
-11
-8
-7
-7
-8
-10
-11
-9
-11
-13
-15
-16
-18
-19
-21
-24
-28
-28
-29
-29
-30
-33
-33
-33
-33
-35
-34
-33
-33
-35
-33
-32
-30
-29
-26
-18
-13
-8
-6
-2
2
8
15
23
30
35
38
41
46
50
55
59
63
66
67
69
69
72
73
76
74
71
68
67
64
60
60
55
49
42
38
34
30
26
21
19
14
11
6
0
-1
-2
-4
-8
-9
-9
-12
-15
-15
-16
-18
-20
-19
-20
-19
-18
-17
-15
-15
-18
-18
-17
-16
-17
-20
-20
-20
-20
-23
-26
-26
-24
-26
-28
-29
-33
-36
-37
-40
-44
-47
-49
-51
-56
-59
-57
-57
-61
-62
-60
-59
-58
-54
-52
-51
-50
-47
-45
-42
-39
-31
-24
-23
-21
-16
-8
-3
2
8
12
18
23
26
29
33
40
43
46
47
48
51
54
56
57
56
56
55
53
50
51
54
54
52
47
45
42
41
40
40
39
36
33
30
28
25
27
28
26
23
19
16
16
16
18
18
14
12
11
12
14
13
13
14
12
10
8
7
5
5
2
-1
-6
-8
-10
-12
-15
-19
-21
-24
-30
-35
-39
-43
-44
-48
-52
-55
-59
-61
-61
-63
-62
-63
-65
-64
-64
-65
-62
-58
-55
-54
-51
-48
-44
-43
-38
-28
-23
-17
-16
-12
-7
-4
1
7
12
15
16
20
24
25
28
32
33
31
32
34
36
33
32
36
37
34
35
38
38
37
37
36
31
29
31
34
34
31
29
26
25
27
30
31
32
30
28
26
28
32
32
30
32
32
31
32
33
32
32
31
28
25
21
18
16
11
8
5
1
-6
-12
-18
-23
-26
-30
-33
-38
-44
-50
-52
-54
-58
-59
-63
-68
-67
-71
-73
-74
-72
-69
-69
-72
-71
-68
-65
-61
-56
-53
-51
-46
-41
-35
-29
-24
-19
-15
-10
-6
-2
4
9
14
18
22
24
26
28
31
34
34
35
38
40
39
39
41
43
42
41
40
41
41
40
39
40
40
39
39
40
38
41
40
40
40
39
39
39
40
40
43
45
43
41
42
43
41
38
36
33
33
32
28
24
23
22
19
15
11
4
-2
-7
-8
-13
-19
-25
-32
-36
-40
-44
-49
-51
-55
-61
-65
-67
-70
-74
-77
-79
-77
-77
-75
-75
-74
-72
-68
-66
-64
-59
-56
-54
-50
-46
-39
-34
-30
-24
-21
-16
-13
-9
-3
1
7
10
13
16
17
22
26
29
31
32
31
30
31
32
35
39
40
38
36
34
36
39
41
39
35
33
33
37
40
43
44
42
42
43
44
46
48
51
52
50
49
48
53
57
57
55
52
50
49
46
42
40
37
31
24
21
19
16
8
-2
-12
-23
-31
-35
-41
-48
-53
-62
-68
-74
-81
-83
-83
-84
-91
-99
-102
-97
-90
-89
-91
-96
-94
-87
-78
-72
-70
-63
-55
-50
-46
-39
-26
-16
-5
-3
-2
-2
6
18
29
32
34
38
45
50
51
52
51
50
50
50
48
43
39
36
35
31
28
31
33
32
28
25
25
25
22
17
8
2
4
14
27
37
42
38
31
28
34
44
49
45
38
36
40
48
56
62
69
75
75
64
49
42
47
54
52
40
20
4
-1
-2
-7
-18
-30
-42
-55
-69
-78
-82
-82
-87
-101
-118
-125
-118
-100
-97
-103
-116
-121
-114
-104
-96
-90
-90
-90
-85
-80
-74
-66
-51
-36
-26
-17
-5
9
19
26
33
37
43
51
55
53
52
55
60
63
60
57
61
70
75
71
59
43
34
35
37
29
13
-3
-9
-4
9
16
11
-4
-19
-26
-22
-13
-1
6
5
2
3
11
24
30
33
38
45
56
66
69
66
64
76
96
104
89
64
52
62
86
105
103
78
47
28
28
35
34
24
6
-14
-22
-22
-22
-31
-40
-43
-48
-61
-82
-95
-97
-91
-89
-100
-120
-130
-129
-128
-129
-131
-128
-124
-115
-106
-92
-69
-44
-33
-38
-41
-27
-1
16
20
19
16
12
16
31
46
47
36
32
38
46
43
37
31
30
29
20
5
1
15
22
24
18
27
61
124
128
25
-110
-164
-112
-27
6
-24
-53
-54
-15
26
58
49
-2
-70
-109
-94
-36
28
73
95
96
108
134
146
124
112
142
180
161
81
0
-12
51
117
117
60
4
-4
30
68
81
47
-19
-99
-141
-94
8
63
-6
-119
-133
-48
46
82
31
-79
-158
-142
-102
-108
-149
-178
-154
-110
-98
-133
-155
-123
-64
-43
-41
-23
-6
-32
-60
-9
96
159
124
79
101
148
144
96
58
58
65
46
25
39
41
-14
-82
-110
-79
-23
-12
-38
-52
-65
-101
-118
-97
-79
-43
2
12
-37
-73
-54
-17
53
118
79
-40
-57
35
72
28
32
91
102
65
18
1
16
42
36
15
54
128
119
59
56
47
-18
-22
94
177
107
-8
-23
20
10
-23
20
95
62
-59
-111
-42
43
38
-56
-115
-57
34
19
-88
-111
-13
38
-60
-120
0
119
18
-164
-145
22
124
77
-12
-51
-16
52
74
34
1
47
91
48
-33
-4
124
145
-14
-154
-76
102
112
-41
-127
-82
-34
-53
-81
-69
-21
0
-87
-240
-241
-10
160
49
-151
-157
-40
-31
-138
-148
12
115
20
-123
-117
-28
1
-23
-30
-10
16
34
28
13
7
16
17
19
53
84
79
75
90
53
-33
-54
40
143
160
108
38
-6
-25
-34
11
120
158
49
-63
-40
31
37
23
42
57
28
-15
-31
-11
24
38
25
8
9
26
44
48
18
-29
-42
-2
54
93
90
44
6
5
16
30
64
111
98
17
-31
4
53
49
18
13
17
-14
-68
-75
-23
-2
-50
-95
-80
-62
-91
-133
-152
-156
-149
-121
-98
-93
-91
-89
-115
-150
-152
-110
-62
-39
-51
-81
-110
-119
-85
-24
9
-14
-34
-20
2
4
-6
3
20
44
77
102
90
57
43
59
89
122
137
115
72
52
59
65
59
60
65
67
68
80
86
63
30
13
26
45
54
54
49
31
10
20
58
84
79
73
87
98
76
44
45
71
81
68
57
62
75
84
85
73
51
34
38
47
45
32
7
-24
-42
-41
-33
-35
-47
-57
-63
-75
-98
-125
-150
-175
-175
-146
-118
-120
-145
-174
-189
-178
-158
-138
-127
-129
-143
-155
-155
-142
-131
-134
-139
-134
-110
-70
-45
-48
-56
-50
-35
-27
-15
15
41
42
38
47
54
63
84
112
116
101
99
115
128
118
98
96
109
119
122
121
124
113
93
86
94
104
105
97
85
77
74
72
67
67
77
87
83
74
80
98
102
88
80
89
95
85
62
50
50
53
56
54
43
30
19
5
-23
-49
-60
-58
-56
-65
-81
-96
-108
-119
-126
-127
-119
-110
-107
-120
-139
-151
-154
-149
-143
-143
-148
-155
-163
-166
-158
-142
-130
-136
-152
-158
-149
-136
-118
-105
-101
-93
-65
-33
-10
3
17
31
32
38
56
73
79
77
81
94
106
113
110
102
101
113
121
110
92
89
100
104
99
105
122
133
123
104
103
117
123
116
112
118
122
112
100
95
98
99
95
84
74
68
66
60
42
28
26
32
32
18
5
-7
-13
-16
-17
-17
-18
-24
-37
-53
-58
-54
-58
-77
-95
-101
-97
-95
-99
-111
-119
-123
-124
-129
-136
-141
-143
-142
-145
-147
-141
-135
-136
-140
-136
-125
-119
-117
-116
-107
-88
-76
-72
-71
-65
-54
-42
-35
-25
-5
15
25
26
28
39
56
71
74
73
75
84
88
89
91
96
101
101
98
98
104
105
95
88
93
102
104
98
93
93
92
87
79
71
69
71
72
70
64
60
63
70
72
65
59
55
52
47
42
37
33
25
18
16
21
21
8
-5
-12
-13
-19
-33
-47
-59
-68
-79
-90
-97
-101
-102
-105
-107
-107
-107
-110
-113
-113
-108
-102
-100
-100
-101
-101
-94
-85
-75
-74
-74
-72
-64
-60
-60
-58
-48
-33
-25
-22
-19
-15
-10
-3
6
15
23
29
35
43
50
52
56
60
65
67
67
66
68
70
71
67
61
56
52
47
43
40
39
36
31
33
41
49
49
44
43
45
46
48
52
52
49
44
44
47
54
59
58
55
46
38
36
36
33
25
14
7
-2
-12
-24
-28
-24
-24
-31
-35
-34
-37
-45
-55
-59
-57
-52
-48
-49
-53
-56
-57
-56
-55
-53
-51
-55
-62
-67
-68
-65
-60
-58
-54
-51
-50
-47
-45
-40
-38
-35
-29
-22
-17
-9
-4
1
4
6
10
16
19
13
10
11
14
16
13
15
17
18
19
18
18
21
23
26
26
24
25
24
22
22
20
22
27
29
25
22
22
23
26
29
32
36
36
32
25
22
22
27
30
29
28
25
23
23
23
25
26
30
34
31
26
22
19
14
11
11
12
8
3
-2
-7
-12
-15
-14
-12
-16
-21
-22
-21
-27
-31
-29
-25
-25
-31
-32
-35
-39
-38
-36
-32
-26
-19
-17
-20
-20
-17
-13
-11
-6
4
11
6
1
-2
-3
-1
-3
-1
3
4
-1
-6
-10
-14
-14
-10
-7
-10
-14
-17
-21
-27
-29
-26
-20
-15
-14
-15
-16
-18
-15
-9
-3
3
6
4
-3
-9
-8
0
6
7
11
12
11
8
5
9
14
19
24
32
36
34
27
21
21
30
34
35
37
35
29
23
23
29
32
30
27
25
22
15
10
11
10
10
11
9
4
-1
-6
-8
-4
1
4
3
-1
-3
-5
-6
-6
-4
-4
-2
-2
-4
-10
-15
-13
-8
-3
-1
-2
-3
-6
-11
-16
-17
-13
-11
-14
-20
-29
-30
-29
-31
-32
-30
-24
-19
-21
-25
-27
-28
-27
-26
-22
-15
-11
-10
-11
-11
-13
-14
-11
-4
-1
-3
-7
-11
-11
-9
-6
-3
-3
-4
-2
3
6
5
3
6
9
9
10
12
15
18
20
21
23
24
25
27
28
27
27
26
24
21
20
21
21
19
15
13
11
11
11
8
7
4
0
-1
1
2
-1
-3
-4
-2
1
2
2
4
2
3
3
2
1
1
2
2
6
7
6
6
5
5
4
4
6
7
5
2
-3
-8
-8
-7
-7
-5
-5
-8
-10
-13
-16
-16
-14
-13
-14
-18
-20
-20
-21
-20
-20
-19
-16
-16
-17
-18
-17
-19
-20
-20
-19
-17
-15
-12
-14
-13
-13
-10
-5
-1
-1
-1
-2
-2
0
1
4
11
16
18
15
14
12
12
14
16
18
16
16
13
11
8
9
12
15
13
13
14
13
14
11
9
11
9
7
6
7
5
4
6
10
12
15
14
15
10
7
8
9
9
6
8
8
9
5
3
2
0
2
1
-1
-3
-3
-4
-8
-13
-15
-12
-11
-13
-15
-12
-8
-9
-12
-14
-15
-16
-16
-15
-13
-12
-10
-13
-16
-16
-12
-11
-15
-17
-17
-14
-13
-16
-19
-18
-15
-13
-12
-9
-7
-5
-5
-5
0
6
7
4
3
4
7
6
7
6
4
3
6
6
8
12
15
14
13
14
17
15
9
8
12
17
20
21
24
27
25
22
23
25
26
24
23
19
16
17
18
18
18
16
15
14
11
7
8
5
4
1
-2
-2
0
-1
-6
-7
-9
-8
-10
-10
-9
-11
-14
-16
-14
-15
-17
-17
-19
-21
-21
-19
-19
-21
-22
-23
-24
-25
-25
-24
-24
-25
-27
-25
-22
-23
-26
-29
-26
-23
-22
-20
-17
-15
-11
-10
-10
-10
-9
-8
-5
-4
-1
-1
0
2
1
5
8
12
10
8
8
7
7
8
11
18
20
22
21
20
23
27
30
29
23
22
21
19
17
17
18
19
18
19
22
25
23
20
18
19
20
21
20
16
13
11
10
11
13
10
8
5
4
3
0
-1
-3
-4
-4
-3
-2
-1
-4
-6
-8
-10
-11
-12
-13
-15
-15
-17
-18
-15
-15
-15
-15
-14
-18
-21
-21
-20
-16
-15
-15
-16
-17
-17
-17
-16
-14
-10
-7
-5
-5
-5
-6
-7
-7
-4
-4
-6
-5
-5
-6
-5
-5
-3
1
4
5
5
5
6
6
4
6
10
9
8
7
6
6
8
8
8
6
8
12
12
11
8
8
6
3
2
3
4
4
3
5
7
9
9
10
10
8
8
7
6
5
4
5
5
5
4
4
4
4
3
2
0
-2
-2
-2
-1
-5
-10
-11
-14
-15
-13
-12
-12
-12
-13
-14
-15
-15
-15
-14
-17
-19
-18
-18
-17
-16
-14
-15
-13
-11
-13
-12
-11
-9
-9
-9
-7
-5
-3
0
1
4
5
4
6
9
10
8
7
8
7
5
4
7
7
8
8
7
7
10
10
9
9
10
11
9
9
11
13
14
13
14
14
18
19
17
18
21
21
21
15
12
11
11
8
9
11
11
10
7
8
10
12
9
7
6
4
6
5
2
2
3
2
0
-3
-3
-2
-2
-3
-2
-1
-1
-2
-5
-7
-7
-7
-8
-10
-13
-11
-11
-15
-16
-15
-16
-14
-16
-20
-18
-14
-15
-18
-16
-13
-11
-11
-12
-10
-11
-11
-9
-7
-5
-6
-6
-5
-3
-4
-5
-4
-4
-6
-7
-6
-6
-7
-9
-9
-7
-6
-6
-7
-7
-7
-9
-9
-9
-6
-4
-3
0
0
-3
-4
-6
-4
0
4
7
7
5
4
4
5
5
7
8
7
6
7
8
10
9
9
13
17
19
18
18
17
17
17
18
17
