-2
0
1
0
1
5
5
5
6
5
4
3
1
3
4
3
4
4
2
4
4
6
5
5
6
5
2
2
4
6
5
1
0
1
1
0
2
4
1
-3
-2
1
1
0
-1
-1
-2
-2
0
-1
0
0
0
-2
-2
-1
1
1
1
2
1
1
0
1
-2
-1
1
1
2
1
-1
-1
-2
-1
1
2
2
2
1
3
3
2
3
4
5
6
6
5
2
2
2
-1
2
1
1
-1
0
0
-1
-4
-4
-3
-4
-5
-5
-6
-6
-6
-4
-4
-4
-4
-3
-4
-5
-5
-5
-2
-2
-1
-2
0
3
5
3
1
1
2
2
-1
-2
0
-1
0
1
1
0
0
3
4
3
2
3
3
3
2
3
1
1
2
3
0
-2
-2
-1
-1
-2
-2
-2
-3
-1
-2
-3
-3
-3
-3
-3
-6
-3
-1
0
2
2
0
0
3
2
1
0
2
1
-1
-1
-1
0
-2
-3
-3
-3
-2
-1
-1
-2
-4
-6
-5
-6
-5
-3
-4
-3
-1
-1
0
2
2
4
2
2
1
-1
-2
-2
-2
-1
2
2
3
2
-1
0
2
4
5
2
2
5
4
5
7
7
6
6
6
7
6
5
4
4
1
4
5
5
5
5
4
3
1
-1
2
2
2
1
1
-2
-3
1
0
-3
-3
-2
-4
-3
-5
-6
-7
-7
-6
-6
-5
-5
-8
-7
-6
-5
-4
-3
-5
-2
0
1
0
-1
2
2
2
1
2
4
5
6
7
7
7
5
3
2
4
6
5
2
-1
-1
0
1
-1
-1
0
0
-1
-6
-6
-6
-6
-4
-4
-4
-4
-4
-4
-3
-3
-4
-6
-5
-6
-7
-8
-5
-5
-4
-6
-4
0
1
-1
-3
-2
-2
1
0
1
1
1
2
4
4
5
5
5
5
6
6
5
6
8
9
9
5
5
6
4
2
3
5
5
5
5
3
2
1
2
1
2
3
2
0
-2
-5
-5
-2
0
0
-4
-6
-5
-4
-4
-4
-4
-5
-1
-2
-2
-3
-3
-2
-4
-4
-2
-1
-1
1
4
3
1
-3
-2
0
1
0
1
0
-1
-1
-1
0
1
1
1
2
1
2
3
0
-2
-2
-1
0
1
-1
-1
0
-2
-3
-3
-4
-5
-4
-4
-6
-5
-5
-2
-3
-2
-3
-3
-2
-2
-3
-3
-2
-3
-3
0
1
1
2
3
3
3
3
4
4
3
3
3
5
5
6
7
6
3
4
5
5
5
6
6
7
6
7
6
2
1
3
2
2
5
5
4
3
4
5
2
0
2
1
-1
0
0
-1
-1
-1
-2
-3
-4
-4
-6
-6
-4
-4
-4
-7
-10
-8
-6
-6
-6
-5
-4
-4
-4
-3
-5
-6
-7
-5
-4
-3
-3
0
-1
-3
-1
-2
-4
-4
-3
-3
-3
-4
-2
-2
-3
-1
-1
0
0
1
4
4
3
2
3
4
3
3
4
5
5
7
9
7
4
6
8
7
5
4
3
4
2
1
0
1
0
2
3
0
0
0
0
1
0
1
-1
-4
-4
-2
-2
-3
-1
-1
-4
-5
-5
-1
0
-1
-1
0
-2
-1
0
-3
-3
-1
1
2
2
2
4
4
1
2
2
2
3
3
2
1
-1
-2
-1
0
-1
-2
-1
-2
-2
-4
-5
-4
-1
-1
-3
-1
0
1
0
-1
-1
1
0
-1
0
-1
0
-1
0
-1
-3
-1
-1
-2
-4
-3
0
1
2
1
-1
-1
0
2
2
0
2
1
2
3
4
3
0
2
2
3
1
0
2
3
2
3
3
3
1
1
1
0
0
3
5
3
2
3
2
0
1
1
4
4
2
2
3
0
0
0
0
0
-1
-2
-2
1
0
-1
-1
-1
-1
-3
-2
0
0
-1
-1
-2
-3
-2
-2
-3
-4
-4
-2
-1
-2
-1
0
0
1
1
0
-1
-3
-3
-1
0
1
-1
-2
-1
-1
-1
-3
-5
-5
-4
-3
-1
2
1
-1
-2
-4
-6
-4
-2
-2
-1
-3
-1
0
-2
-4
-3
-2
-2
-2
-1
-2
-1
-3
-2
-1
-2
-3
-2
-1
0
-1
-1
0
2
2
1
2
0
1
0
1
0
0
2
3
4
5
4
5
5
6
8
9
7
9
11
11
7
6
9
8
7
4
5
4
3
4
5
6
1
0
1
1
0
-2
0
-1
-1
-2
-2
-2
-3
-2
-3
-2
-1
-1
2
-2
-4
-4
-4
-4
-3
-3
-4
-2
-1
-1
-2
-3
-5
-5
-6
-6
-6
-6
-4
-3
-5
-4
-3
-3
-3
-1
0
-1
-3
-1
-2
0
-1
2
3
2
-1
-2
1
2
0
2
1
0
0
1
1
1
0
-1
0
0
0
0
-1
-2
-5
-4
-2
-1
1
1
0
-1
-1
-1
0
0
0
0
1
0
0
0
2
1
0
1
0
0
1
2
1
1
0
0
0
1
1
3
3
-2
-2
1
2
-1
0
0
-1
2
5
7
4
4
4
5
3
1
3
4
4
4
5
5
1
0
0
3
-1
-4
-2
-2
-2
-3
-2
-3
-4
-2
0
1
0
-2
-3
1
1
1
0
0
1
-1
-2
-1
-1
-1
-1
1
0
0
-1
1
0
-1
-1
-2
0
-1
-1
1
-1
1
1
0
-1
-2
-1
2
3
3
2
1
1
0
1
-1
-1
-2
-2
-3
-4
-4
-2
0
3
2
0
0
2
3
3
6
6
5
3
4
3
6
8
6
3
3
4
0
-1
-2
-2
-3
-1
-2
-5
-7
-8
-7
-8
-11
-13
-13
-12
-13
-12
-13
-11
-10
-10
-8
-6
-7
-5
-3
-3
-2
-2
-3
-3
-2
1
0
-2
-2
1
1
0
1
4
4
3
4
6
7
10
12
9
8
11
11
11
11
9
10
12
11
10
10
11
12
14
11
9
7
8
7
6
5
2
0
2
2
1
-4
-7
-5
-6
-5
-4
-4
-3
-3
-8
-10
-7
-7
-8
-8
-7
-6
-7
-8
-11
-13
-12
-11
-8
-7
-6
-7
-4
-1
-1
-3
-5
-6
-5
-3
0
0
-1
1
4
6
7
9
6
4
6
8
11
13
16
15
12
11
13
15
16
16
14
13
12
14
12
12
9
7
6
6
8
9
7
5
3
0
0
-2
-4
-5
-9
-13
-15
-11
-7
-6
-12
-18
-22
-22
-18
-13
-13
-19
-25
-30
-30
-26
-24
-25
-26
-30
-29
-25
-19
-13
-8
-7
-8
-6
1
8
14
17
17
15
13
15
24
34
38
39
41
39
39
41
41
37
30
22
14
16
25
38
49
49
41
28
18
14
16
19
20
19
20
20
21
24
25
19
4
-8
-15
-19
-19
-19
-27
-40
-56
-72
-80
-90
-99
-107
-112
-116
-121
-130
-142
-153
-159
-157
-149
-141
-137
-138
-141
-138
-129
-116
-111
-114
-121
-120
-104
-73
-32
4
25
42
59
95
150
210
249
256
242
228
232
263
307
345
361
365
365
379
399
410
394
344
283
234
214
211
209
186
136
75
22
-2
2
11
10
-13
-52
-92
-126
-152
-181
-216
-250
-274
-279
-263
-242
-237
-259
-310
-373
-429
-463
-468
-457
-445
-440
-444
-450
-452
-447
-441
-446
-460
-471
-462
-433
-391
-355
-339
-345
-344
-312
-227
-83
102
276
389
432
437
439
461
509
563
600
636
696
797
913
1001
1012
933
805
675
585
551
550
534
469
361
239
139
91
81
76
54
26
12
24
54
71
43
-30
-120
-189
-212
-183
-124
-72
-54
-80
-145
-221
-292
-361
-432
-501
-560
-605
-622
-614
-604
-616
-653
-702
-743
-764
-759
-734
-703
-668
-629
-581
-523
-458
-396
-346
-308
-282
-253
-209
-150
-90
-44
-22
-18
-25
-13
19
51
72
81
97
144
242
381
535
653
688
665
632
631
679
758
822
849
859
893
966
1046
1083
1043
933
798
689
634
632
643
604
497
338
178
61
16
16
11
-16
-51
-70
-77
-85
-123
-205
-316
-415
-462
-437
-358
-259
-177
-153
-200
-294
-392
-472
-536
-586
-619
-631
-618
-584
-540
-526
-562
-636
-716
-777
-805
-796
-763
-725
-691
-660
-629
-601
-573
-541
-489
-417
-335
-255
-179
-124
-104
-111
-128
-136
-119
-61
23
107
176
224
249
250
231
200
167
162
208
318
476
658
811
893
908
888
861
845
857
879
899
926
972
1027
1065
1060
995
875
742
615
517
451
394
312
201
76
-54
-159
-211
-222
-222
-215
-195
-173
-164
-180
-228
-312
-405
-476
-501
-469
-390
-288
-189
-123
-109
-143
-208
-298
-398
-491
-556
-577
-557
-509
-458
-437
-459
-505
-564
-621
-667
-695
-700
-684
-650
-599
-546
-503
-475
-460
-449
-424
-377
-308
-217
-129
-61
-27
-18
-25
-28
1
63
131
190
231
254
254
230
179
99
8
-65
-87
-38
80
238
402
534
605
623
610
595
601
636
692
766
859
965
1067
1134
1145
1098
1006
902
806
735
685
638
570
470
337
198
78
-9
-66
-100
-119
-123
-129
-140
-157
-195
-250
-308
-350
-370
-357
-313
-249
-177
-124
-118
-159
-237
-332
-421
-500
-573
-623
-638
-621
-597
-580
-588
-639
-711
-774
-826
-867
-885
-879
-861
-823
-769
-717
-674
-636
-601
-566
-514
-439
-342
-218
-77
40
115
154
173
180
182
188
195
206
218
222
220
194
138
53
-40
-116
-157
-133
-36
114
270
423
553
607
601
602
634
691
784
917
1057
1186
1308
1413
1462
1427
1319
1176
1044
945
885
856
806
690
517
320
125
-38
-140
-192
-218
-222
-204
-168
-128
-116
-185
-312
-432
-514
-541
-485
-370
-283
-250
-240
-256
-321
-407
-476
-551
-648
-723
-748
-729
-703
-695
-713
-773
-878
-985
-1052
-1085
-1103
-1101
-1061
-999
-941
-886
-836
-803
-772
-704
-593
-453
-306
-166
-37
86
203
289
323
326
307
294
326
393
431
419
396
355
276
191
128
76
11
-38
-12
87
216
363
571
758
802
781
809
876
963
1127
1315
1441
1517
1613
1716
1761
1719
1570
1357
1157
976
833
771
719
569
354
140
-94
-330
-462
-495
-530
-578
-583
-562
-541
-545
-589
-668
-770
-876
-925
-860
-743
-642
-533
-416
-370
-426
-505
-553
-607
-686
-743
-757
-755
-751
-718
-669
-703
-824
-929
-975
-997
-1006
-980
-916
-839
-754
-650
-554
-520
-522
-473
-351
-223
-111
30
176
277
365
440
455
415
389
395
416
440
454
449
440
411
341
252
177
106
37
-4
9
70
188
377
629
868
965
957
964
996
1035
1134
1260
1305
1300
1360
1470
1522
1482
1345
1101
817
597
463
397
354
259
85
-134
-358
-563
-670
-673
-664
-689
-677
-602
-510
-431
-402
-463
-589
-705
-751
-701
-582
-447
-317
-197
-147
-202
-303
-391
-482
-589
-647
-666
-708
-736
-691
-637
-667
-760
-855
-935
-981
-948
-858
-767
-683
-577
-473
-399
-358
-328
-278
-183
-56
87
233
371
483
575
639
629
529
423
372
343
312
279
242
179
99
33
-39
-162
-302
-403
-446
-455
-431
-336
-144
69
275
520
701
749
774
839
920
1009
1124
1239
1348
1458
1555
1607
1603
1508
1311
1097
940
797
669
612
541
368
143
-46
-214
-368
-455
-461
-451
-448
-415
-339
-277
-296
-383
-480
-579
-677
-692
-594
-462
-342
-230
-168
-203
-299
-413
-514
-606
-715
-827
-881
-870
-844
-821
-812
-859
-970
-1065
-1081
-1046
-998
-934
-849
-759
-688
-633
-556
-460
-382
-310
-197
-84
-6
93
235
339
353
317
269
210
156
140
147
131
89
48
31
6
-55
-137
-198
-234
-253
-234
-144
35
258
471
720
965
1085
1130
1213
1297
1333
1376
1471
1575
1663
1753
1841
1869
1792
1619
1401
1189
972
759
621
535
394
204
49
-65
-200
-318
-369
-407
-472
-508
-474
-428
-429
-466
-515
-583
-677
-746
-728
-664
-617
-568
-490
-448
-497
-590
-671
-756
-875
-1008
-1094
-1120
-1128
-1106
-1033
-985
-1018
-1079
-1093
-1073
-1062
-1036
-961
-862
-781
-700
-593
-495
-427
-347
-233
-128
-69
-16
85
210
291
315
323
309
258
218
215
209
155
106
95
83
54
17
-5
5
19
41
141
335
541
733
965
1166
1249
1283
1353
1429
1476
1531
1617
1708
1789
1870
1939
1948
1845
1642
1396
1171
956
741
571
449
303
116
-33
-145
-289
-421
-482
-528
-608
-668
-658
-626
-634
-672
-725
-797
-887
-958
-964
-946
-958
-957
-920
-893
-893
-909
-928
-958
-1032
-1109
-1139
-1160
-1175
-1147
-1097
-1040
-982
-939
-877
-797
-732
-669
-599
-519
-437
-370
-283
-183
-112
-56
22
103
160
205
265
333
379
412
454
463
433
405
374
332
276
222
170
116
71
27
-29
-65
-64
-43
5
100
255
453
644
854
1046
1130
1169
1238
1303
1374
1483
1589
1688
1773
1845
1889
1863
1737
1525
1254
985
752
546
397
288
154
1
-148
-294
-437
-560
-645
-715
-787
-816
-786
-730
-681
-664
-691
-736
-786
-836
-848
-841
-849
-843
-823
-820
-830
-841
-856
-894
-954
-1031
-1096
-1114
-1101
-1066
-1016
-975
-923
-854
-776
-683
-603
-546
-488
-431
-363
-272
-163
-58
33
117
194
254
294
333
377
407
427
440
439
429
399
361
314
249
175
108
40
-40
-111
-171
-231
-272
-273
-259
-222
-140
12
225
454
674
887
1036
1098
1145
1216
1301
1398
1501
1611
1720
1800
1876
1930
1892
1730
1468
1174
916
715
580
488
390
260
96
-67
-193
-324
-469
-584
-680
-757
-774
-727
-671
-657
-692
-759
-845
-939
-1014
-1035
-1033
-1039
-1048
-1041
-1031
-1034
-1020
-995
-1006
-1054
-1104
-1122
-1080
-1017
-949
-865
-810
-777
-714
-620
-532
-466
-442
-432
-400
-344
-265
-148
-22
91
173
233
273
268
249
258
273
283
290
306
339
368
396
422
416
361
266
152
39
-61
-129
-162
-177
-207
-229
-195
-105
59
294
570
821
1011
1132
1184
1226
1287
1349
1438
1556
1662
1770
1894
2036
2127
2087
1886
1564
1193
867
652
518
399
271
123
-38
-195
-360
-537
-711
-869
-1000
-1099
-1129
-1077
-980
-881
-821
-832
-897
-983
-1066
-1119
-1130
-1127
-1113
-1088
-1057
-999
-925
-868
-834
-841
-873
-894
-886
-839
-768
-695
-632
-585
-526
-450
-378
-321
-291
-282
-288
-283
-237
-148
-45
64
188
294
339
328
296
290
298
299
306
307
313
355
438
528
564
519
422
298
152
18
-109
-228
-320
-415
-503
-489
-395
-228
49
371
651
857
964
994
1016
1055
1136
1270
1410
1544
1704
1886
2066
2191
2177
1979
1632
1228
866
607
457
350
234
101
-71
-285
-488
-674
-862
-1034
-1177
-1288
-1332
-1283
-1167
-1013
-889
-853
-891
-960
-1019
-1027
-1007
-1002
-1012
-1025
-1008
-913
-737
-538
-377
-293
-311
-387
-472
-537
-566
-552
-507
-419
-296
-174
-79
-42
-102
-244
-404
-505
-526
-442
-254
6
279
487
565
515
381
246
168
131
121
141
210
309
404
467
424
261
31
-247
-499
-690
-828
-892
-886
-873
-805
-641
-354
71
640
1316
1936
2323
2434
2339
2170
1977
1766
1642
1609
1654
1786
1997
2245
2310
1980
1275
338
-599
-1395
-1863
-1883
-1614
-1260
-937
-690
-506
-441
-459
-502
-547
-558
-455
-137
360
880
1258
1338
1064
533
-107
-703
-1122
-1333
-1434
-1514
-1601
-1661
-1694
-1766
-1893
-2029
-2105
-2066
-1804
-1277
-603
48
466
651
652
492
309
176
184
340
483
613
701
634
415
78
-259
-544
-766
-850
-760
-530
-292
-119
-50
-115
-267
-419
-488
-410
-191
51
212
268
149
-143
-489
-790
-959
-988
-909
-752
-399
270
1281
2549
3837
4727
4958
4585
3774
2845
1965
1247
880
845
1054
1446
1801
1814
1121
-298
-2101
-3820
-4892
-5027
-4217
-2747
-1150
157
928
1165
1022
760
668
846
1339
2085
2892
3532
3663
3097
1887
242
-1491
-2917
-3723
-3890
-3622
-3179
-2864
-2914
-3361
-4000
-4472
-4525
-4044
-2927
-1189
841
2651
3871
4372
4158
3294
2166
1203
645
588
829
1183
1414
1153
306
-994
-2393
-3458
-3930
-3620
-2653
-1359
-154
669
1131
1166
818
402
216
474
1077
1828
2573
2996
2818
1911
476
-1038
-2355
-3335
-3764
-3616
-3045
-2458
-2099
-1787
-1464
-1008
-46
1616
3768
5459
6296
6548
6158
5189
3724
2332
1609
1255
1185
1406
1680
1623
463
-1618
-3950
-5964
-7076
-7130
-5870
-3634
-1382
368
1471
2079
2190
1976
1993
2389
2980
3568
4142
4584
4441
3393
1531
-679
-2766
-4336
-5148
-5230
-4665
-3984
-3728
-3913
-4293
-4584
-4657
-4245
-3077
-1283
940
3194
4992
5945
5768
4640
2941
1244
68
-407
-194
357
828
871
214
-999
-2468
-3810
-4516
-4316
-3210
-1525
245
1614
2285
2273
1739
1004
479
458
953
1729
2479
2836
2521
1450
-262
-2184
-3879
-4946
-5203
-4678
-3592
-2393
-1434
-703
-69
653
1828
3627
5717
7197
7752
7590
6753
5325
3514
1898
839
213
-23
-6
40
-244
-1468
-3487
-5593
-7121
-7689
-7203
-5409
-2764
-215
1789
3204
4056
4238
3971
3694
3557
3556
3605
3595
3423
2824
1488
-558
-2818
-4713
-6031
-6645
-6411
-5591
-4743
-4133
-3747
-3541
-3321
-2880
-2029
-708
1098
3236
5171
6431
6751
5885
4090
1946
-5
-1354
-1961
-1750
-1197
-794
-651
-1007
-1862
-2944
-3814
-4004
-3402
-1999
-118
1640
3015
3693
3545
2853
2019
1345
912
852
1174
1484
1429
908
-252
-1842
-3499
-4845
-5594
-5530
-4622
-3294
-1940
-591
699
1891
3288
4955
6644
7819
8055
7461
6128
4502
2888
1322
254
-261
-486
-652
-972
-1392
-2396
-4047
-5658
-6889
-7175
-6444
-4777
-2356
99
2211
3569
4170
4454
4410
4213
4032
3847
3581
2984
2200
1236
-129
-1767
-3434
-4872
-5830
-6242
-6060
-5422
-4575
-3698
-3036
-2521
-1950
-1283
-433
708
2147
3746
5192
6119
6229
5378
3802
1927
88
-1367
-2276
-2600
-2427
-2071
-1755
-1705
-1928
-2258
-2663
-2755
-2224
-1132
306
1684
2825
3513
3555
3138
2428
1739
1277
915
664
452
188
-257
-1186
-2252
-3290
-4305
-5034
-5274
-4771
-3769
-2607
-1100
576
2357
4321
6018
7472
8093
7594
6238
4158
2360
927
-151
-346
-170
147
131
-557
-1409
-2915
-4618
-5922
-6614
-5986
-4652
-2617
-138
1943
3573
4188
4222
4126
3693
3486
3419
3446
3312
2432
1265
-233
-1936
-3493
-4858
-5583
-5755
-5477
-4813
-3995
-2958
-2158
-1712
-1354
-979
-356
501
1768
3266
4574
5634
5987
5572
4325
2411
469
-1335
-2550
-3167
-3264
-2802
-2329
-1944
-1908
-2112
-2182
-2373
-2176
-1473
-408
968
2127
3069
3468
3224
2688
1817
1132
699
337
175
-109
-510
-1237
-2286
-3201
-4109
-4737
-4968
-4837
-4217
-3377
-2220
-722
986
3173
5441
7464
8839
8878
7883
5813
3372
1264
-390
-895
-599
156
990
1072
595
-780
-2943
-5004
-6624
-6909
-5968
-4013
-1140
1542
3703
4758
4705
4231
3393
2783
2553
2639
2929
2753
2063
848
-872
-2693
-4496
-5736
-6153
-5894
-5066
-3899
-2583
-1519
-956
-779
-817
-829
-544
171
1493
3115
4572
5502
5618
4720
2867
608
-1543
-3085
-3712
-3552
-2821
-1795
-1001
-781
-1063
-1600
-2229
-2631
-2435
-1515
-21
1631
2998
3776
3762
2910
1540
264
-529
-701
-363
175
510
321
-545
-1849
-3222
-4362
-5064
-5088
-4387
-3331
-1962
-316
1482
3209
4904
6401
7479
7802
7148
5659
3800
2031
447
-582
-735
-254
350
656
513
-65
-1429
-3233
-4808
-5619
-5236
-3965
-1825
744
2910
4298
4566
4248
3649
2859
2303
2002
1980
1864
1254
334
-941
-2388
-3869
-5278
-6001
-5984
-5323
-4190
-2836
-1459
-521
-135
-69
-251
-402
-228
487
1643
2910
4174
4947
4699
3423
1353
-1004
-3085
-4321
-4596
-3937
-2499
-1047
-19
347
44
-696
-1691
-2326
-2154
-1177
390
2074
3657
4445
4029
2786
1116
-353
-1283
-1503
-934
-167
361
208
-646
-1789
-3200
-4356
-4803
-4496
-3477
-2053
-423
1308
3015
4851
6165
7068
7412
6736
5359
3541
1883
501
-578
-888
-630
-82
373
408
252
-625
-2042
-3545
-4744
-4851
-3935
-2025
409
2621
4266
4738
4401
3710
2875
2228
1679
1300
957
352
-418
-1365
-2389
-3515
-4654
-5413
-5765
-5535
-4688
-3372
-1880
-659
210
715
834
698
600
829
1343
2056
2970
3623
3626
2801
1194
-817
-2762
-4035
-4609
-4338
-3143
-1615
-243
550
711
364
-505
-1385
-1680
-1132
81
1561
3076
3911
3763
2809
1287
-266
-1463
-1966
-1793
-1296
-786
-622
-867
-1551
-2520
-3290
-3694
-3578
-2895
-1755
-233
1505
3485
5493
7192
8361
8452
7325
5222
2891
880
-817
-1825
-1942
-1329
-486
120
564
404
-646
-2281
-4042
-5035
-4930
-3565
-1129
1670
4205
5540
5612
4927
3882
2988
2137
1544
1263
830
146
-811
-1818
-2978
-4399
-5584
-6313
-6411
-5845
-4734
-3074
-1398
-135
578
780
736
591
643
1086
1803
2794
3583
3761
3290
2109
311
-1796
-3520
-4496
-4752
-4216
-3025
-1509
-188
505
584
63
-817
-1544
-1547
-742
601
2235
3618
4191
3784
2570
1008
-525
-1633
-2112
-2009
-1543
-1127
-996
-1214
-1769
-2498
-3212
-3646
-3431
-2605
-1382
70
1894
4073
6190
7937
8945
8864
7578
5252
2746
556
-1130
-2039
-2171
-1584
-796
-76
434
232
-744
-2426
-4204
-5153
-4878
-3160
-502
2454
4944
6140
6094
5178
4015
2947
1977
1378
994
498
-260
-1183
-2131
-3375
-4796
-6024
-6778
-6829
-6188
-4825
-2907
-987
450
1179
1358
1191
913
809
1104
1916
2922
3568
3594
2951
1619
-377
-2599
-4342
-5331
-5504
-4850
-3463
-1729
-281
548
655
85
-806
-1460
-1309
-346
1190
2929
4238
4734
4233
2902
1170
-561
-1825
-2468
-2514
-2150
-1770
-1610
-1824
-2299
-2812
-3308
-3538
-3191
-2333
-1112
472
2524
4861
7123
9038
10109
9847
8190
5603
2953
618
-1166
-2073
-2077
-1452
-762
-246
-11
-389
-1520
-3315
-5061
-5789
-5110
-3084
-189
2969
5455
6471
6112
5017
3823
2787
1975
1573
1335
806
-97
-1134
-2229
-3563
-5047
-6334
-7114
-7190
-6477
-4963
-2920
-923
504
1168
1272
1072
803
733
1130
2060
3106
3729
3685
2893
1304
-908
-3125
-4796
-5698
-5704
-4785
-3167
-1408
-30
697
658
-131
-1211
-1778
-1329
52
1973
3919
5285
5567
4638
2818
753
-1000
-2144
-2608
-2453
-1928
-1499
-1556
-2082
-2855
-3617
-4199
-4373
-3831
-2731
-1272
566
2787
5159
7361
9144
10128
9781
8134
5715
3336
1288
-393
-1328
-1420
-935
-461
-302
-381
-955
-2263
-4118
-5680
-5977
-4928
-2784
23
2924
5081
5745
5216
4294
3514
2964
2583
2523
2484
1913
721
-699
-2101
-3609
-5167
-6371
-6883
-6711
-5951
-4589
-2782
-1070
-9
308
246
205
317
634
1402
2590
3640
4006
3651
2666
1029
-1061
-3103
-4529
-5168
-4994
-4034
-2530
-992
-44
189
-205
-1108
-1978
-2215
-1415
270
2314
4165
5261
5355
4286
2332
270
-1360
-2222
-2373
-2021
-1464
-1177
-1480
-2407
-3455
-4297
-4848
-4846
-4102
-2825
-1317
394
2352
4448
6542
8371
9731
10065
9013
6960
4660
2566
655
-791
-1358
-1068
-441
-118
-172
-612
-1738
-3575
-5500
-6242
-5374
-3326
-605
2278
4702
5833
5556
4665
3892
3468
3182
3082
3088
2677
1508
-202
-1935
-3592
-5171
-6423
-7036
-6882
-6147
-4972
-3505
-2044
-992
-654
-621
-565
-379
115
1118
2524
3738
4366
4171
3186
1583
-511
-2572
-3953
-4577
-4604
-3955
-2619
-1238
-330
-184
-831
-1857
-2870
-3255
-2489
-501
1953
3983
5293
5522
4583
2796
768
-766
-1484
-1451
-1047
-601
-443
-979
-2132
-3484
-4595
-5188
-5136
-4348
-3141
-1576
101
1570
2839
4107
5727
7547
9186
9753
9038
7514
5421
2922
490
-1120
-1580
-1303
-742
-259
27
-225
-1582
-3523
-5093
-5548
-4815
-3096
-488
2247
4411
5467
5459
5009
4405
3823
3380
3187
2860
1934
512
-1102
-2687
-4179
-5482
-6378
-6724
-6551
-5987
-4939
-3542
-2333
-1588
-1225
-1018
-858
-456
391
1535
2736
3678
4197
4123
3360
1848
-163
-2010
-3308
-4099
-4251
-3641
-2492
-1357
-756
-924
-1695
-2714
-3638
-3693
-2392
-102
2365
4441
5659
5668
4591
2781
934
-272
-672
-465
-8
335
91
-940
-2464
-4102
-5321
-5865
-5655
-4666
-3046
-1243
345
1659
2627
3367
4412
6181
8321
9781
9828
8612
6567
3995
1221
-903
-1700
-1395
-790
-421
-157
-171
-1085
-2897
-4768
-5663
-5450
-4354
-2329
506
3360
5094
5562
5394
4927
4138
3253
2724
2475
1923
734
-744
-1974
-3100
-4386
-5614
-6321
-6399
-6048
-5207
-3940
-2571
-1640
-1358
-1318
-1170
-795
-124
962
2379
3624
4414
4580
3986
2550
425
-1708
-3132
-3713
-3638
-2983
-1944
-1107
-1009
-1665
-2735
-3729
-4232
-3804
-2166
377
2968
4864
5734
5443
4131
2272
641
-119
15
522
896
901
309
-1077
-2971
-4800
-5935
-6183
-5694
-4521
-2730
-832
632
1457
1816
2040
2754
4523
7147
9669
10775
10029
7828
4869
1741
-730
-1896
-1771
-1053
-424
-56
2
-557
-2082
-4163
-5809
-6339
-5667
-3762
-753
2592
5090
6071
5810
4913
3794
2769
2282
2378
2402
1792
643
-606
-1931
-3454
-5014
-6100
-6394
-6028
-5170
-3951
-2601
-1655
-1417
-1624
-1804
-1654
-1082
4
1585
3292
4695
5328
4953
3590
1374
-1041
-2774
-3396
-3176
-2447
-1552
-1043
-1264
-2169
-3402
-4424
-4823
-4330
-2707
-135
2618
4709
5687
5365
3937
1989
316
-440
-184
599
1205
1287
731
-662
-2631
-4545
-5772
-6058
-5570
-4432
-2759
-1026
366
977
1117
1249
1953
3827
6667
9580
11106
10673
8535
5369
2060
-491
-1733
-1603
-726
181
768
876
218
-1609
-4055
-6195
-7152
-6581
-4564
-1309
2179
4820
5793
5273
4085
2706
1729
1620
2330
3120
3144
2229
660
-1233
-3249
-5163
-6321
-6438
-5737
-4610
-3374
-2237
-1648
-1784
-2452
-3111
-3232
-2551
-1039
1168
3636
5644
6482
5901
4052
1375
-1246
-2869
-3119
-2386
-1280
-471
-398
-1141
-2472
-3917
-4922
-5113
-4330
-2427
303
3020
4946
5589
4851
3121
1088
-440
-813
45
1407
2350
2421
1515
-325
-2751
-4945
-6167
-6095
-5122
-3733
-2248
-975
-243
-230
-375
-185
871
3146
6490
9861
11710
11199
8659
5141
1661
-986
-2121
-1459
155
1535
2039
1701
487
-1874
-4818
-7237
-8005
-6967
-4569
-1217
2234
4637
5060
3880
2322
1187
948
1836
3530
5136
5341
3830
1303
-1412
-3826
-5741
-6455
-5818
-4491
-3198
-2358
-1931
-2116
-3036
-4260
-5055
-4733
-3324
-1057
1807
4602
6415
6706
5636
3624
1161
-958
-1980
-1660
-526
433
611
-50
-1471
-3306
-4855
-5556
-5219
-3935
-1873
580
2795
4130
4194
3227
1709
65
-931
-665
777
2525
3562
3431
2124
-48
-2618
-4829
-5840
-5517
-4300
-2911
-1708
-1057
-1046
-1560
-2091
-2041
-923
1754
5731
9798
12048
11571
8871
5243
1616
-1085
-1943
-780
1355
2885
3314
2695
1111
-1668
-5158
-7879
-8745
-7601
-5006
-1456
2079
4118
3862
2039
239
-525
26
1948
4820
7164
7453
5472
2348
-797
-3486
-5325
-5772
-4707
-3009
-1717
-1186
-1397
-2439
-4328
-6282
-7191
-6480
-4353
-1358
1975
4867
6395
6186
4752
2877
997
-460
-852
-43
1247
1943
1585
289
-1628
-3696
-5259
-5653
-4800
-3196
-1283
586
1980
2472
1986
977
-96
-830
-907
-98
1566
3337
4177
3669
2050
-159
-2469
-4213
-4758
-4072
-2789
-1662
-1198
-1454
-2264
-3322
-3692
-3158
-1457
1369
5238
9124
11334
10889
8199
4716
1661
-338
-741
768
3077
4670
4511
2997
760
-2179
-5331
-7670
-8063
-6600
-4219
-1530
810
1973
1283
-511
-1766
-1429
345
3122
6226
8535
8566
5952
2138
-1221
-3337
-4283
-3976
-2477
-762
-50
-724
-2398
-4464
-6589
-8167
-8402
-6827
-3973
-902
1822
3771
4516
4024
2929
2031
1724
1791
2081
2662
3210
2892
1494
-386
-2191
-3503
-4060
-3739
-2775
-1713
-1030
-753
-647
-771
-1077
-1184
-856
-249
355
1019
1908
2792
3114
2591
1575
568
-440
-1325
-1823
-1718
-1481
-1698
-2229
-2788
-3249
-3700
-3715
-2934
-1525
175
2329
5149
7849
8891
7683
5433
3403
2068
1404
1799
3211
4572
4617
3173
1309
-485
-2530
-4758
-6167
-6196
-5319
-4083
-2639
-1257
-666
-1186
-1979
-1768
-278
1900
4368
6637
7656
6508
3793
1080
-590
-1193
-1174
-626
120
223
-853
-2734
-4562
-6057
-7212
-7686
-7097
-5503
-3477
-1513
192
1503
2243
2410
2453
2790
3151
3269
3348
3442
3197
2405
1326
269
-601
-1248
-1615
-1654
-1682
-2057
-2545
-2673
-2515
-2310
-1997
-1480
-903
-525
-376
-43
818
1843
2443
2558
2475
2115
1325
368
-331
-709
-1023
-1631
-2144
-2415
-2643
-2999
-3150
-2794
-2172
-1083
1018
3921
6454
7292
6311
4624
3124
2197
1950
2709
4219
5232
5031
3796
2150
297
-2019
-4313
-5784
-6058
-5484
-4447
-3041
-1887
-1717
-2388
-2944
-2466
-845
1522
4191
6375
7108
5967
3729
1739
604
302
564
1065
1249
544
-1015
-3001
-4916
-6473
-7540
-7782
-7165
-5870
-4270
-2665
-1124
79
955
1622
2269
2965
3500
3897
4245
4379
4096
3334
2458
1593
697
11
-505
-966
-1735
-2796
-3614
-3965
-3860
-3583
-3143
-2508
-2054
-1777
-1435
-662
693
2096
3111
3618
3717
3367
2550
1684
1036
482
-162
-981
-1725
-2165
-2684
-3299
-3663
-3590
-3227
-2469
-716
1876
4420
5679
5176
3875
2925
2663
3087
4194
5702
6764
6474
4893
2636
436
-1708
-3795
-5142
-5521
-5131
-4493
-3806
-3306
-3466
-4117
-4570
-3889
-1817
1034
3907
5991
6658
5780
4001
2445
1779
2012
2630
2973
2670
1500
-454
-2858
-5131
-6693
-7453
-7502
-6925
-5893
-4643
-3548
-2766
-2042
-1050
243
1612
2917
3979
4744
5220
5265
4822
4201
3569
2800
2035
1375
731
-135
-1412
-2883
-4095
-4729
-4914
-4663
-4002
-3407
-3098
-2872
-2374
-1299
320
1974
3162
3775
3839
3474
3008
2628
2302
1808
926
-301
-1353
-1991
-2468
-2824
-3182
-3531
-3746
-3308
-1840
525
3038
4309
3906
2856
2343
2855
4019
5392
6761
7358
6593
4572
2282
550
-1019
-2475
-3658
-4209
-4125
-4091
-4158
-4434
-4917
-5500
-5668
-4484
-1961
1142
3776
5185
5332
4338
2879
1989
2136
3141
4135
4389
3697
2087
-99
-2659
-4896
-6162
-6583
-6393
-5915
-5360
-4875
-4694
-4693
-4215
-2805
-733
1287
2956
4084
4665
4984
4926
4590
4340
4127
3713
3109
2471
1691
516
-1032
-2796
-4161
-4831
-5028
-4757
-4297
-3970
-3861
-3658
-2968
-1678
194
1947
3004
3459
3446
3274
3163
3175
3102
2608
1575
208
-980
-1638
-2104
-2528
-2964
-3416
-3569
-3201
-1944
-147
1750
2825
2767
2350
2519
3633
5061
6291
7022
6937
5815
3958
2120
895
-59
-1061
-2101
-2992
-3588
-4225
-4820
-5306
-5596
-5596
-5207
-3890
-1710
758
2642
3520
3571
3036
2438
2343
2993
4139
4960
4785
3583
1696
-456
-2584
-4231
-4979
-5031
-4871
-4934
-5213
-5445
-5707
-5643
-4787
-2934
-569
1392
2657
3254
3574
3875
4026
4161
4394
4561
4380
3675
2689
1558
250
-1208
-2652
-3536
-3855
-3899
-3837
-3956
-4151
-4254
-3938
-3050
-1607
236
1744
2486
2523
2289
2265
2460
2804
2952
2592
1627
334
-698
-1304
-1608
-1795
-2129
-2455
-2618
-2429
-1648
-321
1379
2390
2431
2220
2652
3840
4877
5527
5866
5640
4721
3220
1935
1242
593
-329
-1599
-2667
-3369
-4055
-4552
-4796
-4731
-4551
-4222
-3109
-1355
486
1788
2378
2557
2355
2129
2319
3006
4013
4515
4016
2679
876
-890
-2524
-3662
-3982
-3841
-3746
-4146
-4862
-5431
-5834
-5567
-4338
-2296
-51
1435
2095
2126
2155
2583
3091
3749
4375
4644
4307
3251
2044
911
-116
-1008
-1834
-2303
-2593
-2868
-3172
-3704
-4111
-4176
-3653
-2484
-919
738
1687
1826
1538
1240
1391
1938
2673
3074
2705
1703
362
-727
-1267
-1425
-1345
-1476
-1707
-1874
-2002
-1708
-946
464
1891
2680
3046
3341
4010
4624
4814
4882
4726
4309
3508
2457
1715
933
-112
-1410
-2563
-3152
-3648
-4000
-4121
-4093
-3978
-3920
-3314
-2002
-445
882
1609
2024
2166
2091
2198
2642
3451
4004
3617
2444
886
-608
-1876
-2794
-3086
-3084
-3182
-3654
-4452
-5065
-5411
-5157
-4126
-2507
-726
469
1032
1186
1377
1909
2506
3171
3785
4069
3806
2915
1871
942
152
-478
-1051
-1392
-1650
-2064
-2609
-3272
-3670
-3581
-2980
-1924
-705
434
986
837
479
349
761
1540
2365
2859
2538
1482
214
-734
-1040
-946
-705
-604
-830
-1167
-1611
-1713
-1042
219
1793
2965
3512
3561
3472
3666
3847
3941
3925
3729
3426
2773
1896
1040
80
-941
-1984
-2671
-2929
-3035
-3029
-3161
-3308
-3359
-3144
-2322
-1104
167
1016
1376
1467
1366
1458
1897
2559
3093
2966
2099
785
-484
-1406
-1910
-2003
-1973
-2159
-2697
-3465
-4182
-4626
-4533
-3719
-2391
-989
-9
374
375
399
757
1346
2088
2835
3247
3118
2456
1589
782
199
-86
-246
-417
-670
-1072
-1689
-2415
-2885
-2787
-2185
-1298
-399
231
421
141
-279
-416
70
1031
1924
2398
2128
1133
-130
-990
-1084
-674
-154
181
79
-391
-1092
-1592
-1211
37
1669
3024
3707
3700
3152
2735
2769
3071
3404
3490
3382
2968
2130
1114
117
-697
-1336
-1836
-2069
-2107
-2145
-2472
-3044
-3373
-3274
-2728
-1801
-663
306
675
612
446
569
1194
2056
2674
2655
1986
886
-213
-836
-927
-729
-674
-998
-1731
-2768
-3664
-4135
-4084
-3509
-2560
-1504
-759
-534
-593
-633
-310
397
1260
2123
2702
2758
2235
1422
765
423
421
586
654
479
-42
-844
-1677
-2231
-2265
-1828
-1133
-493
-183
-245
-540
-789
-738
-257
608
1480
1889
1627
816
-205
-951
-968
-349
404
837
710
69
-776
-1313
-1244
-380
1123
2635
3535
3494
2765
2046
1920
2427
3059
3497
3579
3150
2319
1265
387
-122
-412
-633
-869
-1065
-1323
-1852
-2490
-2999
-3152
-2920
-2351
-1495
-666
-187
-104
-148
-47
357
1019
1656
1932
1706
1055
291
-137
-120
53
92
-188
-796
-1672
-2515
-2959
-3028
-2836
-2387
-1816
-1417
-1367
-1488
-1494
-1180
-496
298
948
1395
1516
1176
623
305
416
775
1131
1331
1218
724
-24
-721
-1101
-1124
-836
-346
67
122
-221
-726
-1035
-1002
-665
-95
540
948
799
106
-759
-1309
-1201
-625
145
850
962
370
-415
-728
-469
230
1405
2638
3440
3464
2712
1860
1619
2119
2767
3082
3092
2744
1972
965
211
-62
-204
-337
-428
-588
-974
-1561
-2133
-2621
-2814
-2578
-2069
-1392
-727
-362
-398
-498
-370
-71
432
1082
1541
1481
998
515
240
199
293
333
125
-378
-1073
-1758
-2183
-2301
-2257
-2043
-1703
-1459
-1528
-1749
-1795
-1532
-979
-331
262
696
806
534
128
16
333
848
1325
1572
1456
955
258
-326
-645
-635
-287
183
447
275
-266
-841
-1141
-1050
-724
-305
209
529
325
-306
-932
-1206
-1128
-679
87
737
883
460
-91
-296
-81
514
1386
2442
3307
3292
2446
1611
1511
2043
2576
2943
3035
2651
1798
824
275
228
301
250
42
-294
-842
-1575
-2209
-2556
-2589
-2433
-2058
-1459
-909
-724
-856
-955
-834
-509
36
735
1293
1383
1048
582
271
253
419
589
529
102
-621
-1384
-1892
-2068
-2073
-1932
-1709
-1621
-1751
-1950
-1993
-1814
-1437
-871
-237
259
394
202
0
19
355
878
1396
1709
1661
1242
652
170
-84
-113
87
418
565
278
-313
-816
-1030
-992
-815
-518
-150
48
-110
-551
-1022
-1239
-1066
-487
301
925
1052
661
205
46
275
939
2010
3124
3484
2815
1866
1423
1611
1999
2374
2705
2650
2055
1152
460
286
316
241
39
-145
-406
-968
-1612
-2061
-2301
-2416
-2274
-1702
-1000
-626
-690
-942
-1054
-941
-583
28
732
1184
1115
659
194
33
162
398
598
522
74
-602
-1261
-1716
-1971
-1947
-1637
-1363
-1326
-1472
-1658
-1801
-1815
-1518
-913
-226
250
309
93
-105
-74
276
845
1417
1711
1557
1126
690
364
125
95
344
570
487
134
-272
-624
-886
-980
-864
-602
-327
-224
-394
-786
-1170
-1316
-1012
-259
569
1011
898
539
220
78
451
1473
2720
3344
2931
2125
1657
1615
1683
1833
2209
2432
2097
1354
749
589
464
131
-174
-249
-293
-637
-1143
-1572
-1956
-2305
-2390
-1928
-1125
-559
-523
-782
-966
-995
-783
-257
474
1048
1070
625
163
-12
101
344
595
654
354
-232
-854
-1329
-1684
-1857
-1700
-1370
-1143
-1170
-1405
-1692
-1908
-1831
-1341
-596
122
475
369
65
-126
10
500
1181
1698
1769
1433
964
579
280
152
308
524
488
197
-131
-377
-630
-898
-1047
-937
-656
-443
-421
-581
-849
-1130
-1116
-540
298
881
982
805
637
357
215
805
2120
3148
2981
2090
1567
1566
1575
1486
1768
2238
2108
1396
791
733
681
214
-252
-317
-238
-482
-993
-1272
-1479
-1910
-2301
-2102
-1354
-743
-597
-736
-870
-935
-919
-619
-3
646
899
589
164
-10
57
181
338
506
414
-18
-552
-999
-1354
-1661
-1727
-1507
-1195
-985
-1059
-1350
-1655
-1791
-1561
-945
-143
464
568
329
68
3
255
833
1489
1796
1608
1164
720
378
190
245
471
529
283
-73
-273
-319
-462
-743
-989
-994
-781
-565
-474
-532
-688
-828
-759
-310
337
758
821
701
638
453
336
804
1888
2764
2632
1801
1311
1370
1507
1542
1773
2132
1966
1319
828
860
878
468
-24
-170
-195
-453
-893
-1139
-1335
-1701
-2073
-2041
-1567
-1111
-937
-890
-838
-837
-873
-718
-236
298
552
407
172
113
212
342
447
492
377
12
-429
-819
-1167
-1435
-1563
-1495
-1317
-1171
-1155
-1327
-1556
-1585
-1337
-852
-263
234
445
354
202
205
473
997
1511
1728
1591
1272
936
588
371
420
570
515
206
-112
-283
-387
-535
-760
-974
-1054
-899
-671
-579
-630
-705
-679
-557
-314
113
581
813
717
466
329
273
402
894
1722
2305
2043
1244
786
1011
1489
1723
1833
1910
1647
1072
602
616
827
726
350
44
-111
-314
-692
-1025
-1227
-1477
-1852
-2032
-1722
-1188
-922
-1023
-1186
-1166
-994
-672
-177
298
480
272
-20
-24
272
587
742
769
682
371
-149
-647
-892
-961
-1029
-1092
-1104
-1078
-1187
-1441
-1578
-1448
-1116
-748
-404
-76
81
-19
-113
105
642
1134
1346
1381
1375
1252
934
651
682
867
833
507
179
28
-155
-449
-692
-744
-726
-774
-785
-666
-612
-744
-877
-756
-420
-99
152
378
491
362
132
64
228
386
564
925
1478
1668
1320
931
1032
1483
1769
1836
1936
1852
1322
746
632
967
1104
868
528
270
-103
-630
-1029
-1163
-1346
-1763
-2153
-2042
-1623
-1430
-1504
-1529
-1325
-1078
-834
-386
188
466
311
86
196
584
955
1151
1233
1115
686
123
-249
-323
-349
-580
-867
-1095
-1319
-1534
-1639
-1536
-1316
-1126
-1004
-886
-715
-509
-320
-150
61
359
666
925
1143
1290
1309
1137
894
768
776
786
645
352
78
-155
-408
-626
-645
-513
-462
-550
-641
-649
-720
-800
-660
-311
-72
-91
-158
-77
0
-72
-138
-26
110
80
113
520
1161
1427
1261
1187
1545
1956
2036
1943
1956
1830
1394
1026
1146
1504
1462
987
463
101
-321
-833
-1159
-1252
-1471
-1971
-2403
-2340
-1991
-1803
-1765
-1578
-1163
-784
-542
-231
194
502
584
650
905
1225
1365
1286
1150
1001
734
382
78
-108
-314
-680
-1100
-1392
-1539
-1597
-1577
-1423
-1239
-1198
-1280
-1256
-967
-573
-312
-129
148
499
740
885
1124
1388
1428
1151
867
824
852
721
480
279
110
-162
-416
-451
-293
-243
-433
-649
-718
-734
-763
-659
-353
-172
-328
-571
-559
-356
-276
-331
-298
-183
-171
-120
256
895
1277
1263
1269
1622
1992
2065
1990
2045
1998
1641
1327
1455
1768
1668
1146
635
274
-167
-691
-1025
-1142
-1459
-2069
-2554
-2528
-2238
-2120
-2090
-1824
-1354
-991
-768
-405
121
512
642
755
1043
1331
1409
1344
1305
1243
985
600
293
79
-235
-717
-1145
-1360
-1464
-1555
-1572
-1467
-1359
-1368
-1435
-1389
-1166
-870
-579
-266
98
460
703
848
1001
1166
1220
1115
965
874
807
656
442
267
181
131
83
53
64
29
-113
-268
-317
-279
-279
-306
-273
-226
-313
-517
-642
-628
-608
-665
-684
-591
-476
-457
-339
53
594
970
1155
1371
1662
1808
1782
1804
1947
1960
1754
1614
1680
1732
1506
1115
754
384
-121
-636
-992
-1252
-1653
-2131
-2415
-2402
-2279
-2156
-1910
-1491
-1087
-822
-568
-167
290
613
807
964
1120
1192
1163
1116
1078
969
734
429
138
-178
-542
-871
-1046
-1093
-1128
-1163
-1136
-1071
-1055
-1119
-1154
-1047
-818
-555
-310
-62
187
370
482
588
729
847
849
753
631
496
336
186
129
186
279
341
365
394
419
409
385
383
396
319
121
-102
-287
-462
-662
-825
-893
-924
-1002
-1097
-1120
-1092
-1059
-989
-746
-305
178
546
825
1067
1243
1334
1453
1671
1867
1892
1782
1720
1707
1633
1450
1222
960
586
100
-351
-694
-1013
-1420
-1799
-1988
-1974
-1881
-1722
-1442
-1081
-774
-545
-297
31
337
535
672
795
864
835
790
795
804
690
440
161
-74
-276
-438
-540
-592
-658
-748
-782
-728
-673
-675
-686
-643
-571
-498
-409
-274
-120
-21
-2
2
45
116
157
132
56
-29
-79
-74
16
160
306
441
575
710
836
941
997
991
921
764
516
231
-36
-275
-495
-686
-837
-971
-1113
-1266
-1376
-1412
-1386
-1311
-1179
-975
-691
-352
16
373
683
916
1120
1361
1615
1820
1934
1950
1890
1773
1646
1530
1382
1127
752
342
-26
-332
-606
-863
-1071
-1215
-1319
-1363
-1289
-1068
-775
-506
-311
-171
-60
39
145
277
392
432
403
364
344
326
262
145
22
-72
-134
-167
-180
-203
-278
-379
-424
-372
-278
-230
-263
-357
-459
-532
-545
-499
-450
-475
-582
-714
-785
-773
-723
-668
-596
-501
-380
-209
8
248
474
666
851
1042
1216
1324
1340
1261
1100
861
585
322
88
-133
-367
-619
-862
-1091
-1288
-1409
-1444
-1420
-1367
-1282
-1135
-903
-618
-305
33
372
673
952
1241
1515
1735
1857
1893
1898
1883
1831
1727
1555
1304
986
635
320
68
-144
-361
-587
-790
-953
-1047
-1038
-921
-736
-563
-441
-378
-344
-303
-241
-151
-61
-12
5
19
36
51
45
23
1
0
16
53
92
91
22
-70
-115
-94
-53
-58
-139
-281
-438
-568
-639
-664
-698
-794
-949
-1092
-1149
-1112
-1019
-898
-751
-578
-391
-178
72
340
591
820
1039
1244
1401
1479
1471
1389
1230
1005
754
513
282
37
-232
-508
-772
-1014
-1201
-1315
-1363
-1371
-1347
-1278
-1140
-930
-673
-371
-40
280
572
851
1132
1375
1553
1658
1713
1742
1733
1681
1597
1460
1257
999
733
501
300
95
-148
-405
-625
-777
-852
-850
-793
-718
-659
-623
-600
-567
-521
-473
-410
-332
-258
-193
-128
-76
-31
2
31
69
120
181
237
257
221
132
40
-21
-46
-68
-126
-230
-379
-540
-678
-769
-837
-920
-1017
-1107
-1155
-1131
-1032
-873
-690
-510
-339
-154
60
294
534
768
985
1174
1320
1408
1434
1390
1279
1124
946
748
527
277
-1
-300
-595
-854
-1060
-1199
-1283
-1334
-1355
-1348
-1296
-1181
-979
-712
-413
-110
185
471
745
1004
1235
1414
1533
1597
1633
1653
1639
1573
1448
1270
1070
865
662
462
242
-7
-261
-465
-610
-685
-715
-731
-741
-753
-763
-750
-701
-631
-553
-482
-407
-334
-264
-190
-117
-55
1
61
130
200
253
273
249
181
89
9
-50
-84
-117
-191
-305
-435
-571
-692
-781
-837
-871
-900
-922
-922
-878
-785
-645
-479
-320
-160
7
190
393
610
812
974
1105
1204
1264
1277
1246
1174
1069
930
756
555
326
66
-211
-485
-738
-940
-1075
-1155
-1206
-1251
-1289
-1294
-1222
-1055
-810
-523
-238
23
254
468
696
920
1111
1257
1353
1416
1457
1463
1428
1350
1228
1070
890
700
513
316
104
-117
-309
-456
-549
-604
-648
-683
-709
-716
-693
-636
-559
-485
-434
-389
-337
-274
-192
-99
-13
56
111
150
172
175
162
133
85
19
-55
-128
-190
-251
-320
-404
-505
-611
-702
-771
-810
-834
-848
-836
-797
-728
-629
-504
-368
-225
-75
86
265
448
613
754
875
975
1056
1117
1157
1164
1134
1061
948
800
619
417
198
-29
-255
-463
-642
-787
-899
-987
-1066
-1126
-1150
-1114
-1010
-843
-632
-411
-207
-23
151
325
519
721
890
1021
1107
1148
1164
1162
1143
1104
1030
922
791
642
474
291
102
-79
-227
-347
-446
-515
-568
-605
-621
-616
-589
-556
-524
-494
-470
-430
-368
-293
-194
-82
20
97
142
172
198
226
256
273
251
191
102
-1
-97
-172
-237
-304
-380
-471
-567
-653
-721
-765
-785
-775
-735
-670
-583
-474
-350
-219
-71
90
256
419
573
708
818
909
989
1055
1094
1091
1038
947
822
668
498
325
146
-41
-237
-435
-621
-786
-928
-1036
-1111
-1155
-1159
-1119
-1038
-926
-779
-600
-405
-202
12
227
424
597
748
861
952
1017
1055
1086
1105
1107
1086
1024
917
779
614
442
278
125
-22
-158
-291
-408
-496
-553
-582
-592
-591
-588
-586
-579
-550
-504
-438
-353
-265
-176
-88
-8
78
170
254
323
375
393
368
314
241
164
98
32
-35
-114
-216
-341
-474
-598
-696
-762
-798
-810
-805
-788
-753
-687
-589
-465
-321
-158
10
174
335
487
626
757
870
961
1023
1045
1019
957
867
754
627
487
328
152
-43
-239
-422
-587
-729
-845
-942
-1017
-1063
-1072
-1043
-971
-850
-675
-461
-234
-19
180
346
500
656
800
927
1029
1100
1151
1190
1213
1215
1187
1113
997
846
673
494
310
124
-66
-253
-423
-558
-650
-700
-726
-747
-769
-793
-809
-790
-741
-676
-599
-510
-402
-268
-120
38
178
289
366
421
453
458
438
399
343
268
184
87
-21
-140
-274
-413
-538
-640
-717
-776
-821
-848
-860
-844
-784
-675
-537
-386
-235
-90
59
220
384
543
684
798
884
937
966
962
926
860
770
663
535
387
228
68
-97
-250
-384
-512
-628
-734
-835
-921
-974
-980
-924
-814
-663
-489
-311
-134
38
196
344
492
630
743
833
897
950
1009
1073
1130
1160
1135
1048
913
741
553
353
142
-63
-254
-427
-563
-657
-718
-755
-786
-820
-854
-885
-894
-878
-835
-758
-646
-505
-336
-151
31
191
322
430
506
558
587
583
546
479
391
299
208
119
25
-75
-183
-297
-413
-517
-605
-674
-720
-733
-704
-630
-522
-396
-268
-144
-26
99
232
370
505
624
718
789
833
855
855
825
765
673
552
414
265
112
-27
-160
-291
-412
-532
-646
-748
-840
-913
-957
-965
-924
-844
-729
-582
-421
-258
-91
76
234
378
507
610
694
764
823
892
969
1040
1082
1069
998
875
718
552
375
187
-4
-189
-357
-493
-586
-642
-672
-686
-708
-740
-769
-784
-773
-732
-653
-534
-391
-227
-56
108
254
381
484
567
624
647
628
569
480
379
281
192
115
34
-57
-168
-292
-414
-526
-615
-680
-715
-719
-689
-632
-553
-462
-366
-264
-150
-25
107
237
361
470
557
623
670
702
714
700
649
566
459
339
217
95
-19
-122
-227
-334
-439
-538
-619
-686
-742
-787
-816
-820
-785
-716
-610
-463
-288
-112
56
210
343
463
572
665
738
798
853
914
984
1041
1053
1003
903
770
623
461
284
98
-93
-277
-434
-553
-625
-658
-670
-681
-699
-714
-715
-689
-628
-540
-433
-309
-175
-33
120
268
403
517
599
646
657
642
596
524
438
348
259
164
69
-35
-144
-250
-355
-449
-525
-586
-632
-660
-667
-646
-596
-524
-438
-343
-247
-143
-29
88
199
295
381
450
504
543
561
552
514
458
386
296
198
102
9
-84
-181
-277
-372
-458
-539
-609
-666
-715
-750
-766
-756
-712
-631
-512
-359
-180
-6
145
267
362
454
551
642
723
793
844
884
914
924
906
850
754
628
481
326
166
-3
-174
-322
-450
-547
-607
-637
-644
-643
-639
-628
-604
-559
-486
-395
-291
-176
-55
71
203
326
432
514
567
601
616
613
592
551
488
395
291
186
87
-6
-99
-187
-267
-339
-406
-462
-502
-528
-537
-522
-482
-423
-354
-282
-209
-131
-44
51
151
245
325
382
419
438
438
420
384
331
265
190
109
27
-57
-138
-221
-314
-412
-508
-599
-680
-754
-815
-848
-849
-808
-721
-591
-438
-274
-119
16
132
238
339
443
549
641
715
777
832
883
927
945
919
851
740
596
431
258
84
-79
-226
-342
-424
-473
-490
-483
-468
-451
-437
-419
-392
-347
-280
-203
-114
-8
105
224
341
441
513
561
587
593
582
553
499
429
345
254
160
63
-26
-113
-203
-296
-394
-486
-561
-612
-640
-640
-620
-576
-516
-445
-367
-291
-222
-150
-73
6
84
157
221
272
314
341
349
346
321
275
216
144
66
-20
-109
-199
-291
-379
-463
-536
-599
-653
-689
-710
-711
-689
-639
-560
-459
-335
-190
-30
129
273
397
495
566
630
687
734
770
801
829
845
840
803
727
620
490
341
183
26
-112
-239
-342
-419
-468
-486
-470
-429
-377
-333
-298
-263
-221
-162
-86
0
95
196
304
407
491
550
586
601
595
571
529
475
413
336
242
136
27
-80
-177
-260
-340
-425
-506
-572
-618
-638
-640
-622
-590
-543
-480
-406
-329
-252
-175
-98
-17
65
145
217
280
329
368
390
389
366
323
264
188
97
-1
-105
-207
-304
-391
-468
-530
-580
-619
-647
-674
-694
-697
-672
-614
-521
-397
-249
-78
92
238
353
441
516
595
672
731
763
767
752
733
711
679
623
541
432
305
174
46
-81
-199
-298
-372
-422
-442
-430
-391
-345
-305
-269
-234
-202
-152
-84
-2
91
192
295
398
489
557
599
621
625
608
566
505
426
323
213
99
-8
-96
-172
-239
-304
-377
-451
-517
-564
-588
-598
-599
-579
-541
-485
-407
-319
-232
-149
-65
22
109
184
250
308
350
380
389
369
329
273
202
121
32
-56
-145
-234
-317
-394
-461
-515
-561
-601
-632
-655
-663
-650
-613
-543
-448
-334
-206
-61
90
226
341
439
511
570
614
633
627
607
585
573
566
550
514
450
364
266
161
59
-42
-141
-232
-300
-344
-363
-353
-312
-255
-200
-157
-121
-90
-49
4
71
149
237
330
418
493
547
578
587
578
553
507
439
352
259
163
70
-16
-93
-157
-216
-273
-335
-405
-471
-524
-563
-586
-587
-566
-523
-455
-367
-272
-182
-99
-20
55
124
184
232
267
287
296
291
266
227
174
112
48
-20
-93
-169
-240
-311
-377
-436
-486
-520
-540
-549
-552
-551
-544
-523
-482
-419
-332
-225
-97
40
165
264
335
381
411
443
463
466
460
453
451
451
442
415
369
314
262
206
140
66
-23
-119
-199
-256
-287
-279
-240
-182
-126
-83
-43
-3
45
106
179
251
321
390
454
510
550
569
569
549
513
462
397
320
236
152
71
-10
-91
-163
-231
-298
-362
-423
-480
-525
-555
-565
-561
-538
-490
-418
-326
-232
-141
-67
-6
52
113
166
212
244
262
266
258
238
203
160
110
52
-12
-81
-152
-225
-295
-366
-428
-476
-511
-535
-551
-558
-561
-553
-531
-489
-426
-346
-249
-138
-19
91
181
247
296
337
373
399
412
409
401
400
410
419
414
392
354
304
241
166
90
6
-77
-146
-190
-210
-202
-168
-123
-74
-33
7
51
103
160
216
265
309
347
388
429
462
478
480
463
430
385
334
276
212
145
74
-2
-74
-138
-192
-238
-284
-336
-388
-428
-457
-470
-467
-448
-412
-359
-289
-208
-134
-72
-22
22
65
104
138
163
177
184
183
171
151
126
93
49
1
-52
-108
-162
-217
-269
-318
-361
-397
-430
-455
-477
-492
-500
-490
-462
-425
-380
-327
-257
-171
-78
10
77
129
171
206
243
279
306
323
339
354
367
377
374
353
319
276
228
172
112
51
-10
-60
-88
-100
-88
-54
-9
40
81
113
144
172
205
235
263
292
322
355
383
402
409
400
385
360
325
279
226
162
89
17
-51
-115
-171
-218
-259
-302
-345
-378
-395
-400
-396
-385
-364
-329
-280
-220
-154
-91
-38
13
62
106
144
172
184
184
178
169
154
130
99
63
18
-34
-86
-146
-203
-260
-315
-360
-397
-424
-447
-465
-477
-482
-480
-468
-446
-417
-376
-323
-259
-182
-105
-34
25
70
116
161
206
249
281
297
303
308
315
321
323
310
288
256
223
188
150
112
78
49
33
28
33
55
87
125
161
187
209
234
262
289
308
326
344
357
368
374
378
371
349
315
270
218
159
100
41
-22
-86
-142
-192
-234
-266
-291
-310
-325
-335
-338
-336
-327
-307
-274
-228
-174
-118
-66
-21
23
63
98
125
140
142
136
123
104
81
49
7
-36
-81
-124
-163
-201
-238
-273
-304
-334
-361
-388
-407
-421
-428
-429
-427
-419
-407
-388
-363
-331
-290
-240
-189
-136
-84
-40
4
49
90
126
157
185
209
236
262
280
293
298
294
290
281
268
255
244
231
220
208
200
200
209
221
239
254
264
270
274
277
284
291
294
298
302
302
296
288
270
245
215
180
142
99
55
9
-35
-72
-102
-130
-153
-178
-202
-221
-230
-236
-236
-235
-230
-218
-199
-172
-139
-101
-67
-37
-15
4
20
28
28
19
4
-7
-19
-36
-60
-86
-110
-132
-150
-165
-182
-201
-220
-241
-264
-288
-308
-327
-343
-355
-369
-382
-387
-386
-376
-363
-342
-317
-284
-244
-203
-160
-117
-71
-26
22
66
105
146
187
227
261
287
308
324
335
347
356
356
353
348
340
329
319
312
311
313
315
310
303
296
294
293
291
287
277
262
248
235
229
223
212
193
166
134
100
65
27
-12
-47
-75
-101
-129
-154
-176
-192
-205
-219
-227
-231
-234
-236
-233
-222
-207
-184
-155
-129
-109
-93
-78
-64
-55
-50
-55
-64
-75
-83
-91
-102
-112
-126
-136
-142
-143
-145
-153
-166
-178
-192
-212
-234
-256
-273
-284
-292
-295
-292
-286
-279
-269
-258
-243
-222
-195
-162
-123
-81
-44
-8
29
66
104
138
167
200
228
249
272
291
304
318
328
331
337
340
343
345
345
341
331
320
313
305
292
282
271
258
242
226
209
192
177
161
146
129
108
87
64
41
17
-5
-25
-44
-63
-81
-99
-114
-131
-144
-158
-170
-174
-174
-175
-173
-169
-168
-166
-159
-146
-128
-108
-92
-81
-73
-68
-57
-50
-51
-52
-54
-60
-66
-71
-76
-84
-91
-95
-99
-104
-111
-121
-130
-139
-150
-162
-177
-193
-206
-211
-213
-215
-210
-199
-191
-183
-169
-154
-136
-114
-93
-71
-45
-19
10
41
72
98
122
145
166
181
193
202
210
217
224
232
240
246
252
252
249
243
233
221
210
197
180
162
142
125
109
97
83
66
49
36
23
12
1
-10
-22
-35
-43
-49
-54
-53
-52
-55
-63
-68
-71
-73
-71
-68
-63
-58
-52
-43
-36
-29
-20
-11
2
13
24
34
43
48
57
63
67
68
65
60
50
39
28
17
1
-16
-29
-42
-57
-70
-82
-92
-103
-117
-131
-147
-161
-174
-183
-191
-197
-199
-202
-201
-199
-193
-189
-187
-181
-174
-164
-154
-136
-120
-105
-86
-67
-44
-23
-2
19
34
48
65
79
92
107
120
137
149
163
171
175
174
172
169
163
159
153
149
143
133
122
109
103
97
92
88
83
79
74
70
69
69
74
78
77
76
76
76
77
78
76
69
67
67
71
76
80
80
80
78
77
77
79
79
76
74
68
63
57
49
40
28
13
-4
-24
-43
-66
-91
-112
-128
-144
-160
-177
-190
-201
-209
-220
-232
-244
-255
-266
-273
-276
-276
-275
-272
-268
-265
-259
-249
-238
-224
-209
-194
-177
-162
-139
-120
-100
-82
-63
-42
-21
1
23
42
60
76
91
107
126
144
159
170
177
184
190
193
199
201
199
198
197
194
191
187
181
173
164
157
152
149
142
136
130
125
123
125
123
121
117
114
110
106
103
101
97
96
96
97
94
89
87
87
87
83
82
80
77
72
66
57
48
40
33
21
8
-13
-32
-49
-66
-83
-103
-126
-144
-162
-181
-198
-211
-223
-229
-236
-244
-251
-261
-271
-276
-281
-283
-281
-281
-276
-269
-261
-251
-240
-227
-214
-200
-189
-173
-158
-142
-126
-111
-93
-72
-49
-26
-5
11
25
38
54
70
86
101
111
121
132
142
154
162
170
177
179
181
182
186
188
189
191
192
193
195
197
199
199
197
191
187
186
184
183
177
171
164
159
154
152
147
141
134
127
122
116
115
115
113
109
106
101
96
92
86
75
64
53
42
26
8
-5
-19
-37
-57
-78
-101
-122
-142
-160
-179
-197
-212
-226
-238
-251
-259
-265
-275
-285
-292
-299
-305
-308
-307
-305
-301
-294
-286
-274
-265
-256
-244
-228
-214
-200
-184
-167
-148
-128
-112
-94
-74
-55
-35
-19
-3
14
30
48
67
80
94
112
127
140
155
167
177
185
194
202
210
215
222
230
233
238
243
246
247
248
250
248
242
234
227
222
220
214
207
197
188
181
173
167
160
151
142
135
130
121
112
105
98
90
82
73
62
53
42
31
18
3
-12
-27
-44
-62
-77
-92
-106
-126
-145
-164
-181
-198
-215
-232
-244
-253
-264
-272
-284
-293
-298
-302
-303
-306
-311
-310
-305
-298
-288
-275
-263
-251
-239
-226
-211
-196
-179
-161
-141
-122
-106
-92
-74
-57
-36
-16
1
14
28
41
55
70
85
99
113
127
140
155
167
179
191
203
214
225
233
238
243
246
248
251
254
255
255
254
249
242
234
229
225
221
212
199
187
176
167
159
154
150
140
130
121
112
101
91
81
71
60
52
41
29
17
6
-3
-13
-23
-35
-46
-61
-74
-88
-103
-117
-129
-141
-156
-170
-182
-194
-206
-218
-228
-236
-243
-249
-254
-259
-265
-268
-269
-270
-270
-266
-260
-254
-248
-240
-231
-219
-204
-188
-177
-165
-151
-138
-127
-113
-96
-80
-65
-48
-35
-23
-11
2
16
30
45
59
73
86
99
112
122
135
151
167
177
184
191
197
202
210
217
221
224
226
227
227
227
227
228
225
223
218
209
203
195
185
180
176
171
160
150
141
129
122
110
97
85
75
63
50
41
31
21
11
3
-6
-17
-27
-37
-47
-55
-60
-68
-78
-86
-95
-105
-118
-126
-132
-141
-148
-154
-164
-174
-184
-191
-196
-202
-209
-211
-214
-219
-221
-219
-216
-214
-210
-205
-197
-188
-179
-170
-159
-149
-140
-131
-116
-103
-90
-79
-67
-56
-47
-33
-17
-6
2
12
21
34
43
53
64
74
85
93
100
107
113
118
124
131
140
146
154
158
159
162
166
170
175
181
184
185
184
181
177
173
169
165
163
158
152
146
140
134
125
116
109
101
93
84
75
65
54
46
38
27
17
10
3
-10
-23
-31
-38
-47
-57
-66
-73
-77
-81
-88
-97
-105
-112
-121
-132
-139
-149
-156
-162
-170
-174
-180
-182
-186
-188
-190
-188
-185
-183
-176
-170
-166
-160
-152
-142
-133
-125
-117
-107
-98
-88
-81
-73
-63
-50
-38
-27
-18
-9
0
11
21
31
42
51
59
66
74
80
85
91
97
103
110
113
120
128
134
139
142
147
152
155
158
157
155
155
153
151
150
148
141
132
128
126
121
117
109
103
96
90
83
76
68
58
51
45
39
29
21
15
6
-2
-11
-16
-20
-27
-32
-38
-46
-54
-60
-64
-69
-75
-83
-88
-93
-101
-107
-111
-114
-119
-122
-125
-127
-128
-129
-129
-129
-128
-129
-125
-123
-120
-117
-112
-107
-101
-93
-90
-84
-81
-79
-74
-66
-55
-46
-40
-34
-27
-21
-14
-8
-1
5
13
18
23
28
36
42
48
53
57
62
68
71
75
77
80
84
87
90
92
92
92
94
95
93
93
94
93
89
87
86
85
85
85
83
81
77
72
66
60
55
52
47
42
38
32
25
21
16
11
6
1
-3
-6
-8
-12
-16
-20
-23
-25
-25
-25
-25
-31
-33
-37
-39
-42
-48
-49
-50
-55
-59
-62
-65
-67
-67
-69
-70
-72
-74
-75
-78
-74
-72
-72
-69
-66
-66
-66
-62
-60
-56
-53
-51
-48
-45
-42
-40
-34
-28
-26
-22
-18
-15
-11
-9
-7
-3
3
8
11
17
21
24
29
33
37
37
36
34
36
40
44
47
50
53
56
56
57
57
58
59
57
57
58
58
59
64
63
62
61
59
56
56
56
50
46
41
36
32
31
31
28
24
20
16
15
13
13
12
8
7
6
2
-1
1
-3
-6
-7
-8
-10
-15
-19
-22
-25
-28
-32
-34
-36
-38
-41
-46
-52
-56
-57
-59
-62
-63
-64
-63
-63
-62
-58
-53
-54
-55
-54
-53
-52
-50
-47
-44
-45
-42
-37
-35
-35
-32
-30
-27
-24
-24
-22
-17
-16
-13
-10
-7
-6
-3
1
5
9
12
13
12
12
14
17
23
27
31
34
35
37
42
44
47
48
46
50
48
47
46
48
51
48
45
44
43
43
41
41
41
41
40
38
38
38
38
36
34
35
36
37
34
30
27
24
24
23
21
18
16
13
9
6
6
5
-1
-6
-10
-13
-14
-16
-21
-24
-25
-30
-35
-36
-38
-41
-47
-48
-50
-49
-51
-52
-51
-49
-48
-50
-50
-51
-49
-47
-49
-49
-46
-43
-42
-43
-41
-42
-38
-35
-32
-29
-27
-26
-23
-20
-17
-18
-17
-15
-13
-12
-11
-8
-6
-1
6
8
10
12
16
21
25
27
27
29
31
32
35
37
40
41
42
42
42
41
42
44
42
43
44
41
39
36
38
40
40
40
40
39
40
38
36
36
37
37
39
40
39
36
32
30
29
25
22
18
14
9
6
3
-1
-5
-8
-11
-15
-23
-28
-27
-29
-31
-32
-34
-38
-41
-41
-43
-45
-41
-41
-44
-45
-43
-42
-42
-44
-46
-45
-46
-47
-45
-42
-41
-44
-45
-44
-45
-43
-41
-37
-36
-35
-34
-31
-28
-27
-22
-19
-15
-13
-13
-11
-6
-2
0
3
6
12
16
17
18
21
22
25
27
30
31
34
37
37
38
39
42
43
42
42
41
44
43
43
45
45
47
49
47
46
44
43
42
40
38
38
37
35
36
36
34
32
28
26
21
17
16
11
8
6
3
0
-4
-9
-14
-16
-17
-19
-21
-25
-28
-30
-31
-33
-32
-33
-34
-33
-34
-34
-34
-34
-37
-42
-42
-41
-41
-42
-39
-37
-36
-38
-39
-37
-37
-37
-33
-32
-30
-30
-28
-28
-28
-26
-24
-23
-24
-23
-22
-21
-19
-14
-10
-8
-6
0
3
4
5
9
12
15
17
21
23
24
27
29
31
32
32
34
34
38
41
41
41
41
42
41
42
42
43
43
42
39
38
37
35
39
40
39
38
36
35
32
27
26
25
23
21
16
9
6
4
1
-1
-4
-6
-7
-10
-13
-15
-17
-19
-22
-25
-27
-29
-27
-27
-28
-29
-34
-36
-37
-36
-36
-37
-38
-38
-37
-36
-38
-38
-37
-36
-35
-35
-35
-35
-33
-34
-33
-30
-29
-31
-31
-30
-31
-31
-29
-22
-21
-22
-21
-20
-18
-15
-13
-11
-8
-3
1
2
5
6
10
13
14
19
20
21
24
29
32
34
36
36
38
39
39
39
39
42
45
44
47
48
48
50
51
48
47
47
48
46
44
46
43
41
39
39
37
34
32
27
22
17
15
15
14
11
8
2
-2
-6
-8
-10
-13
-14
-19
-21
-21
-23
-29
-30
-31
-31
-31
-30
-31
-32
-34
-38
-37
-37
-39
-37
-36
-38
-39
-40
-42
-41
-40
-41
-42
-40
-40
-40
-37
-36
-37
-38
-36
-33
-32
-33
-32
-32
-31
-27
-23
-23
-21
-18
-14
-11
-7
-2
0
1
5
9
9
11
16
19
22
25
26
28
31
35
36
37
40
43
43
43
43
46
48
48
47
48
49
49
48
47
47
46
46
46
45
42
38
36
35
33
33
29
23
19
16
13
9
5
2
2
0
-4
-8
-14
-17
-19
-22
-22
-24
-28
-30
-35
-35
-36
-38
-41
-41
-43
-46
-46
-46
-45
-44
-43
-41
-42
-41
-40
-41
-41
-39
-39
-38
-37
-36
-35
-36
-33
-29
-27
-28
-26
-22
-22
-18
-16
-15
-12
-7
-3
1
5
6
6
9
14
18
21
24
24
26
29
31
34
37
39
37
37
38
44
45
43
41
42
41
41
40
41
45
45
46
45
43
43
41
38
36
38
35
34
33
31
29
26
23
18
16
16
13
10
7
5
1
-2
-3
-10
-14
-17
-20
-22
-24
-27
-27
-30
-34
-34
-35
-36
-37
-40
-41
-40
-39
-37
-38
-41
-41
-41
-39
-38
-38
-39
-37
-36
-35
-33
-30
-26
-27
-30
-29
-29
-27
-25
-23
-19
-16
-15
-13
-12
-9
-7
-5
-3
-3
0
0
2
5
7
8
8
11
13
13
12
15
16
17
19
21
23
24
22
22
21
21
22
24
26
26
28
27
25
23
25
26
24
23
23
25
27
27
26
25
22
22
22
23
23
22
18
17
13
11
11
10
8
5
5
3
2
2
0
0
-3
-4
-4
-6
-8
-9
-11
-12
-13
-11
-12
-14
-16
-17
-17
-17
-18
-18
-16
-14
-15
-13
-13
-15
-16
-17
-19
-20
-18
-15
-17
-18
-16
-16
-17
-18
-17
-16
-16
-14
-12
-9
-10
-10
-12
-10
-9
-7
-6
-4
-2
-4
-4
-3
0
1
3
4
5
5
5
5
7
7
9
11
11
12
12
9
9
10
11
10
12
13
14
15
16
17
14
14
17
21
20
19
18
20
22
19
17
16
13
14
13
12
10
11
10
8
4
3
5
4
3
1
-1
-3
-6
-4
-7
-8
-8
-7
-6
-7
-8
-10
-13
-12
-12
-15
-14
-15
-16
-17
-18
-18
-20
-22
-25
-24
-23
-25
-27
-25
-25
-26
-28
-27
-28
-28
-28
-27
-25
-24
-23
-23
-23
-21
-17
-16
-15
-14
-13
-12
-9
-5
-5
-1
3
8
10
11
11
14
14
16
21
20
22
21
22
23
26
25
25
29
32
35
34
33
31
31
34
37
38
38
39
41
40
39
39
38
40
39
38
38
38
35
33
34
33
29
24
21
18
15
14
12
10
9
6
1
-2
-5
-5
-8
-10
-13
-15
-17
-22
-22
-25
-28
-30
-32
-29
-30
-32
-33
-35
-37
-36
-37
-38
-38
-39
-42
-43
-44
-46
-46
-46
-48
-48
-48
-50
-49
-50
-52
-50
-49
-49
-47
-44
-43
-39
-36
-31
-26
-23
-23
-17
-11
-11
-7
-3
-1
1
5
8
10
14
15
15
18
19
19
23
25
25
27
28
31
34
38
43
46
49
53
53
54
58
60
59
56
57
56
55
54
53
52
51
51
49
45
46
44
42
38
37
33
30
28
27
23
16
14
9
6
1
2
-2
-8
-11
-12
-12
-16
-19
-20
-24
-28
-30
-33
-36
-37
-39
-41
-44
-46
-47
-48
-52
-51
-52
-52
-53
-55
-53
-51
-51
-51
-52
-53
-52
-50
-48
-47
-43
-38
-35
-32
-31
-30
-29
-24
-21
-18
-14
-11
-8
-5
-1
3
6
5
5
8
12
13
17
23
24
24
27
31
37
39
41
45
48
49
52
55
59
61
62
64
66
67
66
65
66
65
62
60
59
57
57
56
53
49
44
39
35
32
28
23
22
16
12
5
1
0
-3
-5
-9
-12
-17
-20
-23
-29
-29
-31
-34
-36
-40
-42
-45
-48
-51
-55
-60
-64
-65
-64
-67
-70
-70
-70
-68
-66
-66
-67
-69
-66
-63
-59
-57
-53
-50
-48
-43
-38
-34
-32
-29
-27
-24
-22
-16
-11
-10
-9
-6
-1
0
3
6
8
9
11
14
17
19
21
24
25
27
31
37
39
43
47
46
49
53
53
56
55
56
55
58
60
57
59
60
58
56
55
56
56
53
52
49
47
44
44
44
40
35
30
27
23
19
18
15
10
7
2
-1
-5
-9
-9
-11
-15
-20
-24
-26
-30
-30
-32
-36
-39
-39
-42
-44
-44
-45
-48
-48
-49
-50
-52
-51
-48
-49
-48
-47
-45
-44
-40
-40
-39
-37
-36
-33
-31
-28
-26
-26
-23
-21
-20
-20
-19
-17
-16
-12
-8
-7
-6
-4
-1
2
6
11
13
15
16
17
20
25
26
26
26
28
29
32
34
33
33
31
32
32
32
33
35
38
36
35
36
36
35
35
33
30
27
28
32
34
33
32
30
28
27
27
24
22
19
16
14
13
11
8
5
3
3
0
-3
-5
-10
-14
-16
-19
-20
-21
-26
-30
-30
-31
-32
-33
-35
-36
-34
-37
-37
-35
-38
-41
-41
-40
-41
-40
-36
-35
-34
-33
-32
-34
-34
-32
-30
-29
-27
-24
-23
-25
-24
-20
-20
-18
-16
-14
-13
-12
-11
-9
-5
-6
-3
0
1
2
3
5
7
11
16
20
20
20
22
23
25
29
33
35
35
34
35
36
35
36
36
37
40
41
43
43
41
40
40
40
38
35
35
32
31
30
27
24
23
23
20
19
17
16
17
17
15
10
7
5
3
0
0
-3
-6
-8
-10
-12
-14
-17
-17
-19
-21
-21
-23
-24
-27
-30
-31
-29
-28
-28
-29
-34
-37
-36
-32
-33
-32
-30
-29
-29
-29
-26
-27
-27
-26
-24
-22
-23
-22
-23
-24
-24
-23
-22
-20
-19
-19
-16
-15
-13
-12
-13
-9
-7
-6
-5
-3
-2
-1
-1
3
5
5
6
10
15
15
15
16
18
21
23
23
23
23
26
28
29
30
33
31
32
33
32
32
31
28
27
23
22
22
24
24
22
22
24
25
22
20
18
17
20
21
19
17
17
14
11
10
6
2
1
2
-2
-4
-6
-5
-7
-8
-8
-11
-11
-12
-14
-17
-19
-21
-23
-24
-22
-22
-23
-22
-22
-21
-22
-24
-25
-27
-28
-29
-27
-29
-31
-32
-31
-29
-30
-34
-33
-32
-33
-34
-32
-29
-30
-30
-28
-25
-26
-23
-22
-20
-15
-12
-9
-8
-5
0
5
7
10
15
16
15
16
19
22
25
28
31
33
35
34
32
31
34
36
33
33
33
32
32
34
34
33
31
31
34
36
39
39
38
35
32
31
29
26
24
24
23
23
22
21
16
15
13
12
7
5
3
-1
-5
-6
-7
-9
-13
-13
-13
-15
-15
-15
-17
-20
-21
-22
-22
-22
-23
-22
-24
-24
-25
-24
-27
-28
-27
-27
-25
-29
-32
-33
-34
-33
-36
-39
-41
-38
-37
-36
-38
-40
-41
-40
-37
-35
-30
-25
-19
-18
-17
-15
-13
-8
-5
-4
-3
-4
-2
1
3
5
6
8
10
13
13
13
14
14
18
20
20
21
25
27
26
26
30
34
36
38
38
39
39
40
38
38
37
36
33
31
28
26
28
26
25
23
23
21
20
19
18
15
13
11
10
9
10
8
7
7
5
4
3
0
0
-4
-6
-8
-10
-11
-12
-15
-18
-18
-16
-16
-18
-21
-26
-28
-27
-29
-33
-34
-35
-38
-36
-36
-36
-35
-37
-36
-34
-33
-31
-31
-28
-27
-25
-23
-20
-18
-18
-16
-13
-11
-8
-8
-6
-7
-4
-2
-2
0
1
1
3
4
6
6
8
12
13
16
19
21
21
21
25
27
28
28
29
28
30
33
34
34
36
37
35
35
35
34
34
33
34
34
34
32
29
26
28
26
24
22
19
17
16
14
12
11
9
7
6
3
2
-2
-5
-5
-6
-8
-12
-14
-15
-17
-20
-19
-20
-26
-28
-28
-33
-34
-37
-39
-42
-43
-44
-45
-46
-45
-46
-49
-48
-46
-45
-43
-43
-44
-42
-41
-40
-35
-32
-31
-29
-25
-22
-19
-19
-17
-14
-15
-14
-11
-9
-6
-4
-1
2
5
6
6
9
15
19
20
21
22
24
24
26
30
32
34
34
36
39
40
42
43
41
43
44
44
45
46
45
41
38
36
37
38
39
40
37
34
34
34
33
31
27
24
21
19
18
16
15
13
11
9
5
