-11
-9
-9
-8
-7
-6
-5
-4
-2
0
2
1
3
3
4
5
3
3
3
2
2
3
1
2
2
3
4
3
5
6
8
9
10
9
8
8
7
7
5
7
7
5
4
3
4
3
3
2
3
4
3
3
3
3
3
3
2
0
0
-1
-2
-3
-3
-4
-5
-4
-5
-7
-5
-5
-5
-6
-6
-6
-5
-3
-3
-4
-5
-5
-3
-2
-1
0
-2
0
-2
-3
-3
-3
-3
-3
-4
-2
-2
-3
-4
-5
-3
-3
0
-2
-1
-1
0
1
1
1
3
3
4
3
2
3
3
4
4
3
4
3
4
3
2
3
4
4
3
2
3
3
2
2
2
1
0
1
0
-2
-1
-3
-4
-4
-4
-3
-4
-3
-2
-2
-2
-2
-2
-1
-1
-3
-2
-3
-2
-1
-1
-1
-1
0
-1
-1
0
0
-1
-2
-1
0
1
-1
-1
-1
0
1
0
0
-1
-1
-1
-1
-1
-2
-2
-1
1
1
0
-1
-2
-3
-1
1
2
3
3
3
5
5
4
2
1
1
4
3
4
4
3
2
-1
-4
-5
-5
-3
0
3
3
3
3
6
7
6
6
5
6
7
8
6
5
4
6
7
7
3
2
-1
0
2
4
6
5
5
7
7
5
2
-3
-5
-3
-2
-4
-7
-10
-12
-10
-8
-6
-4
-5
-7
-8
-10
-11
-11
-11
-10
-4
0
3
0
-4
-9
-11
-11
-10
-7
-5
-5
-4
-5
-5
-5
-5
-4
-1
1
1
-1
-4
-4
-2
0
2
0
-1
-3
-6
-7
-6
-4
-1
3
5
8
7
3
1
2
6
10
12
12
13
12
10
8
6
7
7
9
10
7
3
-3
-7
-11
-7
-2
0
2
3
3
4
3
2
3
6
9
15
16
13
8
2
2
3
4
3
-2
-7
-10
-11
-12
-13
-11
-7
-2
-1
-3
-7
-10
-10
-6
-1
1
-1
-3
-4
-1
1
0
-1
1
4
8
8
1
-5
-7
-3
6
14
17
18
20
19
16
10
1
-3
-4
-1
2
0
-4
-10
-14
-15
-16
-17
-19
-17
-15
-12
-7
-3
-2
3
10
15
16
9
-2
-8
-7
-1
5
11
14
16
16
8
-1
-10
-13
-6
2
6
6
2
1
4
5
1
-3
-5
-3
2
0
-6
-15
-20
-18
-12
-7
-2
1
6
10
12
11
8
3
4
11
21
27
27
20
13
6
-5
-14
-24
-29
-30
-26
-22
-16
-13
-10
-8
-9
-11
-9
-4
1
4
8
10
10
14
21
23
21
26
36
38
28
12
-4
-11
-15
-16
-19
-24
-22
-15
-15
-27
-43
-51
-49
-44
-36
-24
-9
1
6
9
11
14
21
32
38
36
34
37
39
34
24
14
11
11
12
8
-2
-18
-34
-39
-34
-21
-19
-24
-21
-6
8
7
-5
-12
-2
41
110
163
163
117
88
110
137
105
27
-25
-11
42
58
3
-91
-159
-166
-123
-95
-130
-194
-220
-174
-99
-56
-59
-66
-15
106
223
264
224
131
28
-44
-74
-85
-78
-53
-13
36
56
-5
-133
-268
-373
-415
-401
-342
-249
-130
-4
94
130
88
15
-23
-8
24
47
84
187
311
369
344
277
215
177
143
93
19
-42
-30
58
143
138
79
58
92
117
88
17
-45
-61
-20
53
126
170
184
193
182
132
57
-11
-50
-52
-34
-28
-8
40
69
27
-53
-109
-119
-113
-117
-113
-86
-73
-110
-179
-223
-225
-206
-189
-184
-156
-104
-82
-119
-208
-305
-371
-372
-326
-251
-162
-79
-6
40
24
-60
-161
-244
-279
-249
-159
-27
137
276
361
388
345
257
167
107
81
97
167
279
396
466
469
446
415
358
255
142
81
81
119
157
179
192
211
235
238
199
136
79
47
30
10
4
8
0
-19
-38
-50
-70
-111
-167
-220
-252
-282
-329
-369
-368
-326
-290
-289
-304
-319
-330
-348
-377
-416
-461
-482
-450
-374
-303
-283
-291
-300
-313
-337
-370
-407
-430
-416
-345
-239
-125
-28
69
190
304
359
363
378
425
487
555
627
699
756
804
860
906
902
845
759
646
504
370
288
227
142
52
13
18
12
-17
-40
-53
-88
-151
-193
-188
-160
-138
-119
-85
-23
60
136
173
147
78
11
-34
-79
-135
-190
-227
-240
-247
-267
-311
-360
-397
-433
-492
-573
-635
-653
-656
-680
-720
-738
-708
-643
-576
-527
-504
-508
-528
-534
-521
-505
-484
-424
-314
-190
-78
71
311
573
714
737
773
882
974
987
984
1016
1045
1053
1080
1138
1179
1167
1095
953
756
573
447
314
108
-123
-267
-303
-285
-253
-228
-232
-262
-284
-299
-343
-415
-459
-464
-460
-434
-318
-125
60
182
265
330
356
335
283
190
43
-103
-177
-188
-193
-211
-226
-227
-248
-314
-412
-520
-651
-816
-978
-1078
-1104
-1068
-996
-909
-815
-713
-606
-515
-467
-481
-536
-586
-596
-581
-565
-551
-484
-345
-193
-60
149
487
801
928
927
987
1134
1227
1209
1165
1176
1238
1345
1501
1650
1719
1700
1605
1435
1205
972
746
469
127
-205
-437
-563
-603
-601
-619
-676
-712
-687
-663
-714
-803
-871
-922
-963
-921
-736
-475
-233
-23
185
390
569
716
790
726
557
392
306
255
168
54
-22
-33
-18
-32
-88
-181
-320
-519
-757
-992
-1185
-1309
-1354
-1342
-1301
-1217
-1066
-875
-727
-659
-637
-611
-597
-608
-605
-563
-508
-465
-396
-266
-97
76
309
632
935
1103
1189
1314
1465
1515
1454
1398
1410
1463
1538
1653
1789
1888
1900
1806
1628
1394
1130
835
475
76
-292
-583
-800
-940
-1016
-1082
-1152
-1176
-1127
-1075
-1094
-1146
-1186
-1246
-1312
-1284
-1126
-925
-726
-469
-138
183
437
661
861
958
936
882
846
790
688
585
522
484
433
371
302
202
56
-117
-309
-540
-817
-1094
-1317
-1476
-1581
-1619
-1587
-1507
-1410
-1294
-1163
-1036
-931
-868
-861
-871
-820
-705
-587
-490
-350
-142
56
230
521
956
1324
1473
1533
1685
1873
1939
1892
1834
1766
1688
1687
1803
1921
1960
1911
1759
1493
1194
961
733
387
-49
-446
-755
-994
-1132
-1184
-1267
-1397
-1449
-1367
-1271
-1239
-1208
-1167
-1189
-1263
-1242
-1082
-899
-739
-526
-254
15
275
571
848
1006
1052
1084
1136
1161
1111
1002
874
762
670
582
479
363
242
90
-91
-299
-532
-791
-1064
-1344
-1604
-1806
-1921
-1972
-1990
-1977
-1895
-1736
-1539
-1322
-1102
-923
-792
-647
-485
-371
-328
-263
-110
83
280
598
1074
1523
1786
1956
2162
2320
2303
2149
1978
1803
1604
1460
1435
1471
1494
1476
1406
1281
1137
976
726
349
-96
-509
-872
-1197
-1434
-1544
-1584
-1575
-1473
-1277
-1093
-968
-851
-762
-774
-858
-888
-847
-817
-768
-593
-298
-1
282
620
978
1238
1379
1459
1488
1420
1260
1076
916
775
646
539
440
344
257
160
22
-195
-471
-774
-1086
-1415
-1742
-2022
-2233
-2384
-2464
-2453
-2340
-2136
-1902
-1679
-1448
-1203
-977
-804
-683
-598
-533
-439
-253
11
264
522
936
1487
1931
2154
2298
2483
2604
2521
2314
2137
2007
1859
1712
1635
1619
1604
1529
1361
1147
943
743
459
73
-338
-698
-1012
-1286
-1465
-1549
-1602
-1602
-1493
-1329
-1194
-1065
-893
-762
-755
-777
-690
-541
-432
-302
-64
226
472
719
1038
1326
1469
1514
1555
1564
1462
1271
1074
920
771
572
336
98
-107
-287
-497
-752
-1042
-1333
-1615
-1860
-2068
-2260
-2422
-2534
-2572
-2548
-2485
-2365
-2172
-1961
-1779
-1557
-1247
-925
-668
-448
-206
47
263
483
739
970
1140
1395
1795
2145
2288
2329
2445
2584
2562
2390
2234
2123
1965
1747
1584
1503
1453
1328
1085
804
574
400
193
-91
-385
-632
-852
-1057
-1167
-1176
-1201
-1257
-1250
-1136
-1012
-898
-746
-602
-543
-511
-364
-147
-16
71
244
475
614
693
862
1061
1119
1027
946
941
901
731
488
286
130
-42
-254
-487
-700
-895
-1110
-1359
-1603
-1796
-1934
-2037
-2149
-2246
-2270
-2210
-2109
-2014
-1938
-1827
-1637
-1406
-1201
-986
-678
-317
-29
159
372
643
857
946
1034
1198
1321
1344
1444
1707
1915
1903
1844
1950
2092
2043
1872
1787
1744
1585
1356
1227
1185
1108
942
740
565
441
354
236
72
-88
-222
-390
-581
-681
-689
-747
-862
-907
-827
-737
-669
-553
-435
-411
-425
-329
-193
-162
-157
-32
129
141
97
207
400
457
373
356
438
451
314
111
-34
-146
-304
-526
-746
-892
-989
-1104
-1249
-1363
-1423
-1457
-1494
-1556
-1603
-1583
-1512
-1465
-1470
-1456
-1361
-1204
-1049
-908
-710
-432
-159
11
130
329
570
701
689
706
847
958
936
984
1270
1566
1622
1579
1724
1976
2035
1904
1832
1824
1701
1491
1375
1344
1280
1150
993
839
718
658
573
384
142
-50
-222
-431
-590
-661
-771
-947
-1050
-1019
-985
-986
-916
-806
-803
-856
-766
-586
-540
-588
-512
-333
-273
-294
-167
81
200
157
154
257
347
327
221
124
58
-22
-157
-321
-434
-491
-576
-721
-842
-895
-933
-988
-1072
-1156
-1202
-1206
-1227
-1282
-1312
-1281
-1210
-1140
-1047
-875
-613
-355
-174
-37
145
384
554
562
548
679
857
889
892
1140
1520
1683
1629
1719
2028
2190
2057
1894
1851
1762
1543
1357
1266
1188
1075
926
747
584
523
477
279
-16
-232
-371
-585
-819
-933
-1003
-1137
-1246
-1209
-1125
-1097
-1030
-905
-878
-964
-934
-739
-630
-678
-640
-407
-210
-161
-54
201
411
446
443
533
639
639
514
379
315
283
192
35
-81
-118
-173
-302
-435
-528
-629
-772
-951
-1126
-1250
-1316
-1377
-1467
-1531
-1511
-1427
-1344
-1255
-1103
-876
-640
-458
-324
-163
73
288
343
312
416
658
797
806
985
1380
1649
1642
1663
1927
2148
2058
1835
1744
1713
1564
1371
1255
1188
1103
970
811
651
560
487
283
-20
-251
-372
-548
-781
-901
-927
-998
-1098
-1072
-954
-898
-872
-800
-754
-814
-839
-704
-571
-572
-552
-343
-80
37
108
294
509
582
542
543
605
609
496
346
263
243
187
46
-99
-172
-225
-353
-529
-678
-797
-925
-1084
-1235
-1328
-1357
-1375
-1419
-1460
-1440
-1337
-1224
-1149
-1066
-907
-680
-485
-369
-243
-16
224
310
286
371
593
725
718
834
1167
1450
1503
1538
1774
2025
2017
1837
1747
1744
1641
1451
1313
1262
1217
1107
954
815
727
636
439
165
-63
-226
-442
-698
-845
-900
-997
-1118
-1125
-1042
-1014
-1026
-976
-913
-949
-997
-902
-752
-702
-675
-492
-210
-24
83
272
531
676
662
646
701
728
613
424
316
302
251
99
-46
-85
-92
-187
-347
-474
-570
-711
-905
-1091
-1215
-1291
-1359
-1439
-1514
-1532
-1470
-1370
-1294
-1217
-1070
-849
-650
-532
-409
-182
73
183
163
223
443
632
669
766
1078
1397
1509
1547
1759
2046
2122
1995
1900
1921
1905
1781
1655
1583
1520
1374
1148
913
737
585
340
18
-253
-424
-611
-846
-991
-1030
-1106
-1241
-1291
-1216
-1166
-1181
-1150
-1070
-1055
-1081
-994
-815
-693
-621
-449
-157
100
275
466
691
840
867
871
916
932
826
637
516
478
406
222
13
-113
-195
-340
-535
-675
-761
-891
-1084
-1258
-1348
-1396
-1485
-1612
-1703
-1720
-1675
-1596
-1498
-1362
-1167
-926
-698
-504
-295
-26
231
350
362
451
666
821
829
911
1207
1497
1583
1609
1818
2096
2166
2038
1950
1971
1931
1762
1578
1455
1358
1186
925
669
500
375
148
-163
-397
-487
-602
-833
-997
-1004
-1018
-1149
-1252
-1202
-1124
-1119
-1111
-1036
-975
-950
-848
-676
-556
-486
-322
-55
157
277
452
692
840
838
826
895
943
840
632
483
431
339
127
-114
-253
-309
-418
-616
-764
-799
-839
-998
-1187
-1270
-1275
-1344
-1496
-1599
-1588
-1530
-1485
-1410
-1264
-1063
-834
-619
-428
-230
14
269
414
438
501
694
851
842
873
1115
1378
1444
1433
1597
1865
1956
1841
1742
1758
1748
1615
1447
1324
1256
1148
920
653
478
397
216
-115
-399
-502
-581
-808
-1009
-1016
-969
-1052
-1168
-1128
-1021
-998
-1020
-987
-935
-920
-857
-723
-610
-536
-391
-132
105
254
431
681
880
933
935
983
1035
966
779
622
548
462
267
11
-174
-256
-349
-530
-703
-773
-804
-924
-1119
-1244
-1263
-1313
-1473
-1625
-1647
-1583
-1536
-1493
-1371
-1158
-920
-700
-499
-297
-71
163
326
386
442
612
809
862
870
1067
1362
1491
1464
1542
1777
1901
1796
1658
1653
1677
1583
1417
1281
1222
1162
989
724
501
397
249
-75
-426
-591
-652
-856
-1113
-1171
-1083
-1095
-1206
-1175
-998
-886
-882
-853
-779
-749
-715
-613
-505
-441
-339
-118
129
298
457
679
885
975
994
1036
1083
1042
887
714
603
506
332
80
-145
-275
-386
-575
-795
-918
-952
-1041
-1215
-1339
-1347
-1351
-1454
-1589
-1623
-1547
-1476
-1448
-1376
-1201
-981
-783
-600
-393
-151
93
277
388
473
623
826
935
927
1016
1282
1489
1493
1471
1631
1839
1835
1668
1587
1627
1591
1415
1234
1152
1128
1010
761
498
347
261
41
-317
-588
-659
-750
-1000
-1175
-1116
-1020
-1095
-1185
-1078
-902
-854
-877
-824
-732
-679
-599
-474
-366
-266
-96
140
319
440
614
833
963
977
997
1060
1081
974
781
622
518
392
176
-90
-293
-407
-540
-756
-946
-999
-1007
-1113
-1269
-1312
-1250
-1255
-1366
-1460
-1441
-1351
-1293
-1261
-1157
-953
-727
-541
-364
-144
109
310
434
525
624
756
897
943
887
944
1163
1299
1244
1179
1284
1442
1408
1230
1153
1212
1194
1030
866
826
858
770
531
307
194
110
-89
-391
-625
-683
-741
-929
-1028
-915
-791
-822
-863
-736
-557
-507
-535
-493
-420
-372
-287
-168
-76
2
142
346
501
579
686
861
967
936
892
925
954
854
644
466
364
236
10
-269
-482
-592
-708
-905
-1073
-1098
-1060
-1108
-1220
-1242
-1141
-1081
-1151
-1216
-1178
-1098
-1057
-1040
-958
-802
-644
-520
-376
-173
50
234
347
424
502
602
719
769
705
670
815
974
944
847
893
1044
1065
923
837
914
970
859
719
718
815
803
611
432
358
282
119
-97
-268
-360
-426
-554
-656
-599
-479
-447
-493
-460
-314
-209
-212
-223
-176
-136
-111
-59
8
89
180
284
389
466
535
642
740
729
638
599
621
581
396
178
77
14
-156
-395
-551
-607
-691
-855
-1009
-1030
-972
-979
-1065
-1114
-1060
-982
-988
-1038
-1038
-982
-941
-923
-883
-793
-667
-546
-438
-310
-137
43
161
217
275
373
475
518
499
453
480
608
684
641
609
683
797
827
797
829
940
994
925
862
904
997
957
762
608
555
479
315
147
39
-29
-98
-188
-212
-129
-43
-44
-99
-91
-14
42
32
-14
-65
-92
-66
-43
-57
-42
27
82
88
106
198
295
294
217
156
139
132
62
-85
-229
-311
-381
-489
-613
-697
-719
-753
-852
-933
-902
-811
-800
-878
-914
-836
-762
-806
-868
-851
-803
-804
-825
-789
-688
-572
-491
-408
-257
-73
72
153
225
326
413
448
446
434
402
412
502
561
543
539
618
732
799
837
917
1028
1078
1041
1039
1112
1179
1112
932
810
768
685
526
383
294
211
109
-3
-23
60
93
13
-75
-44
34
23
-67
-137
-183
-262
-328
-356
-380
-394
-403
-413
-415
-379
-300
-219
-194
-209
-201
-160
-118
-115
-177
-250
-287
-330
-403
-475
-523
-553
-587
-633
-646
-586
-507
-486
-516
-510
-439
-402
-462
-535
-558
-590
-668
-727
-715
-664
-624
-591
-498
-333
-168
-51
56
185
307
374
403
444
473
433
404
486
575
575
567
646
790
890
934
994
1092
1162
1157
1147
1188
1241
1180
992
836
752
644
469
298
176
63
-55
-161
-188
-151
-162
-232
-281
-251
-217
-239
-279
-304
-359
-456
-503
-498
-517
-553
-557
-523
-478
-420
-329
-222
-150
-127
-117
-88
-46
-39
-106
-198
-232
-244
-295
-368
-403
-381
-356
-374
-391
-342
-260
-243
-287
-313
-293
-300
-397
-512
-572
-614
-682
-746
-759
-722
-659
-587
-480
-316
-137
8
126
248
365
445
479
486
462
389
343
407
485
481
473
565
730
848
897
971
1101
1188
1162
1110
1133
1188
1123
911
722
627
515
328
138
31
-42
-138
-246
-283
-215
-166
-202
-257
-246
-199
-204
-260
-314
-374
-460
-530
-565
-600
-618
-594
-540
-493
-430
-317
-172
-62
-21
1
50
94
75
-4
-79
-107
-139
-219
-293
-291
-235
-196
-193
-177
-107
-27
-2
-31
-56
-61
-115
-255
-417
-523
-597
-711
-845
-919
-908
-862
-809
-719
-552
-349
-179
-47
105
286
414
447
432
407
361
271
207
230
261
251
257
344
498
640
744
844
957
1042
1069
1093
1142
1163
1061
862
692
572
432
251
88
-26
-125
-211
-251
-206
-121
-88
-100
-88
-34
-3
-19
-57
-123
-237
-364
-441
-485
-547
-593
-585
-539
-484
-410
-289
-148
-56
-27
-7
42
76
42
-41
-96
-102
-131
-191
-213
-173
-119
-101
-94
-51
23
69
59
17
-20
-65
-158
-301
-441
-542
-642
-766
-872
-918
-905
-852
-771
-651
-482
-296
-133
13
167
313
382
362
308
251
172
57
-13
1
24
19
48
181
393
583
706
815
965
1098
1155
1172
1197
1205
1109
923
766
674
581
429
271
169
115
76
44
65
106
100
72
66
64
22
-43
-124
-253
-428
-566
-626
-680
-767
-808
-764
-697
-649
-567
-418
-274
-205
-186
-143
-80
-48
-81
-137
-132
-87
-87
-114
-82
10
98
141
168
221
278
295
261
200
147
84
-47
-235
-412
-552
-682
-822
-945
-1027
-1044
-995
-904
-772
-599
-408
-231
-84
51
172
243
228
138
32
-41
-118
-224
-253
-171
-96
-46
75
322
590
764
883
1023
1175
1274
1310
1318
1328
1293
1156
982
868
795
679
508
364
280
220
144
83
73
48
-31
-101
-133
-180
-274
-361
-441
-571
-725
-799
-803
-843
-896
-849
-709
-594
-534
-419
-234
-104
-78
-65
5
82
86
28
2
61
128
132
132
188
282
353
387
412
434
435
391
300
191
77
-55
-239
-451
-644
-795
-911
-1015
-1105
-1151
-1121
-1016
-885
-744
-570
-385
-225
-97
24
144
218
197
92
-4
-46
-107
-223
-262
-165
-84
-63
42
303
577
721
801
920
1069
1171
1195
1196
1228
1247
1163
1029
964
936
841
674
543
467
381
249
130
71
-6
-145
-258
-316
-384
-492
-584
-624
-686
-787
-827
-770
-736
-748
-686
-535
-412
-361
-284
-132
-25
-35
-71
-39
16
14
-24
-29
36
119
166
220
329
457
545
597
614
602
563
484
358
187
2
-175
-371
-591
-783
-916
-1014
-1095
-1154
-1169
-1116
-1010
-888
-758
-613
-463
-325
-222
-143
-59
20
34
-35
-121
-175
-221
-313
-401
-357
-230
-168
-112
61
331
553
677
777
909
1050
1138
1171
1214
1314
1383
1330
1234
1200
1177
1061
882
729
584
414
215
31
-106
-248
-411
-533
-587
-620
-646
-631
-588
-566
-537
-450
-333
-271
-241
-164
-60
-13
-29
-21
26
26
-40
-97
-88
-49
-34
-31
17
129
239
296
346
422
487
497
459
396
312
198
58
-110
-290
-445
-575
-712
-841
-946
-1014
-1045
-1061
-1081
-1075
-1011
-911
-821
-740
-635
-501
-367
-276
-210
-114
1
60
29
-24
-39
-60
-159
-277
-273
-179
-133
-139
-79
102
314
466
572
703
870
1017
1113
1212
1378
1538
1565
1487
1426
1380
1270
1069
836
606
371
111
-130
-293
-418
-551
-644
-655
-605
-520
-396
-248
-142
-78
15
138
194
167
139
123
64
-45
-146
-197
-248
-333
-400
-403
-349
-269
-197
-139
-28
125
219
263
304
323
313
266
168
51
-56
-181
-338
-491
-609
-682
-751
-821
-867
-892
-891
-865
-859
-871
-840
-771
-736
-709
-637
-547
-457
-367
-285
-182
-52
65
138
169
182
190
144
34
-37
-36
-54
-117
-156
-98
49
203
327
482
693
909
1083
1249
1463
1682
1779
1730
1641
1551
1401
1157
862
557
252
-48
-303
-465
-541
-598
-620
-551
-395
-209
-10
196
362
439
467
502
494
381
207
35
-144
-327
-479
-567
-613
-656
-674
-620
-499
-364
-249
-155
-58
28
71
72
47
-11
-109
-221
-321
-404
-475
-543
-606
-639
-628
-581
-524
-470
-428
-409
-408
-413
-431
-489
-562
-614
-660
-691
-679
-618
-524
-409
-260
-76
112
277
401
480
515
488
397
255
66
-141
-307
-424
-523
-572
-527
-382
-179
62
346
650
941
1209
1451
1665
1826
1889
1823
1655
1435
1179
884
571
266
-17
-263
-430
-481
-434
-352
-254
-103
88
284
465
605
666
632
551
449
313
123
-103
-328
-530
-687
-784
-814
-795
-764
-717
-626
-492
-351
-241
-183
-172
-177
-185
-209
-257
-339
-430
-488
-506
-497
-460
-406
-352
-291
-213
-119
-27
32
38
-7
-70
-125
-191
-287
-382
-452
-511
-542
-510
-427
-328
-230
-115
25
182
316
385
381
329
240
101
-79
-283
-508
-720
-846
-879
-888
-841
-686
-436
-147
156
483
807
1087
1304
1465
1600
1705
1719
1599
1404
1220
1043
841
639
481
344
223
155
175
249
313
347
390
453
515
556
548
486
372
223
81
-51
-207
-391
-557
-686
-784
-845
-854
-819
-785
-764
-726
-642
-535
-458
-434
-434
-411
-375
-366
-380
-391
-405
-426
-434
-405
-358
-327
-324
-333
-323
-290
-255
-236
-235
-241
-231
-202
-169
-138
-112
-102
-104
-98
-79
-62
-65
-84
-105
-119
-111
-95
-102
-144
-189
-232
-293
-368
-440
-511
-594
-659
-655
-583
-496
-397
-250
-40
212
465
705
939
1173
1387
1554
1702
1853
1949
1939
1860
1772
1680
1533
1336
1127
920
716
526
367
248
153
59
3
3
29
49
46
19
-47
-145
-252
-377
-540
-728
-903
-1039
-1148
-1223
-1244
-1203
-1123
-1024
-898
-735
-551
-391
-280
-201
-137
-99
-119
-197
-307
-428
-550
-665
-760
-822
-842
-809
-724
-601
-432
-211
22
225
393
549
678
748
730
639
502
339
153
-47
-235
-377
-468
-530
-552
-498
-377
-254
-160
-88
-16
35
23
-56
-167
-292
-442
-606
-727
-754
-727
-678
-562
-345
-38
311
667
1022
1372
1695
1960
2163
2305
2368
2316
2158
1953
1730
1475
1191
909
650
421
242
130
74
34
0
-17
-18
-30
-72
-156
-290
-469
-682
-897
-1093
-1262
-1422
-1548
-1598
-1562
-1470
-1332
-1154
-960
-766
-578
-404
-264
-177
-156
-204
-306
-428
-557
-701
-843
-951
-993
-964
-859
-683
-451
-183
111
416
704
964
1178
1312
1349
1305
1200
1043
828
561
278
25
-167
-310
-418
-461
-430
-356
-264
-154
-39
51
88
69
11
-72
-188
-349
-547
-733
-884
-1003
-1080
-1073
-958
-789
-584
-305
51
438
807
1137
1428
1685
1902
2053
2130
2161
2147
2058
1896
1718
1545
1340
1108
889
694
506
333
174
30
-124
-286
-449
-602
-751
-895
-1038
-1164
-1268
-1362
-1434
-1465
-1462
-1451
-1417
-1340
-1238
-1140
-1037
-927
-828
-754
-694
-639
-599
-567
-545
-524
-492
-430
-350
-267
-164
-39
99
243
393
539
668
785
891
968
999
1009
995
934
834
726
621
515
404
289
181
90
14
-60
-135
-193
-235
-281
-324
-343
-344
-358
-385
-416
-442
-464
-480
-489
-498
-504
-505
-511
-510
-502
-492
-466
-394
-274
-134
37
254
505
758
997
1227
1446
1641
1798
1905
1976
2012
1982
1862
1684
1479
1238
956
667
393
125
-138
-375
-572
-746
-895
-1024
-1130
-1212
-1270
-1311
-1346
-1379
-1414
-1455
-1482
-1493
-1500
-1498
-1460
-1388
-1301
-1192
-1038
-854
-668
-485
-295
-97
101
285
440
567
682
773
818
829
825
803
751
688
633
585
546
524
510
500
504
523
537
545
546
527
479
415
339
235
113
-14
-146
-286
-413
-504
-567
-608
-617
-589
-529
-444
-343
-243
-142
-41
43
97
133
154
142
94
26
-46
-124
-210
-275
-296
-272
-211
-112
36
232
453
674
877
1061
1220
1339
1409
1438
1426
1358
1222
1029
804
558
288
7
-270
-522
-750
-942
-1093
-1205
-1283
-1337
-1364
-1358
-1321
-1268
-1209
-1147
-1092
-1046
-1000
-945
-889
-833
-753
-651
-524
-372
-194
0
191
374
541
689
816
908
956
957
934
883
796
682
561
443
331
231
154
106
83
77
83
102
141
188
226
255
272
273
255
215
159
82
-5
-87
-156
-214
-253
-268
-258
-230
-182
-113
-28
63
150
227
292
345
376
376
344
287
209
109
0
-106
-208
-309
-397
-465
-503
-519
-508
-464
-392
-296
-178
-54
71
191
282
338
366
366
333
276
206
124
31
-66
-158
-242
-318
-374
-411
-434
-434
-420
-400
-372
-339
-308
-283
-264
-246
-230
-215
-199
-181
-164
-139
-99
-51
7
86
182
283
387
487
569
636
680
689
665
609
532
429
304
170
33
-102
-222
-318
-385
-415
-401
-354
-281
-179
-57
77
212
336
443
524
580
612
611
579
526
458
379
300
229
172
132
107
94
93
104
124
136
137
127
99
50
-21
-108
-210
-325
-441
-553
-654
-731
-785
-816
-826
-812
-775
-731
-683
-634
-598
-582
-583
-599
-628
-665
-697
-719
-723
-710
-667
-587
-480
-351
-197
-25
162
355
542
713
858
973
1040
1057
1036
980
892
779
655
533
415
313
230
173
148
148
167
204
261
318
364
399
413
406
375
325
257
171
82
-7
-93
-171
-226
-262
-282
-281
-260
-224
-171
-108
-50
7
63
118
157
186
207
222
228
231
231
232
232
233
234
237
247
255
257
254
244
226
198
160
110
44
-35
-127
-226
-332
-443
-554
-663
-768
-862
-940
-999
-1041
-1069
-1079
-1072
-1037
-981
-912
-828
-735
-639
-543
-453
-368
-300
-254
-224
-206
-198
-195
-195
-195
-183
-153
-98
-11
104
244
402
576
755
929
1090
1219
1316
1373
1390
1363
1294
1191
1053
887
714
544
388
251
137
51
-1
-16
-3
30
77
124
169
201
218
212
183
134
63
-22
-107
-184
-250
-303
-329
-325
-294
-234
-152
-59
35
128
208
265
298
299
260
188
91
-22
-149
-279
-402
-514
-599
-655
-679
-671
-638
-581
-512
-434
-357
-287
-234
-209
-208
-229
-267
-320
-384
-453
-514
-564
-599
-611
-599
-562
-503
-431
-341
-241
-138
-41
42
111
166
205
233
248
255
262
268
282
298
320
349
379
414
443
464
476
471
448
404
345
267
180
82
-22
-120
-207
-278
-321
-338
-324
-280
-204
-104
14
144
281
412
530
631
708
761
795
810
803
782
747
701
649
593
538
484
435
387
341
297
254
213
168
119
63
4
-58
-123
-190
-260
-335
-409
-485
-554
-621
-683
-740
-791
-834
-871
-894
-910
-918
-918
-909
-886
-852
-809
-753
-689
-618
-539
-452
-362
-273
-186
-108
-36
31
92
144
187
224
252
276
298
317
336
351
366
379
392
403
411
418
420
422
420
414
408
398
387
375
361
347
329
309
287
261
236
209
179
149
116
82
44
6
-28
-64
-95
-119
-137
-148
-150
-144
-132
-110
-87
-61
-36
-16
-1
2
-3
-15
-35
-64
-98
-135
-172
-204
-231
-248
-255
-251
-235
-208
-171
-126
-69
-7
61
125
184
244
299
339
368
384
386
374
352
320
278
230
176
111
41
-29
-100
-172
-242
-314
-384
-446
-503
-554
-595
-627
-647
-660
-658
-642
-611
-569
-517
-459
-394
-315
-227
-137
-48
48
143
238
334
427
513
589
658
712
755
788
805
802
783
749
700
642
574
497
416
332
252
174
102
34
-25
-78
-130
-178
-218
-258
-301
-346
-393
-441
-486
-531
-575
-614
-645
-663
-667
-657
-630
-585
-521
-445
-358
-259
-152
-47
54
149
238
317
385
436
473
498
512
516
514
506
494
482
465
451
433
415
393
361
325
283
231
174
109
33
-43
-122
-198
-270
-336
-391
-436
-467
-484
-486
-472
-450
-420
-384
-347
-311
-275
-247
-221
-200
-184
-166
-154
-135
-108
-87
-52
-15
27
73
114
155
189
214
228
226
213
185
145
94
37
-22
-78
-127
-168
-198
-212
-205
-178
-134
-76
-8
68
149
226
297
354
396
423
431
426
411
385
347
295
245
195
147
109
71
36
5
-22
-42
-61
-79
-106
-139
-172
-211
-248
-289
-325
-362
-395
-411
-418
-408
-379
-340
-286
-221
-142
-55
32
120
194
260
315
360
389
398
393
374
344
308
271
233
197
166
139
122
116
114
117
117
116
113
104
91
67
33
-9
-58
-109
-163
-215
-263
-308
-345
-373
-389
-392
-388
-377
-359
-332
-300
-265
-231
-199
-169
-142
-117
-90
-67
-44
-23
0
28
60
96
136
175
215
255
293
327
355
371
372
364
342
311
267
212
148
77
6
-63
-128
-188
-243
-289
-326
-351
-365
-371
-370
-365
-355
-340
-323
-303
-281
-257
-234
-205
-172
-131
-86
-37
17
75
141
208
275
341
402
455
501
539
564
577
577
561
532
493
448
395
338
276
211
150
91
37
-13
-59
-98
-132
-163
-188
-209
-229
-249
-266
-281
-292
-301
-305
-305
-304
-296
-281
-260
-232
-198
-160
-117
-71
-26
19
59
95
121
141
151
155
149
137
117
94
68
39
13
-11
-35
-53
-69
-80
-89
-96
-103
-109
-114
-120
-127
-138
-151
-168
-181
-194
-206
-215
-220
-221
-216
-205
-188
-164
-135
-101
-65
-28
11
49
85
117
145
168
186
203
214
219
221
221
221
220
221
224
226
230
231
234
238
240
237
232
221
209
191
169
145
118
88
58
31
7
-13
-28
-39
-45
-49
-47
-41
-32
-23
-13
-6
-1
1
1
-3
-10
-22
-36
-52
-66
-81
-96
-111
-123
-134
-139
-143
-142
-141
-140
-135
-131
-125
-119
-115
-112
-109
-112
-114
-117
-122
-126
-133
-137
-141
-139
-138
-133
-127
-119
-109
-99
-85
-74
-64
-56
-49
-46
-43
-40
-39
-39
-38
-36
-34
-30
-23
-14
-5
9
23
37
52
67
79
89
99
110
117
125
131
136
140
147
155
164
174
186
199
214
227
241
257
269
277
282
283
281
274
261
244
221
198
173
146
118
90
60
33
8
-15
-38
-58
-78
-95
-113
-129
-144
-159
-175
-191
-204
-216
-227
-238
-245
-250
-251
-247
-238
-226
-208
-190
-166
-141
-114
-88
-64
-44
-27
-14
-4
1
1
-1
-8
-15
-24
-33
-43
-52
-60
-67
-69
-72
-71
-71
-71
-71
-70
-70
-69
-70
-72
-74
-76
-78
-78
-77
-77
-73
-66
-55
-42
-24
-6
16
38
60
86
110
133
156
175
194
208
220
230
237
241
241
241
239
239
235
231
225
219
215
210
201
192
181
172
159
145
131
117
102
84
65
49
37
25
12
0
-10
-18
-26
-36
-47
-57
-67
-80
-93
-108
-122
-136
-152
-167
-182
-194
-206
-216
-226
-233
-238
-240
-243
-244
-241
-237
-234
-232
-230
-225
-221
-217
-212
-206
-198
-189
-178
-164
-148
-130
-109
-86
-61
-36
-9
20
44
70
94
114
132
145
155
163
166
165
163
158
152
146
138
131
126
120
116
112
110
107
106
102
100
98
95
91
87
83
78
74
69
64
62
60
63
66
69
76
83
92
101
110
120
126
132
134
134
131
126
120
111
99
87
74
60
47
33
17
3
-9
-20
-33
-49
-63
-78
-91
-104
-119
-133
-146
-160
-173
-183
-193
-201
-208
-212
-215
-216
-213
-211
-207
-200
-194
-184
-174
-164
-153
-142
-131
-118
-107
-94
-78
-64
-46
-28
-9
9
26
42
59
74
89
100
109
114
117
120
119
119
117
114
112
109
107
106
105
103
103
102
102
100
98
94
88
80
70
59
47
35
24
13
4
-4
-11
-13
-15
-15
-14
-10
-6
-1
4
8
13
18
21
25
28
29
30
29
29
25
24
23
21
19
17
15
13
11
7
4
-1
-6
-12
-20
-26
-34
-44
-52
-58
-66
-73
-80
-86
-91
-94
-96
-98
-99
-97
-96
-95
-92
-90
-89
-85
-81
-79
-75
-70
-66
-59
-51
-41
-33
-21
-9
4
18
31
43
55
66
73
81
88
93
97
98
98
97
95
93
93
90
89
88
86
84
82
80
77
73
68
63
56
47
37
25
12
-1
-15
-28
-41
-54
-66
-75
-84
-88
-93
-92
-90
-87
-83
-77
-68
-61
-52
-46
-36
-27
-18
-9
-1
7
15
24
33
43
50
56
62
66
71
74
73
71
65
59
50
39
25
11
-3
-18
-31
-44
-54
-64
-72
-79
-83
-85
-86
-85
-83
-80
-78
-73
-67
-62
-58
-51
-43
-37
-29
-22
-13
-6
4
13
22
31
39
47
54
60
65
69
71
72
73
71
69
67
65
65
66
65
65
64
64
65
65
63
63
62
57
53
46
37
29
18
8
-4
-14
-24
-36
-47
-55
-64
-72
-78
-86
-94
-100
-107
-112
-117
-120
-123
-125
-124
-119
-113
-102
-90
-78
-61
-43
-24
-3
17
37
55
72
86
97
108
115
118
121
121
119
117
111
104
96
88
78
67
55
42
27
12
-5
-24
-41
-59
-76
-91
-104
-111
-117
-120
-119
-115
-105
-93
-77
-58
-38
-18
3
22
43
61
76
88
98
104
106
106
104
101
96
90
81
73
63
55
45
33
24
15
5
-6
-18
-30
-43
-53
-63
-73
-81
-89
-95
-96
-98
-97
-93
-88
-80
-71
-60
-47
-37
-25
-13
-2
6
13
19
24
25
25
23
21
17
11
5
-2
-8
-13
-16
-21
-23
-24
-24
-23
-21
-17
-10
-4
2
9
16
25
32
41
48
55
61
66
70
76
83
88
91
92
91
92
90
85
77
69
59
48
35
23
8
-6
-20
-32
-42
-51
-57
-61
-64
-64
-65
-60
-56
-53
-48
-44
-40
-36
-32
-30
-29
-29
-28
-28
-27
-27
-26
-25
-23
-23
-22
-22
-21
-24
-28
-31
-35
-39
-46
-53
-60
-66
-69
-72
-74
-73
-69
-62
-54
-43
-30
-15
-1
16
29
43
55
64
71
76
80
80
80
76
74
70
68
64
61
59
57
54
51
50
48
47
45
43
42
39
38
35
33
30
27
27
26
24
26
28
31
35
37
41
46
50
53
55
56
55
53
49
43
37
29
18
7
-5
-16
-27
-38
-46
-53
-58
-64
-66
-69
-70
-71
-71
-72
-72
-73
-73
-74
-75
-77
-81
-85
-89
-91
-96
-98
-100
-100
-101
-101
-101
-101
-98
-94
-91
-88
-83
-79
-73
-68
-64
-58
-52
-46
-40
-30
-22
-12
-1
9
21
32
43
54
67
79
90
98
105
113
119
126
130
133
138
140
143
146
148
149
147
147
144
142
139
134
126
118
109
96
83
70
54
38
22
4
-12
-27
-40
-53
-64
-75
-83
-89
-94
-99
-102
-102
-101
-99
-98
-93
-88
-82
-75
-66
-56
-43
-32
-19
-6
6
21
35
45
54
63
68
70
70
68
61
54
42
32
20
7
-7
-20
-32
-43
-54
-65
-75
-82
-90
-97
-104
-111
-119
-126
-132
-138
-144
-149
-150
-152
-151
-149
-144
-137
-125
-111
-93
-74
-55
-36
-14
7
28
49
66
84
99
115
126
136
147
154
161
167
171
176
181
184
189
191
191
190
187
181
173
163
153
141
125
109
92
74
57
41
27
13
0
-12
-22
-30
-37
-43
-48
-54
-57
-62
-68
-73
-78
-82
-87
-90
-92
-96
-96
-96
-94
-92
-87
-84
-80
-75
-72
-70
-67
-67
-68
-70
-73
-78
-83
-87
-92
-96
-99
-104
-105
-106
-103
-101
-98
-94
-90
-84
-79
-72
-65
-59
-52
-45
-39
-29
-21
-13
-4
7
19
32
44
57
69
79
88
96
103
108
111
114
114
114
113
113
111
110
107
106
105
104
102
101
101
98
96
93
90
86
79
72
65
57
48
41
33
26
21
18
15
14
13
12
13
13
14
16
17
17
12
10
5
0
-5
-12
-18
-25
-30
-36
-40
-44
-48
-51
-54
-56
-58
-61
-63
-67
-69
-73
-78
-83
-88
-92
-97
-101
-104
-107
-108
-108
-107
-107
-104
-100
-95
-91
-86
-84
-80
-76
-71
-68
-64
-59
-52
-45
-38
-31
-21
-12
-1
10
22
35
47
57
67
79
90
98
107
113
118
120
123
126
126
129
127
126
125
121
118
113
110
104
97
89
80
70
61
49
39
26
13
1
-11
-22
-31
-39
-48
-55
-61
-65
-66
-68
-68
-67
-67
-65
-63
-59
-56
-54
-49
-46
-44
-40
-36
-31
-25
-21
-16
-12
-7
-2
5
7
10
14
16
17
15
13
10
4
0
-4
-9
-15
-21
-24
-28
-30
-34
-35
-35
-36
-34
-33
-33
-31
-30
-28
-26
-24
-22
-20
-19
-19
-17
-15
-12
-10
-6
-2
2
7
11
18
23
29
34
38
42
44
49
51
54
56
56
57
59
60
62
64
65
66
65
64
62
60
56
52
48
41
34
25
17
7
-4
-13
-20
-28
-36
-42
-47
-50
-52
-53
-55
-55
-55
-53
-53
-52
-50
-49
-49
-48
-45
-45
-44
-42
-39
-34
-29
-24
-20
-15
-12
-8
-3
0
4
7
7
8
7
6
6
6
5
4
1
1
0
0
2
4
7
9
11
12
15
18
21
22
24
25
28
28
27
27
27
27
27
26
27
26
25
23
21
19
17
14
11
7
5
0
-3
-6
-9
-12
-15
-15
-17
-17
-16
-16
-14
-11
-9
-8
-7
-6
-4
-3
-2
-2
-2
-3
-5
-7
-9
-10
-13
-15
-17
-20
-22
-23
-24
-23
-25
-28
-30
-31
-33
-33
-34
-35
-36
-37
-34
-32
-28
-24
-18
-11
-4
4
11
19
25
31
37
42
45
49
51
54
56
57
59
60
60
57
56
56
57
55
54
51
48
44
39
34
29
24
19
15
7
1
-6
-11
-15
-19
-22
-24
-25
-27
-29
-28
-29
-28
-27
-29
-29
-31
-33
-33
-36
-38
-39
-39
-40
-41
-41
-38
-35
-34
-32
-29
-27
-26
-22
-19
-17
-14
-12
-12
-12
-11
-11
-12
-11
-10
-10
-8
-7
-7
-6
-4
-5
-4
-4
-4
-4
-5
-4
-4
-3
-3
-3
-2
1
4
9
14
19
25
30
35
40
47
52
57
61
63
65
67
67
66
66
66
64
63
60
56
53
48
43
36
31
24
16
6
-4
-12
-18
-25
-30
-37
-44
-49
-53
-55
-55
-56
-55
-54
-53
-52
-51
-50
-48
-45
-43
-41
-41
-38
-36
-34
-32
-29
-27
-24
-21
-18
-16
-14
-11
-8
-8
-7
-6
-6
-6
-7
-7
-6
-5
-5
-7
-6
-4
-3
-1
0
1
3
4
6
7
8
10
11
13
15
16
20
21
23
25
30
33
35
37
39
40
43
45
45
46
45
45
41
41
41
40
37
35
33
31
29
27
26
25
22
20
18
14
11
7
3
0
-4
-7
-10
-14
-18
-22
-23
-25
-27
-29
-31
-32
-33
-33
-34
-34
-34
-34
-36
-36
-36
-36
-36
-37
-37
-38
-38
-38
-38
-37
-35
-33
-32
-31
-29
-28
-26
-23
-20
-18
-17
-15
-12
-13
-11
-9
-7
-5
-3
-1
3
4
7
10
13
17
20
21
22
22
24
24
26
25
23
21
20
18
16
15
14
14
15
17
18
20
22
27
30
34
38
42
44
45
47
49
50
50
48
47
44
41
38
36
33
29
25
21
15
10
4
-1
-7
-13
-19
-25
-30
-37
-43
-47
-51
-53
-55
-55
-54
-53
-52
-49
-45
-41
-39
-37
-34
-30
-26
-23
-21
-18
-15
-13
-10
-9
-6
-4
-3
0
-1
0
1
0
-1
-3
-6
-6
-8
-10
-13
-15
-17
-19
-19
-19
-17
-15
-12
-9
-5
0
5
9
13
15
19
23
25
28
28
31
31
29
31
32
33
34
34
35
35
34
33
32
31
29
25
24
19
15
13
8
4
2
1
0
-2
-2
-2
0
2
2
3
5
4
6
8
8
8
9
6
2
0
-1
-2
-5
-7
-8
-11
-12
-14
-17
-20
-22
-25
-27
-26
-26
-28
-30
-31
-31
-32
-30
-29
-28
-27
-25
-20
-16
-13
-11
-7
-5
-3
-1
1
3
4
3
4
2
2
2
-1
-2
-2
-3
-5
-7
-7
-9
-9
-9
-9
-10
-9
-9
-9
-7
-5
-3
0
0
2
6
10
13
18
22
24
28
30
34
36
39
40
39
40
41
40
40
39
36
36
34
31
29
24
21
17
15
12
8
7
4
0
-1
-2
-3
-5
-8
-9
-10
-11
-12
-12
-12
-13
-15
-15
-16
-17
-17
-17
-17
-16
-17
-17
-18
-20
-21
-22
-25
-25
-26
-29
-29
-32
-34
-35
-33
-32
-32
-31
-30
-30
-29
-28
-25
-22
-19
-18
-16
-14
-10
-7
-6
-3
-1
2
3
5
6
7
10
10
11
12
11
12
11
10
9
7
7
7
7
6
6
6
9
11
12
15
17
20
22
26
29
32
35
37
40
41
42
44
44
45
44
43
42
40
38
36
33
32
29
26
21
16
12
9
6
3
-2
-6
-9
-12
-13
-14
-15
-16
-18
-19
-20
-19
-18
-17
-17
-17
-16
-17
-18
-17
-16
-16
-14
-14
-15
-15
-16
-15
-16
-16
-16
-17
-18
-21
-25
-27
-29
-31
-33
-35
-37
-39
-40
-38
-38
-37
-35
-33
-31
-29
-25
-22
-19
-15
-11
-8
-6
-5
-1
1
4
6
9
10
11
12
11
14
16
18
20
22
23
23
25
27
29
31
31
32
31
32
32
32
31
32
32
32
31
31
31
30
31
29
29
27
26
23
18
16
12
9
5
-1
-5
-11
-15
-18
-21
-24
-26
-28
-29
-30
-32
-31
-31
-32
-30
-31
-29
-27
-26
-24
-21
-18
-14
-11
-8
-5
-2
1
5
10
12
15
17
18
19
19
20
19
19
17
16
15
13
11
9
6
4
1
-1
-3
-4
-6
-7
-8
-9
-10
-10
-10
-11
-10
-9
-8
-8
-6
-4
-1
2
5
7
10
13
15
17
19
21
22
24
25
24
23
21
19
17
15
12
9
5
2
-2
-3
-7
-8
-10
-13
-15
-17
-19
-22
-23
-26
-25
-26
-28
-28
-29
-29
-29
-28
-27
-26
-25
-22
-20
-19
-18
-15
-13
-14
-12
-11
-9
-7
-6
-6
-5
-3
-1
-1
1
1
2
2
5
5
9
10
10
12
13
15
16
18
19
19
21
22
24
25
26
27
28
26
26
27
28
26
26
23
20
19
17
17
15
15
13
10
9
7
7
7
6
6
4
5
4
2
3
3
3
2
0
0
0
1
2
1
0
-1
-2
-3
-6
-8
-10
-14
-17
-21
-24
-29
-35
-39
-44
-47
-52
-55
-57
-58
-59
-59
-59
-58
-54
-50
-45
-40
-36
-29
-25
-19
-13
-6
0
6
11
16
20
25
33
37
40
43
46
46
48
49
51
52
51
49
47
47
46
43
41
38
35
31
29
27
26
25
24
23
21
20
18
16
16
16
15
14
13
12
12
10
6
4
0
-2
-4
-4
-6
-9
-13
-18
-23
-26
-30
-33
-36
-40
-43
-45
-47
-49
-50
-50
-51
-51
-50
-47
-45
-41
-39
-36
-34
-32
-28
-24
-21
-18
-16
-14
-13
-10
-10
-8
-7
-8
-7
-7
-7
-6
-6
-4
-3
-3
0
1
3
4
7
8
11
12
15
17
22
24
27
32
35
38
42
46
50
54
57
59
62
62
65
64
64
62
60
57
52
47
42
37
32
27
20
14
10
6
1
-3
-8
-14
-17
-21
-24
-28
-31
-33
-36
-38
-40
-39
-39
-38
-37
-36
-34
-32
-32
-31
-29
-28
-29
-31
-30
-31
-32
-33
-35
-36
-38
-39
-41
-43
-45
-46
-45
-44
-44
-42
-39
-37
-34
-32
-28
-24
-18
-12
-8
-3
1
6
11
18
24
29
33
38
41
43
46
48
50
51
51
51
49
46
45
43
42
39
35
34
33
32
30
30
30
31
31
31
31
32
34
32
31
30
29
29
27
27
23
20
17
15
12
8
5
0
-4
-8
-12
-17
-19
-25
-30
-35
-41
-45
-50
-52
-54
-55
-57
-58
-57
-57
-54
-52
-46
-42
-40
-37
-34
-31
-28
-25
-21
-18
-16
-14
-15
-14
-13
-11
-12
-10
-10
-10
-10
-9
-8
-7
-6
-6
-6
-4
-4
-4
-1
1
3
5
7
10
14
17
22
24
29
35
38
42
45
46
48
50
51
52
51
49
49
46
43
39
38
35
32
29
26
23
19
16
12
9
6
3
0
-1
-4
-5
-6
-8
-8
-8
-7
-7
-9
-9
-9
-9
-10
-11
-11
-12
-14
-15
-18
-19
-21
-23
-24
-27
-29
-30
-31
-34
-34
-35
-34
-35
-34
-33
-33
-32
-32
-30
-28
-26
-25
-24
-23
-22
-20
-19
-16
-13
-11
-9
-5
-3
0
2
4
5
7
9
10
12
12
13
14
15
14
14
14
14
15
15
16
18
19
19
19
20
20
21
21
22
24
25
26
28
28
31
32
34
35
36
36
37
35
34
32
31
31
29
25
21
18
15
13
10
7
2
-3
-6
-8
-10
-13
-14
-19
-22
-25
-28
-29
-31
-30
-31
-31
-29
-28
-28
-28
-26
-25
-22
-21
-19
-17
-16
-16
-14
-13
-13
-14
-16
-15
-13
-14
-12
-13
-13
-14
-16
-15
-15
-12
-13
-14
-16
-16
-13
-13
-12
-12
-12
-9
-6
-3
0
2
4
5
7
9
10
11
11
11
12
14
15
15
16
15
15
16
18
17
17
17
19
20
20
20
19
20
18
20
17
18
18
18
19
19
18
19
18
19
20
19
20
20
21
21
21
21
19
18
16
14
11
9
5
2
-2
-4
-7
-10
-14
-17
-20
-22
-22
-25
-28
-30
-32
-35
-36
-38
-39
-40
-41
-40
-40
-38
-36
-35
-34
-33
-32
-27
-24
-20
-18
-15
-13
-10
-7
-6
-3
-3
-2
-1
-1
-1
-1
1
1
1
2
3
3
3
5
6
7
9
10
12
14
16
17
19
21
21
23
26
26
28
29
30
32
33
34
35
37
38
38
39
38
38
36
34
31
28
23
21
18
14
10
6
3
2
-1
-4
-6
-8
-9
-11
-11
-13
-13
-13
-14
-14
-15
-16
-17
-17
-18
-19
-19
-19
-19
-19
-19
-19
-18
-19
-20
-22
-22
-22
-20
-21
-21
-20
-23
-24
-25
-25
-24
-25
-24
-24
-23
-22
-20
-19
-15
-12
-10
-7
-5
-3
-1
0
3
5
7
8
8
8
10
11
12
14
14
15
16
15
16
14
13
13
13
13
14
14
15
13
14
14
13
12
12
12
13
13
11
13
12
11
11
10
11
11
10
8
7
5
4
3
2
1
0
-1
-3
-5
-6
-7
-8
-11
-13
-13
-15
-16
-15
-17
-17
-17
-17
-15
-13
-12
-10
-9
-8
-7
-5
-2
-1
0
1
3
4
4
7
8
7
8
9
9
9
7
5
5
5
4
4
2
2
2
0
-1
-1
-2
-1
1
1
2
3
3
4
5
5
6
8
10
10
11
11
10
10
9
10
10
9
8
6
7
6
5
3
1
1
0
1
0
-1
-1
-2
-4
-4
-4
-5
-6
-6
-5
-5
-5
-4
-5
-4
-3
-2
-2
-4
-4
-6
-7
-8
-11
-12
-13
-15
-14
-16
-17
-18
-19
-20
-20
-19
-19
-19
-19
-19
-18
-19
-17
-15
-14
-12
-9
-5
-3
0
2
4
7
10
12
15
15
16
19
19
21
20
20
19
20
18
19
19
18
17
17
16
15
15
13
11
10
8
6
4
3
2
0
-1
-3
-3
-3
-2
-3
-4
-5
-4
-3
-3
-3
-3
-2
-2
-2
-4
-3
-3
-3
-2
-3
-5
-5
-5
-5
-6
-7
-8
-9
-10
-11
-11
-11
-11
-10
-11
-11
-11
-11
-11
-10
-8
-8
-5
-5
-4
-3
-1
-1
0
1
3
5
6
6
7
7
8
10
11
11
10
10
11
10
11
10
9
8
8
8
6
5
4
5
5
6
7
8
9
9
10
11
