0
-1
0
-1
0
-1
-1
-1
-2
-1
-2
-1
-1
-1
-1
0
0
0
-1
-1
-1
0
1
1
1
1
1
1
1
1
2
1
2
2
3
4
5
4
3
3
4
3
3
2
3
2
2
2
1
1
-1
-2
-3
-3
-3
-3
-2
-2
-2
-2
-4
-4
-6
-4
-6
-6
-5
-4
-4
-4
-4
-4
-3
-5
-3
-4
-3
-3
-3
-2
-3
-2
-2
-1
0
-1
0
1
1
2
2
2
2
3
4
6
6
5
7
5
5
4
3
3
3
2
2
3
2
1
2
1
1
0
0
0
-1
-1
-1
-1
-1
-2
-1
-2
-1
-2
-3
-2
-2
-3
-2
-3
-4
-3
-3
-4
-3
-4
-3
-2
-2
-1
-1
0
0
1
1
1
1
2
3
4
4
5
6
6
6
7
6
6
6
6
6
6
4
3
2
2
2
2
1
0
0
-1
-1
0
-2
-1
0
0
0
1
1
0
0
-2
-2
-2
-3
-2
-2
-2
-2
-2
-2
-1
1
2
2
2
1
2
3
2
3
2
0
0
-1
-1
-1
-2
-1
-1
-1
-1
-2
-2
-3
-4
-3
-3
-5
-5
-4
-4
-5
-5
-4
-4
-5
-5
-4
-5
-5
-5
-5
-5
-4
-3
-2
-3
-2
-3
-2
-2
-2
-1
-2
-1
0
0
0
1
1
2
3
4
3
3
5
4
5
6
7
7
7
7
5
5
5
3
3
2
2
3
1
1
1
0
0
0
0
0
0
1
1
1
0
0
0
0
-1
-1
-3
-3
-4
-3
-3
-2
-4
-3
-3
-5
-4
-3
-4
-3
-2
-1
-1
-1
1
0
2
2
3
1
1
1
3
4
5
7
7
7
7
7
7
6
5
5
5
6
4
3
2
2
0
1
1
0
0
1
0
-1
0
0
0
-1
-2
-2
-3
-4
-6
-5
-5
-4
-5
-5
-4
-4
-1
-1
-1
-1
0
1
0
-1
-1
-1
-1
-1
-1
0
-1
0
-1
0
0
0
1
3
3
3
2
2
2
2
1
0
1
1
2
1
0
1
0
0
0
-2
-1
-2
-3
-3
-4
-4
-4
-4
-4
-6
-5
-7
-7
-6
-6
-6
-6
-5
-6
-5
-4
-4
-3
-2
-1
-1
0
0
0
1
0
-1
1
1
2
4
3
4
6
5
6
7
7
6
5
4
3
2
2
1
0
-2
-5
-6
-7
-6
-6
-6
-6
-4
-4
-5
-4
-2
-2
-3
-1
0
1
2
1
2
4
4
5
5
4
4
5
6
6
5
6
6
7
7
6
7
7
6
7
7
7
6
7
7
7
6
4
4
2
1
1
0
0
-1
-1
0
1
0
1
2
2
3
4
4
4
4
3
3
2
0
-2
-3
-5
-7
-8
-9
-12
-13
-14
-15
-18
-17
-17
-17
-16
-15
-13
-12
-9
-8
-7
-5
-4
-3
1
2
4
6
6
7
8
9
10
9
9
8
7
5
5
3
5
5
3
3
2
2
0
-1
-1
-1
-1
-1
-3
-2
-1
0
1
2
1
2
2
1
2
2
2
2
1
2
0
-1
-3
-3
-4
-6
-6
-7
-7
-7
-7
-8
-7
-7
-7
-7
-6
-5
-3
-1
0
0
1
0
1
0
0
-2
-1
-2
-2
-2
-4
-4
-4
-3
-4
-4
-4
-3
-3
-1
-1
-1
1
1
3
3
4
6
5
7
7
9
8
9
10
9
9
10
9
9
7
6
7
5
3
2
3
3
4
4
5
5
4
4
4
6
5
6
8
9
9
9
8
7
6
5
4
2
1
-1
-1
-3
-2
-2
-3
-4
-3
-3
-4
-4
-5
-5
-6
-5
-6
-6
-6
-6
-6
-6
-7
-5
-5
-4
-4
-5
-4
-4
-5
-5
-4
-4
-5
-5
-6
-5
-6
-6
-6
-3
-4
-2
-2
-2
-1
0
1
2
2
3
3
4
4
3
4
4
3
3
2
1
0
-1
-3
-2
-3
-3
-2
-2
-1
-2
-2
-1
-1
-1
-1
0
-1
0
-1
-1
-1
-2
-2
-1
-1
-2
-1
-2
-1
-1
-2
-2
-1
-2
-2
-1
-2
-4
-2
-2
-2
-2
-1
-1
-1
1
1
1
3
3
3
4
4
4
4
5
4
4
3
4
5
4
5
5
3
4
2
2
2
2
1
1
1
1
1
1
0
0
1
1
3
1
1
2
1
1
2
2
3
1
1
2
3
3
4
4
5
4
5
4
4
4
2
2
2
1
0
0
0
-1
-2
-2
-3
-3
-3
-2
-1
-2
-1
0
0
0
-1
0
-1
-2
-1
-1
-1
-1
-2
-2
-1
-1
0
-2
-2
-2
-3
-3
-2
-2
-3
-3
-3
-4
-3
-5
-6
-6
-5
-5
-4
-3
-2
-2
-2
0
1
0
1
2
2
1
1
0
1
0
-1
-2
-1
-3
-3
-3
-3
-3
-4
-3
-3
-3
-4
-5
-5
-6
-4
-6
-6
-6
-5
-6
-4
-4
-3
-2
-2
-2
0
-1
-1
-2
-2
-2
-2
-1
-2
-2
-1
-1
1
3
5
6
7
9
11
13
15
17
18
19
19
19
19
18
18
15
14
13
10
9
6
3
0
-1
-4
-4
-5
-6
-6
-6
-6
-5
-5
-4
-2
-3
-2
-2
-1
1
-1
0
0
-1
-2
-4
-5
-5
-7
-9
-9
-11
-11
-10
-9
-7
-6
-3
0
0
2
4
5
8
7
9
9
7
6
4
2
1
-1
-3
-4
-5
-6
-6
-6
-5
-5
-4
-3
-1
-2
-1
-2
-1
0
0
1
1
0
0
-1
-2
-4
-5
-6
-8
-9
-9
-10
-10
-12
-12
-13
-11
-10
-9
-8
-8
-6
-5
-1
1
4
6
8
11
11
14
15
15
16
16
17
17
17
16
16
14
12
12
12
11
10
10
9
9
7
5
4
1
0
-1
-4
-6
-8
-11
-13
-15
-17
-19
-20
-20
-20
-20
-20
-18
-17
-16
-15
-12
-8
-6
-4
-1
0
3
5
7
7
7
7
6
4
4
2
-1
-3
-6
-7
-8
-10
-10
-12
-12
-11
-10
-8
-7
-2
2
5
10
15
20
24
25
28
30
31
31
32
31
30
29
27
25
24
22
21
18
15
10
8
6
1
-3
-9
-11
-13
-14
-16
-18
-19
-19
-19
-22
-22
-22
-20
-22
-23
-25
-24
-24
-21
-20
-20
-19
-17
-16
-17
-17
-18
-20
-21
-24
-29
-34
-37
-40
-43
-47
-49
-47
-42
-39
-36
-32
-26
-15
-4
8
21
35
51
69
87
103
119
130
137
141
141
140
136
127
116
103
90
82
75
65
54
41
30
19
11
1
-9
-20
-34
-45
-53
-60
-68
-76
-89
-98
-104
-105
-108
-111
-113
-112
-109
-101
-96
-92
-89
-86
-85
-85
-85
-86
-89
-94
-102
-110
-117
-122
-131
-142
-153
-162
-163
-163
-162
-157
-139
-104
-53
5
65
129
197
264
323
371
406
426
437
437
429
418
400
371
323
266
207
158
111
60
2
-57
-111
-157
-190
-220
-244
-265
-281
-286
-277
-253
-221
-188
-160
-131
-101
-66
-27
8
34
50
61
76
93
106
109
101
88
74
65
60
55
45
27
4
-16
-31
-39
-47
-62
-80
-100
-116
-124
-129
-136
-146
-155
-160
-158
-147
-129
-110
-92
-80
-62
-39
-9
22
47
64
77
89
103
115
119
116
107
93
76
58
39
20
-3
-31
-59
-82
-98
-106
-112
-120
-127
-131
-131
-133
-135
-131
-114
-84
-46
3
63
138
215
283
331
364
385
403
417
417
407
388
366
338
307
273
233
185
127
64
7
-41
-82
-127
-184
-242
-288
-309
-312
-309
-305
-304
-299
-289
-268
-241
-217
-200
-186
-171
-147
-110
-70
-39
-21
-14
-6
6
19
23
18
6
-5
-10
-11
-15
-23
-35
-50
-66
-82
-93
-99
-105
-114
-128
-136
-139
-139
-146
-161
-170
-169
-167
-170
-176
-159
-99
-2
98
185
277
391
514
614
680
711
717
699
662
620
582
538
462
351
230
135
75
24
-50
-150
-248
-324
-372
-406
-435
-469
-503
-522
-510
-464
-390
-310
-247
-203
-159
-97
-15
61
114
140
150
164
191
223
236
225
190
149
118
100
87
61
16
-42
-91
-125
-150
-177
-215
-263
-312
-347
-358
-347
-329
-319
-313
-299
-263
-206
-143
-92
-48
-3
38
76
112
145
171
184
179
163
151
141
119
75
14
-53
-118
-184
-250
-306
-323
-291
-220
-125
-13
120
273
427
559
656
721
762
782
782
766
738
694
619
513
392
282
188
99
-10
-136
-259
-359
-438
-503
-561
-607
-631
-635
-619
-574
-498
-406
-320
-250
-176
-81
28
130
205
256
298
334
350
346
331
308
270
214
155
109
81
53
10
-44
-97
-138
-175
-214
-256
-301
-345
-387
-425
-447
-455
-447
-431
-412
-383
-336
-264
-182
-100
-30
34
99
165
235
292
329
341
332
312
291
264
221
153
66
-24
-108
-185
-256
-312
-362
-414
-463
-476
-417
-288
-149
-43
55
193
371
533
642
707
746
763
752
732
717
700
640
516
357
227
154
97
-5
-156
-302
-405
-461
-488
-508
-531
-551
-557
-528
-455
-340
-212
-110
-43
19
113
232
338
397
411
400
388
387
384
354
290
201
106
20
-53
-117
-189
-286
-394
-483
-546
-587
-620
-647
-668
-673
-654
-605
-533
-440
-332
-223
-115
-2
117
233
325
387
425
456
485
497
487
454
408
351
277
193
118
52
-33
-149
-275
-381
-477
-591
-717
-819
-882
-909
-885
-751
-490
-180
89
331
622
956
1240
1406
1470
1477
1443
1371
1277
1176
1044
853
598
322
98
-42
-144
-300
-524
-747
-898
-963
-975
-976
-988
-997
-949
-819
-628
-417
-208
-22
113
213
332
500
657
732
713
651
607
594
573
484
327
149
-22
-185
-339
-466
-572
-684
-803
-891
-915
-888
-840
-794
-753
-700
-605
-464
-304
-149
7
169
313
427
532
637
707
711
672
640
619
573
483
377
279
179
56
-80
-183
-250
-318
-430
-558
-655
-715
-772
-842
-899
-908
-871
-803
-717
-605
-459
-281
-105
38
163
336
610
942
1210
1356
1467
1631
1798
1840
1737
1571
1396
1184
917
654
447
250
-21
-378
-725
-943
-1030
-1106
-1261
-1448
-1554
-1547
-1468
-1345
-1175
-967
-752
-516
-216
155
535
856
1070
1180
1244
1313
1361
1316
1150
909
649
399
158
-73
-302
-536
-772
-989
-1138
-1186
-1167
-1162
-1191
-1172
-1042
-840
-646
-463
-248
5
256
496
739
983
1190
1323
1369
1346
1280
1166
979
712
405
106
-171
-431
-667
-858
-1007
-1131
-1232
-1286
-1282
-1239
-1176
-1102
-1016
-904
-753
-570
-377
-196
-16
194
412
584
680
752
830
856
776
689
772
1018
1210
1209
1169
1276
1448
1463
1276
1019
771
474
114
-204
-405
-555
-778
-1095
-1383
-1483
-1380
-1232
-1201
-1271
-1300
-1186
-951
-659
-376
-126
117
414
773
1151
1509
1793
1904
1783
1542
1359
1245
1040
637
116
-361
-708
-946
-1146
-1356
-1566
-1728
-1818
-1822
-1717
-1513
-1301
-1162
-1044
-813
-422
43
460
789
1073
1374
1688
1946
2087
2108
2012
1776
1424
1046
695
313
-168
-693
-1130
-1414
-1574
-1659
-1685
-1659
-1575
-1442
-1258
-1030
-778
-548
-381
-262
-130
51
252
416
513
566
616
681
739
734
642
483
294
78
-154
-303
-224
81
392
527
611
898
1351
1645
1613
1400
1186
957
662
385
207
46
-236
-628
-974
-1107
-1018
-885
-925
-1153
-1352
-1326
-1113
-866
-673
-507
-305
-12
393
874
1351
1717
1876
1798
1604
1448
1336
1106
651
72
-439
-778
-969
-1113
-1280
-1455
-1582
-1632
-1606
-1491
-1314
-1194
-1186
-1144
-877
-424
10
339
661
1046
1431
1748
1984
2106
2042
1781
1407
1000
571
96
-427
-979
-1477
-1808
-1907
-1834
-1713
-1598
-1428
-1136
-759
-409
-155
25
189
346
486
621
772
913
973
936
878
879
887
756
434
44
-286
-565
-862
-1166
-1409
-1566
-1587
-1323
-698
82
701
1124
1578
2113
2488
2517
2279
1907
1420
863
403
148
-26
-306
-712
-1088
-1280
-1267
-1200
-1275
-1533
-1826
-1977
-1905
-1605
-1149
-672
-249
224
895
1710
2453
2950
3134
2997
2607
2127
1663
1148
479
-298
-1022
-1563
-1873
-1981
-1995
-2042
-2149
-2231
-2179
-1971
-1703
-1491
-1333
-1078
-604
35
710
1391
2069
2633
2972
3118
3143
3004
2599
1923
1076
173
-678
-1389
-1950
-2392
-2682
-2743
-2564
-2214
-1756
-1258
-811
-486
-247
-28
172
326
463
643
856
1035
1166
1311
1463
1498
1316
961
530
40
-519
-1064
-1504
-1849
-2115
-2210
-2055
-1721
-1250
-507
552
1589
2216
2511
2823
3138
3089
2531
1734
984
334
-202
-547
-696
-776
-908
-1117
-1356
-1529
-1565
-1583
-1801
-2210
-2506
-2403
-1897
-1153
-313
551
1444
2407
3390
4182
4566
4479
3954
3056
1940
843
-116
-1006
-1873
-2604
-3031
-3090
-2851
-2514
-2309
-2281
-2271
-2142
-1953
-1772
-1538
-1176
-680
-19
892
1990
3033
3805
4251
4390
4223
3745
2948
1820
467
-854
-1924
-2717
-3279
-3558
-3488
-3150
-2685
-2134
-1480
-822
-336
-91
25
157
345
526
685
893
1219
1605
1910
2044
1995
1760
1303
632
-159
-938
-1622
-2171
-2561
-2746
-2669
-2313
-1765
-1197
-659
35
1075
2224
2932
3022
2929
3011
3004
2516
1686
939
369
-172
-609
-728
-635
-699
-1084
-1614
-2029
-2169
-2080
-2040
-2247
-2463
-2234
-1432
-355
721
1740
2682
3466
4054
4446
4548
4204
3334
2035
591
-625
-1443
-2034
-2617
-3129
-3349
-3203
-2815
-2372
-2062
-1958
-1925
-1771
-1447
-1000
-419
282
992
1705
2570
3570
4357
4612
4348
3747
2905
1841
620
-671
-1939
-3024
-3723
-3953
-3821
-3505
-3115
-2677
-2181
-1635
-1089
-597
-191
136
452
852
1335
1792
2145
2406
2540
2456
2149
1702
1117
330
-576
-1403
-2032
-2464
-2681
-2660
-2488
-2272
-1994
-1567
-1036
-549
-105
570
1650
2763
3337
3409
3526
3783
3647
2854
1817
936
151
-614
-1145
-1337
-1443
-1687
-2037
-2369
-2509
-2283
-1854
-1675
-1834
-1826
-1219
-154
976
1979
2801
3418
3884
4222
4286
3924
3122
1907
375
-1103
-2081
-2545
-2868
-3232
-3461
-3352
-2888
-2219
-1610
-1286
-1184
-1043
-751
-344
219
966
1690
2200
2653
3274
3892
4078
3648
2783
1747
675
-408
-1477
-2438
-3159
-3585
-3708
-3491
-2963
-2333
-1852
-1545
-1257
-886
-438
8
350
593
910
1392
1858
2109
2185
2140
1839
1222
486
-188
-822
-1432
-1925
-2242
-2342
-2142
-1705
-1299
-1068
-878
-618
-395
-281
-119
361
1312
2502
3376
3659
3727
3939
3963
3303
2106
872
-211
-1167
-1812
-1960
-1808
-1720
-1840
-2082
-2214
-2011
-1558
-1297
-1469
-1742
-1585
-813
374
1596
2541
3184
3715
4138
4232
3898
3198
2076
499
-1138
-2256
-2711
-2810
-2810
-2734
-2526
-2099
-1423
-752
-478
-636
-887
-974
-887
-593
-27
683
1344
1956
2605
3215
3552
3397
2673
1546
367
-638
-1524
-2333
-2886
-3023
-2838
-2456
-1902
-1300
-896
-773
-792
-837
-862
-792
-591
-325
12
525
1165
1703
1996
2042
1815
1297
595
-155
-895
-1523
-1909
-2055
-2025
-1768
-1257
-688
-282
-71
-28
-136
-283
-340
-210
330
1432
2669
3364
3543
3772
4049
3781
2789
1488
190
-997
-1796
-1994
-1822
-1653
-1599
-1662
-1818
-1833
-1518
-1192
-1306
-1719
-1868
-1409
-364
1009
2253
3053
3563
4029
4275
4007
3249
2110
592
-1053
-2280
-2805
-2817
-2603
-2324
-2070
-1776
-1274
-692
-462
-751
-1199
-1420
-1319
-895
-156
729
1554
2318
3053
3616
3812
3535
2712
1424
49
-1035
-1815
-2442
-2842
-2860
-2563
-2090
-1500
-970
-786
-982
-1293
-1514
-1637
-1613
-1345
-854
-209
602
1493
2214
2603
2662
2347
1625
719
-88
-785
-1402
-1755
-1744
-1531
-1206
-712
-204
30
-38
-278
-654
-1083
-1337
-1226
-526
834
2321
3182
3498
3874
4200
3820
2703
1394
124
-1053
-1763
-1708
-1229
-860
-780
-985
-1364
-1558
-1354
-1192
-1540
-2094
-2185
-1578
-383
1186
2608
3389
3693
3951
4022
3511
2490
1198
-397
-2061
-3107
-3210
-2790
-2304
-1835
-1420
-1099
-719
-270
-145
-580
-1168
-1378
-1105
-461
508
1583
2387
2866
3257
3547
3407
2674
1505
142
-1118
-1922
-2177
-2174
-2136
-1976
-1603
-1138
-726
-467
-537
-1002
-1600
-1971
-1968
-1631
-1067
-432
172
822
1575
2204
2401
2131
1563
810
-4
-647
-1022
-1223
-1285
-1171
-976
-769
-468
-155
-152
-547
-1085
-1553
-1848
-1829
-1478
-843
278
1912
3361
3984
4102
4194
3919
2874
1484
321
-573
-1187
-1247
-792
-303
-82
-126
-473
-1066
-1556
-1759
-1961
-2320
-2454
-1961
-844
645
2143
3209
3672
3777
3668
3138
2110
843
-474
-1766
-2715
-2935
-2499
-1830
-1220
-761
-479
-296
-124
-98
-414
-935
-1244
-1075
-458
431
1354
2036
2362
2478
2511
2334
1748
790
-294
-1194
-1652
-1624
-1349
-1127
-1037
-972
-815
-552
-371
-554
-1143
-1780
-2080
-1953
-1507
-877
-265
186
579
1088
1613
1849
1656
1154
566
114
-67
-48
-45
-172
-366
-545
-672
-712
-734
-947
-1387
-1772
-1906
-1905
-1839
-1601
-1237
-744
318
2079
3696
4329
4294
4210
3918
3116
2056
1010
-72
-983
-1251
-853
-297
-22
-197
-872
-1785
-2376
-2410
-2272
-2310
-2334
-1931
-907
657
2363
3595
4031
3909
3581
3065
2258
1227
77
-1141
-2202
-2707
-2481
-1803
-1149
-810
-772
-784
-657
-479
-513
-831
-1164
-1129
-572
320
1194
1790
2021
1972
1845
1755
1522
885
-62
-892
-1279
-1262
-1055
-856
-802
-900
-964
-827
-638
-732
-1185
-1725
-2051
-2027
-1594
-852
-142
303
658
1156
1673
1922
1798
1334
685
185
46
69
-46
-292
-552
-835
-1081
-1144
-1117
-1297
-1690
-1958
-1883
-1568
-1155
-727
-396
-114
575
2054
3839
4881
4841
4344
3860
3217
2247
1077
-199
-1455
-2281
-2348
-1794
-1119
-822
-1160
-1960
-2620
-2649
-2171
-1694
-1465
-1234
-585
667
2304
3771
4536
4460
3860
3146
2413
1509
377
-837
-1965
-2781
-2971
-2451
-1634
-1067
-902
-908
-865
-739
-611
-621
-789
-862
-502
293
1193
1918
2335
2358
2064
1757
1572
1212
461
-366
-860
-981
-889
-692
-564
-669
-909
-1030
-1015
-1103
-1403
-1783
-2065
-2123
-1832
-1150
-275
469
944
1288
1626
1847
1755
1306
659
74
-236
-294
-332
-481
-676
-889
-1149
-1394
-1548
-1672
-1851
-1990
-1896
-1492
-900
-337
101
488
920
1514
2516
3795
4592
4381
3643
3026
2424
1476
248
-981
-2039
-2704
-2713
-2116
-1350
-914
-1039
-1561
-2001
-1958
-1492
-993
-633
-238
390
1344
2566
3736
4355
4162
3383
2452
1575
677
-308
-1290
-2125
-2632
-2648
-2200
-1539
-961
-635
-585
-679
-729
-656
-527
-383
-150
237
786
1465
2121
2471
2347
1909
1482
1160
737
112
-484
-825
-955
-974
-905
-850
-955
-1211
-1504
-1739
-1914
-2068
-2195
-2172
-1868
-1264
-435
495
1350
1926
2163
2175
2017
1621
986
279
-309
-665
-766
-762
-841
-1041
-1269
-1501
-1765
-2003
-2149
-2186
-2109
-1832
-1249
-394
519
1239
1693
1939
2085
2385
3087
3849
3945
3257
2428
1809
1177
322
-662
-1679
-2542
-2936
-2633
-1812
-977
-588
-743
-1105
-1192
-808
-196
322
669
935
1287
1920
2791
3469
3477
2782
1775
890
256
-298
-929
-1597
-2109
-2298
-2111
-1624
-1037
-599
-466
-567
-674
-562
-222
142
365
507
746
1158
1657
2016
1994
1561
981
580
372
120
-282
-668
-908
-1021
-1042
-1026
-1125
-1427
-1819
-2088
-2150
-2054
-1865
-1571
-1128
-540
143
852
1514
1984
2089
1830
1402
952
448
-120
-652
-999
-1097
-1065
-1089
-1237
-1403
-1525
-1674
-1872
-1978
-1856
-1547
-1115
-519
268
1129
1841
2253
2346
2208
1915
1704
1952
2511
2715
2229
1572
1076
540
-250
-1109
-1886
-2460
-2621
-2196
-1309
-343
327
506
297
11
-15
205
465
624
761
951
1266
1755
2235
2365
1953
1261
608
79
-405
-827
-1132
-1319
-1378
-1293
-1060
-767
-505
-368
-392
-456
-351
-100
109
267
518
845
1087
1238
1298
1182
842
491
339
292
80
-321
-640
-786
-856
-990
-1261
-1675
-2047
-2194
-2086
-1814
-1456
-1066
-651
-134
462
965
1264
1415
1427
1245
931
625
313
-100
-581
-981
-1199
-1230
-1194
-1256
-1430
-1560
-1552
-1483
-1391
-1175
-826
-442
-49
487
1241
1974
2343
2230
1879
1465
1082
1038
1521
2142
2192
1583
936
499
64
-637
-1439
-2139
-2484
-2252
-1438
-245
845
1369
1109
423
-86
-164
2
174
307
465
688
1061
1582
2042
2114
1679
975
318
-117
-380
-566
-744
-911
-1036
-1097
-1031
-838
-600
-473
-478
-478
-338
-111
105
348
615
813
840
757
637
500
340
246
261
249
49
-248
-463
-638
-900
-1320
-1765
-2122
-2221
-2023
-1549
-980
-491
-100
244
590
809
847
735
657
630
582
438
208
-105
-516
-956
-1308
-1458
-1457
-1371
-1248
-1065
-807
-513
-283
-153
-16
171
363
535
845
1301
1715
1845
1686
1317
875
496
415
808
1275
1334
885
509
237
-76
-547
-993
-1319
-1412
-1072
-339
628
1359
1568
1152
416
-231
-476
-400
-203
29
299
536
758
1134
1507
1607
1283
795
329
21
-144
-232
-342
-575
-824
-1034
-1052
-911
-669
-487
-386
-276
-143
6
109
225
320
341
267
132
34
-7
67
288
484
505
293
10
-302
-643
-1002
-1426
-1788
-2024
-1958
-1550
-889
-260
99
252
312
329
265
157
116
158
242
241
140
-21
-259
-522
-823
-1034
-1096
-940
-690
-503
-336
-194
-105
-183
-272
-268
-217
-75
115
476
858
1133
1164
950
801
712
1008
1450
1733
1485
980
604
220
-105
-434
-644
-785
-721
-387
193
778
1003
652
-11
-677
-995
-878
-454
115
625
1068
1205
1268
1273
1281
1163
892
615
386
409
449
482
278
-127
-645
-1098
-1278
-1268
-1008
-684
-341
-29
233
395
359
218
59
-73
-161
-311
-409
-393
-148
244
487
493
174
-159
-527
-865
-1160
-1383
-1465
-1538
-1420
-1091
-527
-26
184
138
-21
-122
-164
-158
-84
81
302
369
215
-48
-322
-585
-841
-970
-961
-772
-489
-186
36
131
91
-105
-368
-580
-656
-520
-263
129
596
984
1159
1007
889
772
1018
1444
1762
1648
1238
1006
671
340
-86
-327
-485
-550
-459
-154
306
530
351
-119
-658
-1008
-974
-636
-72
508
1050
1236
1246
1240
1287
1287
1111
913
650
540
482
496
351
-21
-510
-980
-1218
-1295
-1077
-743
-424
-196
-21
101
22
-141
-306
-374
-363
-371
-371
-316
-46
351
635
658
390
72
-271
-592
-869
-1047
-1085
-1151
-1145
-1010
-692
-379
-284
-350
-506
-539
-486
-382
-212
10
276
373
310
109
-110
-311
-500
-589
-538
-311
-49
144
160
14
-245
-528
-769
-933
-973
-812
-476
9
481
879
1076
1049
942
883
1259
1778
2145
1941
1561
1228
824
351
-172
-440
-600
-577
-417
-94
203
238
-70
-589
-1076
-1260
-1065
-576
109
832
1402
1562
1517
1386
1274
1084
896
751
647
666
719
734
470
11
-581
-1096
-1434
-1502
-1269
-963
-655
-394
-116
43
1
-145
-337
-446
-485
-425
-295
-86
272
637
856
738
451
112
-239
-583
-902
-1056
-1104
-1074
-1015
-892
-702
-598
-640
-764
-838
-748
-607
-408
-163
148
393
451
403
225
22
-213
-336
-340
-246
-97
17
69
-45
-288
-609
-850
-959
-954
-810
-525
-94
299
573
729
768
795
789
1128
1717
2259
2306
1982
1675
1247
674
8
-422
-647
-687
-504
-135
182
246
-56
-524
-1002
-1239
-1099
-729
-191
357
980
1324
1434
1383
1293
1172
1006
946
926
1005
1023
994
732
276
-249
-713
-1069
-1288
-1227
-1059
-906
-770
-566
-381
-329
-396
-466
-513
-510
-420
-237
38
317
659
864
919
762
514
255
-112
-488
-857
-1027
-1110
-1109
-1063
-1029
-1021
-1115
-1226
-1285
-1218
-1062
-827
-526
-190
147
437
565
508
320
93
-71
-123
-62
25
129
132
-23
-307
-619
-839
-979
-1034
-987
-774
-436
-116
138
328
534
729
1110
1740
2417
2766
2594
2270
1855
1353
722
180
-130
-328
-317
-142
121
182
-170
-772
-1390
-1751
-1715
-1302
-656
-33
528
943
1193
1331
1346
1298
1207
1184
1226
1313
1407
1414
1248
761
77
-573
-1022
-1310
-1447
-1406
-1279
-1118
-945
-755
-679
-729
-742
-630
-474
-316
-70
293
639
948
1189
1287
1186
859
503
144
-181
-502
-771
-957
-1109
-1167
-1208
-1275
-1376
-1482
-1554
-1550
-1424
-1150
-786
-369
27
382
659
784
760
629
457
245
78
-14
-16
-16
-104
-296
-614
-893
-1100
-1148
-1095
-1018
-830
-651
-383
-155
116
459
850
1523
2287
2909
2995
2750
2439
1911
1262
665
320
125
-31
-27
72
117
-159
-745
-1373
-1926
-2121
-1881
-1249
-516
168
715
1001
1151
1214
1346
1457
1536
1597
1644
1657
1560
1433
1090
499
-192
-761
-1127
-1334
-1363
-1326
-1307
-1310
-1291
-1230
-1220
-1195
-1034
-742
-399
-76
329
731
1094
1345
1444
1384
1092
765
444
159
-153
-468
-691
-880
-993
-1098
-1226
-1390
-1589
-1753
-1856
-1856
-1712
-1411
-997
-578
-140
300
596
705
690
667
595
458
284
143
69
-8
-121
-304
-544
-816
-1016
-1066
-1054
-985
-895
-755
-618
-455
-142
332
1076
1959
2704
2970
2854
2647
2260
1720
1181
887
765
647
590
580
541
157
-592
-1352
-1950
-2216
-2112
-1626
-952
-292
262
553
653
655
722
901
1184
1535
1873
2114
2132
1957
1564
942
227
-375
-760
-998
-1084
-1064
-1023
-1041
-1154
-1277
-1408
-1507
-1485
-1281
-918
-530
-118
321
749
1118
1367
1464
1348
1088
823
619
426
178
-95
-370
-601
-776
-891
-1051
-1310
-1629
-1912
-2068
-2113
-1995
-1706
-1310
-884
-438
24
393
583
632
619
584
520
458
445
413
319
165
-13
-216
-437
-625
-792
-920
-1000
-1038
-1004
-935
-791
-543
-165
443
1214
1930
2301
2370
2326
2104
1774
1467
1306
1219
1092
1001
946
830
440
-207
-861
-1368
-1665
-1679
-1425
-1029
-630
-313
-93
35
118
245
460
765
1070
1359
1604
1703
1644
1396
1015
560
150
-117
-275
-346
-418
-501
-614
-779
-988
-1207
-1363
-1425
-1350
-1142
-872
-603
-325
1
334
610
801
906
927
869
781
667
524
331
116
-68
-207
-309
-428
-625
-934
-1287
-1596
-1842
-1980
-1929
-1674
-1301
-904
-532
-215
0
95
130
152
164
207
300
421
509
526
451
312
145
-40
-231
-405
-527
-596
-605
-585
-531
-418
-236
45
440
903
1263
1393
1365
1263
1133
1025
978
985
1004
1010
1003
981
892
633
250
-121
-398
-533
-520
-374
-192
-58
-9
-42
-113
-163
-133
-9
148
299
458
593
660
635
521
353
196
127
155
232
269
239
171
54
-122
-329
-518
-648
-682
-627
-531
-454
-399
-342
-267
-192
-111
-19
54
91
80
23
-62
-133
-177
-186
-186
-200
-205
-258
-398
-609
-819
-1022
-1189
-1238
-1123
-851
-535
-266
-108
-56
-104
-198
-280
-342
-360
-310
-203
-92
1
38
11
-61
-175
-309
-421
-457
-424
-337
-219
-102
18
137
258
416
620
815
914
887
803
712
645
618
635
684
715
727
709
681
623
489
315
176
117
140
252
410
538
579
527
391
237
128
105
137
173
203
241
275
285
244
144
15
-86
-106
-60
16
71
89
76
18
-78
-167
-217
-233
-205
-150
-98
-59
-29
-14
-12
-23
-58
-111
-164
-206
-268
-371
-479
-548
-571
-576
-578
-576
-581
-620
-682
-742
-780
-794
-774
-687
-531
-327
-122
37
117
113
47
-55
-158
-245
-303
-326
-324
-318
-324
-332
-346
-378
-430
-485
-510
-490
-422
-316
-188
-48
92
226
349
458
554
645
706
713
696
678
662
672
723
764
756
708
645
586
539
491
434
395
396
429
480
533
561
551
491
396
299
238
222
239
261
272
272
275
272
253
205
135
62
10
-11
-20
-35
-65
-106
-155
-201
-233
-239
-228
-210
-181
-144
-97
-64
-40
-32
-53
-106
-176
-257
-344
-432
-529
-613
-664
-679
-687
-705
-741
-794
-849
-897
-904
-858
-771
-652
-496
-320
-154
-16
81
119
93
24
-65
-141
-186
-205
-211
-225
-257
-304
-354
-399
-431
-450
-455
-434
-382
-293
-178
-43
90
204
292
357
411
461
530
615
682
713
735
753
769
791
798
764
707
658
630
627
627
609
580
557
532
511
498
482
453
410
361
308
269
245
237
238
236
231
238
252
265
254
210
146
82
30
-20
-72
-127
-172
-192
-198
-202
-211
-226
-239
-243
-235
-225
-219
-217
-223
-245
-283
-337
-397
-468
-537
-596
-637
-655
-658
-652
-649
-652
-667
-678
-671
-644
-597
-538
-466
-377
-282
-207
-154
-118
-102
-110
-140
-185
-230
-258
-258
-245
-232
-229
-239
-248
-254
-259
-265
-270
-260
-229
-166
-78
23
113
176
213
230
242
261
308
404
526
631
696
729
736
721
709
693
658
631
636
669
711
741
727
667
577
474
384
327
297
281
277
261
213
154
119
110
114
129
152
189
230
266
286
278
246
200
155
114
85
75
75
70
38
-25
-111
-196
-265
-319
-358
-389
-411
-419
-423
-423
-432
-455
-493
-532
-557
-575
-582
-572
-551
-528
-513
-498
-477
-451
-433
-424
-419
-417
-409
-396
-380
-359
-326
-295
-274
-273
-297
-330
-361
-373
-356
-321
-280
-250
-226
-205
-187
-173
-161
-141
-106
-52
26
110
183
231
248
241
232
241
286
383
510
625
697
724
712
683
660
645
627
613
618
649
696
731
711
634
526
417
331
283
281
296
302
287
245
189
144
128
134
140
146
160
187
213
233
231
196
152
119
104
104
108
101
80
43
-15
-91
-163
-230
-289
-341
-387
-430
-464
-488
-515
-547
-585
-623
-656
-666
-671
-673
-660
-633
-600
-559
-507
-450
-404
-371
-348
-335
-331
-332
-329
-316
-292
-256
-214
-185
-179
-202
-253
-307
-332
-320
-288
-252
-220
-196
-176
-163
-148
-126
-98
-52
18
103
186
262
322
357
373
380
398
435
504
606
705
754
748
711
658
613
590
576
554
540
544
556
559
532
465
382
300
233
207
215
238
244
228
185
127
83
70
86
107
119
130
143
154
154
136
96
53
25
18
21
23
11
-9
-34
-77
-135
-198
-255
-304
-339
-361
-378
-392
-405
-415
-427
-442
-455
-467
-474
-480
-487
-497
-502
-499
-486
-461
-429
-397
-369
-348
-343
-346
-353
-355
-344
-312
-268
-226
-190
-173
-171
-179
-184
-174
-152
-121
-97
-82
-82
-92
-100
-102
-91
-67
-25
29
82
131
175
208
225
234
245
261
297
357
436
520
583
602
586
556
529
507
497
495
483
468
464
465
460
434
383
324
279
248
236
241
243
216
173
126
84
64
76
102
120
127
130
132
131
124
107
82
61
50
50
51
46
33
9
-32
-88
-155
-219
-267
-301
-321
-332
-340
-349
-356
-364
-377
-385
-389
-390
-390
-397
-408
-414
-407
-396
-383
-367
-346
-325
-315
-315
-329
-352
-375
-387
-385
-369
-344
-313
-279
-244
-214
-195
-182
-173
-163
-159
-158
-148
-132
-103
-64
-20
19
51
78
102
118
125
131
142
157
177
202
239
287
351
425
488
521
519
503
492
487
492
501
503
501
512
534
547
537
501
447
392
345
314
298
282
253
209
158
109
79
81
96
109
113
111
107
109
110
102
89
76
73
81
92
100
96
70
19
-48
-128
-206
-266
-304
-326
-338
-350
-365
-380
-397
-409
-419
-426
-438
-456
-476
-490
-497
-496
-486
-465
-433
-391
-351
-324
-314
-322
-345
-376
-398
-405
-390
-357
-307
-244
-182
-139
-124
-135
-167
-202
-227
-238
-230
-196
-139
-69
0
54
87
101
101
96
93
98
120
157
200
248
301
356
418
483
534
551
535
503
481
481
494
512
525
538
555
581
595
585
550
494
426
365
323
304
301
297
274
227
167
119
97
93
86
72
56
43
47
59
63
58
48
41
44
54
59
54
35
0
-51
-110
-166
-208
-239
-262
-286
-313
-342
-372
-394
-410
-427
-446
-473
-510
-543
-565
-576
-577
-566
-548
-520
-485
-445
-411
-392
-394
-417
-443
-462
-458
-422
-356
-270
-181
-106
-66
-70
-102
-148
-188
-213
-216
-193
-145
-82
-14
45
80
86
73
54
43
47
65
99
148
205
263
322
384
452
514
558
573
562
541
529
534
556
582
615
652
690
713
712
678
610
523
438
373
341
337
348
352
332
282
216
151
101
64
38
20
15
25
41
59
63
52
37
28
20
14
6
-5
-21
-45
-75
-111
-143
-172
-201
-229
-262
-303
-343
-380
-412
-438
-458
-482
-509
-539
-572
-604
-635
-661
-673
-668
-648
-612
-570
-535
-519
-522
-539
-557
-559
-531
-474
-389
-292
-202
-135
-101
-105
-133
-166
-187
-186
-159
-112
-58
-3
38
59
62
54
43
41
54
80
119
163
209
258
310
371
447
524
597
652
678
679
673
668
669
683
708
738
770
794
794
765
705
618
522
434
369
335
326
327
316
284
221
144
73
20
-12
-26
-21
-3
18
37
49
50
39
25
10
-3
-12
-19
-26
-37
-56
-86
-119
-156
-199
-241
-285
-328
-369
-409
-446
-476
-501
-523
-543
-570
-604
-639
-670
-695
-709
-709
-696
-669
-631
-592
-556
-534
-524
-521
-517
-500
-469
-415
-343
-264
-190
-136
-108
-105
-112
-118
-114
-94
-67
-33
1
31
51
63
71
79
89
106
131
171
216
260
299
333
364
411
472
540
614
686
735
759
771
764
748
740
739
735
736
737
724
697
652
583
496
406
326
265
227
204
183
156
111
54
-4
-51
-81
-90
-83
-65
-38
-12
12
31
37
31
17
4
-8
-15
-21
-25
-29
-38
-58
-91
-134
-185
-245
-307
-367
-424
-472
-505
-528
-544
-561
-582
-606
-637
-675
-708
-727
-728
-712
-677
-636
-595
-557
-527
-512
-504
-490
-467
-423
-366
-301
-234
-179
-142
-127
-129
-141
-149
-146
-129
-100
-70
-48
-34
-24
-14
3
24
50
84
124
175
234
302
369
441
514
582
633
666
694
724
764
796
819
823
812
801
794
776
734
671
591
516
455
407
372
345
309
263
209
149
96
67
50
32
8
-10
-14
4
32
57
72
80
85
91
97
92
76
60
36
8
-15
-31
-36
-35
-46
-77
-125
-190
-261
-328
-384
-433
-467
-488
-506
-524
-540
-556
-573
-597
-629
-659
-676
-678
-665
-649
-635
-625
-617
-606
-595
-580
-558
-524
-480
-429
-377
-327
-288
-262
-246
-234
-229
-216
-191
-154
-110
-69
-35
-9
7
20
34
57
93
145
212
287
358
419
464
498
526
553
587
630
682
739
794
835
852
839
801
755
713
685
666
650
631
603
566
517
460
392
323
257
197
148
112
83
56
21
-18
-56
-78
-77
-51
-13
19
36
34
27
11
0
-9
-12
-8
0
9
14
11
-3
-34
-81
-140
-205
-265
-318
-365
-405
-445
-486
-528
-567
-602
-629
-658
-688
-716
-737
-753
-761
-762
-756
-743
-723
-698
-668
-637
-600
-556
-505
-452
-398
-346
-297
-260
-226
-193
-163
-135
-110
-85
-55
-23
9
39
66
93
123
158
200
250
307
373
443
512
569
615
656
694
733
774
815
852
881
903
916
910
884
844
795
744
698
652
608
561
508
450
389
326
259
191
120
54
-2
-44
-75
-92
-103
-111
-116
-116
-108
-91
-74
-63
-62
-68
-75
-81
-84
-85
-81
-78
-77
-78
-87
-102
-125
-156
-196
-239
-287
-328
-363
-395
-424
-456
-493
-529
-561
-590
-615
-635
-649
-662
-670
-679
-688
-693
-692
-682
-662
-632
-598
-561
-522
-484
-447
-411
-374
-339
-305
-270
-235
-197
-161
-126
-94
-66
-38
-7
28
70
119
173
231
292
357
423
486
547
602
648
690
727
762
791
817
840
858
873
878
869
848
812
766
714
655
596
548
509
474
431
383
330
273
213
152
91
36
-8
-36
-53
-63
-70
-79
-90
-105
-121
-132
-136
-135
-134
-136
-144
-151
-158
-165
-170
-175
-179
-179
-178
-179
-186
-198
-217
-240
-265
-290
-311
-328
-340
-354
-367
-384
-403
-421
-443
-462
-478
-490
-500
-509
-519
-530
-541
-548
-551
-547
-538
-525
-507
-486
-462
-436
-409
-381
-353
-321
-285
-244
-199
-150
-102
-55
-8
36
82
137
196
253
309
366
422
480
535
580
616
645
667
686
705
720
732
738
739
734
722
703
678
647
607
561
512
464
418
380
344
309
277
239
200
158
115
70
30
-7
-39
-63
-80
-93
-103
-116
-130
-146
-162
-177
-191
-200
-211
-221
-228
-231
-235
-236
-236
-231
-223
-211
-201
-196
-191
-191
-195
-197
-200
-202
-204
-210
-218
-228
-237
-246
-259
-278
-297
-317
-336
-354
-371
-389
-408
-428
-445
-459
-466
-465
-454
-436
-414
-392
-368
-343
-317
-288
-258
-223
-182
-133
-83
-30
21
66
106
140
170
200
237
279
325
372
416
455
489
513
528
536
543
548
556
563
566
565
563
556
543
523
492
459
426
394
365
338
310
282
255
226
194
163
127
90
54
19
-16
-46
-70
-92
-109
-127
-147
-163
-178
-193
-208
-221
-231
-235
-235
-232
-226
-215
-202
-186
-171
-156
-140
-120
-102
-87
-76
-71
-69
-69
-70
-71
-75
-80
-87
-97
-112
-130
-151
-175
-201
-226
-252
-279
-304
-329
-356
-380
-400
-413
-420
-423
-417
-406
-387
-365
-341
-317
-293
-268
-237
-201
-161
-116
-75
-34
0
30
58
84
110
134
161
189
220
251
280
311
338
361
379
394
406
421
436
448
456
461
463
462
457
446
432
411
388
363
339
313
291
270
248
225
199
169
138
106
73
43
17
-8
-30
-49
-65
-82
-98
-112
-127
-139
-147
-154
-156
-155
-152
-143
-132
-116
-95
-73
-52
-33
-17
-4
6
11
13
12
9
2
-9
-25
-45
-67
-90
-117
-143
-167
-191
-215
-241
-268
-296
-323
-350
-375
-397
-414
-423
-426
-424
-421
-415
-408
-398
-384
-369
-351
-330
-305
-276
-246
-214
-183
-152
-118
-86
-54
-26
0
27
54
83
115
149
185
220
254
283
308
328
347
361
376
390
406
424
441
454
460
459
451
437
421
403
381
359
340
321
299
277
253
231
209
190
170
150
131
116
104
91
77
59
44
29
18
5
-8
-23
-38
-54
-67
-77
-80
-78
-74
-71
-69
-67
-66
-64
-61
-59
-58
-59
-61
-65
-73
-83
-94
-102
-113
-126
-144
-162
-183
-206
-231
-258
-285
-312
-333
-352
-371
-385
-399
-410
-422
-429
-433
-431
-424
-408
-387
-365
-343
-320
-299
-273
-247
-218
-188
-156
-126
-94
-66
-40
-16
9
37
66
102
138
173
203
230
251
269
284
297
310
323
335
347
359
369
377
381
384
387
389
390
388
386
380
369
355
337
315
294
275
256
236
216
197
179
161
143
121
102
84
69
57
42
27
14
1
-11
-23
-30
-37
-40
-41
-43
-43
-41
-40
-40
-41
-42
-47
-53
-61
-70
-80
-94
-106
-119
-131
-145
-159
-176
-197
-221
-245
-269
-296
-321
-345
-366
-386
-403
-416
-427
-435
-441
-444
-441
-435
-424
-407
-388
-363
-337
-310
-280
-249
-220
-190
-160
-129
-99
-71
-45
-20
4
32
60
89
116
142
167
190
209
227
243
259
276
293
309
325
340
355
371
382
392
399
405
411
414
415
412
408
399
386
369
348
328
309
291
274
256
239
220
205
189
170
150
132
115
98
82
66
52
38
25
13
1
-11
-21
-30
-35
-40
-43
-44
-47
-53
-62
-74
-85
-98
-112
-129
-144
-162
-181
-199
-221
-244
-266
-292
-317
-339
-362
-381
-400
-419
-435
-450
-458
-463
-465
-465
-459
-450
-439
-423
-406
-387
-365
-342
-320
-295
-269
-244
-218
-193
-168
-144
-118
-94
-69
-45
-20
7
35
65
96
125
149
173
199
223
249
275
299
325
342
360
375
391
405
415
424
431
435
439
441
441
437
428
417
403
384
365
347
329
313
296
278
261
246
230
213
198
182
164
150
138
127
116
102
90
78
63
47
36
21
8
-7
-18
-29
-40
-49
-60
-75
-96
-121
-146
-171
-195
-219
-240
-263
-285
-302
-319
-335
-351
-366
-381
-395
-408
-421
-431
-438
-443
-447
-449
-447
-447
-441
-434
-422
-411
-395
-375
-354
-330
-305
-281
-256
-230
-204
-179
-152
-124
-99
-71
-44
-18
12
44
78
110
142
168
193
218
241
264
288
307
327
344
363
380
396
408
418
427
434
439
446
450
455
455
452
444
429
414
394
372
350
327
305
287
271
253
233
214
190
168
149
129
113
97
80
62
43
24
2
-19
-38
-56
-73
-91
-104
-118
-130
-143
-159
-173
-190
-204
-217
-232
-244
-258
-270
-282
-296
-310
-321
-334
-344
-356
-368
-379
-390
-398
-402
-406
-409
-410
-411
-408
-405
-400
-392
-380
-363
-344
-321
-294
-265
-235
-207
-180
-154
-128
-100
-73
-47
-20
5
32
59
84
107
130
153
178
202
223
244
262
284
303
322
342
359
373
385
393
400
405
410
411
413
414
416
418
417
412
402
386
368
351
333
315
294
271
250
226
203
179
156
135
112
89
69
47
28
10
-6
-24
-42
-58
-72
-85
-99
-112
-126
-139
-151
-160
-168
-173
-179
-186
-195
-206
-219
-232
-243
-252
-259
-268
-276
-285
-294
-299
-305
-309
-312
-314
-313
-311
-308
-303
-298
-293
-287
-278
-269
-257
-248
-235
-222
-209
-195
-180
-163
-146
-127
-108
-87
-68
-51
-36
-21
-8
11
29
47
66
86
104
122
140
156
170
183
197
211
224
238
252
266
278
285
289
291
293
294
296
295
295
294
291
286
279
270
261
250
236
223
209
194
181
168
155
140
127
116
105
95
83
68
56
46
35
25
14
2
-10
-24
-38
-50
-63
-78
-91
-104
-115
-127
-137
-146
-156
-166
-175
-183
-188
-193
-198
-202
-206
-211
-216
-219
-218
-217
-216
-215
-212
-210
-207
-202
-199
-198
-195
-189
-183
-174
-168
-164
-160
-156
-150
-144
-136
-127
-114
-101
-87
-73
-61
-52
-41
-30
-19
-5
10
28
46
62
79
92
104
116
129
142
156
169
184
196
207
218
226
231
231
230
230
229
228
227
225
226
224
223
219
214
207
200
191
182
174
164
154
147
140
133
125
113
100
86
73
61
50
37
24
13
-1
-14
-28
-45
-62
-78
-94
-107
-120
-131
-141
-150
-158
-164
-169
-174
-176
-179
-179
-178
-179
-180
-179
-181
-181
-179
-177
-175
-172
-171
-170
-168
-168
-168
-166
-163
-162
-157
-152
-148
-142
-137
-133
-128
-121
-113
-104
-93
-78
-65
-51
-37
-24
-12
0
11
23
37
51
65
77
86
96
108
116
124
133
140
145
152
158
164
167
172
176
176
177
177
179
180
181
182
182
182
182
182
180
176
171
166
160
154
147
139
131
123
114
105
94
83
71
59
49
37
25
12
2
-8
-20
-31
-43
-55
-66
-78
-87
-95
-102
-107
-115
-119
-125
-129
-131
-135
-137
-140
-142
-144
-145
-146
-147
-147
-149
-149
-148
-149
-149
-148
-147
-144
-142
-141
-139
-137
-133
-129
-124
-118
-115
-111
-107
-102
-93
-84
-75
-65
-56
-44
-32
-19
-6
5
15
22
29
39
47
57
68
77
82
86
91
97
103
109
114
117
121
125
131
133
137
141
145
149
152
155
160
162
166
167
166
164
163
160
157
153
146
138
130
123
113
106
98
89
80
69
61
51
42
33
24
12
1
-7
-17
-28
-38
-49
-60
-71
-81
-89
-96
-102
-107
-112
-117
-121
-124
-126
-129
-131
-132
-135
-139
-142
-147
-151
-153
-156
-157
-158
-157
-156
-155
-153
-152
-149
-145
-141
-136
-132
-128
-121
-113
-106
-100
-92
-83
-74
-63
-51
-40
-28
-17
-8
1
10
19
26
32
41
49
59
69
78
85
94
100
109
116
122
127
132
138
143
149
154
161
167
173
176
179
181
183
184
184
182
180
178
173
167
161
156
149
141
134
126
117
110
102
92
81
68
56
45
34
23
12
2
-12
-23
-34
-46
-57
-67
-79
-90
-100
-108
-117
-125
-134
-142
-147
-151
-155
-155
-156
-158
-161
-162
-164
-165
-164
-164
-164
-163
-161
-159
-158
-158
-157
-156
-156
-153
-150
-146
-143
-138
-133
-128
-122
-114
-107
-98
-88
-76
-62
-49
-35
-20
-5
6
17
26
35
44
52
60
67
76
84
90
99
108
114
121
128
133
138
142
149
152
156
159
161
163
165
167
166
166
164
163
163
162
162
163
160
155
152
148
143
139
134
130
124
119
111
102
92
84
74
65
56
46
35
24
13
3
-9
-20
-32
-44
-53
-66
-77
-87
-98
-107
-116
-126
-133
-139
-144
-147
-149
-150
-153
-153
-156
-158
-158
-158
-156
-154
-153
-151
-150
-148
-148
-147
-149
-150
-149
-149
-148
-147
-146
-142
-137
-132
-127
-121
-112
-103
-91
-78
-68
-53
-42
-28
-15
-3
9
21
32
44
56
65
77
85
94
103
111
117
123
128
132
137
140
144
146
150
152
153
154
154
156
159
160
162
164
165
167
168
169
166
164
161
159
156
150
144
135
127
117
105
93
79
68
58
46
35
22
8
-4
-17
-29
-42
-55
-68
-79
-88
-99
-108
-116
-123
-129
-135
-138
-140
-141
-144
-146
-147
-147
-147
-146
-146
-144
-142
-142
-140
-140
-140
-140
-138
-137
-134
-131
-129
-125
-121
-116
-111
-107
-102
-96
-90
-85
-79
-71
-62
-53
-45
-34
-26
-16
-6
4
13
22
30
39
48
55
65
75
85
94
102
107
113
117
122
126
129
132
133
133
134
135
136
138
138
137
136
137
137
138
136
134
134
132
129
125
121
120
113
105
97
88
78
68
60
51
42
32
23
14
7
-3
-10
-20
-28
-35
-43
-47
-53
-57
-61
-67
-74
-81
-86
-91
-95
-98
-103
-107
-111
-113
-113
-115
-115
-118
-118
-119
-121
-120
-118
-117
-115
-114
-112
-109
-106
-101
-99
-96
-95
-92
-88
-84
-79
-74
-68
-63
-57
-52
-47
-39
-33
-26
-19
-15
-10
-3
3
8
13
17
22
29
35
45
55
63
72
79
84
89
93
98
102
106
108
111
113
116
117
118
118
118
117
115
114
115
114
113
111
108
103
100
96
92
87
80
73
68
59
53
45
37
30
23
17
10
3
-5
-11
-17
-24
-29
-34
-39
-44
-49
-53
-57
-62
-66
-72
-76
-80
-83
-86
-91
-93
-94
-94
-93
-91
-91
-91
-92
-91
-91
-90
-89
-86
-84
-82
-80
-76
-73
-72
-70
-69
-67
-67
-64
-60
-56
-50
-46
-41
-37
-33
-27
-20
-16
-10
-5
1
5
11
16
20
24
29
34
38
43
47
51
56
61
64
68
71
76
78
81
84
85
85
87
89
89
89
89
90
91
91
89
89
86
85
84
81
77
74
73
69
66
61
55
48
42
37
33
28
23
17
10
3
-6
-13
-20
-24
-29
-35
-41
-48
-52
-57
-62
-65
-70
-74
-75
-75
-76
-77
-78
-76
-74
-73
-72
-70
-69
-67
-65
-62
-61
-61
-59
-59
-57
-56
-57
-57
-57
-57
-56
-55
-55
-54
-52
-50
-47
-48
-44
-41
-38
-34
-28
-24
-17
-10
-4
2
5
8
12
15
19
22
28
31
36
39
42
45
48
51
53
56
58
61
63
63
64
65
67
69
72
73
77
79
81
83
83
83
83
83
84
82
80
77
75
71
68
63
57
51
45
40
32
25
18
10
3
-3
-10
-15
-19
-24
-31
-35
-40
-44
-48
-52
-56
-58
-61
-63
-63
-64
-67
-68
-68
-68
-68
-68
-66
-65
-65
-65
-66
-65
-64
-62
-60
-59
-59
-58
-57
-58
-55
-55
-55
-54
-53
-51
-50
-48
-46
-42
-39
-34
-29
-24
-19
-14
-7
-1
4
9
15
19
23
27
30
33
35
39
42
44
45
49
51
53
56
56
58
58
59
59
59
60
62
64
67
68
68
70
70
71
69
68
67
68
67
67
66
62
58
55
52
49
44
38
34
29
23
20
16
11
6
0
-3
-6
-12
-15
-20
-24
-29
-32
-35
-39
-42
-46
-48
-50
-54
-56
-57
-58
-59
-59
-59
-59
-59
-60
-58
-58
-57
-58
-60
-60
-58
-56
-56
-57
-58
-60
-59
-57
-58
-56
-57
-56
-55
-53
-49
-48
-45
-41
-37
-33
-28
-22
-18
-12
-8
-1
6
9
13
17
20
23
27
31
34
37
40
42
44
47
48
49
52
54
58
60
61
62
64
66
66
66
67
68
68
68
69
66
64
62
60
58
57
57
52
49
46
44
41
36
30
26
22
21
18
15
10
7
3
1
-1
-3
-7
-10
-12
-16
-18
-22
-25
-30
-32
-34
-36
-39
-42
-45
-48
-49
-53
-55
-57
-56
-56
-58
-56
-57
-57
-59
-59
-59
-59
-59
-58
-58
-56
-55
-53
-51
-50
-48
-46
-42
-40
-36
-35
-30
-27
-24
-20
-17
-13
-11
-7
-2
2
6
9
11
13
17
21
25
28
30
33
37
39
42
43
44
45
46
51
53
56
55
54
54
54
55
56
56
55
55
55
53
52
50
48
47
44
41
38
34
32
30
29
25
23
20
18
15
13
11
10
7
4
0
-4
-6
-8
-11
-14
-17
-20
-24
-27
-28
-32
-35
-36
-40
-42
-44
-45
-47
-46
-49
-49
-50
-51
-50
-51
-50
-50
-49
-47
-48
-48
-49
-47
-46
-44
-45
-43
-41
-39
-36
-32
-30
-29
-27
-24
-19
-15
-12
-9
-5
-2
2
5
7
8
12
15
18
20
23
24
23
26
28
29
33
35
36
38
41
43
44
47
47
47
49
51
54
54
56
55
54
53
51
49
46
44
41
40
36
34
31
30
28
25
23
19
18
15
14
11
8
5
3
0
-1
-5
-8
-10
-13
-14
-16
-20
-22
-24
-25
-28
-30
-32
-35
-38
-39
-40
-42
-43
-43
-44
-46
-47
-47
-47
-46
-44
-43
-42
-38
-37
-37
-36
-35
-33
-33
-33
-31
-30
-29
-28
-26
-25
-23
-22
-19
-17
-14
-11
-8
-6
-2
2
4
6
7
9
12
14
16
17
19
19
21
23
24
25
25
28
30
29
30
30
32
33
35
35
35
36
36
36
36
35
35
34
34
35
33
31
30
29
29
26
26
24
24
20
18
16
14
11
10
8
6
5
4
3
2
-1
-3
-6
-7
-8
-10
-11
-12
-12
-13
-15
-16
-18
-20
-22
-24
-25
-28
-29
-30
-29
-30
-32
-33
-32
-31
-29
-28
-29
-29
-30
-29
-26
-24
-24
-23
-23
-21
-19
-17
-16
-15
-15
-15
-12
-12
-10
-7
-7
-6
-4
-3
-2
-2
-1
1
3
5
5
6
8
8
10
12
13
15
16
17
21
23
25
25
24
25
28
30
32
32
32
32
33
32
31
30
28
26
23
23
22
22
20
17
16
14
11
9
8
6
5
3
4
5
3
2
0
-1
0
-2
-3
-5
-7
-8
-9
-9
-10
-12
-14
-15
-16
-16
-17
-18
-18
-19
-19
-20
-21
-20
-20
-20
-20
-21
-22
-23
-24
-25
-25
-24
-24
-24
-24
-26
-27
-26
-24
-23
-20
-20
-20
-19
-18
-15
-15
-16
-15
-11
-9
-5
-3
-4
-3
-2
0
2
3
5
6
9
12
13
14
15
17
18
19
20
20
21
23
24
26
25
26
26
29
30
30
31
34
33
34
36
36
35
34
33
31
30
29
27
27
25
23
21
18
17
16
12
11
10
8
6
5
4
2
0
-3
-5
-9
-11
-12
-13
-14
-15
-16
-17
-19
-19
-18
-18
-18
-20
-21
-22
-22
-22
-23
-24
-25
-27
-26
-26
-28
-30
-32
-32
-35
-35
-35
-35
-36
-35
-35
-34
-33
-32
-31
-29
-27
-25
-23
-20
-17
-15
-12
-9
-6
-4
-2
0
3
6
9
11
13
14
15
17
18
21
21
21
22
23
24
25
25
26
28
29
30
31
31
32
33
33
33
33
31
30
30
30
30
29
25
23
21
20
19
20
21
18
18
15
15
13
11
8
5
4
2
0
-2
-6
-6
-8
-9
-11
-13
-15
-16
-18
-17
-18
-18
-19
-20
-22
-22
-22
-23
-22
-25
-25
-26
-26
-25
-23
-23
-23
-22
-21
-20
-18
-18
-17
-18
-17
-17
-17
-16
-17
-15
-17
-17
-17
-15
-14
-14
-12
-12
-11
-10
-8
-7
-6
-4
-4
-2
1
2
4
6
8
11
13
14
16
17
21
25
25
27
29
31
31
31
31
31
31
29
29
27
26
24
24
22
21
20
18
18
18
16
16
16
16
14
13
12
11
9
9
7
6
1
0
0
-1
-2
-3
-5
-5
-6
-7
-9
-11
-14
-15
-16
-16
-16
-19
-20
-22
-23
-22
-24
-26
-27
-26
-25
-23
-24
-24
-23
-24
-23
-23
-22
-23
-23
-22
-19
-19
-18
-18
-15
-14
-12
-10
-9
-8
-8
-8
-8
-7
-7
-6
-5
-3
-2
-1
0
1
3
4
6
7
9
9
9
11
12
14
15
17
19
19
19
20
22
22
23
23
24
24
24
25
24
26
26
27
27
27
27
27
27
26
26
26
24
23
24
22
19
16
13
12
10
10
9
7
5
3
2
0
-4
-4
-7
-6
-8
-10
-12
-14
-12
-14
-15
-17
-19
-20
-20
-19
-20
-21
-23
-25
-24
-24
-25
-26
-27
-27
-27
-28
-28
-30
-29
-29
-28
-28
-29
-28
-26
-24
-21
-18
-17
-18
-16
-15
-14
-12
-11
-8
-9
-8
-7
-4
-2
-2
-2
-2
0
1
3
4
6
7
9
12
12
14
14
16
18
20
21
21
23
24
25
25
28
28
28
31
32
32
32
32
32
33
32
30
30
28
27
25
23
21
20
18
16
13
11
10
8
6
4
2
2
0
-1
-2
-4
-6
-7
-7
-10
-10
-11
-11
-12
-13
-13
-15
-14
-15
-14
-14
-15
-16
-16
-17
-16
-17
-17
-17
-17
-18
-18
-17
-18
-18
-18
-18
-18
-18
-20
-20
-19
-19
-19
-19
-18
-17
-17
-15
-14
-13
-12
-13
-11
-9
-7
-7
-6
-4
-3
0
3
3
4
5
6
7
9
11
10
11
11
14
14
16
15
15
17
18
19
19
20
19
19
20
20
21
21
20
20
21
22
22
21
21
19
21
20
19
18
17
15
13
11
9
7
5
3
1
-2
-4
-6
-7
-9
-10
-11
-13
-14
-15
-16
-17
-16
-16
-17
-18
-18
-18
-16
-16
-16
-16
-17
-16
-16
-15
-15
-15
-14
-13
-13
-14
-15
-14
-15
-14
-14
-13
-14
-15
-14
-15
-15
-15
-15
-14
-12
-12
-11
-11
-11
-10
-8
-7
-6
-6
-4
-2
0
2
4
5
6
9
11
12
13
16
16
17
20
19
19
21
20
21
23
21
24
24
24
23
24
25
26
26
29
30
28
28
27
27
26
23
22
21
20
20
19
17
14
12
11
9
7
5
3
2
-1
-3
-6
-7
-9
-11
-12
-13
-14
-15
-17
-17
-18
-18
-18
-17
-17
-17
-15
-16
-15
-16
-16
-18
-19
-20
-22
-21
-23
-23
-22
-22
-22
-21
-22
-23
-24
-23
-23
-23
-22
-22
-22
