-1
0
-1
1
0
1
3
4
6
7
6
8
7
7
8
9
9
8
7
6
6
4
3
1
0
-1
0
0
0
1
-1
-2
-3
-4
-4
-3
-2
-1
0
0
-1
0
0
-1
-1
-1
-2
-2
-4
-5
-4
-6
-6
-6
-7
-6
-6
-6
-4
-3
-2
-1
1
1
1
1
0
1
2
1
-1
-3
-2
-3
-5
-3
-3
-1
-1
1
1
1
3
3
1
3
4
3
3
3
4
4
3
3
3
4
4
4
5
4
4
3
2
1
1
1
1
1
2
3
4
4
5
5
5
6
5
4
4
3
3
3
3
3
1
0
-1
-2
-4
-4
-5
-4
-4
-4
-4
-3
-3
-4
-3
-5
-3
-4
-3
-2
-1
-3
-3
-3
-3
-3
-3
-5
-5
-4
-4
-3
-3
-3
-4
-5
-4
-3
-3
-3
-4
-3
-3
-2
-1
-1
-1
1
1
1
2
3
3
5
7
6
6
6
4
5
4
3
2
2
2
1
-1
-2
-2
-2
-2
-1
1
1
2
1
0
0
-1
-2
-1
-1
-2
0
-1
0
0
1
2
2
2
3
3
5
3
2
1
1
0
-1
-1
-2
-2
-2
-1
1
1
1
1
1
2
2
3
2
3
0
-2
-2
-2
-2
-2
-3
-2
-2
-3
-3
-2
-3
-4
-3
-4
-4
-4
-2
-3
-1
-1
0
0
1
2
2
1
0
1
-1
0
1
0
1
2
2
1
2
3
4
4
3
3
2
2
2
-1
0
1
2
1
1
2
2
2
2
3
4
4
4
7
6
6
3
1
3
3
0
-1
-1
-1
-1
-1
-1
-1
-3
-3
-2
0
-1
-1
-1
-3
-3
-3
-3
-2
-2
-1
-2
-1
-1
-1
-3
-3
-3
-3
-3
-4
-4
-3
-4
-5
-5
-4
-3
-2
-3
-3
-2
-3
-3
-2
-2
-2
-1
-1
-1
-1
-1
-2
-1
-2
-3
-1
-1
-1
-2
-3
-4
-3
-2
-2
-2
-1
0
2
3
4
4
4
4
3
3
1
0
1
1
1
1
2
2
3
1
1
2
2
2
2
3
4
4
4
4
6
5
5
6
6
7
7
7
7
6
7
5
4
4
3
1
1
-1
-1
-2
-2
-2
-3
-3
-4
-5
-3
-3
-1
1
2
2
3
3
1
1
-1
-1
-3
-4
-4
-5
-4
-4
-5
-7
-7
-6
-4
-4
-3
-3
-4
-3
-4
-2
-3
-2
-1
-1
-2
-3
-3
-2
-1
0
1
1
1
2
2
2
2
3
4
4
5
5
6
4
3
3
3
3
1
2
0
1
0
0
2
1
0
-1
0
-2
0
0
0
1
0
0
-1
2
1
0
1
1
-1
-1
0
0
-1
-1
-2
-2
-3
-3
-2
-3
-4
-3
-2
-2
-2
-1
-1
0
-1
-1
0
2
-1
-3
-3
-3
-3
-3
-2
-1
-2
-3
-2
-1
-1
-2
-2
0
0
-1
-1
1
1
1
0
-3
-3
-2
-2
-1
-1
0
2
1
3
4
4
5
5
2
3
4
4
5
7
7
6
3
4
4
3
3
2
3
3
2
1
2
2
0
1
1
1
3
5
5
4
4
4
3
3
2
3
1
2
1
-1
0
-1
-3
-5
-5
-6
-6
-5
-5
-4
-5
-4
-3
-2
-3
-2
-3
-4
-6
-7
-6
-5
-3
-2
-2
-1
-1
0
0
2
2
2
3
2
1
0
1
1
0
0
-1
0
-1
-5
-6
-8
-9
-7
-3
-2
0
0
-3
-7
-8
-6
-3
-1
3
4
5
6
4
4
3
5
4
5
6
8
9
9
7
4
2
0
-1
-1
-1
-3
-6
-5
-2
0
1
2
3
-1
-3
-2
1
7
12
13
11
6
-1
-5
-6
-4
-5
-2
2
6
9
8
2
-4
-4
-5
-1
2
1
0
-3
-7
-7
-6
-4
0
1
1
0
0
-1
0
0
1
5
6
2
-2
-4
-8
-9
-9
-5
-4
-4
0
1
0
-2
1
3
5
7
7
2
-1
-5
-2
-1
1
3
5
4
0
-1
-4
-5
-5
-4
0
9
14
12
8
0
-2
-1
0
3
2
0
-3
-2
-3
-8
-9
-10
-6
-2
0
-1
0
1
1
0
-1
-4
-4
-5
-6
-8
-9
-6
-2
6
11
13
13
11
7
4
9
13
17
16
11
6
-1
-6
-7
-7
-3
-3
-3
1
2
2
2
2
6
8
5
2
0
-5
-12
-15
-13
-10
-9
-7
-6
-8
-11
-18
-19
-18
-10
0
2
7
5
2
-2
-4
-7
-8
-8
-8
-1
9
17
17
14
11
9
5
2
3
3
6
8
9
12
15
14
9
3
-7
-12
-12
-7
-1
8
9
6
0
-4
-3
-3
-5
-5
2
4
3
1
2
0
-7
-11
-11
-8
-4
1
2
-1
1
3
2
5
4
3
1
1
-2
-9
-13
-11
-7
-1
-1
0
0
1
-2
-5
-2
-5
-3
0
4
6
9
9
5
0
-8
-7
-4
1
4
3
4
6
11
9
2
-3
1
8
8
3
2
2
-1
0
8
10
3
-4
-7
-6
-7
-9
-7
3
7
7
7
7
5
-1
-9
-8
-2
2
2
2
-1
2
-2
-7
-7
-4
0
0
0
-3
-7
-11
-12
-15
-10
-2
7
9
10
16
17
5
-4
-10
-12
-13
-9
1
11
13
13
17
20
15
-1
-10
-4
2
0
3
10
6
3
2
-2
0
-1
-6
-5
0
0
-12
-23
-17
-12
-12
-9
-1
3
-2
-6
-7
-5
-7
-21
-29
-16
0
-1
-6
4
17
12
-3
-4
5
3
-3
-1
17
35
23
1
-3
-1
-22
-31
-14
12
16
0
3
22
25
4
-10
4
18
16
7
10
21
14
-3
-2
10
11
-3
-6
8
14
7
5
11
10
4
-8
-10
-11
-15
-19
-10
4
7
0
-12
-23
-22
-18
-12
-2
13
21
16
0
-13
-19
-27
-21
-4
10
11
4
-3
-10
-14
-14
-13
-5
6
7
6
8
6
0
-8
-9
3
17
18
8
-1
-5
-9
-13
0
20
29
22
17
13
-2
-19
-25
-23
-16
-2
-3
-19
-16
0
14
12
13
23
11
-15
-30
-7
19
20
9
20
30
19
-7
-17
-14
-23
-35
-23
20
44
30
3
-4
-4
-21
-43
-42
-14
2
1
18
40
53
31
-5
-23
-20
-19
-28
-21
4
22
12
-5
-11
-6
-16
-33
-32
-4
13
13
19
27
8
-16
-23
-17
3
17
19
22
42
24
-24
-24
7
16
-1
-13
-1
-4
-16
-21
-10
21
21
-3
-7
26
32
4
4
5
-19
-53
-33
9
37
47
44
35
42
34
-4
-52
-45
-11
-22
-15
19
64
63
22
-25
-35
-25
-22
-10
17
29
17
-13
-38
-24
-19
-31
-22
7
27
23
4
-29
-46
-29
-34
-50
-3
58
47
-17
-16
6
-35
-74
-51
6
8
-10
-12
-8
5
-9
-44
-41
2
2
-43
-20
63
77
49
21
18
15
9
10
20
61
59
14
-3
35
34
-26
-25
27
20
-44
-39
59
100
26
-46
-45
-12
1
-3
11
43
65
19
-14
15
39
-1
-48
-19
17
-22
-57
-23
15
3
-50
-35
16
28
-32
-90
-18
46
-9
-70
-27
43
16
-10
30
14
-29
-43
-36
-16
0
12
-22
-4
32
-2
-44
-30
16
5
-35
-32
-1
18
2
-26
5
60
56
8
0
32
-9
-48
-14
63
66
17
5
17
18
-23
-15
1
8
-21
-18
22
42
30
22
2
5
31
21
26
51
36
-51
-52
37
58
14
27
31
-42
-102
-93
-31
29
72
44
0
4
-20
-61
-40
-1
-18
-59
-1
48
4
-27
-19
-7
-27
13
45
1
13
-8
-83
-108
-48
24
19
36
59
31
-11
-86
-110
-65
-43
-29
27
90
77
36
48
48
-54
-132
-103
-43
-10
30
81
126
117
41
-7
-25
-32
-52
-57
-36
9
52
89
107
75
36
-26
-75
-62
-1
-2
22
84
79
44
29
49
8
-20
-52
-64
11
42
30
9
-1
32
27
21
35
-18
-53
-64
-59
-23
7
55
44
21
10
-22
-34
20
-5
-94
-86
13
69
34
14
-10
-60
-105
-131
-101
-16
31
62
49
27
-15
-54
-47
-20
1
25
79
67
47
17
-57
-90
-77
-45
-25
-2
17
35
33
-44
-106
-57
32
61
37
37
74
45
-8
-29
-13
3
29
52
-13
-1
14
-15
23
46
23
7
53
61
-17
-114
-134
-78
11
102
120
66
34
27
-78
-112
0
66
38
102
106
3
-36
-20
-30
-37
-14
4
24
44
36
-58
-108
-108
-107
-73
10
96
102
48
-18
-82
-48
19
29
51
82
61
53
30
21
-31
-91
-55
7
-22
-81
-14
61
49
-37
-99
-101
-69
-55
-9
51
36
25
27
61
62
33
-16
-65
13
42
3
19
82
62
-79
-163
-88
6
44
35
24
32
29
-22
-86
-31
-9
10
27
25
37
48
61
24
11
27
2
-8
59
67
-38
-113
-24
50
-12
-83
-28
34
12
-20
-19
-8
-45
6
74
55
20
12
66
83
31
-13
-35
1
2
-85
-122
-55
-27
-35
-7
-20
14
22
-35
-48
-73
-64
-11
41
99
85
3
-45
31
56
-32
26
119
88
37
14
-15
-22
-45
-106
-129
-107
-48
27
24
-2
13
-2
-49
-24
14
9
18
70
102
55
21
10
39
37
12
38
103
108
25
-82
-83
-91
-116
-54
-13
-5
-25
66
166
124
-6
-132
-160
-128
-30
-17
5
137
172
71
5
14
-2
-77
-100
-33
52
41
-77
-4
54
-54
-116
-43
44
43
-44
-53
86
21
-127
-154
-62
29
104
125
85
74
-8
-113
-118
-77
-65
-15
-5
65
138
121
49
6
-34
-147
-190
-95
81
163
125
69
56
107
39
-112
-123
-61
-44
-38
50
161
126
36
-73
-115
-66
-47
-9
66
113
75
43
48
-32
-157
-79
63
20
-3
146
186
69
-36
-115
-113
-45
-34
21
87
81
-6
-59
-41
-23
-66
-188
-141
67
153
81
23
4
24
-125
-200
9
151
39
-69
56
163
214
86
-91
-106
-94
-160
-54
155
152
-4
-77
-68
-90
-114
-200
-172
-72
30
101
174
234
106
-119
-211
-156
-41
77
186
253
148
35
69
68
-51
-178
-187
-116
-16
144
209
118
-26
-95
-70
-111
-92
-16
39
66
80
102
48
-22
-89
-86
-1
-15
-53
49
150
57
-68
-2
43
-96
-174
-67
105
153
68
3
-69
-84
-105
-156
-112
28
90
28
67
90
28
-80
-155
-171
-57
44
32
77
143
78
-40
-36
-48
-63
-48
-28
-1
55
145
116
-6
-37
-17
-29
-46
15
148
176
91
-71
-79
24
-29
-91
-24
73
6
-82
-84
-66
-22
86
27
-44
15
84
112
112
119
-2
-121
-121
7
167
241
224
117
5
-58
-148
-169
-53
11
-8
-34
-12
54
108
99
-82
-188
-116
-103
-136
-96
28
65
29
27
33
28
55
92
84
38
-60
-162
-141
-45
-3
-22
-29
-5
27
69
50
-23
-22
-19
-90
-101
-59
-29
-18
11
24
-21
-73
-66
-61
-19
55
60
-23
-63
0
31
32
42
50
45
28
22
79
107
15
-99
-67
16
11
10
101
193
144
80
61
-49
-134
-125
-134
-143
-71
81
185
182
116
33
-80
-175
-149
3
119
100
56
115
178
112
-8
-109
-165
-132
-23
62
62
42
-41
-170
-192
-111
-101
-162
-154
0
112
38
-19
21
50
30
55
105
124
117
51
-7
-56
-86
-36
80
118
90
101
84
69
27
-26
-156
-231
-135
64
132
41
0
-38
-88
-63
-2
-10
31
47
11
20
70
95
15
-53
-61
3
98
198
199
63
-109
-188
-177
-170
-213
-195
-36
127
160
95
53
-30
-112
-84
15
63
48
82
103
81
133
95
-72
-170
-100
9
97
102
29
-91
-186
-207
-95
92
103
-16
-70
-48
-72
-111
-95
-21
28
82
119
122
184
197
15
-127
-53
30
-28
-77
15
75
15
-45
-28
-5
-25
-114
-138
-83
-17
40
48
42
3
-37
21
97
86
10
-47
-42
17
92
99
90
149
77
-115
-199
-123
-40
13
63
64
6
-53
17
117
61
-113
-212
-210
-74
55
101
92
39
-59
-32
107
121
76
64
-32
-52
19
-5
-50
-75
-33
-12
36
55
21
-45
-137
-77
-10
54
77
6
-62
-57
-36
-13
12
1
-70
-50
81
178
212
117
26
14
70
91
48
69
99
27
-99
-54
-6
-136
-235
-206
-60
54
124
124
71
-33
-122
-125
-63
-27
-138
-182
4
215
250
201
106
8
-42
-115
-200
-112
-21
-78
-32
112
228
183
-21
-150
-174
-149
-113
-28
13
-19
-28
-55
42
180
127
1
-53
-2
122
236
170
0
-20
-39
-23
80
152
119
-45
-151
-131
-71
-57
-119
-127
-118
-60
17
28
82
38
-89
-58
87
179
195
136
47
-32
-37
0
25
36
-54
-164
-137
-52
-40
-83
-101
-76
-78
-37
30
84
97
40
-79
-143
-54
36
41
52
113
205
211
105
-31
-136
-153
-215
-183
-53
25
60
96
151
111
7
-74
-190
-239
-161
-37
108
190
202
150
55
5
-2
0
4
2
-11
-21
-1
5
-29
-68
-85
-69
3
70
33
6
-30
-148
-156
-42
30
25
17
31
48
97
107
95
68
19
15
87
140
116
58
-31
-82
-100
-28
118
187
117
0
-70
-89
-89
-108
-117
-100
-91
-69
42
176
196
113
9
-79
-122
-110
-47
30
8
-3
62
116
108
43
-9
-71
-151
-201
-163
-66
-31
-2
51
72
46
-7
-19
-34
-77
-87
-68
-24
48
105
106
79
81
50
13
37
85
120
122
83
51
35
4
-34
-77
-146
-178
-146
-102
-36
61
108
65
-8
-43
-20
-28
-76
-90
-76
-44
17
102
174
186
101
-18
-63
-78
-103
-111
-108
-71
-26
-28
-32
3
37
0
-56
-66
-31
14
16
10
13
-38
-99
-87
24
126
134
84
49
34
-1
-24
-64
-101
-113
-104
-70
18
108
122
65
24
25
11
-13
-1
23
-16
-47
-5
84
141
116
58
42
40
-25
-89
-112
-123
-150
-156
-85
14
65
58
24
1
-2
5
8
17
43
58
79
119
131
121
96
45
-4
-24
-21
-26
-37
-59
-82
-75
-40
-6
60
144
160
107
70
79
61
30
31
47
66
86
98
99
89
35
-49
-111
-121
-100
-93
-110
-141
-153
-124
-86
-72
-65
-44
-23
-31
-29
27
73
68
25
-26
-30
12
40
27
-16
-78
-165
-202
-141
-64
-29
-10
25
52
47
42
20
-38
-133
-219
-220
-106
48
176
279
320
297
262
229
172
114
63
17
5
41
105
159
181
163
110
52
33
16
-37
-84
-103
-133
-140
-97
-42
17
83
112
99
94
61
-34
-170
-292
-353
-369
-371
-352
-319
-295
-263
-232
-235
-264
-269
-253
-210
-159
-146
-167
-188
-194
-165
-110
-81
-90
-101
-117
-155
-185
-176
-151
-138
-125
-39
138
315
400
420
471
594
768
928
1012
993
883
723
556
435
391
382
347
303
316
354
333
227
38
-194
-367
-406
-325
-155
35
172
260
300
308
303
258
154
20
-100
-202
-278
-320
-341
-357
-424
-534
-609
-634
-662
-724
-811
-900
-928
-882
-780
-613
-420
-269
-198
-217
-281
-337
-378
-424
-476
-531
-585
-599
-557
-473
-373
-308
-275
-249
-237
-214
-165
-158
-270
-407
-336
179
1175
2229
2962
3379
3520
3309
2784
2081
1283
440
-371
-894
-870
-379
188
469
307
-144
-564
-838
-962
-890
-784
-788
-725
-358
371
1265
1963
2228
2133
1816
1373
913
436
-125
-786
-1475
-1969
-2032
-1691
-1207
-867
-880
-1186
-1552
-1851
-2016
-1975
-1785
-1545
-1254
-855
-313
296
756
911
726
269
-244
-560
-641
-659
-753
-956
-1184
-1287
-1190
-964
-744
-657
-771
-1014
-1228
-1300
-1089
-402
741
2066
3330
4415
5221
5585
5282
4360
3086
1654
282
-709
-1118
-1016
-645
-391
-480
-784
-1155
-1540
-1823
-1942
-1943
-1837
-1545
-899
157
1404
2601
3613
4226
4345
4104
3610
2889
1956
804
-425
-1435
-2030
-2185
-2019
-1808
-1772
-1927
-2233
-2598
-2880
-3014
-3007
-2793
-2361
-1707
-811
172
991
1498
1608
1389
1083
812
565
334
122
-90
-289
-486
-695
-892
-1138
-1518
-1983
-2416
-2702
-2766
-2675
-2524
-2276
-1892
-1365
-704
-16
570
939
1049
1094
1548
2561
3826
5105
6054
6298
5841
4953
3805
2440
851
-872
-2349
-3108
-2926
-2054
-1123
-603
-525
-810
-1246
-1416
-1232
-1023
-877
-688
-283
648
2108
3673
4833
5258
4903
4041
2939
1695
352
-1129
-2644
-3813
-4348
-4167
-3341
-2293
-1519
-1117
-1019
-1156
-1320
-1406
-1482
-1540
-1483
-1182
-491
512
1505
2163
2285
1887
1170
281
-614
-1281
-1710
-2034
-2182
-2033
-1669
-1247
-952
-918
-1154
-1554
-1978
-2247
-2261
-2046
-1651
-1159
-636
-59
567
1115
1474
1570
1399
1195
1432
2386
3856
5384
6392
6490
5752
4491
2927
1171
-724
-2569
-3985
-4594
-4133
-2732
-1057
103
422
42
-578
-953
-1022
-1025
-1028
-926
-474
685
2519
4511
5997
6485
5897
4542
2754
801
-1116
-2949
-4560
-5578
-5726
-4950
-3447
-1783
-499
206
311
1
-369
-671
-886
-939
-805
-389
385
1299
2121
2701
2726
2036
907
-375
-1550
-2380
-2857
-3051
-2975
-2701
-2218
-1534
-898
-512
-429
-696
-1131
-1461
-1640
-1586
-1214
-712
-262
161
542
815
888
730
414
98
6
638
2230
4440
6493
7462
7109
5922
4236
2093
-204
-2269
-3943
-5049
-5134
-3920
-1797
204
1185
951
-81
-1157
-1747
-1925
-1845
-1491
-952
-23
1714
4106
6368
7631
7379
5740
3371
866
-1415
-3346
-4928
-5990
-6250
-5517
-3776
-1469
546
1601
1549
727
-199
-802
-1102
-1099
-778
-249
475
1413
2397
3110
3102
2187
730
-781
-2025
-2713
-2824
-2640
-2364
-2091
-1861
-1592
-1336
-1269
-1418
-1791
-2254
-2498
-2369
-1908
-1116
-157
735
1484
1929
1939
1637
1108
414
-221
-678
-871
-433
994
3222
5722
7416
7417
6032
3959
1581
-827
-2978
-4545
-5249
-5091
-3892
-1589
1046
2744
2902
1699
-176
-1789
-2701
-2982
-2669
-1937
-873
883
3377
6055
8011
8361
6956
4446
1525
-1276
-3484
-4992
-5861
-6056
-5527
-4094
-1864
339
1664
1832
955
-359
-1266
-1431
-962
-36
1099
2274
3365
4130
4376
3901
2464
258
-2085
-3980
-4957
-4880
-4111
-3084
-2103
-1366
-851
-519
-506
-842
-1465
-2245
-2765
-2729
-2137
-1065
253
1414
2196
2540
2414
1820
775
-602
-1979
-3013
-3422
-2977
-1744
193
2693
5285
7444
8445
7683
5565
2995
401
-2009
-3791
-4610
-4500
-3548
-1825
391
2354
3099
2353
544
-1542
-3001
-3520
-3295
-2353
-858
921
3046
5460
7506
8342
7517
5211
2183
-886
-3542
-5369
-6286
-6420
-5765
-4395
-2481
-294
1498
2278
2095
1345
540
238
550
1249
2266
3461
4471
4918
4489
3182
1256
-1159
-3772
-5956
-7335
-7718
-6978
-5405
-3493
-1657
-340
282
369
75
-389
-849
-1258
-1348
-824
198
1499
2765
3385
3131
2288
1066
-385
-1939
-3571
-5110
-6159
-6167
-4742
-2279
305
2680
4963
7104
8903
9562
8398
5984
3173
263
-2264
-3669
-3752
-3049
-2250
-1378
-85
1276
1778
1041
-642
-2553
-3834
-4141
-3440
-1732
382
2263
4002
5756
7273
8021
7396
5299
2420
-484
-2935
-4559
-5233
-5114
-4484
-3574
-2285
-579
999
1910
2117
1771
1193
847
874
1128
1502
1798
1820
1581
1051
194
-918
-2367
-4022
-5385
-6160
-6206
-5378
-3875
-2191
-741
254
813
1037
905
523
91
-353
-575
-286
347
1028
1556
1642
1227
505
-448
-1451
-2245
-2901
-3377
-3376
-2842
-1929
-810
386
1598
2651
3619
4826
6078
6994
7178
6115
3944
1544
-536
-2366
-3813
-4402
-4080
-3151
-1749
13
1637
2279
1715
473
-881
-1753
-1815
-1274
-335
874
2210
3738
5351
6572
6902
5973
3780
945
-1710
-3822
-5361
-6252
-6386
-5708
-4248
-2120
334
2419
3552
3706
3061
1786
270
-1086
-2163
-2873
-2955
-2196
-741
807
1743
1806
1067
-319
-1985
-3486
-4573
-5003
-4570
-3381
-1715
174
1900
2938
3034
2430
1537
510
-573
-1377
-1761
-1928
-1870
-1453
-797
-89
460
614
462
318
223
53
-210
-453
-543
-574
-601
-388
241
1396
3070
4840
6145
6405
5293
3262
1073
-908
-2601
-3756
-4085
-3552
-2176
-158
1895
3171
3047
1718
-68
-1609
-2324
-2198
-1690
-975
22
1383
3096
4816
5970
6025
4797
2664
319
-1753
-3396
-4515
-5090
-5175
-4635
-3306
-1419
425
1675
2109
1741
720
-543
-1506
-2004
-2198
-2089
-1501
-405
973
2226
2901
2718
1704
105
-1648
-3054
-3756
-3647
-2910
-1849
-605
673
1599
1832
1357
383
-827
-1971
-2660
-2631
-1992
-1060
8
1068
1895
2405
2578
2358
1853
1210
451
-406
-1266
-1871
-2092
-2078
-1883
-1416
-591
867
3067
5229
6295
5936
4539
2588
402
-1600
-2881
-3331
-3272
-2608
-985
1250
3145
3822
2951
1048
-1017
-2585
-3278
-3164
-2586
-1684
-448
1192
3275
5270
6181
5551
3758
1409
-1011
-3147
-4753
-5731
-6170
-5974
-4711
-2361
375
2676
4009
4147
3265
1861
445
-725
-1643
-2254
-2284
-1614
-392
1115
2379
2772
2174
924
-613
-2074
-3072
-3403
-3194
-2644
-1771
-604
470
1027
1011
530
-241
-931
-1214
-1076
-683
-186
376
976
1459
1720
1740
1470
1016
634
325
-82
-654
-1302
-1807
-2035
-2007
-1686
-1089
-220
1211
3106
4620
5091
4504
3162
1455
-214
-1442
-2022
-2112
-1882
-1214
-75
1144
1870
1611
304
-1408
-2727
-3250
-2923
-1984
-734
659
2050
3453
4860
5709
5290
3581
1185
-1278
-3386
-4836
-5436
-5267
-4535
-3204
-1200
1143
3206
4447
4537
3511
1853
197
-1108
-2000
-2447
-2344
-1681
-654
510
1573
2141
1879
839
-623
-2068
-3099
-3488
-3266
-2603
-1587
-289
1030
2015
2430
2222
1472
421
-574
-1216
-1427
-1300
-996
-593
-101
370
649
680
577
493
372
67
-387
-829
-1196
-1465
-1644
-1769
-1771
-1568
-885
758
3127
5111
5871
5477
4484
3199
1638
-14
-1448
-2592
-3380
-3410
-2405
-805
502
773
-30
-1144
-1829
-1828
-1259
-524
112
716
1437
2434
3652
4506
4294
2924
965
-872
-2181
-2926
-3212
-3167
-2892
-2303
-1193
378
1947
2921
2926
2058
834
-204
-814
-1124
-1388
-1608
-1560
-1158
-515
181
674
716
242
-571
-1343
-1650
-1326
-631
34
523
921
1198
1150
706
-18
-939
-1942
-2679
-2750
-2072
-1007
-59
555
906
1058
1013
811
513
218
-81
-481
-839
-851
-551
-307
-437
-857
-1179
-1259
-1098
-314
1406
3518
4987
5318
4880
4204
3224
1637
-331
-2147
-3534
-4304
-4176
-3040
-1330
26
355
-85
-563
-634
-291
188
575
879
1211
1764
2692
3753
4302
3821
2325
361
-1412
-2648
-3331
-3583
-3522
-3147
-2325
-982
711
2296
3207
3140
2309
1210
271
-383
-907
-1412
-1780
-1803
-1402
-698
95
738
981
736
175
-395
-740
-842
-814
-729
-617
-530
-527
-625
-770
-910
-1073
-1287
-1393
-1174
-637
11
583
1007
1218
1146
884
698
729
812
684
290
-220
-701
-1139
-1614
-2169
-2730
-3111
-3095
-2556
-1252
1085
3993
6241
6915
6231
4983
3418
1355
-955
-2911
-4194
-4727
-4232
-2508
-93
1814
2285
1454
244
-590
-862
-759
-543
-291
68
694
1823
3351
4512
4464
3098
1103
-743
-2100
-2920
-3211
-3149
-2932
-2412
-1295
351
2000
2984
2935
2061
907
-65
-711
-1165
-1543
-1772
-1767
-1434
-661
421
1386
1833
1614
922
117
-557
-974
-1152
-1279
-1446
-1577
-1640
-1558
-1231
-812
-572
-570
-608
-416
49
587
1039
1299
1223
874
551
454
525
450
-17
-735
-1406
-1918
-2259
-2436
-2515
-2528
-2460
-2196
-1505
-322
1277
3300
5337
6521
6382
5254
3784
2164
212
-1849
-3411
-4176
-4145
-3196
-1387
604
1835
1787
808
-240
-864
-1056
-937
-643
-236
350
1204
2440
3791
4475
3953
2536
895
-562
-1690
-2351
-2448
-2194
-1874
-1327
-250
1105
2086
2229
1581
585
-325
-1022
-1492
-1695
-1670
-1493
-1173
-572
461
1644
2366
2373
1858
1030
7
-1023
-1808
-2294
-2644
-2886
-2852
-2427
-1657
-696
145
565
623
612
690
771
733
567
269
-144
-428
-301
168
579
515
-124
-1075
-1965
-2604
-2981
-3117
-3004
-2634
-2053
-1234
-84
1227
2445
3734
5194
6223
6103
4866
3148
1304
-711
-2612
-3760
-3949
-3472
-2396
-614
1471
2927
3003
1788
103
-1270
-1986
-2034
-1549
-697
346
1456
2699
4050
4944
4655
3190
1253
-509
-1802
-2445
-2352
-1795
-1235
-748
-123
602
1066
981
369
-514
-1350
-1881
-1965
-1623
-1029
-391
161
633
1178
1792
2137
1985
1452
641
-412
-1473
-2234
-2630
-2842
-2989
-2948
-2584
-1912
-985
3
686
948
1011
1062
1111
1096
984
762
416
65
-8
209
269
-195
-1096
-2116
-2915
-3280
-3210
-2767
-2057
-1265
-534
152
739
971
822
909
1951
3609
4735
4768
4082
3084
1762
204
-1120
-1946
-2447
-2602
-1893
-106
1896
2843
2218
530
-1259
-2466
-2855
-2453
-1518
-486
406
1389
2808
4362
5145
4663
3306
1746
382
-527
-777
-554
-434
-753
-1229
-1380
-1185
-1012
-1082
-1354
-1648
-1759
-1527
-922
-93
669
1131
1327
1553
1956
2272
2191
1667
784
-412
-1744
-2842
-3431
-3578
-3483
-3188
-2613
-1739
-628
531
1420
1811
1741
1438
1086
688
202
-339
-900
-1376
-1513
-1221
-827
-782
-1229
-1968
-2631
-2934
-2783
-2221
-1372
-432
383
958
1273
1269
880
376
411
1401
2911
4053
4359
3952
3123
2001
775
-212
-810
-1097
-1027
-369
824
1917
2100
1040
-844
-2716
-3914
-4121
-3324
-1843
-199
1245
2545
3910
5149
5697
5204
3872
2238
763
-236
-614
-581
-665
-1190
-1928
-2440
-2596
-2547
-2439
-2321
-2187
-1941
-1422
-548
558
1554
2129
2296
2313
2271
2036
1547
829
-153
-1371
-2599
-3472
-3755
-3568
-3154
-2631
-1983
-1162
-227
633
1205
1338
998
393
-130
-399
-458
-446
-501
-542
-408
-168
-47
-265
-887
-1676
-2253
-2312
-1782
-850
145
864
1123
896
323
-393
-1053
-1299
-644
1097
3435
5431
6438
6399
5465
3803
1801
-25
-1371
-2131
-2193
-1456
-125
1040
1119
-184
-2279
-4222
-5318
-5179
-3755
-1471
946
3038
4863
6523
7673
7749
6543
4435
2097
75
-1317
-2007
-2269
-2633
-3380
-4220
-4660
-4522
-4001
-3366
-2733
-2035
-1188
-140
1097
2326
3186
3418
3128
2671
2284
1910
1328
382
-933
-2470
-3893
-4792
-4968
-4539
-3772
-2859
-1855
-765
329
1209
1605
1385
732
36
-355
-274
162
615
847
845
732
637
490
61
-696
-1518
-2059
-2076
-1515
-565
390
945
961
605
35
-604
-1065
-1081
-338
1389
3684
5693
6825
6826
5677
3723
1553
-331
-1678
-2436
-2532
-1919
-854
59
180
-856
-2697
-4452
-5362
-4926
-3045
-357
2275
4394
5873
6752
6985
6331
4729
2531
275
-1501
-2475
-2746
-2718
-2894
-3565
-4426
-4910
-4797
-4139
-3099
-1953
-819
342
1515
2629
3432
3610
3216
2530
1837
1442
1279
890
67
-1148
-2654
-4033
-4802
-4856
-4301
-3344
-2219
-1013
165
1131
1718
1700
1104
436
101
223
860
1702
2229
2313
2084
1691
1329
906
165
-821
-1732
-2267
-2251
-1786
-1190
-715
-587
-821
-1094
-1278
-1455
-1545
-1359
-575
1236
3815
6173
7475
7323
5793
3476
1107
-747
-1900
-2555
-2782
-2415
-1527
-563
-152
-899
-2812
-4951
-6172
-5768
-3572
-304
2822
5022
6103
6300
5974
5168
3844
2188
514
-702
-1059
-769
-472
-732
-1843
-3472
-4805
-5286
-4812
-3572
-2055
-667
515
1478
2213
2633
2541
2068
1639
1483
1707
2215
2443
1935
697
-1116
-3013
-4318
-4803
-4544
-3692
-2547
-1342
-259
472
773
606
32
-435
-291
452
1643
2962
3760
3769
3194
2253
1258
364
-617
-1713
-2747
-3519
-3781
-3597
-3288
-2994
-2762
-2573
-2122
-1287
-433
158
526
913
1836
3609
5749
7377
7754
6643
4521
2120
17
-1485
-2562
-3393
-3721
-3361
-2480
-1494
-1118
-1937
-3578
-4897
-4887
-3122
36
3443
5942
7009
6855
6044
4918
3557
2045
492
-742
-1175
-827
-256
-96
-765
-2207
-3768
-4658
-4530
-3525
-2118
-790
279
1072
1618
1964
2038
1850
1668
1674
1904
2277
2424
1856
446
-1475
-3409
-4810
-5287
-4792
-3597
-2133
-794
190
651
537
32
-622
-1057
-812
182
1605
3081
4083
4115
3189
1713
146
-1148
-2084
-2758
-3218
-3486
-3533
-3290
-2874
-2469
-2109
-1778
-1341
-591
334
1002
1216
1054
889
1304
2677
4678
6337
6750
5787
3871
1575
-484
-1923
-2810
-3275
-3063
-2039
-517
892
1350
300
-1835
-3832
-4488
-3338
-765
2228
4422
5239
4970
4158
3163
2124
1176
492
297
766
1664
2328
2105
705
-1512
-3667
-4928
-4951
-3998
-2582
-1183
-173
376
592
566
387
155
125
516
1217
1921
2229
1765
565
-983
-2435
-3383
-3552
-3010
-2150
-1367
-884
-817
-1141
-1651
-2025
-1979
-1351
-77
1631
3235
4270
4384
3365
1540
-400
-1896
-2648
-2678
-2300
-1894
-1729
-1800
-1966
-2112
-2139
-1953
-1582
-1006
-130
856
1496
1500
935
233
133
1161
3226
5460
6840
6799
5311
2876
444
-1329
-2372
-2738
-2293
-1103
368
1576
1825
615
-1799
-4314
-5581
-4866
-2388
930
3732
5145
5237
4398
3138
2057
1479
1428
1843
2645
3489
3697
2712
499
-2357
-4905
-6313
-6194
-4854
-2999
-1283
-285
-109
-454
-1063
-1655
-1813
-1301
-141
1351
2663
3294
2940
1689
-1
-1530
-2523
-2833
-2546
-2026
-1560
-1275
-1298
-1538
-1716
-1679
-1300
-525
546
1628
2326
2412
1816
607
-811
-1834
-2095
-1605
-678
209
573
277
-450
-1270
-1806
-1875
-1525
-902
-218
406
825
763
234
-563
-1381
-1633
-817
1124
3709
5912
7012
6676
4900
2436
406
-711
-995
-651
175
1062
1563
1490
554
-1184
-3212
-4685
-4812
-3368
-730
2193
4024
4319
3511
2028
626
57
446
1479
2716
3725
4025
3298
1586
-791
-3105
-4605
-4876
-3970
-2498
-1153
-436
-677
-1555
-2558
-3347
-3518
-2898
-1673
-145
1289
2167
2121
1328
326
-469
-655
-225
384
822
844
439
-217
-1011
-1711
-2160
-2335
-2098
-1435
-674
-178
-142
-572
-1339
-1932
-1851
-1084
162
1433
2290
2603
2257
1423
523
-322
-924
-998
-667
-184
228
262
-320
-1390
-2436
-2990
-2826
-1939
-490
1213
2822
4296
5543
5835
5072
3823
2388
1235
997
1487
2028
2156
1768
956
-135
-1165
-2038
-2835
-3401
-3244
-2245
-751
841
1934
1815
766
-296
-865
-535
769
2431
3762
4399
4208
3285
1859
313
-1036
-1988
-2379
-2267
-2045
-2103
-2582
-3523
-4760
-5653
-5761
-5127
-3856
-2190
-588
675
1511
1987
2200
2251
2430
2734
2899
2785
2299
1362
167
-973
-1801
-2273
-2414
-2328
-2270
-2328
-2381
-2386
-2490
-2564
-2206
-1344
-262
989
2182
2805
2677
2039
1365
961
901
1155
1439
1439
1222
800
14
-979
-1900
-2629
-2951
-2470
-1312
-94
667
918
729
257
47
829
2355
3625
4350
4573
4290
3716
3162
2594
2004
1432
997
778
785
878
535
-509
-1900
-2972
-3581
-3675
-3157
-2443
-2047
-1797
-1362
-628
497
1718
2701
3311
3500
3179
2454
1615
835
68
-628
-1126
-1517
-2041
-2741
-3493
-4255
-4816
-4868
-4495
-3771
-2718
-1643
-836
-257
174
465
746
1227
1963
2718
3162
3112
2652
1963
1326
893
558
207
-149
-594
-1128
-1624
-2042
-2430
-2843
-3053
-2728
-1933
-1090
-407
47
193
259
685
1586
2753
3783
4175
3811
2941
1794
594
-387
-920
-1030
-1011
-998
-945
-1108
-1762
-2725
-3513
-3715
-3161
-1847
231
2953
5120
5648
4996
4088
3172
2564
2714
3493
4290
4466
3865
2578
856
-1122
-3225
-5069
-5896
-5451
-4347
-2951
-1434
-645
-1216
-2323
-2958
-2777
-1694
43
1887
3350
4052
3835
3010
2064
1272
631
187
80
154
-62
-699
-1551
-2578
-3654
-4427
-4730
-4521
-3883
-3203
-2698
-2201
-1653
-1027
-51
1403
3083
4515
5259
5158
4489
3603
2774
2167
1740
1358
865
71
-946
-1960
-3016
-4016
-4652
-4719
-4163
-3117
-1946
-915
-152
273
520
935
1625
2484
3308
3740
3696
3425
2976
2284
1396
394
-559
-1411
-2056
-2360
-2448
-2599
-2807
-3005
-3149
-3023
-2460
-1436
215
2277
3767
4360
4569
4602
4345
4024
3901
3862
3570
2985
2337
1636
792
-267
-1568
-2846
-3625
-3960
-4139
-4012
-3718
-3930
-4556
-4765
-4217
-3014
-1349
418
1897
2821
3143
3083
2962
3041
3294
3443
3390
3178
2534
1246
-343
-1850
-3192
-4118
-4349
-4010
-3485
-3108
-3042
-3182
-3235
-2878
-1932
-464
1272
2859
3766
3820
3420
2996
2618
2316
2223
2190
1966
1568
1097
458
-443
-1418
-2145
-2479
-2453
-2192
-1999
-2024
-2104
-2103
-1990
-1565
-730
161
807
1268
1543
1506
1313
1172
1102
1028
946
977
1024
920
611
95
-584
-1187
-1671
-2086
-2272
-2070
-1460
-394
969
1917
2179
1961
1581
1332
1513
2097
2837
3379
3520
3320
2685
1645
324
-1098
-2353
-2945
-2824
-2405
-2041
-2065
-2768
-3883
-4716
-4763
-3786
-1991
95
1882
2859
2960
2548
1982
1609
1753
2290
2814
3086
2898
2121
930
-311
-1350
-2005
-2231
-2161
-2062
-2073
-2121
-2185
-2388
-2575
-2395
-1871
-1164
-368
311
683
910
1242
1773
2464
3135
3448
3193
2555
1856
1157
456
-36
-256
-416
-626
-856
-1236
-1775
-2266
-2521
-2441
-1969
-1234
-599
-287
-221
-245
-298
-182
256
772
1063
1195
1222
1045
746
459
182
-23
-79
-49
-41
-110
-285
-583
-738
-188
950
1713
1571
984
452
79
-38
195
615
906
953
875
792
589
131
-530
-1100
-1230
-994
-722
-511
-434
-845
-1703
-2360
-2335
-1720
-874
-63
544
808
689
406
316
648
1331
2021
2393
2362
1872
989
131
-273
-245
-70
5
-126
-466
-986
-1624
-2124
-2290
-2158
-1770
-1129
-363
294
600
511
357
487
885
1362
1743
1864
1695
1356
1036
852
764
651
562
510
360
34
-458
-988
-1332
-1447
-1456
-1378
-1318
-1474
-1759
-1972
-2055
-1912
-1382
-596
136
559
602
419
229
193
368
633
831
966
890
493
-99
-566
-687
-185
718
1329
1227
645
-1
-460
-524
-140
588
1264
1677
1845
1731
1219
491
-157
-520
-457
-158
36
-24
-357
-1034
-1836
-2263
-2072
-1449
-734
-87
362
420
108
-207
-250
75
795
1630
2198
2368
2194
1727
1175
804
673
652
609
513
244
-275
-899
-1353
-1656
-1943
-2125
-2103
-1915
-1617
-1339
-1185
-960
-422
352
1033
1465
1652
1653
1631
1853
2258
2406
2129
1739
1394
933
293
-482
-1246
-1755
-1950
-2059
-2216
-2349
-2463
-2603
-2668
-2472
-2016
-1444
-820
-257
36
79
127
220
357
664
1042
1243
1277
1183
907
506
119
-199
-462
-600
-375
298
866
655
-187
-847
-842
-378
244
976
1630
1857
1756
1706
1710
1568
1305
1087
1074
1130
857
231
-334
-797
-1428
-2096
-2383
-2226
-1932
-1655
-1296
-890
-682
-634
-353
379
1279
1895
2147
2254
2244
2014
1726
1663
1757
1734
1410
837
170
-571
-1423
-2116
-2331
-2270
-2302
-2380
-2300
-2129
-1988
-1733
-1266
-634
84
795
1374
1800
2111
2193
2117
2183
2441
2525
2320
2010
1528
714
-245
-1063
-1710
-2160
-2400
-2597
-2891
-3171
-3329
-3316
-2962
-2230
-1461
-939
-524
-74
271
476
651
800
926
1158
1348
1273
953
515
-3
-461
-638
-574
-492
-393
35
534
393
-183
-202
532
1300
1852
2321
2537
2380
2159
2080
1930
1619
1205
627
67
-144
-348
-967
-1459
-1448
-1550
-1933
-1971
-1732
-1749
-1807
-1516
-1050
-579
-7
590
1192
2005
2800
3007
2789
2690
2519
1974
1468
1178
729
177
-202
-638
-1311
-1938
-2352
-2560
-2475
-2256
-2275
-2417
-2096
-1289
-637
-332
68
710
1279
1689
1982
2059
1918
1726
1596
1547
1520
1329
791
50
-609
-1155
-1715
-2116
-2110
-1936
-1907
-1903
-1777
-1714
-1790
-1803
-1656
-1317
-793
-364
-209
-75
165
170
-71
-105
125
160
4
-9
-12
-235
-354
-231
-95
95
321
286
508
1541
2137
1394
797
1420
1943
1639
1573
1989
1939
1600
1714
1854
1462
806
15
-848
-1057
-816
-1132
-1453
-851
-453
-1194
-1714
-1255
-827
-736
-294
391
704
734
759
799
1082
1664
1870
1557
1486
1572
1017
222
3
-71
-434
-625
-473
-543
-969
-1360
-1563
-1684
-1717
-1616
-1520
-1300
-663
-130
-310
-537
-100
533
741
814
925
714
311
328
722
850
670
444
111
-205
-278
-468
-907
-1016
-739
-710
-992
-1088
-1142
-1494
-1762
-1567
-1326
-1304
-1069
-685
-531
-404
-176
-168
-160
260
602
409
120
159
194
109
294
538
446
314
380
358
901
1946
1890
734
581
1485
1648
1313
1662
2159
1973
1736
1828
1595
887
269
-301
-694
-445
-362
-1110
-1389
-761
-862
-1668
-1527
-770
-503
-398
9
238
88
-52
-4
233
785
1340
1282
875
799
568
-185
-472
-22
170
-28
26
103
-263
-749
-900
-774
-707
-725
-711
-840
-937
-750
-775
-1198
-1160
-446
-17
14
284
467
70
-318
-3
465
505
474
518
282
-34
-121
-340
-630
-411
-81
-243
-409
-255
-351
-717
-647
-320
-408
-586
-382
-264
-524
-630
-523
-659
-737
-455
-345
-573
-598
-344
-226
-30
493
689
462
487
724
564
963
2208
2363
1127
745
1511
1544
1014
1222
1607
1310
1117
1331
1182
621
270
-155
-597
-203
221
-375
-861
-497
-764
-1864
-2050
-1440
-1213
-1127
-698
-471
-650
-756
-667
-469
163
1044
1354
1169
1258
1280
697
350
641
686
375
387
492
165
-251
-392
-478
-618
-651
-579
-659
-735
-527
-548
-958
-901
-222
116
13
186
242
-259
-556
-105
355
295
158
156
69
46
174
50
-157
149
553
390
144
144
-172
-613
-446
-101
-278
-522
-426
-487
-816
-899
-865
-1080
-1185
-943
-889
-1161
-1190
-978
-854
-517
57
181
34
289
673
734
1426
2534
2404
1325
1170
1781
1619
1174
1327
1417
1029
836
784
345
-199
-503
-932
-1097
-502
-208
-785
-1054
-638
-761
-1340
-1172
-677
-531
-393
-36
101
-41
-183
-341
-280
299
1010
1260
1172
1198
1096
684
610
972
1164
1018
948
916
618
283
76
-85
-244
-329
-314
-460
-596
-544
-689
-1067
-1064
-597
-507
-774
-724
-701
-1076
-1239
-731
-185
-75
-60
-45
-75
105
447
523
507
835
1025
687
365
220
-135
-490
-400
-298
-657
-1034
-1180
-1340
-1525
-1522
-1422
-1431
-1274
-959
-802
-822
-824
-715
-455
112
720
787
541
456
520
401
689
1701
2053
1202
598
1022
1323
1052
1076
1321
1206
1064
1040
837
525
325
-91
-575
-249
304
-16
-595
-471
-319
-859
-1169
-894
-604
-319
56
195
100
60
-71
-232
199
1010
1345
1143
1036
1086
902
706
895
1181
1147
859
685
592
428
202
-66
-280
-428
-474
-584
-834
-933
-956
-1201
-1432
-1208
-913
-1092
-1265
-1116
-1071
-1082
-641
-54
11
-208
-225
-203
-175
26
169
125
240
440
277
-9
-48
-148
-349
-258
-73
-308
-713
-791
-761
-858
-914
-836
-786
-790
-780
-790
-727
-620
-667
-716
-491
-126
57
33
40
182
386
463
792
1626
1949
1223
621
978
1410
1351
1384
1513
1295
996
904
786
600
498
209
-206
13
526
311
-226
-130
86
-275
-536
-317
-61
126
293
258
154
153
-17
-283
-30
661
1006
776
536
506
389
264
446
729
752
550
343
155
10
-121
-294
-417
-463
-521
-674
-813
-786
-787
-1043
-1272
-1136
-963
-1057
-1111
-1013
-942
-792
-436
-203
-336
-580
-652
-528
-270
15
143
128
193
308
273
189
241
291
210
128
65
-117
-386
-621
-759
-828
-854
-866
-865
-786
-646
-553
-556
-555
-482
-423
-329
-89
205
409
507
529
527
562
552
521
867
1286
1048
427
371
794
938
898
1014
1047
906
884
942
882
781
655
311
183
592
879
577
236
186
22
-127
91
324
311
232
149
35
66
117
-59
-157
102
380
338
185
160
173
168
226
288
253
128
-47
-215
-244
-176
-272
-501
-665
-734
-796
-911
-989
-993
-1114
-1411
-1489
-1132
-852
-924
-944
-720
-463
-226
-2
40
-43
-28
12
-26
-27
-15
-208
-442
-375
-167
-168
-302
-371
-452
-568
-556
-429
-294
-158
-105
-157
-196
-142
-44
55
141
132
74
20
-54
-119
-119
-63
28
149
286
354
307
219
136
62
103
531
946
739
207
147
574
912
1046
1121
1102
1037
1078
1202
1298
1313
1196
931
827
1032
1129
878
578
422
269
171
195
144
42
17
9
36
184
206
-78
-300
-184
11
55
19
-117
-409
-667
-677
-615
-660
-710
-710
-778
-843
-750
-670
-735
-762
-633
-513
-527
-537
-492
-560
-726
-705
-452
-339
-501
-668
-700
-645
-537
-500
-630
-740
-663
-548
-499
-385
-236
-226
-289
-238
-135
-110
-82
-24
-17
6
101
151
168
307
447
430
415
479
446
340
331
313
171
65
61
-17
-169
-231
-240
-292
-261
-92
-8
-65
-83
-52
-59
83
595
1090
1125
883
796
865
889
950
1063
1069
1026
1074
1128
1146
1177
1108
829
643
767
956
997
912
704
394
198
192
176
138
131
26
-162
-239
-312
-583
-821
-800
-725
-739
-736
-780
-977
-1119
-1025
-893
-869
-858
-842
-917
-980
-880
-743
-660
-548
-449
-499
-594
-537
-418
-455
-586
-618
-550
-537
-593
-579
-514
-500
-511
-452
-321
-164
-43
-52
-129
-89
68
180
228
271
309
337
409
483
478
436
425
446
508
607
599
436
300
272
253
253
310
293
174
138
185
174
121
108
73
-25
-92
-115
-144
-190
-208
-213
-194
-80
230
546
590
413
333
424
497
579
754
915
975
1072
1244
1387
1464
1456
1277
1031
978
1104
1153
1014
750
378
-11
-250
-338
-362
-416
-559
-799
-1052
-1253
-1400
-1487
-1494
-1396
-1189
-965
-867
-918
-1008
-1028
-950
-808
-648
-531
-538
-657
-732
-653
-474
-352
-379
-496
-556
-466
-282
-173
-202
-242
-200
-163
-195
-193
-124
-73
-45
35
149
217
204
137
107
216
450
642
667
610
585
579
543
490
429
352
316
391
538
628
588
453
300
210
225
304
349
306
207
115
45
-34
-151
-278
-354
-383
-415
-451
-474
-513
-597
-672
-676
-591
-437
-277
-139
120
467
630
532
449
520
630
768
974
1132
1161
1145
1142
1158
1226
1275
1130
842
665
659
677
623
443
92
-300
-530
-613
-651
-717
-832
-987
-1107
-1150
-1164
-1176
-1180
-1168
-1108
-958
-754
-611
-574
-569
-517
-433
-365
-329
-332
-349
-317
-219
-120
-73
-77
-119
-168
-136
1
113
98
32
26
73
109
100
9
-115
-125
1
136
217
260
239
155
136
245
376
434
424
397
412
479
517
424
237
77
38
116
241
318
279
147
-4
-118
-154
-115
-58
-53
-90
-132
-179
-262
-380
-490
-557
-578
-549
-494
-465
-449
-393
-315
-224
-88
71
183
339
646
936
997
899
831
813
858
996
1115
1109
1076
1075
1045
1003
990
898
659
434
346
338
319
214
-39
-382
-655
-791
-834
-846
-891
-992
-1071
-1075
-1055
-1039
-983
-899
-828
-738
-600
-455
-350
-301
-308
-345
-378
-412
-449
-456
-394
-279
-177
-131
-141
-189
-257
-302
-269
-170
-85
-50
-29
-5
-13
-61
-128
-180
-154
-31
118
219
270
287
273
253
289
404
549
648
669
639
591
535
467
381
278
191
149
153
177
186
165
110
39
-16
-27
1
34
32
-4
-40
-62
-77
-87
-101
-125
-137
-119
-77
-28
25
69
101
149
241
355
440
479
534
655
769
798
751
687
596
483
402
351
308
279
256
216
174
140
51
-116
-269
-337
-330
-289
-288
-397
-599
-771
-845
-841
-787
-727
-712
-726
-722
-685
-626
-560
-537
-561
-543
-434
-295
-194
-150
-154
-194
-237
-266
-289
-320
-355
-379
-382
-357
-333
-334
-342
-318
-255
-173
-93
-30
24
80
124
156
182
205
238
310
413
522
624
702
730
722
718
721
720
708
693
692
713
739
713
601
438
271
141
78
90
130
138
99
40
1
-4
2
-3
-5
11
50
86
92
38
-60
-156
-207
-197
-144
-83
-57
-73
-105
-121
-125
-139
-158
-158
-135
-63
54
135
122
55
6
-26
-42
-26
-12
-40
-90
-124
-146
-166
-186
-222
-280
-298
-266
-225
-214
-243
-307
-393
-461
-498
-510
-488
-445
-409
-371
-322
-281
-258
-243
-230
-219
-187
-134
-85
-51
-32
-34
-63
-100
-126
-137
-139
-120
-79
-46
-41
-68
-105
-110
-71
-2
77
174
285
389
454
458
432
425
459
532
638
760
840
848
802
747
708
701
707
699
663
612
551
482
418
361
300
221
129
39
-31
-83
-136
-189
-238
-290
-349
-398
-426
-441
-436
-409
-382
-370
-369
-376
-403
-440
-451
-428
-389
-336
-268
-204
-178
-193
-239
-282
-307
-269
-183
-131
-150
-207
-247
-269
-261
-215
-159
-118
-81
-51
-44
-46
-43
-56
-98
-122
-101
-51
6
39
28
-18
-67
-99
-99
-62
-13
16
41
65
76
86
101
104
92
94
116
146
187
226
227
184
133
91
53
34
39
60
88
121
138
132
110
98
109
130
150
176
232
297
353
382
388
380
369
381
425
478
522
533
500
436
374
332
304
280
257
227
185
120
35
-61
-156
-234
-279
-298
-311
-329
-348
-379
-419
-450
-461
-467
-481
-491
-496
-504
-508
-496
-478
-456
-433
-411
-388
-363
-337
-318
-296
-274
-260
-249
-235
-220
-201
-170
-136
-93
-31
8
-11
-61
-93
-110
-115
-83
-21
37
90
141
172
184
196
210
207
210
240
293
354
411
445
437
402
359
329
326
347
370
377
357
313
263
226
200
165
125
93
70
56
36
7
-34
-73
-98
-105
-100
-90
-79
-80
-89
-80
-48
-15
12
47
84
109
128
156
194
228
258
275
277
271
265
261
258
265
273
261
205
118
30
-38
-76
-94
-113
-158
-219
-287
-356
-424
-479
-516
-535
-529
-502
-471
-449
-436
-431
-429
-412
-374
-332
-297
-274
-264
-259
-248
-227
-208
-184
-151
-121
-100
-86
-81
-85
-89
-90
-106
-133
-144
-128
-94
-44
32
94
105
83
69
74
91
144
219
277
317
356
387
415
451
487
499
494
491
491
506
535
548
516
459
396
330
276
238
209
175
133
75
5
-65
-125
-182
-234
-264
-278
-288
-306
-327
-346
-356
-338
-303
-259
-218
-180
-144
-115
-74
-17
43
96
147
195
222
236
247
258
272
288
299
286
254
217
181
145
115
94
70
34
-10
-57
-102
-136
-163
-188
-213
-243
-285
-340
-396
-430
-429
-409
-383
-365
-360
-360
-357
-350
-332
-302
-269
-233
-202
-178
-164
-152
-135
-116
-96
-79
-67
-60
-57
-45
-35
-34
-40
-56
-75
-89
-88
-71
-46
-10
25
74
146
216
258
283
323
372
415
463
515
546
567
602
640
670
680
661
600
522
448
383
336
291
225
125
11
-93
-175
-228
-253
-268
-288
-317
-354
-386
-399
-392
-380
-355
-312
-261
-210
-160
-113
-73
-36
-2
30
61
92
124
153
181
202
212
207
187
159
127
92
55
33
22
9
-11
-39
-78
-121
-161
-185
-201
-219
-239
-257
-273
-281
-270
-242
-220
-213
-216
-222
-228
-227
-217
-210
-200
-184
-172
-165
-148
-130
-119
-121
-124
-127
-131
-127
-107
-85
-69
-47
-26
-15
-2
15
20
32
59
86
111
139
161
167
168
180
197
213
237
263
273
281
313
343
342
337
344
329
301
286
273
247
235
241
239
225
207
172
114
58
25
6
-2
-6
-21
-62
-108
-142
-161
-157
-129
-99
-77
-64
-59
-60
-47
-12
23
51
66
72
70
74
84
87
80
65
45
21
-4
-21
-31
-36
-40
-51
-77
-111
-136
-161
-188
-211
-227
-242
-252
-253
-251
-244
-237
-229
-219
-211
-199
-182
-166
-157
-145
-130
-118
-106
-100
-111
-131
-144
-156
-159
-146
-130
-116
-109
-106
-109
-107
-96
-78
-59
-44
-29
-6
19
47
87
123
149
169
176
171
173
177
181
185
193
194
183
173
167
161
157
144
124
104
92
93
106
132
157
159
147
144
141
134
143
159
169
182
209
228
234
241
229
197
169
152
145
147
152
146
127
105
87
78
79
82
84
81
68
44
17
-7
-35
-69
-107
-142
-174
-189
-193
-198
-217
-252
-297
-341
-371
-382
-373
-353
-334
-326
-327
-334
-338
-336
-330
-326
-323
-312
-296
-274
-239
-198
-162
-140
-124
-113
-102
-85
-58
-29
-7
10
27
38
46
61
75
80
86
85
81
78
83
97
118
149
177
196
210
214
197
187
186
182
195
207
219
235
244
248
248
249
249
241
243
238
218
192
167
150
142
137
126
117
113
106
109
142
181
181
159
141
117
96
90
99
110
117
125
118
97
74
32
-27
-80
-110
-114
-102
-80
-65
-78
-116
-167
-209
-231
-239
-243
-234
-226
-240
-255
-264
-282
-309
-341
-368
-378
-378
-365
-346
-333
-332
-348
-363
-369
-364
-348
-317
-273
-238
-209
-197
-199
-189
-165
-141
-106
-54
2
60
119
175
212
233
261
291
313
332
346
361
368
364
362
361
354
337
323
313
282
246
203
157
133
116
104
102
93
82
65
53
60
68
71
73
76
98
107
118
149
165
165
154
136
127
112
89
80
69
42
19
2
-14
-35
-67
-99
-125
-134
-136
-125
-84
-53
-62
-91
-118
-141
-169
-171
-152
-142
-126
-97
-77
-55
-32
-37
-73
-94
-100
-94
-67
-28
-6
-21
-53
-90
-123
-149
-157
-153
-149
-158
-181
-204
-221
-247
-280
-297
-303
-299
-271
-227
-193
-181
-181
-192
-196
-172
-133
-78
-6
50
90
122
153
189
227
268
302
322
339
360
372
392
408
403
396
384
363
334
311
299
273
240
214
190
174
160
142
125
102
78
50
27
10
-20
-37
-31
-37
-38
-21
-36
-51
-49
-68
-75
-64
-47
-40
-38
-43
-65
-95
-125
-153
-162
-166
-180
-185
-205
-232
-262
-278
-280
-292
-302
-299
-286
-288
-282
-251
-212
-180
-161
-149
-146
-140
-138
-122
-82
-41
-6
49
100
126
138
134
106
69
44
32
34
59
77
72
52
28
4
-19
-15
4
11
13
12
9
4
4
2
-5
-3
3
12
44
92
126
144
158
151
135
147
177
213
259
295
316
331
342
344
342
332
305
283
269
249
230
212
182
154
132
110
88
71
53
20
-22
-62
-98
-117
-126
-132
-132
-139
-166
-188
-204
-218
-220
-222
-215
-210
-221
-232
-225
-229
-235
-221
-205
-203
-198
-184
-188
-197
-200
-210
-219
-215
-213
-207
-204
-200
-188
-178
-172
-166
-153
-145
-136
-120
-93
-61
-27
13
51
75
84
101
116
120
139
159
171
190
206
212
221
232
230
221
207
181
152
137
136
135
133
137
129
107
87
80
71
73
79
81
80
72
63
49
37
28
20
13
19
30
36
41
47
52
48
37
43
58
70
85
98
105
101
88
78
66
52
35
16
3
-14
-30
-43
-54
-63
-77
-91
-96
-109
-117
-119
-133
-143
-156
-172
-171
-179
-184
-177
-187
-182
-179
-186
-174
-159
-148
-143
-144
-143
-142
-145
-142
-141
-127
-121
-111
-85
-60
-41
-27
-23
-24
-32
-41
-36
-22
1
21
34
59
75
84
93
109
119
124
127
134
140
144
156
179
215
243
261
266
259
247
223
199
181
169
153
134
122
114
97
80
67
53
45
37
29
17
4
-4
-15
-28
-32
-35
-37
-32
-25
-22
-22
-24
-35
-43
-56
-68
-74
-75
-70
-63
-58
-57
-62
-66
-71
-67
-48
-37
-30
-20
-15
-17
-17
-9
-7
-10
-11
-19
-39
-48
-67
-81
-87
-97
-100
-99
-103
-98
-97
-93
-85
-93
-87
-86
-93
-102
-95
-90
-86
-81
-72
-69
-66
-64
-69
-75
-85
-93
-103
-109
-111
-106
-98
-74
-54
-32
0
28
47
64
79
84
93
110
118
119
132
134
135
151
171
187
191
187
179
170
161
158
162
171
177
182
185
188
180
163
145
123
101
91
77
57
43
22
0
-19
-39
-56
-63
-77
-88
-100
-118
-132
-134
-139
-140
-129
-120
-109
-96
-94
-83
-65
-65
-63
-64
-54
-48
-44
-33
-27
-24
-23
-30
-25
-14
-12
-6
-3
-4
-3
-3
4
9
15
26
29
26
34
31
21
13
3
-6
-16
-21
-30
-30
-35
-36
-42
-54
-59
-65
-57
-48
-47
-52
-52
-59
-66
-63
-61
-54
-51
-49
-49
-42
-32
-30
-26
-25
-23
-9
1
10
31
48
61
68
77
93
107
110
114
121
134
140
146
160
166
162
155
152
151
147
145
137
121
105
77
49
23
6
-6
-22
-38
-51
-69
-87
-115
-137
-143
-158
-165
-165
-166
-168
-165
-174
-180
-168
-157
-156
-142
-116
-102
-81
-64
-38
-14
17
28
29
44
61
54
51
66
68
55
40
38
32
17
12
15
30
51
46
46
49
44
38
41
52
65
80
88
83
78
84
70
60
72
76
70
71
72
63
45
31
5
-21
-34
-50
-62
-67
-82
-101
-119
-129
-134
-145
-143
-141
-134
-124
-112
-109
-98
-86
-80
-60
-41
-14
1
21
48
72
86
96
103
116
125
125
142
147
148
146
139
116
97
82
66
55
53
44
22
5
-19
-47
-61
-59
-50
-49
-47
-21
-29
-43
-39
-28
-34
-38
-29
-21
-24
-23
-14
-17
-2
-8
-5
8
14
16
23
28
30
30
23
19
6
4
-4
-16
-16
-20
-40
-65
-57
-55
-63
-56
-45
-43
-38
-35
-36
-29
-19
-9
0
19
40
39
48
60
54
52
61
64
58
57
57
28
8
10
-9
-27
-41
-56
-75
-101
-112
-125
-144
-150
-153
-147
-129
-130
-135
-129
-117
-105
-104
-86
-58
-40
-18
0
18
47
64
74
100
125
146
155
155
156
161
183
181
167
172
175
160
137
120
113
96
68
41
26
29
9
-12
-19
-5
4
-24
-24
-3
-4
-11
-33
-31
-3
9
-9
-19
4
9
-9
-8
5
11
2
-19
-20
-18
-26
-34
-43
-51
-60
-61
-71
-101
-108
-100
-113
-132
-122
-109
-118
-127
-101
-73
-55
-37
-35
-29
-21
-13
-8
2
13
23
21
29
51
63
77
84
84
82
77
63
41
26
21
8
14
24
20
7
-8
-20
-39
-39
-35
-46
-60
-59
-59
-58
-63
-57
-46
-50
-36
-18
12
32
32
46
65
63
73
84
102
108
108
124
131
140
137
116
109
101
78
61
48
46
30
28
28
18
0
-7
-23
-43
-35
-21
-12
-15
14
32
4
-32
-35
-41
-51
-52
-45
-30
-29
-47
-72
-75
-65
-61
-84
-72
-53
-70
-95
-107
-88
-87
-114
-133
-130
-128
-125
-123
-107
-90
-100
-114
-108
-80
-63
-76
-72
-31
-11
-14
14
48
58
39
50
76
81
92
96
100
114
126
127
140
150
154
133
112
107
109
111
111
110
111
106
77
63
62
55
36
35
51
56
37
13
4
8
11
1
11
40
36
23
28
31
23
7
-12
0
17
22
13
4
23
14
-5
-11
-12
-22
-55
-70
-66
-75
-104
-115
-114
-105
-109
-111
-111
-90
-89
-116
-131
-119
-101
-103
-99
-97
-96
-107
-99
-78
-67
-68
-80
-91
-84
-72
-58
-52
-51
-40
-36
-26
-10
-3
-11
-26
-32
-21
-24
-39
-40
-12
8
22
37
67
84
71
71
107
143
130
135
156
162
139
120
131
155
185
191
188
201
200
170
137
126
131
137
130
129
138
108
63
60
57
23
4
1
-5
-2
0
-8
-6
-16
-29
-20
-16
-20
-43
-54
-55
-69
-90
-86
-90
-104
-129
-149
-125
-118
-123
-111
-109
-126
-141
-146
-151
-157
-151
-149
-150
-138
-116
-92
-91
-98
-98
-100
-90
-60
-33
-25
-17
-17
-24
-6
9
13
9
9
14
10
5
7
28
41
41
36
44
42
43
50
44
47
52
34
38
36
39
52
43
28
37
41
32
42
64
77
68
78
90
91
97
93
81
76
70
66
73
68
67
38
22
28
41
72
75
70
69
67
68
67
61
76
84
55
48
56
21
9
-3
-29
-40
-40
-39
-38
-19
-18
-38
-58
-82
-69
-30
-32
-40
-24
-44
-69
-77
-77
-63
-56
-71
-78
-75
-86
-101
-93
-84
-94
-86
-91
-118
-99
-78
-101
-95
-79
-80
-75
-68
-78
-53
-47
-50
-43
-18
0
4
16
4
-11
-3
19
23
25
20
19
21
29
10
6
45
51
35
57
71
78
118
116
89
99
106
80
85
110
99
50
41
45
36
45
44
35
34
49
25
3
34
58
43
37
42
29
21
16
28
30
18
17
15
22
31
32
19
14
10
16
11
11
10
8
5
-2
-20
-19
-11
-24
-23
-29
-39
-19
-4
-23
-21
-2
-14
-41
-48
-56
-45
-22
-41
-52
-55
-54
-58
-62
-34
-38
-68
-70
-53
-52
-59
-70
-81
-86
-87
-107
-110
-83
-81
-78
-82
-85
-78
-63
-60
-52
-44
-47
-39
-26
7
10
-16
11
34
15
7
0
4
27
10
-4
12
21
38
41
64
77
83
76
66
99
109
95
105
122
121
129
105
105
119
118
88
53
81
93
77
66
52
45
56
34
12
23
17
5
5
7
11
-3
-17
-8
-3
-21
-11
-3
-12
18
31
-5
-6
16
-6
-32
-36
-24
-1
-11
-31
-20
-24
-41
-45
-44
-47
-52
-60
-58
-37
-57
-73
-71
-70
-59
-42
-53
-65
-52
-49
-63
-65
-39
-41
-40
-16
-20
-21
-6
-33
-41
-32
-37
-39
-20
-20
-48
-50
-43
-54
-47
-56
-59
-37
-41
-36
-27
-26
-28
-42
-20
9
18
47
67
56
50
59
67
53
52
74
71
74
87
96
83
44
50
45
51
68
70
81
91
87
86
62
38
59
57
56
54
60
51
35
15
10
16
9
-4
5
26
15
12
3
-17
-44
-57
-32
-16
-18
-9
-25
-39
-37
-48
-27
-22
-62
-59
-54
-72
-81
-56
-45
-43
-30
-38
-38
-31
-47
-38
-33
-47
-11
-2
-18
-15
-11
-25
-13
-16
-11
-12
-5
11
7
-20
-68
-56
-25
-15
-4
15
-1
-8
-19
-32
-21
-17
-17
-25
22
23
3
28
17
2
0
-16
0
41
18
4
2
4
13
14
9
11
18
-7
-3
28
20
16
26
35
70
70
38
60
85
63
47
51
67
79
57
47
65
84
68
47
33
44
45
26
19
30
18
-8
-12
-4
-14
-21
-25
-43
-22
-14
-30
-21
-21
-36
-28
-32
-30
-21
-2
-9
-3
-13
-52
-46
-26
-43
-51
-22
-22
-27
-55
-71
-46
-33
-51
-52
-41
-47
-51
-68
-64
-45
-31
-31
-17
9
36
2
-12
12
25
15
1
24
14
26
16
12
19
14
18
17
0
20
13
-30
-47
-45
-5
-13
-7
21
10
3
2
-10
-1
-8
-12
-4
10
30
23
5
-19
-18
23
7
3
45
31
27
16
23
29
20
-11
-17
16
44
56
48
60
60
26
-8
6
1
5
27
58
77
73
57
40
18
0
-5
0
-11
11
31
12
14
17
-1
-48
-48
-25
-19
-7
10
-9
-26
-43
-47
-32
-48
-62
-65
-50
-36
-16
-1
-14
-41
-54
-70
-69
-25
1
-7
-18
-2
4
-2
-13
-31
-35
-42
-31
-9
15
35
10
-12
-7
0
13
1
13
66
57
38
39
42
40
15
7
23
45
57
28
5
38
16
-13
3
16
32
26
8
24
36
13
-24
-26
25
34
15
15
23
27
-1
-10
4
24
25
-22
-30
28
34
-11
-10
13
-2
-25
-11
8
29
30
-23
-29
7
13
-19
-25
11
43
-12
-62
-22
12
-4
-41
-36
-21
-1
-32
-73
-49
-26
-79
-102
-48
-17
-8
-23
-31
-26
-27
-53
-77
-41
-8
-28
-52
-18
1
-2
-43
-47
-13
-4
-1
-14
4
21
-25
-41
-28
-11
6
-8
6
27
20
45
54
35
51
36
15
43
77
79
70
76
79
52
52
50
29
38
37
34
44
53
61
56
24
29
49
37
49
45
30
26
29
19
22
23
14
5
13
4
-4
9
-11
0
15
-11
-43
-43
-49
-62
-47
-53
-46
-27
-47
-60
-48
-50
-53
-58
-65
-52
-38
-36
-11
11
-37
-84
-65
-34
-17
2
-7
-16
-29
-55
-58
-30
-10
-19
-27
-41
-23
4
-2
-3
13
-2
-41
-28
8
28
8
-7
6
29
18
-6
25
36
15
-5
4
31
45
30
32
65
44
2
1
49
61
42
52
60
55
23
1
36
68
56
56
35
34
57
46
21
13
31
-5
-17
33
49
32
-2
-25
2
19
-2
19
35
15
-26
-29
-7
4
-11
-34
-30
-6
-6
-6
0
-3
4
-28
-55
-27
-2
-38
-46
-32
-25
-34
-58
-61
-43
-26
-42
-48
-32
-44
-69
-58
-31
-23
-28
-41
-34
-26
-39
-37
-21
-24
-46
-43
-35
-15
-3
5
-8
-24
-23
-9
13
6
-11
-10
9
7
8
-3
-11
-11
-11
5
25
34
30
17
2
21
29
17
36
47
42
38
64
80
62
32
2
-7
29
59
56
51
42
26
20
16
17
33
20
0
20
49
36
18
1
-1
8
-16
-12
27
55
23
1
5
1
12
-13
-19
33
47
2
4
18
11
-2
-7
1
9
-1
-40
-33
27
27
-3
3
7
-8
-27
-41
-23
-10
-30
-24
-2
-3
-22
-21
-25
-42
-58
-51
-4
18
7
-16
-24
-39
-38
-29
-32
-8
-13
-32
-27
-10
-21
-40
-38
-30
-26
-41
-44
-16
-10
-41
-64
-35
-16
-23
-39
-26
3
6
-11
-1
34
40
13
13
32
20
16
20
55
84
69
45
30
37
31
0
-8
18
32
40
36
37
35
2
-37
-40
4
9
1
30
46
22
-9
-23
-12
-5
-20
-30
-12
26
28
24
26
5
-27
-31
-10
-2
22
28
31
23
13
4
-12
-5
4
7
-5
0
-3
6
6
23
21
2
-11
-20
-2
-17
-11
10
5
-19
-25
-11
-3
-7
-26
-33
-35
-38
-41
1
16
-4
-29
-53
-57
-56
-37
-33
-27
-7
-16
-57
-59
-27
0
-24
-64
-63
-48
-24
-23
-9
20
2
-42
-37
-10
-1
-15
-12
33
40
35
36
73
79
63
46
35
63
93
83
69
74
62
63
49
51
60
64
52
48
63
29
6
36
43
28
23
24
23
7
-12
1
13
3
4
1
-1
-14
2
11
-4
-22
-33
-8
32
27
-13
-18
-18
-28
-49
-22
0
-9
-6
-10
-15
-27
-16
-17
-46
-45
-36
-45
-20
7
-15
-52
-70
-47
-25
-44
-50
-39
-35
-47
-47
-31
-44
-65
-54
-44
-48
-41
-34
-29
-41
-44
-41
-29
-15
-18
-19
-16
-19
-11
1
-7
-22
-40
-32
0
11
7
27
37
4
-13
9
23
42
63
70
66
71
64
71
70
36
37
62
56
68
97
82
55
50
36
5
9
32
35
40
34
17
-1
-2
-6
-27
-21
-7
8
13
0
14
29
-1
-33
-43
-26
-17
9
44
37
19
-14
-44
-45
-31
-15
-9
-6
-7
-12
-8
2
11
-1
-19
-31
-24
-5
17
17
5
-12
-16
1
-12
-11
23
27
-19
-13
20
17
-9
-14
-10
-26
-8
-11
-15
-1
-20
-35
-28
-28
-36
-35
-44
-27
-20
-32
-31
-10
-5
-54
-43
-7
-24
-19
-3
-12
-35
-31
-11
-5
-4
0
-14
3
25
20
24
19
25
18
6
15
56
56
32
31
37
24
25
47
25
16
33
32
32
33
39
32
15
25
33
30
25
17
15
24
25
32
19
7
15
16
7
1
17
17
-22
-22
3
2
-3
-20
-29
-26
-20
-18
-13
-24
-39
-57
-59
-51
-28
-14
-30
-41
-37
-33
-36
-19
-18
-14
-14
-25
-33
-14
1
-15
-25
-6
-13
-29
-18
-10
-21
-15
-15
-27
-22
-31
-48
-36
-10
-25
-26
-9
-11
-11
4
6
-4
-8
-3
15
28
44
48
34
23
16
30
50
57
45
30
24
29
20
19
31
35
14
-1
23
35
25
22
16
7
7
2
11
34
44
31
30
23
7
8
24
27
21
15
2
1
3
14
24
25
14
-3
-10
17
21
3
-2
-3
-18
-29
-1
9
-1
-9
-18
-27
-31
-26
-31
-40
-42
-23
-20
-20
-15
-16
-32
-44
-40
-32
-18
-19
-19
-14
-11
-19
-13
-14
-18
-9
-7
-4
3
0
-18
-31
-22
9
17
-5
-19
-16
-7
4
27
26
3
-6
-25
-12
23
24
-1
-10
8
29
24
19
22
10
-1
-1
19
43
54
36
6
7
22
12
9
14
7
-4
-26
-15
11
7
-18
-21
-21
-9
-3
-2
-8
-14
-20
-26
3
26
16
-2
-9
-7
-1
-1
4
10
6
0
-13
-5
-5
-8
11
17
9
-9
-16
-4
5
4
0
-20
-21
-17
-6
9
8
0
-28
-32
-13
-5
1
2
4
2
-9
-14
5
12
-16
-38
-31
-11
2
14
19
15
-12
-29
-17
0
1
-3
-4
0
14
19
13
3
-4
-19
-23
-3
22
26
8
-5
7
18
11
17
35
45
44
44
45
49
41
29
26
40
43
28
24
31
40
28
13
11
4
0
-7
-10
0
8
-10
-27
-13
4
-6
-18
-19
-27
-39
-44
-23
-13
-20
-27
-19
-14
-19
-5
4
-13
-29
-27
-22
-8
6
2
-7
-7
-9
-23
-28
-26
-22
-18
-7
1
2
-10
-23
-20
-16
-20
-19
-16
-9
-1
-1
-8
-19
-23
-28
-30
-20
8
23
12
3
10
8
-1
1
2
-2
-5
1
7
21
20
0
-11
-7
0
11
24
28
17
4
-4
-7
1
4
2
0
2
12
25
23
12
5
-4
-11
8
34
42
46
53
42
22
13
17
22
25
27
36
36
27
18
13
13
6
4
2
-4
-8
-10
-12
-27
-40
-39
-36
-31
-15
-5
-13
-25
-37
-42
-37
-21
-14
-9
-2
2
-3
-5
-2
-1
-2
-6
-8
-5
6
5
-10
-18
-15
-15
-21
-16
-7
-6
-11
-15
-11
-11
-15
-17
-12
-6
-9
-11
-5
-2
-3
-2
-2
-2
1
2
5
15
22
21
15
6
0
-1
3
0
2
11
15
15
17
18
12
6
2
9
19
14
14
29
29
13
4
8
9
10
18
24
30
29
15
9
15
14
9
11
20
20
13
14
13
10
8
5
4
12
17
9
4
4
5
3
2
2
8
7
-5
-12
-8
-10
-22
-33
-34
-29
-27
-23
-24
-25
-29
-38
-35
-25
-22
-26
-28
-23
-13
-11
-13
-14
-17
-27
-28
-20
-14
-12
-17
-24
-23
-14
-11
-14
-13
-13
-18
-18
-5
0
-3
-11
-13
-7
-1
1
3
10
10
6
11
20
18
5
-6
-7
1
13
19
25
26
21
15
14
16
15
12
13
12
18
25
25
21
19
18
12
13
19
25
25
25
28
33
32
26
23
26
25
21
20
22
20
14
13
17
13
4
-1
-1
3
5
6
1
1
-4
-13
-12
-6
-7
-12
-15
-14
-14
-15
-16
-18
-20
-23
-24
-17
-12
-13
-19
-22
-21
-19
-20
-23
-24
-26
-31
-32
-28
-25
-24
-25
-24
-23
-20
-18
-19
-20
-18
-12
-9
-10
-10
-7
-7
-5
3
13
17
18
16
16
13
9
13
15
17
19
19
20
21
16
9
11
11
11
12
16
16
12
10
8
8
8
7
6
6
8
9
8
6
5
4
1
-2
-1
-1
-2
-2
1
5
6
8
9
9
5
2
2
0
1
-1
0
2
8
9
7
5
4
2
0
-1
1
3
4
2
0
-1
-2
-3
-4
-1
2
2
3
3
2
-1
-6
-8
-8
-6
-7
-6
-6
-8
-12
-16
-18
-17
-17
-17
-19
-18
-15
-14
-15
-17
-19
-21
-20
-17
-13
-5
-1
-4
-9
-13
-16
-15
-13
-7
-1
1
2
1
-3
-5
-5
-4
0
6
12
14
16
15
13
11
10
12
16
20
23
26
23
20
17
13
11
12
13
16
17
18
18
15
11
9
7
8
11
13
15
14
11
9
4
3
3
5
9
12
11
7
2
-1
-3
-5
-5
-4
-1
2
2
0
-4
-8
-12
-15
-14
-9
-6
-4
-4
-6
-10
-15
-18
-19
-17
-15
-12
-11
-9
-8
-9
-12
-16
-18
-19
-17
-13
-9
-7
-7
-11
-15
-17
-18
-16
-14
-12
-10
-10
-11
-12
-15
-14
-14
-14
-12
-7
-4
2
3
0
0
-1
-1
3
7
8
9
10
12
12
15
17
18
18
16
17
15
16
16
16
18
17
19
19
20
17
13
11
11
11
13
15
16
16
16
15
14
12
11
9
9
7
6
6
5
5
4
2
1
-1
-3
-4
-5
-5
-5
-7
-10
-12
-15
-16
-14
-12
-10
-10
-8
-9
-10
-12
-13
-12
-13
-12
-9
-5
-3
-6
-7
-9
-13
-17
-17
-16
-13
-10
-9
-4
-2
-2
-5
-7
-9
-11
-10
-7
-3
0
0
0
1
0
-1
0
2
4
6
9
10
8
4
-1
-2
1
3
6
9
11
12
9
6
4
2
2
3
7
10
14
16
14
12
10
8
8
8
8
10
10
12
12
11
9
5
2
2
6
6
7
5
3
0
-3
-4
-6
-6
-9
-8
-7
-6
-7
-8
-10
-10
-11
-12
-12
-11
-11
-10
-10
-10
-9
-9
-8
-6
-7
-7
-7
-8
-8
-7
-6
-6
-4
-6
-4
-6
-6
-7
-5
-4
-3
-3
-1
0
0
0
0
0
3
5
5
7
8
8
5
4
4
5
3
4
4
3
4
3
4
3
4
3
2
3
3
4
3
3
2
3
2
2
3
4
6
8
8
8
8
9
7
7
9
9
10
11
11
11
9
7
6
3
2
1
0
2
2
2
2
3
2
-2
-2
-3
-2
-1
1
1
3
1
1
0
-3
-5
-6
-6
-5
-5
-2
-2
-2
-3
-5
-8
-10
-10
-10
-9
-9
-9
-9
-12
-16
-17
-15
-14
-12
-10
-8
-5
-6
-6
-7
-7
-8
-6
-3
2
4
4
3
2
0
-6
-7
-7
-5
-3
-1
2
4
6
5
4
5
5
7
9
10
12
13
