4
3
3
1
0
0
0
1
2
3
2
2
2
2
1
-1
-3
-3
-3
-4
-3
-2
-3
-4
-3
-3
-3
-4
0
3
2
1
1
1
2
2
3
2
4
6
7
8
9
7
4
3
2
1
0
-1
-1
-1
-1
-4
-4
-3
-3
-5
-5
-6
-5
-3
1
2
2
0
1
1
0
1
0
0
0
0
3
3
4
5
7
7
7
7
4
1
-2
-4
-7
-9
-10
-10
-9
-7
-4
0
1
5
7
10
10
8
8
6
4
3
2
3
3
-1
0
0
-2
-1
-1
1
-2
-4
-5
-3
-1
-1
-2
-2
-3
-4
-6
-9
-8
-5
-4
-4
-1
0
-2
-2
-2
-3
-5
-8
-9
-8
-6
-5
-3
-3
-4
-5
-4
-3
-6
-6
-5
-5
-4
-1
3
7
8
9
9
10
9
10
11
12
10
7
4
2
2
1
-3
-6
-6
-4
-2
0
3
3
2
1
1
4
3
-2
-3
-2
-4
-2
0
3
6
6
5
8
10
10
9
9
8
6
5
4
4
2
-1
-1
0
0
-2
0
0
2
1
2
5
5
3
1
1
1
2
3
0
-4
-6
-8
-8
-8
-7
-4
-3
-4
-5
-7
-6
-8
-12
-14
-14
-14
-11
-7
-3
-2
0
0
1
5
6
5
2
1
1
3
3
5
7
7
5
4
4
3
-1
-8
-13
-16
-17
-20
-21
-21
-18
-13
-7
-1
4
5
4
6
11
16
15
11
10
11
12
10
8
7
8
7
6
7
9
12
10
6
-1
-6
-5
-2
1
-3
-7
-8
-8
-5
-4
-8
-11
-10
-5
2
6
10
12
12
11
9
6
7
7
6
5
6
7
7
4
0
-5
-7
-9
-11
-12
-13
-11
-7
-6
-7
-6
-5
-5
-6
-10
-16
-18
-17
-15
-15
-15
-12
-4
3
5
7
6
4
7
14
16
17
19
20
21
21
18
15
13
10
9
5
4
4
6
6
1
-5
-8
-7
-3
0
3
3
2
4
3
2
-2
-4
-8
-10
-7
-5
-2
-2
-4
-5
-3
2
6
8
7
4
4
3
2
-4
-11
-16
-15
-8
-3
-3
-5
-8
-7
-9
-11
-15
-14
-11
-10
-9
-8
-5
1
5
1
-8
-13
-11
-4
1
2
0
1
2
1
6
7
6
3
1
2
6
11
17
20
19
15
9
11
13
6
-4
-8
-11
-7
-5
-6
-7
-2
7
7
4
-3
-4
-2
-2
-1
-1
3
9
15
13
3
2
4
5
3
-4
-13
-10
-2
3
3
-3
-3
-2
2
2
2
-1
-2
-5
-6
-5
-4
-4
-8
-14
-20
-19
-11
-3
-2
-6
-11
-17
-9
-1
3
4
5
7
6
9
7
7
3
-3
-5
-1
5
10
14
10
4
-1
6
12
16
11
5
6
12
17
12
4
-3
-7
-8
-3
4
6
2
-7
-12
-12
-6
3
8
8
7
5
15
25
21
13
4
6
9
13
16
13
6
-4
-14
-16
-10
0
9
6
-3
-10
-11
-11
-14
-17
-21
-17
-10
-9
-15
-17
-20
-23
-18
-15
-10
-5
-2
-1
-3
-2
1
9
6
0
-9
-6
0
3
-2
-11
-9
-6
-5
-7
-7
-9
-14
-18
-13
1
9
14
11
2
-10
-5
11
24
25
17
4
1
13
21
14
7
8
7
12
18
24
23
19
8
0
2
6
14
12
-4
-13
-7
4
12
11
0
-14
-18
-14
-5
5
8
10
5
-5
-11
-8
-7
-7
-11
-17
-24
-14
-2
-3
-16
-27
-26
-21
-8
2
8
2
-6
-10
-9
-11
-5
4
6
7
-2
-10
-8
-2
-6
-10
-6
5
13
18
13
5
-3
-8
-4
11
17
13
14
9
-3
-6
1
12
23
24
17
20
34
35
26
12
1
5
11
13
15
11
-2
-4
-3
-3
-7
3
10
11
4
-6
-11
-17
-14
-16
-12
-10
-8
-11
-16
-17
-14
-4
1
4
-3
-9
-8
-1
0
-10
-12
-13
-9
-9
-1
7
8
0
-11
-13
-10
-3
4
6
2
-3
-13
-15
-6
-5
-4
-2
12
13
7
-2
-9
-7
-5
1
8
13
9
11
10
9
3
0
6
13
22
19
4
-1
-4
-10
-14
-6
1
0
-5
-6
-4
-2
-2
-2
-3
-7
-4
-5
-4
-7
-18
-28
-22
-6
8
16
9
2
-4
-5
-1
10
16
12
7
3
-7
-2
9
9
3
-6
-11
-18
-17
-17
-10
-11
-6
-5
2
1
4
11
14
16
13
13
9
15
18
10
-3
-7
-5
0
3
13
12
8
0
-2
0
3
10
12
10
0
-5
-6
-3
-5
-11
-18
-16
-6
3
9
5
10
9
9
9
15
17
14
15
15
7
4
9
11
14
3
-4
-6
-2
1
-1
-3
-7
-15
-17
-23
-17
-3
12
15
6
2
-5
-2
4
-1
-10
-16
-14
-14
-8
-4
-3
-4
-5
-3
6
9
10
-1
-12
-22
-25
-13
2
10
4
-5
-12
-15
-18
-20
-19
-8
-4
4
4
2
-3
-7
-7
-4
-1
3
10
11
13
9
9
7
7
13
13
14
15
9
-2
-4
-3
0
0
-3
-10
-17
-14
-6
5
10
9
6
0
-5
2
0
-3
-11
-21
-20
-1
19
39
38
29
14
-1
-7
-7
-7
-14
-9
-8
6
7
12
7
2
-8
-18
-15
-20
-12
-8
-8
-15
-10
-11
-7
-4
1
17
30
27
13
9
1
-3
1
3
-4
-14
-15
-7
0
9
9
5
-10
-16
-22
-21
-13
0
5
-7
3
1
11
-5
-12
-8
-6
3
14
28
24
30
19
25
11
12
12
10
22
15
19
20
29
24
20
3
-2
0
2
12
2
2
-25
-31
-36
-24
-4
16
33
20
12
1
29
36
38
14
-14
-21
-21
-8
5
17
4
-8
-17
-9
7
10
-9
-32
-49
-52
-39
-16
11
15
1
-24
-15
-10
-27
-49
-50
-35
-19
-11
6
19
5
-10
-33
-40
-30
-17
-15
19
26
24
3
-15
-6
-18
-19
-29
-4
3
-5
-6
5
19
4
-15
-23
-6
12
20
38
21
12
-8
-11
5
22
31
18
19
17
36
26
13
12
13
-6
-20
-6
21
30
5
-9
-13
4
11
13
12
2
-5
-27
-37
-28
-8
4
8
10
10
-2
-23
-11
7
-2
-7
-13
7
35
36
35
21
6
-41
-62
-62
-31
-4
12
12
-19
-12
-31
-9
-6
7
12
-15
1
18
42
34
24
18
20
14
11
28
28
33
14
-2
-4
4
21
5
-15
-32
-19
-21
-11
18
38
31
5
9
-5
-7
-17
3
19
14
16
9
30
29
25
-3
-37
-30
-17
13
13
31
37
26
-6
-28
-18
-13
8
-4
-2
-8
-21
-20
-18
0
-27
-36
-40
-6
22
19
15
7
13
-16
-29
-31
-1
27
24
29
28
16
-12
-15
3
2
-9
-16
-11
-21
-23
-31
-25
-17
-28
-32
-31
-4
3
2
-17
-32
-45
-29
-7
12
18
2
-4
-7
-9
-10
2
15
18
30
50
55
33
6
-39
-65
-38
-5
26
32
31
-6
-31
-35
-35
-34
-37
-5
32
51
41
17
-3
-25
-23
1
5
1
8
6
8
-4
-13
-31
-43
-43
-9
28
38
41
4
-29
-56
-28
10
32
23
19
3
1
8
9
-9
-47
-46
-17
26
38
39
27
10
-25
-41
-27
-19
-7
24
67
85
81
73
52
15
-7
-2
-1
13
24
24
40
46
45
10
-23
-31
-17
1
17
41
37
29
9
21
29
5
4
-14
-29
-36
-11
34
70
57
30
8
-16
-20
-23
-27
-48
-28
-9
18
47
40
6
-50
-88
-118
-73
-23
35
51
33
-8
-45
-57
-57
-29
-27
-30
-27
-21
-15
-24
-36
-56
-70
-54
-29
-1
6
10
-8
-26
-45
-36
-16
8
33
45
38
32
19
8
-12
-8
6
22
30
22
22
10
5
-3
9
5
-4
-17
-10
-16
-3
-1
-10
-11
10
43
50
57
53
39
9
8
37
48
40
14
-5
-27
-36
-21
-2
10
-10
-12
-15
-5
-13
-19
-41
-73
-71
-56
-22
10
28
13
-8
-33
-33
-37
-32
-19
-7
-14
-8
17
34
36
29
32
19
10
19
43
61
61
53
47
36
13
9
15
7
-1
-6
-6
-8
-8
0
6
16
28
29
40
56
66
61
34
7
-6
-19
-19
-5
12
13
5
3
4
-4
-19
-29
-48
-62
-69
-56
-40
-37
-34
-38
-35
-27
-13
-8
-4
-4
-8
-5
8
22
27
22
14
13
17
21
34
39
33
19
6
0
-12
-22
-31
-26
-20
-9
3
15
27
29
29
22
12
-3
-26
-32
-33
-30
-29
-26
-15
-15
-9
-4
-6
-15
-34
-52
-61
-63
-54
-45
-36
-26
-9
1
12
13
7
-9
-22
-23
-20
-13
-10
2
7
13
19
28
33
32
33
36
42
50
54
57
54
52
49
45
46
50
58
60
57
56
46
36
29
23
20
11
4
-5
-15
-21
-23
-33
-43
-47
-47
-43
-44
-42
-56
-74
-88
-90
-75
-52
-20
14
36
42
32
9
-31
-72
-98
-109
-103
-90
-63
-34
-16
-5
2
5
7
4
0
-7
-8
-5
-7
-5
17
48
70
73
74
77
78
71
72
72
73
72
63
51
44
44
34
12
-5
1
14
18
22
29
33
24
17
16
12
4
-5
-22
-36
-44
-38
-23
-8
13
37
51
53
48
34
16
-5
-18
-20
-8
15
29
33
34
26
16
-12
-45
-68
-76
-74
-64
-35
-6
3
-10
-29
-38
-43
-49
-68
-90
-114
-120
-106
-80
-42
-3
23
29
35
45
58
65
55
21
-27
-62
-71
-62
-60
-63
-70
-77
-88
-79
-55
-34
-37
-72
-99
-93
-64
-35
3
57
121
173
206
216
205
163
82
1
-42
-33
2
31
58
85
102
90
54
14
-28
-70
-97
-97
-70
-39
-19
-10
-1
36
100
161
196
211
193
121
33
-24
-35
-24
-2
16
26
32
34
21
-20
-92
-167
-235
-272
-258
-190
-111
-63
-56
-64
-51
-5
50
84
71
32
-4
-10
22
90
160
173
121
40
-15
-32
-41
-73
-115
-158
-187
-186
-131
-61
-16
-18
-49
-70
-37
56
151
212
222
189
133
110
140
202
222
168
60
-51
-125
-138
-110
-98
-121
-143
-131
-73
22
103
120
47
-81
-195
-223
-149
-11
115
176
178
160
152
148
150
125
60
-35
-99
-86
-7
84
117
58
-67
-202
-287
-280
-206
-127
-84
-58
-14
72
192
292
323
236
71
-81
-129
-64
57
151
167
125
60
5
-30
-61
-132
-244
-352
-372
-289
-141
-7
62
68
18
-41
-57
-22
9
-13
-90
-175
-212
-184
-113
-21
58
96
95
82
59
36
-17
-111
-212
-261
-235
-141
7
117
169
149
82
7
-23
-15
18
57
85
132
229
360
479
542
504
418
324
231
134
71
14
-39
-60
-42
13
71
77
21
-57
-122
-145
-136
-113
-87
-49
-10
32
77
111
110
82
40
-6
-42
-82
-138
-203
-271
-313
-313
-279
-228
-181
-170
-208
-269
-327
-353
-321
-256
-188
-133
-85
-50
-25
-6
-3
-33
-87
-127
-104
-25
75
152
150
82
-15
-101
-170
-206
-213
-206
-171
-57
148
398
605
703
699
619
489
347
256
225
242
276
318
415
550
654
659
562
372
121
-115
-270
-303
-234
-137
-34
98
236
344
371
309
178
11
-171
-288
-289
-237
-203
-191
-176
-141
-116
-139
-217
-327
-473
-637
-780
-870
-895
-855
-773
-659
-494
-327
-201
-136
-142
-194
-255
-310
-360
-400
-406
-368
-302
-245
-210
-190
-187
-198
-208
-197
-170
-157
-203
-300
-368
-353
-237
-28
262
582
877
1106
1283
1432
1486
1442
1319
1205
1158
1204
1284
1306
1211
965
604
245
-28
-194
-290
-353
-354
-277
-132
28
161
218
194
159
158
217
319
403
424
375
276
158
58
-25
-145
-333
-567
-802
-982
-1114
-1215
-1283
-1331
-1358
-1338
-1243
-1081
-874
-698
-598
-556
-525
-476
-400
-281
-147
-49
-33
-85
-151
-230
-367
-543
-687
-750
-726
-622
-487
-324
-179
-97
-87
-111
-141
-139
-96
45
302
641
982
1286
1546
1751
1915
2037
2088
2022
1837
1568
1267
977
673
331
-15
-314
-486
-496
-386
-228
-72
62
115
140
202
315
493
669
805
921
1042
1126
1121
996
740
401
6
-422
-776
-1021
-1189
-1308
-1394
-1437
-1415
-1332
-1261
-1210
-1185
-1208
-1224
-1173
-1045
-840
-605
-409
-237
-69
74
176
204
129
-42
-273
-527
-716
-790
-817
-865
-948
-1013
-995
-901
-781
-673
-580
-502
-417
-270
-87
121
290
362
372
388
475
646
866
1086
1258
1421
1659
2057
2497
2768
2748
2436
1892
1238
617
116
-243
-475
-617
-588
-341
42
401
551
480
277
60
-75
-62
59
169
242
326
485
717
905
983
891
647
309
-4
-178
-265
-365
-605
-978
-1361
-1643
-1789
-1831
-1787
-1689
-1553
-1335
-1031
-664
-320
-99
-26
-83
-162
-178
-134
-99
-156
-310
-534
-688
-698
-640
-585
-596
-686
-809
-906
-910
-831
-715
-623
-579
-519
-404
-235
-50
72
115
101
87
135
282
487
693
901
1127
1353
1595
1873
2240
2582
2694
2518
2169
1741
1246
711
208
-228
-543
-717
-719
-503
-164
125
253
234
129
11
-68
-68
12
66
55
100
271
538
757
847
826
732
558
312
74
-113
-313
-586
-903
-1117
-1137
-1051
-1003
-1038
-1129
-1246
-1336
-1337
-1212
-990
-726
-455
-167
138
378
452
347
108
-228
-596
-868
-938
-834
-715
-660
-599
-488
-407
-437
-565
-708
-776
-788
-795
-765
-652
-508
-391
-273
-115
100
277
380
462
530
529
478
492
616
821
1064
1439
2091
2823
3229
3128
2675
2073
1343
492
-298
-838
-1078
-1153
-1003
-538
68
501
521
266
-37
-261
-397
-450
-415
-342
-219
90
651
1347
1886
2096
1992
1626
1046
324
-409
-1066
-1604
-1980
-2122
-1918
-1390
-688
-112
155
128
-75
-303
-494
-647
-726
-659
-459
-197
111
384
504
380
-40
-625
-1211
-1684
-1973
-2028
-1859
-1550
-1162
-734
-300
93
300
281
92
-142
-323
-415
-432
-359
-226
-146
-134
-71
60
120
-6
-273
-525
-701
-842
-888
-633
4
867
1951
3256
4468
5093
4880
4008
2818
1385
-212
-1630
-2437
-2563
-2206
-1462
-447
571
1157
1112
699
215
-242
-634
-860
-824
-525
12
771
1724
2621
3085
2996
2445
1575
547
-499
-1434
-2172
-2620
-2696
-2323
-1565
-670
107
612
834
823
644
352
-12
-381
-682
-846
-863
-757
-564
-388
-328
-436
-700
-1040
-1392
-1689
-1886
-1923
-1775
-1473
-1062
-615
-210
74
175
122
-22
-174
-308
-435
-527
-535
-483
-410
-277
-52
149
172
11
-143
-144
-112
-255
-554
-774
-649
-70
1073
2750
4517
5697
5861
5114
3858
2313
544
-1278
-2768
-3559
-3498
-2535
-937
723
1783
1875
1222
340
-394
-886
-1185
-1318
-1238
-789
186
1673
3328
4544
4888
4347
3205
1842
454
-940
-2299
-3446
-4150
-4168
-3420
-2127
-725
365
941
997
691
208
-350
-898
-1398
-1745
-1743
-1284
-462
397
960
1021
573
-183
-1019
-1749
-2273
-2560
-2559
-2270
-1758
-1114
-436
142
456
438
170
-109
-247
-295
-333
-393
-428
-348
-114
217
576
889
1046
994
801
570
332
14
-485
-1149
-1837
-2194
-1651
162
2805
5167
6384
6440
5769
4542
2667
331
-1957
-3739
-4695
-4474
-2855
-342
1900
2912
2630
1680
666
-137
-712
-1225
-1791
-2168
-1816
-405
1749
3841
5125
5299
4493
3069
1416
-241
-1898
-3567
-5038
-5857
-5587
-4131
-1951
141
1455
1877
1777
1484
1034
318
-640
-1618
-2331
-2515
-1987
-857
423
1325
1582
1185
374
-491
-1174
-1669
-2113
-2479
-2494
-1948
-1026
-132
489
784
777
511
122
-162
-234
-204
-210
-253
-223
-7
372
730
931
960
837
588
294
51
-135
-419
-926
-1590
-2211
-2568
-2146
-305
2739
5588
6910
6695
5840
4725
2975
544
-1874
-3637
-4648
-4689
-3274
-620
1908
2905
2263
967
-146
-830
-1133
-1258
-1533
-1949
-1863
-579
1723
3996
5263
5295
4311
2636
692
-1112
-2644
-4023
-5238
-5905
-5464
-3723
-1172
1236
2624
2760
2110
1304
611
-49
-764
-1432
-1859
-1885
-1383
-351
894
1841
2056
1418
259
-857
-1516
-1755
-1900
-2138
-2308
-2122
-1540
-741
54
600
740
515
186
67
243
558
767
726
481
310
510
992
1334
1163
487
-371
-1073
-1410
-1423
-1397
-1615
-2045
-2378
-2381
-1852
-360
2217
4980
6515
6390
5490
4626
3496
1531
-911
-2899
-4027
-4323
-3557
-1614
675
1927
1593
447
-478
-873
-949
-939
-1044
-1305
-1317
-445
1400
3461
4741
4842
4011
2613
992
-543
-1846
-2945
-3843
-4334
-4080
-2882
-987
929
2126
2263
1665
933
350
-168
-709
-1184
-1455
-1427
-1031
-250
785
1694
2073
1758
842
-348
-1357
-1897
-2053
-2121
-2246
-2304
-2070
-1497
-747
-21
499
681
584
422
394
584
865
951
684
267
84
276
544
484
15
-630
-1247
-1708
-1874
-1769
-1675
-1816
-2093
-2228
-2009
-1166
699
3470
6031
7106
6588
5409
4119
2420
133
-2172
-3815
-4642
-4571
-3257
-829
1556
2610
2157
1038
73
-466
-683
-814
-1121
-1577
-1639
-685
1229
3297
4660
4962
4289
2978
1427
-40
-1315
-2447
-3427
-4017
-3841
-2716
-914
885
1940
2025
1489
737
-84
-924
-1580
-1896
-1914
-1670
-1028
158
1623
2741
3080
2591
1456
-12
-1374
-2270
-2709
-2969
-3277
-3463
-3139
-2195
-881
345
1091
1258
1052
787
682
779
867
700
307
-41
26
517
917
699
-147
-1191
-2047
-2552
-2661
-2438
-2111
-1990
-2037
-1834
-1180
-119
1488
3744
6011
7151
6731
5444
4044
2379
115
-2214
-3732
-4277
-4090
-3011
-880
1560
2950
2684
1490
365
-404
-958
-1393
-1793
-2153
-2137
-1222
758
3214
5156
5937
5485
4077
2166
223
-1484
-2876
-3924
-4520
-4381
-3238
-1277
811
2230
2592
2064
1029
-243
-1514
-2448
-2826
-2659
-1994
-828
765
2497
3856
4285
3544
1799
-454
-2568
-4088
-4892
-5031
-4630
-3857
-2780
-1352
283
1683
2369
2186
1516
857
401
174
186
373
611
858
1143
1412
1409
794
-413
-1748
-2786
-3366
-3445
-3042
-2318
-1593
-1114
-820
-501
-227
137
1321
3736
6311
7338
6457
4943
3726
2322
131
-2130
-3444
-3888
-3840
-2849
-495
2179
3323
2391
547
-951
-1858
-2373
-2525
-2464
-2344
-1789
-91
2758
5642
7237
7072
5524
3193
658
-1504
-2983
-3891
-4469
-4678
-4133
-2543
-231
1862
2828
2425
1086
-516
-1876
-2735
-2977
-2591
-1616
-144
1607
3266
4417
4708
3870
1853
-908
-3563
-5362
-6032
-5721
-4693
-3226
-1650
-206
1046
2013
2437
2158
1406
641
189
82
216
539
963
1321
1496
1387
892
4
-1205
-2561
-3687
-4162
-3865
-2995
-1884
-810
53
498
431
32
-520
-943
-382
2032
5521
7894
7907
6521
5143
3594
975
-2102
-4114
-4811
-4948
-4289
-1860
1769
4256
3960
1652
-832
-2602
-3557
-3608
-2992
-2321
-1634
-80
2873
6359
8679
8837
7054
4037
614
-2222
-3829
-4383
-4554
-4708
-4479
-3195
-853
1580
2901
2535
835
-1263
-2886
-3514
-2985
-1557
165
1726
3011
3931
4295
3847
2402
56
-2758
-5290
-6661
-6376
-4799
-2816
-1132
-42
573
982
1281
1404
1264
827
287
37
286
851
1390
1574
1334
864
275
-443
-1267
-2190
-3119
-3733
-3681
-2909
-1647
-265
824
1317
1047
200
-651
-1258
-1710
-1447
660
4483
7914
9002
7986
6362
4520
1710
-1698
-4126
-4990
-5024
-4417
-2347
1061
3870
4153
1999
-969
-3443
-4797
-4663
-3368
-1846
-524
1253
4152
7556
9844
9862
7721
4175
139
-3248
-5145
-5571
-5284
-4992
-4607
-3444
-1277
1065
2366
2002
316
-1690
-3095
-3299
-2138
-168
1646
2720
3162
3283
3059
2265
819
-1117
-3304
-5263
-6161
-5464
-3537
-1460
-122
370
437
495
675
857
849
519
-45
-462
-291
472
1292
1555
1112
429
33
-85
-306
-868
-1667
-2378
-2642
-2286
-1384
-226
645
818
306
-553
-1278
-1672
-1991
-2112
-895
2663
7476
10787
10900
8667
5791
2695
-808
-3890
-5432
-5578
-5148
-3946
-1201
2335
4305
3128
-416
-4195
-6440
-6343
-4108
-934
1779
3697
5630
8049
10118
10429
8363
4365
-510
-4851
-7292
-7387
-6010
-4556
-3679
-2974
-1822
-245
1076
1359
319
-1491
-2992
-3202
-1833
528
2836
4293
4656
4117
3025
1605
5
-1646
-3331
-4957
-6000
-5743
-4030
-1616
286
1036
906
427
-102
-487
-586
-478
-428
-508
-343
493
1737
2564
2526
1910
1260
772
225
-550
-1444
-2292
-2994
-3268
-2703
-1398
-60
587
383
-232
-796
-1249
-1687
-2149
-2257
-861
3130
8502
12096
12060
9371
5988
2555
-1239
-4662
-6430
-6707
-6471
-5282
-2044
2287
4890
3786
-55
-3903
-5941
-5625
-3092
502
3494
5210
6432
8039
9566
9433
6766
2312
-2579
-6566
-8479
-8001
-5927
-3708
-2394
-1858
-1302
-362
550
739
-125
-1534
-2443
-2063
-202
2528
4994
6226
5764
3900
1388
-1110
-3189
-4672
-5625
-6141
-5975
-4750
-2525
-44
1526
1629
691
-601
-1632
-1921
-1312
-73
1141
1859
2331
2997
3564
3332
2193
732
-392
-1124
-1788
-2314
-2472
-2419
-2457
-2486
-1992
-785
528
1111
855
348
-13
-352
-928
-1640
-1928
-899
2135
6519
9996
10647
8609
5420
2145
-1100
-3965
-5567
-5795
-5374
-4287
-1731
1934
4525
4015
742
-2968
-5144
-5126
-3019
339
3434
5144
5714
6198
6867
6654
4564
987
-2835
-5741
-6926
-6142
-3985
-1748
-617
-707
-1177
-1311
-1074
-823
-906
-1263
-1358
-597
1172
3412
5137
5526
4314
1810
-1201
-3805
-5377
-5750
-5253
-4394
-3363
-2058
-539
777
1332
900
-197
-1380
-2076
-1780
-377
1575
3198
3946
3966
3738
3272
2158
449
-1157
-2080
-2395
-2496
-2453
-2096
-1593
-1415
-1592
-1533
-743
464
1184
977
328
-92
-322
-876
-1694
-2076
-1509
100
3040
7220
10804
11328
8415
4088
355
-2524
-4882
-6194
-5971
-4681
-2827
-173
2963
4766
3566
-173
-4117
-6179
-5737
-3078
840
4316
5924
5824
5361
5184
4458
2315
-666
-3181
-4556
-4639
-3392
-1299
437
634
-695
-2383
-3349
-3333
-2600
-1519
-415
688
1979
3358
4331
4242
2809
350
-2490
-4873
-5945
-5346
-3450
-1119
715
1488
1250
456
-424
-1179
-1800
-2090
-1649
-351
1539
3501
4852
5074
4149
2465
511
-1375
-2925
-3739
-3574
-2755
-1864
-1139
-563
-234
-333
-696
-822
-458
236
938
1278
1080
510
-174
-966
-1975
-2876
-2934
-1938
-299
2169
5987
9836
10949
8319
3934
276
-2258
-4470
-5913
-5476
-3505
-1320
724
2913
4447
3630
12
-4411
-6978
-6622
-3813
323
4279
6639
6973
6113
5113
4024
2222
-170
-2283
-3517
-3621
-2551
-834
473
417
-1009
-2812
-3941
-3922
-2782
-1028
536
1484
2050
2496
2609
1900
251
-1780
-3436
-4180
-3723
-2136
135
2238
3187
2531
734
-1223
-2533
-2985
-2729
-1717
84
2166
3732
4270
3667
2134
-14
-2387
-4319
-5201
-4883
-3564
-1671
240
1682
2285
1934
971
-55
-742
-938
-764
-328
403
1090
1128
383
-831
-2119
-3172
-3705
-3388
-2151
-373
2046
5683
9376
10566
8390
4588
1229
-1240
-3290
-4369
-3614
-1733
-175
986
2375
3342
2352
-1086
-5150
-7159
-6179
-2924
1559
5738
7888
7333
5069
2837
1371
52
-1341
-2076
-1862
-1085
45
1224
1732
831
-1508
-4145
-5620
-5388
-3753
-1457
493
1517
1819
1707
1197
143
-1360
-2625
-3077
-2755
-1752
-94
1772
3043
3011
1633
-283
-1835
-2685
-2749
-2062
-849
567
1590
1720
1116
117
-1145
-2394
-3234
-3376
-2726
-1600
-306
1135
2436
3013
2620
1478
177
-683
-1067
-1138
-797
-117
584
1011
743
-278
-1439
-2277
-2670
-2536
-1893
-687
884
2257
3660
5985
8356
8615
6151
2500
-474
-2165
-3081
-3127
-1854
-35
1237
2016
2683
2799
1496
-1482
-4672
-5878
-4504
-1519
1925
4535
5244
3904
1471
-372
-708
-308
-21
339
975
1634
1992
1610
346
-1554
-3826
-5789
-6376
-5171
-2738
-275
1021
972
203
-882
-2015
-2735
-2742
-1917
-457
1130
2552
3662
4055
3526
2103
-26
-2234
-3711
-3975
-2999
-1375
52
845
803
-63
-1243
-2124
-2370
-1835
-879
-48
660
1492
2379
2968
2705
1535
193
-768
-1201
-1014
-476
65
504
577
238
-206
-793
-1599
-2228
-2410
-2047
-1132
45
1227
2190
2541
2999
4755
6687
6635
4466
1798
-3
-858
-1369
-1183
55
1274
1576
1436
1322
936
-351
-2850
-5295
-5759
-3997
-1120
1745
3466
3431
1864
-218
-1117
-190
1273
2193
2684
2805
2364
1327
-290
-2172
-3980
-5705
-6788
-6263
-4093
-1274
795
1174
265
-967
-2019
-2484
-1999
-674
1048
2596
3443
3527
3062
2098
700
-890
-2331
-3117
-2867
-1742
-267
913
1290
761
-491
-1906
-2590
-2111
-809
596
1530
1868
1748
1392
1044
782
427
-107
-512
-411
258
1136
1558
1166
288
-587
-1116
-1262
-1277
-1307
-1236
-991
-622
-266
65
508
943
1039
1315
2979
5447
6511
5232
2831
888
-136
-714
-713
152
1116
1288
831
288
-349
-1462
-3310
-5186
-5633
-4091
-1376
1435
3278
3429
2076
165
-908
-412
834
1827
2371
2301
1483
162
-1410
-2989
-4210
-4835
-4698
-3573
-1683
243
1384
1036
-610
-2405
-3381
-3163
-1839
-66
1529
2629
3010
2637
1705
557
-393
-873
-983
-780
-86
1014
1919
2015
1072
-509
-2000
-2869
-2747
-1686
-302
763
1159
816
85
-412
-300
192
608
860
1276
2012
2651
2660
1872
522
-786
-1501
-1533
-1056
-479
-296
-624
-1113
-1397
-1439
-1402
-1246
-953
-703
-355
1176
4443
7470
7785
5567
2886
999
-179
-845
-543
453
895
369
-302
-523
-724
-1737
-3740
-5592
-5715
-3778
-883
1701
2972
2479
634
-1347
-1934
-731
1094
2462
3027
2644
1583
355
-757
-1718
-2584
-3253
-3303
-2446
-1056
29
74
-1123
-2823
-3897
-3739
-2353
-363
1286
2145
2298
1966
1545
1294
1195
1197
1293
1503
1956
2493
2620
1946
453
-1462
-3083
-3821
-3527
-2469
-1287
-562
-362
-397
-401
-200
231
812
1377
1802
2141
2467
2697
2560
1831
655
-445
-991
-828
-273
21
-344
-1234
-2258
-3000
-3225
-2957
-2321
-1546
-892
-396
268
1846
4917
7837
8028
5396
2297
337
-521
-752
-234
968
1781
1524
865
419
-293
-1913
-4467
-6864
-7271
-5047
-1534
1553
3022
2272
-157
-2702
-3584
-2122
517
2841
4381
4836
4048
2606
1098
-312
-1578
-2593
-3036
-2488
-1218
-101
52
-1072
-2907
-4297
-4597
-3811
-2250
-428
1216
2407
2732
2259
1726
1618
2001
2665
3210
3378
3177
2479
1191
-417
-1912
-2853
-3178
-3172
-2815
-1928
-894
-315
-337
-631
-688
-302
359
1103
1734
1985
1765
1283
878
827
1062
1208
1044
668
275
-98
-621
-1397
-2270
-3032
-3393
-3064
-2148
-1183
-600
-565
-912
-1223
-242
2890
6228
6904
5007
2917
1712
1009
663
1289
2602
3083
2158
880
-93
-1198
-2833
-4964
-6772
-6866
-4967
-2335
-186
599
-361
-2366
-3813
-3152
-319
3033
5456
6663
6319
4514
2344
675
-356
-831
-941
-780
-209
418
426
-548
-2520
-4794
-6234
-6227
-4778
-2397
-130
1273
1770
1389
596
392
1343
3141
4856
5471
4750
3340
1852
585
-356
-987
-1269
-1347
-1504
-1612
-1417
-1164
-1434
-2361
-3325
-3474
-2598
-1262
-53
714
978
886
857
1325
2312
3321
3654
3096
2040
1095
439
-297
-1270
-2213
-2912
-3305
-3246
-2780
-2376
-2473
-2950
-3187
-2768
-1195
2280
6308
7826
6014
3343
1750
1127
1095
2005
3744
4760
4004
2292
622
-1065
-2896
-4807
-6510
-7042
-5725
-3332
-1130
-69
-638
-2436
-4092
-3960
-1571
1738
4319
5728
5820
4485
2710
1704
1692
2166
2532
2445
2069
1506
488
-1124
-3238
-5397
-6830
-6998
-5862
-3808
-1782
-711
-602
-1012
-1364
-722
1279
3873
5811
6166
4967
3240
1987
1465
1483
1583
1516
1267
621
-372
-1303
-2216
-3533
-4962
-5617
-4910
-3088
-1191
-87
141
-147
-408
-130
795
2081
3277
3837
3557
2850
2083
1370
651
-226
-1098
-1621
-1777
-1792
-1781
-1929
-2419
-3086
-3526
-3436
-2837
-1451
1297
4278
5126
3548
1895
1596
2042
2570
3471
4696
5037
3825
2036
667
-467
-1738
-3201
-4548
-5007
-4214
-2908
-1954
-1790
-2674
-4344
-5632
-5063
-2428
834
3312
4774
5217
4551
3448
2865
3033
3556
3832
3463
2617
1569
286
-1305
-3044
-4487
-5139
-4845
-3850
-2686
-2048
-2187
-2708
-3235
-3381
-2500
-394
2125
3939
4589
4311
3687
3300
3336
3512
3554
3451
2918
1605
-64
-1313
-2132
-3065
-3901
-3843
-2915
-2038
-1806
-1985
-2260
-2491
-2465
-1982
-900
707
2293
3138
3018
2395
1773
1318
976
745
679
668
548
172
-457
-1184
-1982
-3002
-3968
-4230
-3622
-2339
-35
2798
4203
3125
1166
322
560
997
1777
3283
4508
4292
3106
1935
842
-349
-1540
-2553
-2986
-2425
-1306
-619
-874
-2011
-3644
-5021
-5047
-3302
-808
1214
2537
3151
2719
1627
961
1155
1901
2895
3861
4344
3964
2849
1426
-88
-1497
-2368
-2496
-2257
-2184
-2509
-3133
-3691
-3953
-3846
-3133
-1666
188
1628
2135
1898
1498
1450
1831
2462
3066
3459
3388
2612
1480
580
-26
-726
-1420
-1535
-1075
-787
-1179
-1936
-2470
-2605
-2450
-2142
-1703
-1061
-395
-148
-423
-651
-367
142
390
384
452
725
1032
1089
816
453
216
-30
-418
-645
-499
-344
-389
194
1520
2001
652
-1049
-1452
-949
-466
230
1546
2648
2600
1802
1080
525
132
24
87
234
699
1248
1185
248
-1301
-2962
-4128
-4095
-2618
-483
1156
1784
1452
410
-632
-834
-42
1403
3016
4011
3713
2349
865
-33
-395
-443
-126
432
670
198
-719
-1611
-2246
-2652
-2813
-2486
-1713
-904
-375
-220
-488
-937
-900
-13
1281
2183
2323
1874
1129
516
469
903
1367
1706
1953
1733
761
-503
-1459
-2037
-2387
-2387
-1993
-1531
-1348
-1557
-2193
-3022
-3370
-2853
-1884
-974
-76
836
1434
1560
1462
1408
1442
1549
1628
1470
1101
740
306
-378
-599
565
2020
1660
-459
-2015
-1942
-1287
-751
224
1725
2629
2395
1841
1559
1257
723
195
-2
360
1121
1398
637
-684
-1834
-2639
-3050
-2555
-1101
194
362
-131
-447
-681
-985
-767
413
2007
3006
2941
2139
1168
435
126
168
392
717
966
756
-17
-906
-1427
-1574
-1667
-1858
-1992
-1988
-2010
-2215
-2534
-2567
-1903
-573
806
1593
1702
1488
1279
1222
1488
2082
2762
3286
3472
3132
2172
778
-560
-1440
-1833
-1942
-1926
-2014
-2537
-3477
-4383
-4694
-4142
-2892
-1303
164
1047
1218
1001
775
731
1006
1617
2302
2757
2783
2216
1029
-322
-1227
-1556
-1409
-410
1286
2127
983
-933
-1716
-1357
-845
-180
1125
2434
2776
2320
1728
1066
353
35
361
1031
1639
1691
748
-874
-2220
-2680
-2452
-1786
-811
-130
-288
-890
-1256
-1476
-1770
-1623
-615
729
1678
2150
2329
2150
1715
1515
1771
2138
2295
2202
1746
764
-546
-1722
-2518
-2999
-3248
-3271
-3224
-3269
-3313
-3178
-2887
-2491
-1784
-657
621
1649
2413
3108
3661
3847
3712
3518
3396
3222
2735
1801
641
-316
-878
-1201
-1530
-1965
-2572
-3349
-4043
-4327
-4107
-3468
-2450
-1234
-221
300
434
474
600
864
1243
1669
2042
2201
1988
1426
813
375
59
-157
-184
-132
-192
-8
603
718
-474
-1900
-1783
-251
1101
1609
1854
1969
1585
1046
1035
1325
1298
1007
810
723
664
541
26
-984
-1949
-2354
-2358
-2275
-1991
-1488
-1158
-1054
-822
-528
-509
-467
183
1272
2150
2626
2868
2826
2409
1921
1622
1275
692
95
-406
-1089
-2017
-2771
-3043
-3024
-3023
-3033
-2921
-2637
-2142
-1458
-796
-273
304
1076
1811
2262
2501
2677
2720
2658
2777
3063
3024
2365
1415
575
-101
-731
-1367
-1925
-2140
-1854
-1380
-1268
-1602
-1952
-2116
-2229
-2176
-1695
-967
-436
-167
47
229
291
353
593
977
1316
1378
1001
394
105
346
679
657
247
-400
-941
-668
486
1238
534
-692
-878
-173
208
127
345
928
1324
1540
1869
1972
1389
375
-409
-596
-235
238
244
-316
-1026
-1618
-2170
-2530
-2279
-1471
-667
-113
341
578
333
-72
4
715
1727
2647
3094
2766
1826
857
208
-267
-647
-750
-602
-579
-887
-1342
-1737
-2044
-2231
-2147
-1707
-1046
-492
-347
-545
-569
54
1094
1886
2129
2027
1811
1544
1401
1565
1836
1810
1441
996
571
72
-439
-794
-937
-914
-816
-867
-1333
-2081
-2565
-2416
-1867
-1314
-857
-485
-282
-282
-320
-212
54
369
655
928
1167
1197
763
-100
-827
-881
-473
-205
-256
-478
-911
-1446
-1248
136
1541
1482
375
-92
497
1128
1288
1462
1845
1991
1745
1412
1027
428
-282
-830
-1095
-1035
-789
-836
-1412
-2050
-2147
-1715
-1106
-441
162
434
436
556
734
522
84
201
1117
2170
2637
2324
1424
336
-366
-366
30
306
273
-2
-449
-885
-1028
-834
-579
-474
-448
-359
-235
-243
-532
-978
-1096
-433
825
1872
2057
1392
413
-275
-331
142
630
716
476
272
173
-70
-530
-933
-992
-732
-388
-204
-345
-792
-1226
-1184
-548
294
783
643
31
-668
-1123
-1240
-1127
-958
-816
-717
-698
-762
-897
-1041
-1071
-866
-476
-158
-58
-88
-146
-162
217
1495
3190
3813
2636
825
-62
55
350
591
1025
1392
1178
537
-12
-383
-717
-894
-705
-289
40
22
-463
-1224
-1725
-1514
-656
429
1265
1415
797
-40
-436
-372
-198
129
842
1662
2057
1923
1459
789
146
-19
336
639
494
87
-337
-757
-954
-577
156
559
334
-174
-570
-732
-710
-659
-715
-737
-440
65
262
-92
-695
-1134
-1248
-1049
-690
-409
-289
-204
-53
163
498
928
1180
1018
643
415
322
154
-68
-203
-286
-373
-383
-372
-631
-1271
-1957
-2258
-2064
-1589
-1146
-927
-837
-623
-233
141
367
476
494
422
411
560
686
573
292
80
122
660
1702
2428
1832
201
-947
-770
45
581
794
940
922
678
479
417
256
-48
-231
-137
141
384
298
-215
-728
-652
-2
606
734
475
72
-263
-292
-38
98
-74
-178
162
760
1222
1376
1187
697
214
154
466
695
658
547
478
355
168
-37
-358
-834
-1239
-1310
-1089
-892
-1011
-1460
-1842
-1664
-967
-408
-421
-665
-647
-433
-350
-346
-158
212
560
780
873
814
628
412
260
237
360
476
341
-69
-459
-580
-500
-458
-568
-786
-1003
-1136
-1208
-1283
-1305
-1113
-683
-199
153
327
307
99
-100
9
450
853
915
698
433
241
162
205
219
-6
-314
-185
445
825
385
-364
-504
65
694
992
1083
1064
906
758
797
874
744
464
302
419
793
1169
1121
466
-398
-858
-732
-298
112
277
136
-72
-8
244
243
-106
-375
-249
145
520
667
455
-2
-277
-63
423
766
798
519
-85
-792
-1156
-1032
-804
-842
-1045
-1085
-878
-657
-714
-1106
-1531
-1579
-1168
-609
-234
-135
-238
-395
-358
0
451
638
529
379
338
339
303
224
159
211
422
634
573
183
-291
-578
-596
-403
-161
-99
-308
-584
-640
-443
-198
-81
-92
-145
-187
-216
-238
-214
-83
142
313
319
219
90
-134
-497
-799
-808
-585
-339
5
677
1373
1380
603
-87
56
775
1388
1675
1806
1829
1706
1575
1535
1453
1231
984
841
816
878
846
413
-438
-1221
-1377
-888
-253
14
-250
-784
-1102
-977
-702
-653
-771
-750
-521
-219
86
314
300
75
-29
163
385
321
-6
-375
-619
-622
-382
-167
-281
-667
-996
-1072
-992
-930
-994
-1194
-1370
-1261
-837
-390
-219
-339
-522
-560
-384
-118
26
-21
-70
99
473
846
1012
909
648
478
555
778
895
789
558
356
288
377
515
508
270
-103
-451
-682
-778
-753
-644
-508
-406
-371
-431
-546
-601
-541
-435
-364
-322
-302
-325
-344
-245
-41
86
119
392
1141
1933
2049
1394
673
532
943
1492
1888
2020
1865
1539
1265
1124
1006
804
494
153
-30
112
384
312
-273
-981
-1315
-1180
-836
-604
-711
-1105
-1415
-1357
-1120
-1059
-1157
-1117
-824
-392
50
334
268
-71
-277
-90
318
641
756
644
347
82
46
66
-225
-875
-1497
-1682
-1362
-848
-631
-951
-1484
-1636
-1252
-738
-489
-504
-562
-475
-139
389
864
1071
1049
994
1059
1256
1462
1479
1241
970
916
1032
1064
915
666
387
134
12
4
-94
-419
-841
-1136
-1244
-1227
-1122
-944
-734
-527
-396
-419
-542
-565
-368
-35
283
484
487
267
-19
-112
77
374
516
403
218
352
906
1388
1265
739
525
863
1317
1504
1482
1393
1219
956
724
560
402
212
-34
-328
-504
-390
-213
-424
-1071
-1634
-1668
-1303
-956
-829
-816
-738
-544
-393
-474
-682
-685
-391
-70
73
159
314
405
279
64
-8
111
262
247
-8
-360
-551
-532
-547
-776
-1047
-1078
-848
-590
-502
-594
-736
-750
-564
-268
27
323
599
739
693
625
720
948
1153
1235
1176
1009
815
657
513
359
251
251
280
231
109
-34
-189
-333
-386
-341
-277
-254
-278
-384
-595
-801
-853
-744
-563
-368
-206
-162
-237
-304
-257
-117
69
271
400
358
208
119
171
291
391
398
268
112
246
816
1417
1438
812
125
-80
188
591
864
900
738
531
437
428
357
147
-167
-482
-605
-344
177
472
155
-590
-1160
-1121
-596
-87
-6
-319
-639
-696
-596
-568
-630
-673
-656
-581
-407
-140
49
-17
-294
-535
-525
-252
42
61
-223
-479
-421
-181
-96
-249
-410
-386
-213
-38
32
-33
-150
-193
-121
32
239
457
559
475
366
460
725
916
898
764
647
558
435
245
61
30
175
311
226
-46
-279
-345
-299
-223
-162
-195
-377
-608
-701
-592
-401
-268
-225
-189
-58
159
320
305
181
116
182
326
467
532
463
291
153
162
273
300
82
-312
-532
-228
448
892
706
168
-164
-93
190
474
680
778
781
765
730
588
320
-6
-328
-534
-429
-3
347
188
-433
-1027
-1201
-960
-584
-361
-395
-553
-639
-636
-655
-695
-651
-532
-451
-429
-365
-222
-79
-45
-160
-363
-480
-379
-148
-9
-16
-28
14
-8
-159
-300
-265
-85
49
6
-126
-114
131
394
393
165
28
174
478
726
844
840
732
571
429
363
381
436
414
238
23
-13
138
232
115
-62
-70
89
229
233
139
62
80
181
288
328
282
159
-23
-178
-181
-23
140
146
13
-108
-124
-77
-61
-118
-206
-249
-238
-221
-228
-244
-263
-346
-500
-598
-462
-108
192
160
-159
-442
-443
-186
147
427
608
667
602
468
345
283
263
222
119
17
36
164
242
121
-145
-378
-464
-431
-371
-343
-362
-408
-468
-541
-607
-634
-634
-664
-725
-730
-604
-394
-239
-242
-398
-572
-593
-409
-128
124
315
450
487
401
270
216
280
422
582
692
712
663
582
496
434
449
554
670
700
638
528
408
317
296
333
345
288
188
97
33
-4
7
44
54
13
-60
-132
-171
-148
-79
-11
37
90
146
145
45
-87
-154
-144
-129
-178
-304
-458
-578
-627
-615
-572
-517
-478
-481
-537
-607
-649
-669
-690
-702
-638
-412
-43
285
358
159
-111
-246
-209
-79
93
293
493
664
783
822
752
597
428
312
295
401
596
742
695
445
128
-117
-241
-270
-242
-178
-105
-71
-153
-356
-583
-710
-738
-746
-751
-665
-451
-219
-144
-298
-590
-835
-879
-703
-394
-56
225
370
340
218
177
318
570
780
887
948
1040
1139
1142
996
788
656
651
716
762
750
686
578
419
236
85
0
-45
-105
-190
-252
-259
-258
-322
-455
-588
-655
-650
-612
-562
-505
-447
-403
-397
-426
-436
-359
-201
-51
17
15
11
16
-4
-66
-139
-190
-222
-260
-325
-408
-470
-495
-498
-498
-482
-448
-438
-477
-529
-530
-458
-343
-190
1
191
304
303
227
146
123
178
285
408
542
698
851
945
958
916
854
785
728
708
726
732
654
451
159
-116
-284
-334
-336
-343
-367
-424
-542
-716
-867
-918
-860
-755
-665
-609
-566
-512
-452
-389
-309
-181
-11
163
316
461
612
749
847
916
995
1103
1199
1209
1097
904
719
594
524
470
408
320
176
-29
-254
-444
-578
-678
-767
-831
-841
-778
-659
-552
-512
-535
-578
-587
-534
-417
-267
-145
-96
-134
-220
-304
-333
-291
-199
-86
36
143
196
161
59
-49
-109
-110
-79
-54
-58
-78
-98
-132
-201
-300
-383
-420
-418
-392
-337
-254
-149
-32
90
191
239
241
233
258
333
449
553
591
573
572
642
767
875
903
838
704
560
461
426
427
419
362
243
73
-112
-286
-428
-512
-519
-466
-411
-403
-446
-510
-552
-551
-503
-423
-320
-197
-67
36
86
88
70
53
37
37
62
100
139
166
176
178
191
206
199
163
131
138
169
185
159
107
63
46
44
36
9
-42
-114
-205
-284
-314
-282
-213
-153
-120
-103
-91
-88
-103
-120
-115
-92
-85
-123
-195
-269
-324
-363
-375
-348
-291
-232
-202
-215
-251
-266
-229
-144
-40
61
149
203
206
168
126
102
98
95
90
92
101
103
90
70
57
55
60
74
106
149
184
193
183
172
166
162
154
147
156
199
276
357
408
411
385
344
298
249
213
204
206
199
166
110
39
-26
-78
-123
-164
-211
-261
-315
-358
-370
-341
-284
-226
-192
-178
-171
-158
-143
-130
-114
-78
-23
23
31
12
-16
-37
-53
-58
-51
-29
11
55
89
104
111
122
122
107
88
72
57
35
13
-3
-9
-16
-31
-66
-115
-153
-163
-152
-143
-145
-150
-153
-160
-171
-180
-181
-174
-166
-158
-145
-126
-100
-73
-50
-22
24
84
135
158
155
155
165
174
175
172
163
149
117
76
38
16
12
15
15
14
16
4
-29
-69
-90
-74
-37
-4
17
22
22
16
0
-16
-16
6
39
76
112
149
178
190
183
164
142
124
111
104
112
134
150
139
102
54
12
-17
-31
-25
-8
8
5
-20
-61
-100
-114
-96
-57
-15
11
5
-46
-123
-193
-218
-194
-142
-92
-66
-75
-103
-130
-140
-120
-65
8
62
75
55
35
26
27
27
30
39
45
41
28
18
16
11
-14
-53
-88
-107
-111
-116
-124
-130
-135
-147
-175
-209
-229
-213
-165
-104
-52
-20
-6
4
22
53
102
163
216
244
241
223
211
203
199
191
178
155
120
76
25
-23
-56
-71
-80
-96
-124
-151
-176
-203
-218
-214
-192
-156
-117
-79
-42
-15
8
31
62
102
150
194
227
250
271
293
309
317
325
338
348
345
321
284
240
194
149
109
79
57
34
1
-43
-89
-135
-178
-215
-240
-250
-251
-253
-258
-267
-272
-269
-263
-259
-253
-240
-211
-170
-126
-89
-70
-63
-62
-57
-50
-38
-23
-12
-12
-29
-54
-73
-80
-78
-75
-75
-76
-76
-76
-79
-76
-64
-46
-30
-19
-10
4
17
28
42
64
94
122
139
144
144
153
167
178
185
191
197
197
186
174
170
173
169
154
129
102
74
48
27
8
-7
-17
-34
-63
-100
-128
-142
-149
-155
-152
-141
-129
-122
-120
-120
-109
-82
-52
-23
3
30
54
76
96
121
147
165
166
154
140
137
144
149
149
144
134
113
74
25
-20
-52
-73
-89
-99
-108
-119
-135
-154
-172
-185
-190
-189
-188
-182
-177
-172
-170
-165
-148
-117
-86
-60
-38
-12
19
48
66
73
80
91
104
120
134
143
142
133
116
97
74
53
31
10
-7
-19
-33
-54
-76
-90
-93
-92
-94
-98
-101
-97
-87
-71
-58
-46
-35
-12
19
52
84
111
136
153
163
167
173
182
191
197
191
179
155
124
84
48
19
0
-14
-34
-62
-100
-136
-162
-177
-182
-177
-160
-142
-132
-129
-126
-111
-85
-52
-18
13
42
64
84
102
127
152
174
188
192
186
177
161
139
113
93
77
58
31
-4
-45
-85
-124
-158
-184
-203
-216
-231
-248
-264
-270
-265
-250
-234
-213
-190
-161
-128
-98
-70
-44
-19
7
37
76
119
160
188
207
220
236
247
243
226
206
188
170
145
117
89
61
30
-9
-43
-72
-93
-114
-132
-144
-146
-141
-136
-128
-114
-93
-65
-39
-26
-11
14
41
62
76
93
110
122
122
120
124
131
138
140
131
118
105
93
74
52
33
17
0
-20
-36
-53
-74
-99
-122
-142
-150
-154
-155
-151
-138
-117
-94
-76
-60
-45
-28
-11
4
19
35
52
64
75
79
88
100
110
113
107
94
77
56
38
20
7
-2
-12
-26
-47
-66
-81
-94
-108
-118
-120
-120
-120
-123
-125
-127
-128
-124
-115
-99
-78
-60
-48
-42
-36
-25
-6
12
34
59
84
99
113
121
127
137
149
159
166
164
157
144
126
110
100
91
79
67
52
36
17
-2
-16
-22
-30
-41
-48
-56
-60
-62
-61
-59
-59
-58
-55
-48
-42
-39
-37
-35
-26
-12
1
10
11
13
19
25
29
33
37
43
43
35
25
17
15
13
14
16
16
14
7
-4
-18
-30
-41
-53
-68
-86
-100
-106
-105
-96
-88
-85
-88
-94
-101
-103
-99
-84
-64
-48
-32
-19
-9
-1
4
10
18
24
31
35
35
35
33
27
19
13
12
12
9
1
-12
-24
-34
-41
-40
-38
-38
-36
-33
-23
-10
4
16
28
41
57
74
91
106
117
131
146
164
179
194
204
207
205
202
199
194
182
166
152
135
118
100
82
66
49
31
12
-10
-34
-56
-78
-98
-116
-126
-134
-144
-155
-164
-169
-170
-174
-177
-180
-182
-185
-185
-180
-171
-156
-136
-114
-94
-76
-59
-44
-30
-17
-7
2
6
5
3
2
3
1
-1
-7
-16
-24
-34
-48
-59
-63
-66
-66
-63
-60
-53
-47
-38
-31
-24
-15
-5
6
15
22
27
33
41
54
68
78
83
88
98
110
119
124
126
128
129
130
131
130
133
136
134
123
113
101
91
82
74
66
59
55
49
43
37
33
30
26
22
21
20
22
27
32
35
37
44
53
60
63
67
72
74
72
66
59
45
23
-1
-24
-43
-60
-81
-105
-131
-157
-182
-203
-227
-246
-261
-274
-285
-293
-296
-297
-293
-284
-272
-261
-248
-231
-207
-182
-151
-116
-79
-46
-17
14
47
78
108
137
160
175
183
189
192
195
197
193
185
173
161
149
134
119
104
90
77
63
49
38
33
32
32
35
37
39
43
48
51
54
58
64
70
77
85
90
93
93
91
89
83
79
72
62
48
37
28
17
4
-11
-25
-40
-52
-64
-79
-89
-98
-104
-107
-108
-105
-105
-107
-106
-100
-87
-73
-61
-50
-40
-23
-3
14
27
39
52
66
77
81
82
81
72
60
43
28
13
-6
-30
-57
-86
-108
-126
-144
-162
-175
-181
-183
-189
-192
-190
-184
-173
-158
-136
-113
-89
-65
-44
-24
-1
27
55
81
103
120
131
140
148
157
166
169
167
160
150
141
135
122
108
89
73
55
38
24
11
3
2
0
-4
-9
-13
-8
-6
-2
4
8
12
12
14
15
20
27
32
33
34
33
31
28
25
26
29
25
16
5
-9
-22
-33
-40
-47
-55
-62
-69
-75
-79
-79
-77
-77
-77
-73
-69
-64
-57
-45
-31
-19
-6
8
22
35
45
55
64
74
82
88
91
89
84
75
64
51
40
30
18
4
-8
-23
-40
-58
-74
-86
-94
-100
-108
-117
-127
-135
-139
-141
-138
-129
-117
-102
-86
-69
-54
-38
-19
5
30
50
64
74
85
96
103
111
114
115
111
100
88
80
71
62
51
39
28
17
3
-11
-23
-29
-30
-29
-30
-32
-33
-31
-23
-13
-4
4
10
16
24
30
36
40
44
46
45
42
39
35
32
27
27
25
17
5
-6
-14
-20
-23
-26
-29
-33
-36
-40
-43
-47
-46
-42
-40
-38
-33
-26
-23
-19
-12
-1
10
17
23
28
36
46
55
60
61
65
65
64
61
60
58
50
37
22
10
2
-5
-12
-20
-32
-43
-53
-60
-67
-74
-78
-81
-80
-79
-77
-76
-78
-75
-68
-58
-45
-34
-28
-22
-17
-9
-2
7
13
20
21
21
20
21
20
19
15
13
11
11
10
10
9
7
8
9
9
10
13
15
15
17
17
19
22
24
30
36
39
43
43
43
43
45
45
44
45
44
39
35
31
28
24
18
13
8
3
-3
-12
-22
-28
-35
-39
-44
-47
-47
-49
-52
-50
-46
-42
-40
-36
-33
-29
-23
-18
-11
-3
4
10
16
20
22
25
28
28
24
20
18
16
14
9
5
1
-3
-6
-11
-15
-19
-21
-23
-25
-26
-25
-21
-16
-13
-11
-7
-3
1
0
2
2
3
5
4
2
3
4
6
5
5
7
8
5
0
-5
-6
-4
0
3
5
5
7
9
11
14
17
19
17
17
19
19
18
19
21
25
25
25
23
24
26
29
30
29
26
24
20
17
14
8
4
-4
-13
-24
-32
-37
-41
-44
-47
-51
-55
-57
-60
-59
-59
-58
-53
-50
-48
-46
-44
-38
-32
-27
-19
-11
-3
4
11
17
24
31
38
43
48
54
56
58
57
58
57
57
56
54
53
52
49
43
33
27
22
20
18
16
11
4
-2
-8
-14
-16
-16
-18
-21
-22
-23
-21
-17
-14
-11
-9
-8
-7
-8
-7
-5
-4
-7
-12
-19
-25
-29
-32
-37
-39
-42
-45
-43
-45
-46
-47
-45
-41
-37
-31
-25
-22
-20
-17
-11
-4
3
10
15
18
21
24
28
30
32
33
35
34
29
23
19
15
8
3
1
0
-2
-8
-13
-17
-18
-20
-19
-21
-22
-24
-23
-21
-21
-19
-17
-14
-11
-9
-6
-3
1
4
9
13
17
25
32
38
42
47
51
54
55
56
56
56
54
52
47
45
41
40
37
31
22
16
10
5
2
-1
-6
-9
-11
-15
-19
-20
-19
-20
-18
-16
-14
-12
-9
-6
-2
4
8
8
7
5
3
5
3
1
-4
-9
-14
-19
-24
-31
-33
-36
-42
-44
-47
-49
-53
-56
-55
-52
-46
-44
-44
-41
-39
-33
-26
-19
-15
-11
-5
1
7
11
13
16
17
20
22
23
26
25
22
20
17
17
17
18
13
8
6
2
-1
-5
-6
-6
-8
-10
-14
-17
-15
-15
-15
-14
-15
-13
-13
-12
-10
-6
-1
5
10
15
18
20
21
23
22
25
29
31
32
28
26
25
26
27
28
26
26
27
26
24
24
22
20
19
17
16
15
13
10
9
7
6
4
6
6
6
7
6
8
9
11
9
6
3
-1
-1
-4
-7
-11
-16
-19
-24
-27
-28
-30
-31
-32
-34
-36
-37
-40
-43
-45
-45
-43
-41
-41
-40
-39
-37
-33
-27
-21
-16
-13
-10
-8
-6
-3
1
6
10
12
12
14
15
16
17
20
21
21
23
23
26
27
30
30
29
30
28
28
26
25
21
13
7
3
-1
-5
-8
-7
-9
-11
-14
-13
-12
-10
-7
-6
-3
-2
0
1
3
5
9
11
13
14
16
16
15
15
12
8
8
7
8
8
8
5
4
1
-1
-2
0
1
2
3
4
9
12
15
17
20
21
23
23
21
18
17
12
7
4
-1
-5
-11
-16
-18
-23
-26
-28
-34
-37
-41
-44
-43
-43
-46
-50
-54
-54
-53
-53
-51
-49
-48
-46
-44
-40
-35
-30
-24
-17
-10
-6
-2
2
6
8
12
16
20
22
23
24
25
25
26
29
32
37
38
41
40
37
37
36
36
36
35
32
28
28
27
25
24
22
18
16
17
18
17
13
10
8
5
5
3
3
1
-1
-3
-5
-4
-2
0
3
2
0
1
-1
-1
0
1
1
3
2
2
0
-1
2
3
7
8
11
13
14
15
17
17
18
22
20
17
13
9
4
0
-4
-8
-11
-15
-20
-24
-29
-33
-36
-38
-40
-42
-44
-46
-50
-52
-53
-53
-51
-50
-49
-47
-46
-46
-45
-41
-38
-34
-29
-27
-24
-19
-18
-16
-13
-7
-1
5
9
12
16
16
18
21
25
28
32
36
38
38
40
39
41
39
40
41
41
41
39
35
34
31
27
26
25
23
22
19
15
12
9
9
8
7
6
7
8
9
8
7
8
9
9
6
4
2
0
-3
-4
-3
-6
-9
-13
-16
-19
-20
-19
-21
-24
-22
-21
-21
-20
-18
-15
-10
-7
-6
-5
-4
-2
1
1
1
-1
-2
-2
-4
-4
-6
-8
-7
-7
-7
-7
-7
-6
-6
-2
-1
0
1
0
0
0
1
1
2
3
3
3
2
0
-2
-4
-5
-4
-3
-3
-6
-6
-6
-7
-5
-3
-3
-2
-2
1
4
6
9
13
15
17
17
17
16
14
14
15
18
18
17
16
12
11
9
7
4
4
2
-1
-3
-6
-7
-9
-9
-9
-8
-11
-11
-12
-10
-9
-7
-7
-7
-7
-5
-4
-4
-6
-4
-2
-1
0
1
2
2
3
2
2
4
3
2
1
-1
-6
-7
-9
-12
-14
-15
-14
-15
-17
-18
-16
-17
-19
-19
-16
-14
-11
-9
-7
-7
-5
-1
3
6
9
12
15
15
15
16
19
21
21
19
15
12
10
6
5
2
2
0
-4
-5
-5
-5
-6
-6
-7
-6
-6
-5
-5
-5
-3
-1
1
2
3
1
0
2
4
6
9
11
13
13
12
13
12
11
12
15
15
12
11
9
10
9
6
6
3
0
-3
-4
-5
-4
-4
-3
-4
-4
-2
-2
-1
-4
-4
-4
-2
-1
1
-1
-2
-4
-3
-1
-2
-2
-4
-4
-3
-3
-1
-3
-3
-2
-1
-1
-1
-1
-1
0
2
1
1
1
1
2
2
1
2
1
-1
-3
-6
-8
-11
-12
-13
-14
-12
-9
-9
-9
-7
-6
-5
-3
2
5
6
7
9
10
11
10
12
12
13
12
9
7
4
2
0
-1
-3
-4
-8
-10
-10
-11
-12
-12
-13
-12
-16
-16
-16
-17
-16
-15
-15
-15
-13
-12
-10
-5
-2
0
2
5
6
6
7
10
11
13
12
11
11
9
8
9
8
6
4
0
-1
-4
-4
-5
-6
-7
-6
-7
-7
-7
-8
-10
-8
-7
-5
-6
-4
-2
2
6
6
8
9
11
14
18
17
19
16
16
15
13
13
12
11
9
7
5
4
1
0
-1
-1
1
3
4
4
4
3
4
5
6
6
5
7
7
7
6
4
4
4
5
5
2
2
0
0
0
1
2
4
4
3
4
3
3
1
0
0
1
1
2
2
0
-1
-4
-7
-9
-10
-10
-13
-15
-16
-19
-20
-22
-21
-21
-23
-21
-21
-21
-21
-20
-20
-18
-18
-15
-13
-10
-8
-6
-3
-1
0
1
3
5
11
13
13
12
11
10
9
7
7
7
8
7
4
1
-4
-5
-7
-8
-6
-4
-4
-3
-3
-3
-3
-1
0
4
7
9
10
10
11
11
12
13
15
17
17
18
17
18
17
15
14
12
11
9
6
5
1
-1
-5
-7
-10
-13
-14
-14
-15
-14
-14
-12
-9
-9
-7
-4
-1
1
4
6
7
8
10
11
11
12
14
12
11
8
6
6
5
2
0
-2
-5
-7
-9
-11
-12
-15
-18
-18
-19
-18
-19
-18
-18
-17
-16
-14
-12
-10
-8
-6
-3
-1
1
2
4
5
7
11
12
14
15
17
19
19
18
17
18
19
20
20
19
17
13
11
10
6
4
1
-1
-4
-7
-9
-11
-12
-13
-13
-11
-11
-11
-11
-10
-9
-8
-7
-5
-4
-2
-1
0
1
3
4
3
4
4
3
3
3
4
5
5
6
5
3
2
3
2
3
2
2
0
-2
-2
-1
-1
-2
-1
-2
-3
-2
-4
-4
-4
-2
0
0
-1
-2
0
2
3
5
5
5
4
4
3
3
2
3
2
3
1
0
-3
-4
-5
-7
-9
-12
-14
-16
-17
-18
-20
-19
-20
-21
-20
-19
-18
-17
-15
-13
-11
-8
-5
-3
-1
0
3
4
5
7
9
11
11
10
11
11
10
10
8
4
4
3
3
2
-1
-1
-4
-3
-4
-5
-5
-5
-4
-1
2
3
4
4
5
6
10
14
17
18
20
20
22
24
25
29
30
30
28
26
26
25
24
24
23
21
18
16
15
10
8
7
6
4
1
0
-2
-2
-3
-6
-6
-6
-6
-7
-8
-10
-12
-12
-13
-13
-15
-16
-20
-21
-21
-22
-24
-25
-24
-27
-29
-28
-30
-32
-32
-31
-32
-32
-34
-32
-31
-31
-30
-28
-26
-24
-21
-17
-14
-12
-9
-7
-4
-1
4
4
