3
2
1
3
4
3
0
1
3
2
2
0
-2
-3
-2
-2
-1
-1
-1
-3
-3
-1
0
0
-1
-2
-3
-5
-5
-6
-6
-6
-7
-5
-3
-3
-2
-2
-3
-3
-4
-3
-4
-4
-3
-3
-2
0
2
1
-1
1
0
0
0
1
-1
-3
0
1
1
1
2
3
2
1
2
1
-1
0
2
3
3
2
3
3
4
4
3
1
1
0
1
3
3
4
4
3
3
3
4
4
5
2
-3
-5
-3
-3
-2
-2
-3
-2
-3
-2
0
0
-3
-4
-5
-8
-8
-7
-6
-6
-5
-6
-8
-7
-5
-4
-4
-6
-6
-4
-3
-2
-1
0
1
1
1
1
1
2
3
3
3
3
4
3
3
4
5
4
4
4
4
4
3
3
1
2
4
4
2
1
3
3
3
3
4
4
4
4
2
2
3
3
3
3
5
3
0
-1
-3
-2
-1
0
1
0
-1
-1
-2
-3
-1
0
1
3
1
0
-1
-2
-3
-2
-1
-1
-2
-2
-2
-3
-2
-3
-1
-3
-4
-4
-4
-2
-3
-3
-3
-2
-1
0
-2
-1
-1
-1
-2
-2
-1
1
2
1
0
1
0
-3
-2
0
1
1
1
2
1
2
4
5
5
4
2
1
2
4
4
3
2
2
2
1
0
1
1
0
-1
-3
-3
-2
0
0
0
-3
-6
-6
-3
-2
-1
-1
-1
-1
1
1
2
2
0
-1
-3
-3
-2
-2
-1
0
-1
-2
-4
-5
-5
-2
-1
0
-1
-2
-1
0
0
1
2
3
2
-1
-2
-2
-1
-2
-1
1
1
0
-1
-3
-3
-2
-1
-1
-1
-1
-1
0
1
2
3
2
3
4
5
1
0
1
1
2
2
1
1
0
2
2
3
3
3
4
5
6
4
5
6
9
9
9
10
10
7
4
5
5
2
-1
-3
-3
-3
-1
-1
-5
-4
-2
-3
-2
-2
1
0
-1
1
3
5
7
3
0
-2
-1
-2
-3
-6
-9
-9
-11
-13
-13
-11
-8
-9
-10
-8
-5
-3
-2
-3
0
1
3
6
13
12
11
4
-2
-3
4
13
11
3
-6
-9
-9
-8
-2
2
1
-3
-9
-16
-15
-8
2
9
12
15
15
13
5
-1
-2
-1
1
2
1
1
-3
-10
-20
-21
-14
-6
-3
-5
-7
-4
-3
-3
-4
-4
1
0
-4
-10
-17
-18
-12
2
12
14
6
-6
-14
-14
-7
1
0
-2
-6
-6
-2
3
9
10
7
-2
-8
-6
6
14
13
6
6
17
27
24
10
3
8
20
25
19
9
0
-4
-6
-3
4
8
7
1
-7
-12
-18
-18
-8
14
35
36
18
-4
-17
-13
0
14
22
26
23
17
11
11
15
17
16
20
28
39
34
16
-3
-9
2
17
21
10
-3
-14
-19
-20
-16
-12
-11
-15
-20
-25
-25
-20
-15
-15
-15
-13
-17
-30
-41
-42
-35
-30
-31
-34
-32
-31
-37
-47
-58
-56
-47
-35
-27
-27
-34
-42
-40
-20
10
31
36
37
44
59
70
67
54
49
60
79
91
81
51
18
1
2
14
26
26
15
-2
-16
-25
-31
-35
-32
-20
-1
9
2
-24
-47
-48
-24
5
16
5
-15
-25
-21
-18
-27
-52
-83
-98
-93
-75
-62
-73
-106
-139
-140
-107
-71
-61
-72
-74
-57
-24
9
40
80
135
190
240
284
318
331
326
318
321
324
307
267
223
179
130
69
3
-63
-118
-155
-188
-223
-257
-279
-277
-250
-211
-175
-144
-120
-98
-70
-25
38
95
115
112
113
119
101
48
-10
-44
-63
-102
-172
-258
-332
-379
-420
-464
-505
-525
-513
-482
-442
-405
-374
-320
-200
40
388
707
816
692
536
541
697
865
958
1001
980
856
641
406
208
21
-181
-356
-448
-478
-566
-770
-986
-1082
-1030
-908
-757
-580
-401
-248
-115
46
241
450
656
855
1024
1111
1084
982
872
806
775
720
592
360
48
-282
-563
-757
-895
-989
-1028
-1027
-1040
-1095
-1152
-1140
-1017
-790
-499
-204
35
170
240
315
452
637
802
916
986
996
886
636
368
213
181
175
76
-145
-425
-675
-820
-851
-812
-788
-810
-817
-738
-574
-426
-330
-205
39
368
651
816
887
914
946
998
1069
1132
1130
1051
910
762
613
421
168
-82
-227
-267
-320
-472
-690
-856
-912
-869
-776
-665
-548
-455
-383
-295
-168
-18
116
237
376
512
580
538
446
388
381
391
366
260
52
-202
-404
-520
-613
-762
-926
-1001
-989
-983
-1045
-1116
-1126
-1075
-991
-863
-677
-484
-318
-16
576
1275
1583
1348
994
989
1321
1634
1758
1764
1686
1497
1200
903
629
277
-176
-581
-717
-634
-661
-1000
-1482
-1750
-1699
-1507
-1311
-1105
-830
-517
-220
48
249
399
592
945
1416
1811
1961
1819
1513
1279
1228
1227
1061
711
291
-137
-533
-882
-1184
-1429
-1590
-1633
-1625
-1642
-1701
-1793
-1803
-1566
-1049
-483
-135
8
101
257
532
886
1169
1267
1276
1311
1312
1113
701
254
-30
-117
-142
-302
-665
-1134
-1572
-1856
-1920
-1795
-1607
-1453
-1148
-486
349
748
489
130
353
1124
1922
2414
2624
2614
2431
2196
2038
1922
1650
1169
628
261
80
-212
-811
-1491
-1848
-1824
-1755
-1848
-2029
-2098
-1917
-1542
-1101
-693
-362
-79
265
734
1192
1484
1593
1616
1676
1828
1961
1861
1440
903
520
351
211
-115
-580
-1005
-1275
-1443
-1623
-1803
-1907
-1883
-1745
-1499
-1181
-926
-807
-761
-594
-150
436
865
961
903
947
1041
990
750
516
445
501
500
168
-444
-1005
-1306
-1397
-1400
-1367
-1411
-1532
-1522
-1182
-370
576
892
459
150
670
1552
2063
2253
2501
2789
2773
2431
2048
1675
1284
901
548
198
-158
-566
-1198
-1865
-2119
-2085
-2118
-2231
-2186
-1940
-1666
-1363
-974
-599
-267
176
867
1514
1738
1656
1636
1779
1960
2135
2186
1886
1292
713
318
-23
-400
-666
-913
-1264
-1527
-1654
-1910
-2321
-2455
-2097
-1580
-1168
-910
-779
-675
-454
-38
419
799
1157
1429
1504
1428
1305
1041
594
382
524
612
388
-138
-849
-1553
-1934
-1856
-1618
-1523
-1616
-1739
-1709
-1639
-1550
-1347
-509
1086
2408
2416
1541
1219
1745
2292
2644
3131
3584
3462
2694
1918
1424
1054
501
-294
-1009
-1307
-1156
-1296
-2193
-3154
-3475
-3242
-2915
-2516
-1942
-1399
-1001
-664
-304
162
747
1454
2148
2649
2956
3127
2958
2430
2118
2301
2480
2150
1394
574
-171
-761
-1146
-1490
-1909
-2180
-2235
-2350
-2631
-2753
-2608
-2554
-2496
-1907
-914
-213
-100
-200
-14
512
1133
1523
1531
1478
1640
1724
1343
746
400
212
-27
-321
-693
-1125
-1524
-1861
-2200
-2376
-2182
-1893
-1837
-1822
-1449
-168
1385
1951
1317
787
1342
2377
2936
3084
3352
3744
3623
2951
2342
1961
1593
885
-10
-792
-1182
-1243
-1722
-2593
-3165
-3264
-3144
-3154
-3150
-2772
-2005
-1201
-805
-669
-324
343
1193
1962
2495
2818
3096
3175
2928
2797
2991
3009
2449
1638
1157
860
328
-358
-1108
-1750
-2032
-2102
-2318
-2771
-3043
-2989
-2960
-2937
-2510
-1683
-1042
-917
-892
-550
101
787
1210
1332
1485
1825
1836
1266
790
798
873
666
141
-560
-1199
-1536
-1608
-1830
-2204
-2364
-2241
-2131
-2072
-1639
-168
1393
1682
794
369
1202
2476
3204
3479
3816
4206
4003
3235
2543
2244
2092
1481
475
-490
-963
-1075
-1697
-2731
-3403
-3508
-3390
-3454
-3534
-3215
-2455
-1601
-1155
-1028
-616
305
1386
2117
2458
2754
3261
3595
3511
3459
3617
3472
2756
1861
1341
1059
633
-25
-959
-1848
-2349
-2601
-2937
-3399
-3648
-3580
-3536
-3590
-3344
-2605
-1884
-1592
-1438
-1020
-255
613
1227
1403
1442
1738
1917
1608
1316
1408
1534
1293
596
-272
-911
-1119
-1102
-1338
-1805
-2141
-2228
-2257
-2172
-1725
-333
1248
1696
844
162
780
2147
3101
3475
3839
4297
4135
3307
2624
2388
2247
1638
683
-254
-760
-768
-1202
-2340
-3308
-3574
-3394
-3335
-3342
-2999
-2262
-1514
-1205
-1180
-768
195
1333
2101
2428
2676
3163
3528
3370
3155
3368
3480
2902
1864
1129
902
664
71
-949
-2039
-2606
-2688
-2763
-3188
-3658
-3710
-3612
-3686
-3575
-2864
-1944
-1504
-1475
-1328
-751
200
1008
1278
1285
1540
1855
1690
1323
1304
1427
1273
686
-131
-758
-1012
-1058
-1323
-1800
-2110
-2140
-2112
-1998
-1631
-355
1268
1860
1063
250
825
2294
3408
3834
4095
4491
4405
3628
2932
2664
2597
2026
922
-177
-686
-589
-947
-2190
-3362
-3761
-3533
-3421
-3558
-3373
-2574
-1668
-1457
-1677
-1279
-134
1155
1924
2216
2482
2915
3322
3340
3169
3372
3605
3168
2042
1147
1119
1072
362
-866
-2126
-2860
-2957
-2828
-3121
-3740
-3944
-3881
-3918
-3914
-3349
-2271
-1670
-1695
-1525
-788
263
1066
1401
1458
1599
1949
1915
1499
1420
1635
1589
951
-36
-795
-1075
-1062
-1313
-1877
-2250
-2323
-2156
-1905
-1505
-202
1394
1811
765
-9
901
2594
3761
4142
4230
4499
4430
3784
3146
2836
2777
2288
1192
-92
-777
-655
-948
-2168
-3313
-3727
-3589
-3495
-3573
-3388
-2722
-1881
-1534
-1654
-1360
-243
1235
2106
2222
2297
2709
3229
3418
3345
3441
3508
3059
2032
1178
1161
1111
444
-751
-2084
-2889
-2955
-2745
-3034
-3733
-4023
-4002
-4053
-4065
-3510
-2426
-1859
-1914
-1675
-905
-13
736
1342
1497
1379
1647
1860
1532
1401
1759
1894
1173
-6
-734
-869
-827
-1089
-1519
-1911
-2175
-2134
-1725
-1396
-534
1107
2110
1366
82
484
2193
3566
3950
4036
4356
4361
3712
3136
2851
2653
2202
1342
82
-1003
-1122
-931
-1691
-3031
-3776
-3721
-3599
-3684
-3435
-2639
-1851
-1589
-1614
-1383
-663
573
1792
2433
2562
2693
3151
3486
3384
3319
3558
3460
2604
1707
1633
1402
391
-661
-1449
-2229
-2691
-2602
-2672
-3455
-4254
-4443
-4224
-4138
-3835
-2763
-1992
-2264
-2388
-1525
-500
39
679
1369
1424
1338
1609
1677
1469
1598
1992
1822
819
-159
-341
-209
-597
-1044
-1188
-1470
-1917
-1860
-1371
-1001
-123
1392
2082
1162
55
625
2239
3315
3513
3710
4100
3912
3160
2690
2512
2350
1911
1006
-212
-1074
-1074
-826
-1487
-2828
-3550
-3442
-3355
-3308
-2777
-1899
-1574
-1821
-1725
-1116
-284
650
1720
2475
2421
2248
2723
3188
3050
3030
3488
3416
2459
1869
1827
1138
-81
-752
-1012
-1629
-2175
-2210
-2478
-3497
-4431
-4371
-3985
-4036
-3669
-2621
-2243
-2922
-2899
-1690
-839
-489
267
1090
1110
933
1255
1413
1196
1326
1926
1984
970
103
134
106
-528
-830
-570
-840
-1464
-1552
-1025
-847
-157
1460
2251
1075
-306
377
2248
3123
2974
3163
3707
3483
2665
2403
2397
2271
1781
1050
23
-869
-745
-252
-859
-2317
-2933
-2658
-2702
-2824
-2332
-1497
-1457
-1889
-1603
-947
-536
50
1270
2168
1768
1331
1940
2593
2330
2301
3074
3076
2132
1566
1519
812
-286
-374
-147
-800
-1720
-1856
-2000
-3158
-4082
-3670
-3012
-3209
-3241
-2421
-2245
-3077
-2964
-1678
-1029
-1039
-400
521
472
-11
303
845
753
789
1504
1830
892
10
201
428
9
-139
277
90
-571
-671
-163
-134
63
1550
2857
2084
218
194
1824
2769
2516
2622
3256
3173
2179
1696
1767
1708
1358
978
338
-741
-1076
-351
-353
-1723
-2606
-2116
-1879
-2267
-2167
-1373
-1103
-1675
-1522
-608
-225
-157
799
1926
1524
622
1161
2182
1988
1511
2294
2769
1802
806
841
690
-266
-443
128
-317
-1697
-2130
-1709
-2395
-3558
-3323
-2378
-2541
-3173
-2640
-2026
-2618
-2923
-1825
-999
-1331
-1231
-173
208
-335
-277
472
558
191
626
1352
921
9
182
760
509
82
488
784
225
-152
333
854
711
1354
2794
3122
1522
391
1342
2630
2628
2301
2725
2978
2177
1365
1322
1263
931
688
560
-404
-1474
-1081
-172
-902
-2340
-2249
-1550
-1872
-2304
-1643
-730
-1097
-1533
-695
115
-116
54
1316
1614
524
466
1768
2155
1282
1426
2391
1906
525
277
824
338
-341
56
136
-1157
-2155
-1662
-1573
-2771
-3202
-2134
-1700
-2664
-2993
-2212
-2093
-2712
-2330
-1186
-1122
-1553
-996
-249
-485
-742
-64
503
168
-71
581
936
261
2
769
1102
460
333
989
951
227
205
1157
1592
1440
2096
3018
2603
1003
746
2021
2726
2315
2249
2686
2317
1262
968
1190
1039
681
614
223
-1002
-1455
-535
-143
-1412
-2282
-1677
-1422
-2079
-2105
-1149
-816
-1486
-1376
-395
-158
-570
-3
963
663
35
730
1718
1424
879
1483
1935
1109
336
741
1073
528
238
413
-105
-1260
-1510
-985
-1299
-2230
-2167
-1474
-1805
-2707
-2664
-2102
-2236
-2626
-2151
-1510
-1645
-1775
-1212
-771
-967
-874
-214
90
-269
-308
314
595
343
592
1190
1099
582
695
1120
901
521
952
1792
2008
1967
2351
2475
1557
720
1251
2289
2419
2047
2114
2075
1367
773
987
1301
1095
720
355
-279
-841
-599
-57
-539
-1602
-1761
-1301
-1387
-1747
-1459
-990
-1163
-1428
-990
-431
-475
-463
178
536
200
154
895
1401
1165
1069
1458
1454
927
817
1220
1198
787
585
382
-310
-966
-888
-699
-1187
-1784
-1743
-1662
-2165
-2586
-2396
-2278
-2588
-2679
-2245
-2039
-2166
-1881
-1274
-1166
-1372
-1087
-483
-366
-541
-224
392
572
581
966
1276
1097
915
1121
1215
975
1071
1666
2050
2045
2228
2512
2056
1055
777
1534
2220
2165
1924
1793
1410
914
886
1233
1316
1011
566
14
-535
-596
-103
27
-759
-1566
-1599
-1361
-1472
-1552
-1299
-1210
-1482
-1529
-1156
-911
-870
-489
60
30
-312
-51
708
1040
963
1185
1555
1331
889
1060
1532
1527
1260
1150
814
69
-402
-295
-359
-934
-1321
-1287
-1538
-2175
-2427
-2256
-2426
-2868
-2825
-2428
-2415
-2498
-2052
-1574
-1695
-1831
-1317
-719
-703
-722
-176
455
619
743
1172
1420
1305
1296
1470
1304
1035
1327
1921
2026
1836
2175
2641
2106
889
500
1245
1937
1916
1702
1563
1277
996
1098
1295
1165
956
835
410
-328
-503
105
335
-484
-1342
-1371
-1195
-1420
-1580
-1390
-1374
-1694
-1741
-1421
-1283
-1245
-773
-236
-369
-720
-337
521
890
882
1235
1617
1354
942
1257
1894
1975
1747
1633
1274
478
-16
112
22
-593
-1014
-1010
-1286
-1997
-2348
-2271
-2521
-3045
-3059
-2639
-2540
-2622
-2341
-2014
-2138
-2184
-1586
-961
-873
-783
-210
348
480
644
1129
1486
1448
1425
1530
1318
930
1066
1624
1822
1689
1918
2360
2098
1038
322
602
1278
1608
1615
1576
1458
1282
1215
1161
1024
1020
1201
1028
306
-182
86
405
-80
-882
-1108
-955
-1093
-1447
-1571
-1583
-1736
-1808
-1638
-1461
-1376
-1100
-748
-747
-915
-598
217
843
1057
1303
1621
1564
1250
1332
1880
2300
2328
2145
1753
1018
366
169
139
-152
-524
-683
-971
-1681
-2380
-2617
-2675
-2906
-3008
-2784
-2600
-2680
-2744
-2588
-2402
-2188
-1746
-1231
-973
-892
-597
-131
249
566
988
1399
1499
1383
1253
1083
849
816
1142
1503
1619
1731
2007
2046
1421
565
344
866
1519
1816
1873
1836
1649
1375
1218
1254
1423
1595
1520
1008
333
40
140
99
-325
-753
-944
-1187
-1646
-2006
-2003
-1855
-1839
-1851
-1773
-1675
-1549
-1304
-1009
-805
-539
-8
629
1060
1286
1586
1876
1856
1711
1895
2355
2572
2339
1901
1415
881
430
168
-67
-427
-783
-1083
-1566
-2234
-2668
-2719
-2804
-3104
-3239
-2989
-2727
-2728
-2718
-2446
-2116
-1907
-1661
-1295
-956
-702
-380
50
418
682
951
1212
1308
1227
1090
878
637
605
937
1385
1638
1802
1996
1926
1291
543
479
1130
1843
2174
2212
2060
1713
1404
1404
1618
1799
1855
1682
1085
280
-138
-5
119
-206
-700
-1052
-1405
-1841
-2071
-1957
-1800
-1801
-1793
-1692
-1624
-1556
-1267
-821
-497
-271
139
714
1136
1370
1637
1851
1768
1623
1796
2124
2136
1808
1509
1188
634
52
-223
-337
-626
-1005
-1328
-1713
-2204
-2542
-2639
-2769
-2951
-2852
-2516
-2349
-2424
-2371
-2118
-1935
-1808
-1485
-1053
-795
-637
-337
-4
174
308
606
943
1055
948
764
521
290
315
711
1250
1645
1909
2012
1766
1157
660
793
1483
2225
2584
2505
2143
1721
1528
1693
2028
2264
2188
1692
843
48
-196
69
297
51
-544
-1180
-1750
-2123
-2164
-1894
-1588
-1518
-1659
-1846
-1894
-1671
-1169
-595
-219
-29
162
441
778
1140
1520
1777
1770
1565
1413
1429
1495
1498
1375
1056
522
-76
-512
-720
-828
-933
-1078
-1350
-1803
-2297
-2565
-2503
-2223
-1924
-1777
-1852
-2074
-2213
-2060
-1666
-1252
-976
-856
-869
-965
-945
-656
-180
213
381
383
238
13
-132
-43
248
557
821
1076
1283
1474
1652
1767
1649
1411
1430
1822
2340
2611
2594
2433
2209
2037
2044
2203
2276
2027
1469
760
183
-6
175
334
12
-728
-1444
-1881
-2046
-1958
-1607
-1255
-1290
-1684
-2011
-1940
-1497
-861
-238
89
41
-106
-15
365
864
1387
1718
1557
992
545
604
939
1150
1144
893
355
-332
-786
-835
-690
-563
-577
-871
-1436
-1927
-1961
-1632
-1309
-1148
-1135
-1317
-1683
-1911
-1730
-1297
-951
-866
-996
-1264
-1484
-1391
-968
-516
-291
-290
-406
-580
-690
-543
-127
311
542
580
567
620
908
1509
2156
2369
2005
1548
1516
1974
2566
2989
3076
2781
2261
1838
1741
1906
2057
1934
1417
631
-10
-183
-38
-47
-393
-863
-1262
-1573
-1744
-1604
-1245
-1045
-1183
-1439
-1510
-1310
-887
-342
48
54
-188
-272
14
495
925
1114
910
389
-16
37
388
633
612
376
-33
-544
-926
-911
-605
-370
-380
-566
-839
-1122
-1253
-1151
-872
-582
-475
-651
-1064
-1461
-1526
-1211
-831
-739
-956
-1284
-1569
-1719
-1622
-1266
-891
-759
-868
-1035
-1080
-911
-512
3
397
522
531
666
1010
1568
2285
2789
2651
2072
1782
2207
2951
3384
3320
2917
2330
1789
1629
1859
2070
1885
1279
457
-235
-468
-218
34
-178
-701
-1076
-1240
-1394
-1413
-1091
-699
-689
-1018
-1200
-1019
-679
-345
-81
-32
-229
-372
-225
37
144
92
-60
-360
-660
-563
-97
176
-62
-500
-747
-781
-715
-552
-308
-151
-179
-260
-296
-335
-315
-151
32
53
-82
-285
-555
-846
-972
-798
-554
-647
-1135
-1667
-1956
-1960
-1767
-1473
-1240
-1259
-1474
-1630
-1521
-1137
-590
-63
238
272
256
474
1018
1737
2483
2944
2756
2070
1645
2034
2880
3444
3365
2831
2144
1548
1359
1666
2073
2060
1473
546
-261
-495
-105
398
414
-80
-613
-902
-1053
-1045
-724
-276
-154
-484
-880
-1001
-862
-602
-302
-140
-291
-614
-829
-876
-832
-731
-631
-686
-904
-1000
-812
-608
-637
-761
-728
-573
-457
-390
-270
-84
69
168
267
344
342
276
221
234
261
191
-49
-391
-703
-845
-814
-820
-1073
-1509
-1863
-1966
-1876
-1713
-1535
-1440
-1492
-1573
-1459
-1085
-617
-225
59
295
541
838
1246
1763
2282
2585
2476
2105
1920
2228
2799
3136
2963
2411
1824
1451
1387
1576
1786
1713
1191
389
-222
-263
153
500
376
-110
-556
-736
-723
-586
-326
-74
-61
-346
-693
-824
-673
-383
-176
-211
-479
-799
-1012
-1087
-1032
-893
-811
-925
-1160
-1268
-1140
-955
-905
-956
-952
-825
-616
-425
-318
-250
-135
31
190
333
458
519
474
375
298
220
60
-152
-294
-347
-426
-649
-1003
-1352
-1537
-1504
-1355
-1252
-1265
-1355
-1447
-1448
-1237
-810
-340
-49
39
126
380
768
1189
1623
2052
2294
2167
1800
1616
1912
2470
2792
2590
2039
1492
1192
1194
1404
1598
1513
1043
359
-162
-210
177
568
526
68
-373
-485
-356
-185
-5
178
198
-64
-429
-595
-477
-236
-79
-142
-447
-850
-1140
-1204
-1107
-979
-937
-1058
-1338
-1586
-1574
-1328
-1079
-996
-1019
-1006
-914
-777
-610
-401
-188
-5
153
304
427
497
510
483
428
344
241
131
18
-91
-204
-376
-644
-938
-1116
-1107
-999
-949
-1024
-1186
-1321
-1296
-1032
-602
-210
-18
-11
-13
153
530
1016
1439
1677
1732
1637
1465
1390
1589
2005
2284
2140
1655
1183
973
1032
1223
1359
1267
892
385
6
-47
226
579
674
372
-88
-339
-255
6
249
380
332
83
-248
-443
-372
-140
24
-50
-360
-749
-1024
-1084
-976
-820
-750
-868
-1158
-1463
-1572
-1388
-1037
-750
-691
-827
-987
-1006
-832
-518
-180
51
99
5
-88
-49
118
302
383
305
96
-157
-328
-345
-263
-215
-308
-546
-816
-960
-906
-744
-626
-620
-685
-731
-676
-478
-183
99
280
355
397
494
696
968
1199
1328
1362
1302
1168
1071
1156
1380
1516
1410
1138
884
746
726
792
868
845
684
442
245
212
353
525
547
385
179
93
150
252
315
309
222
63
-108
-194
-163
-96
-109
-235
-432
-628
-750
-761
-690
-629
-669
-833
-1027
-1110
-1012
-810
-658
-651
-748
-837
-830
-706
-494
-279
-159
-187
-302
-372
-299
-127
10
15
-101
-263
-403
-488
-474
-367
-261
-286
-481
-738
-881
-826
-637
-434
-312
-306
-398
-492
-458
-232
119
430
564
503
377
366
542
817
1049
1161
1134
974
758
647
745
985
1162
1122
873
570
394
442
656
862
901
716
422
210
209
397
625
727
631
407
195
117
185
318
394
318
97
-149
-272
-246
-171
-144
-200
-327
-513
-696
-765
-687
-550
-483
-533
-653
-747
-743
-636
-482
-354
-304
-332
-393
-409
-328
-179
-54
-26
-77
-145
-186
-200
-213
-248
-319
-418
-526
-602
-619
-592
-576
-628
-751
-870
-900
-817
-657
-498
-405
-399
-429
-397
-236
22
279
435
456
392
342
398
566
772
898
887
767
627
557
591
675
733
734
679
596
508
448
457
550
673
734
679
552
440
400
447
564
681
704
591
397
229
156
178
236
254
173
6
-185
-333
-388
-350
-279
-270
-370
-528
-642
-645
-553
-431
-337
-309
-341
-378
-354
-249
-111
-7
16
-19
-57
-51
-2
57
89
71
-3
-131
-281
-404
-474
-507
-544
-606
-688
-776
-851
-909
-946
-942
-885
-806
-740
-690
-625
-532
-422
-290
-107
97
253
328
327
305
314
385
502
587
595
534
436
350
307
315
350
370
346
269
176
115
123
210
341
460
507
466
405
404
491
621
735
794
767
671
569
516
506
492
452
384
280
156
47
-40
-111
-167
-197
-224
-282
-351
-374
-332
-263
-193
-138
-99
-81
-55
15
124
232
307
334
326
323
354
401
408
353
259
147
16
-120
-227
-303
-377
-473
-590
-716
-843
-934
-979
-995
-1009
-1024
-1033
-1028
-985
-877
-720
-583
-503
-443
-360
-252
-139
-41
30
65
74
81
98
118
136
136
100
31
-41
-77
-76
-64
-61
-63
-68
-84
-96
-61
40
181
309
387
420
442
491
593
728
842
879
832
741
658
620
634
659
625
502
332
177
72
27
25
16
-32
-106
-162
-161
-97
6
111
184
224
266
344
465
598
711
772
782
772
775
788
782
732
632
492
330
167
25
-95
-210
-338
-484
-644
-802
-940
-1044
-1113
-1157
-1187
-1200
-1197
-1179
-1140
-1068
-983
-906
-838
-766
-687
-616
-560
-499
-437
-382
-341
-310
-290
-275
-258
-241
-240
-258
-281
-285
-266
-234
-195
-155
-125
-98
-55
32
153
263
336
383
424
479
570
688
790
837
822
784
754
745
766
788
767
685
572
470
392
340
316
306
277
218
157
132
146
196
269
339
391
436
493
563
630
690
746
790
813
815
804
772
710
638
561
474
368
248
117
-28
-171
-295
-409
-527
-656
-775
-876
-961
-1029
-1072
-1099
-1116
-1118
-1115
-1115
-1116
-1109
-1078
-1029
-977
-928
-887
-854
-836
-816
-777
-718
-657
-617
-594
-582
-567
-534
-473
-389
-304
-235
-182
-134
-78
-1
110
231
328
390
432
469
513
580
667
745
777
762
726
695
678
683
697
696
663
604
542
491
461
459
471
464
427
386
367
379
418
470
512
534
549
570
598
629
667
713
743
745
725
703
679
650
614
567
509
435
358
275
179
81
-7
-95
-190
-284
-375
-463
-555
-642
-706
-758
-807
-858
-912
-973
-1037
-1085
-1104
-1103
-1095
-1090
-1095
-1110
-1130
-1133
-1109
-1065
-1019
-986
-961
-936
-898
-839
-753
-646
-531
-428
-347
-277
-197
-94
36
169
283
361
409
447
494
558
633
692
713
687
635
582
549
542
554
554
519
447
370
319
316
353
402
430
427
412
411
446
514
602
677
719
725
718
720
742
783
818
825
793
739
687
647
620
599
571
524
452
374
305
249
211
183
152
97
18
-67
-132
-177
-212
-251
-305
-375
-459
-545
-630
-707
-772
-834
-898
-969
-1047
-1120
-1181
-1224
-1248
-1266
-1282
-1289
-1283
-1262
-1227
-1178
-1117
-1040
-948
-854
-758
-660
-556
-442
-325
-210
-95
13
112
200
288
375
455
517
565
603
629
641
636
632
635
636
626
597
557
515
484
469
465
461
447
419
390
374
379
403
433
454
461
462
475
504
542
573
596
608
611
614
623
639
658
667
657
632
601
575
561
553
543
520
479
426
368
312
260
212
158
93
18
-61
-140
-228
-319
-404
-477
-548
-621
-701
-784
-871
-952
-1021
-1076
-1126
-1170
-1211
-1244
-1270
-1280
-1271
-1251
-1220
-1184
-1133
-1071
-997
-916
-830
-736
-640
-536
-424
-310
-199
-102
-9
84
177
266
341
398
438
469
498
525
554
572
579
571
556
547
545
543
536
520
497
469
449
441
441
442
436
423
401
384
379
382
386
382
371
354
342
348
370
395
413
418
414
414
432
464
502
530
542
538
522
510
503
494
474
440
396
340
274
206
142
78
10
-64
-143
-227
-307
-380
-449
-519
-587
-650
-709
-769
-824
-864
-897
-924
-944
-958
-969
-974
-967
-944
-913
-882
-847
-797
-746
-695
-633
-559
-483
-413
-341
-266
-195
-131
-68
-1
55
107
158
202
236
267
302
335
354
367
386
406
420
426
430
425
417
420
426
425
417
405
397
384
373
371
369
355
335
320
316
317
318
324
327
321
311
312
320
328
336
345
349
339
328
326
328
318
302
286
267
232
198
170
142
104
59
14
-39
-91
-133
-171
-220
-281
-337
-380
-422
-465
-503
-536
-571
-607
-632
-649
-666
-677
-677
-670
-662
-649
-629
-605
-577
-538
-487
-435
-390
-341
-289
-235
-183
-130
-77
-30
9
47
85
121
153
187
217
234
243
256
272
286
298
312
318
314
307
306
308
313
316
315
307
296
289
285
277
265
253
241
234
232
232
227
222
215
208
203
202
208
216
222
221
215
205
197
194
190
185
177
163
148
134
124
111
96
75
51
28
8
-15
-43
-74
-106
-135
-166
-201
-235
-269
-302
-335
-365
-395
-421
-447
-473
-492
-504
-508
-509
-509
-503
-491
-470
-448
-425
-398
-365
-331
-296
-258
-217
-174
-131
-95
-60
-25
9
44
79
114
147
171
190
209
227
244
261
272
274
270
268
273
283
287
286
283
274
267
258
250
245
242
233
224
218
213
207
204
198
187
179
175
177
179
180
177
167
153
141
138
135
133
128
121
110
94
84
78
69
58
45
28
8
-14
-30
-44
-64
-85
-108
-135
-164
-188
-210
-236
-262
-285
-307
-335
-363
-379
-388
-398
-410
-417
-419
-417
-413
-402
-387
-370
-350
-327
-303
-276
-243
-207
-177
-154
-126
-96
-64
-33
0
28
52
71
93
118
142
166
182
190
195
205
220
237
250
260
268
272
274
276
281
285
287
282
274
265
262
268
267
258
240
223
210
199
197
204
208
199
180
157
139
131
132
134
129
114
94
78
66
59
58
56
41
15
-12
-28
-38
-46
-56
-72
-95
-126
-153
-171
-184
-197
-213
-232
-256
-286
-309
-320
-328
-331
-333
-337
-345
-356
-361
-355
-341
-324
-304
-287
-280
-267
-247
-221
-199
-179
-155
-133
-117
-99
-72
-43
-22
-4
13
25
38
58
81
99
115
128
139
147
163
186
208
222
231
238
246
251
260
271
280
278
275
275
274
269
261
253
240
232
228
228
224
210
193
178
163
152
150
152
146
137
125
113
100
90
84
83
75
60
43
29
17
3
-10
-26
-45
-69
-92
-116
-140
-160
-180
-198
-220
-246
-268
-288
-305
-316
-321
-329
-340
-356
-366
-364
-354
-342
-326
-312
-302
-293
-282
-266
-245
-221
-198
-179
-167
-151
-128
-104
-82
-60
-35
-13
5
25
45
63
81
104
126
146
163
182
201
218
236
252
262
269
276
288
297
298
301
305
306
300
290
280
272
263
258
255
246
232
212
193
177
165
159
154
142
124
106
91
77
64
53
40
28
13
0
-16
-28
-39
-51
-68
-83
-99
-114
-130
-144
-156
-171
-185
-201
-219
-235
-245
-252
-256
-260
-268
-277
-285
-287
-284
-278
-271
-263
-257
-256
-254
-247
-233
-218
-202
-188
-184
-180
-169
-152
-136
-118
-103
-90
-83
-75
-58
-37
-15
4
22
37
51
70
93
117
139
158
176
188
194
203
218
228
237
246
255
257
251
246
244
246
244
241
242
239
233
225
217
209
205
204
201
194
184
174
164
152
139
128
115
103
91
77
61
45
31
21
8
-7
-22
-40
-59
-76
-83
-96
-109
-121
-135
-149
-163
-171
-172
-177
-185
-193
-199
-204
-207
-205
-201
-199
-198
-199
-202
-200
-194
-188
-181
-177
-174
-171
-166
-157
-145
-133
-125
-121
-116
-109
-97
-79
-59
-45
-33
-22
-12
5
25
48
69
86
97
106
114
123
134
143
153
158
162
161
156
150
149
149
145
141
138
135
134
130
126
122
120
119
121
121
120
118
114
110
104
97
94
91
87
80
71
61
50
38
25
14
4
-8
-20
-31
-43
-56
-67
-75
-84
-94
-101
-108
-112
-113
-117
-126
-129
-128
-128
-130
-128
-125
-122
-120
-119
-122
-122
-120
-116
-114
-114
-117
-120
-119
-118
-115
-112
-111
-112
-111
-105
-98
-90
-79
-71
-59
-48
-34
-19
-1
21
43
62
76
85
94
108
125
139
149
155
153
151
151
151
152
151
151
148
143
137
133
127
124
123
120
116
114
110
105
95
92
92
88
79
72
69
65
57
47
37
24
17
13
5
-2
-14
-28
-41
-52
-60
-65
-72
-83
-97
-105
-109
-115
-123
-127
-127
-127
-130
-135
-138
-136
-129
-124
-124
-119
-114
-111
-111
-109
-106
-103
-101
-101
-102
-102
-98
-94
-90
-84
-77
-69
-59
-49
-36
-20
-3
15
32
49
65
82
97
109
118
132
142
148
155
160
163
159
157
157
152
142
133
129
123
114
108
100
90
80
70
60
53
45
39
31
18
6
-2
-8
-9
-10
-14
-22
-31
-38
-41
-41
-40
-39
-43
-50
-54
-58
-59
-58
-57
-57
-60
-64
-69
-72
-73
-73
-72
-76
-78
-80
-81
-82
-82
-78
-76
-73
-72
-72
-74
-72
-68
-67
-65
-64
-64
-64
-60
-54
-48
-42
-37
-31
-23
-11
3
15
30
46
60
74
88
105
123
135
145
153
163
170
173
177
182
183
179
175
169
157
146
137
129
116
104
94
82
67
52
41
32
22
11
0
-11
-21
-32
-43
-51
-62
-71
-83
-95
-105
-112
-119
-124
-132
-135
-137
-141
-143
-145
-146
-146
-144
-141
-136
-136
-137
-135
-132
-125
-117
-108
-102
-96
-90
-85
-78
-69
-60
-51
-45
-40
-36
-30
-23
-17
-15
-10
-8
-8
-4
3
13
22
29
32
35
39
47
62
76
87
95
103
114
126
137
151
162
170
174
177
179
181
187
190
188
180
171
160
152
146
141
136
128
115
104
92
83
76
67
57
46
34
25
16
7
-2
-16
-33
-46
-55
-67
-79
-92
-103
-114
-124
-134
-141
-149
-158
-166
-171
-175
-180
-182
-182
-184
-186
-186
-186
-184
-179
-172
-166
-160
-155
-146
-138
-128
-117
-106
-94
-84
-74
-68
-58
-49
-43
-36
-30
-22
-15
-10
-5
5
17
27
38
46
52
61
71
85
98
109
119
128
137
148
158
169
179
184
186
187
189
189
193
192
186
181
173
166
161
157
154
146
137
127
117
109
106
102
95
84
75
64
55
48
40
30
21
8
-3
-12
-23
-35
-43
-51
-60
-68
-78
-87
-95
-102
-108
-116
-125
-134
-140
-145
-151
-158
-163
-163
-164
-167
-168
-170
-171
-170
-168
-166
-165
-162
-157
-152
-148
-145
-140
-134
-128
-125
-123
-122
-116
-108
-100
-90
-77
-65
-55
-47
-40
-25
-8
8
19
29
40
55
69
81
97
112
123
128
130
131
135
144
152
158
158
155
152
149
152
157
163
164
163
160
160
162
165
167
165
161
158
153
146
142
137
132
127
115
105
95
87
80
71
61
50
37
26
18
10
-3
-13
-25
-38
-52
-66
-74
-80
-86
-96
-103
-110
-118
-124
-126
-131
-137
-143
-147
-151
-155
-158
-158
-159
-161
-164
-167
-171
-169
-166
-163
-161
-157
-154
-150
-147
-143
-140
-135
-128
-117
-107
-96
-86
-75
-64
-54
-45
-31
-13
1
10
18
24
32
38
50
59
68
73
76
81
87
97
107
117
122
125
129
133
140
145
151
158
165
165
164
166
167
167
168
167
162
156
153
148
143
134
128
121
113
102
95
89
80
68
59
49
37
27
17
7
-3
-15
-24
-34
-43
-53
-61
-68
-76
-83
-89
-96
-104
-110
-115
-120
-125
-130
-133
-135
-135
-138
-142
-143
-146
-148
-150
-150
-146
-143
-142
-141
-140
-135
-130
-126
-119
-111
-106
-98
-90
-83
-77
-70
-61
-53
-46
-36
-25
-15
-5
0
5
15
27
37
49
60
69
75
80
86
97
107
119
128
135
139
144
152
158
165
167
170
171
170
170
168
164
158
154
150
143
133
124
120
112
102
94
86
76
66
58
49
37
26
16
7
-4
-15
-24
-33
-43
-53
-62
-68
-75
-80
-87
-92
-98
-103
-108
-111
-113
-117
-121
-124
-127
-132
-135
-135
-133
-131
-130
-132
-130
-127
-123
-121
-120
-118
-114
-111
-107
-103
-99
-95
-90
-85
-77
-67
-60
-51
-43
-35
-29
-21
-10
-3
6
16
26
34
40
48
58
66
72
80
87
92
99
108
117
122
126
129
131
132
134
138
142
140
135
131
127
125
123
118
112
104
95
90
85
75
70
64
55
44
31
22
17
12
7
2
-6
-14
-22
-29
-33
-37
-41
-45
-52
-58
-62
-63
-65
-69
-71
-72
-75
-80
-85
-84
-85
-86
-89
-92
-96
-97
-97
-95
-93
-91
-91
-88
-87
-85
-82
-78
-74
-70
-64
-60
-55
-50
-43
-37
-31
-25
-18
-13
-10
-5
3
10
16
21
28
36
40
46
50
52
56
62
67
71
73
76
78
81
86
91
95
93
89
88
88
88
88
87
86
81
70
61
59
56
51
46
41
32
22
19
14
10
4
1
-1
-6
-13
-16
-17
-18
-21
-21
-22
-24
-28
-31
-31
-31
-33
-34
-36
-40
-42
-45
-46
-47
-49
-51
-55
-57
-59
-61
-63
-65
-62
-62
-66
-66
-62
-59
-56
-55
-54
-52
-50
-46
-42
-37
-34
-31
-28
-23
-19
-17
-14
-10
-7
-1
4
11
18
24
25
28
31
37
43
48
51
53
57
62
67
70
72
74
73
71
69
69
70
69
64
58
51
45
41
39
35
32
27
19
9
4
1
0
0
1
-1
-4
-9
-10
-10
-7
-5
-4
-4
-7
-9
-9
-4
0
1
-1
-5
-8
-11
-10
-11
-10
-13
-17
-25
-30
-31
-31
-32
-37
-37
-38
-41
-45
-46
-45
-46
-46
-46
-45
-42
-42
-41
-37
-36
-34
-32
-28
-27
-25
-21
-16
-12
-11
-7
-2
1
4
6
11
17
18
18
20
22
26
28
33
38
39
41
42
41
42
42
42
42
37
33
30
25
19
15
13
12
7
3
-3
-9
-14
-15
-14
-14
-17
-18
-20
-24
-24
-21
-17
-14
-14
-15
-14
-12
-9
-4
1
3
7
6
6
6
7
8
9
9
6
2
-1
1
1
-1
-2
-4
-7
-12
-14
-15
-11
-10
-11
-13
-13
-12
-11
-11
-9
-9
-10
-9
-6
-5
-5
-2
1
5
6
5
6
11
13
15
17
20
25
29
31
37
40
43
44
46
47
47
48
47
47
45
43
39
38
34
30
25
21
15
12
7
2
-5
-10
-14
-19
-23
-25
-29
-32
-35
-38
-42
-44
-43
-41
-40
-38
-37
-37
-39
-40
-36
-29
-26
-27
-29
-27
-25
-24
-22
-19
-17
-17
-19
-18
-18
-16
-13
-12
-12
-14
-17
-19
-20
-19
-15
-14
-16
-19
-19
-19
-18
-14
-12
-13
-11
-9
-8
-8
-9
-5
0
4
5
7
11
15
19
24
30
35
38
43
44
46
53
57
62
64
67
66
67
64
62
61
58
55
53
50
44
39
35
31
27
19
12
5
-2
-6
-11
-15
-19
-24
-26
-31
-33
-36
-35
-36
-37
-37
-37
-37
-38
-37
-37
-33
-31
-33
-33
-34
-33
-31
-29
-25
-24
-24
-25
-25
-26
-24
-21
-18
-16
-18
-20
-19
-17
-15
-14
-13
-14
-17
-16
-18
-16
-13
-10
-8
-7
-8
-7
-8
-7
-2
1
4
3
3
5
9
13
20
28
34
36
38
41
45
51
55
59
62
63
65
65
66
68
69
68
67
64
59
54
50
44
39
33
27
20
15
7
1
-4
-6
-9
-15
-20
-27
-34
-38
-39
-41
-44
-44
-45
-48
-51
-53
-50
-47
-47
-48
-48
-46
-47
-47
-43
-39
-38
-39
-40
-40
-39
-39
-36
-35
-35
-35
-36
-35
-33
-32
-29
-26
-26
-30
-30
-28
-28
-28
-25
-24
-25
-23
-24
-23
-17
-13
-11
-8
-6
-2
4
12
17
23
30
37
42
46
53
59
65
70
74
77
79
81
82
84
85
87
88
87
85
79
74
73
67
61
59
56
51
45
40
36
31
25
21
16
12
7
2
-4
-7
-12
-14
-17
-21
-26
-30
-34
-36
-39
-38
-39
-41
-46
-49
-48
-47
-48
-49
-48
-52
-55
-58
-58
-60
-61
-61
-63
-62
-63
-63
-62
-60
-59
-59
-61
-62
-61
-59
-58
-57
-57
-55
-54
-55
-50
-43
-34
-28
-23
-18
-13
-6
1
11
19
27
35
41
46
50
57
64
71
74
80
84
87
91
95
101
103
103
103
104
104
104
102
100
95
91
87
82
77
72
66
59
54
47
39
31
25
20
15
8
0
-8
-16
-21
-24
-29
-33
-39
-42
-47
-49
-51
-55
-57
-60
-64
-68
-71
-75
-79
-80
-81
-83
-87
-90
-90
-91
-92
-93
-93
-91
-91
-88
-86
-85
-84
-81
-81
-77
-72
-68
-65
-62
-57
-54
-50
-43
-39
-35
-30
-25
-19
-11
-3
5
12
20
27
34
44
54
63
72
78
83
89
93
100
106
112
116
118
121
123
122
121
122
123
123
119
117
113
107
101
98
96
91
83
76
71
65
60
55
49
39
30
23
15
10
4
-3
-8
-13
-19
-26
-30
-32
-35
-39
-46
-53
-60
-66
-70
-74
-77
-83
-86
-90
-92
-97
-101
-103
-104
-107
-110
-110
-109
-111
-112
-110
-107
-105
-102
-98
-94
-89
-84
-81
-79
-74
-69
-62
-56
-51
-44
-36
-30
-23
-16
-10
0
10
18
27
35
45
53
59
66
75
82
88
92
96
99
102
104
106
106
105
104
103
103
100
97
93
90
86
80
75
70
65
58
52
49
45
42
36
29
23
20
19
17
13
8
4
0
-5
-11
-11
-11
-15
-19
-24
-28
-27
-29
-31
-35
-37
-40
-42
-44
-46
-49
-50
-52
-56
-55
-55
-54
-55
-57
-57
-57
-60
-60
-57
-54
-54
-56
-57
-57
-56
-56
-52
-49
-46
-44
-40
-37
-33
-26
-18
-12
-9
-5
1
9
16
20
24
29
34
38
40
42
47
50
53
56
59
63
63
64
62
62
59
55
55
52
50
44
39
36
32
31
28
24
19
15
12
8
4
4
2
-1
-5
-8
-11
-13
-15
-15
-15
-18
-23
-27
-31
-30
-28
-27
-27
-29
-31
-34
-36
-37
-35
-35
-35
-37
-40
-40
-40
-41
-40
-36
-30
-27
-28
-30
-31
-31
-30
-27
-23
-23
-23
-22
-23
-21
-19
-14
-12
-9
-7
-3
0
3
10
13
20
24
25
27
29
34
40
46
48
48
50
50
52
53
53
53
54
56
56
54
52
50
46
44
41
35
33
32
29
27
24
22
17
12
9
5
3
-2
-4
-9
-10
-12
-14
-14
-16
-18
-19
-21
-24
-26
-28
-26
-24
-25
-26
-27
-25
-25
-26
-25
-25
-23
-23
-22
-21
-22
-25
-24
-23
-21
-21
-22
-22
-23
-25
-26
-27
-26
-27
-29
-28
-24
-23
-22
-18
-15
-11
-11
-8
-4
0
5
11
15
16
17
19
22
27
30
33
37
38
38
36
37
40
42
43
41
39
38
40
40
39
36
33
31
28
25
20
16
13
10
5
-1
-4
-8
-12
-15
-18
-19
-21
-26
-30
-30
-32
-37
-39
-38
-38
-43
-45
-45
-46
-45
-44
-40
-36
-36
-34
-33
-31
-30
-26
-24
-22
-19
-17
-16
-15
-13
-11
-10
-12
-12
-11
-12
-14
-14
-12
-12
-11
-10
-8
-8
-7
-4
0
3
5
7
10
12
16
19
23
30
29
29
32
38
44
45
47
48
48
49
51
54
55
56
57
58
56
54
54
54
53
51
49
48
48
44
40
38
35
31
27
23
19
14
10
6
2
-1
-7
-12
-18
-22
-26
-30
-32
-35
-38
-44
-47
-47
-48
-50
-52
-52
-54
-53
-52
-53
-53
-53
-51
-50
-47
-46
-46
-44
-43
-42
-40
-39
-37
-36
-35
-36
-36
-36
-32
-29
-27
-27
-27
-26
-23
-20
-15
-9
-5
-1
3
9
10
14
19
23
28
32
37
40
41
43
46
50
52
52
53
54
53
52
54
54
54
51
49
50
49
49
47
46
46
42
38
35
30
25
20
17
16
12
8
5
3
-1
-4
-5
-8
-10
-14
-21
-22
-22
-22
-24
-27
-29
-31
-31
-33
-37
-37
-38
-38
-40
-42
-41
-40
-38
-39
-39
-37
-38
-36
-35
-34
-30
-29
-29
-27
-28
-27
-26
-25
-23
-20
-21
-23
-23
-22
-20
-19
-16
-13
-12
-7
-1
2
4
8
14
17
21
24
29
32
35
38
41
43
45
46
48
49
49
51
52
51
51
51
51
50
48
46
43
43
42
39
37
35
32
29
27
26
20
18
18
17
15
10
4
1
-3
-5
-9
-11
-12
-15
-17
-20
-22
-27
-31
-31
-31
-32
-33
-33
-35
-37
-35
-36
-37
-39
-39
-39
-41
-44
-44
-44
-43
-44
-43
-43
-44
-43
-43
-42
-40
-41
-42
-40
-39
-38
-35
-32
-29
-26
-22
-17
-12
-9
-7
-5
-2
2
7
8
10
15
18
21
23
25
26
25
29
30
30
31
31
35
35
36
37
37
36
37
37
40
41
41
40
39
38
37
37
35
34
33
30
27
24
24
21
19
17
15
12
10
9
10
9
8
7
4
1
-1
-1
0
2
1
-1
-5
-7
-10
-9
-8
-9
-13
-16
-17
-17
-17
-17
-21
-22
-23
-27
-30
-30
-28
-27
-32
-32
-30
-31
-30
-27
-26
-25
-24
-24
-23
-21
-19
-17
-16
-14
-13
-14
-12
-8
-8
-6
-1
3
5
4
4
7
9
9
12
15
17
17
18
19
20
20
21
21
22
22
22
24
21
19
19
20
19
17
15
13
11
9
7
6
7
5
3
2
0
0
2
3
3
3
3
4
4
5
7
7
4
2
1
3
4
2
0
-3
-4
-7
-7
-9
-9
-10
-12
-14
-17
-17
-20
-22
-21
-20
-21
-21
-23
-22
-21
-23
-24
-23
-23
-23
-23
-21
-19
-19
-18
-17
-16
-15
-17
-18
-16
-13
-11
-7
-6
-4
-4
-2
-1
1
4
6
8
11
13
13
13
15
16
18
21
23
24
25
27
27
28
26
26
26
24
22
19
19
17
15
15
14
15
15
13
11
12
13
13
12
10
8
8
10
11
10
8
9
10
8
7
7
6
2
-1
1
-1
-3
-3
-2
-2
-2
-5
-7
-10
-10
-11
-11
-11
-12
-14
-15
-13
-12
-11
-11
-13
-15
-16
-17
-17
-14
-11
-10
-10
-11
-12
-11
-10
-10
-9
-8
-10
-11
-10
-10
-11
-9
-7
-6
-6
-8
-6
-6
-3
-2
0
2
1
1
4
4
4
5
5
6
6
4
3
4
3
4
4
2
1
0
-3
-2
-2
-3
-3
-1
-2
-4
-6
-7
-5
-3
0
3
5
4
4
4
5
6
7
9
10
9
9
9
9
8
6
6
4
3
2
4
6
6
5
3
2
3
2
2
3
3
3
1
2
1
0
1
1
2
3
4
4
4
4
2
0
0
-2
-4
-5
-5
-4
-2
0
2
1
-1
-2
-2
1
0
3
3
2
2
2
2
3
3
4
5
5
5
5
4
2
2
3
4
4
2
2
1
1
-1
-1
-3
-5
-5
-5
-3
-1
-1
1
1
0
0
0
1
1
0
1
-1
-3
-6
-8
-7
-5
-4
-3
-4
-4
-6
-7
-7
-7
-8
-9
-9
-4
-3
-2
-1
0
-1
-2
-3
-3
-3
-4
-5
-4
-4
-6
-7
-9
-9
-10
-9
-10
-12
-12
-12
-12
-9
-8
-8
-6
-4
-1
0
1
3
4
5
6
6
7
6
6
8
8
7
7
7
9
10
12
10
9
10
10
10
10
9
7
7
11
12
13
14
14
13
12
10
10
9
8
6
4
4
3
4
2
3
1
-1
-5
-5
-3
-3
-3
-4
-5
-6
-6
-5
-3
-4
-5
-7
-6
-7
-9
-10
-10
-10
-10
-11
-11
-9
-10
-10
-11
-10
-10
-13
-13
-13
-14
-12
-12
-11
-10
-10
-9
-7
-7
-8
-8
-7
-6
-3
-1
-1
0
7
9
9
12
12
13
13
12
13
14
14
14
13
13
14
14
12
12
11
12
11
11
10
