2
1
1
1
2
2
1
0
-1
-1
0
-1
0
1
-1
-1
-1
-3
-4
-6
-4
-4
-2
-1
0
-1
0
1
-2
0
0
-1
0
0
0
2
2
0
1
1
0
-1
-2
-2
-2
0
-1
0
-1
0
-1
-1
0
-1
0
1
1
2
1
2
1
1
1
0
-1
-1
-1
0
1
0
0
-1
-1
1
1
-1
-1
0
0
0
-1
-2
-3
-3
-2
-2
-1
0
0
0
0
-1
-1
-2
-2
-2
-3
-1
0
0
0
-2
-2
-1
-1
-2
-2
-1
-1
-1
0
-1
-2
-2
-2
-1
0
0
2
0
1
1
2
2
2
4
4
4
3
4
4
4
5
5
4
4
5
6
5
4
3
2
3
1
0
0
1
0
1
2
1
0
0
1
0
1
2
2
2
2
1
-1
-2
-2
-2
-2
-1
-1
0
0
0
0
-2
-2
-2
-3
-2
-2
-3
-3
-2
-2
-1
-2
-1
0
0
0
0
0
0
-1
-1
-2
-3
-2
-2
-1
-2
-3
-3
-3
-2
-3
-3
-2
-2
-1
-1
-2
-1
-2
-1
-1
1
1
1
1
1
1
2
2
2
3
2
2
2
2
2
3
2
2
2
2
2
1
1
1
0
0
0
0
1
1
0
0
1
0
-1
-1
-1
0
1
0
1
1
2
1
0
-1
0
0
-1
-1
1
0
-1
1
-1
-1
-2
-1
-2
-2
-1
-3
-2
-3
-4
-4
-3
-3
-3
-2
-2
-1
1
0
0
-1
0
0
0
2
2
2
1
1
1
0
-1
0
0
1
2
3
3
2
2
2
2
2
3
2
2
2
1
2
1
0
1
1
1
2
2
2
3
2
2
2
1
1
3
3
4
4
5
5
4
3
2
2
1
1
2
0
0
-1
-3
-4
-5
-6
-6
-6
-5
-4
-4
-6
-7
-8
-8
-8
-6
-6
-4
-3
-2
-2
-2
-3
-2
-2
-2
1
2
4
4
3
1
2
2
0
1
1
2
3
3
1
-1
-1
-1
-1
0
1
3
4
3
3
3
1
1
1
1
2
3
3
1
1
0
-2
-4
-4
-5
-4
-3
-2
-2
-3
-3
-5
-5
-4
-3
-3
-2
-1
-2
-1
0
0
1
3
4
5
6
7
6
5
3
3
3
3
4
4
3
4
4
2
3
2
3
1
2
3
2
2
2
2
2
1
1
0
0
1
0
0
-1
-1
-2
-2
-1
-2
-2
-3
-3
-5
-4
-5
-4
-3
-4
-4
-4
-4
-4
-5
-4
-3
-3
-2
1
1
1
0
1
0
-2
0
-1
0
2
2
3
2
2
3
3
4
4
5
4
4
2
3
3
1
0
-3
-4
-4
-3
-4
-5
-5
-6
-7
-6
-5
-4
-3
-3
-3
-3
-1
-1
-1
0
1
0
1
3
3
2
1
0
-1
-1
-2
-1
-2
-2
-1
-2
-1
-1
0
1
1
1
1
2
2
3
2
5
4
2
2
3
2
3
3
4
3
2
1
0
0
-1
-3
-5
-5
-3
-4
-4
-4
-4
-4
-3
-3
-2
-3
-2
0
-1
0
0
0
0
1
1
2
3
4
3
4
3
3
3
3
4
4
5
6
5
5
4
3
2
3
3
4
4
3
3
2
1
2
1
0
0
-1
-2
-2
-3
-3
-3
-2
-3
-2
-3
-4
-5
-5
-4
-4
-5
-5
-5
-6
-5
-4
-4
-4
-4
-6
-6
-5
-4
-5
-4
-1
0
2
3
2
3
5
6
6
7
6
7
7
8
6
6
7
6
5
3
3
2
2
2
1
1
-1
-1
-2
-3
-3
-4
-5
-3
-5
-6
-4
-5
-5
-6
-5
-5
-4
-5
-5
-5
-6
-5
-5
-5
-6
-5
-6
-5
-4
-5
-5
-4
-3
-3
-1
0
1
0
1
1
1
3
4
4
5
6
6
7
8
8
8
9
9
8
9
6
6
6
4
4
3
3
2
1
1
-1
-1
-3
-4
-6
-5
-5
-6
-6
-5
-5
-5
-5
-4
-2
-2
0
-1
0
2
2
1
1
0
2
1
3
3
4
5
4
3
3
2
3
3
4
4
4
2
1
-1
-1
1
-1
1
1
1
2
1
1
1
1
2
2
3
2
4
4
2
1
2
0
0
-1
-2
-2
-2
-2
-4
-3
-5
-6
-7
-5
-5
-5
-5
-6
-6
-6
-5
-4
-4
-3
-3
-3
-3
-2
-1
-2
-1
0
1
2
2
2
2
1
0
1
1
1
4
3
4
3
2
3
2
3
2
2
2
1
0
0
-1
-2
-2
-2
-2
-3
-4
-4
-4
-4
-2
-1
-2
-1
0
1
1
3
3
2
3
5
5
6
6
6
5
4
5
5
5
4
4
3
1
0
-4
-5
-5
-5
-5
-4
-4
-1
-3
-3
-4
-3
-4
-2
-2
0
2
4
5
5
6
6
7
8
8
6
6
5
3
4
3
2
0
0
-3
-3
-5
-7
-7
-8
-7
-7
-6
-4
-3
-4
-3
-2
-1
2
2
5
5
5
7
7
7
5
5
4
4
5
2
1
1
-1
-1
-1
-3
-5
-6
-6
-6
-7
-6
-5
-6
-4
-4
-4
-2
-2
-1
-1
0
1
3
3
4
5
3
4
5
3
3
4
2
2
2
1
-1
-1
-1
-2
-2
0
-1
-2
-3
-3
-2
-2
-1
-5
-3
-2
-1
0
2
1
2
2
2
2
1
0
-1
-2
-2
-3
-1
-1
-1
-1
-2
-3
-4
-6
-7
-8
-5
-4
-3
-2
-2
-2
-2
-1
-2
-2
-1
0
1
3
5
7
6
6
7
7
7
7
6
4
4
3
5
2
1
0
-3
-4
-5
-6
-7
-7
-7
-8
-7
-7
-8
-8
-9
-8
-6
-3
-1
-1
0
1
3
5
8
9
9
12
15
17
19
18
13
10
9
7
7
7
4
2
3
2
2
-1
-3
-6
-10
-12
-8
-6
-7
-5
-1
-1
3
4
2
5
6
4
10
11
9
9
10
7
7
7
2
3
4
0
-1
-4
-11
-14
-17
-18
-14
-9
-12
-12
-14
-21
-22
-18
-18
-15
-9
-7
-5
-1
-2
-4
-5
-6
-4
-2
0
5
2
-3
-5
-6
-9
-4
2
1
2
4
-1
-2
-1
-1
-3
1
7
9
10
10
12
10
8
13
14
12
17
19
14
13
10
7
9
10
8
11
11
4
2
4
-2
-6
-4
-6
-6
-4
-6
3
10
3
2
4
-5
-7
4
2
-1
7
3
0
8
1
-14
-18
-18
-27
-21
-3
-9
-18
-18
-29
-45
-42
-34
-32
-23
-8
-7
-10
-11
-20
-30
-26
-16
-4
10
22
26
15
6
4
-1
-2
12
31
37
47
53
36
18
16
10
11
34
46
44
50
49
30
18
13
4
4
19
29
33
30
24
10
-12
-9
6
4
5
18
12
-5
-2
-6
-25
-26
-18
-17
-9
2
-5
-25
-35
-41
-48
-47
-32
-23
-31
-22
-17
-37
-39
-28
-42
-47
-22
-20
-29
-12
-14
-33
-26
-20
-26
-12
-1
-7
3
10
0
0
3
-1
6
20
20
29
32
17
19
25
13
13
31
34
35
50
50
42
39
29
20
26
36
37
40
47
37
24
27
30
10
1
10
3
-1
9
2
-17
-21
-28
-36
-24
-17
-27
-15
-8
-25
-35
-35
-48
-60
-57
-51
-38
-25
-28
-23
-26
-51
-57
-45
-53
-48
-22
-24
-18
-2
-21
-43
-35
-27
-34
-11
17
18
13
17
13
2
-4
0
10
30
50
60
70
68
58
53
51
54
69
75
75
85
73
57
61
62
48
48
58
53
49
45
36
28
10
-8
-6
-7
-1
-5
-16
-11
-12
-43
-43
-21
-38
-56
-41
-49
-65
-53
-52
-66
-51
-49
-81
-61
-41
-71
-67
-41
-68
-83
-64
-79
-97
-68
-75
-86
-49
-45
-59
-36
-23
-31
-15
-8
-22
-8
10
13
45
48
37
51
64
65
81
94
84
98
97
91
112
106
83
93
110
96
98
111
101
91
91
81
82
78
56
58
72
66
56
45
27
11
0
-3
15
17
-17
-43
-54
-74
-92
-91
-109
-119
-112
-111
-110
-115
-114
-136
-164
-142
-138
-149
-126
-96
-118
-124
-89
-110
-140
-92
-83
-92
-55
-42
-55
-63
-55
-64
-61
-61
-49
-35
-31
-1
20
9
25
37
32
58
105
106
111
158
164
165
192
204
210
221
235
241
247
245
241
234
215
205
187
165
167
160
124
109
102
79
53
51
20
-8
-22
-40
-46
-60
-80
-106
-118
-122
-142
-140
-157
-153
-159
-197
-184
-169
-196
-221
-183
-190
-229
-189
-193
-199
-155
-166
-204
-168
-126
-167
-158
-90
-128
-160
-122
-120
-87
-83
-100
-84
-70
-84
-91
-48
-53
-47
-22
-7
45
60
23
57
122
89
106
186
182
193
254
264
284
318
293
295
353
358
344
384
389
377
379
369
367
361
322
286
298
245
180
174
141
87
49
6
-42
-86
-128
-184
-205
-215
-260
-301
-301
-306
-363
-379
-339
-373
-399
-356
-346
-331
-311
-279
-325
-273
-245
-278
-250
-159
-182
-225
-146
-156
-191
-207
-225
-194
-185
-228
-134
-139
-145
-132
-155
-160
-151
-99
-131
-21
45
14
58
132
120
129
179
212
238
267
326
376
416
383
416
417
432
472
499
526
571
571
530
571
568
524
497
509
485
425
414
395
338
293
234
168
111
25
-41
-94
-117
-179
-263
-302
-326
-403
-471
-445
-499
-545
-506
-537
-481
-451
-510
-491
-437
-458
-445
-340
-339
-343
-286
-273
-289
-225
-266
-324
-257
-256
-303
-274
-244
-313
-338
-279
-298
-254
-218
-156
-164
-134
-97
-116
-116
-17
-8
-19
124
121
121
198
243
205
291
354
358
437
479
449
494
524
502
574
619
609
663
703
668
696
697
590
611
609
548
560
562
479
411
341
253
189
126
82
31
-31
-85
-156
-258
-327
-384
-464
-492
-463
-512
-540
-520
-560
-594
-548
-559
-564
-504
-493
-481
-405
-400
-426
-343
-358
-348
-288
-275
-277
-250
-270
-282
-236
-290
-269
-229
-244
-242
-194
-217
-194
-152
-212
-161
-104
-119
-73
-7
-45
16
51
5
103
166
120
169
268
219
272
391
394
445
474
471
491
518
513
533
607
619
662
721
737
736
680
617
610
608
556
563
572
474
400
327
230
167
59
-8
-34
-69
-108
-151
-200
-314
-385
-455
-481
-440
-465
-473
-433
-418
-476
-480
-469
-499
-486
-447
-393
-344
-333
-347
-326
-347
-315
-346
-315
-230
-253
-248
-236
-186
-291
-302
-255
-308
-278
-286
-247
-236
-233
-258
-300
-219
-269
-291
-210
-194
-157
-141
-103
-54
-55
-76
-10
75
97
131
195
237
274
272
355
458
431
457
494
541
550
573
615
635
705
675
713
827
758
689
654
632
574
563
571
525
513
371
287
281
161
60
22
-1
-55
-101
-126
-171
-224
-326
-383
-379
-364
-378
-390
-327
-308
-364
-379
-333
-339
-372
-326
-281
-262
-245
-272
-304
-265
-317
-356
-259
-258
-341
-341
-282
-376
-344
-368
-440
-388
-397
-473
-423
-344
-426
-438
-388
-331
-358
-352
-322
-291
-272
-245
-173
-121
-59
-61
-22
63
80
80
112
203
190
251
328
423
530
517
496
551
583
513
593
710
735
765
824
852
865
799
721
702
678
644
621
664
644
538
427
359
287
151
66
67
42
-20
-66
-88
-160
-267
-353
-380
-326
-353
-377
-306
-308
-335
-366
-367
-349
-373
-386
-333
-244
-264
-286
-296
-319
-345
-429
-406
-360
-414
-463
-472
-453
-532
-580
-562
-592
-577
-616
-658
-532
-567
-600
-545
-446
-528
-464
-341
-436
-301
-288
-288
-184
-56
-61
-20
148
159
150
272
271
325
379
401
533
633
693
665
694
702
668
687
716
795
825
834
899
902
884
798
749
716
662
635
633
693
620
539
498
382
284
186
140
111
91
52
-16
0
-102
-262
-297
-315
-358
-360
-292
-297
-305
-306
-361
-366
-395
-437
-449
-393
-357
-409
-350
-375
-458
-498
-531
-535
-561
-566
-623
-609
-583
-709
-680
-657
-730
-781
-677
-651
-693
-559
-591
-541
-466
-413
-367
-265
-184
-181
-125
68
40
76
218
238
303
289
397
376
380
415
400
453
486
531
605
657
638
574
577
551
545
624
640
737
780
770
785
796
729
607
614
608
588
605
668
624
529
457
307
252
200
139
131
140
119
10
-43
-121
-261
-358
-401
-368
-393
-386
-386
-447
-449
-531
-584
-566
-618
-639
-621
-561
-524
-574
-569
-587
-618
-616
-624
-566
-563
-567
-582
-521
-503
-539
-484
-502
-441
-443
-431
-303
-306
-256
-228
-174
-87
-131
-94
-20
28
13
31
156
173
189
231
241
269
190
259
225
287
341
292
387
453
510
493
519
525
472
472
542
642
695
704
771
773
784
748
726
708
630
656
628
685
699
567
491
387
311
184
113
127
75
13
-40
-53
-195
-352
-389
-476
-472
-467
-474
-437
-472
-517
-575
-556
-553
-595
-584
-516
-466
-489
-434
-389
-409
-433
-461
-377
-334
-314
-300
-290
-289
-321
-357
-281
-277
-343
-323
-312
-324
-372
-350
-382
-333
-320
-345
-290
-180
-258
-292
-150
-128
-145
-60
38
78
135
84
146
209
165
189
301
330
399
543
574
599
565
474
487
587
607
660
773
798
771
794
790
738
645
541
569
621
610
599
584
460
286
203
154
104
67
29
31
37
-51
-158
-236
-339
-441
-458
-375
-315
-343
-394
-414
-409
-475
-498
-429
-419
-408
-353
-290
-239
-273
-331
-324
-274
-267
-228
-178
-168
-209
-268
-265
-275
-335
-396
-359
-313
-361
-429
-392
-453
-533
-510
-507
-436
-430
-438
-415
-346
-351
-339
-259
-183
-123
-106
-32
48
74
94
150
180
240
294
370
555
663
600
566
614
567
542
656
771
803
832
838
881
909
773
691
683
656
636
673
711
669
528
356
296
276
143
83
143
131
33
-43
-45
-149
-331
-379
-343
-293
-299
-320
-298
-338
-420
-456
-421
-371
-391
-396
-320
-252
-288
-347
-327
-328
-362
-369
-275
-222
-304
-330
-316
-328
-388
-419
-397
-392
-422
-468
-478
-493
-551
-610
-619
-540
-487
-550
-500
-419
-434
-480
-411
-319
-301
-181
-132
-53
7
-14
34
165
177
193
263
394
557
642
611
591
660
553
564
771
874
831
878
955
1003
980
864
790
756
734
704
773
843
703
522
411
369
284
148
151
188
108
23
9
-13
-179
-346
-395
-359
-311
-356
-326
-273
-349
-473
-468
-373
-371
-423
-389
-277
-249
-326
-323
-279
-335
-390
-335
-226
-197
-285
-367
-334
-338
-452
-503
-421
-434
-568
-592
-516
-549
-670
-728
-655
-558
-590
-629
-519
-471
-581
-597
-427
-308
-330
-300
-153
-52
-66
-57
40
150
141
159
460
735
695
591
690
760
666
693
910
1052
1034
1006
1143
1281
1127
914
880
929
852
792
926
995
772
460
379
410
214
49
140
194
47
-112
-104
-129
-356
-576
-539
-378
-358
-430
-365
-281
-409
-553
-445
-254
-287
-371
-228
-71
-141
-259
-195
-134
-233
-289
-169
-40
-142
-326
-338
-308
-426
-586
-540
-432
-549
-718
-707
-677
-820
-976
-892
-717
-782
-819
-708
-616
-725
-788
-625
-468
-410
-396
-280
-71
4
-29
78
205
210
168
495
865
837
682
721
823
771
792
994
1129
1064
1007
1152
1336
1219
978
889
932
879
800
901
967
723
357
280
361
189
-15
35
91
-57
-213
-192
-201
-409
-608
-559
-365
-331
-416
-366
-279
-364
-463
-325
-94
-109
-218
-111
42
-19
-154
-89
22
-61
-128
-27
62
-59
-281
-346
-347
-451
-569
-538
-463
-599
-831
-908
-861
-931
-1050
-975
-814
-823
-850
-765
-704
-785
-862
-718
-462
-362
-323
-206
-126
-97
-69
31
159
213
349
624
814
769
681
764
848
906
1064
1239
1310
1250
1237
1386
1438
1302
1135
1104
1112
1051
1032
1039
856
475
204
192
166
8
-74
-103
-230
-436
-546
-529
-589
-733
-778
-639
-505
-559
-601
-519
-465
-500
-438
-186
-39
-107
-130
18
104
-3
-9
110
141
82
78
160
121
-116
-300
-317
-301
-425
-566
-536
-565
-805
-1032
-1014
-918
-1024
-1099
-949
-820
-919
-1021
-917
-837
-881
-824
-598
-332
-249
-275
-197
-82
-41
-24
187
604
806
720
728
894
914
834
1039
1391
1460
1361
1386
1534
1564
1378
1238
1241
1242
1139
1095
1170
1071
675
308
244
254
32
-150
-126
-187
-429
-608
-617
-709
-941
-1019
-827
-611
-627
-733
-707
-620
-582
-521
-279
-44
-78
-162
-11
229
222
138
246
342
274
215
310
354
143
-104
-155
-114
-214
-418
-509
-558
-780
-1029
-1040
-938
-1014
-1207
-1197
-1054
-1083
-1226
-1179
-1008
-1000
-1029
-838
-566
-422
-433
-356
-150
-38
26
380
860
948
785
846
1094
1213
1239
1452
1735
1761
1644
1750
1988
1896
1535
1362
1444
1481
1303
1201
1200
909
389
122
211
105
-276
-445
-404
-553
-895
-1052
-1035
-1191
-1429
-1404
-1098
-956
-1134
-1210
-1025
-835
-767
-590
-225
-54
-208
-204
153
393
305
298
564
696
566
531
630
514
168
21
156
164
-116
-387
-460
-592
-917
-1153
-1141
-1110
-1253
-1335
-1206
-1176
-1397
-1568
-1428
-1163
-1084
-988
-659
-425
-502
-513
-227
-5
128
570
1050
1141
1023
1064
1229
1333
1515
1742
1945
2027
1945
1919
2013
1987
1726
1521
1628
1656
1427
1274
1227
887
284
91
208
30
-293
-376
-413
-755
-1133
-1238
-1242
-1332
-1474
-1453
-1241
-1184
-1425
-1507
-1159
-887
-982
-860
-381
-227
-455
-344
140
275
93
254
660
724
472
409
608
574
231
81
303
339
-130
-508
-444
-478
-987
-1331
-1014
-851
-1334
-1640
-1369
-1271
-1685
-1824
-1381
-1029
-1100
-1130
-702
-317
-465
-532
230
1031
936
634
1073
1663
1605
1523
2057
2526
2264
1949
2369
2907
2597
1928
1861
2192
2031
1530
1521
1728
1211
273
154
599
284
-497
-597
-330
-733
-1424
-1453
-1213
-1462
-1921
-1864
-1413
-1373
-1817
-1919
-1398
-1099
-1410
-1383
-700
-453
-902
-841
-79
168
-179
-13
614
696
324
351
713
712
377
284
506
491
41
-298
-198
-173
-675
-1059
-785
-631
-1190
-1598
-1350
-1318
-1801
-1851
-1331
-1136
-1419
-1413
-968
-680
-658
-349
272
568
427
535
1130
1545
1519
1671
2230
2581
2406
2385
2846
2971
2454
2151
2486
2676
2295
2017
2091
1859
1089
586
787
835
316
-120
-109
-253
-920
-1392
-1308
-1277
-1632
-1873
-1618
-1472
-1824
-2107
-1856
-1451
-1504
-1652
-1286
-834
-948
-1177
-773
-285
-377
-453
12
432
273
35
228
433
282
103
249
455
294
-71
-269
-308
-489
-831
-846
-567
-694
-1217
-1424
-1298
-1451
-1726
-1555
-1203
-1174
-1255
-1075
-774
-612
-395
-144
23
244
577
931
1239
1511
1663
1775
2088
2414
2588
2701
2702
2562
2407
2507
2660
2570
2396
2225
1921
1485
1270
1266
1005
631
447
292
-25
-433
-730
-983
-1273
-1475
-1538
-1454
-1491
-1775
-1962
-1852
-1713
-1797
-1787
-1460
-1257
-1316
-1237
-866
-602
-668
-608
-265
-10
-12
-45
111
181
10
-97
47
206
-19
-388
-452
-439
-662
-937
-864
-724
-1014
-1419
-1484
-1305
-1343
-1543
-1437
-1121
-981
-1015
-791
-210
-31
-293
-306
259
881
1040
1213
1622
1847
1778
1848
2369
2753
2554
2275
2371
2672
2574
2272
2271
2302
2021
1573
1518
1677
1324
743
558
689
500
-11
-252
-347
-669
-1101
-1206
-949
-966
-1353
-1568
-1395
-1306
-1600
-1775
-1534
-1288
-1337
-1354
-1004
-772
-995
-1095
-739
-366
-358
-406
-198
-45
-195
-379
-254
-41
-191
-428
-366
-245
-428
-795
-875
-778
-927
-1192
-1199
-1032
-1159
-1444
-1375
-1087
-894
-896
-668
-216
-129
-370
-320
215
635
689
932
1403
1666
1612
1659
2052
2223
2057
1980
2189
2409
2289
2066
2014
1990
1728
1381
1446
1600
1309
868
722
700
388
23
-28
-49
-305
-580
-614
-599
-802
-1041
-1103
-1040
-1019
-1155
-1255
-1162
-1086
-1152
-1126
-867
-776
-923
-874
-644
-546
-633
-609
-465
-501
-563
-481
-419
-535
-665
-617
-581
-614
-680
-760
-801
-882
-1007
-1037
-930
-888
-1036
-1048
-812
-560
-458
-272
-37
-53
-187
5
480
757
796
931
1167
1325
1382
1504
1708
1744
1614
1546
1695
1786
1602
1394
1364
1376
1175
954
977
970
739
507
536
564
314
34
-24
6
-102
-258
-256
-231
-355
-549
-608
-557
-609
-745
-791
-690
-645
-752
-790
-685
-636
-710
-715
-577
-516
-586
-604
-537
-531
-626
-657
-625
-665
-753
-801
-787
-765
-799
-884
-981
-1037
-1062
-1058
-943
-806
-783
-794
-646
-321
-60
131
241
269
319
556
963
1284
1420
1479
1532
1629
1792
1946
1981
1868
1761
1680
1631
1579
1440
1199
961
790
611
410
279
161
-23
-197
-281
-378
-554
-718
-774
-767
-734
-671
-630
-640
-677
-709
-694
-609
-487
-440
-427
-365
-307
-310
-316
-255
-208
-232
-252
-242
-257
-313
-354
-388
-456
-539
-634
-732
-809
-871
-932
-992
-1028
-1065
-1140
-1200
-1218
-1192
-1149
-1042
-897
-760
-604
-324
0
273
413
474
562
807
1216
1619
1881
1995
2028
2060
2145
2305
2441
2396
2223
2045
1945
1850
1708
1500
1229
954
680
435
245
64
-173
-446
-655
-814
-989
-1194
-1347
-1416
-1457
-1464
-1417
-1376
-1390
-1414
-1370
-1269
-1135
-991
-878
-754
-612
-472
-337
-196
-73
-4
44
102
163
178
159
140
77
-36
-133
-232
-365
-489
-569
-677
-848
-1022
-1156
-1289
-1392
-1415
-1399
-1355
-1318
-1216
-1014
-647
-282
-8
168
294
443
735
1236
1795
2150
2294
2397
2540
2698
2850
3012
3028
2860
2643
2485
2391
2247
1979
1647
1359
1096
751
417
172
-71
-390
-674
-871
-1085
-1382
-1643
-1745
-1764
-1776
-1783
-1799
-1824
-1872
-1883
-1800
-1619
-1433
-1353
-1266
-1115
-967
-832
-658
-429
-325
-311
-250
-121
-10
17
22
8
-57
-121
-164
-178
-220
-324
-481
-625
-725
-841
-991
-1100
-1189
-1252
-1279
-1228
-1100
-919
-603
-315
-82
-12
72
256
626
1142
1650
2036
2217
2308
2450
2697
3001
3228
3233
3104
2941
2846
2751
2636
2442
2122
1772
1444
1151
858
536
215
-102
-395
-672
-939
-1242
-1564
-1790
-1874
-1880
-1900
-1972
-2099
-2221
-2252
-2195
-2003
-1786
-1635
-1558
-1497
-1353
-1152
-912
-676
-505
-392
-345
-231
-97
-13
20
6
-37
-97
-102
-98
-160
-308
-511
-684
-803
-884
-956
-1071
-1188
-1290
-1330
-1250
-1010
-612
-349
-196
-178
-135
15
396
975
1506
1896
2098
2195
2326
2568
2882
3141
3206
3137
3027
2957
2882
2776
2594
2314
2020
1736
1465
1216
919
539
162
-103
-333
-589
-904
-1223
-1525
-1739
-1815
-1823
-1849
-1984
-2149
-2262
-2322
-2241
-2097
-1942
-1833
-1755
-1646
-1521
-1317
-1102
-936
-756
-590
-404
-253
-125
-43
-65
-118
-128
-33
63
85
25
-152
-382
-572
-676
-726
-791
-886
-1046
-1174
-1188
-1022
-694
-430
-280
-335
-356
-234
140
674
1168
1560
1754
1874
2046
2334
2674
2928
3040
3044
2991
3002
2991
2934
2772
2527
2254
1999
1787
1563
1271
911
536
217
-69
-351
-683
-1040
-1369
-1601
-1744
-1854
-1953
-2090
-2280
-2449
-2516
-2468
-2379
-2277
-2178
-2100
-2014
-1914
-1729
-1500
-1275
-1053
-833
-605
-429
-295
-207
-145
-74
10
135
247
289
216
74
-56
-164
-228
-277
-349
-459
-625
-739
-751
-534
-282
-79
-91
-202
-225
-61
294
731
1157
1451
1602
1714
1887
2141
2404
2536
2600
2666
2776
2831
2807
2702
2523
2277
2042
1934
1891
1736
1422
1059
746
458
192
-73
-352
-676
-1030
-1331
-1534
-1695
-1893
-2129
-2319
-2476
-2604
-2694
-2704
-2651
-2624
-2600
-2532
-2415
-2294
-2169
-1982
-1727
-1437
-1169
-946
-773
-658
-561
-427
-223
11
185
268
255
218
191
199
237
228
187
101
33
-18
88
272
434
439
339
267
316
516
802
1130
1402
1558
1634
1715
1863
2044
2161
2229
2300
2415
2491
2506
2461
2320
2110
1892
1785
1767
1732
1580
1314
1023
752
530
335
152
-64
-348
-668
-957
-1204
-1412
-1616
-1798
-1975
-2162
-2354
-2535
-2659
-2719
-2727
-2707
-2678
-2648
-2653
-2651
-2576
-2356
-2071
-1805
-1591
-1450
-1353
-1256
-1094
-849
-588
-361
-224
-151
-103
-47
28
102
213
322
423
485
615
778
927
962
931
923
1019
1215
1430
1626
1790
1893
1937
1978
2082
2215
2250
2197
2143
2173
2234
2269
2258
2161
1990
1756
1556
1478
1505
1501
1361
1143
935
739
533
345
204
33
-217
-476
-704
-919
-1155
-1356
-1541
-1724
-1927
-2143
-2329
-2467
-2549
-2609
-2639
-2649
-2696
-2769
-2809
-2722
-2538
-2350
-2188
-2045
-1920
-1814
-1674
-1475
-1268
-1081
-938
-808
-662
-516
-411
-333
-224
-36
200
468
757
969
1046
982
968
1111
1397
1694
1906
2046
2134
2184
2223
2310
2439
2517
2464
2346
2264
2235
2202
2159
2124
2044
1885
1663
1457
1334
1286
1255
1175
1056
894
716
533
379
245
88
-112
-319
-497
-657
-825
-997
-1196
-1433
-1666
-1832
-1937
-2030
-2127
-2243
-2364
-2483
-2565
-2589
-2560
-2488
-2427
-2400
-2384
-2317
-2175
-2000
-1813
-1651
-1540
-1487
-1426
-1263
-1023
-777
-628
-534
-441
-281
-47
291
679
970
1050
964
946
1108
1407
1703
1934
2098
2183
2204
2231
2306
2393
2385
2283
2193
2176
2191
2144
2059
1947
1807
1623
1445
1342
1308
1296
1236
1124
984
842
705
585
487
384
215
6
-187
-329
-446
-574
-734
-957
-1214
-1436
-1578
-1669
-1755
-1848
-1974
-2119
-2262
-2354
-2390
-2379
-2352
-2350
-2385
-2413
-2367
-2256
-2108
-1946
-1814
-1745
-1706
-1601
-1388
-1131
-928
-794
-669
-468
-175
217
647
980
1115
1072
1060
1207
1519
1843
2074
2210
2258
2279
2310
2372
2420
2365
2211
2056
1991
2002
1968
1858
1684
1468
1246
1057
957
939
955
932
811
651
494
392
330
294
264
168
-3
-194
-326
-384
-421
-489
-647
-878
-1112
-1271
-1357
-1419
-1498
-1621
-1783
-1953
-2071
-2120
-2131
-2150
-2202
-2276
-2332
-2318
-2246
-2149
-2052
-1984
-1943
-1901
-1785
-1589
-1369
-1198
-1079
-944
-713
-354
115
609
995
1201
1226
1259
1428
1774
2164
2470
2666
2744
2760
2761
2791
2829
2786
2635
2422
2251
2155
2056
1907
1700
1460
1218
970
761
616
533
485
412
328
220
100
-35
-170
-265
-329
-391
-459
-529
-582
-640
-703
-814
-970
-1112
-1199
-1234
-1274
-1348
-1456
-1612
-1777
-1875
-1894
-1870
-1895
-1996
-2130
-2253
-2286
-2231
-2124
-2046
-2039
-2077
-2127
-2080
-1919
-1696
-1496
-1378
-1272
-1101
-783
-329
216
701
1029
1155
1230
1394
1725
2145
2536
2859
3075
3197
3243
3253
3253
3209
3100
2971
2867
2789
2647
2415
2127
1827
1581
1361
1159
961
759
584
407
274
181
98
-17
-197
-387
-571
-724
-821
-868
-869
-882
-932
-1061
-1254
-1425
-1506
-1506
-1486
-1491
-1543
-1669
-1838
-1965
-1996
-1953
-1914
-1947
-2055
-2203
-2307
-2321
-2262
-2172
-2125
-2148
-2228
-2286
-2242
-2115
-1946
-1792
-1636
-1427
-1132
-716
-225
228
580
790
989
1245
1605
2019
2410
2767
3054
3282
3442
3537
3579
3542
3439
3333
3265
3242
3169
2995
2726
2401
2107
1865
1676
1513
1331
1153
936
728
561
430
307
121
-97
-327
-544
-718
-849
-916
-961
-1025
-1158
-1372
-1578
-1707
-1760
-1771
-1780
-1808
-1889
-2017
-2121
-2157
-2125
-2091
-2101
-2156
-2247
-2314
-2329
-2294
-2233
-2184
-2176
-2216
-2263
-2255
-2183
-2088
-1990
-1874
-1685
-1395
-1025
-564
-151
199
382
532
753
1095
1529
1928
2302
2607
2853
3047
3180
3270
3295
3258
3210
3182
3214
3213
3123
2919
2659
2418
2231
2078
1939
1780
1626
1462
1287
1138
1014
890
692
430
172
-63
-254
-408
-513
-603
-731
-912
-1146
-1386
-1555
-1642
-1680
-1722
-1793
-1894
-2040
-2158
-2204
-2177
-2121
-2110
-2157
-2265
-2360
-2384
-2334
-2246
-2177
-2146
-2176
-2256
-2304
-2278
-2180
-2081
-1982
-1860
-1646
-1362
-987
-590
-214
60
213
363
584
929
1321
1714
2094
2425
2670
2798
2843
2876
2878
2892
2907
2964
3013
2972
2825
2605
2401
2239
2107
1993
1883
1782
1673
1525
1400
1315
1252
1115
886
623
370
147
-24
-132
-193
-299
-495
-768
-1051
-1269
-1401
-1469
-1520
-1591
-1701
-1867
-2018
-2097
-2094
-2042
-2015
-2024
-2085
-2181
-2243
-2242
-2156
-2070
-2020
-2029
-2089
-2143
-2176
-2135
-2071
-1985
-1881
-1738
-1516
-1233
-854
-489
-173
4
144
328
594
938
1300
1691
2049
2315
2480
2558
2620
2645
2633
2632
2651
2711
2705
2630
2486
2311
2133
1970
1827
1716
1620
1548
1470
1398
1342
1285
1186
1010
777
542
339
183
83
5
-86
-245
-472
-730
-980
-1151
-1266
-1339
-1424
-1529
-1643
-1789
-1898
-1949
-1933
-1901
-1917
-1950
-2023
-2087
-2100
-2038
-1939
-1894
-1890
-1929
-1987
-2011
-1990
-1905
-1835
-1770
-1682
-1538
-1310
-1017
-642
-292
-15
112
198
351
619
964
1313
1677
1993
2203
2290
2314
2370
2406
2405
2392
2409
2464
2443
2360
2221
2088
1935
1776
1641
1546
1486
1431
1379
1345
1318
1266
1131
927
694
498
340
214
134
48
-78
-298
-562
-808
-1017
-1163
-1286
-1382
-1494
-1623
-1740
-1853
-1905
-1914
-1895
-1886
-1917
-1942
-1974
-1966
-1909
-1809
-1709
-1679
-1686
-1722
-1747
-1741
-1675
-1569
-1490
-1442
-1388
-1279
-1079
-825
-495
-190
81
196
242
320
538
879
1215
1532
1791
1978
2052
2056
2098
2181
2234
2225
2193
2220
2244
2219
2123
2023
1907
1770
1612
1512
1488
1499
1494
1452
1398
1315
1156
932
692
515
385
257
133
-8
-162
-389
-650
-889
-1097
-1246
-1394
-1527
-1664
-1785
-1866
-1952
-1999
-2014
-1986
-1966
-1986
-1984
-1960
-1893
-1818
-1718
-1608
-1553
-1534
-1550
-1534
-1496
-1417
-1313
-1229
-1184
-1124
-1025
-842
-626
-323
-25
233
353
386
452
621
906
1199
1469
1697
1861
1935
1942
1959
2020
2048
2024
1966
1966
1985
1980
1916
1829
1715
1580
1445
1347
1333
1361
1397
1380
1315
1223
1079
901
690
527
414
287
148
-20
-182
-367
-594
-804
-1012
-1169
-1324
-1480
-1623
-1748
-1807
-1863
-1929
-1978
-1998
-1985
-1995
-1987
-1929
-1849
-1770
-1721
-1656
-1597
-1553
-1510
-1462
-1385
-1277
-1172
-1098
-1065
-986
-864
-683
-468
-195
115
363
514
561
624
746
956
1204
1448
1662
1826
1909
1937
1947
1984
2006
1965
1899
1860
1877
1891
1856
1776
1659
1499
1342
1212
1184
1206
1252
1237
1146
1023
873
709
537
392
297
180
16
-164
-341
-498
-679
-845
-1001
-1167
-1324
-1487
-1608
-1702
-1747
-1763
-1818
-1885
-1942
-1948
-1926
-1893
-1807
-1712
-1636
-1604
-1584
-1530
-1465
-1377
-1276
-1170
-1066
-985
-935
-893
-843
-716
-555
-331
-95
180
428
612
713
762
835
970
1167
1388
1591
1767
1909
1978
2001
1994
2006
1977
1909
1842
1837
1875
1883
1828
1711
1531
1332
1165
1073
1063
1080
1068
962
790
611
448
304
155
23
-102
-255
-435
-610
-758
-887
-1027
-1155
-1298
-1439
-1570
-1674
-1743
-1784
-1787
-1793
-1837
-1892
-1914
-1878
-1809
-1722
-1619
-1541
-1496
-1473
-1426
-1344
-1235
-1104
-977
-878
-798
-732
-661
-606
-518
-379
-192
32
269
528
749
921
988
1011
1049
1163
1342
1529
1716
1906
2056
2108
2063
2004
1962
1903
1826
1790
1839
1898
1884
1771
1596
1387
1197
1047
979
972
970
901
742
560
395
237
61
-130
-291
-435
-597
-763
-910
-1023
-1148
-1297
-1450
-1604
-1723
-1812
-1865
-1896
-1900
-1887
-1910
-1967
-2000
-1966
-1885
-1807
-1708
-1603
-1529
-1486
-1436
-1336
-1212
-1069
-926
-814
-724
-642
-541
-439
-346
-222
-82
104
302
546
811
1061
1234
1284
1278
1295
1394
1549
1735
1954
2171
2300
2303
2224
2150
2073
1981
1902
1896
1956
1985
1917
1755
1543
1315
1111
955
875
839
794
682
515
341
169
-21
-242
-455
-621
-760
-907
-1039
-1146
-1242
-1380
-1545
-1704
-1836
-1922
-1969
-1979
-1974
-1966
-1970
-2003
-2037
-2025
-1955
-1861
-1779
-1694
-1619
-1555
-1491
-1397
-1270
-1138
-1014
-913
-830
-739
-617
-489
-372
-276
-153
-26
151
371
664
955
1199
1331
1352
1330
1362
1500
1709
1952
2194
2398
2494
2482
2409
2350
2271
2176
2098
2097
2150
2168
2094
1917
1664
1384
1114
912
804
755
707
585
410
199
-36
-294
-557
-771
-930
-1060
-1175
-1279
-1364
-1466
-1610
-1770
-1921
-2015
-2054
-2036
-1991
-1943
-1905
-1901
-1937
-1965
-1928
-1833
-1729
-1637
-1543
-1460
-1396
-1327
-1216
-1090
-985
-909
-841
-772
-672
-533
-386
-278
-214
-155
-79
77
310
627
935
1192
1311
1308
1256
1279
1429
1648
1904
2162
2395
2530
2556
2527
2478
2383
2251
2135
2115
2175
2239
2218
2066
1796
1452
1108
833
683
634
611
516
336
98
-182
-481
-768
-999
-1160
-1289
-1395
-1481
-1545
-1615
-1737
-1883
-2033
-2134
-2167
-2130
-2033
-1929
-1839
-1801
-1816
-1835
-1815
-1731
-1618
-1498
-1375
-1271
-1183
-1108
-1003
-895
-806
-733
-677
-601
-506
-364
-222
-122
-86
-85
-75
13
200
507
842
1148
1315
1325
1262
1235
1327
1504
1752
2030
2298
2490
2581
2595
2565
2461
2297
2122
2048
2090
2173
2209
2110
1874
1509
1099
742
519
432
407
352
217
3
-266
-569
-869
-1128
-1313
-1445
-1550
-1619
-1641
-1648
-1707
-1825
-1965
-2091
-2164
-2163
-2073
-1928
-1794
-1700
-1676
-1699
-1710
-1662
-1552
-1423
-1281
-1135
-1021
-937
-861
-763
-669
-595
-533
-471
-379
-261
-130
-41
-6
-14
-33
-17
101
342
690
1021
1282
1385
1368
1298
1291
1409
1617
1892
2180
2441
2622
2695
2681
2586
2405
2194
2029
1996
2048
2110
2073
1895
1564
1141
724
390
188
93
50
-19
-165
-377
-639
-920
-1204
-1451
-1627
-1737
-1777
-1762
-1715
-1686
-1728
-1824
-1961
-2081
-2136
-2093
-1963
-1810
-1664
-1566
-1530
-1528
-1520
-1455
-1352
-1220
-1075
-941
-828
-729
-620
-514
-428
-362
-306
-249
-179
-80
22
93
100
71
32
45
169
425
768
1088
1326
1418
1401
1347
1363
1484
1689
1956
2253
2525
2720
2795
2781
2663
2455
2219
2029
1961
1965
1974
1897
1693
1373
962
543
181
-74
-221
-314
-403
-520
-668
-870
-1138
-1436
-1699
-1867
-1940
-1926
-1853
-1772
-1727
-1762
-1841
-1945
-2025
-2054
-2030
-1946
-1819
-1654
-1496
-1379
-1303
-1257
-1201
-1143
-1055
-940
-803
-654
-521
-396
-293
-208
-143
-104
-62
-15
57
112
127
112
66
32
28
138
344
645
949
1215
1374
1418
1393
1390
1466
1629
1855
2127
2401
2624
2763
2790
2735
2558
2315
2048
1853
1753
1695
1640
1508
1292
952
543
136
-204
-429
-573
-664
-756
-870
-1016
-1213
-1432
-1646
-1799
-1883
-1927
-1918
-1875
-1793
-1743
-1737
-1769
-1832
-1895
-1942
-1927
-1827
-1656
-1443
-1257
-1113
-1015
-940
-869
-795
-698
-593
-473
-358
-246
-138
-23
87
168
200
195
160
128
85
57
40
38
50
75
174
342
593
844
1089
1258
1332
1341
1360
1460
1624
1831
2058
2282
2477
2605
2647
2609
2456
2224
1927
1659
1466
1357
1285
1167
977
689
355
7
-314
-577
-780
-919
-1034
-1129
-1215
-1297
-1392
-1529
-1680
-1831
-1930
-1960
-1927
-1842
-1759
-1687
-1674
-1701
-1746
-1763
-1721
-1622
-1468
-1273
-1053
-836
-651
-501
-388
-314
-280
-258
-202
-91
62
223
363
454
471
419
319
216
130
50
-21
-80
-103
-94
-50
47
192
397
602
803
944
1035
1097
1168
1282
1423
1589
1778
1978
2172
2324
2414
2415
2283
2034
1715
1428
1212
1071
979
890
764
555
289
-3
-297
-570
-821
-1013
-1150
-1225
-1254
-1273
-1313
-1406
-1547
-1715
-1862
-1947
-1957
-1899
-1807
-1709
-1627
-1576
-1544
-1515
-1464
-1373
-1229
-1033
-792
-529
-278
-67
80
173
221
260
315
405
514
611
671
696
686
635
542
411
269
116
-28
-159
-256
-311
-326
-288
-198
-52
134
338
547
710
824
880
928
999
1099
1248
1446
1700
1961
2151
2223
2167
2005
1749
1443
1160
949
833
769
722
647
515
312
44
-280
-614
-918
-1137
-1261
-1315
-1324
-1329
-1356
-1445
-1592
-1761
-1909
-2002
-2032
-1994
-1897
-1762
-1606
-1454
-1310
-1177
-1051
-929
-789
-607
-379
-124
133
371
574
727
825
876
897
900
888
861
824
782
731
650
537
396
236
56
-137
-321
-476
-586
-657
-675
-630
-508
-316
-95
147
350
498
559
591
630
721
866
1062
1304
1571
1811
1968
1999
1905
1711
1456
1197
978
842
773
743
700
610
444
211
-82
-402
-729
-1009
-1214
-1333
-1390
-1417
-1446
-1497
-1580
-1687
-1793
-1882
-1932
-1929
-1865
-1733
-1551
-1334
-1107
-884
-680
-503
-340
-174
13
219
431
641
839
1018
1158
1245
1270
1233
1142
1017
882
750
634
523
405
268
116
-49
-222
-413
-607
-793
-945
-1033
-1029
-926
-738
-505
-245
-6
194
315
382
423
488
596
757
963
1204
1449
1672
1836
1906
1867
1714
1494
1251
1042
875
761
676
598
493
344
151
-80
-353
-655
-954
-1216
-1405
-1520
-1571
-1577
-1562
-1549
-1555
-1589
-1640
-1683
-1683
-1609
-1452
-1222
-955
-677
-418
-195
-16
130
262
402
553
717
880
1025
1130
1178
1161
1087
971
832
685
538
394
256
127
-3
-142
-296
-453
-597
-720
-824
-904
-958
-981
-965
-903
-788
-612
-384
-138
98
279
392
447
469
494
554
678
865
1097
1340
1547
1671
1676
1562
1358
1118
894
716
603
535
486
419
316
173
-8
-216
-436
-650
-840
-993
-1101
-1169
-1206
-1220
-1210
-1171
-1099
-1001
-889
-774
-658
-547
-440
-330
-205
-64
87
231
358
472
572
658
722
755
745
688
594
476
355
245
151
71
-6
-92
-192
-319
-465
-610
-730
-815
-860
-869
-852
-826
-808
-796
-785
-775
-760
-720
-637
-491
-283
-28
229
450
598
669
674
648
636
670
764
919
1102
1277
1396
1424
1346
1174
955
739
566
440
353
280
202
105
-7
-121
-219
-302
-370
-426
-474
-521
-571
-617
-644
-625
-550
-415
-234
-34
151
291
364
372
336
285
250
250
292
358
417
443
425
362
253
111
-57
-235
-416
-577
-704
-796
-858
-904
-947
-985
-1017
-1037
-1045
-1046
-1042
-1033
-1008
-953
-863
-741
-605
-479
-375
-301
-248
-194
-122
-6
167
396
643
863
1014
1077
1059
981
873
773
715
724
812
949
1087
1175
1172
1066
883
663
449
258
96
-45
-157
-222
-225
-170
-71
49
153
217
222
168
72
-38
-124
-157
-106
33
234
448
623
721
717
612
434
226
28
-138
-255
-319
-341
-347
-361
-405
-485
-604
-749
-903
-1046
-1159
-1228
-1249
-1221
-1151
-1053
-948
-855
-787
-748
-729
-717
-698
-658
-585
-478
-350
-222
-114
-47
-28
-63
-127
-174
-158
-40
183
469
744
946
1040
1030
936
801
669
573
543
600
752
965
1177
1319
1347
1255
1068
824
576
363
208
121
103
151
258
394
529
627
664
625
511
338
146
-25
-142
-194
-171
-90
13
98
136
109
10
-152
-346
-539
-705
-831
-908
-936
-925
-886
-827
-763
-711
-688
-694
-724
-761
-782
-771
-732
-688
-654
-634
-620
-605
-582
-546
-503
-465
-439
-420
-399
-372
-347
-332
-334
-354
-378
-387
-355
-266
-106
117
381
635
830
945
986
968
907
827
756
734
787
923
1122
1331
1478
1521
1464
1343
1185
1012
827
645
477
353
297
312
371
431
450
419
341
229
85
-88
-283
-483
-656
-773
-815
-789
-719
-632
-548
-494
-476
-498
-548
-626
-723
-810
-852
-830
-752
-636
-492
-344
-211
-100
-25
9
-4
-56
-135
-227
-319
-393
-440
-454
-435
-389
-334
-298
-296
-327
-377
-444
-524
-607
-674
-714
-720
-702
-666
-619
-548
-435
-254
5
308
594
811
949
1029
1071
1086
1088
1090
1122
1207
1361
1561
1761
1891
1919
1834
1673
1461
1224
967
694
415
148
-75
-234
-327
-378
-420
-479
-559
-657
-760
-868
-986
-1113
-1238
-1324
-1337
-1267
-1126
-935
-731
-551
-411
-305
-216
-139
-80
-36
-6
17
37
75
148
250
360
453
512
531
522
489
430
340
211
58
-88
-199
-271
-319
-371
-440
-527
-615
-683
-735
-791
-869
-956
-1030
-1076
-1084
-1063
-1028
-995
-947
-855
-676
-392
-29
358
691
944
1126
1280
1424
1545
1621
1651
1664
1700
1788
1912
2010
2016
1907
1701
1448
1174
884
565
210
-179
-570
-909
-1154
-1300
-1375
-1404
-1399
-1364
-1305
-1237
-1182
-1170
-1215
-1282
-1315
-1261
-1121
-911
-664
-399
-131
144
428
695
903
1019
1051
1030
989
951
933
931
931
927
921
920
922
904
845
718
515
244
-58
-349
-607
-828
-1018
-1181
-1321
-1434
-1510
-1547
-1557
-1558
-1552
-1535
-1504
-1463
-1418
-1372
-1332
-1293
-1220
-1062
-789
-392
99
624
1105
1499
1801
2023
2161
2197
2144
2043
1947
1903
1907
1925
1908
1818
1662
1459
1225
948
618
237
-185
-630
-1065
-1447
-1743
-1933
-2027
-2025
-1939
-1789
-1606
-1410
-1220
-1056
-930
-820
-691
-526
-332
-111
137
406
687
980
1281
1573
1829
2027
2148
2184
2133
2007
1816
1579
1310
1026
750
502
290
102
-83
-277
-496
-735
-979
-1219
-1469
-1734
-2008
-2267
-2475
-2598
-2615
-2531
-2373
-2174
-1945
-1687
-1412
-1150
-929
-768
-663
-592
-516
-394
-212
28
324
690
1113
1547
1938
2246
2453
2554
2542
2426
2236
1994
1749
1527
1346
1189
1034
861
677
477
257
8
-273
-585
-926
-1272
-1584
-1814
-1942
-1967
-1891
-1713
-1444
-1103
-716
-315
48
338
553
722
865
995
1122
1260
1416
1578
1734
1875
1989
2051
2053
1984
1842
1621
1322
962
562
147
-260
-635
-967
-1253
-1486
-1673
-1820
-1943
-2049
-2145
-2228
-2302
-2369
-2416
-2432
-2403
-2320
-2167
-1941
-1667
-1373
-1076
-779
-486
-209
40
245
404
523
624
728
836
926
983
1009
1014
1018
1046
1110
1199
1284
1338
1348
1312
1240
1136
1002
853
706
585
504
464
441
410
353
280
205
144
89
30
-37
-105
-163
-194
-194
-166
-117
-47
50
178
326
472
594
683
738
763
766
746
707
652
585
521
458
386
295
173
23
-156
-354
-551
-733
-895
-1052
-1213
-1376
-1528
-1660
-1762
-1831
-1865
-1867
-1833
-1767
-1672
-1554
-1418
-1269
-1118
-968
-824
-684
-543
-394
-232
-68
87
232
367
495
619
731
827
900
945
958
939
890
821
741
670
638
674
773
909
1057
1207
1349
1462
1525
1521
1461
1359
1241
1119
1008
897
781
662
549
445
350
255
154
30
-130
-318
-510
-673
-801
-897
-957
-972
-940
-862
-751
-623
-498
-393
-302
-228
-181
-167
-176
-191
-213
-237
-268
-296
-318
-337
-355
-376
-413
-474
-564
-676
-798
-917
-1015
-1088
-1132
-1144
-1118
-1047
-941
-818
-695
-571
-448
-332
-222
-121
-29
52
129
209
297
400
523
664
814
953
1073
1181
1285
1382
1460
1514
1543
1546
1521
1474
1403
1313
1205
1088
965
835
699
552
394
215
16
-199
-416
-623
-809
-973
-1106
-1195
-1235
-1232
-1195
-1141
-1077
-1008
-927
-830
-722
-605
-485
-366
-250
-131
-5
128
257
371
453
501
512
491
440
360
250
117
-29
-176
-306
-409
-483
-535
-576
-618
-660
-696
-726
-744
-753
-753
-740
-704
-639
-545
-422
-278
-114
67
258
446
618
756
851
901
909
882
835
785
741
708
686
682
693
715
736
748
755
764
779
796
807
806
791
759
720
673
619
558
490
409
315
201
64
-95
-283
-496
-721
-940
-1135
-1295
-1413
-1490
-1530
-1542
-1523
-1471
-1391
-1293
-1185
-1065
-928
-779
-619
-445
-264
-76
111
292
460
607
719
788
807
776
700
593
476
358
252
160
87
32
-4
-25
-35
-36
-39
-49
-66
-86
-106
-116
-108
-81
-38
22
103
202
312
423
525
602
645
654
631
583
514
431
342
250
158
68
-21
-105
-181
-235
-264
-261
-245
-231
-219
-193
-147
-95
-44
0
37
67
97
121
138
132
98
33
-49
-143
-237
-326
-409
-491
-572
-643
-695
-730
-752
-759
-747
-714
-661
-594
-516
-432
-336
-230
-117
-13
86
189
301
416
523
614
689
742
768
766
743
700
643
581
515
457
413
390
379
373
360
340
321
299
270
229
180
138
100
65
34
2
-33
-68
-98
-125
-147
-165
-177
-184
-193
-203
-208
-204
-193
-186
-189
-194
-196
-191
-183
-181
-186
-200
-218
-238
-267
-305
-346
-383
-411
-436
-453
-467
-474
-475
-467
-448
-421
-386
-344
-294
-242
-187
-127
-64
3
68
131
199
267
336
401
458
506
541
561
566
559
542
519
494
467
442
422
408
400
400
400
404
405
409
402
384
353
313
265
211
152
94
40
-11
-57
-100
-142
-183
-224
-267
-312
-362
-415
-464
-508
-544
-572
-593
-602
-600
-587
-566
-541
-511
-477
-437
-400
-364
-328
-289
-246
-197
-149
-104
-64
-28
0
17
22
16
-1
-20
-33
-43
-53
-60
-62
-62
-56
-40
-12
23
64
108
154
200
248
297
349
404
458
510
563
615
669
721
767
802
816
807
782
745
696
632
555
472
389
309
233
161
95
35
-19
-71
-120
-168
-219
-274
-334
-393
-449
-496
-532
-556
-578
-595
-608
-617
-624
-629
-634
-640
-646
-648
-645
-634
-614
-585
-549
-510
-470
-425
-377
-323
-269
-220
-174
-129
-80
-31
18
72
128
189
253
315
373
424
467
508
539
556
558
548
535
519
505
494
482
473
461
447
430
409
390
370
348
323
294
268
246
226
211
200
193
191
191
191
190
184
169
150
124
88
48
3
-44
-94
-146
-202
-259
-314
-369
-420
-469
-517
-565
-608
-645
-674
-697
-714
-722
-724
-720
-710
-695
-674
-648
-620
-586
-549
-509
-465
-415
-358
-299
-237
-172
-101
-30
41
110
173
230
284
331
375
412
447
481
517
551
586
621
656
689
719
745
764
776
778
771
755
733
704
671
630
583
533
480
429
374
318
260
200
138
81
27
-23
-70
-114
-159
-199
-237
-272
-307
-342
-374
-404
-432
-455
-468
-474
-478
-479
-480
-483
-483
-488
-496
-512
-537
-568
-601
-637
-673
-704
-726
-740
-742
-731
-707
-670
-619
-561
-497
-428
-353
-274
-192
-110
-27
59
144
228
314
397
476
552
622
685
741
792
832
861
877
884
882
873
857
831
796
757
715
669
618
566
515
463
410
356
302
251
203
155
109
62
18
-24
-64
-102
-141
-177
-212
-242
-268
-292
-311
-329
-342
-352
-358
-364
-369
-371
-375
-378
-383
-388
-394
-403
-414
-428
-445
-460
-479
-495
-511
-525
-537
-546
-552
-555
-556
-554
-556
-555
-549
-531
-502
-463
-415
-358
-288
-213
-125
-32
66
167
265
360
450
532
605
670
724
766
797
816
824
824
814
798
773
739
697
651
603
552
502
451
404
358
313
267
222
177
135
97
65
36
10
-16
-41
-63
-83
-101
-120
-141
-164
-189
-214
-238
-260
-280
-299
-316
-329
-336
-337
-331
-319
-303
-281
-259
-235
-211
-192
-179
-175
-182
-198
-224
-258
-300
-344
-394
-444
-492
-534
-570
-600
-622
-636
-638
-627
-603
-564
-513
-446
-370
-282
-185
-79
33
149
267
383
492
595
689
775
852
916
968
1005
1027
1033
1022
997
957
901
831
747
651
549
442
332
224
121
21
-72
-159
-235
-298
-350
-386
-413
-432
-437
-431
-416
-393
-359
-322
-280
-236
-192
-148
-105
-66
-31
-7
8
12
7
-4
-23
-50
-80
-115
-148
-182
-214
-244
-272
-294
-314
-330
-344
-352
-352
-347
-339
-334
-329
-322
-312
-298
-284
-269
-250
-225
-194
-161
-123
-82
-40
4
48
94
139
187
235
280
325
369
409
445
477
505
524
538
545
547
543
532
515
491
458
417
370
321
267
210
149
85
22
-39
-94
-139
-180
-212
-237
-254
-264
-268
-267
-261
-249
-234
-216
-197
-180
-165
-154
-146
-140
-138
-138
-139
-143
-150
-159
-166
-173
-180
-187
-193
-196
-196
-191
-180
-165
-147
-124
-99
-67
-32
9
51
93
134
171
205
236
261
280
289
290
281
264
237
205
166
121
74
21
-34
-84
-129
-168
-200
-223
-236
-240
-234
-218
-192
-156
-113
-61
-6
50
112
171
228
279
324
362
393
414
427
427
416
393
359
316
264
203
136
63
-12
-87
-162
-232
-298
-355
-404
-442
-469
-484
-486
-478
-460
-435
-402
-364
-318
-268
-213
-159
-103
-51
-4
40
80
114
139
158
170
177
179
177
170
163
153
142
128
113
98
80
64
48
34
19
5
-4
-11
-15
-15
-14
-10
-4
3
9
12
14
15
14
11
6
-3
-12
-20
-26
-29
-30
-29
-22
-10
7
26
47
70
97
125
152
177
199
218
237
250
259
264
263
253
237
215
185
148
106
59
5
-51
-109
-164
-219
-267
-309
-344
-372
-391
-396
-392
-376
-354
-323
-286
-243
-196
-148
-98
-50
-3
42
83
120
150
177
199
213
220
222
217
205
188
165
137
106
70
36
1
-37
-75
-111
-146
-177
-205
-229
-248
-259
-262
-256
-241
-219
-190
-156
-118
-77
-34
11
51
87
117
144
164
184
200
213
223
233
243
252
260
264
266
265
260
255
244
231
214
193
171
144
116
88
56
27
-4
-36
-66
-96
-125
-153
-179
-203
-223
-239
-250
-258
-260
-260
-256
-246
-235
-222
-205
-186
-164
-142
-117
-94
-67
-40
-11
18
47
72
95
117
136
149
157
159
156
149
136
123
109
92
74
56
36
15
-3
-25
-47
-71
-95
-116
-135
-150
-162
-168
-169
-163
-151
-135
-114
-90
-64
-35
-3
30
60
91
123
155
185
216
244
269
291
307
320
326
326
319
308
289
263
230
194
154
111
67
22
-23
-68
-111
-153
-190
-225
-256
-284
-308
-327
-340
-348
-347
-338
-324
-302
-276
-246
-214
-181
-145
-109
-74
-40
-7
23
51
76
98
116
127
133
135
132
122
107
87
65
41
16
-10
-34
-57
-75
-88
-100
-103
-104
-102
-95
-84
-69
-53
-33
-12
9
33
57
81
108
131
157
181
203
224
244
261
275
284
289
289
285
275
261
245
227
205
179
151
123
92
59
25
-10
-46
-80
-112
-142
-171
-196
-216
-236
-250
-262
-268
-272
-273
-270
-264
-256
-247
-236
-222
-208
-190
-171
-148
-123
-97
-71
-48
-25
-6
11
23
32
36
36
32
24
16
5
-7
-19
-30
-38
-45
-47
-49
-49
-47
-43
-38
-32
-22
-11
3
17
37
59
85
111
140
166
196
222
244
265
280
292
297
299
298
290
281
266
250
229
206
182
154
127
100
70
41
13
-11
-32
-49
-63
-75
-82
-88
-88
-90
-90
-91
-94
-96
-102
-107
-113
-119
-125
-132
-138
-144
-150
-156
-163
-172
-181
-192
-205
-220
-236
-249
-261
-271
-278
-280
-277
-269
-258
-241
-223
-204
-183
-160
-135
-110
-83
-55
-25
6
39
73
106
140
173
205
234
258
277
292
302
306
303
296
285
274
258
242
225
209
191
176
160
146
133
121
109
99
89
79
71
65
61
57
56
57
57
59
60
61
63
66
67
70
73
75
77
77
75
69
57
43
21
-5
-32
-64
-98
-131
-169
-203
-237
-269
-297
-323
-343
-361
-373
-381
-384
-382
-378
-366
-351
-332
-309
-282
-254
-224
-189
-155
-119
-83
-46
-13
19
51
77
100
122
140
155
166
175
182
186
190
191
190
187
184
179
175
168
161
155
150
144
141
139
138
137
139
143
149
155
162
169
176
185
192
200
203
205
204
200
195
187
176
162
144
125
104
80
55
28
0
-29
-61
-90
-118
-145
-171
-195
-218
-238
-256
-274
-287
-296
-306
-313
-314
-313
-308
-299
-287
-274
-257
-238
-218
-198
-177
-157
-138
-120
-102
-83
-67
-52
-38
-26
-14
-4
2
9
12
16
20
24
27
31
36
41
48
54
62
73
84
98
112
129
144
160
177
190
204
216
227
237
243
249
253
255
254
251
247
240
231
219
206
189
170
150
128
105
82
58
34
12
-8
-26
-43
-57
-73
-82
-94
-103
-111
-117
-123
-127
-131
-134
-136
-138
-139
-138
-138
-140
-142
-143
-146
-150
-154
-159
-164
-168
-173
-177
-180
-182
-183
-183
-181
-179
-174
-167
-157
-147
-134
-119
-105
-90
-77
-63
-49
-33
-16
1
20
39
57
76
95
113
131
147
163
178
190
200
210
215
221
225
225
223
218
211
203
192
181
168
155
143
129
116
103
88
74
61
50
40
30
20
13
4
-4
-13
-22
-29
-35
-40
-45
-51
-53
-55
-58
-60
-62
-66
-71
-76
-83
-88
-95
-102
-108
-114
-117
-121
-124
-126
-127
-130
-131
-131
-130
-126
-123
-118
-114
-109
-103
-95
-86
-78
-70
-60
-50
-39
-28
-18
-7
2
12
21
31
39
48
56
65
75
84
95
105
113
120
125
129
132
135
136
135
132
128
125
120
113
107
99
90
82
74
65
55
46
35
26
16
7
-2
-10
-19
-26
-32
-40
-45
-51
-56
-60
-65
-69
-72
-75
-78
-81
-84
-87
-90
-93
-97
-100
-105
-108
-111
-113
-112
-111
-107
-104
-98
-93
-86
-77
-67
-58
-46
-32
-18
-4
11
28
45
60
73
84
96
104
112
117
119
121
122
121
120
118
115
110
104
98
91
84
76
68
58
49
43
34
27
20
14
10
6
4
2
1
0
-2
-4
-7
-9
-12
-15
-18
-21
-26
-28
-33
-38
-42
-49
-53
-61
-66
-71
-75
-81
-84
-87
-89
-88
-87
-84
-82
-78
-74
-69
-65
-61
-58
-56
-52
-47
-42
-38
-33
-26
-18
-8
1
9
18
27
35
42
49
55
58
61
65
66
70
72
74
78
79
80
78
77
75
73
69
65
61
57
53
49
46
42
38
32
27
21
14
7
0
-6
-15
-21
-28
-33
-38
-41
-44
-48
-51
-52
-56
-58
-61
-62
-65
-64
-63
-60
-57
-53
-49
-42
-37
-32
-29
-24
-19
-15
-10
-7
-5
-2
1
2
4
5
7
9
10
12
13
13
12
13
12
10
11
12
12
13
15
18
21
26
31
38
42
47
53
56
59
61
64
66
66
66
64
63
59
55
50
44
37
30
21
13
6
-1
-7
-13
-20
-28
-35
-41
-48
-56
-62
-69
-75
-81
-86
-89
-92
-93
-92
-90
-86
-82
-77
-70
-63
-57
-50
-44
-37
-31
-24
-18
-10
-3
5
13
22
30
38
44
48
52
55
56
57
54
51
48
46
43
41
38
36
35
33
33
33
33
33
33
32
32
35
37
40
42
44
46
46
47
46
45
42
41
40
38
34
30
25
21
15
8
1
-7
-16
-27
-36
-45
-54
-63
-73
-82
-88
-95
-99
-102
-105
-105
-104
-102
-100
-97
-92
-87
-80
-73
-65
-57
-49
-39
-30
-21
-10
0
10
21
30
37
43
47
51
54
57
58
58
58
58
57
56
54
52
49
46
43
41
39
35
33
31
27
26
23
22
23
22
22
23
25
27
29
32
34
36
38
40
41
40
41
39
37
34
30
26
20
15
10
3
-5
-13
-20
-26
-32
-38
-44
-49
-54
-59
-63
-69
-72
-75
-77
-80
-82
-85
-85
-86
-85
-83
-80
-75
-69
-62
-55
-48
-39
-29
-20
-10
-2
8
16
24
32
41
49
54
61
65
71
75
78
80
81
80
79
76
72
66
60
52
46
39
32
25
21
16
12
8
5
0
-3
-5
-9
-11
-13
-15
-14
-13
-12
-11
-8
-7
-5
-3
-1
-1
0
2
1
1
-1
-3
-4
-7
-10
-12
-16
-19
-25
-30
-34
-38
-42
-46
-49
-51
-52
-52
-51
-51
-50
-48
-45
-43
-39
-35
-31
-27
-21
-17
-12
-7
0
6
13
21
27
33
38
45
48
53
57
59
60
61
62
62
60
59
57
53
50
45
40
34
29
23
18
11
4
-2
-9
-16
-19
-23
-28
-30
-32
-32
-32
-32
-33
-31
-31
-30
-29
-29
-27
-27
-27
-27
-25
-25
-25
-25
-26
-26
-26
-27
-28
-29
-30
-30
-31
-31
-32
-30
-29
-28
-27
-24
-22
-18
-14
-10
-5
1
6
12
18
25
33
41
47
54
60
65
70
75
79
80
83
84
84
84
84
80
78
76
71
66
60
55
47
39
32
25
17
8
0
-9
-16
-24
-32
-38
-44
-49
-55
-61
-65
-68
-71
-73
-75
-77
-76
-76
-75
-74
-72
-70
-66
-62
-57
-53
-49
-44
-40
-36
-33
-30
-27
-26
-24
-23
-21
-18
-17
-15
-12
-10
-6
-1
2
6
11
14
20
24
27
30
33
36
39
41
45
49
50
51
53
55
57
57
57
56
55
55
53
51
50
48
46
44
42
39
34
32
28
25
21
17
12
9
4
0
-5
-8
-12
-14
-17
-20
-23
-26
-30
-32
-33
-36
-37
-39
-40
-42
-43
-44
-46
-47
-48
-47
-47
-48
-48
-47
-46
-47
-46
-44
-42
-40
-37
-34
-31
-28
-25
-22
-19
-15
-11
-8
-4
1
6
11
15
20
25
29
34
39
44
47
51
53
54
56
56
57
56
55
52
49
46
43
40
37
33
29
24
20
16
13
8
6
3
1
-1
-1
-2
-3
-2
-3
-2
-2
-2
-2
-2
-2
-3
-4
-5
-6
-6
-9
-10
-11
-14
-16
-17
-20
-22
-25
-27
-29
-32
-34
-37
-39
-40
-42
-43
-43
-42
-42
-40
-38
-36
-33
-30
-28
-25
-21
-20
-16
-14
-9
-5
-2
2
3
7
10
14
19
20
23
26
27
27
28
27
27
28
29
29
29
28
28
27
25
25
23
22
20
18
16
14
14
12
11
9
10
9
8
8
7
8
8
5
5
5
2
2
1
0
0
-3
-3
-5
-5
-7
-8
-10
-11
-11
-12
-11
-13
-14
-13
-13
-13
-14
-14
-13
-12
-11
-11
-11
-11
-9
-8
-8
-7
-6
-4
-2
0
-1
0
-1
-2
-2
-2
-3
-3
-5
-4
-3
-3
-4
-3
-3
0
0
1
2
2
2
2
2
2
3
3
4
3
5
6
6
8
9
10
10
10
11
11
10
9
9
8
8
6
5
5
3
3
3
2
0
-1
-2
-4
-5
-6
-6
-6
-7
-6
-7
-6
-6
-5
-5
-5
-4
-3
-2
-2
0
1
2
3
3
3
3
3
2
2
-1
0
-2
-4
-6
-8
-10
-11
-12
-12
-14
-13
-13
-13
-11
-10
-8
-7
-6
-5
-2
0
3
6
6
9
11
11
13
13
14
14
15
14
13
12
10
9
6
6
4
4
3
3
3
3
2
2
0
1
-1
-1
-1
-1
-1
-1
-1
-1
-1
1
1
2
3
6
7
7
8
8
7
7
7
7
7
6
6
7
5
6
4
3
2
1
0
-1
-4
-7
-8
-11
-13
-14
-16
-17
-18
-20
-20
-20
-20
-21
-21
-22
-20
-19
-18
-17
-14
-13
-11
-8
-6
-3
0
2
4
4
5
6
8
9
10
9
8
8
7
6
6
4
3
3
3
2
3
1
2
2
2
3
3
5
5
5
7
9
11
13
14
16
17
19
19
20
21
20
21
19
19
18
18
16
14
12
11
8
6
4
1
0
-2
-5
-7
-9
-10
-13
-16
-17
-18
-19
-20
-22
-24
-25
-25
-25
-24
-23
-22
-20
-19
-19
-19
-17
-16
-15
-14
-15
-12
-11
-10
-7
-6
-4
0
2
3
4
4
5
7
7
8
9
9
10
9
10
9
8
8
9
11
11
13
14
16
16
16
16
18
18
19
20
19
20
19
20
20
20
19
18
16
15
13
13
13
11
8
7
6
4
2
1
0
-2
-4
-6
-9
-9
-10
-12
-13
-14
-15
-15
-16
-17
-20
-20
-21
-21
-22
-23
-23
-24
-23
-25
-24
-24
-24
-21
-20
-18
-16
-14
-13
-10
-8
-7
-5
-3
-1
-1
1
2
4
7
7
9
10
9
8
8
6
5
4
4
3
5
5
7
6
7
9
9
10
10
11
11
12
12
12
14
15
15
16
17
17
18
18
19
19
17
16
15
13
11
9
7
4
1
-1
-3
-4
-7
-9
-12
-13
-16
-17
-18
-20
-20
-20
-21
-21
-21
-21
-20
-19
-18
-16
-14
-13
-13
-11
-9
-7
-3
-1
3
4
7
8
9
10
11
10
12
13
14
16
15
14
13
12
11
9
6
5
4
1
0
-1
-2
-2
-3
-3
-2
-2
-2
-1
0
2
3
5
8
9
10
12
14
14
16
16
15
15
15
15
14
12
11
9
7
5
1
0
-2
-4
-6
-9
-11
-12
-14
-16
-18
-19
-21
-22
-24
-25
-25
-27
-25
-24
-24
-22
-20
-19
-17
-14
-12
-10
-7
-4
-3
-1
2
3
5
7
7
8
11
11
11
11
13
12
11
11
11
10
10
9
7
7
8
7
6
4
3
2
1
1
0
1
1
3
4
4
4
6
6
7
7
8
9
9
9
10
9
10
10
9
8
6
5
4
2
1
-1
-2
-4
-6
-8
-11
-14
-14
-16
-17
-17
-19
-19
-20
-20
-20
-19
-18
-19
-17
-16
-14
-12
-11
-9
-7
-7
-5
-3
-2
0
2
4
6
8
9
11
13
14
16
18
19
19
20
20
21
21
21
21
20
20
20
17
15
15
15
14
13
13
13
12
13
12
12
10
10
9
7
6
5
4
2
2
1
0
0
-1
-2
-3
-4
-6
-7
-7
-8
-11
-11
-11
-12
-14
-14
-15
-16
-17
-18
-18
-19
-21
-21
-21
-22
-24
-24
-23
-23
-23
-23
-23
-23
-22
-21
-20
-18
-16
-14
-13
-11
-9
-7
-5
-3
-1
2
3
5
8
9
10
11
12
13
14
14
14
15
15
16
17
16
17
16
15
15
16
16
15
14
14
13
14
13
11
10
8
9
8
8
7
7
7
6
7
7
5
5
4
4
2
1
0
-1
-2
-4
-4
-5
-7
-8
-9
-11
-12
-13
-13
-14
-15
-15
-16
-17
-17
-18
-18
-18
-19
-19
-18
-17
-17
-16
-16
-14
-14
-12
-10
-7
-5
-2
1
3
7
10
11
14
15
17
17
19
20
21
20
23
24
24
23
24
23
23
22
20
18
17
15
15
13
12
10
9
8
6
6
5
3
2
2
0
-1
-1
-3
-3
-3
-3
-3
-2
-1
-1
-2
-3
-3
-4
-5
-8
-8
-10
-11
-11
-12
-12
-14
-14
-15
-14
-15
-16
-16
-17
-16
-19
-19
-20
-21
-21
-22
-22
-21
-20
-19
-20
-17
-15
-13
-11
-11
-11
-9
-7
-5
-4
0
2
4
5
6
8
10
12
13
13
13
14
15
15
16
16
17
17
17
17
18
17
16
16
16
14
13
12
12
12
10
11
10
8
8
7
7
6
6
5
3
2
0
1
0
-1
-4
-4
-4
-5
-5
-7
-7
-8
-10
-10
-11
-11
-11
-12
-13
-12
-13
-13
-11
-12
-11
-11
-10
-8
-6
-5
-4
-3
-4
-4
-3
-3
-2
-1
-1
2
2
4
4
4
5
6
6
6
6
7
8
9
10
9
10
10
10
11
11
11
13
12
13
14
14
12
12
12
12
12
12
11
9
8
7
5
3
1
0
-2
-4
-6
-7
-7
-8
-9
-10
-12
-13
-14
-15
-15
-15
-15
-16
-17
-16
-15
-14
-13
-13
-11
-11
-9
-9
-9
-9
-8
-7
-7
-5
-4
-3
-2
-1
-1
-1
-1
-1
-1
0
-1
1
1
0
2
1
1
1
0
0
0
-1
0
-1
0
1
2
3
4
5
7
8
8
8
9
9
9
10
11
13
14
14
14
15
14
14
13
13
13
12
11
11
11
7
7
4
3
1
0
-2
-3
-5
-7
-7
-8
-11
-11
-11
-12
-13
-13
-12
-12
-11
-11
-10
-9
-8
-7
-7
-5
-5
-5
-4
-3
-2
-2
0
-1
0
1
2
1
2
3
3
2
2
2
3
3
4
3
3
4
3
2
3
2
2
3
4
3
2
2
2
2
1
0
1
0
1
0
1
0
0
1
0
0
0
0
1
1
1
0
-1
0
0
2
1
2
1
0
0
0
0
-1
-2
-1
-2
-2
-2
-3
-1
-2
-2
-3
-3
-3
-4
-4
-5
-6
-5
-4
-2
-3
-2
0
-1
1
2
4
4
4
6
6
6
7
7
6
7
6
7
6
5
5
5
3
3
3
1
0
-1
-2
-2
-4
-4
-4
-4
-4
-5
-5
-5
-5
-5
-5
-5
-6
-6
-6
-6
-5
-6
-6
-5
-4
-4
-4
-3
-4
-3
-4
-3
-4
-3
-3
-2
-2
-2
-1
0
0
-1
1
3
2
3
3
4
4
5
5
5
4
5
6
6
7
8
8
8
7
7
7
8
8
8
8
9
9
7
7
7
7
7
6
5
4
4
2
2
2
0
0
-1
-2
-1
-2
-3
-3
-4
-6
-7
-8
-8
-8
-9
-10
-10
-11
-12
-12
-11
-11
-12
-11
-11
-10
-10
-11
-10
-9
-10
-8
-8
-7
-7
-5
-4
-3
-1
-2
-1
-2
-2
0
2
2
3
3
5
5
4
4
5
5
6
7
8
8
9
8
9
8
9
10
11
10
11
12
12
12
13
13
13
14
13
13
13
11
11
11
10
8
7
6
4
3
1
0
-2
-4
-5
-6
-8
-10
-13
-12
-13
-14
-14
-15
-15
-13
-14
-14
-13
-13
-13
-12
-12
-11
-11
-11
-9
-8
-8
-7
-7
-6
-5
-6
-6
-4
-3
-2
-1
1
1
2
1
2
4
3
5
4
5
5
6
5
6
6
6
7
8
9
9
8
9
10
10
10
10
9
8
7
8
7
7
6
6
6
5
5
5
4
3
3
3
3
2
3
2
1
1
1
1
0
-1
-2
-3
-5
-5
-7
-8
-10
-10
-11
-12
-12
-12
-11
-12
-11
-13
-11
-9
-8
-8
-7
-6
-5
-4
-3
-3
-2
-1
0
0
1
2
3
2
3
4
4
5
5
6
7
6
5
5
5
5
6
5
6
6
6
6
7
6
6
5
6
6
6
6
6
5
4
3
3
3
1
1
1
-1
-2
-2
-3
-3
-5
-4
-5
-6
-6
-7
-9
-9
-8
-9
-8
-7
-8
-7
-7
-6
-6
-7
-6
-6
-8
-7
-7
-7
-7
-7
-4
-5
-4
-4
-2
-2
-2
-1
1
3
4
4
4
5
7
8
9
11
12
12
13
13
14
13
13
14
13
14
13
12
12
10
10
10
8
7
7
5
4
3
2
2
1
0
-1
-2
-4
-4
-5
-4
-5
-4
-4
-5
-6
-6
-7
-7
-7
-7
-7
-7
-8
-8
-8
-9
-10
-10
-10
-10
-11
-11
-11
-11
-11
-11
-11
-11
-11
-10
-10
-9
-8
-6
-5
-4
-4
-3
-1
-1
-1
1
2
3
3
6
6
7
10
