-8
-9
-10
-11
-12
-11
-10
-11
-10
-10
-10
-11
-11
-10
-8
-8
-7
-5
-5
-4
-2
-2
-2
-1
-1
-2
-2
-2
-2
1
2
1
3
4
3
3
3
3
4
6
7
7
6
7
9
9
8
8
8
8
7
6
4
4
6
5
6
6
6
6
7
7
4
2
0
1
1
2
1
-1
0
0
-1
-2
-1
-2
-3
-3
0
1
-1
-1
-2
-2
-3
-3
-1
-1
-1
-1
-2
-1
-4
-3
-1
-1
-1
-1
-1
1
0
-1
-3
0
2
1
1
1
0
-1
1
1
1
1
0
0
-1
-1
0
0
0
-1
-2
-1
0
0
0
2
1
2
1
1
2
3
2
1
1
2
2
1
1
2
1
0
-2
-1
0
0
0
-2
-2
-3
-1
-1
-1
-1
-2
-3
-4
-6
-4
-3
-1
-1
-1
-2
-2
-2
-2
-3
-3
-3
-6
-5
-6
-7
-4
-3
-3
-4
-4
-4
-3
-2
-2
-2
-1
-1
2
4
1
1
2
2
4
4
4
4
3
3
3
3
2
3
5
5
5
4
2
1
3
3
4
3
2
2
3
2
3
4
5
5
6
5
4
3
2
3
3
2
0
1
0
0
-1
-2
-3
-3
-4
-3
-4
-6
-4
-6
-6
-4
-3
-2
0
-1
-3
-4
-2
-3
-2
0
-1
-2
-2
-2
0
-1
-3
-5
-3
-3
-5
-4
-1
0
-3
-2
-2
-2
-1
-5
-1
3
0
2
6
10
8
4
3
4
6
4
6
8
4
7
8
8
7
5
4
3
5
5
7
6
5
7
3
3
2
2
3
3
3
1
5
2
1
1
-6
-1
2
-2
3
1
-4
-2
0
-8
-5
-5
-13
-3
-2
-7
-4
-1
-12
-16
-7
-9
-4
1
-9
-10
-9
-8
-7
-7
-6
-9
-12
-11
-5
-8
-7
-5
-12
-11
-11
-11
-3
2
-10
-15
-1
-5
-8
0
-3
0
-2
-6
9
15
9
5
9
6
4
-1
3
17
14
5
15
19
8
6
6
5
12
9
8
25
20
1
10
17
-1
4
5
8
18
7
8
22
11
-11
0
1
-4
1
-6
5
11
-6
-11
0
-5
-16
-17
-10
-7
-6
-8
7
14
-6
-13
-9
-3
-7
-3
-1
15
11
-11
13
7
-7
-7
-7
-7
-3
1
-2
17
9
-20
-15
-17
-16
-10
-11
2
2
-4
-8
-3
-3
-13
-8
-16
-3
-2
-3
14
16
3
-6
5
-4
-4
9
3
2
12
10
16
18
15
-1
5
10
0
14
17
15
12
15
1
1
4
-11
-5
8
15
5
3
12
-8
-13
-3
-12
7
3
0
6
6
8
-16
1
3
-16
-3
-6
6
20
5
0
-2
9
-26
-14
5
-7
-9
-18
8
-12
-18
-17
-27
-2
-29
-33
-4
-9
4
-11
-4
4
-25
-17
-18
5
-4
-1
9
9
23
-11
-12
0
-2
-32
-13
26
0
2
2
-15
-3
-34
-26
11
-2
-8
6
17
14
17
-11
3
20
-15
0
36
33
28
30
19
26
19
-7
3
14
-10
4
26
28
19
-9
-11
-6
-8
-31
5
27
12
10
20
13
-10
-17
-45
-18
-1
-22
22
28
-8
3
-27
-23
-5
-38
-26
6
18
-1
20
16
11
15
-33
2
20
-4
13
32
28
-1
14
-8
-14
-4
-47
-18
5
-6
-9
6
12
-15
-25
-20
-16
-12
-12
6
17
19
8
-6
17
-1
-6
13
18
14
9
12
7
11
2
-10
-7
16
3
2
33
26
-10
14
23
-6
29
17
-15
26
0
-26
24
-12
-10
-2
-15
-15
-10
-28
-20
-4
-48
8
-14
-48
-2
-27
-25
-2
-14
-9
11
-11
-11
19
16
-25
-1
-8
-25
-10
-3
-8
-12
6
-20
-31
9
8
-25
4
7
-12
-4
-5
0
-3
-11
-30
1
-2
-4
16
17
40
-6
-18
1
-23
-15
9
10
19
23
18
-2
34
16
-8
49
5
24
59
26
54
40
-1
6
-1
-13
27
17
21
56
-3
-12
40
-10
-27
24
-31
-18
35
1
3
30
-8
-23
1
-22
-32
12
3
-2
35
5
2
-7
-6
-15
-10
22
-8
-6
27
-8
-14
9
-12
-20
-32
-16
-34
-24
-28
-10
-28
-41
-4
-70
-23
2
-72
-30
-14
-55
-3
1
7
-12
41
4
-61
14
-12
-7
0
31
29
1
29
-2
-1
-3
-15
-10
0
64
-37
59
84
-47
61
30
-15
49
66
13
44
100
19
7
34
10
14
-32
-20
37
20
47
-5
48
38
9
-13
-4
18
-54
6
15
-7
-1
23
-19
-16
9
-77
-6
40
-27
-94
-12
-8
-83
-8
-53
-14
11
-72
-25
20
-11
-44
-56
-8
-44
-67
-24
39
-39
-48
32
-78
-18
-17
-96
-20
-41
-97
-50
37
-39
-49
15
-17
32
1
17
43
63
87
28
94
69
25
-5
70
54
-51
84
113
-15
24
29
-16
52
26
-82
34
138
-47
53
59
49
51
-34
36
48
-30
-6
60
-8
71
-49
-4
127
-56
-78
58
48
-48
-3
35
107
9
-49
55
7
-28
-30
-67
49
6
-126
28
-31
-55
-95
-72
-13
-136
-75
-23
-76
10
-14
-99
59
-1
-111
-15
74
-17
-72
14
70
42
-29
-12
-1
-27
-93
-29
-40
26
-15
-26
59
25
-91
-47
152
-77
-80
117
52
29
87
-20
16
137
-19
-70
100
41
-50
1
90
86
-45
83
53
-12
20
9
0
94
90
-150
179
115
-145
51
-1
-37
-29
-28
49
-8
8
26
-75
-38
-38
-116
-102
77
-98
-119
163
-61
-31
86
-20
12
39
-7
-60
76
16
-71
83
33
-52
-59
14
-62
-132
-24
-104
-137
11
-1
-139
-23
-19
-131
40
97
-75
116
184
21
39
137
62
7
88
-34
55
-15
81
33
-92
128
-14
-152
57
-35
-152
54
-65
-3
35
82
-15
83
60
-42
67
56
131
-9
173
39
-3
67
51
-69
-98
85
-139
-14
-48
26
-142
-97
4
-245
-18
21
-90
-22
67
-30
41
97
101
-18
53
-17
7
61
-149
157
-90
-94
130
-117
-94
49
-128
-293
170
-52
-125
113
55
-44
-35
125
-127
110
73
-85
127
72
63
4
29
-93
4
-43
22
20
-54
54
-28
57
125
25
-148
134
-55
-118
119
-32
80
-45
39
57
-13
91
-9
-172
86
-9
-83
189
105
17
35
148
-121
113
7
-108
79
-21
42
-52
100
-100
-46
-115
-79
-33
-190
84
-192
0
46
-8
-25
6
-43
-153
133
-88
-90
323
-58
-91
227
-69
-10
-31
41
-176
73
160
-171
153
82
-49
-141
94
-45
-220
249
-101
-202
278
-97
-140
167
-62
-266
134
67
-256
181
82
-79
97
149
-80
61
265
-203
-38
231
-26
14
268
-24
-99
278
-139
-170
197
-63
-187
38
59
-231
65
66
-278
2
36
-148
-43
218
-152
-158
280
-148
-75
246
6
-119
260
2
-104
201
152
-199
-1
205
-222
13
60
-185
-142
56
-133
-87
147
-149
-88
148
-167
43
114
-161
135
-49
79
56
49
189
-152
35
79
-17
-94
8
-169
-72
88
-200
137
90
37
9
6
43
31
9
20
98
-59
206
34
-85
158
-77
-51
95
-129
22
118
-38
-125
78
24
-247
121
-53
-195
103
124
-52
-10
142
-170
-42
127
-198
-94
109
-7
-116
101
173
39
81
-27
-47
-22
13
-35
-103
79
-79
-56
2
53
-108
28
54
-122
-42
48
38
-167
162
-108
-100
99
25
-127
91
58
-167
201
-135
18
170
57
-129
120
211
-146
90
71
-79
15
80
-119
20
-69
-44
-143
102
-69
-133
178
-187
15
-23
124
-78
83
61
-76
91
120
-63
-71
199
-151
35
123
7
55
92
-91
120
-55
-66
81
-71
143
-115
-27
-13
-31
-134
-71
-39
-53
21
-126
237
-18
-23
235
-135
35
149
-285
68
163
-179
149
-74
84
12
-165
3
48
-100
-174
196
-60
78
-35
80
140
-131
62
-92
75
27
-243
193
81
-233
93
-85
-143
-1
-36
24
-116
177
17
-64
211
7
-121
33
-92
-241
193
-113
-42
220
52
-55
212
50
-106
171
-106
209
-72
48
244
-243
135
-25
-217
45
-122
-118
4
39
20
-30
56
-287
92
-84
-211
26
-6
118
-212
319
172
1
187
54
-85
-18
27
-230
28
18
-97
45
56
12
73
-29
96
-140
8
-33
-111
71
-41
32
-85
74
-99
70
89
-27
108
9
148
-138
-64
20
-41
-146
-108
-185
268
44
-169
353
135
-2
-3
146
-167
174
-222
-121
74
-40
159
-252
243
23
-94
147
85
-314
172
-25
-277
187
-17
-100
56
97
-170
101
109
-28
9
-15
24
-15
5
197
-240
96
135
-142
129
20
181
75
-204
107
-13
-134
47
-225
72
-170
-55
-129
24
106
-300
287
-289
102
190
-259
268
-28
-119
128
157
-124
203
70
-199
49
-123
-39
-87
90
49
-401
98
339
-559
366
130
-502
315
-112
-110
85
46
-392
227
-9
-57
196
201
308
-196
229
261
-91
-82
208
-386
-20
114
-281
-3
93
-86
-133
167
-163
-103
-256
126
-232
-4
342
-292
357
139
-206
159
470
-93
5
369
-157
138
120
-101
165
-44
-389
122
-191
182
-41
-193
251
-365
93
60
-227
152
-7
-512
140
-5
-156
240
5
166
-94
68
15
236
8
-68
86
-168
117
-6
-205
270
-285
-148
265
-239
303
82
-179
258
-61
-108
-10
-35
186
-335
91
77
-49
117
-89
-112
34
203
-122
-4
66
-147
-214
275
-479
47
128
-484
344
-113
111
122
-7
62
-182
61
334
-117
12
48
21
361
-177
275
91
-118
70
-414
280
-139
-33
24
-158
97
-459
275
104
-433
15
-151
-397
399
-233
143
213
-210
187
-230
431
-100
203
-92
114
69
255
102
-9
394
-226
-245
86
299
-427
192
-10
-86
-61
-159
-233
69
-27
-310
-39
276
-38
-195
398
-276
-123
21
-274
-11
208
-67
70
201
373
-137
157
520
-248
371
-73
-40
7
163
-122
-299
499
-416
-402
330
-154
-384
662
-169
-342
269
22
-509
292
-151
-623
582
-477
536
-403
495
-212
-313
565
-625
323
216
-50
-249
604
-326
67
-82
-61
-247
284
-30
-131
680
-307
133
-85
156
-629
290
-44
-337
134
-157
36
176
134
-229
156
-129
-183
-350
599
-153
-108
244
-232
132
46
434
-278
336
519
-640
639
249
-287
-239
-244
-186
-435
161
-145
132
307
-268
-43
257
8
-105
-120
412
-816
214
649
-788
953
-209
-242
145
-34
62
146
155
-302
-182
-81
183
-601
411
-12
-356
337
-31
141
-129
640
-406
-299
63
-250
-58
-266
509
-499
-41
308
-255
296
275
-73
-331
381
-309
160
222
81
-107
227
323
-420
811
-302
238
-104
-211
293
-524
439
-296
-162
317
-296
-151
419
-718
886
-55
-1035
864
-757
-135
343
-218
-266
363
-114
-21
253
111
135
-218
195
-185
-61
270
335
-710
669
203
-505
452
-598
407
-127
-252
307
-376
286
219
-437
247
-342
-94
-555
218
-18
-128
379
-188
408
-273
41
-93
7
-275
338
165
163
720
-328
4
7
-410
-235
-217
-50
593
-589
666
399
-553
875
-435
-531
315
-706
-66
639
-55
48
333
-286
-49
-411
-83
-285
-156
376
-603
1042
-189
442
-267
-409
378
-667
731
-397
921
52
-330
629
-502
-305
205
-738
96
-76
178
492
-37
1137
-1178
219
-82
-766
111
-109
224
-347
177
459
-651
798
217
-1528
1179
-832
6
399
128
447
-470
802
-450
-191
671
-623
-63
182
-147
-198
247
746
-1438
1019
128
-1066
756
375
-125
-163
552
-673
-122
554
-324
-832
672
36
-468
703
478
54
232
552
-1015
-287
461
-605
-766
789
-733
-285
1049
-1070
607
17
46
205
-839
1188
-224
-129
428
-482
36
-66
27
-354
558
319
-887
402
8
-473
202
-249
91
-520
-102
840
-726
493
603
-283
168
83
510
-990
781
-360
-1009
615
-119
-40
278
571
-135
26
-121
290
-412
45
215
-509
69
-579
649
-224
-517
766
-449
-152
538
301
-239
812
-206
-781
1038
-961
-366
1083
-1050
221
400
-210
741
-639
729
-407
-162
-121
-210
366
-691
1146
-702
471
375
-632
279
-86
-557
-68
-100
270
25
-93
718
-1022
78
-301
41
-489
398
711
-1214
1495
-111
-271
380
-167
161
-975
491
500
-294
475
26
176
-156
-417
396
-574
397
-125
-883
866
257
-97
-406
269
-660
-345
127
-164
950
-231
38
123
-427
1190
-485
-586
617
-276
-158
306
706
195
-31
36
-273
-584
137
-603
-5
-330
-350
-205
542
397
-851
897
-66
-489
196
249
277
-40
422
333
-907
580
304
-616
-147
73
-176
-510
898
-684
-149
517
-771
-182
361
-168
-457
227
370
-378
769
528
-1064
1049
195
-1114
772
492
-79
256
239
-154
-322
413
-526
-424
99
-519
-504
141
682
-676
674
469
-1533
1122
410
-145
825
-156
222
-159
94
243
108
-133
-713
-482
-482
-103
208
-132
139
-455
-25
264
-458
548
438
-51
-448
473
854
-610
1043
79
-955
347
-236
-410
434
507
-923
-259
197
-830
-5
674
-1021
-55
484
-104
8
206
1043
-916
-103
469
-568
261
829
-372
-590
777
-507
-231
880
-171
-220
-57
12
-457
226
874
-360
-212
538
-558
-501
1109
-160
-607
484
-96
-812
690
329
-759
304
-144
-672
362
974
-179
69
530
-298
-274
151
505
-643
48
133
-1268
93
690
-464
-530
427
-845
-103
591
40
117
127
256
-624
490
759
157
359
414
-535
-20
483
-60
-187
222
-434
-1152
230
-98
-351
210
410
-814
48
752
-295
272
632
-404
-410
646
1
444
823
151
-277
-52
60
-286
110
77
-584
-1028
260
-434
-769
652
-466
-732
287
35
-411
1101
108
-355
647
29
146
354
609
294
-70
137
320
-336
583
-365
-910
-93
-439
-992
-313
520
-1084
-73
102
-485
292
455
96
-37
561
206
-134
1027
322
-295
612
636
-325
-7
906
-238
-233
435
-422
-651
509
-590
-681
299
-393
-730
35
517
-511
237
421
-358
-117
422
-163
-24
922
-279
-212
495
428
-670
644
447
-867
467
-176
-187
140
130
-797
-271
-397
-806
-482
-170
-400
-614
281
-360
326
31
-81
-196
306
150
-246
1046
546
442
417
449
74
448
226
-434
175
142
-202
-264
445
-391
-506
-129
-288
-160
-83
231
-4
287
331
118
197
869
152
-75
1115
447
163
857
456
74
775
41
-127
637
-11
-583
-157
-49
-562
-662
66
-359
-997
-399
-521
-1209
-585
-595
-1250
-114
-339
-866
-188
226
-583
-627
84
-584
-738
40
2
-376
454
-115
-808
158
388
-671
-185
478
-638
-499
255
109
-228
318
-21
-369
962
1101
518
1571
1850
727
1005
1694
1418
897
1654
1601
1076
1891
1586
890
1103
975
-181
-190
621
-186
-502
-22
-606
-1053
-1034
-1367
-1463
-1564
-1204
-1525
-1287
-244
-1397
-1190
-802
-1441
-1147
-867
-834
-579
-302
-396
-371
-357
-631
-956
-966
-1086
-551
-951
-588
62
-862
-623
-711
-950
-956
-824
-658
-492
224
745
1111
1643
1609
1305
1141
1281
1804
1717
2571
2873
2561
2843
2938
2660
2329
2154
1381
1282
1346
1151
1242
1116
451
-287
-870
-1080
-1177
-1196
-967
-1397
-1552
-1460
-1713
-1809
-1624
-1865
-2181
-1596
-1287
-1141
-212
-238
-910
-901
-886
-931
-606
-193
-330
-342
-388
-822
-1048
-751
-971
-1511
-1709
-1437
-1457
-1458
-1042
-1339
-1587
-1725
-1512
-914
299
740
771
1366
1172
993
1605
2173
2452
3106
3280
3517
4261
4604
3923
3460
3258
1992
1772
2261
2343
2241
1817
739
-82
-358
-1130
-1438
-1247
-1508
-2004
-2052
-1749
-1900
-2237
-2365
-2759
-2570
-1905
-1576
-677
-80
-414
-783
-840
-834
-636
-168
-6
266
225
-141
-415
-685
-888
-1477
-1999
-1796
-1639
-1765
-1738
-1786
-2167
-2762
-2961
-2510
-1927
-1013
202
795
851
1152
818
643
1516
1907
2559
3711
4562
4852
4957
4830
3925
3211
2821
2104
2174
2849
2700
2394
1896
718
-679
-1419
-1604
-1883
-1523
-1244
-1256
-1426
-1788
-2085
-2299
-2291
-2398
-1906
-969
-261
224
621
522
10
-399
-372
-96
182
804
852
576
377
-245
-1115
-1484
-1727
-2142
-2146
-2109
-2310
-2636
-2912
-3487
-3862
-3854
-3706
-3003
-2107
-1642
-987
108
544
485
716
1083
1566
2552
3619
4348
5319
5375
4853
4725
4536
4177
3909
3905
3387
2888
2589
2062
1361
418
-851
-1757
-1747
-1631
-1781
-1679
-1628
-2351
-3151
-3211
-2809
-2158
-1728
-1448
-960
-223
40
192
928
1033
853
837
1208
1785
1910
1702
1168
560
163
-445
-777
-651
-1263
-2269
-2870
-3150
-3634
-4074
-4205
-4331
-4569
-4850
-4405
-3511
-2798
-2555
-2267
-1037
132
460
1040
1984
2527
2916
3537
4610
5700
6052
5681
5296
5216
4834
4330
4121
3836
2934
1917
1415
1061
388
-637
-1513
-1824
-1964
-2354
-2456
-1998
-2064
-3010
-3338
-2489
-1782
-1438
-771
-226
132
371
435
930
1742
1797
1324
1485
2014
1909
1442
1215
774
-130
-973
-1527
-1697
-1736
-2544
-3435
-3655
-3946
-4737
-5109
-4785
-5000
-5401
-4926
-3802
-2725
-1824
-1246
-477
516
561
708
1993
3110
3699
4512
5477
6248
6420
5952
5423
5243
4789
4124
4123
4176
3430
2266
1243
350
-699
-1657
-2006
-1869
-1896
-2383
-2654
-2585
-2923
-3667
-3594
-2711
-2004
-1560
-899
-9
504
422
305
892
1597
1716
1846
2410
2811
2297
1530
1226
936
243
-505
-880
-1057
-1744
-2748
-3278
-3432
-4002
-4906
-4953
-4749
-5127
-5608
-5335
-4201
-3240
-2918
-2288
-881
338
635
802
1798
2891
3326
3891
5212
6513
6873
6460
6101
5902
5273
4552
4456
4809
4363
2901
1749
1131
-10
-1438
-2159
-2100
-2137
-2717
-3108
-2865
-2931
-3852
-4468
-3964
-3022
-2296
-1714
-760
353
343
-223
144
1229
1808
1942
2370
2996
3035
2292
1735
1699
1422
481
-322
-432
-709
-1813
-2851
-3135
-3461
-4275
-5006
-4889
-4447
-4691
-5462
-5648
-4768
-4032
-3897
-2891
-985
476
892
952
1453
2338
2897
3521
4852
6332
6820
6512
6450
6427
5863
4946
4386
4304
4013
3260
2562
2054
936
-905
-2292
-2346
-2068
-2380
-2852
-2944
-2958
-3524
-4140
-3656
-2597
-2137
-2066
-1518
-437
272
290
338
1182
1945
1960
2130
2893
3256
2523
1642
1460
1525
1071
293
-186
-598
-1583
-2928
-3697
-3681
-3894
-4767
-5200
-4966
-5182
-5940
-6229
-5720
-4889
-4276
-3666
-2350
-677
289
672
1192
1913
2614
3337
4659
6314
7251
7165
6837
6634
6338
5924
5621
5477
5077
4248
3202
2295
1461
177
-1273
-2164
-2357
-2418
-2624
-2944
-3285
-3557
-3864
-4048
-3561
-2614
-1983
-1780
-1340
-664
-96
513
1076
1756
2460
2709
2504
2441
2575
2151
1415
1234
1327
862
18
-742
-1505
-2335
-3253
-4014
-4191
-4178
-4748
-5510
-5597
-5592
-6203
-6590
-5916
-4686
-3719
-3045
-2139
-861
344
930
1389
2436
3679
4407
5114
6314
7234
7296
6998
6861
6814
6575
6132
5672
5085
4071
2824
1895
1313
397
-838
-1857
-2162
-2320
-2921
-3407
-3436
-3207
-3300
-3651
-3150
-2095
-1793
-2130
-1833
-763
75
530
1033
1735
2090
1814
1490
1708
2012
1565
865
833
1052
474
-585
-1137
-1573
-2502
-3536
-3841
-3587
-3825
-4704
-5271
-5185
-5262
-5667
-5559
-4743
-3847
-3470
-2846
-1592
-589
-243
485
2014
3044
3264
3940
5079
5845
6053
6081
6437
6932
6621
5882
5744
5754
4764
3251
2446
2225
1533
385
-342
-887
-1885
-2816
-2851
-2423
-2520
-3049
-3063
-2511
-2336
-2500
-2065
-1270
-1063
-1211
-453
897
1430
1239
1148
1397
1468
1178
1186
1527
1292
188
-486
-222
-277
-1242
-2060
-2232
-2659
-3463
-3833
-3670
-3622
-4316
-5095
-4848
-4071
-4082
-4334
-3590
-2662
-2655
-2334
-1016
0
336
795
1976
3287
3646
3422
3984
4970
5207
5047
5593
6428
6139
4831
4084
4323
4054
2850
2054
2143
1837
617
-347
-543
-911
-2009
-2477
-1645
-905
-1333
-1980
-1775
-1504
-1925
-1997
-999
-36
-202
-555
76
980
794
109
250
785
545
-71
84
495
12
-1148
-1519
-884
-763
-1602
-2158
-2011
-2318
-3226
-3456
-2782
-2494
-3211
-3690
-3100
-2504
-2792
-3044
-2283
-1662
-2052
-2028
-792
297
322
101
933
2385
2706
2038
2380
3594
3793
3220
3620
4716
4752
3616
2880
3338
3706
2998
2361
2614
2508
1311
282
382
529
-317
-989
-334
430
-133
-1144
-1105
-698
-1211
-1774
-1057
132
16
-1046
-1156
-269
-98
-751
-786
-71
-90
-1062
-1337
-493
-85
-865
-1403
-778
-252
-962
-1677
-1306
-941
-1631
-2194
-1486
-707
-1241
-2318
-2334
-1711
-1916
-2596
-2266
-1329
-1587
-2526
-2324
-1061
-724
-1396
-1136
456
1426
754
288
1284
2134
1797
1766
3157
4431
3906
2705
2874
3916
3918
3059
2946
3354
2787
1691
1665
2291
1931
626
88
710
895
38
-482
-206
-419
-1428
-1617
-490
167
-711
-1671
-1350
-810
-1168
-1508
-939
-484
-1061
-1671
-1149
-203
-291
-994
-941
-346
-404
-950
-802
-160
-261
-1017
-1165
-680
-704
-1422
-1758
-1369
-1229
-1876
-2296
-1957
-1869
-2505
-2932
-2532
-2052
-2040
-2077
-1559
-768
-291
-189
-18
323
688
1037
1689
2644
3231
3293
3209
3223
3356
3611
3883
3953
3774
3386
2970
2741
2628
2378
1939
1456
1021
762
670
524
264
-79
-577
-1048
-1132
-929
-893
-1182
-1411
-1404
-1412
-1490
-1380
-1053
-935
-1191
-1325
-975
-547
-447
-435
-252
-162
-351
-475
-267
-54
-233
-653
-828
-823
-1037
-1303
-1370
-1447
-1964
-2597
-2768
-2595
-2544
-2745
-2986
-3135
-3193
-3033
-2562
-1925
-1383
-843
-229
141
192
491
1228
1840
2238
2840
3675
4164
3953
3596
3747
4114
4077
3878
3898
3804
3198
2573
2331
2035
1375
843
990
1244
831
36
-321
-429
-937
-1283
-780
-173
-474
-1216
-1323
-877
-774
-965
-685
-150
-249
-754
-603
28
46
-595
-735
-241
-179
-776
-1040
-713
-851
-1719
-2120
-1621
-1387
-2045
-2652
-2549
-2546
-3178
-3452
-2772
-2096
-2379
-2949
-2810
-2433
-2535
-2432
-1415
-320
-103
-220
304
1020
939
628
1219
2260
2658
2562
2878
3479
3386
2742
2676
3384
3712
3274
2958
3038
2799
2150
1804
1975
2059
1736
1546
1677
1557
948
521
645
773
593
479
570
363
-207
-515
-267
9
-145
-416
-544
-810
-1341
-1649
-1482
-1290
-1447
-1741
-1884
-1999
-2305
-2571
-2467
-2166
-2094
-2187
-2166
-2153
-2277
-2336
-2118
-1832
-1767
-1811
-1653
-1338
-1225
-1397
-1568
-1567
-1494
-1367
-1119
-763
-551
-640
-866
-721
-186
171
166
230
556
903
1212
1654
2208
2497
2394
2369
2904
3633
3890
3788
3783
3794
3536
3311
3519
3855
3627
2953
2582
2542
2268
1702
1386
1357
1038
342
-46
46
-175
-916
-1381
-1252
-1265
-1801
-2210
-2096
-2046
-2451
-2653
-2165
-1705
-1940
-2346
-2196
-1831
-1821
-1784
-1273
-746
-851
-1244
-1183
-808
-790
-1002
-875
-600
-859
-1481
-1689
-1548
-1753
-2267
-2494
-2339
-2366
-2679
-2698
-2354
-2223
-2422
-2371
-1825
-1138
-525
-15
362
565
732
1219
2276
3403
3972
4088
4061
3966
4028
4554
5284
5630
5254
4392
3662
3413
3433
3392
3169
2653
1866
1095
677
562
480
198
-318
-865
-1221
-1315
-1261
-1253
-1424
-1675
-1842
-1838
-1587
-1206
-995
-1037
-1112
-1095
-1017
-835
-528
-324
-401
-681
-939
-1029
-1066
-1152
-1305
-1537
-1891
-2320
-2646
-2754
-2837
-3094
-3393
-3559
-3640
-3637
-3479
-3146
-2814
-2648
-2526
-2171
-1584
-999
-457
101
616
1001
1312
1679
2133
2645
3138
3492
3571
3427
3213
3129
3265
3399
3382
3206
2815
2272
1853
1734
1789
1799
1594
1195
801
573
527
681
917
995
890
797
807
917
1133
1373
1502
1440
1306
1279
1358
1372
1294
1104
737
240
-166
-372
-565
-937
-1489
-2083
-2613
-3066
-3398
-3556
-3702
-4026
-4415
-4640
-4641
-4486
-4236
-3959
-3740
-3594
-3369
-2890
-2205
-1547
-1052
-633
-192
225
608
1058
1530
1851
1975
2018
2093
2151
2117
2041
1980
1852
1563
1210
914
670
422
156
-58
-227
-411
-542
-557
-481
-367
-228
-32
213
491
840
1288
1731
2025
2256
2571
2981
3351
3608
3759
3783
3679
3513
3384
3308
3158
2812
2260
1573
854
250
-135
-450
-920
-1598
-2354
-3057
-3588
-3856
-3859
-3742
-3760
-3987
-4228
-4218
-3900
-3409
-2900
-2464
-2159
-1965
-1698
-1221
-611
-104
209
424
608
780
937
1102
1197
1112
917
782
746
673
500
262
-2
-255
-454
-545
-547
-587
-724
-859
-909
-862
-764
-592
-336
-91
45
142
361
677
1001
1271
1541
1807
1945
1982
2030
2146
2260
2264
2167
2035
1844
1618
1422
1220
971
664
356
113
-119
-366
-607
-787
-947
-1128
-1298
-1384
-1394
-1407
-1353
-1196
-1032
-924
-846
-760
-634
-437
-188
71
256
330
356
427
559
698
783
800
755
643
515
425
329
183
23
-123
-262
-398
-532
-676
-837
-975
-1047
-1044
-990
-957
-970
-989
-991
-905
-709
-472
-286
-203
-165
-91
46
242
460
626
679
625
537
501
524
557
588
561
435
212
11
-89
-123
-145
-207
-298
-392
-498
-591
-610
-561
-492
-431
-360
-293
-244
-195
-119
10
149
273
389
484
542
547
557
610
692
735
724
706
658
583
497
456
458
417
328
231
164
108
48
33
38
25
-36
-106
-118
-100
-87
-64
4
67
55
29
55
129
189
224
283
348
361
304
278
312
338
327
295
276
222
103
-13
-72
-97
-167
-260
-326
-387
-476
-563
-584
-581
-626
-709
-752
-746
-741
-760
-773
-774
-801
-853
-869
-810
-748
-723
-712
-688
-671
-667
-633
-545
-450
-390
-336
-250
-135
-45
16
94
197
285
366
457
563
639
667
666
672
698
711
722
731
726
684
614
544
476
422
375
354
344
297
202
111
88
114
163
227
290
334
341
340
392
497
610
679
726
786
839
872
910
967
994
964
902
848
784
678
554
447
324
154
-45
-214
-352
-517
-714
-905
-1077
-1263
-1448
-1575
-1651
-1718
-1819
-1889
-1906
-1910
-1888
-1813
-1683
-1557
-1440
-1314
-1143
-951
-793
-620
-414
-208
-40
98
242
378
483
576
677
756
772
758
751
759
768
756
736
704
640
570
535
554
597
619
610
597
586
580
597
653
738
801
825
833
846
875
911
935
967
986
967
918
854
785
703
599
490
392
284
141
-17
-184
-360
-532
-679
-767
-842
-935
-1039
-1135
-1201
-1247
-1273
-1255
-1214
-1198
-1200
-1183
-1136
-1081
-1027
-964
-878
-796
-728
-666
-590
-515
-451
-368
-274
-186
-124
-79
-30
16
62
114
183
250
284
307
345
394
436
469
513
553
580
605
638
688
740
794
848
895
916
920
931
951
972
979
969
950
897
825
743
653
568
483
409
336
258
158
41
-60
-144
-209
-259
-306
-372
-447
-522
-573
-589
-598
-612
-640
-674
-696
-702
-696
-686
-686
-706
-739
-764
-760
-740
-726
-735
-759
-790
-806
-788
-738
-667
-600
-549
-509
-462
-400
-318
-212
-103
-13
58
122
197
281
371
469
562
624
655
679
710
753
805
854
892
900
873
852
843
838
835
817
774
702
597
498
427
370
327
277
217
141
47
-34
-84
-115
-139
-159
-172
-185
-215
-238
-239
-232
-223
-214
-204
-196
-206
-235
-259
-266
-270
-273
-286
-305
-327
-361
-374
-366
-357
-359
-378
-411
-454
-486
-496
-498
-501
-524
-557
-581
-591
-591
-575
-548
-529
-507
-479
-425
-348
-274
-201
-127
-53
34
148
277
419
548
636
696
742
793
861
941
1008
1047
1034
983
923
869
835
815
780
721
636
520
401
304
222
149
83
9
-83
-192
-291
-360
-400
-426
-438
-435
-438
-446
-453
-443
-403
-355
-303
-252
-204
-181
-178
-165
-134
-94
-64
-42
-37
-65
-121
-178
-218
-251
-284
-324
-368
-427
-500
-556
-587
-596
-590
-582
-563
-544
-529
-500
-441
-355
-261
-164
-61
38
124
212
312
425
531
620
693
756
800
831
862
883
886
868
832
791
732
657
571
489
405
318
234
148
53
-50
-137
-198
-233
-260
-292
-324
-358
-383
-383
-355
-309
-264
-233
-213
-187
-159
-118
-67
-27
5
21
16
4
-9
-19
-34
-59
-95
-141
-199
-269
-327
-381
-425
-461
-504
-543
-580
-607
-613
-596
-564
-527
-489
-438
-381
-314
-231
-132
-28
68
156
237
319
396
475
560
632
679
702
716
722
723
722
717
705
662
596
526
462
400
343
296
243
167
79
2
-53
-85
-104
-105
-109
-129
-166
-191
-190
-169
-131
-92
-53
-40
-55
-65
-55
-33
-11
6
5
-18
-67
-112
-135
-146
-165
-197
-239
-287
-339
-385
-406
-411
-418
-436
-458
-476
-490
-491
-471
-437
-407
-382
-350
-309
-263
-211
-148
-75
-8
47
100
155
206
249
292
336
367
381
385
385
381
369
356
349
338
320
299
277
259
238
220
206
200
196
181
167
152
137
125
113
111
107
95
86
79
71
56
40
24
18
9
-3
-18
-38
-62
-92
-114
-129
-132
-144
-168
-187
-206
-225
-230
-230
-222
-219
-220
-215
-201
-187
-176
-155
-133
-108
-90
-71
-44
-19
2
23
48
70
79
80
92
105
110
116
122
124
110
93
87
91
91
85
80
77
67
49
38
35
28
22
21
16
14
1
-12
-24
-39
-52
-65
-71
-85
-108
-130
-149
-167
-186
-204
-212
-220
-230
-235
-233
-230
-233
-234
-223
-204
-180
-149
-123
-98
-78
-59
-37
-2
34
68
94
114
130
145
170
193
216
237
251
261
268
278
287
296
302
307
311
311
312
312
322
327
327
327
321
315
305
296
293
291
283
277
273
256
235
215
195
175
147
115
82
37
-20
-73
-126
-177
-233
-292
-348
-407
-470
-529
-573
-610
-642
-676
-704
-725
-746
-759
-753
-736
-714
-691
-668
-638
-608
-571
-515
-447
-379
-317
-257
-194
-132
-75
-12
54
120
178
227
275
317
340
364
388
411
434
453
472
488
500
503
515
525
534
545
560
580
590
600
609
621
625
625
625
625
630
617
596
568
534
489
434
389
345
286
214
132
52
-31
-120
-204
-281
-361
-454
-543
-621
-694
-751
-797
-832
-847
-860
-869
-860
-839
-817
-786
-739
-684
-624
-565
-500
-420
-343
-280
-214
-138
-76
-25
32
82
129
157
170
183
195
195
192
196
195
189
182
180
178
172
169
176
188
196
203
220
243
266
284
308
342
376
396
417
446
460
458
442
435
437
421
401
382
342
282
215
151
83
28
-26
-95
-164
-231
-309
-374
-419
-465
-506
-530
-553
-573
-586
-587
-577
-545
-513
-481
-417
-352
-311
-249
-172
-109
-36
43
93
140
195
222
251
305
337
359
385
372
346
345
327
301
307
298
265
261
243
201
188
209
169
138
149
122
117
154
158
162
205
187
155
158
147
101
107
76
12
7
-8
-45
-70
-101
-179
-227
-285
-369
-406
-437
-509
-564
-605
-678
-707
-694
-731
-738
-706
-709
-695
-642
-599
-558
-478
-412
-335
-213
-105
-6
111
192
255
342
418
496
567
645
684
717
742
744
756
747
713
672
631
598
531
487
445
386
341
275
211
181
151
95
63
46
13
-4
16
4
26
51
41
51
55
46
30
50
46
11
16
9
-40
-73
-98
-166
-223
-274
-365
-436
-483
-568
-650
-690
-741
-785
-808
-835
-834
-796
-763
-746
-690
-628
-578
-500
-392
-305
-150
-5
77
203
324
426
507
618
668
710
763
779
780
791
782
733
722
658
562
512
452
315
241
175
58
37
3
-91
-117
-118
-225
-249
-229
-247
-233
-162
-168
-162
-54
-63
-42
45
80
66
127
142
111
183
193
134
162
120
0
33
-12
-113
-140
-183
-322
-383
-417
-540
-532
-540
-607
-643
-642
-626
-612
-563
-472
-477
-405
-315
-300
-157
-4
44
146
268
294
377
494
513
569
633
609
661
663
702
714
640
583
477
401
349
332
257
229
187
22
-26
-50
-123
-110
-152
-216
-217
-249
-216
-202
-125
-111
-158
-41
-53
-5
98
99
109
136
156
96
175
226
98
80
53
-24
-8
-52
-160
-185
-241
-388
-458
-409
-508
-512
-542
-673
-618
-601
-562
-569
-486
-458
-513
-386
-342
-267
-117
-47
-18
-8
140
141
141
345
271
315
388
278
331
421
392
320
312
277
152
177
225
89
167
213
68
92
136
67
22
69
75
145
161
274
248
209
315
218
215
412
406
365
533
486
387
423
347
278
353
307
264
229
87
94
-53
-170
-78
-241
-229
-310
-389
-347
-573
-407
-435
-619
-413
-579
-595
-387
-464
-630
-469
-357
-668
-345
-142
-620
-119
-144
-678
-163
-224
-426
-84
-48
-225
-128
-45
-180
-93
-31
-103
-24
16
54
-38
179
244
-9
181
236
67
408
408
296
457
562
311
490
607
407
685
572
558
591
569
643
475
552
594
247
484
409
262
514
180
128
227
176
-54
197
30
-228
169
-239
-255
10
-92
-261
-239
-217
-433
-425
-180
-431
-545
-239
-760
-729
-285
-714
-787
-375
-853
-775
-663
-770
-787
-497
-575
-712
-594
-565
-278
-638
-118
-242
-319
88
79
-178
268
381
-27
585
255
489
460
572
661
419
554
889
315
645
1073
25
749
642
250
390
732
227
242
787
-118
333
448
38
331
258
273
217
131
573
-9
223
583
-192
410
397
163
-73
608
-108
-451
582
-466
-473
412
-679
-501
-95
-965
-432
-652
-744
-720
-797
-906
-786
-795
-1135
-554
-1012
-911
-335
-1122
-619
-157
-977
-189
-316
-532
9
-93
-112
360
123
-48
768
36
380
676
181
620
720
56
586
671
182
612
241
418
472
298
383
387
331
435
471
69
801
231
400
806
346
564
733
535
382
818
438
473
654
495
351
475
388
97
365
-153
155
-143
30
-402
-428
-25
-952
-499
-675
-915
-721
-713
-1102
-870
-589
-1077
-1138
-328
-1103
-843
-339
-992
-373
-469
-443
-333
-261
-5
-546
163
72
-299
260
8
-59
53
208
-104
-86
444
-209
-101
360
-311
261
145
-300
321
-22
13
78
395
161
296
492
113
763
500
487
744
676
613
707
784
810
827
735
795
575
628
533
545
481
440
426
-154
474
-225
-98
-111
-236
-305
-423
-193
-785
-208
-593
-468
-605
-594
-451
-467
-529
-338
-292
-532
43
-503
-118
-103
-76
-376
177
28
-574
512
-383
-122
-35
-324
-167
-261
-149
-276
-372
-217
-453
-475
-316
-439
-359
-490
-11
-519
-289
185
-553
-83
352
-384
56
480
-28
365
497
360
249
711
458
263
744
739
256
787
590
266
560
444
301
133
581
2
-82
522
-107
-91
163
-111
-109
-219
200
-290
-140
297
-590
171
8
6
169
10
254
-175
463
182
-67
801
97
-90
428
153
82
-3
472
-158
-56
238
-465
71
-195
-209
-425
-405
-104
-1011
-49
-471
-761
-139
-689
-565
-495
-260
-610
-422
13
-840
-66
-418
-243
255
-554
293
-181
-190
419
-216
200
381
49
-96
280
159
-171
466
-6
-165
335
-246
21
285
-287
269
-302
-124
121
-369
257
-121
25
-62
121
-195
306
272
-77
497
111
275
182
635
79
712
316
276
575
235
723
112
841
123
494
229
247
298
24
396
-239
192
-93
-40
-73
-7
-240
-104
-319
-207
-217
-324
-124
-297
-207
-384
-178
-335
-105
-121
-269
12
-100
-283
58
-141
-79
-22
-76
-136
-70
52
-175
87
-91
61
-294
51
-166
-277
-65
-115
-335
-119
59
-616
217
-312
-414
-98
-245
-322
-121
-18
-251
-30
-114
-159
43
-96
3
286
-182
567
63
358
370
402
234
178
614
-54
714
401
163
621
120
214
145
6
529
-380
472
-31
-352
499
-525
190
-393
49
-294
-428
337
-495
205
-101
-177
3
-292
2
-20
-89
251
-118
162
119
150
226
6
421
-226
215
57
-98
378
-186
283
-133
-33
62
-264
-55
-172
-250
-88
-380
-15
-450
138
-385
-309
0
-614
131
-319
-5
79
-126
10
30
-117
178
-138
368
-165
342
153
-179
905
-673
635
-33
-368
400
-299
243
-8
-49
-9
-238
-51
-441
-114
24
-678
355
-497
-119
224
-546
195
-187
-225
54
-114
117
232
152
215
55
316
114
259
131
196
562
-80
512
308
107
300
222
-38
203
224
-63
256
193
140
-190
345
-185
-25
129
-211
162
-129
261
-386
217
50
-295
148
-117
-130
-58
-29
-145
-23
-2
-137
-211
118
-283
-157
-100
-199
-232
-236
-27
-456
-95
-38
-576
-77
-22
-654
78
-351
-220
17
-329
126
-399
280
-284
-137
272
-269
426
-236
313
230
-36
526
-274
348
328
-256
497
77
267
401
-132
738
-423
640
-96
-7
736
-343
816
-372
648
-47
-96
592
-500
565
-78
43
380
-13
402
-233
129
137
-451
462
-418
213
41
-88
88
-416
577
-833
2
44
-805
83
-231
-151
-335
-169
-171
-931
288
-770
-483
172
-675
31
-607
226
-536
-251
138
-915
301
-383
-89
160
-171
378
-391
107
72
-447
517
-209
203
295
-39
455
-135
641
-81
187
420
-75
530
221
374
655
4
658
136
258
568
13
741
172
427
490
96
522
146
155
350
-129
401
-50
228
392
-360
414
-445
-7
-165
-196
-162
-168
-97
-399
-291
-189
-433
-463
-130
-867
-60
-637
-109
-547
-187
-305
-724
-93
-667
-228
-390
-204
-395
-280
-273
-183
-363
30
-292
-346
177
-546
192
-118
28
11
55
18
90
100
142
294
96
359
174
456
354
449
433
472
506
357
494
660
364
744
556
230
930
65
614
467
332
575
2
604
103
253
377
-223
370
-264
7
-93
-262
214
-669
106
-526
-388
-274
-720
-162
-701
-299
-719
-514
-253
-673
-431
-496
-608
-467
-670
-334
-481
-416
-168
-655
-102
-324
-505
-76
-350
-160
-414
-46
-193
-139
311
-301
136
-53
131
-58
213
393
152
480
388
313
545
486
424
620
566
554
628
852
541
891
642
471
685
478
442
522
506
496
397
333
301
41
290
-159
84
-62
-266
-45
-179
-188
-201
-451
-285
-587
-558
-197
-888
-16
-672
-358
-518
-623
-201
-911
-99
-700
-514
-353
-404
-472
-282
-389
-405
-396
-452
-248
-367
5
-361
-56
-296
-94
-43
-328
271
-282
135
89
51
149
285
290
184
440
155
516
262
676
434
513
693
416
697
483
696
453
789
379
519
647
359
509
466
353
264
383
39
362
121
31
76
9
-218
7
-248
-100
-234
-355
-169
-545
-244
-407
-401
-392
-381
-600
-491
-427
-478
-475
-316
-639
-489
-258
-710
-196
-584
-396
-303
-690
-168
-462
-338
-180
-307
-294
-298
-135
-278
-29
51
-282
256
66
-3
435
-54
498
57
338
379
159
821
322
566
638
484
521
611
565
618
493
622
501
513
643
444
523
540
243
291
460
173
397
20
403
-107
96
130
-405
327
-414
-114
-174
-421
-86
-434
-260
-299
-555
-254
-572
-314
-557
-391
-309
-803
70
-846
-375
-182
-815
-82
-712
-307
-416
-496
-11
-755
-87
-265
-559
-99
-380
90
-531
133
55
-594
649
-404
160
332
-149
483
-87
502
310
38
805
64
432
591
301
667
273
867
123
584
739
-96
853
326
296
576
137
445
211
170
362
-74
289
-11
-61
153
-98
105
-188
49
-46
-400
112
-267
-196
-95
-309
-38
-341
-23
-260
-247
-137
-441
-249
-261
-310
-206
-348
-300
-278
-458
-153
-474
-252
-234
-479
-170
-292
-282
-98
-219
-230
-44
-292
-45
-85
62
50
-9
268
-6
305
137
174
418
70
392
410
136
603
238
273
468
130
394
268
379
174
124
429
-166
271
208
-102
307
-98
120
-82
-69
154
-312
142
-152
-111
166
-343
89
-110
-140
59
-320
71
-211
-99
-39
-180
-114
-200
-54
-156
-239
-120
-182
-161
-164
-240
-157
-164
-155
-81
-255
-259
88
-338
-13
-57
-191
150
-177
200
-45
154
72
46
252
-13
297
106
287
404
-19
368
385
-128
530
15
227
239
31
485
-203
513
-109
44
277
-344
278
-178
148
3
-215
298
-336
66
34
-265
199
-348
111
-147
-258
263
-454
107
-85
-249
60
-419
189
-457
-104
177
-603
211
-225
-214
-203
-138
-123
-514
210
-328
-239
67
-89
-174
-12
-49
-218
-10
-15
42
-203
349
12
-3
380
48
110
228
184
-65
439
107
303
172
380
137
96
361
-36
370
-56
449
-23
88
388
-114
244
122
-131
62
98
-15
17
30
141
-156
37
-58
-84
23
-101
4
-272
237
-220
-227
315
-485
-67
-38
-344
-88
-146
-36
-323
22
-230
-226
-142
-41
-240
-279
127
-386
-109
38
-185
-163
118
-57
-193
164
34
-154
158
138
-185
225
103
202
-60
250
249
-305
669
-148
143
393
-94
252
-11
364
-75
7
344
-240
155
122
-21
76
-87
224
-457
166
113
-494
426
-299
76
5
-234
309
-358
91
24
-190
109
-20
-65
-56
212
-298
-129
212
-347
124
-2
-125
85
-220
78
-191
-72
-102
-87
-59
-139
171
-263
140
-56
-202
162
-211
140
5
50
50
-8
119
45
30
120
71
106
53
172
163
34
283
-20
200
71
-1
247
-96
114
86
45
81
48
75
0
-45
46
-165
-41
56
-220
-111
157
-259
-110
217
-422
31
-19
-290
-18
-27
-58
-188
64
48
-326
128
-139
-12
-93
-8
105
-275
475
-329
64
249
-327
245
-160
132
-21
-129
255
-274
185
-35
-171
287
-331
247
-145
60
296
-395
520
-183
77
291
-283
414
-164
187
111
-33
381
-241
301
119
-54
272
-217
296
-12
-117
181
-192
302
-210
-10
84
-273
257
-381
1
33
-311
105
-241
-43
-36
-311
176
-385
95
-138
-357
281
-489
93
-95
-132
81
-251
205
-294
101
33
-379
375
-195
-65
282
-230
193
-70
11
97
-92
245
-134
234
120
-34
310
-58
186
23
115
97
110
212
-6
328
-44
243
-1
70
165
22
152
53
210
21
169
49
36
129
-70
-42
72
-104
65
-143
-41
-8
-221
-13
-259
-36
-218
-203
-115
-242
-170
-227
-182
-140
-334
-22
-412
-19
-185
-385
153
-403
15
-195
-71
-3
-194
16
8
-148
101
-54
32
97
31
154
-125
330
-64
152
217
-23
255
117
143
176
251
236
-8
396
114
100
422
20
408
139
284
263
188
409
-10
343
220
5
357
53
189
171
8
176
-96
129
-29
-149
193
-342
90
-135
-264
16
-336
-134
-319
-252
-314
-320
-126
-398
-241
-265
-289
-246
-346
-178
-271
-270
-230
-365
-73
-222
-254
-87
-143
-170
-193
-11
-129
-97
-27
-86
-35
5
-9
-49
76
84
-147
225
74
86
142
194
113
111
256
112
247
203
322
120
337
355
105
426
360
194
294
364
231
249
277
250
109
378
69
102
236
1
123
-84
193
-151
-42
64
-228
20
-103
-227
-79
-143
-253
-183
-270
-83
-454
-83
-238
-343
-33
-490
25
-429
-130
-286
-222
-69
-371
-4
-251
-128
-159
-224
-16
-158
-232
89
-291
163
-189
-105
246
-298
279
-137
96
145
-41
202
66
144
169
127
190
251
166
152
228
248
220
270
275
371
201
242
262
134
321
118
146
290
75
178
216
45
140
-22
-38
104
-75
-88
80
-140
-101
-6
-207
-49
-160
-190
-165
-223
-109
-255
-95
-131
-225
-166
-233
-77
-402
-89
-123
-384
94
-191
-259
78
-181
-221
51
-175
-176
60
-125
-37
67
-84
135
-54
-18
152
-110
62
132
33
47
315
-36
164
298
-73
304
63
151
100
157
176
51
196
93
102
159
-24
200
13
-32
235
-267
309
-128
73
98
-179
119
-167
51
-159
32
-2
-218
48
-34
-166
91
-270
-23
-82
-159
-30
-258
104
-193
-150
24
-141
-69
-120
-42
-155
-119
78
-301
141
-49
-96
87
-118
153
-223
138
24
-186
192
-17
34
124
48
145
-99
283
43
-150
385
-76
81
197
105
-14
224
16
2
102
-12
192
-140
279
9
-43
172
31
0
33
18
-29
150
-155
223
24
11
55
20
-34
74
-32
-169
275
-260
24
67
-46
4
-44
49
-206
130
-192
-40
16
-129
-75
-54
55
-184
7
-25
-195
-7
-88
-22
-50
-1
-48
-96
-10
-90
-29
-44
11
-56
-72
59
44
-81
172
-34
-48
156
-216
221
-59
21
97
-56
36
-28
72
-142
128
-185
-69
-15
-50
-57
34
-62
25
-124
2
82
-178
242
-194
21
90
-57
-8
167
9
-4
184
-33
173
-6
246
-92
64
117
0
123
64
218
-254
241
-22
-170
263
-95
49
32
58
-90
64
126
-258
126
-38
-175
74
-14
-25
22
-24
40
-107
122
48
-165
254
-120
54
49
41
-35
32
153
-178
1
64
-112
-135
28
-91
-73
-114
-31
-126
-88
11
-320
96
-94
-203
59
-78
36
-145
55
-36
-83
145
-302
144
-37
-226
281
-240
147
-12
-125
222
-246
166
-108
11
92
-175
178
-170
130
-17
-76
108
-69
162
-83
19
159
-198
289
-50
-11
349
-221
350
27
125
246
64
232
75
247
66
157
107
172
82
79
159
63
58
74
88
-69
77
-2
-91
78
-141
-21
-43
-133
2
-242
68
-241
-78
-14
-275
42
-284
-3
-143
-191
-60
-141
-38
-230
-55
17
-285
84
-128
-158
156
-325
177
-250
15
-36
-173
165
-249
115
-242
108
-120
-123
77
-153
58
-162
67
-62
89
-47
-4
33
137
-55
139
193
22
191
42
212
68
358
10
252
195
82
137
179
71
23
234
-104
222
3
58
50
66
-12
21
-8
14
56
-93
115
-156
77
-34
-2
-116
151
-90
-100
199
-221
161
-39
4
-100
30
-82
-174
82
-115
-101
-44
-54
-172
-8
-181
-73
-194
-68
-154
-229
115
-267
23
-125
-79
-70
-77
21
-146
60
-76
-58
-21
92
-54
89
55
49
-17
131
77
-13
272
-188
262
-25
94
154
-117
338
-225
106
47
-3
81
-24
154
-151
219
-26
-25
177
-141
126
-52
18
72
-15
149
34
73
69
66
-67
15
22
-50
-41
150
-127
93
-1
-173
179
-241
77
-159
36
-83
12
32
-155
171
-221
122
-136
-6
5
-34
-48
-9
-14
-52
-11
-60
7
-51
54
-163
263
-243
134
6
-99
198
-117
156
-67
127
-143
85
35
-155
173
-112
14
62
-61
-23
8
-121
32
-139
-85
116
-177
119
-62
-3
-61
-71
63
-189
268
-264
95
130
-166
110
-70
88
-46
-52
18
47
-49
120
-58
45
91
-59
-80
141
8
-119
231
-134
104
10
61
24
61
103
-85
244
-98
215
95
-53
302
-64
85
188
-51
215
-126
141
23
-8
196
-109
210
-185
155
-66
-104
143
-273
72
-65
-170
-39
-49
-176
-99
-161
-78
-138
-7
-224
-44
-87
-196
3
-247
46
-173
-95
-81
-73
-112
-37
-98
-194
38
-220
-20
-50
-106
-37
61
-138
109
52
-50
83
63
-16
91
69
71
184
30
212
144
124
221
152
142
224
140
136
230
231
23
332
133
74
299
-61
292
-8
145
132
-4
274
-111
196
9
31
22
-71
122
-161
44
-51
-125
32
-219
-116
-92
-297
-85
-254
-233
-164
-308
-166
-363
-93
-397
-158
-197
-317
-88
-296
-62
-351
4
-204
-187
40
-312
26
-168
-88
-2
-152
31
-23
-1
24
135
-30
103
191
-100
263
191
28
339
140
150
317
160
272
209
224
219
258
234
302
343
187
377
197
148
333
119
116
225
122
102
162
138
18
118
11
-19
-6
5
-84
-25
-57
-52
-64
-238
41
-324
-185
-124
-314
-177
-224
-233
-309
-87
-367
-189
-183
-379
-200
-299
-319
-172
-291
-280
-13
-433
-22
-135
-384
95
-266
-108
-124
-24
-45
-140
197
-187
144
70
-69
180
14
177
129
123
347
152
161
370
123
243
259
215
197
329
256
221
350
259
129
290
237
74
268
112
177
137
111
166
-33
204
-19
-5
101
-92
84
-65
15
-107
-62
29
-236
56
-175
-206
-81
-281
-97
-242
-199
-166
-180
-206
-255
-113
-276
-205
-138
-332
-59
-197
-282
-55
-148
-230
-87
-96
-196
19
-139
-111
82
-116
-6
61
-20
77
68
141
30
136
126
93
242
51
268
150
176
217
160
154
193
202
117
244
98
202
104
195
49
132
116
-10
138
-25
116
-14
53
34
-52
28
-48
-17
-81
-42
-80
-119
10
-188
-20
-70
-190
-77
-187
-93
-219
-74
-140
-130
-113
-165
-36
-156
-102
-116
-123
-9
-115
-114
55
-173
61
-112
-41
62
-143
-2
-10
41
-120
154
-24
44
206
-54
205
189
42
245
111
209
268
47
269
142
145
103
138
121
103
197
33
105
105
-41
62
-63
31
7
-155
81
-156
-22
-71
-110
-59
-79
-60
-173
4
-92
-193
-61
-101
-130
-75
-137
-56
-143
-83
-119
-126
-50
-127
-88
-112
-81
-110
-102
-19
-117
-116
-43
-79
-55
-58
-35
-57
12
-38
14
82
24
64
41
59
121
89
97
205
76
122
127
199
138
178
161
131
167
130
132
227
146
74
227
39
185
84
-6
139
-16
39
40
26
24
-10
-23
-4
-87
-2
-135
-29
-88
-151
32
-191
-2
-79
-111
-98
-49
-119
-93
-75
-125
-46
-129
-65
-113
-35
-167
-76
-131
-104
-59
-214
-84
-64
-66
-95
-38
-25
-40
-49
-38
-20
35
-17
-36
79
19
72
20
26
125
-52
94
46
132
29
79
75
55
161
-49
185
-35
131
80
-4
162
19
72
64
69
80
67
26
91
6
62
48
6
23
5
-15
-15
64
-83
44
-37
-98
46
-114
11
13
-71
-31
0
-81
-8
-28
-70
-60
-19
-64
-23
46
-71
7
-42
-123
21
-78
-74
40
-119
29
40
-63
34
48
-58
-5
56
-105
53
4
-69
107
-42
-8
53
-25
56
5
3
39
48
16
-9
60
-37
80
-19
16
35
8
-11
-17
-2
-96
9
-75
-34
-74
5
8
-12
1
-39
15
-6
79
-76
50
-18
-68
116
-61
90
-53
20
-18
-44
127
5
90
-31
-85
8
-65
98
10
-25
-1
-82
25
-13
102
25
-30
17
-91
75
2
74
58
-19
94
-8
152
72
81
89
5
57
40
24
61
25
-28
63
-21
-34
14
-47
-40
-13
-76
-20
-44
-83
-39
-64
-39
-1
-44
-74
28
-83
-56
29
-47
-48
-6
-93
5
-22
-98
2
-41
-11
-12
-27
-42
12
-72
-21
65
-88
-26
-31
-77
5
8
-66
39
-15
-30
38
-13
69
43
-16
-8
111
5
77
97
25
100
21
68
88
98
33
56
17
52
86
-9
93
64
4
47
23
7
47
-31
-20
-19
10
-93
-32
-66
-82
-9
-125
16
-43
-79
-15
-57
1
8
-38
-4
-30
-1
34
-14
38
37
-22
23
35
-12
-6
26
-56
19
-50
-98
48
-87
-36
-40
-75
-43
-6
-85
-2
40
-65
76
-34
-8
111
38
17
102
22
46
113
36
86
138
1
61
73
-32
70
-4
-50
9
-94
-53
17
-63
-23
-11
-62
-17
9
-17
4
30
-37
22
27
-8
77
-1
1
33
-27
54
38
-18
-1
-51
-55
-39
-63
-43
-78
-34
-99
-52
-36
-92
-19
-147
1
-70
-41
55
-52
59
-11
8
36
35
55
56
62
44
78
69
31
81
19
3
78
-40
54
23
10
33
-22
27
-44
34
-39
26
-9
-34
46
-47
54
5
21
31
31
-6
22
52
2
93
-13
-4
56
-27
17
26
-34
3
-20
-76
3
-17
-45
-5
-64
-53
-41
-60
-42
-26
-68
-71
-20
-84
10
-26
-33
14
-16
10
-11
24
4
45
11
4
43
-2
64
12
24
37
-11
57
13
29
25
-8
-9
4
33
-4
31
-9
-1
27
-19
46
-4
5
-14
3
2
36
21
-9
29
-35
36
3
16
5
-10
-29
-25
-4
-18
-6
-24
-39
-23
-35
-50
-17
-59
-28
-53
-43
-25
-59
-32
-44
-15
-26
-6
-17
-4
-6
4
7
10
13
4
-3
45
45
25
76
11
58
25
40
50
34
39
9
30
30
21
23
13
17
38
13
46
31
47
16
31
22
9
48
2
42
5
42
14
34
23
-11
36
-28
39
-15
-17
4
-41
2
-35
-30
-44
-47
-66
-77
-50
-76
-68
-61
-64
-39
-40
-53
-39
-74
-40
-52
-44
-6
-43
-1
-54
-27
-17
-32
-9
-30
-19
-18
-15
9
-11
-2
6
-35
28
-17
37
14
12
44
-9
57
15
35
40
10
52
13
49
45
51
76
46
74
23
70
48
55
81
12
60
27
47
66
36
61
5
29
15
16
30
-6
28
-5
-4
5
-5
0
11
-22
-16
-8
-36
-11
-11
-48
-8
-35
-36
17
-37
-7
-31
-24
-27
-42
-35
-48
-27
-67
-35
-49
-40
-56
-60
-63
-59
-64
-73
-44
-42
-37
-29
-33
-29
-11
-23
-4
6
14
29
18
20
36
24
29
28
15
42
29
50
46
31
53
30
44
32
36
17
27
23
18
28
26
16
31
14
17
37
4
31
-3
27
19
2
32
-17
24
2
19
2
2
-5
-15
-6
-21
14
-17
1
-23
-26
-20
-32
-15
-27
-20
-31
-12
-25
-7
-22
-15
-6
-39
12
-45
2
-30
-18
-5
-13
-9
-20
-20
-37
-16
-36
3
-29
5
-28
-14
2
-25
15
-12
3
-1
-5
7
1
23
8
39
16
29
37
15
49
20
24
25
13
26
14
12
18
2
21
0
7
-2
-20
0
-14
14
-13
10
5
6
31
-8
33
3
26
11
1
17
-12
24
-5
13
7
-14
-9
-22
-16
-15
-10
-19
-14
-28
-24
-9
-18
-20
-5
-28
-6
-6
-17
19
-16
2
-22
-9
-1
9
22
-6
26
-2
23
14
4
6
-9
-2
3
-1
14
1
11
26
1
28
-9
21
7
-2
26
1
32
1
25
8
13
10
-5
12
-13
16
-11
10
-1
-3
-2
-11
-2
-27
3
-22
-13
-29
-26
-13
-46
-3
-40
-13
-29
-31
-7
-40
4
-32
-9
-13
-22
-7
-23
-5
-5
-3
6
-13
2
-11
-3
-8
-9
8
-11
19
-7
10
5
12
0
17
-6
18
6
11
24
-10
34
-12
37
5
4
32
-8
40
3
24
35
-5
41
-5
27
22
11
41
13
39
16
27
31
12
37
16
25
15
-15
28
-28
7
-14
-19
-10
-35
-9
-23
-6
-20
-4
-8
-17
-6
-28
0
-16
-10
4
-5
16
-14
5
-15
-2
-10
-10
-9
-12
-15
-20
-28
-15
-27
-30
-8
-37
-17
-22
-26
-13
-25
-7
-5
2
5
5
17
3
22
-6
6
1
2
4
15
14
11
23
6
28
17
3
4
3
-5
3
-5
2
6
2
0
0
-3
7
2
0
5
7
8
11
28
-1
34
11
18
36
-10
27
-10
8
-5
-1
17
-1
15
-18
15
-9
7
-7
-17
-13
-15
-19
-10
-16
-19
-7
-26
-6
-19
-2
-13
8
-16
-8
-7
-25
-2
-17
-1
-1
3
7
-1
4
-4
10
-9
0
11
-3
25
-2
6
5
-3
12
-9
5
-14
-5
4
-7
10
-9
8
1
-5
-3
-11
-1
-1
-3
1
-2
-8
-5
3
8
3
10
-8
-1
-1
0
12
5
5
6
9
-3
4
-2
5
8
1
1
7
0
11
6
14
13
12
5
17
-2
8
9
11
16
2
17
4
27
1
14
15
4
19
-8
8
-1
0
4
-4
11
3
5
0
-13
11
-4
1
16
-13
23
-20
0
-6
-19
9
-23
4
-20
-12
-11
-27
0
-39
-6
-36
-20
-14
-28
1
-28
-3
-36
-15
-19
-18
7
-25
10
-8
-1
8
-2
16
-11
9
-11
14
3
1
10
-12
1
-19
0
-4
2
-6
-7
-7
-4
5
-3
6
1
4
-1
4
5
12
6
4
4
0
8
10
10
14
8
12
10
11
13
1
8
-16
18
-7
9
9
-3
16
-9
21
1
10
3
3
4
-1
11
1
6
12
6
11
8
4
6
3
-1
4
-9
8
-5
10
5
-3
18
-15
18
-13
3
-1
-29
-2
-35
5
-22
-3
2
-13
12
-19
4
-13
-20
-3
-25
1
-13
-12
-4
-17
13
-12
9
-3
-8
6
-11
14
-10
4
0
-2
10
-5
20
-2
4
1
-2
13
-5
13
2
8
23
7
20
5
17
3
14
7
14
26
7
28
9
24
12
19
13
8
8
-13
8
-6
13
13
-1
5
-16
-3
-14
-10
-12
-29
-10
-40
-26
-33
-29
-26
-31
-22
-35
-23
-36
-21
-14
-16
-17
-19
-19
-13
-11
-8
-11
-2
-4
-4
5
-12
2
-8
4
-2
3
5
5
14
1
26
12
24
20
18
27
13
27
15
24
23
20
30
28
34
28
31
21
26
28
22
26
17
21
11
10
0
9
4
5
10
4
11
2
5
-1
-2
-6
-8
-12
-17
-21
-23
-25
-23
-23
-34
-21
-41
-33
-42
-50
-35
-47
-32
-43
-37
-35
-30
-29
-27
-24
-25
-23
-13
-23
-16
-11
-24
-7
-13
1
2
-1
12
14
15
22
8
18
18
19
28
18
35
23
42
35
43
52
44
62
45
44
39
48
50
58
43
45
43
36
43
25
31
5
22
-2
5
7
-3
15
-7
1
-6
-11
-3
-15
-5
-14
-26
-22
-38
-23
-40
-35
-36
-39
-33
-45
-41
-43
-44
-44
-52
-42
-45
-42
-39
-55
-40
-51
-42
-37
-39
-31
-33
-29
-29
-25
-14
-10
-3
-13
6
-1
5
10
9
30
18
30
22
22
26
24
34
32
46
39
44
44
36
53
37
43
38
35
41
33
40
31
42
37
37
37
27
46
30
35
30
25
28
15
22
13
12
7
-1
-1
-5
-6
-9
-17
-10
-23
-17
-27
-33
-26
-43
-36
-54
-36
-43
-36
-44
-47
-30
-53
-32
-46
-29
-32
-35
-22
-30
-15
-33
-19
-21
-17
-16
-22
-24
-26
-23
-20
-6
-10
0
-2
18
9
5
0
-4
9
6
18
12
15
20
17
27
25
20
26
19
40
28
36
36
29
35
22
37
25
30
19
21
18
12
13
4
6
-2
-2
-6
-1
-4
-5
-6
0
5
-1
4
-1
3
0
-1
5
2
2
-1
2
1
-3
-8
-13
-13
-16
-10
-9
-9
-12
-10
-11
-4
-15
-13
-12
-17
-8
-18
-5
-16
-6
-5
-9
0
-10
5
-7
2
-4
-6
0
-4
11
-3
2
-12
-2
1
-1
-4
-10
-2
-2
3
4
11
7
10
0
-1
10
1
14
9
13
6
6
4
-3
7
-5
6
2
-2
5
-1
7
-2
0
-6
-1
-1
-7
6
-1
-1
-2
-15
-8
-16
-10
-5
-5
3
-1
12
-5
1
-1
2
5
-5
4
-7
3
-1
0
13
10
20
7
13
9
8
10
