-3
-3
-4
-2
0
2
1
4
3
4
5
3
2
1
2
2
2
-2
-2
-4
-4
-2
-1
-1
-4
-1
0
-1
-2
-2
-2
-2
-3
-2
-1
-1
0
1
1
1
1
0
-1
-1
-1
-1
-3
0
2
0
-2
-4
-6
-6
-3
0
-3
-7
-8
-9
-8
-5
-5
-4
-1
0
2
2
2
4
6
7
7
8
6
7
7
7
7
8
8
6
6
6
4
1
1
-2
-4
-1
1
-1
0
1
0
-1
0
5
6
2
3
5
8
10
9
10
8
9
10
8
6
4
2
2
-2
-1
0
-2
-4
-2
0
-3
-6
-6
-3
-3
-2
1
1
1
1
3
2
1
1
2
1
0
0
-3
-2
0
3
3
1
-4
-6
-6
-3
-3
-8
-10
-7
-5
-6
-6
-4
-2
-2
-3
-3
-3
0
1
0
-2
-2
0
1
-1
0
0
-1
-2
-4
-5
-5
-3
-4
-2
-1
-1
-4
-6
-2
-1
-2
-1
-2
0
3
3
3
4
4
3
4
4
4
5
4
2
1
1
0
-2
-1
2
0
-4
-5
-3
-3
-1
-1
-3
-8
-6
-4
-6
-4
0
1
-2
-5
-3
-1
-1
-1
-3
0
0
-2
-3
-1
0
-1
1
0
0
0
-1
1
1
1
0
0
2
4
5
5
6
5
6
5
3
5
7
8
7
7
8
8
3
1
2
0
1
3
2
2
4
4
1
0
-1
1
3
3
1
-1
-1
0
0
0
-1
1
2
0
3
5
5
2
4
5
2
2
3
3
1
-1
-1
0
-3
-3
-3
-1
-1
0
-2
-3
-2
-2
-3
-4
-4
-5
-3
-5
-4
-3
-4
-4
-4
-2
-2
-3
-3
-1
0
-3
-3
-4
-3
-1
-3
-2
-2
-2
-5
-5
-3
-2
-3
-3
-4
-2
-2
-2
-1
1
0
0
-1
-3
-2
0
-1
-3
-3
-2
-1
0
2
2
4
4
3
3
2
0
0
1
3
2
2
6
7
4
2
3
5
5
5
4
1
-1
2
2
-1
-2
-2
2
4
4
2
3
-1
-4
-3
-3
-5
-2
0
2
2
2
4
6
6
4
2
1
3
4
2
0
-2
-1
1
0
0
3
0
-1
-5
-5
-4
-3
-3
-5
-4
-3
-2
-2
-5
-3
1
2
1
3
1
-2
1
4
4
2
-1
-2
0
-2
-4
-5
-7
-6
-6
-2
-2
-1
-1
2
-1
-3
-3
-4
-1
-1
1
4
6
8
11
11
11
11
11
10
8
10
10
8
3
3
3
3
3
4
1
0
0
0
-2
-3
-5
-5
-5
-4
-4
-4
-5
-6
-6
-3
-4
-4
-3
-5
-9
-10
-8
-6
-6
-7
-6
-8
-7
-7
-8
-7
-7
-6
-7
-7
-4
-2
1
2
2
0
-1
-1
0
3
2
1
1
-1
1
1
0
1
5
6
3
3
0
3
4
6
6
5
6
6
7
8
8
8
9
10
9
7
7
8
10
11
10
7
3
2
1
1
-1
-1
-1
-3
-5
-6
-3
-1
-3
-5
-3
-3
-4
-5
-6
-3
0
-3
-2
-2
-2
-2
-2
-1
1
-1
-1
-1
-1
-4
-7
-4
-3
-2
-4
-4
-5
-4
-6
-5
-4
-3
-1
-2
-5
-5
-4
-3
-2
-3
-2
-2
-2
-1
-4
-6
-5
-4
-3
-2
-3
-4
-3
-2
-4
-8
-8
-3
0
1
1
2
1
2
4
6
5
7
9
11
10
13
12
10
11
9
9
10
8
8
10
9
8
7
6
4
4
5
5
5
5
0
0
0
-5
-5
-2
-1
-3
-3
-5
-5
-5
-5
-2
-2
-7
-6
-5
-6
-6
-9
-9
-9
-8
-8
-8
-9
-8
-7
-6
-7
-6
-4
-5
-4
-3
-1
0
0
0
0
1
1
1
2
1
1
5
6
5
3
6
6
4
4
6
5
7
7
6
5
5
2
1
3
6
7
7
6
4
5
5
5
4
3
3
5
5
1
-2
0
1
0
-1
0
-1
-2
-1
-2
-4
-7
-7
-6
-4
-5
-3
-5
-7
-5
-6
-7
-6
-3
-1
-1
-2
-3
-4
-4
-3
-3
-1
-3
-4
-3
-3
0
1
0
-3
-4
-3
-2
-1
-3
-4
-2
-3
-5
-8
-7
-2
-2
-2
-1
-2
-2
1
5
3
1
2
3
2
1
1
3
4
3
3
0
-1
1
3
4
3
5
5
3
1
3
4
5
6
4
3
3
3
4
6
5
5
6
3
3
1
3
7
7
4
3
2
1
2
1
0
-2
0
3
2
-1
-3
-3
-3
-3
-4
-6
-6
-5
-5
-5
-4
-1
-1
-1
-1
1
-2
-4
-2
-3
-6
-5
-5
-3
0
3
2
1
3
1
-2
0
1
0
2
2
0
-1
-2
0
1
0
2
4
3
-1
-1
-1
0
1
2
2
-1
-3
-2
-2
2
2
1
1
1
1
-1
1
2
2
2
4
2
1
2
4
3
3
3
2
2
2
1
2
4
4
0
-2
-2
-2
-2
-5
-6
-7
-5
-2
-2
0
-1
-3
-4
-4
-2
-3
-3
-4
-5
-3
-3
-2
0
1
-2
-5
-5
-7
-6
-1
-1
-3
-2
1
1
0
1
1
-1
-1
2
2
2
1
4
5
3
2
2
3
5
2
-2
-2
1
1
1
1
-2
-1
2
4
4
2
1
2
2
2
0
2
4
2
1
3
4
2
3
1
1
4
3
2
2
1
-1
-1
1
1
2
2
0
2
2
0
0
2
2
3
3
1
2
3
3
3
2
0
-1
3
5
5
4
3
5
4
5
4
2
-1
-3
-1
-2
-3
-3
-4
-3
-2
-1
-3
-1
-1
-4
-6
-5
-2
-2
-5
-7
-5
-6
-4
-5
-4
-3
-3
-1
-4
-4
-5
-3
1
0
-1
0
-1
-1
0
-1
-3
-2
-1
-1
1
-1
-1
1
1
0
0
0
-3
-3
-1
1
1
-1
-1
0
0
1
1
2
2
3
4
3
4
7
6
4
2
2
3
3
1
2
1
1
2
1
2
0
-3
-3
-3
-1
-4
-6
-6
-8
-8
-8
-8
-6
-7
-8
-8
-6
-6
-7
-7
-2
1
0
0
1
2
-1
-3
0
3
3
3
5
5
5
5
7
6
3
4
5
5
5
6
10
11
8
6
4
2
3
7
7
4
5
9
9
8
7
9
12
11
10
11
7
7
8
8
4
1
3
2
0
0
0
1
0
-2
-5
-9
-9
-6
-5
-7
-11
-13
-12
-11
-9
-7
-4
-4
-5
-5
-5
-5
-3
1
-1
-2
-1
-2
-1
1
0
-2
-2
0
1
0
-1
0
1
0
-2
-2
-1
-2
-3
-3
1
1
-2
-2
2
1
0
4
1
-3
-3
1
-1
-3
-5
-7
-5
-9
-7
-9
-12
-11
-12
-15
-17
-19
-17
-17
-17
-19
-15
-11
-11
-12
-12
-10
-7
-7
-5
-2
0
1
2
3
3
4
4
4
4
5
7
8
9
9
8
8
10
13
16
18
19
19
18
18
20
21
23
24
22
19
19
20
19
16
15
14
12
8
6
7
6
5
3
1
-3
-5
-4
-5
-6
-6
-9
-9
-12
-13
-14
-16
-16
-14
-14
-17
-19
-18
-16
-16
-14
-13
-13
-11
-10
-9
-4
-2
-1
0
1
0
0
4
7
8
8
10
13
14
15
17
18
19
18
17
17
18
22
19
16
16
17
17
17
18
18
15
14
14
14
14
13
12
9
6
6
4
3
2
2
-1
-4
-9
-13
-17
-22
-25
-28
-33
-38
-37
-39
-41
-43
-44
-46
-49
-49
-46
-47
-47
-44
-41
-42
-41
-42
-41
-36
-29
-20
-16
-13
-11
-11
-9
-4
1
9
16
20
23
25
26
29
33
40
46
49
56
57
55
56
56
57
62
65
66
67
68
63
57
51
46
43
40
34
29
23
16
8
-2
-7
-16
-25
-27
-31
-31
-33
-37
-43
-48
-59
-70
-74
-76
-79
-78
-81
-87
-97
-110
-118
-120
-120
-120
-119
-121
-126
-126
-123
-113
-100
-86
-73
-57
-42
-28
-5
20
41
61
80
99
122
142
166
189
208
221
230
239
249
259
265
268
269
265
256
246
232
214
197
182
168
153
136
114
92
73
55
35
17
0
-22
-44
-66
-84
-102
-122
-142
-163
-188
-216
-238
-262
-282
-299
-314
-330
-349
-367
-382
-392
-398
-399
-397
-398
-397
-394
-387
-376
-359
-336
-317
-298
-274
-233
-180
-111
-27
59
128
179
212
237
261
294
332
376
425
477
523
565
594
603
595
580
560
546
530
513
494
470
440
394
336
274
213
163
133
123
119
112
96
67
26
-24
-74
-115
-150
-172
-183
-187
-190
-199
-223
-270
-334
-405
-471
-520
-551
-565
-567
-567
-568
-571
-576
-594
-616
-628
-628
-612
-581
-537
-492
-453
-425
-410
-397
-381
-351
-297
-216
-108
22
164
284
362
398
403
409
439
491
562
642
720
794
854
895
908
888
839
783
740
717
718
731
726
678
586
471
355
259
200
174
168
173
176
162
123
57
-26
-106
-169
-202
-202
-181
-158
-155
-184
-245
-330
-427
-519
-590
-636
-656
-658
-660
-674
-701
-736
-775
-819
-850
-856
-842
-811
-765
-712
-674
-655
-651
-647
-633
-596
-531
-452
-369
-289
-202
-96
35
180
306
394
433
448
475
545
657
777
868
921
947
976
1020
1058
1068
1035
968
908
880
880
889
868
790
662
514
376
280
239
235
245
252
239
203
152
86
1
-84
-155
-198
-213
-206
-195
-209
-263
-352
-461
-581
-688
-762
-802
-822
-834
-852
-890
-932
-969
-992
-1002
-1004
-995
-973
-933
-874
-802
-739
-699
-681
-662
-623
-562
-478
-392
-307
-220
-122
6
157
310
423
486
513
536
589
684
796
898
984
1057
1128
1197
1248
1250
1200
1124
1055
1027
1049
1088
1096
1045
931
775
615
485
387
319
275
248
233
211
161
73
-50
-189
-310
-377
-386
-358
-318
-297
-318
-387
-499
-634
-764
-876
-951
-978
-978
-972
-976
-1001
-1041
-1089
-1131
-1149
-1147
-1123
-1070
-996
-907
-828
-761
-701
-644
-565
-435
-272
-102
61
195
302
397
489
577
657
729
799
882
981
1076
1137
1156
1129
1073
1014
968
939
915
884
839
785
720
654
591
521
438
354
281
225
175
123
68
5
-56
-112
-162
-209
-253
-286
-312
-345
-388
-427
-457
-491
-542
-612
-689
-766
-835
-886
-917
-935
-953
-974
-992
-1013
-1014
-967
-862
-731
-606
-496
-392
-279
-142
15
157
268
354
440
550
693
857
990
1046
1044
1019
995
1011
1050
1064
1033
959
850
733
624
523
417
297
177
83
20
-12
-25
-62
-141
-221
-277
-317
-335
-321
-295
-281
-283
-310
-358
-404
-441
-485
-550
-619
-666
-697
-721
-747
-811
-913
-992
-989
-891
-692
-440
-219
-101
-98
-151
-175
-127
-34
68
142
212
351
563
797
974
1031
967
837
731
729
819
931
1001
970
837
667
510
387
327
300
271
269
303
339
360
341
259
114
-58
-193
-231
-183
-121
-95
-129
-228
-357
-495
-645
-761
-811
-821
-815
-808
-816
-824
-802
-786
-812
-880
-963
-993
-924
-806
-725
-706
-727
-764
-785
-721
-506
-194
86
249
286
255
287
444
627
730
741
733
802
999
1268
1474
1512
1396
1229
1090
1040
1093
1182
1198
1111
942
729
540
407
296
170
49
-45
-102
-103
-68
-70
-166
-323
-474
-575
-598
-533
-448
-423
-435
-459
-519
-609
-679
-726
-773
-817
-857
-891
-892
-843
-791
-804
-877
-937
-950
-919
-863
-825
-838
-860
-845
-790
-680
-488
-253
-46
86
122
158
327
616
872
1001
1025
1040
1127
1302
1495
1613
1605
1527
1474
1476
1513
1545
1505
1363
1140
873
614
437
335
227
76
-96
-255
-384
-487
-584
-694
-824
-942
-1000
-968
-847
-716
-681
-727
-763
-760
-741
-707
-684
-696
-725
-752
-783
-836
-902
-954
-983
-1012
-1028
-987
-845
-606
-381
-298
-349
-356
-214
5
199
351
486
639
845
1049
1204
1327
1441
1520
1524
1488
1472
1499
1554
1566
1438
1205
992
853
733
586
438
309
181
37
-123
-280
-382
-409
-450
-581
-733
-828
-867
-854
-833
-867
-953
-1016
-1034
-1043
-1063
-1076
-1089
-1130
-1208
-1286
-1322
-1313
-1280
-1248
-1198
-1046
-712
-309
-20
100
98
78
160
340
538
735
922
1080
1220
1388
1585
1734
1716
1534
1304
1149
1140
1241
1325
1272
1087
840
597
400
264
178
106
47
-14
-86
-108
-33
62
55
-70
-217
-270
-194
-87
-58
-118
-204
-286
-385
-524
-688
-826
-914
-1001
-1134
-1310
-1460
-1496
-1447
-1405
-1421
-1464
-1491
-1476
-1413
-1273
-1001
-629
-300
-125
-77
-40
103
340
554
660
694
748
929
1226
1515
1676
1661
1541
1421
1355
1342
1384
1451
1473
1402
1253
1079
898
685
442
203
-3
-126
-170
-189
-209
-255
-353
-484
-596
-665
-675
-633
-576
-553
-573
-604
-612
-617
-641
-659
-644
-639
-682
-752
-806
-812
-819
-911
-1042
-1088
-1010
-855
-642
-370
-123
-1
-3
-24
6
99
245
402
526
609
709
880
1116
1316
1338
1167
939
802
776
830
923
996
979
847
646
424
220
64
-50
-151
-248
-326
-353
-311
-225
-199
-261
-328
-344
-395
-534
-604
-573
-531
-598
-737
-842
-898
-967
-1078
-1144
-1142
-1184
-1338
-1494
-1506
-1376
-1218
-1010
-607
1
597
997
1255
1462
1632
1706
1663
1651
1721
1797
1900
2020
2091
2010
1724
1312
852
444
136
-39
-82
-78
-99
-190
-398
-678
-946
-1106
-1078
-911
-672
-394
-133
70
123
10
-167
-320
-386
-379
-325
-231
-214
-389
-772
-1220
-1592
-1879
-2107
-2218
-2182
-2106
-2077
-2133
-2145
-2061
-1891
-1607
-1082
-159
1131
2315
3091
3484
3641
3592
3251
2894
2684
2633
2634
2571
2416
2085
1530
789
-66
-904
-1564
-1921
-1889
-1536
-1068
-783
-748
-832
-896
-890
-729
-320
302
957
1446
1727
1699
1440
1028
547
28
-516
-886
-1077
-1178
-1350
-1769
-2384
-3051
-3602
-3961
-4191
-4124
-3724
-3167
-2655
-2163
-1478
-542
744
2239
3688
4579
5000
5181
5121
4789
4158
3543
3004
2459
1965
1449
889
262
-568
-1592
-2707
-3438
-3558
-3155
-2415
-1596
-937
-580
-380
-152
160
530
1129
1835
2475
2931
2994
2716
2040
1172
365
-456
-1208
-1790
-2001
-2105
-2455
-3094
-3851
-4473
-4892
-4962
-4724
-4191
-3320
-2317
-1331
-461
489
1658
2961
4270
5453
6161
6252
6077
5639
4772
3545
2323
1436
737
117
-404
-1010
-1690
-2461
-3179
-3730
-3958
-3523
-2636
-1577
-552
327
941
1309
1637
1973
2203
2367
2652
2879
2899
2564
1843
818
-351
-1377
-2317
-3158
-3616
-3692
-3732
-3986
-4386
-4687
-4913
-4845
-4416
-3775
-2922
-1853
-483
849
2026
3122
4372
5559
6406
6460
5919
5295
4574
3638
2428
1368
555
-165
-871
-1463
-1953
-2443
-2991
-3418
-3571
-3295
-2555
-1523
-282
879
1620
1900
2060
2361
2654
2875
3097
3213
3027
2554
1784
703
-531
-1589
-2429
-3153
-3638
-3801
-3775
-3809
-3877
-4118
-4411
-4491
-4134
-3473
-2700
-1612
-446
587
1469
2356
3266
4193
5176
6012
5891
5153
4245
3160
1970
739
-30
-592
-1082
-1370
-1658
-1955
-2194
-2538
-2858
-3079
-2697
-1697
-555
834
2014
2606
2646
2421
2377
2339
2350
2609
2683
2494
2038
1197
73
-1228
-2269
-3091
-3764
-3973
-3861
-3629
-3403
-3366
-3514
-3743
-3797
-3434
-2835
-1959
-870
110
1089
1964
2733
3702
4714
5697
5886
5429
4795
3698
2292
927
-70
-621
-1004
-1161
-1163
-1251
-1337
-1797
-2535
-3078
-3057
-2466
-1466
-16
1624
2658
2911
2760
2358
1934
1618
1592
1753
1816
1769
1376
482
-608
-1631
-2676
-3644
-4160
-4116
-3785
-3418
-3060
-2918
-3099
-3274
-3244
-2994
-2402
-1591
-563
455
1385
2226
3131
4237
5327
5644
5345
4839
3975
2786
1327
429
16
-278
-458
-629
-686
-823
-1460
-2265
-2925
-3065
-2603
-1835
-415
1238
2462
2948
2749
2377
1992
1626
1564
1716
1945
2063
1679
869
-310
-1548
-2689
-3808
-4438
-4486
-4160
-3636
-3255
-3128
-3345
-3716
-3813
-3637
-3062
-2160
-1057
262
1506
2420
3339
4509
5673
5901
5392
4812
4077
3000
1600
655
292
91
-142
-344
-349
-421
-1055
-2044
-2916
-3082
-2638
-1830
-443
1256
2671
3153
2924
2545
2051
1596
1410
1535
1885
2058
1836
1120
-88
-1363
-2553
-3670
-4353
-4451
-4087
-3606
-3265
-3106
-3306
-3807
-4049
-3986
-3467
-2663
-1617
-264
971
1894
2605
3679
4908
5423
4944
4346
3724
2873
1616
524
177
205
188
34
90
185
-265
-1318
-2379
-2855
-2548
-1815
-544
1209
2799
3550
3323
2877
2414
1868
1588
1627
2010
2380
2360
1883
821
-528
-1907
-3215
-4112
-4426
-4139
-3661
-3317
-3164
-3491
-4019
-4494
-4536
-4184
-3658
-2715
-1542
-216
785
1450
2549
3988
5067
5021
4631
4242
3435
2228
854
138
-11
11
-14
103
540
443
-417
-1638
-2610
-2789
-2555
-1617
56
1922
3294
3498
3277
2968
2397
1886
1616
1788
2221
2431
2322
1741
714
-575
-2086
-3354
-3975
-3993
-3643
-3140
-2766
-2690
-3098
-3649
-3904
-3898
-3605
-3002
-2007
-538
668
1489
2540
3839
4883
4577
3732
3066
2262
1240
3
-594
-466
-186
-91
-82
130
124
-619
-1890
-2897
-3112
-2709
-1659
-128
1772
3282
3625
3365
2840
2371
1958
1673
1863
2262
2693
2745
2196
1260
29
-1334
-2699
-3696
-3967
-3628
-2981
-2491
-2493
-2936
-3529
-3954
-4114
-3895
-3256
-2162
-579
729
1873
3163
4651
5582
4951
3755
2784
1989
1007
-102
-412
-58
205
156
-68
-56
-235
-1155
-2580
-3628
-3723
-3029
-1819
-202
1816
3253
3534
3020
2302
1970
1704
1641
2004
2517
2968
2903
2257
1179
-140
-1427
-2775
-3791
-3959
-3526
-2791
-2296
-2351
-2799
-3512
-3904
-3845
-3469
-2773
-1795
-471
634
1426
2401
3707
4879
4851
3933
2992
2269
1444
225
-637
-771
-567
-461
-403
-90
229
-84
-1379
-2772
-3433
-3283
-2328
-845
1158
2901
3698
3640
2971
2458
2031
1619
1574
1799
2243
2510
2395
1779
652
-618
-2043
-3381
-4120
-4152
-3604
-2928
-2611
-2763
-3225
-3517
-3460
-3168
-2644
-1863
-875
70
653
1364
2677
4375
5365
5150
4252
3350
2376
999
-409
-1145
-1206
-1105
-874
-419
185
449
-381
-1909
-3108
-3686
-3371
-2237
-215
2108
3759
4471
4183
3471
2794
2044
1512
1439
1748
2166
2418
2200
1351
42
-1509
-3139
-4422
-4965
-4756
-3912
-3019
-2580
-2572
-2809
-2955
-2894
-2842
-2436
-1676
-697
325
1507
3153
5095
6389
6350
4966
3183
1517
-250
-1620
-2237
-2056
-1444
-749
-44
529
633
-216
-2003
-3683
-4561
-4359
-2864
-318
2543
4723
5577
5134
3958
2690
1738
1192
1191
1693
2279
2774
2691
1850
551
-1118
-2868
-4406
-5292
-5170
-4319
-3276
-2528
-2413
-2722
-3113
-3215
-2898
-2136
-1008
13
525
666
1050
2080
3692
5151
5889
5589
4501
2872
1084
-429
-1423
-1969
-2055
-1568
-848
17
509
212
-902
-2451
-3804
-4345
-3625
-1592
1021
3333
4740
4875
4132
3030
2045
1397
1143
1342
1923
2460
2563
1921
672
-781
-2497
-4106
-5119
-5255
-4602
-3786
-3183
-2901
-2927
-2975
-2951
-2653
-1992
-1156
-480
-95
-159
-194
517
1974
3803
5234
6189
6369
5360
3489
1295
-462
-1502
-2224
-2259
-1475
-311
743
864
282
-725
-2222
-3596
-4065
-3030
-719
1882
4095
5325
5499
4895
3515
2042
1088
866
1276
1820
2233
2154
1489
399
-1175
-2729
-3822
-4622
-4920
-4731
-4260
-3554
-3061
-2775
-2719
-2738
-2682
-2602
-2253
-1794
-1537
-1462
-1728
-1702
-724
1159
3927
6378
7908
8027
6737
4558
1857
-745
-2537
-3526
-3440
-2610
-1381
425
1529
1473
442
-1209
-2897
-4172
-4141
-2288
585
3632
5738
6825
7200
6333
4589
2648
1166
419
-4
-38
243
669
858
134
-1040
-2404
-3802
-4618
-4791
-4243
-3019
-1993
-1637
-1833
-2132
-2368
-2707
-2996
-2942
-2261
-1401
-665
-185
197
-47
-1040
-2188
-2924
-2391
-8
4727
9438
11473
10055
6873
3367
-619
-5344
-8647
-8548
-5953
-3101
-353
3489
6632
6829
3690
-594
-4054
-6076
-6605
-4559
588
6353
9559
9950
9094
7189
4053
41
-3125
-3991
-2951
-1775
-1028
32
1117
1342
379
-1239
-2785
-3695
-4191
-4290
-3791
-2981
-2390
-2078
-1726
-1450
-1141
-882
-320
748
1423
1419
1210
931
381
-831
-2162
-2769
-2918
-3148
-3453
-2992
-2044
-1630
303
5649
10822
11725
7862
3882
1985
-224
-4056
-6373
-3560
841
1501
1191
3497
6218
5392
-137
-5186
-7419
-8963
-10175
-7826
-139
7614
9907
8827
7377
5726
2511
-2119
-4506
-4006
-2792
-2036
-844
1670
3611
3960
3169
1004
-1154
-3089
-4636
-4066
-2388
-1218
-506
68
231
-282
-365
-249
24
945
661
-577
-457
252
124
-29
19
-346
-504
-514
-844
-126
1090
356
-1660
-2771
-3566
-4737
-5477
-5338
-4209
-1832
-52
2519
8311
13530
13709
9319
4801
1221
-2639
-6884
-9284
-6896
-2398
-1111
-347
2405
4613
3371
-1737
-6191
-8147
-8718
-8282
-4982
2371
9086
10693
9412
7381
4968
1722
-2072
-3443
-2136
14
1489
2891
4780
4939
3264
1273
-1153
-3488
-5236
-5271
-2914
-462
789
1209
1587
1660
225
-1635
-2322
-1418
-233
-95
50
964
1632
1224
51
-950
-913
-550
-757
-298
1599
2806
1813
-419
-2592
-4302
-5748
-7037
-7187
-5037
-2285
-1083
-561
160
53
-1465
-3424
-4157
-3216
865
6761
11544
13479
11766
8430
5086
807
-4790
-8673
-7885
-4816
-2913
-384
3139
6244
6030
1417
-3521
-6498
-7781
-7771
-5152
1016
7029
9678
9879
8631
6985
4193
438
-1976
-2621
-1818
-772
-1
563
518
8
-1553
-4162
-6296
-6999
-5517
-3117
-1374
468
2148
2905
2530
1407
524
361
1123
1654
1882
2572
3113
3134
2275
121
-2367
-4021
-5062
-5627
-4471
-1666
809
2319
2461
1750
858
-921
-3582
-5415
-5020
-3538
-2135
-569
799
1648
1541
-336
-2445
-3544
-1733
2357
5997
7231
6571
6274
5747
2765
-1477
-4155
-3908
-2854
-3381
-2176
1014
3267
2149
-1415
-4065
-5900
-7576
-7825
-5077
770
5643
7342
8323
8744
7976
5693
3002
1341
285
52
325
821
1125
462
-152
-874
-2956
-5419
-6347
-4716
-2470
-1219
41
1431
2666
2817
1791
1332
1777
2317
1924
1367
1634
1723
1217
38
-1398
-2236
-3056
-4081
-4286
-3043
-1269
-693
-1007
-1570
-2170
-3042
-4626
-5744
-5322
-3860
-2308
-1074
351
1342
1100
-61
-1562
-2296
-2469
-8
5277
9865
10994
9436
7610
5689
1610
-3671
-6580
-5288
-2977
-2426
56
4154
6406
4772
493
-2881
-4996
-6669
-6584
-2974
3416
7820
8468
8013
6541
4072
947
-1705
-2365
-1704
-147
1613
3079
3339
1571
-747
-3417
-6753
-9282
-9670
-7195
-3608
-932
1070
2253
2502
1307
-1068
-2635
-2674
-1365
-182
982
3058
4802
5219
3904
1333
-881
-2432
-3927
-4470
-2730
365
2220
2830
2558
1480
-143
-2729
-5056
-5510
-4345
-3076
-1650
579
2199
2166
1153
-509
-1666
-2428
-1173
3676
9026
11291
10089
8481
6950
3054
-2391
-6094
-6127
-4274
-3946
-2497
861
2712
1273
-2772
-6062
-8179
-9607
-8889
-5189
1155
6715
8620
8688
7362
4780
1753
-1042
-2237
-2049
-557
1278
2528
3181
2503
813
-1701
-4874
-6995
-7245
-5259
-2210
641
3215
4412
4090
2691
927
-327
-830
-162
818
1772
3221
4169
4414
3494
1304
-906
-2490
-3353
-3785
-2489
432
2460
2995
2007
-134
-2333
-5012
-7401
-8118
-6794
-4686
-2830
-308
1752
1981
761
-1449
-3244
-4254
-4396
-844
5379
10687
11881
10131
8018
4510
-705
-5566
-7831
-6405
-4252
-2477
713
3522
4479
2456
-1089
-4394
-6816
-7079
-4935
-439
5318
9228
10369
9124
5980
2602
-215
-1754
-2014
-963
1168
3057
3944
3195
1294
-1150
-4227
-6971
-8049
-6637
-3521
-162
2599
3725
3000
841
-1813
-3655
-4648
-4188
-2467
-441
1677
3173
4068
3993
2437
33
-2421
-3647
-3757
-2939
-372
2716
4911
5162
3295
581
-2112
-4398
-6185
-6504
-5132
-3606
-1970
-231
875
1059
74
-1350
-2583
-2932
-2342
717
6806
12208
13536
11368
8127
4726
484
-3831
-5904
-4792
-2521
-1840
-929
667
994
-823
-4407
-7230
-8468
-8314
-6160
-1753
4026
8246
8859
7217
4305
1358
-580
-1327
-716
441
2067
3433
3704
2572
136
-2382
-4431
-6255
-6800
-5441
-2386
876
2700
2947
1534
-567
-2398
-3590
-3087
-1341
1073
3462
4828
5236
4627
3672
2373
469
-692
-803
34
1607
2833
3929
4023
2254
-1037
-4703
-6812
-7539
-7161
-5608
-3784
-1831
-544
-460
-1031
-2037
-2944
-3851
-4119
-3113
-1164
1310
5145
9742
12197
10244
5561
1459
-1361
-3772
-5490
-4736
-1789
656
519
312
949
296
-1706
-4114
-5083
-4616
-3260
-430
3182
6497
7697
5719
2844
37
-1703
-1346
194
2471
4356
5656
5768
3757
651
-2505
-4729
-5772
-6125
-4713
-1872
868
2292
1687
3
-2181
-4488
-5866
-5584
-3252
53
3297
5885
6867
6026
3957
1602
-391
-1668
-1786
-752
779
2342
3240
3279
2131
-447
-3248
-5149
-6155
-6540
-5782
-3740
-1747
-875
-795
-1203
-1795
-2371
-2572
-2004
-863
489
1908
3285
4322
6261
8249
8001
5163
2103
619
-283
-1872
-2765
-2225
-1050
-1079
-2221
-1702
-1032
-1222
-1843
-2594
-2550
-2216
-1454
144
1684
3088
3054
1672
573
-378
-84
1092
2267
3255
3471
3360
2378
319
-1732
-2619
-1917
-1014
-635
-20
892
1422
677
-863
-2277
-3501
-4231
-4108
-2576
-26
2462
4238
4615
3700
2119
936
665
623
1228
2525
3515
3587
2684
1280
-278
-2038
-4003
-5489
-5685
-5314
-4953
-4173
-3560
-3545
-4017
-4267
-4026
-3194
-1565
310
1889
2914
2972
2668
2041
1149
2146
4323
5384
4303
2839
2462
1938
248
-1493
-2452
-2215
-2156
-2309
-959
448
1271
1184
83
-1024
-1982
-2304
-1649
-353
1716
2775
2498
1976
1276
1250
1759
2374
2677
2584
2525
2026
868
-485
-1114
-939
-956
-1400
-1711
-1591
-1601
-1974
-2334
-2880
-3472
-3784
-3271
-1614
386
2448
4034
4444
3648
2282
1909
2190
2333
2916
3601
3748
2913
1280
-375
-1792
-3032
-4390
-5217
-4969
-4810
-4747
-4265
-3785
-3582
-3604
-3405
-2815
-1774
-308
1123
2424
2995
2337
1394
917
317
523
2910
5654
6072
3879
1667
288
-1355
-3467
-4534
-3638
-1687
-624
229
1735
2727
2472
531
-1898
-3453
-3758
-2556
-219
2067
3491
3073
1549
35
-1081
-793
753
2660
4057
4814
5361
5038
3277
1329
356
-101
-946
-1746
-1379
-414
-34
-639
-2146
-3770
-5097
-5602
-4621
-2119
1221
3988
5692
5956
4648
2918
1883
1502
1210
1006
1111
874
-172
-1859
-3504
-4535
-5945
-7542
-8047
-7069
-5497
-4097
-2423
-1137
-868
-994
-1270
-1223
-545
483
1533
2169
2226
1804
1190
948
692
793
2910
5692
6429
4124
1441
227
-349
-1273
-1538
-41
2180
2957
2064
1576
1028
-525
-2619
-4417
-4675
-3670
-1756
1175
3346
4118
3439
1563
-118
-1190
-628
1424
3330
4368
4337
3937
3002
609
-2210
-3554
-3371
-2744
-2295
-1440
-267
222
-604
-2702
-4575
-4863
-3965
-2448
-126
2678
5095
6144
5595
4063
2209
1175
813
766
1281
1943
2079
914
-1137
-3042
-4422
-5425
-6048
-5598
-3989
-2583
-1989
-1934
-2180
-2428
-2369
-1736
-1001
-255
771
1695
1932
1598
1052
358
-385
-891
-861
-132
2225
5060
5724
3609
1060
-204
-686
-1211
-809
854
2216
1934
414
-559
-1087
-2116
-2901
-3222
-3125
-2168
-597
1722
3596
4230
3689
2048
796
416
944
2633
4233
4573
3755
2498
1248
-265
-1765
-2120
-1402
-649
-331
-480
-836
-1360
-2184
-2898
-3421
-3251
-1985
-241
1646
2874
2915
2215
1078
-2
-697
-712
78
737
1029
1089
492
-649
-1766
-2448
-2720
-2724
-2531
-2229
-1920
-1836
-2059
-2623
-3521
-4135
-3599
-2237
-1134
-344
555
966
542
94
250
604
540
417
895
1838
2564
4031
6076
6476
3990
654
-912
-1073
-1032
-681
186
967
765
-130
-313
26
-32
-600
-1281
-1580
-1509
-1149
55
1658
2232
1051
-830
-1517
-1206
-479
1156
3150
4182
3764
2766
1943
1139
636
981
1526
1571
1285
1013
388
-1053
-2569
-3381
-3790
-3933
-3430
-1923
0
1082
973
271
-337
-691
-697
360
2433
3887
3848
2748
1179
-686
-2269
-2854
-2725
-2651
-2764
-2714
-2736
-3179
-3845
-4098
-3912
-3800
-3446
-2235
-551
586
615
97
-195
-344
-414
-59
821
1424
1303
987
878
733
1576
3748
5233
4371
2546
1782
1870
1636
1315
1933
2820
2883
1950
1159
925
122
-1515
-3134
-3976
-3863
-3542
-2579
-494
1104
947
-481
-1220
-689
457
2518
4951
6197
5884
4998
4015
2503
845
188
302
-121
-1419
-2744
-3629
-4137
-4533
-4823
-4790
-4212
-3141
-2045
-877
340
786
355
202
965
1874
2476
3197
3593
2786
1023
-847
-2317
-3101
-2817
-1682
-698
-541
-724
-867
-1350
-2162
-2385
-1821
-1412
-1062
-345
382
445
-244
-1294
-2345
-2964
-2770
-1718
-85
1216
1464
1131
842
984
1428
3046
5822
7465
6095
2999
1148
864
267
-581
-216
669
112
-1903
-3156
-2979
-2951
-3656
-3877
-2963
-1532
-464
726
2372
3243
2647
1129
384
1223
3113
5308
6669
6325
4456
2140
88
-1404
-1884
-1140
44
429
26
-621
-1482
-2248
-2675
-2617
-2093
-1285
-469
-160
-108
-38
-455
-1159
-1497
-1279
-963
-579
249
615
4
-811
-1053
-881
-503
432
1445
1474
524
-625
-1804
-3243
-4126
-3690
-2663
-2171
-2215
-2339
-2658
-3111
-3425
-3349
-2798
-1690
-150
1522
3039
3958
3919
3131
2272
1869
1720
1707
3133
5495
5978
3069
-427
-1258
-534
-178
147
1252
1994
947
-816
-1384
-555
437
704
393
16
126
91
-206
4
424
234
-635
-607
526
1752
3120
3857
3003
1218
305
600
829
1243
2251
2546
1160
-1012
-2550
-3407
-3665
-3179
-2759
-2807
-2823
-2609
-2745
-3067
-2674
-2103
-1721
-934
322
1297
1769
2184
1875
762
145
242
308
448
1307
1866
861
-692
-1479
-1736
-2203
-2360
-1796
-1308
-1325
-1595
-1835
-2035
-1935
-1462
-1022
-618
-168
261
588
696
547
340
196
-67
-109
649
1669
2289
3277
4682
4708
2600
921
1394
2293
2022
1283
1044
643
-582
-1933
-2421
-1813
-1005
-1215
-2061
-2025
-931
-329
-143
887
2108
2088
1428
1655
2380
2804
3374
3638
2830
1792
1430
873
-587
-1565
-1311
-1179
-1839
-2256
-1861
-1268
-1040
-1116
-1431
-1572
-1383
-1236
-1008
-296
432
27
-951
-1286
-1364
-1660
-1480
-372
557
615
462
286
-147
-442
-162
179
53
43
446
637
196
-647
-1410
-1888
-2188
-2681
-3249
-3131
-2431
-1957
-1960
-1892
-1341
-686
-104
461
1026
1536
1736
1541
1332
1547
1947
2105
3046
4980
5697
3575
684
-385
-205
-161
-90
818
1829
1569
-21
-1381
-1245
-41
565
312
274
761
807
394
707
1281
808
-479
-1142
-948
-368
848
2126
2098
982
8
-610
-1315
-1224
301
1852
2065
1231
313
-513
-1146
-1287
-1263
-1429
-1720
-2083
-2506
-2664
-2284
-2002
-2116
-1951
-1385
-1028
-823
-59
895
1121
886
614
246
154
925
2007
1980
1001
189
-382
-1206
-1939
-1867
-1247
-781
-624
-861
-1501
-2071
-2099
-1724
-1273
-667
-12
433
522
429
305
143
-136
-523
-569
-28
637
1134
2271
3923
4170
2169
217
530
2062
2712
2524
2477
2278
1132
-445
-963
-160
789
674
-311
-1296
-1936
-2379
-2144
-921
125
-15
-599
-448
216
955
2021
2916
2573
1526
1140
1259
972
679
1097
1469
806
-430
-1232
-1308
-916
-508
-695
-1395
-1944
-2190
-2334
-2076
-1341
-937
-1146
-1273
-1191
-1392
-1476
-928
-498
-676
-774
-578
-630
-605
436
1667
1529
600
300
464
197
-191
-79
20
-270
-692
-1269
-1957
-2241
-2015
-1731
-1495
-1202
-1262
-1631
-1520
-825
-240
161
845
1452
1609
1647
1914
2152
2862
4312
4920
3430
1619
1626
2473
2314
1609
1460
1266
307
-827
-1052
-446
248
221
-485
-1080
-1162
-1084
-878
-149
400
-266
-1522
-1962
-1513
-763
311
1334
1212
369
235
759
849
685
1165
1635
1148
220
-211
-79
162
300
0
-758
-1460
-2050
-2585
-2777
-2570
-2560
-2847
-2514
-1538
-866
-593
-166
167
30
3
410
658
829
1618
2425
1988
856
424
591
418
10
-133
-350
-833
-1102
-1087
-1220
-1455
-1489
-1251
-851
-472
-533
-965
-1082
-815
-749
-900
-707
-221
71
218
540
895
1666
3259
4491
3724
1771
1042
1794
2272
2048
2040
2170
1582
221
-730
-745
-387
-492
-1135
-1700
-1919
-1962
-1819
-1153
-444
-539
-1165
-1297
-717
152
1157
1956
1608
347
-288
142
663
869
1361
1953
1792
852
-43
-314
-23
472
692
504
191
-215
-805
-1214
-1314
-1608
-2206
-2321
-1769
-1421
-1460
-1237
-857
-905
-979
-576
-196
-91
421
1438
1881
1482
1220
1432
1499
1194
848
457
-53
-398
-534
-770
-1221
-1695
-2052
-2084
-1777
-1633
-1926
-2053
-1623
-1193
-1152
-978
-386
13
40
190
635
1133
2161
3635
4062
2535
601
164
868
1341
1544
1946
2088
1332
103
-391
31
638
690
260
-236
-687
-1130
-1328
-1081
-968
-1465
-2130
-2280
-1847
-944
268
1130
928
296
457
1328
1924
2069
2418
2913
2848
2107
1374
1137
1229
1256
932
270
-545
-1328
-1791
-1806
-1755
-2034
-2337
-2141
-1773
-1765
-1866
-1604
-1218
-1045
-786
-382
-212
-166
234
910
1090
747
594
775
916
810
614
510
479
464
329
-65
-611
-1137
-1531
-1698
-1687
-1838
-2260
-2669
-2878
-2947
-2862
-2473
-1904
-1522
-1250
-777
-147
515
1577
3301
4578
4104
2465
1641
2225
2863
2743
2466
2358
1822
601
-297
-150
468
743
516
95
-406
-845
-963
-673
-279
-203
-464
-759
-875
-662
-147
370
433
149
310
1025
1541
1522
1600
2161
2584
2355
1929
1892
2085
2038
1670
1110
310
-686
-1561
-2063
-2366
-2720
-3010
-3031
-2984
-3224
-3505
-3294
-2648
-2073
-1567
-868
-257
-33
193
739
1212
1253
1200
1373
1506
1348
1038
719
320
-108
-416
-704
-1117
-1532
-1761
-1833
-1832
-1757
-1659
-1599
-1678
-1912
-2044
-1776
-1186
-769
-697
-613
-428
-323
-126
773
2213
2951
2315
1339
1368
2251
2895
3040
3202
3373
2953
1957
1344
1612
2184
2237
1643
723
-240
-982
-1346
-1381
-1349
-1402
-1559
-1832
-2005
-1699
-851
47
533
750
1071
1450
1600
1603
1786
2174
2385
2172
1755
1492
1406
1261
919
381
-300
-1005
-1477
-1626
-1667
-1830
-2072
-2333
-2688
-3058
-3158
-2858
-2430
-2138
-1941
-1760
-1628
-1439
-1003
-369
186
544
804
1031
1266
1545
1811
1871
1620
1179
670
78
-564
-1079
-1375
-1588
-1842
-2070
-2230
-2447
-2762
-2955
-2747
-2203
-1656
-1347
-1203
-933
-419
208
838
1746
3007
3838
3431
2418
2242
3100
3880
4028
4010
3972
3362
2195
1408
1514
1933
1833
1125
256
-433
-913
-1262
-1445
-1494
-1656
-2079
-2586
-2789
-2362
-1369
-347
68
-52
12
549
1097
1386
1776
2409
2792
2626
2270
2118
2035
1741
1273
751
165
-570
-1334
-1887
-2252
-2633
-3058
-3337
-3367
-3272
-3085
-2725
-2335
-2104
-1865
-1359
-776
-382
-28
439
794
844
753
731
774
804
756
528
133
-261
-557
-782
-911
-961
-1061
-1250
-1363
-1309
-1280
-1359
-1411
-1329
-1142
-894
-671
-577
-560
-397
-5
456
879
1375
2070
2680
2708
2196
1979
2522
3211
3275
2860
2533
2236
1680
1227
1390
1870
1910
1296
455
-284
-833
-1127
-1061
-755
-597
-833
-1297
-1638
-1630
-1241
-655
-163
0
47
262
497
492
412
646
1079
1271
1157
1045
1018
856
507
149
-144
-382
-525
-574
-663
-909
-1230
-1487
-1680
-1862
-1943
-1841
-1673
-1646
-1734
-1724
-1602
-1521
-1431
-1149
-713
-402
-345
-333
-177
72
287
407
445
447
442
434
411
400
466
586
622
503
305
114
-85
-338
-573
-675
-671
-698
-818
-936
-978
-973
-920
-746
-331
264
748
881
859
1036
1383
1619
1730
1943
2246
2357
2242
2209
2348
2362
2042
1582
1234
992
759
541
358
101
-321
-777
-1089
-1249
-1290
-1197
-1032
-1001
-1099
-1041
-722
-349
-72
234
631
956
1095
1203
1409
1573
1501
1247
958
655
297
-96
-478
-889
-1314
-1630
-1802
-1981
-2224
-2370
-2328
-2283
-2340
-2316
-2087
-1827
-1698
-1598
-1395
-1148
-959
-767
-459
-92
160
270
346
472
623
786
1011
1256
1373
1329
1228
1111
929
724
574
404
126
-147
-290
-361
-491
-654
-735
-710
-641
-531
-299
90
453
537
374
270
390
619
897
1252
1539
1553
1378
1316
1438
1536
1487
1337
1136
882
610
395
249
91
-160
-440
-602
-629
-586
-476
-298
-158
-143
-130
22
199
275
314
406
474
454
434
482
514
418
220
30
-104
-212
-309
-346
-357
-440
-599
-704
-699
-685
-732
-808
-882
-986
-1110
-1150
-1111
-1104
-1134
-1137
-1080
-997
-922
-839
-715
-567
-478
-456
-394
-229
-20
128
191
189
142
123
169
224
216
176
123
40
-55
-86
-56
-79
-180
-284
-329
-314
-250
-166
-76
56
197
270
275
331
470
627
784
947
1079
1144
1204
1319
1442
1504
1472
1334
1125
928
804
731
669
566
369
111
-88
-176
-195
-147
-53
16
-5
-58
-58
3
103
223
304
303
244
194
197
245
257
171
39
-78
-166
-242
-303
-360
-473
-649
-797
-877
-952
-1053
-1141
-1186
-1222
-1265
-1265
-1208
-1120
-1019
-933
-856
-758
-611
-392
-136
84
216
268
296
337
395
449
482
461
353
172
-33
-226
-380
-484
-576
-684
-802
-885
-908
-867
-762
-598
-436
-335
-275
-197
-62
149
427
699
858
896
909
960
1056
1174
1247
1245
1174
1109
1104
1124
1102
1005
859
693
554
467
447
445
363
173
-11
-77
-24
90
226
341
386
376
396
494
628
755
852
881
816
685
556
461
338
138
-94
-306
-510
-703
-867
-992
-1112
-1262
-1418
-1512
-1515
-1457
-1398
-1344
-1269
-1180
-1075
-959
-830
-689
-541
-395
-268
-178
-116
-54
9
42
49
42
51
59
28
-52
-150
-230
-297
-371
-419
-420
-402
-406
-426
-395
-308
-258
-289
-324
-280
-179
-107
-78
-51
1
53
97
181
333
486
565
581
602
652
738
863
950
920
791
695
706
793
898
959
939
844
770
799
906
988
990
958
960
984
965
932
931
923
838
708
619
559
461
341
240
153
50
-63
-137
-160
-188
-262
-379
-488
-578
-660
-731
-809
-931
-1123
-1322
-1475
-1591
-1665
-1673
-1627
-1578
-1558
-1551
-1517
-1428
-1267
-1050
-833
-654
-540
-473
-400
-276
-114
19
87
105
100
101
130
173
182
153
121
116
125
152
196
199
122
12
-41
-32
8
52
77
70
42
47
118
254
409
529
612
699
797
866
907
956
979
932
868
832
797
730
680
699
764
812
809
779
762
771
799
845
889
873
773
662
610
573
506
447
410
352
236
99
-18
-113
-191
-249
-303
-370
-462
-581
-682
-753
-818
-899
-975
-1031
-1102
-1191
-1270
-1316
-1329
-1305
-1226
-1127
-1038
-963
-904
-841
-772
-689
-604
-531
-467
-415
-370
-341
-310
-278
-238
-196
-166
-149
-141
-132
-120
-107
-70
-13
33
58
95
178
286
390
464
507
541
578
613
624
621
615
594
552
499
452
412
360
303
248
225
229
258
306
336
311
261
260
335
483
654
787
842
836
844
918
1038
1143
1168
1097
972
852
762
701
633
512
335
149
-8
-142
-250
-331
-415
-533
-675
-799
-895
-952
-977
-985
-990
-987
-979
-946
-869
-788
-741
-712
-664
-600
-533
-462
-393
-362
-377
-390
-383
-382
-403
-428
-442
-455
-467
-461
-432
-386
-336
-294
-261
-225
-182
-132
-71
-2
56
86
92
94
119
161
204
241
272
306
338
354
354
361
380
405
429
459
490
504
491
458
422
387
358
338
325
296
234
148
67
18
17
71
157
215
223
210
204
218
262
338
403
439
469
539
641
740
799
813
799
771
736
696
649
550
373
167
3
-131
-274
-410
-542
-687
-838
-973
-1084
-1170
-1215
-1216
-1189
-1131
-1048
-963
-858
-714
-578
-492
-421
-334
-248
-175
-116
-73
-57
-48
-31
-20
-33
-63
-98
-136
-176
-213
-253
-281
-290
-268
-216
-153
-91
-43
13
84
149
205
267
349
428
478
509
540
565
569
570
593
619
626
622
609
578
526
473
424
368
292
197
103
13
-80
-182
-273
-345
-411
-469
-489
-459
-396
-311
-201
-81
17
97
203
330
461
577
667
720
732
733
752
779
774
707
585
441
288
131
-23
-171
-326
-494
-645
-771
-876
-954
-999
-1018
-1017
-994
-946
-884
-806
-713
-613
-509
-409
-315
-199
-66
39
95
127
165
195
206
215
220
201
155
104
65
41
26
7
-14
-33
-61
-98
-125
-123
-97
-60
-9
44
85
125
189
267
337
399
455
501
533
567
611
646
654
622
562
485
392
281
180
104
40
-36
-124
-202
-264
-306
-328
-334
-327
-323
-331
-358
-390
-402
-389
-352
-295
-214
-120
-38
10
36
72
125
183
235
265
266
251
237
235
237
225
185
101
-10
-127
-228
-309
-370
-419
-462
-489
-503
-502
-482
-437
-375
-320
-266
-201
-135
-78
-16
60
139
216
285
347
397
429
441
443
447
440
414
367
301
223
133
53
-11
-64
-107
-146
-182
-213
-244
-273
-276
-240
-169
-84
2
72
117
154
196
256
324
382
428
461
473
468
455
443
428
392
335
262
180
94
6
-77
-144
-196
-257
-340
-418
-480
-525
-547
-560
-557
-547
-546
-554
-551
-511
-441
-365
-295
-232
-176
-147
-137
-127
-109
-86
-55
-27
-18
-26
-32
-30
-10
27
67
83
82
75
62
48
46
58
69
97
146
196
234
269
308
339
366
395
404
394
379
373
365
346
322
287
247
209
168
113
53
-2
-50
-97
-136
-170
-202
-226
-228
-208
-176
-132
-67
5
67
105
132
157
181
209
234
259
260
238
199
159
126
91
49
12
-13
-37
-63
-88
-108
-134
-164
-185
-205
-226
-240
-242
-231
-210
-193
-200
-226
-246
-259
-269
-293
-327
-364
-412
-462
-505
-542
-563
-565
-567
-566
-557
-539
-518
-479
-406
-317
-212
-98
15
118
217
330
448
566
664
729
757
758
736
695
651
602
539
471
411
349
286
239
206
172
144
126
112
96
92
105
125
149
173
195
220
240
244
235
220
205
185
177
184
190
185
156
117
74
35
4
-19
-30
-48
-83
-124
-161
-191
-212
-222
-237
-262
-287
-308
-321
-327
-337
-359
-378
-382
-379
-364
-344
-325
-307
-279
-248
-222
-201
-182
-173
-185
-204
-217
-225
-225
-224
-233
-252
-279
-308
-333
-349
-351
-343
-319
-286
-256
-230
-204
-168
-131
-91
-43
3
47
93
149
209
274
355
448
544
633
706
748
767
773
767
746
710
660
588
499
412
326
242
177
127
82
34
-13
-61
-107
-134
-138
-123
-91
-59
-36
-19
4
27
51
73
96
122
146
155
144
127
110
98
83
65
40
12
-23
-71
-129
-180
-222
-257
-293
-326
-363
-398
-424
-440
-438
-420
-396
-364
-319
-256
-189
-121
-56
-12
11
34
65
90
102
97
68
24
-28
-79
-123
-167
-212
-263
-324
-387
-450
-503
-529
-527
-504
-467
-424
-377
-318
-252
-179
-102
-26
44
101
150
193
238
290
342
399
467
533
587
624
645
644
635
630
622
607
585
546
480
403
334
271
210
161
113
55
-4
-56
-89
-96
-72
-34
2
37
70
94
114
136
156
177
193
195
181
154
119
77
38
-2
-35
-70
-104
-144
-194
-245
-290
-331
-367
-395
-420
-443
-462
-489
-509
-509
-489
-453
-409
-366
-325
-277
-222
-159
-96
-35
20
64
97
118
126
122
106
72
21
-36
-95
-146
-200
-261
-323
-381
-429
-463
-477
-474
-458
-428
-381
-323
-256
-179
-96
-13
66
139
209
285
360
431
491
539
578
605
629
653
674
686
685
664
625
574
513
450
383
307
233
163
98
40
-5
-36
-63
-79
-87
-80
-59
-24
20
69
115
154
188
224
256
275
285
283
261
224
175
113
33
-50
-129
-200
-273
-341
-396
-444
-487
-524
-559
-580
-586
-586
-576
-554
-528
-513
-499
-464
-416
-365
-311
-252
-194
-138
-77
-27
18
65
106
145
172
189
192
179
155
124
88
52
11
-43
-97
-138
-176
-212
-248
-273
-286
-290
-279
-242
-185
-116
-40
34
106
167
219
268
318
370
421
464
489
498
492
476
458
447
434
411
381
344
306
264
219
173
130
90
62
36
10
-10
-25
-32
-26
-12
11
39
63
81
101
126
150
175
195
202
189
162
124
82
39
-7
-54
-107
-164
-218
-267
-313
-355
-385
-415
-447
-473
-493
-497
-486
-469
-445
-414
-378
-341
-304
-258
-202
-147
-96
-47
-2
37
75
113
142
159
157
143
127
105
79
56
34
10
-20
-50
-69
-88
-112
-128
-132
-135
-136
-133
-122
-111
-102
-84
-63
-41
-19
12
51
96
127
149
169
188
208
235
261
280
298
317
336
359
383
398
409
412
400
380
360
332
295
253
213
173
130
90
50
11
-22
-57
-86
-107
-126
-138
-145
-141
-133
-133
-132
-121
-111
-108
-108
-120
-140
-154
-167
-189
-210
-226
-248
-270
-284
-286
-280
-263
-240
-218
-202
-184
-162
-142
-118
-99
-85
-75
-61
-45
-30
-9
14
30
46
63
81
100
122
143
159
169
175
167
154
141
123
100
73
42
7
-24
-54
-78
-98
-115
-123
-121
-111
-100
-83
-55
-23
8
38
69
90
113
134
147
153
156
161
160
156
149
146
146
144
143
138
133
126
115
102
93
84
67
52
40
27
4
-19
-35
-52
-70
-85
-100
-112
-118
-121
-126
-124
-122
-120
-117
-108
-101
-97
-87
-79
-82
-85
-82
-81
-84
-87
-86
-85
-80
-66
-60
-57
-51
-43
-37
-28
-16
-10
-4
4
15
22
29
34
48
65
80
94
110
123
133
137
145
151
159
168
173
169
155
137
113
91
71
49
24
-9
-41
-68
-91
-113
-134
-154
-169
-180
-188
-185
-173
-156
-142
-130
-120
-107
-89
-71
-55
-38
-26
-14
-1
14
27
41
58
72
84
91
95
93
90
86
79
72
64
52
40
28
12
-5
-22
-35
-43
-54
-61
-66
-67
-64
-60
-47
-31
-14
4
22
35
42
48
55
65
72
78
71
59
50
45
41
42
47
44
36
23
10
1
4
16
25
26
26
31
29
27
32
37
43
51
59
68
75
84
86
87
91
94
88
76
64
45
25
3
-20
-39
-60
-88
-120
-147
-169
-189
-206
-218
-229
-236
-237
-228
-211
-192
-173
-154
-132
-111
-87
-57
-29
-10
6
27
45
65
84
97
103
105
106
106
101
93
80
62
44
34
25
16
9
-3
-16
-27
-31
-32
-33
-34
-31
-29
-23
-13
-3
15
37
56
73
89
104
113
117
117
121
125
124
119
107
89
72
57
45
30
10
-9
-26
-41
-47
-49
-53
-56
-57
-57
-50
-41
-26
-8
7
20
27
31
38
46
58
64
61
53
45
35
22
11
-2
-14
-26
-36
-42
-49
-56
-68
-79
-85
-87
-92
-92
-91
-95
-93
-84
-77
-76
-75
-65
-51
-37
-19
-2
4
5
8
7
10
10
3
-3
-4
-8
-15
-21
-25
-32
-37
-34
-29
-22
-14
-10
-7
-3
3
8
20
37
49
58
62
70
79
89
101
106
108
106
104
101
96
87
76
65
54
42
29
15
-8
-27
-38
-48
-57
-63
-68
-74
-74
-70
-60
-47
-31
-19
-5
5
17
28
39
53
62
67
70
73
74
67
61
58
54
48
40
33
31
26
18
7
-1
-6
-13
-16
-21
-29
-41
-51
-58
-66
-77
-88
-100
-105
-104
-99
-95
-95
-96
-95
-92
-88
-80
-67
-56
-55
-56
-55
-50
-45
-38
-28
-24
-23
-17
-8
2
11
14
14
20
28
36
45
47
49
50
51
52
51
41
31
25
19
12
6
5
2
-4
-14
-18
-15
-13
-8
-2
0
0
3
8
15
19
24
32
32
31
32
31
32
33
37
46
54
61
59
55
59
70
85
99
107
108
108
106
104
107
110
105
97
90
78
67
57
52
46
35
25
18
13
13
10
7
3
0
-4
-15
-29
-45
-60
-73
-83
-93
-105
-120
-130
-134
-139
-139
-138
-136
-136
-135
-126
-117
-111
-104
-99
-94
-91
-88
-86
-85
-81
-78
-77
-76
-72
-69
-66
-61
-60
-56
-48
-43
-39
-31
-25
-28
-30
-26
-17
-8
-1
4
10
16
18
25
33
42
51
60
67
71
78
86
93
97
100
106
109
114
112
108
105
104
103
99
95
94
92
87
84
84
86
88
90
95
98
100
102
106
107
105
106
102
93
85
80
75
67
54
42
29
17
7
-7
-19
-28
-37
-46
-57
-70
-86
-100
-105
-107
-109
-118
-125
-128
-133
-136
-133
-130
-126
-129
-129
-128
-126
-123
-117
-111
-107
-108
-108
-106
-105
-106
-105
-101
-101
-103
-96
-85
-78
-74
-65
-55
-47
-35
-20
-6
7
16
28
39
46
53
61
71
81
86
88
85
81
82
80
77
77
82
85
85
87
89
94
98
102
100
102
101
99
98
97
99
99
98
97
96
94
95
93
92
97
98
96
90
83
77
71
63
54
39
26
19
12
0
-15
-32
-40
-46
-54
-65
-72
-79
-85
-86
-86
-88
-93
-95
-95
-94
-91
-93
-96
-96
-96
-97
-97
-96
-95
-94
-96
-96
-99
-103
-104
-108
-109
-109
-105
-103
-104
-103
-102
-100
-97
-84
-72
-61
-55
-49
-39
-31
-23
-14
-5
4
13
21
29
36
41
47
54
60
71
78
84
89
94
96
94
96
102
107
108
109
110
110
108
105
102
101
103
104
103
101
103
103
103
102
102
101
102
101
100
98
93
84
75
71
65
58
53
46
37
28
16
9
3
-3
-9
-19
-28
-33
-33
-35
-40
-44
-50
-55
-57
-60
-64
-72
-82
-95
-102
-110
-116
-118
-127
-136
-140
-145
-146
-149
-150
-150
-149
-146
-140
-136
-133
-129
-125
-124
-123
-119
-113
-107
-99
-91
-83
-75
-68
-58
-46
-33
-19
-3
12
20
29
41
52
62
71
78
85
89
93
97
99
102
103
102
107
112
114
119
122
121
120
126
129
128
127
124
119
115
110
105
100
92
84
79
76
70
63
61
59
57
54
52
53
53
53
50
46
42
39
38
35
30
24
19
8
0
-9
-14
-20
-28
-36
-47
-53
-61
-72
-82
-91
-97
-105
-112
-121
-132
-138
-141
-142
-141
-144
-144
-142
-140
-141
-140
-138
-137
-136
-130
-122
-116
-109
-104
-102
-92
-81
-72
-62
-54
-49
-46
-38
-24
-9
0
10
21
27
32
37
44
50
57
63
70
76
82
87
91
97
102
105
107
110
111
111
115
118
121
124
123
124
122
119
119
122
122
116
109
104
99
95
91
90
89
81
76
72
68
68
62
51
44
39
34
32
26
18
7
-3
-13
-21
-28
-36
-47
-56
-66
-73
-82
-88
-94
-101
-105
-108
-113
-118
-123
-129
-137
-142
-146
-146
-147
-153
-154
-153
-155
-153
-148
-142
-141
-136
-133
-129
-122
-108
-96
-87
-77
-69
-55
-43
-34
-26
-22
-16
-10
-3
6
15
25
35
44
51
54
57
63
70
79
86
93
100
106
110
111
114
118
122
129
135
136
133
130
128
126
127
130
128
123
119
116
115
114
113
110
104
100
97
91
86
83
78
71
63
53
45
38
32
24
14
8
4
-3
-8
-14
-25
-32
-40
-47
-56
-60
-67
-75
-85
-95
-103
-112
-119
-124
-134
-141
-146
-149
-150
-150
-145
-147
-149
-147
-144
-142
-138
-135
-127
-123
-123
-120
-112
-105
-97
-89
-83
-78
-76
-70
-62
-56
-46
-35
-26
-19
-12
-3
5
13
24
35
44
55
63
70
75
80
88
96
104
111
117
123
124
122
124
126
129
130
136
136
133
132
135
138
137
136
135
131
126
122
117
113
103
98
96
92
91
89
86
79
72
67
60
55
48
39
30
21
14
7
-8
-20
-31
-45
-61
-73
-81
-91
-96
-101
-109
-118
-126
-134
-142
-147
-155
-160
-164
-169
-174
-179
-183
-185
-184
-182
-177
-175
-171
-168
-166
-161
-153
-144
-137
-132
-120
-111
-104
-96
-90
-80
-68
-54
-40
-28
-15
-1
14
28
45
65
78
89
103
118
132
144
154
160
164
167
171
173
169
170
170
173
170
164
161
156
156
157
155
154
152
146
145
142
140
135
127
123
114
105
97
92
86
76
64
55
46
34
23
11
2
-5
-14
-25
-36
-46
-56
-63
-71
-78
-86
-93
-98
-105
-114
-122
-127
-133
-138
-140
-143
-147
-152
-152
-153
-153
-153
-153
-154
-152
-151
-154
-156
-158
-157
-153
-151
-147
-143
-136
-131
-123
-111
-102
-91
-76
-62
-50
-35
-19
-5
13
31
46
55
68
79
91
104
113
122
127
127
129
135
139
139
142
147
150
152
151
150
151
149
149
145
140
136
131
125
118
115
114
110
104
96
87
77
70
64
55
48
40
29
19
6
-6
-16
-24
-35
-43
-51
-59
-65
-70
-71
-76
-78
-80
-79
-76
-74
-74
-75
-74
-75
-77
-79
-82
-83
-81
-81
-79
-79
-81
-83
-83
-82
-81
-82
-84
-85
-87
-89
-90
-91
-90
-86
-87
-89
-90
-86
-82
-76
-68
-57
-46
-37
-28
-16
-6
5
19
34
43
52
62
71
77
84
93
98
103
106
108
107
106
105
106
106
103
100
94
90
86
83
81
77
77
74
70
62
54
51
47
40
37
33
28
22
19
15
12
8
5
0
-3
-10
-13
-18
-24
-30
-33
-35
-39
-41
-43
-45
-44
-41
-40
-36
-33
-36
-36
-32
-27
-23
-22
-20
-16
-17
-17
-17
-20
-22
-24
-23
-21
-21
-23
-28
-31
-35
-38
-40
-43
-48
-49
-50
-51
-49
-48
-42
-39
-36
-33
-30
-23
-15
-9
-5
-4
1
2
5
11
16
23
31
35
35
35
36
39
41
43
46
49
48
49
46
45
43
43
42
38
37
35
33
29
28
26
24
20
18
16
10
4
-1
-7
-8
-7
-8
-9
-10
-15
-23
-27
-29
-30
-31
-32
-35
-35
-36
-37
-34
-30
-28
-27
-26
-24
-22
-20
-19
-18
-19
-16
-10
-9
-7
-5
-4
-2
-3
-3
-4
-7
-8
-10
-10
-15
-17
-16
-16
-18
-23
-24
-21
-17
-12
-12
-12
-8
-2
6
8
10
14
18
22
26
29
35
38
39
40
41
41
43
47
47
46
43
40
38
38
39
38
36
32
29
26
23
22
24
22
20
19
16
12
10
7
0
-5
-8
-9
-12
-13
-13
-13
-16
-18
-21
-27
-33
-34
-37
-39
-40
-42
-44
-45
-47
-45
-44
-41
-39
-33
-31
-31
-25
-20
-17
-15
-13
-11
-10
-8
-4
2
4
2
3
8
10
10
11
14
17
16
18
20
20
23
24
23
25
27
27
26
28
27
24
23
23
21
18
19
19
20
22
19
17
18
17
14
14
14
9
8
7
6
8
8
8
6
3
-2
-6
-9
-8
-5
-3
-2
-5
-7
-9
-11
-11
-13
-15
-19
-20
-24
-25
-28
-30
-32
-34
-38
-43
-46
-49
-49
-49
-50
-54
-54
-51
-49
-50
-48
-47
-46
-42
-37
-34
-27
-21
-19
-20
-22
-21
-18
-14
-9
-6
-2
0
2
8
13
15
19
22
26
26
25
27
30
36
39
42
44
43
43
43
45
49
54
58
56
57
59
57
57
58
60
58
55
54
50
49
45
40
41
38
35
35
36
35
29
25
21
17
15
15
16
13
13
12
10
6
3
4
2
0
-4
-8
-10
-15
-20
-25
-29
-29
-34
-40
-45
-50
-52
-55
-59
-61
-62
-65
-64
-65
-67
-67
-64
-64
-64
-62
-56
-52
-49
-45
-44
-46
-43
-37
-29
-25
-22
-20
-20
-18
-18
-16
-12
-4
-2
0
0
-1
0
6
12
17
20
21
24
27
30
33
37
37
37
37
41
44
47
50
52
56
56
55
52
47
45
43
45
43
39
35
35
34
30
27
26
24
23
23
19
15
13
10
8
5
3
2
0
-3
-5
-7
-11
-16
-20
-20
-22
-25
-29
-33
-37
-40
-40
-41
-44
-48
-50
-51
-54
-57
-56
-53
-53
-52
-51
-52
-51
-51
-50
-49
-47
-46
-41
-35
-29
-23
-20
-20
-19
-15
-13
-10
-6
-1
3
6
9
10
10
13
15
18
23
28
32
34
37
43
49
50
51
53
57
59
60
60
62
61
63
66
66
64
64
65
62
57
54
52
49
41
36
33
30
29
27
25
19
16
14
10
7
3
1
1
0
-1
-4
-8
-12
-12
-12
-11
-13
-18
-23
-29
-30
-30
-34
-36
-38
-41
-45
-48
-50
-51
-55
-55
-56
-61
-62
-58
-56
-53
-52
-53
-55
-54
-52
-51
-49
-45
-40
-37
-37
-36
-35
-32
-29
-25
-21
-17
-15
-13
-12
-9
-5
-1
3
5
10
11
13
15
18
22
28
33
34
37
40
43
45
48
51
52
54
56
57
60
61
57
55
51
47
46
46
43
40
36
30
27
26
25
22
18
16
12
9
8
4
4
4
3
1
-4
-7
-10
-11
-14
-16
-18
-21
-24
-26
-21
-21
-23
-26
-28
-31
-33
-34
-38
-39
-37
-36
-36
-37
-40
-40
-39
-36
-32
-29
-28
-28
-28
-27
-25
-22
-20
-18
-15
-14
-11
-9
-5
-5
-4
-2
-3
-1
3
4
9
11
12
14
17
20
21
23
27
29
30
32
30
32
34
35
36
34
34
37
36
36
34
32
34
30
27
28
29
26
24
24
20
16
15
15
16
15
11
8
5
4
5
5
4
1
2
-1
-2
-4
-5
-9
-12
-14
-13
-12
-14
-18
-20
-19
-18
-17
-20
-24
-27
-29
-27
-27
-27
-27
-28
-27
-29
-28
-27
-24
-23
-23
-22
-24
-23
-22
-21
-21
-21
-18
-17
-15
-13
-13
-14
-12
-11
-9
-9
-7
-7
-5
-5
-5
-5
-2
0
1
1
1
3
6
5
3
6
9
10
11
13
16
15
15
18
17
18
19
18
17
17
20
20
17
15
12
10
10
9
9
10
8
8
9
10
10
11
12
8
8
11
11
10
13
14
13
13
10
9
8
9
9
10
9
10
9
7
4
3
1
0
-3
-5
-7
-7
-7
-6
-6
-6
-6
-6
-7
-6
-5
-3
1
1
-3
-3
1
2
2
-1
-3
-4
-4
-5
-3
-5
-7
-7
-7
-10
-14
-15
-10
-10
-13
-14
-13
-11
-13
-13
-11
-11
-9
-6
-2
1
4
3
2
4
5
7
11
10
10
8
7
6
2
1
1
1
2
1
1
-2
-4
-5
-4
-1
-1
-1
-1
0
0
-1
0
-1
-2
-3
-2
-3
-2
-1
1
1
-3
-4
-5
-5
-4
-4
-4
-6
-6
-6
-6
-4
-5
-3
-5
-6
-8
-6
-2
1
2
1
3
7
9
7
5
5
6
4
5
6
4
3
6
7
4
2
0
-1
0
3
5
2
3
4
5
4
2
3
3
4
5
5
6
5
6
5
4
5
4
2
2
2
4
2
-1
1
3
3
-2
-2
-5
-7
-7
-8
-9
-8
-7
-7
-7
-7
-8
-8
-7
-8
-7
-4
-2
-1
0
-1
-2
0
1
2
0
0
-2
-5
-5
-2
0
-2
-3
-3
-4
-5
-5
-6
-4
1
2
-1
-1
-2
-1
1
0
3
7
9
8
7
7
5
8
11
10
9
9
10
10
10
9
11
10
8
6
3
3
3
5
5
1
-2
1
4
4
3
0
0
-1
-1
2
5
8
8
10
11
10
6
2
1
1
1
-3
-3
-6
-6
-9
-14
-15
-16
-17
-18
-18
-16
-19
-21
-20
-20
-19
-18
-17
-16
-15
-16
-14
-12
-13
-12
-11
-11
-10
-9
-5
-6
-8
-4
-4
-5
-7
-6
-4
-5
-2
0
1
1
1
6
10
10
9
13
14
16
17
20
19
19
21
19
20
22
24
22
20
22
20
16
15
17
19
17
14
15
16
14
13
15
16
14
13
13
11
10
8
6
6
8
7
6
3
3
4
2
-1
-7
-8
-7
-9
-11
-10
-8
-10
-15
-16
-18
-19
-18
-18
-20
-22
-20
-18
-17
-18
-20
-21
-22
-21
-18
-19
-18
-18
-19
-21
-21
-19
-18
-18
-19
-18
-16
-16
-16
-16
-14
-16
-14
-13
-12
-10
-10
-10
-10
-11
-8
-6
-5
-3
1
2
4
8
10
11
15
16
17
19
23
26
30
31
29
29
30
33
33
32
31
34
34
29
25
24
24
21
19
19
21
19
16
16
15
13
15
18
18
15
17
13
10
11
12
12
13
10
7
6
2
1
-1
-5
-10
-12
-13
-18
-21
-24
-24
-24
-27
-30
-31
-32
-32
-30
-29
-28
-28
-29
-29
-28
-25
-23
-24
-21
-21
-21
-21
-22
-21
-20
-21
-22
-21
-20
-20
-20
-22
-22
-20
-18
-18
-16
-12
-9
-8
-7
-5
1
7
9
12
16
20
22
23
25
27
27
28
32
34
34
34
35
36
33
32
33
32
31
32
31
30
29
31
30
27
25
24
24
25
26
24
20
17
16
15
12
10
6
4
1
-4
-7
-10
-12
-15
-20
-22
-23
-24
-25
-23
-21
-22
-24
-28
-28
-28
-28
-27
-29
-27
-25
-25
-26
-28
-28
-29
-30
-31
-32
-33
-33
-30
-27
-28
-26
-25
-24
-22
-19
-15
-12
-12
-10
-10
-6
-1
3
7
8
9
10
10
12
14
16
20
19
19
20
23
26
26
25
26
28
27
25
24
25
24
25
24
23
24
25
27
27
25
26
26
24
23
25
25
21
23
23
20
15
14
15
11
11
10
7
4
4
2
-1
-1
-1
-3
-6
-10
-10
-10
-16
-16
-15
-16
-19
-20
-22
-24
-25
-25
-23
-21
-22
-19
-19
-20
-19
-20
-20
-20
-18
-17
-18
-19
-21
-19
-20
-24
-25
-23
-23
-24
-25
-25
-24
-21
-17
-16
-16
-14
-12
-11
-8
-8
-6
-4
-2
1
0
2
5
5
6
9
12
13
15
16
14
13
14
18
19
19
18
17
18
19
18
20
25
25
23
22
23
26
27
28
24
21
20
19
20
19
18
17
17
19
19
16
11
9
6
6
5
2
-1
-2
0
0
-2
0
-3
-5
-6
-6
-7
-8
-8
-6
-6
-7
-10
-10
-12
-13
-13
-15
-16
-16
-18
-18
-19
-18
-18
-18
-16
-13
-12
-12
-13
-18
-18
-17
-16
-17
-15
-14
-14
-14
-12
-11
-11
-9
-9
-9
-9
-9
-7
-3
0
0
4
5
5
7
8
6
6
6
8
10
10
11
9
7
11
15
15
14
16
14
14
14
13
14
16
15
12
14
15
16
15
13
15
14
11
11
11
11
11
11
11
9
6
4
2
2
1
1
-1
-5
-6
-4
-5
-5
-4
-7
-8
-11
-13
-14
-12
-11
-9
-9
-12
-13
-15
-18
-17
-16
-15
-15
-17
-16
-16
-17
-14
-14
-16
-16
-13
-11
-11
-13
-12
-15
-14
-12
-10
-8
-7
-4
-4
-2
-1
-1
1
5
8
7
7
8
9
10
11
11
12
13
11
10
10
10
10
13
15
13
13
13
12
10
13
14
14
11
11
13
10
9
9
9
7
5
7
9
9
6
7
6
1
0
4
4
0
1
5
2
-3
-3
-3
-1
1
-1
-5
-8
-10
-9
-9
-9
-10
-9
-6
-4
-4
-2
-1
-1
-2
1
2
1
-3
-5
-5
-4
-3
-6
-6
-8
-8
-7
-10
-11
-9
-7
-5
-3
-1
-1
1
1
5
7
6
3
2
0
-1
2
2
2
0
0
-1
1
2
5
5
4
4
2
0
-3
-3
0
0
0
-2
-3
-4
-5
-6
-8
-12
-11
-9
-7
-9
-11
-10
-9
-3
2
1
0
1
0
2
2
1
1
-1
-2
-3
-5
-8
-7
-3
0
2
2
4
4
3
1
1
1
3
3
5
4
2
5
9
11
10
10
8
7
6
8
8
9
11
12
11
8
5
6
6
4
1
-1
-1
2
2
2
1
1
-1
-1
0
3
1
1
0
2
4
3
2
3
2
-1
-2
-2
-2
-3
-4
-4
-3
-5
-8
-9
-7
-5
-6
-6
-5
-1
-3
-1
0
0
1
-1
-2
-4
-4
-2
-1
-1
-1
-3
-4
-2
-2
-1
0
-2
-4
-3
-1
-1
-2
-4
-3
-2
-3
0
1
1
1
2
2
2
6
8
7
4
2
1
2
5
6
3
2
1
0
0
0
1
0
-2
-2
0
0
-1
0
2
2
0
-1
2
5
5
3
3
2
3
1
0
1
2
0
-2
-2
-1
1
-1
-3
-6
-7
-7
-7
-9
-7
-6
-6
-5
-5
-5
-4
-1
-1
-2
-2
-2
-4
-4
-4
-4
-3
-5
-8
-7
-4
-5
-4
-5
-5
-4
-3
-3
-5
-5
-3
-1
-2
-1
-1
0
2
4
5
3
2
6
6
6
8
8
10
7
7
8
8
8
9
8
5
4
3
2
4
3
3
2
2
3
3
4
4
6
7
4
3
2
4
7
8
8
8
6
6
8
9
7
8
7
8
8
8
7
4
4
5
6
5
3
2
1
3
-2
-2
-2
-1
-3
-6
-8
-8
-9
-10
-10
-10
-11
-10
-10
-6
-6
-8
-7
-8
-9
-9
-8
-8
-9
-11
-11
-10
-10
-14
-12
-15
-17
-14
-10
-10
-11
-11
-11
-10
-11
-8
-4
-3
-5
-5
-5
-4
-3
-1
-1
-4
-4
0
3
4
5
4
4
5
5
8
8
6
8
9
10
11
11
10
9
9
9
9
10
9
7
9
9
9
12
11
14
16
15
13
12
11
11
11
11
9
7
7
8
6
4
3
3
1
-1
-1
-1
-2
1
3
0
-2
-2
-2
-1
-3
-5
-5
-5
-6
-10
-10
-10
-11
-11
-13
-13
-15
-17
-17
-15
-14
-11
-10
-11
-13
-10
-9
-7
-7
-8
-9
-9
-7
-7
-6
-5
-5
-5
-6
-5
-3
-2
1
3
1
3
2
3
5
5
8
10
8
6
8
9
9
8
5
7
11
11
14
14
10
11
12
